  0.20335618E+002
  0.20324940E+002
  0.20315698E+002
  0.20307737E+002
  0.20300897E+002
  0.20295032E+002
  0.20290007E+002
  0.20285703E+002
  0.20282019E+002
  0.20278864E+002
  0.20276163E+002
  0.20273849E+002
  0.20271866E+002
  0.20270166E+002
  0.20268708E+002
  0.20267458E+002
  0.20266384E+002
  0.20265462E+002
  0.20264670E+002
  0.20263988E+002
  0.20263403E+002
  0.20262898E+002
  0.20262464E+002
  0.20262089E+002
  0.20261765E+002
  0.20261485E+002
  0.20261243E+002
  0.20261032E+002
  0.20260848E+002
  0.20260687E+002
  0.20260546E+002
  0.20260421E+002
  0.20260310E+002
  0.20260211E+002
  0.20260122E+002
  0.20260042E+002
  0.20259970E+002
  0.20259904E+002
  0.20259846E+002
  0.20259793E+002
  0.20259745E+002
  0.20259704E+002
  0.20259668E+002
  0.20259638E+002
  0.20259615E+002
  0.20259598E+002
  0.20259589E+002
  0.20259587E+002
  0.20259593E+002
  0.20259608E+002
  0.20259632E+002
  0.20259666E+002
  0.20259710E+002
  0.20259765E+002
  0.20259831E+002
  0.20259909E+002
  0.20259999E+002
  0.20260101E+002
  0.20260216E+002
  0.20260344E+002
  0.20260485E+002
  0.20260640E+002
  0.20260808E+002
  0.20260990E+002
  0.20261186E+002
  0.20261396E+002
  0.20261621E+002
  0.20261860E+002
  0.20262114E+002
  0.20262382E+002
  0.20262666E+002
  0.20262965E+002
  0.20263280E+002
  0.20263610E+002
  0.20263957E+002
  0.20264320E+002
  0.20264699E+002
  0.20265094E+002
  0.20265507E+002
  0.20265936E+002
  0.20266382E+002
  0.20266844E+002
  0.20267323E+002
  0.20267818E+002
  0.20268329E+002
  0.20268856E+002
  0.20269398E+002
  0.20269954E+002
  0.20270525E+002
  0.20271110E+002
  0.20271707E+002
  0.20272317E+002
  0.20272938E+002
  0.20273571E+002
  0.20274213E+002
  0.20274865E+002
  0.20275525E+002
  0.20276194E+002
  0.20276869E+002
  0.20277551E+002
  0.20278238E+002
  0.20278930E+002
  0.20279626E+002
  0.20280326E+002
  0.20281028E+002
  0.20281732E+002
  0.20282438E+002
  0.20283144E+002
  0.20283851E+002
  0.20284557E+002
  0.20285263E+002
  0.20285967E+002
  0.20286669E+002
  0.20287370E+002
  0.20288067E+002
  0.20288762E+002
  0.20289453E+002
  0.20290141E+002
  0.20290825E+002
  0.20291505E+002
  0.20292181E+002
  0.20292853E+002
  0.20293520E+002
  0.20294183E+002
  0.20294841E+002
  0.20295494E+002
  0.20296143E+002
  0.20296788E+002
  0.20297427E+002
  0.20298063E+002
  0.20298694E+002
  0.20299321E+002
  0.20299943E+002
  0.20300562E+002
  0.20301177E+002
  0.20301788E+002
  0.20302396E+002
  0.20303000E+002
  0.20303601E+002
  0.20304198E+002
  0.20304793E+002
  0.20305385E+002
  0.20305974E+002
  0.20306561E+002
  0.20307145E+002
  0.20307726E+002
  0.20308305E+002
  0.20308882E+002
  0.20309457E+002
  0.20310029E+002
  0.20310599E+002
  0.20311166E+002
  0.20311731E+002
  0.20312294E+002
  0.20312854E+002
  0.20313411E+002
  0.20313966E+002
  0.20314517E+002
  0.20315066E+002
  0.20315612E+002
  0.20316154E+002
  0.20316692E+002
  0.20317227E+002
  0.20317757E+002
  0.20318283E+002
  0.20318805E+002
  0.20319321E+002
  0.20319833E+002
  0.20320339E+002
  0.20320839E+002
  0.20321334E+002
  0.20321822E+002
  0.20322304E+002
  0.20322778E+002
  0.20323245E+002
  0.20323705E+002
  0.20324156E+002
  0.20324599E+002
  0.20325034E+002
  0.20325459E+002
  0.20325875E+002
  0.20326281E+002
  0.20326676E+002
  0.20327061E+002
  0.20327434E+002
  0.20327795E+002
  0.20328145E+002
  0.20328480E+002
  0.20328802E+002
  0.20329109E+002
  0.20329400E+002
  0.20329675E+002
  0.20329931E+002
  0.20330173E+002
  0.20330401E+002
  0.20330620E+002
  0.20330825E+002
  0.20330994E+002
  0.20331085E+002
  0.20331294E+002
