  0.14321395E+001  0.75013357E+000  0.57998616E+001  0.73360348E+002
  0.14186813E+001  0.70966711E+000  0.57980184E+001  0.73373404E+002
  0.14074398E+001  0.70019257E+000  0.57694058E+001  0.73385765E+002
  0.13974260E+001  0.70788337E+000  0.56194458E+001  0.73506201E+002
  0.13949091E+001  0.68926985E+000  0.56048789E+001  0.73514541E+002
  0.13932909E+001  0.68317470E+000  0.56115811E+001  0.73492091E+002
  0.13849661E+001  0.68775905E+000  0.56123522E+001  0.73474959E+002
  0.13826884E+001  0.68603549E+000  0.56148528E+001  0.73459246E+002
  0.13022208E+001  0.76477122E+000  0.56143876E+001  0.73446705E+002
  0.12774701E+001  0.78898940E+000  0.56119082E+001  0.73437099E+002
  0.12751961E+001  0.79055303E+000  0.56122579E+001  0.73426654E+002
  0.12738168E+001  0.79038831E+000  0.56097643E+001  0.73421436E+002
  0.12707622E+001  0.79108582E+000  0.56093248E+001  0.73416301E+002
  0.12671797E+001  0.79076002E+000  0.56120319E+001  0.73410703E+002
  0.12644654E+001  0.79307117E+000  0.56122369E+001  0.73405069E+002
  0.12607871E+001  0.79657785E+000  0.56100453E+001  0.73402429E+002
  0.12575672E+001  0.79964698E+000  0.56018117E+001  0.73406519E+002
  0.12575104E+001  0.79964875E+000  0.56014535E+001  0.73403244E+002
  0.12571910E+001  0.79897461E+000  0.55038114E+001  0.73498711E+002
  0.12571052E+001  0.79884707E+000  0.55037442E+001  0.73496267E+002
  0.12570886E+001  0.79873076E+000  0.55036134E+001  0.73494187E+002
  0.12570022E+001  0.79881877E+000  0.54770848E+001  0.73518696E+002
  0.12541188E+001  0.81320328E+000  0.53889286E+001  0.73517125E+002
  0.12535501E+001  0.80208620E+000  0.54771138E+001  0.73515615E+002
  0.12534144E+001  0.80214046E+000  0.54772042E+001  0.73514311E+002
  0.12533647E+001  0.80158002E+000  0.54775508E+001  0.73513455E+002
  0.12533643E+001  0.80158568E+000  0.54775494E+001  0.73512481E+002
  0.12533653E+001  0.79986420E+000  0.54792736E+001  0.73511633E+002
  0.12533668E+001  0.79988127E+000  0.54792560E+001  0.73510897E+002
  0.12533686E+001  0.79964552E+000  0.54794885E+001  0.73510254E+002
  0.12533707E+001  0.79966461E+000  0.54794638E+001  0.73509692E+002
  0.12531506E+001  0.79990718E+000  0.54794363E+001  0.73509197E+002
  0.12531534E+001  0.79992790E+000  0.54794064E+001  0.73508760E+002
  0.12531565E+001  0.79994935E+000  0.54793744E+001  0.73508371E+002
  0.12531598E+001  0.79997148E+000  0.54793406E+001  0.73508024E+002
  0.12531634E+001  0.79999426E+000  0.54793053E+001  0.73507714E+002
  0.12531673E+001  0.80001766E+000  0.54792687E+001  0.73507434E+002
  0.12531714E+001  0.79998983E+000  0.54792829E+001  0.73507183E+002
  0.12531758E+001  0.80001440E+000  0.54792444E+001  0.73506957E+002
  0.12531805E+001  0.80003953E+000  0.54792052E+001  0.73506754E+002
  0.12531854E+001  0.80006523E+000  0.54791655E+001  0.73506574E+002
  0.12531907E+001  0.80009148E+000  0.54791253E+001  0.73506417E+002
  0.12531962E+001  0.80011829E+000  0.54790849E+001  0.73506282E+002
  0.12532021E+001  0.80014565E+000  0.54790443E+001  0.73506171E+002
  0.12532083E+001  0.80017670E+000  0.54790006E+001  0.73506084E+002
  0.12532149E+001  0.80020517E+000  0.54789602E+001  0.73506022E+002
  0.12532219E+001  0.80023418E+000  0.54789200E+001  0.73505988E+002
  0.12532293E+001  0.80026374E+000  0.54788803E+001  0.73505983E+002
  0.12532371E+001  0.80029383E+000  0.54788411E+001  0.73506010E+002
  0.12532453E+001  0.80032447E+000  0.54788026E+001  0.73506069E+002
  0.12532541E+001  0.80035556E+000  0.54787651E+001  0.73506163E+002
  0.12532633E+001  0.80038710E+000  0.54787287E+001  0.73506295E+002
  0.12532731E+001  0.80041906E+000  0.54786935E+001  0.73506465E+002
  0.12532835E+001  0.80045145E+000  0.54786598E+001  0.73506675E+002
  0.12532944E+001  0.80048423E+000  0.54786277E+001  0.73506928E+002
  0.12533060E+001  0.80051738E+000  0.54785974E+001  0.73507225E+002
  0.12533181E+001  0.80055089E+000  0.54785691E+001  0.73507567E+002
  0.12533310E+001  0.80058474E+000  0.54785429E+001  0.73507956E+002
  0.12533444E+001  0.80061890E+000  0.54785192E+001  0.73508391E+002
  0.12533585E+001  0.80065334E+000  0.54784980E+001  0.73508876E+002
  0.12533107E+001  0.80075076E+000  0.54784796E+001  0.73509409E+002
  0.12532998E+001  0.80081206E+000  0.54784642E+001  0.73509993E+002
  0.12533153E+001  0.80084788E+000  0.54784519E+001  0.73510627E+002
  0.12533322E+001  0.80088325E+000  0.54784430E+001  0.73511312E+002
  0.12533497E+001  0.80091879E+000  0.54784376E+001  0.73512048E+002
  0.12533680E+001  0.80095448E+000  0.54784360E+001  0.73512837E+002
  0.12533869E+001  0.80099028E+000  0.54784383E+001  0.73513678E+002
  0.12533998E+001  0.80103289E+000  0.54784447E+001  0.73514572E+002
  0.12534200E+001  0.80106884E+000  0.54784554E+001  0.73515520E+002
  0.12534409E+001  0.80110483E+000  0.54784705E+001  0.73516523E+002
  0.12534624E+001  0.80114080E+000  0.54784902E+001  0.73517580E+002
  0.12534846E+001  0.80117674E+000  0.54785147E+001  0.73518694E+002
  0.12535073E+001  0.80121261E+000  0.54785441E+001  0.73519865E+002
  0.12535305E+001  0.80124836E+000  0.54785785E+001  0.73521093E+002
  0.12535543E+001  0.80128396E+000  0.54786179E+001  0.73522380E+002
  0.12535786E+001  0.80131937E+000  0.54786625E+001  0.73523727E+002
  0.12536033E+001  0.80135456E+000  0.54787123E+001  0.73525134E+002
  0.12536284E+001  0.80138948E+000  0.54787674E+001  0.73526602E+002
  0.12536462E+001  0.80143182E+000  0.54788276E+001  0.73528131E+002
  0.12536721E+001  0.80146610E+000  0.54788930E+001  0.73529722E+002
  0.12536982E+001  0.80150001E+000  0.54789636E+001  0.73531374E+002
  0.12537246E+001  0.80153351E+000  0.54790392E+001  0.73533088E+002
  0.12537512E+001  0.80156658E+000  0.54791197E+001  0.73534864E+002
  0.12537779E+001  0.80159919E+000  0.54792050E+001  0.73536700E+002
  0.12538047E+001  0.80163132E+000  0.54792950E+001  0.73538595E+002
  0.12538316E+001  0.80166295E+000  0.54793895E+001  0.73540549E+002
  0.12538584E+001  0.80169405E+000  0.54794882E+001  0.73542560E+002
  0.12538852E+001  0.80169597E+000  0.54796197E+001  0.73544626E+002
  0.12539120E+001  0.80172598E+000  0.54797264E+001  0.73546746E+002
  0.12539385E+001  0.80175542E+000  0.54798367E+001  0.73548917E+002
  0.12539649E+001  0.80178428E+000  0.54799504E+001  0.73551138E+002
  0.12539910E+001  0.80181255E+000  0.54800673E+001  0.73553406E+002
  0.12540168E+001  0.80184022E+000  0.54801869E+001  0.73555718E+002
  0.12540423E+001  0.80186729E+000  0.54803091E+001  0.73558073E+002
  0.12540675E+001  0.80189375E+000  0.54804337E+001  0.73560467E+002
  0.12540922E+001  0.80191960E+000  0.54805602E+001  0.73562897E+002
  0.12541164E+001  0.80194482E+000  0.54806884E+001  0.73565361E+002
  0.12541402E+001  0.80196942E+000  0.54808180E+001  0.73567857E+002
  0.12541634E+001  0.80199339E+000  0.54809487E+001  0.73570380E+002
  0.12541861E+001  0.80201672E+000  0.54810802E+001  0.73572930E+002
  0.12542081E+001  0.80203942E+000  0.54812123E+001  0.73575502E+002
  0.12542296E+001  0.80206148E+000  0.54813445E+001  0.73578095E+002
  0.12542504E+001  0.80208289E+000  0.54814768E+001  0.73580705E+002
  0.12542706E+001  0.80210366E+000  0.54816087E+001  0.73583330E+002
  0.12542901E+001  0.80212378E+000  0.54817400E+001  0.73585968E+002
  0.12543089E+001  0.80214326E+000  0.54818704E+001  0.73588616E+002
  0.12543270E+001  0.80216208E+000  0.54819997E+001  0.73591272E+002
  0.12543444E+001  0.80218025E+000  0.54821277E+001  0.73593934E+002
  0.12543611E+001  0.80219776E+000  0.54822541E+001  0.73596600E+002
  0.12543771E+001  0.80221462E+000  0.54823787E+001  0.73599268E+002
  0.12543923E+001  0.80223082E+000  0.54825013E+001  0.73601936E+002
  0.12544069E+001  0.80224636E+000  0.54826218E+001  0.73604602E+002
  0.12544207E+001  0.80226124E+000  0.54827399E+001  0.73607265E+002
  0.12544338E+001  0.80227547E+000  0.54828554E+001  0.73609922E+002
  0.12544462E+001  0.80228904E+000  0.54829683E+001  0.73612574E+002
  0.12544579E+001  0.80230195E+000  0.54830785E+001  0.73615218E+002
  0.12544690E+001  0.80231422E+000  0.54831857E+001  0.73617853E+002
  0.12544793E+001  0.80235447E+000  0.54832613E+001  0.73620479E+002
  0.12544891E+001  0.80236544E+000  0.54833624E+001  0.73623093E+002
  0.12544982E+001  0.80237577E+000  0.54834604E+001  0.73625696E+002
  0.12545067E+001  0.80238548E+000  0.54835552E+001  0.73628287E+002
  0.12545146E+001  0.80239456E+000  0.54836467E+001  0.73630865E+002
  0.12545220E+001  0.80240303E+000  0.54837349E+001  0.73633430E+002
  0.12545288E+001  0.80241090E+000  0.54838198E+001  0.73635981E+002
  0.12545350E+001  0.80241819E+000  0.54839014E+001  0.73638518E+002
  0.12545408E+001  0.80242490E+000  0.54839797E+001  0.73641041E+002
  0.12545462E+001  0.80243107E+000  0.54840547E+001  0.73643550E+002
  0.12545510E+001  0.80243669E+000  0.54841264E+001  0.73646046E+002
  0.12545555E+001  0.80244180E+000  0.54841949E+001  0.73648527E+002
  0.12545595E+001  0.80244642E+000  0.54842601E+001  0.73650995E+002
  0.12545631E+001  0.80245056E+000  0.54843222E+001  0.73653449E+002
  0.12545664E+001  0.80245425E+000  0.54843811E+001  0.73655890E+002
  0.12545694E+001  0.80245751E+000  0.54844370E+001  0.73658319E+002
  0.12545720E+001  0.80246038E+000  0.54844899E+001  0.73660735E+002
  0.12545744E+001  0.80246287E+000  0.54845398E+001  0.73663140E+002
  0.12545765E+001  0.80246502E+000  0.54845869E+001  0.73665533E+002
  0.12545783E+001  0.80246685E+000  0.54846312E+001  0.73667915E+002
  0.12545798E+001  0.80246838E+000  0.54846728E+001  0.73670287E+002
  0.12545812E+001  0.80246965E+000  0.54847118E+001  0.73672649E+002
  0.12545823E+001  0.80247068E+000  0.54847483E+001  0.73675001E+002
  0.12545832E+001  0.80247150E+000  0.54847823E+001  0.73677345E+002
  0.12545840E+001  0.80247213E+000  0.54848139E+001  0.73679679E+002
  0.12545845E+001  0.80247260E+000  0.54848433E+001  0.73682006E+002
  0.12545849E+001  0.80247293E+000  0.54848705E+001  0.73684324E+002
  0.12545852E+001  0.80247315E+000  0.54848957E+001  0.73686634E+002
  0.12545853E+001  0.80247327E+000  0.54849188E+001  0.73688937E+002
  0.12545853E+001  0.80247332E+000  0.54849401E+001  0.73691232E+002
  0.12545852E+001  0.80247331E+000  0.54849596E+001  0.73693520E+002
  0.12545849E+001  0.80247326E+000  0.54849773E+001  0.73695800E+002
  0.12545846E+001  0.80247319E+000  0.54849935E+001  0.73698073E+002
  0.12545841E+001  0.80247310E+000  0.54850082E+001  0.73700338E+002
  0.12545836E+001  0.80247301E+000  0.54850214E+001  0.73702595E+002
  0.12545829E+001  0.80247293E+000  0.54850333E+001  0.73704844E+002
  0.12545822E+001  0.80247285E+000  0.54850440E+001  0.73707085E+002
  0.12545814E+001  0.80247280E+000  0.54850535E+001  0.73709316E+002
  0.12545805E+001  0.80247276E+000  0.54850620E+001  0.73711538E+002
  0.12545796E+001  0.80247275E+000  0.54850694E+001  0.73713750E+002
  0.12545785E+001  0.80247276E+000  0.54850759E+001  0.73715952E+002
  0.12545774E+001  0.80247278E+000  0.54850816E+001  0.73718142E+002
  0.12545763E+001  0.80247281E+000  0.54850865E+001  0.73720320E+002
  0.12545751E+001  0.80247286E+000  0.54850906E+001  0.73722485E+002
  0.12545738E+001  0.80247290E+000  0.54850941E+001  0.73724636E+002
  0.12545724E+001  0.80247293E+000  0.54850969E+001  0.73726773E+002
  0.12545710E+001  0.80247294E+000  0.54850991E+001  0.73728894E+002
  0.12545695E+001  0.80247292E+000  0.54851008E+001  0.73730998E+002
  0.12545680E+001  0.80247286E+000  0.54851019E+001  0.73733085E+002
  0.12545663E+001  0.80247274E+000  0.54851024E+001  0.73735153E+002
  0.12545646E+001  0.80247254E+000  0.54851025E+001  0.73737201E+002
  0.12545628E+001  0.80247225E+000  0.54851020E+001  0.73739228E+002
  0.12545608E+001  0.80247186E+000  0.54851009E+001  0.73741233E+002
  0.12545588E+001  0.80247135E+000  0.54850993E+001  0.73743215E+002
  0.12545566E+001  0.80247069E+000  0.54850971E+001  0.73745173E+002
  0.12545542E+001  0.80246987E+000  0.54850942E+001  0.73747105E+002
  0.12545517E+001  0.80246887E+000  0.54850906E+001  0.73749010E+002
  0.12545490E+001  0.80246767E+000  0.54850863E+001  0.73750887E+002
  0.12545461E+001  0.80246624E+000  0.54850811E+001  0.73752735E+002
  0.12545429E+001  0.80246456E+000  0.54850750E+001  0.73754552E+002
  0.12545395E+001  0.80246262E+000  0.54850679E+001  0.73756337E+002
  0.12545359E+001  0.80246037E+000  0.54850596E+001  0.73758089E+002
  0.12545318E+001  0.80245781E+000  0.54850501E+001  0.73759806E+002
  0.12545275E+001  0.80245491E+000  0.54850391E+001  0.73761487E+002
  0.12545227E+001  0.80245163E+000  0.54850266E+001  0.73763131E+002
  0.12545175E+001  0.80244795E+000  0.54850124E+001  0.73764736E+002
  0.12545119E+001  0.80244384E+000  0.54849963E+001  0.73766300E+002
  0.12545057E+001  0.80243927E+000  0.54849781E+001  0.73767822E+002
  0.12544989E+001  0.80243421E+000  0.54849576E+001  0.73769300E+002
  0.12544916E+001  0.80242862E+000  0.54849346E+001  0.73770732E+002
  0.12544835E+001  0.80242247E+000  0.54849089E+001  0.73772116E+002
  0.12544748E+001  0.80241572E+000  0.54848802E+001  0.73773448E+002
  0.12544652E+001  0.80240834E+000  0.54848483E+001  0.73774725E+002
  0.12544548E+001  0.80240029E+000  0.54848129E+001  0.73775943E+002
  0.12544435E+001  0.80239157E+000  0.54847739E+001  0.73777099E+002
  0.12544313E+001  0.80238217E+000  0.54847311E+001  0.73778191E+002
  0.12544181E+001  0.80237214E+000  0.54846845E+001  0.73779224E+002
  0.12544039E+001  0.80236143E+000  0.54846337E+001  0.73780213E+002
  0.12543885E+001  0.80235004E+000  0.54845786E+001  0.73781172E+002
  0.12543716E+001  0.80233722E+000  0.54845178E+001  0.73782083E+002
  0.12543531E+001  0.80232284E+000  0.54844516E+001  0.73782857E+002
  0.12543323E+001  0.80230549E+000  0.54843826E+001  0.73783329E+002
  0.12543133E+001  0.80226489E+000  0.54843419E+001  0.73784265E+002
