  0.69164118E-001
  0.69183706E-001
  0.69173224E-001
  0.69153148E-001
  0.69130150E-001
  0.69106952E-001
  0.69084765E-001
  0.69064139E-001
  0.69045350E-001
  0.69028403E-001
  0.69013554E-001
  0.69000639E-001
  0.68989465E-001
  0.68979841E-001
  0.68971592E-001
  0.68964551E-001
  0.68958571E-001
  0.68953517E-001
  0.68949272E-001
  0.68945728E-001
  0.68942793E-001
  0.68940383E-001
  0.68938427E-001
  0.68936859E-001
  0.68935623E-001
  0.68934669E-001
  0.68933955E-001
  0.68933441E-001
  0.68933094E-001
  0.68932885E-001
  0.68932790E-001
  0.68932786E-001
  0.68932856E-001
  0.68932984E-001
  0.68933157E-001
  0.68933367E-001
  0.68933604E-001
  0.68933862E-001
  0.68934139E-001
  0.68934430E-001
  0.68934735E-001
  0.68935053E-001
  0.68935386E-001
  0.68935733E-001
  0.68936098E-001
  0.68936482E-001
  0.68936888E-001
  0.68937318E-001
  0.68937775E-001
  0.68938261E-001
  0.68938778E-001
  0.68939329E-001
  0.68939915E-001
  0.68940538E-001
  0.68941199E-001
  0.68941899E-001
  0.68942638E-001
  0.68943417E-001
  0.68944235E-001
  0.68945094E-001
  0.68945992E-001
  0.68946929E-001
  0.68947904E-001
  0.68948918E-001
  0.68949970E-001
  0.68951059E-001
  0.68952186E-001
  0.68953350E-001
  0.68954552E-001
  0.68955792E-001
  0.68957071E-001
  0.68958390E-001
  0.68959750E-001
  0.68961152E-001
  0.68962599E-001
  0.68964091E-001
  0.68965631E-001
  0.68967220E-001
  0.68968858E-001
  0.68970549E-001
  0.68972292E-001
  0.68974089E-001
  0.68975940E-001
  0.68977845E-001
  0.68979804E-001
  0.68981816E-001
  0.68983880E-001
  0.68985995E-001
  0.68988160E-001
  0.68990373E-001
  0.68992631E-001
  0.68994933E-001
  0.68997275E-001
  0.68999655E-001
  0.69002070E-001
  0.69004517E-001
  0.69006993E-001
  0.69009496E-001
  0.69012022E-001
  0.69014568E-001
  0.69017131E-001
  0.69019709E-001
  0.69022299E-001
  0.69024898E-001
  0.69027504E-001
  0.69030113E-001
  0.69032725E-001
  0.69035336E-001
  0.69037945E-001
  0.69040550E-001
  0.69043148E-001
  0.69045739E-001
  0.69048320E-001
  0.69050891E-001
  0.69053449E-001
  0.69055995E-001
  0.69058526E-001
  0.69061042E-001
  0.69063542E-001
  0.69066025E-001
  0.69068491E-001
  0.69070940E-001
  0.69073371E-001
  0.69075785E-001
  0.69078180E-001
  0.69080558E-001
  0.69082918E-001
  0.69085261E-001
  0.69087588E-001
  0.69089898E-001
  0.69092192E-001
  0.69094471E-001
  0.69096736E-001
  0.69098987E-001
  0.69101225E-001
  0.69103450E-001
  0.69105664E-001
  0.69107868E-001
  0.69110061E-001
  0.69112245E-001
  0.69114421E-001
  0.69116589E-001
  0.69118749E-001
  0.69120903E-001
  0.69123051E-001
  0.69125193E-001
  0.69127330E-001
  0.69129462E-001
  0.69131589E-001
  0.69133712E-001
  0.69135830E-001
  0.69137944E-001
  0.69140054E-001
  0.69142159E-001
  0.69144259E-001
  0.69146354E-001
  0.69148444E-001
  0.69150527E-001
  0.69152604E-001
  0.69154674E-001
  0.69156737E-001
  0.69158791E-001
  0.69160835E-001
  0.69162869E-001
  0.69164893E-001
  0.69166904E-001
  0.69168903E-001
  0.69170887E-001
  0.69172857E-001
  0.69174810E-001
  0.69176747E-001
  0.69178664E-001
  0.69180563E-001
  0.69182440E-001
  0.69184296E-001
  0.69186129E-001
  0.69187938E-001
  0.69189721E-001
  0.69191478E-001
  0.69193208E-001
  0.69194908E-001
  0.69196579E-001
  0.69198219E-001
  0.69199826E-001
  0.69201402E-001
  0.69202943E-001
  0.69204449E-001
  0.69205919E-001
  0.69207351E-001
  0.69208744E-001
  0.69210095E-001
  0.69211406E-001
  0.69212678E-001
  0.69213925E-001
  0.69215154E-001
  0.69216406E-001
  0.69217633E-001
  0.69218931E-001
  0.69219766E-001
  0.69220253E-001
