  0.16194813E+001
  0.16178426E+001
  0.16164861E+001
  0.16153621E+001
  0.16144322E+001
  0.16136652E+001
  0.16130353E+001
  0.16125210E+001
  0.16121041E+001
  0.16117696E+001
  0.16115048E+001
  0.16112989E+001
  0.16111431E+001
  0.16110297E+001
  0.16109524E+001
  0.16109058E+001
  0.16108855E+001
  0.16108877E+001
  0.16109092E+001
  0.16109472E+001
  0.16109995E+001
  0.16110641E+001
  0.16111396E+001
  0.16112244E+001
  0.16113175E+001
  0.16114178E+001
  0.16115246E+001
  0.16116372E+001
  0.16117549E+001
  0.16118772E+001
  0.16120038E+001
  0.16121342E+001
  0.16122682E+001
  0.16124055E+001
  0.16125460E+001
  0.16126893E+001
  0.16128353E+001
  0.16129840E+001
  0.16131352E+001
  0.16132887E+001
  0.16134444E+001
  0.16136023E+001
  0.16137623E+001
  0.16139241E+001
  0.16140878E+001
  0.16142531E+001
  0.16144199E+001
  0.16145881E+001
  0.16147575E+001
  0.16149278E+001
  0.16150989E+001
  0.16152705E+001
  0.16154424E+001
  0.16156143E+001
  0.16157858E+001
  0.16159567E+001
  0.16161268E+001
  0.16162955E+001
  0.16164626E+001
  0.16166278E+001
  0.16167908E+001
  0.16169511E+001
  0.16171085E+001
  0.16172626E+001
  0.16174132E+001
  0.16175600E+001
  0.16177026E+001
  0.16178409E+001
  0.16179746E+001
  0.16181036E+001
  0.16182277E+001
  0.16183466E+001
  0.16184605E+001
  0.16185690E+001
  0.16186722E+001
  0.16187701E+001
  0.16188625E+001
  0.16189496E+001
  0.16190313E+001
  0.16191077E+001
  0.16191788E+001
  0.16192448E+001
  0.16193057E+001
  0.16193617E+001
  0.16194128E+001
  0.16194593E+001
  0.16195013E+001
  0.16195389E+001
  0.16195723E+001
  0.16196018E+001
  0.16196274E+001
  0.16196494E+001
  0.16196679E+001
  0.16196832E+001
  0.16196954E+001
  0.16197047E+001
  0.16197113E+001
  0.16197153E+001
  0.16197170E+001
  0.16197165E+001
  0.16197139E+001
  0.16197095E+001
  0.16197033E+001
  0.16196956E+001
  0.16196865E+001
  0.16196761E+001
  0.16196645E+001
  0.16196519E+001
  0.16196384E+001
  0.16196242E+001
  0.16196092E+001
  0.16195937E+001
  0.16195778E+001
  0.16195615E+001
  0.16195449E+001
  0.16195282E+001
  0.16195113E+001
  0.16194944E+001
  0.16194776E+001
  0.16194609E+001
  0.16194443E+001
  0.16194281E+001
  0.16194121E+001
  0.16193965E+001
  0.16193813E+001
  0.16193666E+001
  0.16193523E+001
  0.16193386E+001
  0.16193254E+001
  0.16193129E+001
  0.16193009E+001
  0.16192896E+001
  0.16192789E+001
  0.16192689E+001
  0.16192595E+001
  0.16192508E+001
  0.16192427E+001
  0.16192353E+001
  0.16192286E+001
  0.16192224E+001
  0.16192169E+001
  0.16192120E+001
  0.16192077E+001
  0.16192039E+001
  0.16192007E+001
  0.16191980E+001
  0.16191958E+001
  0.16191940E+001
  0.16191926E+001
  0.16191917E+001
  0.16191911E+001
  0.16191909E+001
  0.16191909E+001
  0.16191913E+001
  0.16191919E+001
  0.16191927E+001
  0.16191937E+001
  0.16191949E+001
  0.16191962E+001
  0.16191976E+001
  0.16191991E+001
  0.16192007E+001
  0.16192023E+001
  0.16192040E+001
  0.16192057E+001
  0.16192073E+001
  0.16192090E+001
  0.16192106E+001
  0.16192122E+001
  0.16192137E+001
  0.16192152E+001
  0.16192166E+001
  0.16192179E+001
  0.16192192E+001
  0.16192204E+001
  0.16192216E+001
  0.16192226E+001
  0.16192236E+001
  0.16192246E+001
  0.16192255E+001
  0.16192264E+001
  0.16192272E+001
  0.16192280E+001
  0.16192288E+001
  0.16192296E+001
  0.16192303E+001
  0.16192310E+001
  0.16192316E+001
  0.16192321E+001
  0.16192326E+001
  0.16192330E+001
  0.16192335E+001
  0.16192341E+001
  0.16192351E+001
  0.16192357E+001
  0.16192345E+001
  0.16192285E+001
  0.16192153E+001
  0.16191979E+001
  0.16191947E+001
