  0.59873374E+000
  0.59880731E+000
  0.59882233E+000
  0.59880460E+000
  0.59876579E+000
  0.59871290E+000
  0.59865493E+000
  0.59859450E+000
  0.59853335E+000
  0.59847269E+000
  0.59841216E+000
  0.59835142E+000
  0.59829368E+000
  0.59823949E+000
  0.59818851E+000
  0.59814049E+000
  0.59809525E+000
  0.59805263E+000
  0.59801250E+000
  0.59797474E+000
  0.59793921E+000
  0.59790580E+000
  0.59787438E+000
  0.59784485E+000
  0.59781711E+000
  0.59779104E+000
  0.59776656E+000
  0.59774357E+000
  0.59772200E+000
  0.59770177E+000
  0.59768280E+000
  0.59766501E+000
  0.59764836E+000
  0.59763276E+000
  0.59761816E+000
  0.59760450E+000
  0.59759172E+000
  0.59757977E+000
  0.59756857E+000
  0.59755809E+000
  0.59754827E+000
  0.59753904E+000
  0.59753037E+000
  0.59752220E+000
  0.59751448E+000
  0.59750717E+000
  0.59750023E+000
  0.59749362E+000
  0.59748732E+000
  0.59748128E+000
  0.59747550E+000
  0.59746994E+000
  0.59746460E+000
  0.59745946E+000
  0.59745450E+000
  0.59744972E+000
  0.59744512E+000
  0.59744069E+000
  0.59743642E+000
  0.59743232E+000
  0.59742837E+000
  0.59742458E+000
  0.59742094E+000
  0.59741744E+000
  0.59741408E+000
  0.59741086E+000
  0.59740777E+000
  0.59740480E+000
  0.59740195E+000
  0.59739921E+000
  0.59739657E+000
  0.59739404E+000
  0.59739161E+000
  0.59738928E+000
  0.59738704E+000
  0.59738490E+000
  0.59738286E+000
  0.59738091E+000
  0.59737907E+000
  0.59737734E+000
  0.59737572E+000
  0.59737421E+000
  0.59737282E+000
  0.59737155E+000
  0.59737040E+000
  0.59736938E+000
  0.59736848E+000
  0.59736771E+000
  0.59736706E+000
  0.59736654E+000
  0.59736613E+000
  0.59736585E+000
  0.59736567E+000
  0.59736561E+000
  0.59736564E+000
  0.59736577E+000
  0.59736599E+000
  0.59736630E+000
  0.59736668E+000
  0.59736714E+000
  0.59736765E+000
  0.59736823E+000
  0.59736886E+000
  0.59736953E+000
  0.59737024E+000
  0.59737099E+000
  0.59737176E+000
  0.59737256E+000
  0.59737338E+000
  0.59737421E+000
  0.59737506E+000
  0.59737591E+000
  0.59737677E+000
  0.59737762E+000
  0.59737848E+000
  0.59737933E+000
  0.59738016E+000
  0.59738099E+000
  0.59738180E+000
  0.59738260E+000
  0.59738338E+000
  0.59738413E+000
  0.59738487E+000
  0.59738557E+000
  0.59738626E+000
  0.59738691E+000
  0.59738754E+000
  0.59738814E+000
  0.59738870E+000
  0.59738924E+000
  0.59738974E+000
  0.59739021E+000
  0.59739065E+000
  0.59739106E+000
  0.59739143E+000
  0.59739178E+000
  0.59739209E+000
  0.59739237E+000
  0.59739262E+000
  0.59739284E+000
  0.59739303E+000
  0.59739319E+000
  0.59739333E+000
  0.59739344E+000
  0.59739353E+000
  0.59739360E+000
  0.59739364E+000
  0.59739366E+000
  0.59739367E+000
  0.59739365E+000
  0.59739362E+000
  0.59739357E+000
  0.59739351E+000
  0.59739344E+000
  0.59739335E+000
  0.59739326E+000
  0.59739315E+000
  0.59739304E+000
  0.59739292E+000
  0.59739279E+000
  0.59739266E+000
  0.59739252E+000
  0.59739238E+000
  0.59739224E+000
  0.59739209E+000
  0.59739194E+000
  0.59739179E+000
  0.59739164E+000
  0.59739149E+000
  0.59739134E+000
  0.59739118E+000
  0.59739103E+000
  0.59739087E+000
  0.59739072E+000
  0.59739056E+000
  0.59739040E+000
  0.59739025E+000
  0.59739009E+000
  0.59738992E+000
  0.59738976E+000
  0.59738959E+000
  0.59738943E+000
  0.59738926E+000
  0.59738908E+000
  0.59738891E+000
  0.59738873E+000
  0.59738856E+000
  0.59738840E+000
  0.59738823E+000
  0.59738807E+000
  0.59738788E+000
  0.59738767E+000
  0.59738740E+000
  0.59738710E+000
  0.59738688E+000
  0.59738701E+000
  0.59738764E+000
  0.59738856E+000
  0.59739017E+000
  0.59740593E+000
