  0.18790176E+001
  0.18955105E+001
  0.18973932E+001
  0.18962294E+001
  0.18944266E+001
  0.18925795E+001
  0.18908126E+001
  0.18891959E+001
  0.18877553E+001
  0.18865038E+001
  0.18854130E+001
  0.18844445E+001
  0.18835741E+001
  0.18827904E+001
  0.18820904E+001
  0.18814684E+001
  0.18809178E+001
  0.18804320E+001
  0.18800040E+001
  0.18796275E+001
  0.18792964E+001
  0.18790051E+001
  0.18787486E+001
  0.18785226E+001
  0.18783231E+001
  0.18781464E+001
  0.18779897E+001
  0.18778500E+001
  0.18777251E+001
  0.18776128E+001
  0.18775113E+001
  0.18774190E+001
  0.18773344E+001
  0.18772562E+001
  0.18771835E+001
  0.18771152E+001
  0.18770505E+001
  0.18769887E+001
  0.18769293E+001
  0.18768717E+001
  0.18768155E+001
  0.18767604E+001
  0.18767061E+001
  0.18766524E+001
  0.18765992E+001
  0.18765464E+001
  0.18764939E+001
  0.18764418E+001
  0.18763901E+001
  0.18763387E+001
  0.18762879E+001
  0.18762377E+001
  0.18761882E+001
  0.18761395E+001
  0.18760917E+001
  0.18760450E+001
  0.18759995E+001
  0.18759553E+001
  0.18759125E+001
  0.18758712E+001
  0.18758314E+001
  0.18757934E+001
  0.18757570E+001
  0.18757224E+001
  0.18756895E+001
  0.18756583E+001
  0.18756289E+001
  0.18756012E+001
  0.18755752E+001
  0.18755507E+001
  0.18755279E+001
  0.18755066E+001
  0.18754867E+001
  0.18754682E+001
  0.18754512E+001
  0.18754354E+001
  0.18754210E+001
  0.18754078E+001
  0.18753958E+001
  0.18753851E+001
  0.18753755E+001
  0.18753671E+001
  0.18753598E+001
  0.18753537E+001
  0.18753487E+001
  0.18753447E+001
  0.18753418E+001
  0.18753399E+001
  0.18753390E+001
  0.18753391E+001
  0.18753401E+001
  0.18753420E+001
  0.18753448E+001
  0.18753483E+001
  0.18753527E+001
  0.18753578E+001
  0.18753636E+001
  0.18753700E+001
  0.18753771E+001
  0.18753847E+001
  0.18753928E+001
  0.18754013E+001
  0.18754103E+001
  0.18754196E+001
  0.18754293E+001
  0.18754393E+001
  0.18754496E+001
  0.18754600E+001
  0.18754707E+001
  0.18754815E+001
  0.18754925E+001
  0.18755035E+001
  0.18755147E+001
  0.18755259E+001
  0.18755372E+001
  0.18755485E+001
  0.18755598E+001
  0.18755710E+001
  0.18755823E+001
  0.18755935E+001
  0.18756047E+001
  0.18756158E+001
  0.18756268E+001
  0.18756378E+001
  0.18756486E+001
  0.18756594E+001
  0.18756700E+001
  0.18756806E+001
  0.18756910E+001
  0.18757013E+001
  0.18757115E+001
  0.18757216E+001
  0.18757316E+001
  0.18757414E+001
  0.18757512E+001
  0.18757608E+001
  0.18757703E+001
  0.18757797E+001
  0.18757890E+001
  0.18757982E+001
  0.18758073E+001
  0.18758163E+001
  0.18758253E+001
  0.18758341E+001
  0.18758429E+001
  0.18758517E+001
  0.18758604E+001
  0.18758690E+001
  0.18758776E+001
  0.18758861E+001
  0.18758947E+001
  0.18759032E+001
  0.18759117E+001
  0.18759202E+001
  0.18759287E+001
  0.18759372E+001
  0.18759457E+001
  0.18759542E+001
  0.18759628E+001
  0.18759714E+001
  0.18759800E+001
  0.18759887E+001
  0.18759974E+001
  0.18760062E+001
  0.18760150E+001
  0.18760238E+001
  0.18760328E+001
  0.18760418E+001
  0.18760508E+001
  0.18760600E+001
  0.18760692E+001
  0.18760785E+001
  0.18760878E+001
  0.18760973E+001
  0.18761068E+001
  0.18761164E+001
  0.18761261E+001
  0.18761358E+001
  0.18761457E+001
  0.18761556E+001
  0.18761655E+001
  0.18761756E+001
  0.18761857E+001
  0.18761959E+001
  0.18762062E+001
  0.18762165E+001
  0.18762270E+001
  0.18762375E+001
  0.18762482E+001
  0.18762589E+001
  0.18762696E+001
  0.18762801E+001
  0.18762899E+001
  0.18762992E+001
  0.18763084E+001
  0.18763198E+001
  0.18763371E+001
  0.18763606E+001
  0.18763859E+001
  0.18764259E+001
