  0.69082493E+000  0.85035299E+000  0.10148331E+001  0.20387187E+001
  0.69072792E+000  0.85016750E+000  0.10142960E+001  0.20377067E+001
  0.69063033E+000  0.85001831E+000  0.10138703E+001  0.20369301E+001
  0.69053876E+000  0.84989797E+000  0.10135172E+001  0.20362930E+001
  0.69045646E+000  0.84979904E+000  0.10132215E+001  0.20357589E+001
  0.69038452E+000  0.84971748E+000  0.10129797E+001  0.20353003E+001
  0.69032279E+000  0.84964891E+000  0.10127808E+001  0.20349059E+001
  0.69027049E+000  0.84959069E+000  0.10126133E+001  0.20345699E+001
  0.69022662E+000  0.84954092E+000  0.10124725E+001  0.20342842E+001
  0.69019007E+000  0.84949754E+000  0.10123541E+001  0.20340412E+001
  0.69015984E+000  0.84946025E+000  0.10122549E+001  0.20338353E+001
  0.69013499E+000  0.84942829E+000  0.10121718E+001  0.20336609E+001
  0.69011470E+000  0.84940076E+000  0.10121025E+001  0.20335132E+001
  0.69009828E+000  0.84937700E+000  0.10120448E+001  0.20333884E+001
  0.69008512E+000  0.84935647E+000  0.10119971E+001  0.20332828E+001
  0.69007471E+000  0.84933874E+000  0.10119577E+001  0.20331937E+001
  0.69006662E+000  0.84932345E+000  0.10119255E+001  0.20331187E+001
  0.69006048E+000  0.84931029E+000  0.10118993E+001  0.20330557E+001
  0.69005598E+000  0.84929902E+000  0.10118782E+001  0.20330029E+001
  0.69005286E+000  0.84928940E+000  0.10118615E+001  0.20329589E+001
  0.69005089E+000  0.84928125E+000  0.10118484E+001  0.20329224E+001
  0.69004988E+000  0.84927442E+000  0.10118384E+001  0.20328922E+001
  0.69004968E+000  0.84926876E+000  0.10118310E+001  0.20328675E+001
  0.69005015E+000  0.84926414E+000  0.10118258E+001  0.20328475E+001
  0.69005116E+000  0.84926046E+000  0.10118223E+001  0.20328315E+001
  0.69005263E+000  0.84925761E+000  0.10118203E+001  0.20328190E+001
  0.69005447E+000  0.84925550E+000  0.10118195E+001  0.20328094E+001
  0.69005661E+000  0.84925405E+000  0.10118197E+001  0.20328024E+001
  0.69005899E+000  0.84925318E+000  0.10118207E+001  0.20327975E+001
  0.69006156E+000  0.84925281E+000  0.10118223E+001  0.20327945E+001
  0.69006427E+000  0.84925288E+000  0.10118244E+001  0.20327931E+001
  0.69006709E+000  0.84925334E+000  0.10118269E+001  0.20327931E+001
  0.69007000E+000  0.84925412E+000  0.10118298E+001  0.20327942E+001
  0.69007296E+000  0.84925518E+000  0.10118329E+001  0.20327964E+001
  0.69007596E+000  0.84925647E+000  0.10118362E+001  0.20327994E+001
  0.69007899E+000  0.84925795E+000  0.10118397E+001  0.20328031E+001
  0.69008203E+000  0.84925959E+000  0.10118434E+001  0.20328074E+001
  0.69008507E+000  0.84926136E+000  0.10118472E+001  0.20328123E+001
  0.69008812E+000  0.84926323E+000  0.10118512E+001  0.20328177E+001
  0.69009115E+000  0.84926517E+000  0.10118553E+001  0.20328235E+001
  0.69009418E+000  0.84926718E+000  0.10118596E+001  0.20328297E+001
  0.69009720E+000  0.84926924E+000  0.10118640E+001  0.20328363E+001
  0.69010021E+000  0.84927133E+000  0.10118686E+001  0.20328432E+001
  0.69010321E+000  0.84927346E+000  0.10118733E+001  0.20328505E+001
  0.69010620E+000  0.84927560E+000  0.10118782E+001  0.20328582E+001
  0.69010919E+000  0.84927777E+000  0.10118832E+001  0.20328662E+001
  0.69011217E+000  0.84927995E+000  0.10118883E+001  0.20328747E+001
  0.69011514E+000  0.84928214E+000  0.10118937E+001  0.20328835E+001
  0.69011812E+000  0.84928434E+000  0.10118991E+001  0.20328928E+001
  0.69012108E+000  0.84928655E+000  0.10119047E+001  0.20329026E+001
  0.69012404E+000  0.84928877E+000  0.10119105E+001  0.20329128E+001
  0.69012699E+000  0.84929099E+000  0.10119164E+001  0.20329236E+001
  0.69012994E+000  0.84929321E+000  0.10119224E+001  0.20329348E+001
  0.69013287E+000  0.84929543E+000  0.10119285E+001  0.20329466E+001
  0.69013579E+000  0.84929763E+000  0.10119347E+001  0.20329588E+001
  0.69013869E+000  0.84929983E+000  0.10119410E+001  0.20329716E+001
  0.69014157E+000  0.84930200E+000  0.10119475E+001  0.20329849E+001
  0.69014443E+000  0.84930415E+000  0.10119540E+001  0.20329988E+001
  0.69014726E+000  0.84930626E+000  0.10119606E+001  0.20330131E+001
  0.69015006E+000  0.84930834E+000  0.10119673E+001  0.20330278E+001
  0.69015283E+000  0.84931036E+000  0.10119740E+001  0.20330430E+001
  0.69015556E+000  0.84931233E+000  0.10119808E+001  0.20330587E+001
  0.69015826E+000  0.84931423E+000  0.10119876E+001  0.20330747E+001
  0.69016092E+000  0.84931607E+000  0.10119945E+001  0.20330911E+001
  0.69016354E+000  0.84931783E+000  0.10120013E+001  0.20331078E+001
  0.69016612E+000  0.84931952E+000  0.10120082E+001  0.20331248E+001
  0.69016865E+000  0.84932113E+000  0.10120152E+001  0.20331421E+001
  0.69017115E+000  0.84932265E+000  0.10120232E+001  0.20331585E+001
  0.69017362E+000  0.84932409E+000  0.10120319E+001  0.20331744E+001
  0.69017604E+000  0.84932545E+000  0.10120406E+001  0.20331906E+001
  0.69017844E+000  0.84932674E+000  0.10120493E+001  0.20332069E+001
  0.69018080E+000  0.84932795E+000  0.10120580E+001  0.20332233E+001
  0.69018313E+000  0.84932909E+000  0.10120667E+001  0.20332400E+001
  0.69018544E+000  0.84933017E+000  0.10120754E+001  0.20332567E+001
  0.69018773E+000  0.84933119E+000  0.10120841E+001  0.20332735E+001
  0.69019000E+000  0.84933217E+000  0.10120928E+001  0.20332905E+001
  0.69019225E+000  0.84933310E+000  0.10121015E+001  0.20333076E+001
  0.69019449E+000  0.84933400E+000  0.10121102E+001  0.20333248E+001
  0.69019672E+000  0.84933488E+000  0.10121190E+001  0.20333421E+001
  0.69019893E+000  0.84933574E+000  0.10121277E+001  0.20333594E+001
  0.69020114E+000  0.84933659E+000  0.10121365E+001  0.20333769E+001
  0.69020333E+000  0.84933744E+000  0.10121453E+001  0.20333945E+001
  0.69020552E+000  0.84933830E+000  0.10121541E+001  0.20334122E+001
  0.69020770E+000  0.84933916E+000  0.10121630E+001  0.20334299E+001
  0.69020987E+000  0.84934005E+000  0.10121719E+001  0.20334478E+001
  0.69021203E+000  0.84934095E+000  0.10121808E+001  0.20334657E+001
  0.69021417E+000  0.84934188E+000  0.10121898E+001  0.20334838E+001
  0.69021630E+000  0.84934284E+000  0.10121987E+001  0.20335019E+001
  0.69021842E+000  0.84934384E+000  0.10122077E+001  0.20335201E+001
  0.69022052E+000  0.84934487E+000  0.10122168E+001  0.20335384E+001
  0.69022260E+000  0.84934594E+000  0.10122258E+001  0.20335567E+001
  0.69022465E+000  0.84934706E+000  0.10122348E+001  0.20335751E+001
  0.69022669E+000  0.84934822E+000  0.10122439E+001  0.20335936E+001
  0.69022869E+000  0.84934943E+000  0.10122529E+001  0.20336122E+001
  0.69023067E+000  0.84935068E+000  0.10122620E+001  0.20336308E+001
  0.69023261E+000  0.84935199E+000  0.10122710E+001  0.20336495E+001
  0.69023452E+000  0.84935334E+000  0.10122800E+001  0.20336683E+001
  0.69023640E+000  0.84935474E+000  0.10122889E+001  0.20336871E+001
  0.69023823E+000  0.84935620E+000  0.10122978E+001  0.20337059E+001
  0.69024003E+000  0.84935770E+000  0.10123066E+001  0.20337248E+001
  0.69024178E+000  0.84935926E+000  0.10123154E+001  0.20337437E+001
  0.69024349E+000  0.84936086E+000  0.10123241E+001  0.20337627E+001
  0.69024514E+000  0.84936251E+000  0.10123327E+001  0.20337817E+001
  0.69024676E+000  0.84936421E+000  0.10123412E+001  0.20338008E+001
  0.69024831E+000  0.84936596E+000  0.10123496E+001  0.20338199E+001
  0.69024982E+000  0.84936774E+000  0.10123579E+001  0.20338390E+001
  0.69025128E+000  0.84936956E+000  0.10123660E+001  0.20338582E+001
  0.69025268E+000  0.84937143E+000  0.10123740E+001  0.20338774E+001
  0.69025402E+000  0.84937332E+000  0.10123819E+001  0.20338966E+001
  0.69025531E+000  0.84937524E+000  0.10123897E+001  0.20339159E+001
  0.69025654E+000  0.84937719E+000  0.10123973E+001  0.20339352E+001
  0.69025771E+000  0.84937916E+000  0.10124048E+001  0.20339545E+001
  0.69025882E+000  0.84938114E+000  0.10124121E+001  0.20339739E+001
  0.69025988E+000  0.84938313E+000  0.10124193E+001  0.20339933E+001
  0.69026088E+000  0.84938513E+000  0.10124263E+001  0.20340127E+001
  0.69026181E+000  0.84938713E+000  0.10124332E+001  0.20340321E+001
  0.69026270E+000  0.84938912E+000  0.10124399E+001  0.20340516E+001
  0.69026352E+000  0.84939110E+000  0.10124465E+001  0.20340711E+001
  0.69026429E+000  0.84939306E+000  0.10124529E+001  0.20340907E+001
  0.69026500E+000  0.84939500E+000  0.10124592E+001  0.20341102E+001
  0.69026566E+000  0.84939692E+000  0.10124654E+001  0.20341298E+001
  0.69026627E+000  0.84939880E+000  0.10124714E+001  0.20341495E+001
  0.69026683E+000  0.84940064E+000  0.10124772E+001  0.20341691E+001
  0.69026733E+000  0.84940243E+000  0.10124830E+001  0.20341888E+001
  0.69026780E+000  0.84940418E+000  0.10124886E+001  0.20342086E+001
  0.69026822E+000  0.84940588E+000  0.10124941E+001  0.20342284E+001
  0.69026859E+000  0.84940753E+000  0.10124994E+001  0.20342482E+001
  0.69026893E+000  0.84940911E+000  0.10125047E+001  0.20342681E+001
  0.69026923E+000  0.84941064E+000  0.10125098E+001  0.20342880E+001
  0.69026950E+000  0.84941210E+000  0.10125149E+001  0.20343080E+001
  0.69026974E+000  0.84941350E+000  0.10125198E+001  0.20343281E+001
  0.69026994E+000  0.84941483E+000  0.10125246E+001  0.20343482E+001
  0.69027013E+000  0.84941609E+000  0.10125294E+001  0.20343684E+001
  0.69027028E+000  0.84941729E+000  0.10125340E+001  0.20343887E+001
  0.69027042E+000  0.84941842E+000  0.10125386E+001  0.20344091E+001
  0.69027054E+000  0.84941948E+000  0.10125430E+001  0.20344296E+001
  0.69027065E+000  0.84942047E+000  0.10125474E+001  0.20344502E+001
  0.69027074E+000  0.84942140E+000  0.10125517E+001  0.20344709E+001
  0.69027082E+000  0.84942226E+000  0.10125558E+001  0.20344917E+001
  0.69027090E+000  0.84942307E+000  0.10125599E+001  0.20345126E+001
  0.69027097E+000  0.84942381E+000  0.10125639E+001  0.20345336E+001
  0.69027103E+000  0.84942450E+000  0.10125679E+001  0.20345547E+001
  0.69027110E+000  0.84942513E+000  0.10125717E+001  0.20345760E+001
  0.69027116E+000  0.84942572E+000  0.10125754E+001  0.20345974E+001
  0.69027122E+000  0.84942625E+000  0.10125791E+001  0.20346189E+001
  0.69027129E+000  0.84942674E+000  0.10125826E+001  0.20346405E+001
  0.69027136E+000  0.84942718E+000  0.10125861E+001  0.20346623E+001
  0.69027144E+000  0.84942759E+000  0.10125895E+001  0.20346842E+001
  0.69027152E+000  0.84942796E+000  0.10125928E+001  0.20347062E+001
  0.69027161E+000  0.84942830E+000  0.10125960E+001  0.20347283E+001
  0.69027171E+000  0.84942861E+000  0.10125991E+001  0.20347505E+001
  0.69027182E+000  0.84942889E+000  0.10126022E+001  0.20347728E+001
  0.69027193E+000  0.84942915E+000  0.10126051E+001  0.20347953E+001
  0.69027206E+000  0.84942939E+000  0.10126080E+001  0.20348178E+001
  0.69027219E+000  0.84942961E+000  0.10126107E+001  0.20348404E+001
  0.69027233E+000  0.84942982E+000  0.10126134E+001  0.20348630E+001
  0.69027248E+000  0.84943001E+000  0.10126160E+001  0.20348858E+001
  0.69027264E+000  0.84943020E+000  0.10126185E+001  0.20349085E+001
  0.69027280E+000  0.84943037E+000  0.10126210E+001  0.20349314E+001
  0.69027297E+000  0.84943054E+000  0.10126234E+001  0.20349542E+001
  0.69027315E+000  0.84943070E+000  0.10126256E+001  0.20349771E+001
  0.69027334E+000  0.84943086E+000  0.10126279E+001  0.20349999E+001
  0.69027353E+000  0.84943101E+000  0.10126300E+001  0.20350228E+001
  0.69027372E+000  0.84943116E+000  0.10126321E+001  0.20350456E+001
  0.69027391E+000  0.84943131E+000  0.10126341E+001  0.20350684E+001
  0.69027411E+000  0.84943146E+000  0.10126360E+001  0.20350911E+001
  0.69027431E+000  0.84943161E+000  0.10126379E+001  0.20351138E+001
  0.69027451E+000  0.84943176E+000  0.10126397E+001  0.20351363E+001
  0.69027471E+000  0.84943191E+000  0.10126414E+001  0.20351588E+001
  0.69027490E+000  0.84943205E+000  0.10126431E+001  0.20351812E+001
  0.69027509E+000  0.84943220E+000  0.10126447E+001  0.20352035E+001
  0.69027527E+000  0.84943234E+000  0.10126463E+001  0.20352256E+001
  0.69027545E+000  0.84943248E+000  0.10126478E+001  0.20352476E+001
  0.69027562E+000  0.84943261E+000  0.10126492E+001  0.20352695E+001
  0.69027578E+000  0.84943274E+000  0.10126506E+001  0.20352911E+001
  0.69027593E+000  0.84943287E+000  0.10126519E+001  0.20353126E+001
  0.69027607E+000  0.84943299E+000  0.10126531E+001  0.20353340E+001
  0.69027620E+000  0.84943309E+000  0.10126543E+001  0.20353551E+001
  0.69027631E+000  0.84943319E+000  0.10126554E+001  0.20353760E+001
  0.69027640E+000  0.84943328E+000  0.10126565E+001  0.20353968E+001
  0.69027648E+000  0.84943335E+000  0.10126574E+001  0.20354173E+001
  0.69027654E+000  0.84943340E+000  0.10126583E+001  0.20354376E+001
  0.69027657E+000  0.84943344E+000  0.10126591E+001  0.20354578E+001
  0.69027658E+000  0.84943346E+000  0.10126599E+001  0.20354777E+001
  0.69027657E+000  0.84943347E+000  0.10126605E+001  0.20354974E+001
  0.69027653E+000  0.84943344E+000  0.10126610E+001  0.20355169E+001
  0.69027646E+000  0.84943340E+000  0.10126615E+001  0.20355362E+001
  0.69027636E+000  0.84943333E+000  0.10126618E+001  0.20355553E+001
  0.69027622E+000  0.84943323E+000  0.10126620E+001  0.20355742E+001
  0.69027604E+000  0.84943310E+000  0.10126620E+001  0.20355929E+001
  0.69027582E+000  0.84943291E+000  0.10126618E+001  0.20356113E+001
  0.69027556E+000  0.84943267E+000  0.10126615E+001  0.20356295E+001
  0.69027526E+000  0.84943237E+000  0.10126609E+001  0.20356474E+001
  0.69027496E+000  0.84943207E+000  0.10126604E+001  0.20356655E+001
  0.69027466E+000  0.84943185E+000  0.10126599E+001  0.20356839E+001
  0.69027435E+000  0.84943191E+000  0.10126599E+001  0.20357033E+001
  0.69027389E+000  0.84943214E+000  0.10126596E+001  0.20357231E+001
  0.69027295E+000  0.84943234E+000  0.10126583E+001  0.20357412E+001
  0.69027198E+000  0.84943197E+000  0.10126552E+001  0.20357556E+001
  0.69027735E+000  0.84944408E+000  0.10126758E+001  0.20357973E+001
