 -0.28822720E+000
 -0.28826099E+000
 -0.28819668E+000
 -0.28810391E+000
 -0.28800486E+000
 -0.28790826E+000
 -0.28781773E+000
 -0.28773472E+000
 -0.28765977E+000
 -0.28759262E+000
 -0.28753371E+000
 -0.28748229E+000
 -0.28743758E+000
 -0.28739880E+000
 -0.28736526E+000
 -0.28733631E+000
 -0.28731137E+000
 -0.28728994E+000
 -0.28727155E+000
 -0.28725582E+000
 -0.28724237E+000
 -0.28723090E+000
 -0.28722115E+000
 -0.28721286E+000
 -0.28720583E+000
 -0.28719987E+000
 -0.28719483E+000
 -0.28719055E+000
 -0.28718692E+000
 -0.28718383E+000
 -0.28718119E+000
 -0.28717892E+000
 -0.28717696E+000
 -0.28717524E+000
 -0.28717372E+000
 -0.28717237E+000
 -0.28717116E+000
 -0.28717006E+000
 -0.28716907E+000
 -0.28716817E+000
 -0.28716736E+000
 -0.28716665E+000
 -0.28716602E+000
 -0.28716550E+000
 -0.28716508E+000
 -0.28716478E+000
 -0.28716461E+000
 -0.28716459E+000
 -0.28716471E+000
 -0.28716500E+000
 -0.28716546E+000
 -0.28716610E+000
 -0.28716693E+000
 -0.28716797E+000
 -0.28716920E+000
 -0.28717065E+000
 -0.28717231E+000
 -0.28717418E+000
 -0.28717627E+000
 -0.28717858E+000
 -0.28718110E+000
 -0.28718384E+000
 -0.28718679E+000
 -0.28718996E+000
 -0.28719334E+000
 -0.28719692E+000
 -0.28720072E+000
 -0.28720473E+000
 -0.28720895E+000
 -0.28721338E+000
 -0.28721802E+000
 -0.28722289E+000
 -0.28722798E+000
 -0.28723330E+000
 -0.28723886E+000
 -0.28724467E+000
 -0.28725072E+000
 -0.28725704E+000
 -0.28726361E+000
 -0.28727046E+000
 -0.28727758E+000
 -0.28728497E+000
 -0.28729264E+000
 -0.28730059E+000
 -0.28730882E+000
 -0.28731731E+000
 -0.28732608E+000
 -0.28733511E+000
 -0.28734439E+000
 -0.28735392E+000
 -0.28736369E+000
 -0.28737367E+000
 -0.28738387E+000
 -0.28739427E+000
 -0.28740485E+000
 -0.28741560E+000
 -0.28742650E+000
 -0.28743755E+000
 -0.28744872E+000
 -0.28746000E+000
 -0.28747138E+000
 -0.28748285E+000
 -0.28749438E+000
 -0.28750597E+000
 -0.28751760E+000
 -0.28752927E+000
 -0.28754095E+000
 -0.28755265E+000
 -0.28756434E+000
 -0.28757602E+000
 -0.28758768E+000
 -0.28759930E+000
 -0.28761090E+000
 -0.28762244E+000
 -0.28763393E+000
 -0.28764537E+000
 -0.28765674E+000
 -0.28766804E+000
 -0.28767927E+000
 -0.28769042E+000
 -0.28770149E+000
 -0.28771247E+000
 -0.28772338E+000
 -0.28773419E+000
 -0.28774492E+000
 -0.28775557E+000
 -0.28776613E+000
 -0.28777660E+000
 -0.28778699E+000
 -0.28779730E+000
 -0.28780753E+000
 -0.28781769E+000
 -0.28782776E+000
 -0.28783777E+000
 -0.28784771E+000
 -0.28785759E+000
 -0.28786741E+000
 -0.28787716E+000
 -0.28788687E+000
 -0.28789652E+000
 -0.28790613E+000
 -0.28791569E+000
 -0.28792522E+000
 -0.28793470E+000
 -0.28794415E+000
 -0.28795357E+000
 -0.28796295E+000
 -0.28797231E+000
 -0.28798164E+000
 -0.28799094E+000
 -0.28800022E+000
 -0.28800947E+000
 -0.28801870E+000
 -0.28802791E+000
 -0.28803709E+000
 -0.28804624E+000
 -0.28805536E+000
 -0.28806446E+000
 -0.28807352E+000
 -0.28808256E+000
 -0.28809155E+000
 -0.28810051E+000
 -0.28810943E+000
 -0.28811830E+000
 -0.28812712E+000
 -0.28813590E+000
 -0.28814462E+000
 -0.28815328E+000
 -0.28816187E+000
 -0.28817040E+000
 -0.28817886E+000
 -0.28818725E+000
 -0.28819555E+000
 -0.28820377E+000
 -0.28821191E+000
 -0.28821995E+000
 -0.28822790E+000
 -0.28823575E+000
 -0.28824349E+000
 -0.28825113E+000
 -0.28825866E+000
 -0.28826608E+000
 -0.28827338E+000
 -0.28828056E+000
 -0.28828761E+000
 -0.28829454E+000
 -0.28830134E+000
 -0.28830800E+000
 -0.28831452E+000
 -0.28832089E+000
 -0.28832709E+000
 -0.28833312E+000
 -0.28833899E+000
 -0.28834476E+000
 -0.28835044E+000
 -0.28835620E+000
 -0.28836181E+000
 -0.28836759E+000
 -0.28837126E+000
 -0.28837419E+000
