  0.10475923E+001
  0.10479003E+001
  0.10481413E+001
  0.10483408E+001
  0.10485084E+001
  0.10486496E+001
  0.10487689E+001
  0.10488699E+001
  0.10489550E+001
  0.10490269E+001
  0.10490873E+001
  0.10491380E+001
  0.10491805E+001
  0.10492160E+001
  0.10492455E+001
  0.10492700E+001
  0.10492903E+001
  0.10493068E+001
  0.10493202E+001
  0.10493310E+001
  0.10493396E+001
  0.10493462E+001
  0.10493512E+001
  0.10493548E+001
  0.10493572E+001
  0.10493587E+001
  0.10493593E+001
  0.10493592E+001
  0.10493586E+001
  0.10493575E+001
  0.10493560E+001
  0.10493542E+001
  0.10493522E+001
  0.10493499E+001
  0.10493475E+001
  0.10493449E+001
  0.10493423E+001
  0.10493395E+001
  0.10493368E+001
  0.10493339E+001
  0.10493311E+001
  0.10493282E+001
  0.10493252E+001
  0.10493223E+001
  0.10493193E+001
  0.10493163E+001
  0.10493133E+001
  0.10493102E+001
  0.10493072E+001
  0.10493040E+001
  0.10493009E+001
  0.10492977E+001
  0.10492944E+001
  0.10492912E+001
  0.10492879E+001
  0.10492845E+001
  0.10492812E+001
  0.10492778E+001
  0.10492744E+001
  0.10492710E+001
  0.10492676E+001
  0.10492642E+001
  0.10492609E+001
  0.10492575E+001
  0.10492542E+001
  0.10492509E+001
  0.10492477E+001
  0.10492445E+001
  0.10492413E+001
  0.10492382E+001
  0.10492352E+001
  0.10492322E+001
  0.10492292E+001
  0.10492263E+001
  0.10492234E+001
  0.10492206E+001
  0.10492178E+001
  0.10492150E+001
  0.10492123E+001
  0.10492096E+001
  0.10492069E+001
  0.10492043E+001
  0.10492016E+001
  0.10491990E+001
  0.10491964E+001
  0.10491938E+001
  0.10491913E+001
  0.10491887E+001
  0.10491861E+001
  0.10491836E+001
  0.10491810E+001
  0.10491785E+001
  0.10491760E+001
  0.10491735E+001
  0.10491710E+001
  0.10491685E+001
  0.10491660E+001
  0.10491635E+001
  0.10491611E+001
  0.10491586E+001
  0.10491562E+001
  0.10491538E+001
  0.10491514E+001
  0.10491491E+001
  0.10491467E+001
  0.10491444E+001
  0.10491422E+001
  0.10491399E+001
  0.10491377E+001
  0.10491355E+001
  0.10491333E+001
  0.10491312E+001
  0.10491291E+001
  0.10491270E+001
  0.10491250E+001
  0.10491230E+001
  0.10491211E+001
  0.10491192E+001
  0.10491173E+001
  0.10491155E+001
  0.10491137E+001
  0.10491120E+001
  0.10491103E+001
  0.10491086E+001
  0.10491070E+001
  0.10491054E+001
  0.10491038E+001
  0.10491023E+001
  0.10491009E+001
  0.10490994E+001
  0.10490980E+001
  0.10490967E+001
  0.10490953E+001
  0.10490940E+001
  0.10490927E+001
  0.10490915E+001
  0.10490903E+001
  0.10490891E+001
  0.10490879E+001
  0.10490868E+001
  0.10490857E+001
  0.10490846E+001
  0.10490835E+001
  0.10490824E+001
  0.10490814E+001
  0.10490804E+001
  0.10490794E+001
  0.10490784E+001
  0.10490774E+001
  0.10490764E+001
  0.10490755E+001
  0.10490746E+001
  0.10490736E+001
  0.10490727E+001
  0.10490718E+001
  0.10490709E+001
  0.10490700E+001
  0.10490692E+001
  0.10490683E+001
  0.10490675E+001
  0.10490666E+001
  0.10490658E+001
  0.10490650E+001
  0.10490642E+001
  0.10490634E+001
  0.10490626E+001
  0.10490618E+001
  0.10490610E+001
  0.10490602E+001
  0.10490595E+001
  0.10490588E+001
  0.10490580E+001
  0.10490573E+001
  0.10490566E+001
  0.10490559E+001
  0.10490552E+001
  0.10490545E+001
  0.10490539E+001
  0.10490532E+001
  0.10490526E+001
  0.10490520E+001
  0.10490513E+001
  0.10490507E+001
  0.10490501E+001
  0.10490495E+001
  0.10490489E+001
  0.10490483E+001
  0.10490478E+001
  0.10490472E+001
  0.10490466E+001
  0.10490461E+001
  0.10490456E+001
  0.10490451E+001
  0.10490446E+001
  0.10490438E+001
  0.10490427E+001
  0.10490415E+001
  0.10490407E+001
  0.10490413E+001
  0.10490252E+001
