  0.57740152E+000
  0.57757127E+000
  0.57770412E+000
  0.57781408E+000
  0.57790643E+000
  0.57798425E+000
  0.57805002E+000
  0.57810567E+000
  0.57815259E+000
  0.57819221E+000
  0.57822554E+000
  0.57825349E+000
  0.57827688E+000
  0.57829645E+000
  0.57831273E+000
  0.57832624E+000
  0.57833738E+000
  0.57834650E+000
  0.57835391E+000
  0.57835986E+000
  0.57836456E+000
  0.57836820E+000
  0.57837095E+000
  0.57837294E+000
  0.57837429E+000
  0.57837509E+000
  0.57837544E+000
  0.57837541E+000
  0.57837506E+000
  0.57837445E+000
  0.57837363E+000
  0.57837264E+000
  0.57837150E+000
  0.57837025E+000
  0.57836891E+000
  0.57836751E+000
  0.57836604E+000
  0.57836454E+000
  0.57836301E+000
  0.57836145E+000
  0.57835987E+000
  0.57835828E+000
  0.57835667E+000
  0.57835505E+000
  0.57835341E+000
  0.57835176E+000
  0.57835009E+000
  0.57834840E+000
  0.57834670E+000
  0.57834497E+000
  0.57834323E+000
  0.57834147E+000
  0.57833968E+000
  0.57833788E+000
  0.57833606E+000
  0.57833423E+000
  0.57833238E+000
  0.57833052E+000
  0.57832865E+000
  0.57832678E+000
  0.57832491E+000
  0.57832305E+000
  0.57832119E+000
  0.57831935E+000
  0.57831752E+000
  0.57831571E+000
  0.57831392E+000
  0.57831216E+000
  0.57831042E+000
  0.57830871E+000
  0.57830702E+000
  0.57830536E+000
  0.57830373E+000
  0.57830213E+000
  0.57830054E+000
  0.57829898E+000
  0.57829744E+000
  0.57829592E+000
  0.57829442E+000
  0.57829293E+000
  0.57829146E+000
  0.57829000E+000
  0.57828854E+000
  0.57828710E+000
  0.57828567E+000
  0.57828424E+000
  0.57828282E+000
  0.57828140E+000
  0.57827999E+000
  0.57827858E+000
  0.57827718E+000
  0.57827579E+000
  0.57827440E+000
  0.57827301E+000
  0.57827163E+000
  0.57827026E+000
  0.57826889E+000
  0.57826753E+000
  0.57826618E+000
  0.57826483E+000
  0.57826350E+000
  0.57826218E+000
  0.57826087E+000
  0.57825957E+000
  0.57825828E+000
  0.57825701E+000
  0.57825575E+000
  0.57825451E+000
  0.57825328E+000
  0.57825208E+000
  0.57825089E+000
  0.57824971E+000
  0.57824856E+000
  0.57824743E+000
  0.57824631E+000
  0.57824522E+000
  0.57824415E+000
  0.57824310E+000
  0.57824207E+000
  0.57824106E+000
  0.57824008E+000
  0.57823912E+000
  0.57823818E+000
  0.57823726E+000
  0.57823637E+000
  0.57823549E+000
  0.57823464E+000
  0.57823381E+000
  0.57823299E+000
  0.57823220E+000
  0.57823143E+000
  0.57823067E+000
  0.57822994E+000
  0.57822922E+000
  0.57822852E+000
  0.57822783E+000
  0.57822716E+000
  0.57822651E+000
  0.57822586E+000
  0.57822523E+000
  0.57822462E+000
  0.57822401E+000
  0.57822342E+000
  0.57822284E+000
  0.57822226E+000
  0.57822170E+000
  0.57822115E+000
  0.57822060E+000
  0.57822006E+000
  0.57821953E+000
  0.57821901E+000
  0.57821849E+000
  0.57821798E+000
  0.57821748E+000
  0.57821698E+000
  0.57821649E+000
  0.57821601E+000
  0.57821553E+000
  0.57821505E+000
  0.57821458E+000
  0.57821412E+000
  0.57821366E+000
  0.57821321E+000
  0.57821276E+000
  0.57821232E+000
  0.57821188E+000
  0.57821145E+000
  0.57821103E+000
  0.57821061E+000
  0.57821019E+000
  0.57820979E+000
  0.57820939E+000
  0.57820899E+000
  0.57820860E+000
  0.57820822E+000
  0.57820784E+000
  0.57820747E+000
  0.57820710E+000
  0.57820674E+000
  0.57820639E+000
  0.57820604E+000
  0.57820570E+000
  0.57820536E+000
  0.57820503E+000
  0.57820470E+000
  0.57820437E+000
  0.57820405E+000
  0.57820373E+000
  0.57820342E+000
  0.57820311E+000
  0.57820283E+000
  0.57820255E+000
  0.57820228E+000
  0.57820197E+000
  0.57820155E+000
  0.57820094E+000
  0.57820027E+000
  0.57819985E+000
  0.57820017E+000
  0.57819132E+000
