  0.14607529E+000
  0.14672290E+000
  0.14714900E+000
  0.14741867E+000
  0.14757880E+000
  0.14766138E+000
  0.14769107E+000
  0.14768402E+000
  0.14765185E+000
  0.14760290E+000
  0.14754310E+000
  0.14747901E+000
  0.14741412E+000
  0.14735012E+000
  0.14728785E+000
  0.14722786E+000
  0.14717050E+000
  0.14711596E+000
  0.14706432E+000
  0.14701557E+000
  0.14696964E+000
  0.14692644E+000
  0.14688585E+000
  0.14684773E+000
  0.14681193E+000
  0.14677832E+000
  0.14674676E+000
  0.14671711E+000
  0.14668923E+000
  0.14666302E+000
  0.14663834E+000
  0.14661510E+000
  0.14659318E+000
  0.14657249E+000
  0.14655294E+000
  0.14653444E+000
  0.14651690E+000
  0.14650025E+000
  0.14648442E+000
  0.14646932E+000
  0.14645491E+000
  0.14644111E+000
  0.14642787E+000
  0.14641513E+000
  0.14640284E+000
  0.14639096E+000
  0.14637945E+000
  0.14636827E+000
  0.14635739E+000
  0.14634679E+000
  0.14633645E+000
  0.14632634E+000
  0.14631646E+000
  0.14630681E+000
  0.14629736E+000
  0.14628813E+000
  0.14627911E+000
  0.14627031E+000
  0.14626173E+000
  0.14625337E+000
  0.14624524E+000
  0.14623733E+000
  0.14622965E+000
  0.14622221E+000
  0.14621500E+000
  0.14620802E+000
  0.14620126E+000
  0.14619473E+000
  0.14618842E+000
  0.14618232E+000
  0.14617643E+000
  0.14617074E+000
  0.14616524E+000
  0.14615994E+000
  0.14615482E+000
  0.14614989E+000
  0.14614514E+000
  0.14614056E+000
  0.14613617E+000
  0.14613195E+000
  0.14612792E+000
  0.14612406E+000
  0.14612038E+000
  0.14611689E+000
  0.14611357E+000
  0.14611044E+000
  0.14610748E+000
  0.14610471E+000
  0.14610211E+000
  0.14609969E+000
  0.14609744E+000
  0.14609536E+000
  0.14609345E+000
  0.14609169E+000
  0.14609009E+000
  0.14608864E+000
  0.14608733E+000
  0.14608617E+000
  0.14608513E+000
  0.14608421E+000
  0.14608342E+000
  0.14608273E+000
  0.14608214E+000
  0.14608166E+000
  0.14608126E+000
  0.14608094E+000
  0.14608070E+000
  0.14608053E+000
  0.14608042E+000
  0.14608037E+000
  0.14608037E+000
  0.14608042E+000
  0.14608050E+000
  0.14608063E+000
  0.14608078E+000
  0.14608096E+000
  0.14608116E+000
  0.14608138E+000
  0.14608161E+000
  0.14608185E+000
  0.14608209E+000
  0.14608234E+000
  0.14608258E+000
  0.14608281E+000
  0.14608304E+000
  0.14608325E+000
  0.14608344E+000
  0.14608362E+000
  0.14608378E+000
  0.14608392E+000
  0.14608403E+000
  0.14608412E+000
  0.14608418E+000
  0.14608421E+000
  0.14608421E+000
  0.14608419E+000
  0.14608413E+000
  0.14608405E+000
  0.14608394E+000
  0.14608380E+000
  0.14608363E+000
  0.14608343E+000
  0.14608321E+000
  0.14608297E+000
  0.14608270E+000
  0.14608241E+000
  0.14608210E+000
  0.14608176E+000
  0.14608141E+000
  0.14608105E+000
  0.14608067E+000
  0.14608028E+000
  0.14607987E+000
  0.14607946E+000
  0.14607904E+000
  0.14607861E+000
  0.14607818E+000
  0.14607774E+000
  0.14607731E+000
  0.14607687E+000
  0.14607644E+000
  0.14607600E+000
  0.14607557E+000
  0.14607515E+000
  0.14607473E+000
  0.14607432E+000
  0.14607392E+000
  0.14607352E+000
  0.14607313E+000
  0.14607275E+000
  0.14607239E+000
  0.14607203E+000
  0.14607168E+000
  0.14607134E+000
  0.14607102E+000
  0.14607070E+000
  0.14607040E+000
  0.14607011E+000
  0.14606983E+000
  0.14606956E+000
  0.14606930E+000
  0.14606905E+000
  0.14606881E+000
  0.14606859E+000
  0.14606838E+000
  0.14606818E+000
  0.14606801E+000
  0.14606785E+000
  0.14606773E+000
  0.14606763E+000
  0.14606755E+000
  0.14606745E+000
  0.14606730E+000
  0.14606705E+000
  0.14606678E+000
  0.14606678E+000
  0.14606762E+000
  0.14606966E+000
  0.14607216E+000
  0.14607365E+000
