  0.18632723E+000
  0.19094395E+000
  0.19138811E+000
  0.19103967E+000
  0.19055916E+000
  0.19009466E+000
  0.18966685E+000
  0.18928789E+000
  0.18896039E+000
  0.18868547E+000
  0.18845303E+000
  0.18824926E+000
  0.18806664E+000
  0.18790222E+000
  0.18775571E+000
  0.18762612E+000
  0.18751211E+000
  0.18741223E+000
  0.18732499E+000
  0.18724895E+000
  0.18718278E+000
  0.18712523E+000
  0.18707520E+000
  0.18703167E+000
  0.18699377E+000
  0.18696072E+000
  0.18693183E+000
  0.18690650E+000
  0.18688421E+000
  0.18686451E+000
  0.18684699E+000
  0.18683130E+000
  0.18681714E+000
  0.18680423E+000
  0.18679235E+000
  0.18678129E+000
  0.18677089E+000
  0.18676100E+000
  0.18675149E+000
  0.18674227E+000
  0.18673326E+000
  0.18672439E+000
  0.18671562E+000
  0.18670691E+000
  0.18669824E+000
  0.18668961E+000
  0.18668101E+000
  0.18667246E+000
  0.18666397E+000
  0.18665557E+000
  0.18664728E+000
  0.18663912E+000
  0.18663114E+000
  0.18662336E+000
  0.18661582E+000
  0.18660856E+000
  0.18660159E+000
  0.18659496E+000
  0.18658868E+000
  0.18658278E+000
  0.18657729E+000
  0.18657221E+000
  0.18656755E+000
  0.18656331E+000
  0.18655950E+000
  0.18655611E+000
  0.18655313E+000
  0.18655054E+000
  0.18654832E+000
  0.18654645E+000
  0.18654491E+000
  0.18654368E+000
  0.18654272E+000
  0.18654200E+000
  0.18654151E+000
  0.18654122E+000
  0.18654110E+000
  0.18654113E+000
  0.18654128E+000
  0.18654153E+000
  0.18654186E+000
  0.18654226E+000
  0.18654270E+000
  0.18654317E+000
  0.18654365E+000
  0.18654413E+000
  0.18654459E+000
  0.18654502E+000
  0.18654541E+000
  0.18654574E+000
  0.18654601E+000
  0.18654620E+000
  0.18654632E+000
  0.18654635E+000
  0.18654629E+000
  0.18654613E+000
  0.18654587E+000
  0.18654551E+000
  0.18654504E+000
  0.18654447E+000
  0.18654380E+000
  0.18654302E+000
  0.18654215E+000
  0.18654118E+000
  0.18654011E+000
  0.18653896E+000
  0.18653773E+000
  0.18653642E+000
  0.18653504E+000
  0.18653361E+000
  0.18653212E+000
  0.18653058E+000
  0.18652901E+000
  0.18652742E+000
  0.18652580E+000
  0.18652418E+000
  0.18652255E+000
  0.18652093E+000
  0.18651932E+000
  0.18651774E+000
  0.18651618E+000
  0.18651465E+000
  0.18651317E+000
  0.18651173E+000
  0.18651034E+000
  0.18650901E+000
  0.18650773E+000
  0.18650651E+000
  0.18650536E+000
  0.18650427E+000
  0.18650325E+000
  0.18650229E+000
  0.18650140E+000
  0.18650058E+000
  0.18649982E+000
  0.18649913E+000
  0.18649849E+000
  0.18649792E+000
  0.18649740E+000
  0.18649693E+000
  0.18649651E+000
  0.18649613E+000
  0.18649580E+000
  0.18649550E+000
  0.18649523E+000
  0.18649499E+000
  0.18649477E+000
  0.18649456E+000
  0.18649436E+000
  0.18649417E+000
  0.18649398E+000
  0.18649379E+000
  0.18649358E+000
  0.18649336E+000
  0.18649312E+000
  0.18649286E+000
  0.18649256E+000
  0.18649223E+000
  0.18649186E+000
  0.18649144E+000
  0.18649098E+000
  0.18649046E+000
  0.18648988E+000
  0.18648925E+000
  0.18648854E+000
  0.18648777E+000
  0.18648693E+000
  0.18648601E+000
  0.18648501E+000
  0.18648393E+000
  0.18648276E+000
  0.18648151E+000
  0.18648016E+000
  0.18647873E+000
  0.18647719E+000
  0.18647557E+000
  0.18647384E+000
  0.18647202E+000
  0.18647009E+000
  0.18646807E+000
  0.18646594E+000
  0.18646372E+000
  0.18646140E+000
  0.18645897E+000
  0.18645645E+000
  0.18645384E+000
  0.18645114E+000
  0.18644836E+000
  0.18644551E+000
  0.18644259E+000
  0.18643958E+000
  0.18643645E+000
  0.18643310E+000
  0.18642953E+000
  0.18642564E+000
  0.18642201E+000
  0.18641915E+000
  0.18641818E+000
  0.18641744E+000
  0.18641581E+000
