  0.11730910E-004
  0.11742504E-004
  0.11743802E-004
  0.11741324E-004
  0.11737876E-004
  0.11734588E-004
  0.11731841E-004
  0.11729700E-004
  0.11728112E-004
  0.11726987E-004
  0.11726238E-004
  0.11725784E-004
  0.11725562E-004
  0.11725517E-004
  0.11725608E-004
  0.11725802E-004
  0.11726070E-004
  0.11726393E-004
  0.11726752E-004
  0.11727134E-004
  0.11727528E-004
  0.11727925E-004
  0.11728318E-004
  0.11728701E-004
  0.11729069E-004
  0.11729419E-004
  0.11729746E-004
  0.11730050E-004
  0.11730326E-004
  0.11730575E-004
  0.11730794E-004
  0.11730982E-004
  0.11731139E-004
  0.11731264E-004
  0.11731356E-004
  0.11731416E-004
  0.11731443E-004
  0.11731437E-004
  0.11731399E-004
  0.11731330E-004
  0.11731230E-004
  0.11731099E-004
  0.11730938E-004
  0.11730749E-004
  0.11730531E-004
  0.11730287E-004
  0.11730016E-004
  0.11729720E-004
  0.11729400E-004
  0.11729056E-004
  0.11728690E-004
  0.11728303E-004
  0.11727894E-004
  0.11727465E-004
  0.11727018E-004
  0.11726551E-004
  0.11726067E-004
  0.11725566E-004
  0.11725050E-004
  0.11724518E-004
  0.11723973E-004
  0.11723414E-004
  0.11722845E-004
  0.11722264E-004
  0.11721675E-004
  0.11721078E-004
  0.11720475E-004
  0.11719868E-004
  0.11719258E-004
  0.11718646E-004
  0.11718035E-004
  0.11717427E-004
  0.11716822E-004
  0.11716223E-004
  0.11715631E-004
  0.11715049E-004
  0.11714477E-004
  0.11713917E-004
  0.11713372E-004
  0.11712842E-004
  0.11712328E-004
  0.11711833E-004
  0.11711357E-004
  0.11710902E-004
  0.11710468E-004
  0.11710057E-004
  0.11709669E-004
  0.11709305E-004
  0.11708966E-004
  0.11708651E-004
  0.11708362E-004
  0.11708098E-004
  0.11707860E-004
  0.11707647E-004
  0.11707458E-004
  0.11707295E-004
  0.11707156E-004
  0.11707040E-004
  0.11706947E-004
  0.11706876E-004
  0.11706826E-004
  0.11706796E-004
  0.11706785E-004
  0.11706792E-004
  0.11706815E-004
  0.11706854E-004
  0.11706907E-004
  0.11706972E-004
  0.11707049E-004
  0.11707137E-004
  0.11707233E-004
  0.11707337E-004
  0.11707447E-004
  0.11707562E-004
  0.11707681E-004
  0.11707803E-004
  0.11707926E-004
  0.11708049E-004
  0.11708173E-004
  0.11708294E-004
  0.11708413E-004
  0.11708528E-004
  0.11708640E-004
  0.11708746E-004
  0.11708847E-004
  0.11708942E-004
  0.11709030E-004
  0.11709110E-004
  0.11709184E-004
  0.11709250E-004
  0.11709307E-004
  0.11709357E-004
  0.11709399E-004
  0.11709432E-004
  0.11709458E-004
  0.11709476E-004
  0.11709485E-004
  0.11709488E-004
  0.11709484E-004
  0.11709472E-004
  0.11709455E-004
  0.11709432E-004
  0.11709404E-004
  0.11709371E-004
  0.11709334E-004
  0.11709293E-004
  0.11709250E-004
  0.11709204E-004
  0.11709158E-004
  0.11709110E-004
  0.11709063E-004
  0.11709016E-004
  0.11708971E-004
  0.11708928E-004
  0.11708888E-004
  0.11708852E-004
  0.11708821E-004
  0.11708795E-004
  0.11708775E-004
  0.11708762E-004
  0.11708756E-004
  0.11708759E-004
  0.11708771E-004
  0.11708792E-004
  0.11708824E-004
  0.11708868E-004
  0.11708923E-004
  0.11708990E-004
  0.11709071E-004
  0.11709165E-004
  0.11709274E-004
  0.11709397E-004
  0.11709536E-004
  0.11709690E-004
  0.11709861E-004
  0.11710048E-004
  0.11710253E-004
  0.11710474E-004
  0.11710713E-004
  0.11710970E-004
  0.11711245E-004
  0.11711537E-004
  0.11711848E-004
  0.11712176E-004
  0.11712522E-004
  0.11712885E-004
  0.11713265E-004
  0.11713662E-004
  0.11714075E-004
  0.11714504E-004
  0.11714948E-004
  0.11715406E-004
  0.11715881E-004
  0.11716368E-004
  0.11716881E-004
  0.11717399E-004
  0.11717966E-004
  0.11718488E-004
  0.11719110E-004
  0.11719479E-004
