  0.10282246E+000
  0.10292409E+000
  0.10293546E+000
  0.10291374E+000
  0.10288352E+000
  0.10285470E+000
  0.10283063E+000
  0.10281186E+000
  0.10279794E+000
  0.10278808E+000
  0.10278151E+000
  0.10277754E+000
  0.10277559E+000
  0.10277520E+000
  0.10277600E+000
  0.10277769E+000
  0.10278004E+000
  0.10278287E+000
  0.10278602E+000
  0.10278937E+000
  0.10279282E+000
  0.10279630E+000
  0.10279975E+000
  0.10280310E+000
  0.10280633E+000
  0.10280939E+000
  0.10281227E+000
  0.10281492E+000
  0.10281735E+000
  0.10281953E+000
  0.10282145E+000
  0.10282310E+000
  0.10282447E+000
  0.10282557E+000
  0.10282637E+000
  0.10282690E+000
  0.10282713E+000
  0.10282709E+000
  0.10282676E+000
  0.10282615E+000
  0.10282527E+000
  0.10282412E+000
  0.10282271E+000
  0.10282105E+000
  0.10281914E+000
  0.10281700E+000
  0.10281463E+000
  0.10281204E+000
  0.10280923E+000
  0.10280622E+000
  0.10280301E+000
  0.10279961E+000
  0.10279603E+000
  0.10279227E+000
  0.10278835E+000
  0.10278426E+000
  0.10278002E+000
  0.10277563E+000
  0.10277110E+000
  0.10276644E+000
  0.10276166E+000
  0.10275677E+000
  0.10275177E+000
  0.10274669E+000
  0.10274152E+000
  0.10273629E+000
  0.10273100E+000
  0.10272568E+000
  0.10272033E+000
  0.10271497E+000
  0.10270962E+000
  0.10270428E+000
  0.10269898E+000
  0.10269373E+000
  0.10268855E+000
  0.10268344E+000
  0.10267843E+000
  0.10267352E+000
  0.10266874E+000
  0.10266410E+000
  0.10265960E+000
  0.10265526E+000
  0.10265108E+000
  0.10264709E+000
  0.10264329E+000
  0.10263969E+000
  0.10263629E+000
  0.10263310E+000
  0.10263012E+000
  0.10262736E+000
  0.10262483E+000
  0.10262252E+000
  0.10262043E+000
  0.10261856E+000
  0.10261691E+000
  0.10261548E+000
  0.10261426E+000
  0.10261324E+000
  0.10261243E+000
  0.10261181E+000
  0.10261137E+000
  0.10261110E+000
  0.10261101E+000
  0.10261107E+000
  0.10261127E+000
  0.10261161E+000
  0.10261207E+000
  0.10261265E+000
  0.10261332E+000
  0.10261409E+000
  0.10261493E+000
  0.10261584E+000
  0.10261681E+000
  0.10261782E+000
  0.10261886E+000
  0.10261993E+000
  0.10262101E+000
  0.10262209E+000
  0.10262317E+000
  0.10262423E+000
  0.10262528E+000
  0.10262629E+000
  0.10262726E+000
  0.10262820E+000
  0.10262908E+000
  0.10262991E+000
  0.10263068E+000
  0.10263139E+000
  0.10263203E+000
  0.10263261E+000
  0.10263312E+000
  0.10263355E+000
  0.10263392E+000
  0.10263421E+000
  0.10263444E+000
  0.10263459E+000
  0.10263468E+000
  0.10263470E+000
  0.10263466E+000
  0.10263456E+000
  0.10263441E+000
  0.10263421E+000
  0.10263396E+000
  0.10263367E+000
  0.10263335E+000
  0.10263299E+000
  0.10263261E+000
  0.10263221E+000
  0.10263180E+000
  0.10263139E+000
  0.10263097E+000
  0.10263056E+000
  0.10263017E+000
  0.10262979E+000
  0.10262944E+000
  0.10262913E+000
  0.10262885E+000
  0.10262862E+000
  0.10262845E+000
  0.10262833E+000
  0.10262828E+000
  0.10262831E+000
  0.10262841E+000
  0.10262860E+000
  0.10262888E+000
  0.10262926E+000
  0.10262974E+000
  0.10263034E+000
  0.10263104E+000
  0.10263187E+000
  0.10263282E+000
  0.10263390E+000
  0.10263512E+000
  0.10263647E+000
  0.10263797E+000
  0.10263961E+000
  0.10264140E+000
  0.10264334E+000
  0.10264544E+000
  0.10264769E+000
  0.10265010E+000
  0.10265266E+000
  0.10265538E+000
  0.10265826E+000
  0.10266129E+000
  0.10266447E+000
  0.10266781E+000
  0.10267129E+000
  0.10267491E+000
  0.10267867E+000
  0.10268256E+000
  0.10268657E+000
  0.10269074E+000
  0.10269500E+000
  0.10269950E+000
  0.10270404E+000
  0.10270901E+000
  0.10271358E+000
  0.10271904E+000
  0.10272227E+000
