  0.86221427E+000
  0.86245844E+000
  0.86264656E+000
  0.86279397E+000
  0.86290980E+000
  0.86300048E+000
  0.86307090E+000
  0.86312485E+000
  0.86316534E+000
  0.86319480E+000
  0.86321518E+000
  0.86322811E+000
  0.86323496E+000
  0.86323681E+000
  0.86323456E+000
  0.86322897E+000
  0.86322064E+000
  0.86321010E+000
  0.86319775E+000
  0.86318396E+000
  0.86316901E+000
  0.86315315E+000
  0.86313656E+000
  0.86311943E+000
  0.86310188E+000
  0.86308402E+000
  0.86306595E+000
  0.86304774E+000
  0.86302946E+000
  0.86301114E+000
  0.86299284E+000
  0.86297457E+000
  0.86295636E+000
  0.86293823E+000
  0.86292018E+000
  0.86290221E+000
  0.86288434E+000
  0.86286655E+000
  0.86284884E+000
  0.86283121E+000
  0.86281364E+000
  0.86279614E+000
  0.86277869E+000
  0.86276129E+000
  0.86274394E+000
  0.86272662E+000
  0.86270935E+000
  0.86269212E+000
  0.86267495E+000
  0.86265783E+000
  0.86264077E+000
  0.86262380E+000
  0.86260693E+000
  0.86259017E+000
  0.86257354E+000
  0.86255707E+000
  0.86254077E+000
  0.86252468E+000
  0.86250880E+000
  0.86249317E+000
  0.86247780E+000
  0.86246272E+000
  0.86244793E+000
  0.86243347E+000
  0.86241934E+000
  0.86240555E+000
  0.86239213E+000
  0.86237907E+000
  0.86236639E+000
  0.86235409E+000
  0.86234219E+000
  0.86233069E+000
  0.86231959E+000
  0.86230890E+000
  0.86229864E+000
  0.86228880E+000
  0.86227939E+000
  0.86227042E+000
  0.86226190E+000
  0.86225383E+000
  0.86224622E+000
  0.86223907E+000
  0.86223239E+000
  0.86222616E+000
  0.86222041E+000
  0.86221511E+000
  0.86221026E+000
  0.86220586E+000
  0.86220190E+000
  0.86219837E+000
  0.86219524E+000
  0.86219251E+000
  0.86219017E+000
  0.86218819E+000
  0.86218656E+000
  0.86218526E+000
  0.86218427E+000
  0.86218357E+000
  0.86218314E+000
  0.86218297E+000
  0.86218304E+000
  0.86218332E+000
  0.86218380E+000
  0.86218447E+000
  0.86218529E+000
  0.86218627E+000
  0.86218738E+000
  0.86218861E+000
  0.86218994E+000
  0.86219136E+000
  0.86219285E+000
  0.86219441E+000
  0.86219603E+000
  0.86219768E+000
  0.86219937E+000
  0.86220108E+000
  0.86220280E+000
  0.86220452E+000
  0.86220624E+000
  0.86220794E+000
  0.86220962E+000
  0.86221127E+000
  0.86221289E+000
  0.86221447E+000
  0.86221600E+000
  0.86221747E+000
  0.86221889E+000
  0.86222025E+000
  0.86222154E+000
  0.86222277E+000
  0.86222392E+000
  0.86222501E+000
  0.86222602E+000
  0.86222695E+000
  0.86222781E+000
  0.86222859E+000
  0.86222930E+000
  0.86222993E+000
  0.86223049E+000
  0.86223098E+000
  0.86223140E+000
  0.86223175E+000
  0.86223203E+000
  0.86223225E+000
  0.86223242E+000
  0.86223252E+000
  0.86223257E+000
  0.86223258E+000
  0.86223253E+000
  0.86223244E+000
  0.86223231E+000
  0.86223215E+000
  0.86223196E+000
  0.86223173E+000
  0.86223148E+000
  0.86223121E+000
  0.86223092E+000
  0.86223062E+000
  0.86223030E+000
  0.86222998E+000
  0.86222964E+000
  0.86222931E+000
  0.86222898E+000
  0.86222864E+000
  0.86222831E+000
  0.86222799E+000
  0.86222767E+000
  0.86222737E+000
  0.86222707E+000
  0.86222679E+000
  0.86222652E+000
  0.86222626E+000
  0.86222602E+000
  0.86222579E+000
  0.86222559E+000
  0.86222539E+000
  0.86222522E+000
  0.86222506E+000
  0.86222492E+000
  0.86222479E+000
  0.86222468E+000
  0.86222459E+000
  0.86222451E+000
  0.86222446E+000
  0.86222442E+000
  0.86222441E+000
  0.86222443E+000
  0.86222448E+000
  0.86222457E+000
  0.86222470E+000
  0.86222485E+000
  0.86222499E+000
  0.86222508E+000
  0.86222510E+000
  0.86222519E+000
  0.86222570E+000
  0.86222733E+000
  0.86223033E+000
  0.86223397E+000
  0.86223572E+000
