  0.89169886E+000
  0.89171916E+000
  0.89173580E+000
  0.89174920E+000
  0.89175989E+000
  0.89176834E+000
  0.89177492E+000
  0.89177995E+000
  0.89178369E+000
  0.89178634E+000
  0.89178810E+000
  0.89178912E+000
  0.89178950E+000
  0.89178937E+000
  0.89178880E+000
  0.89178787E+000
  0.89178663E+000
  0.89178513E+000
  0.89178342E+000
  0.89178154E+000
  0.89177950E+000
  0.89177733E+000
  0.89177506E+000
  0.89177270E+000
  0.89177026E+000
  0.89176776E+000
  0.89176520E+000
  0.89176259E+000
  0.89175994E+000
  0.89175725E+000
  0.89175453E+000
  0.89175178E+000
  0.89174901E+000
  0.89174620E+000
  0.89174338E+000
  0.89174053E+000
  0.89173766E+000
  0.89173476E+000
  0.89173185E+000
  0.89172891E+000
  0.89172596E+000
  0.89172298E+000
  0.89171998E+000
  0.89171697E+000
  0.89171394E+000
  0.89171089E+000
  0.89170783E+000
  0.89170475E+000
  0.89170167E+000
  0.89169857E+000
  0.89169548E+000
  0.89169238E+000
  0.89168929E+000
  0.89168620E+000
  0.89168312E+000
  0.89168006E+000
  0.89167702E+000
  0.89167400E+000
  0.89167101E+000
  0.89166805E+000
  0.89166512E+000
  0.89166223E+000
  0.89165938E+000
  0.89165658E+000
  0.89165381E+000
  0.89165110E+000
  0.89164842E+000
  0.89164580E+000
  0.89164322E+000
  0.89164069E+000
  0.89163820E+000
  0.89163575E+000
  0.89163335E+000
  0.89163099E+000
  0.89162867E+000
  0.89162639E+000
  0.89162414E+000
  0.89162193E+000
  0.89161976E+000
  0.89161762E+000
  0.89161551E+000
  0.89161344E+000
  0.89161140E+000
  0.89160940E+000
  0.89160742E+000
  0.89160549E+000
  0.89160358E+000
  0.89160171E+000
  0.89159988E+000
  0.89159808E+000
  0.89159633E+000
  0.89159461E+000
  0.89159293E+000
  0.89159129E+000
  0.89158969E+000
  0.89158814E+000
  0.89158663E+000
  0.89158516E+000
  0.89158375E+000
  0.89158238E+000
  0.89158105E+000
  0.89157978E+000
  0.89157856E+000
  0.89157739E+000
  0.89157627E+000
  0.89157521E+000
  0.89157420E+000
  0.89157324E+000
  0.89157234E+000
  0.89157149E+000
  0.89157070E+000
  0.89156996E+000
  0.89156928E+000
  0.89156866E+000
  0.89156810E+000
  0.89156759E+000
  0.89156713E+000
  0.89156674E+000
  0.89156639E+000
  0.89156611E+000
  0.89156588E+000
  0.89156570E+000
  0.89156557E+000
  0.89156550E+000
  0.89156548E+000
  0.89156551E+000
  0.89156559E+000
  0.89156571E+000
  0.89156589E+000
  0.89156611E+000
  0.89156637E+000
  0.89156667E+000
  0.89156702E+000
  0.89156741E+000
  0.89156784E+000
  0.89156830E+000
  0.89156880E+000
  0.89156934E+000
  0.89156991E+000
  0.89157051E+000
  0.89157114E+000
  0.89157180E+000
  0.89157249E+000
  0.89157321E+000
  0.89157396E+000
  0.89157472E+000
  0.89157552E+000
  0.89157633E+000
  0.89157717E+000
  0.89157803E+000
  0.89157890E+000
  0.89157980E+000
  0.89158071E+000
  0.89158164E+000
  0.89158259E+000
  0.89158355E+000
  0.89158453E+000
  0.89158552E+000
  0.89158653E+000
  0.89158755E+000
  0.89158858E+000
  0.89158962E+000
  0.89159067E+000
  0.89159174E+000
  0.89159282E+000
  0.89159391E+000
  0.89159501E+000
  0.89159612E+000
  0.89159724E+000
  0.89159837E+000
  0.89159951E+000
  0.89160066E+000
  0.89160183E+000
  0.89160301E+000
  0.89160419E+000
  0.89160540E+000
  0.89160661E+000
  0.89160784E+000
  0.89160909E+000
  0.89161035E+000
  0.89161163E+000
  0.89161293E+000
  0.89161425E+000
  0.89161560E+000
  0.89161697E+000
  0.89161837E+000
  0.89161980E+000
  0.89162126E+000
  0.89162276E+000
  0.89162430E+000
  0.89162589E+000
  0.89162751E+000
  0.89162917E+000
  0.89163087E+000
  0.89163265E+000
  0.89163454E+000
  0.89163667E+000
  0.89163901E+000
  0.89164149E+000
  0.89164378E+000
