  0.40583611E+000
  0.40697191E+000
  0.40798032E+000
  0.40885421E+000
  0.40961333E+000
  0.41026725E+000
  0.41082550E+000
  0.41130607E+000
  0.41171867E+000
  0.41206792E+000
  0.41236888E+000
  0.41262769E+000
  0.41284616E+000
  0.41303327E+000
  0.41319285E+000
  0.41332885E+000
  0.41344698E+000
  0.41354546E+000
  0.41363048E+000
  0.41370226E+000
  0.41376402E+000
  0.41381688E+000
  0.41386059E+000
  0.41389723E+000
  0.41392729E+000
  0.41395495E+000
  0.41397779E+000
  0.41399663E+000
  0.41401213E+000
  0.41402518E+000
  0.41403604E+000
  0.41404564E+000
  0.41405322E+000
  0.41406107E+000
  0.41406641E+000
  0.41407109E+000
  0.41407570E+000
  0.41407937E+000
  0.41408427E+000
  0.41408760E+000
  0.41409050E+000
  0.41409337E+000
  0.41409620E+000
  0.41409988E+000
  0.41410279E+000
  0.41410578E+000
  0.41410863E+000
  0.41411155E+000
  0.41411471E+000
  0.41411791E+000
  0.41412183E+000
  0.41412498E+000
  0.41412835E+000
  0.41413173E+000
  0.41413461E+000
  0.41413756E+000
  0.41414071E+000
  0.41414292E+000
  0.41414608E+000
  0.41414915E+000
  0.41415215E+000
  0.41415481E+000
  0.41415819E+000
  0.41416209E+000
  0.41416477E+000
  0.41416737E+000
  0.41417038E+000
  0.41417347E+000
  0.41417609E+000
  0.41417878E+000
  0.41418137E+000
  0.41418407E+000
  0.41418691E+000
  0.41418985E+000
  0.41419274E+000
  0.41419513E+000
  0.41419765E+000
  0.41420025E+000
  0.41420323E+000
  0.41420598E+000
  0.41420863E+000
  0.41421101E+000
  0.41421359E+000
  0.41421597E+000
  0.41421858E+000
  0.41422114E+000
  0.41422377E+000
  0.41422630E+000
  0.41422884E+000
  0.41423130E+000
  0.41423376E+000
  0.41423626E+000
  0.41423881E+000
  0.41424188E+000
  0.41424423E+000
  0.41424680E+000
  0.41424921E+000
  0.41425155E+000
  0.41425391E+000
  0.41425622E+000
  0.41425859E+000
  0.41426089E+000
  0.41426311E+000
  0.41426534E+000
  0.41426756E+000
  0.41426935E+000
  0.41427134E+000
  0.41427348E+000
  0.41427570E+000
  0.41427790E+000
  0.41428014E+000
  0.41428240E+000
  0.41428459E+000
  0.41428682E+000
  0.41428901E+000
  0.41429128E+000
  0.41429344E+000
  0.41429556E+000
  0.41429774E+000
  0.41430004E+000
  0.41430230E+000
  0.41430452E+000
  0.41430683E+000
  0.41430910E+000
  0.41431134E+000
  0.41431360E+000
  0.41431595E+000
  0.41431829E+000
  0.41432053E+000
  0.41432289E+000
  0.41432520E+000
  0.41432779E+000
  0.41433030E+000
  0.41433282E+000
  0.41433544E+000
  0.41433801E+000
  0.41434066E+000
  0.41434327E+000
  0.41434591E+000
  0.41434859E+000
  0.41435127E+000
  0.41435400E+000
  0.41435675E+000
  0.41435953E+000
  0.41436232E+000
  0.41436514E+000
  0.41436798E+000
  0.41437087E+000
  0.41437376E+000
  0.41437665E+000
  0.41437957E+000
  0.41438248E+000
  0.41438541E+000
  0.41438836E+000
  0.41439136E+000
  0.41439415E+000
  0.41439711E+000
  0.41440006E+000
  0.41440302E+000
  0.41440598E+000
  0.41440888E+000
  0.41441185E+000
  0.41441476E+000
  0.41441769E+000
  0.41442069E+000
  0.41442359E+000
  0.41442647E+000
  0.41442933E+000
  0.41443233E+000
  0.41443516E+000
  0.41443798E+000
  0.41444076E+000
  0.41444350E+000
  0.41444618E+000
  0.41444886E+000
  0.41445151E+000
  0.41445413E+000
  0.41445667E+000
  0.41445920E+000
  0.41446170E+000
  0.41446416E+000
  0.41446653E+000
  0.41446887E+000
  0.41447119E+000
  0.41447350E+000
  0.41447577E+000
  0.41447795E+000
  0.41448002E+000
  0.41448207E+000
  0.41448404E+000
  0.41448586E+000
  0.41448770E+000
  0.41448952E+000
  0.41449142E+000
  0.41449347E+000
  0.41449553E+000
  0.41449685E+000
  0.41449697E+000
  0.41450076E+000
  0.41451213E+000
