  0.31124129E+000
  0.31117128E+000
  0.31110982E+000
  0.31105805E+000
  0.31101487E+000
  0.31097585E+000
  0.31094359E+000
  0.31091507E+000
  0.31089064E+000
  0.31086981E+000
  0.31085239E+000
  0.31083708E+000
  0.31082375E+000
  0.31081298E+000
  0.31080331E+000
  0.31079608E+000
  0.31078840E+000
  0.31078241E+000
  0.31077733E+000
  0.31077307E+000
  0.31076934E+000
  0.31076626E+000
  0.31076367E+000
  0.31076120E+000
  0.31075928E+000
  0.31075762E+000
  0.31075623E+000
  0.31075510E+000
  0.31075413E+000
  0.31075334E+000
  0.31075271E+000
  0.31075228E+000
  0.31075219E+000
  0.31075218E+000
  0.31075220E+000
  0.31075228E+000
  0.31075271E+000
  0.31075298E+000
  0.31075333E+000
  0.31075371E+000
  0.31075420E+000
  0.31075487E+000
  0.31075539E+000
  0.31075615E+000
  0.31075697E+000
  0.31075775E+000
  0.31075862E+000
  0.31075963E+000
  0.31076065E+000
  0.31076178E+000
  0.31076311E+000
  0.31076447E+000
  0.31076584E+000
  0.31076723E+000
  0.31076872E+000
  0.31077035E+000
  0.31077211E+000
  0.31077402E+000
  0.31077569E+000
  0.31077757E+000
  0.31077945E+000
  0.31078144E+000
  0.31078344E+000
  0.31078564E+000
  0.31078799E+000
  0.31079018E+000
  0.31079246E+000
  0.31079473E+000
  0.31079702E+000
  0.31079944E+000
  0.31080201E+000
  0.31080441E+000
  0.31080716E+000
  0.31080967E+000
  0.31081224E+000
  0.31081488E+000
  0.31081753E+000
  0.31082012E+000
  0.31082287E+000
  0.31082550E+000
  0.31082821E+000
  0.31083093E+000
  0.31083366E+000
  0.31083650E+000
  0.31083932E+000
  0.31084224E+000
  0.31084513E+000
  0.31084803E+000
  0.31085101E+000
  0.31085397E+000
  0.31085691E+000
  0.31085987E+000
  0.31086286E+000
  0.31086585E+000
  0.31086878E+000
  0.31087180E+000
  0.31087482E+000
  0.31087781E+000
  0.31088085E+000
  0.31088388E+000
  0.31088692E+000
  0.31088996E+000
  0.31089302E+000
  0.31089607E+000
  0.31089916E+000
  0.31090222E+000
  0.31090525E+000
  0.31090828E+000
  0.31091125E+000
  0.31091429E+000
  0.31091729E+000
  0.31092033E+000
  0.31092333E+000
  0.31092635E+000
  0.31092934E+000
  0.31093235E+000
  0.31093537E+000
  0.31093835E+000
  0.31094133E+000
  0.31094429E+000
  0.31094723E+000
  0.31095019E+000
  0.31095315E+000
  0.31095610E+000
  0.31095893E+000
  0.31096176E+000
  0.31096473E+000
  0.31096767E+000
  0.31097062E+000
  0.31097357E+000
  0.31097650E+000
  0.31097949E+000
  0.31098246E+000
  0.31098543E+000
  0.31098842E+000
  0.31099141E+000
  0.31099442E+000
  0.31099743E+000
  0.31100046E+000
  0.31100349E+000
  0.31100653E+000
  0.31100959E+000
  0.31101267E+000
  0.31101576E+000
  0.31101885E+000
  0.31102197E+000
  0.31102510E+000
  0.31102824E+000
  0.31103141E+000
  0.31103458E+000
  0.31103775E+000
  0.31104093E+000
  0.31104415E+000
  0.31104753E+000
  0.31105074E+000
  0.31105397E+000
  0.31105721E+000
  0.31106045E+000
  0.31106372E+000
  0.31106700E+000
  0.31107022E+000
  0.31107346E+000
  0.31107666E+000
  0.31107989E+000
  0.31108311E+000
  0.31108634E+000
  0.31108954E+000
  0.31109272E+000
  0.31109590E+000
  0.31109906E+000
  0.31110220E+000
  0.31110531E+000
  0.31110842E+000
  0.31111149E+000
  0.31111454E+000
  0.31111757E+000
  0.31112057E+000
  0.31112354E+000
  0.31112646E+000
  0.31112938E+000
  0.31113224E+000
  0.31113509E+000
  0.31113786E+000
  0.31114060E+000
  0.31114327E+000
  0.31114593E+000
  0.31114854E+000
  0.31115107E+000
  0.31115358E+000
  0.31115594E+000
  0.31115839E+000
  0.31116082E+000
  0.31116314E+000
  0.31116539E+000
  0.31116773E+000
  0.31117011E+000
  0.31117243E+000
  0.31117449E+000
  0.31117601E+000
  0.31117730E+000
