  0.81996438E+000
  0.81995464E+000
  0.81994620E+000
  0.81993892E+000
  0.81993267E+000
  0.81992732E+000
  0.81992276E+000
  0.81991888E+000
  0.81991560E+000
  0.81991283E+000
  0.81991051E+000
  0.81990858E+000
  0.81990697E+000
  0.81990565E+000
  0.81990457E+000
  0.81990370E+000
  0.81990300E+000
  0.81990245E+000
  0.81990202E+000
  0.81990171E+000
  0.81990149E+000
  0.81990135E+000
  0.81990128E+000
  0.81990126E+000
  0.81990129E+000
  0.81990136E+000
  0.81990146E+000
  0.81990159E+000
  0.81990175E+000
  0.81990192E+000
  0.81990211E+000
  0.81990230E+000
  0.81990251E+000
  0.81990272E+000
  0.81990294E+000
  0.81990315E+000
  0.81990337E+000
  0.81990358E+000
  0.81990379E+000
  0.81990400E+000
  0.81990420E+000
  0.81990439E+000
  0.81990457E+000
  0.81990475E+000
  0.81990491E+000
  0.81990506E+000
  0.81990520E+000
  0.81990533E+000
  0.81990544E+000
  0.81990554E+000
  0.81990562E+000
  0.81990568E+000
  0.81990572E+000
  0.81990574E+000
  0.81990574E+000
  0.81990571E+000
  0.81990566E+000
  0.81990558E+000
  0.81990548E+000
  0.81990534E+000
  0.81990517E+000
  0.81990496E+000
  0.81990472E+000
  0.81990445E+000
  0.81990413E+000
  0.81990377E+000
  0.81990337E+000
  0.81990293E+000
  0.81990245E+000
  0.81990191E+000
  0.81990134E+000
  0.81990071E+000
  0.81990004E+000
  0.81989932E+000
  0.81989855E+000
  0.81989773E+000
  0.81989686E+000
  0.81989595E+000
  0.81989499E+000
  0.81989399E+000
  0.81989294E+000
  0.81989185E+000
  0.81989072E+000
  0.81988955E+000
  0.81988835E+000
  0.81988710E+000
  0.81988583E+000
  0.81988453E+000
  0.81988321E+000
  0.81988186E+000
  0.81988049E+000
  0.81987910E+000
  0.81987770E+000
  0.81987629E+000
  0.81987487E+000
  0.81987345E+000
  0.81987203E+000
  0.81987061E+000
  0.81986919E+000
  0.81986779E+000
  0.81986640E+000
  0.81986503E+000
  0.81986367E+000
  0.81986234E+000
  0.81986104E+000
  0.81985976E+000
  0.81985851E+000
  0.81985729E+000
  0.81985611E+000
  0.81985497E+000
  0.81985387E+000
  0.81985282E+000
  0.81985180E+000
  0.81985083E+000
  0.81984991E+000
  0.81984904E+000
  0.81984822E+000
  0.81984745E+000
  0.81984673E+000
  0.81984606E+000
  0.81984545E+000
  0.81984489E+000
  0.81984439E+000
  0.81984394E+000
  0.81984354E+000
  0.81984320E+000
  0.81984291E+000
  0.81984267E+000
  0.81984249E+000
  0.81984236E+000
  0.81984228E+000
  0.81984225E+000
  0.81984228E+000
  0.81984235E+000
  0.81984246E+000
  0.81984263E+000
  0.81984284E+000
  0.81984310E+000
  0.81984339E+000
  0.81984373E+000
  0.81984411E+000
  0.81984453E+000
  0.81984499E+000
  0.81984548E+000
  0.81984601E+000
  0.81984657E+000
  0.81984717E+000
  0.81984779E+000
  0.81984845E+000
  0.81984913E+000
  0.81984984E+000
  0.81985058E+000
  0.81985134E+000
  0.81985212E+000
  0.81985293E+000
  0.81985376E+000
  0.81985460E+000
  0.81985547E+000
  0.81985635E+000
  0.81985726E+000
  0.81985817E+000
  0.81985911E+000
  0.81986006E+000
  0.81986102E+000
  0.81986200E+000
  0.81986299E+000
  0.81986399E+000
  0.81986501E+000
  0.81986604E+000
  0.81986708E+000
  0.81986813E+000
  0.81986920E+000
  0.81987028E+000
  0.81987137E+000
  0.81987247E+000
  0.81987359E+000
  0.81987473E+000
  0.81987588E+000
  0.81987704E+000
  0.81987823E+000
  0.81987943E+000
  0.81988066E+000
  0.81988191E+000
  0.81988318E+000
  0.81988448E+000
  0.81988581E+000
  0.81988717E+000
  0.81988856E+000
  0.81989000E+000
  0.81989147E+000
  0.81989298E+000
  0.81989454E+000
  0.81989614E+000
  0.81989780E+000
  0.81989952E+000
  0.81990131E+000
  0.81990318E+000
  0.81990510E+000
  0.81990706E+000
  0.81990911E+000
