 -0.93401742E+000 -0.83813383E+000 -0.56492699E+000 -0.20764928E+000 -0.57295680E-002  0.84681032E-003  0.95404910E+000  0.45945677E+001  0.89465163E+001  0.16278867E+002  0.22291896E+002
 -0.93412534E+000 -0.83834641E+000 -0.56547764E+000 -0.20848870E+000 -0.58008941E-002  0.81207186E-003  0.95177328E+000  0.45905118E+001  0.89392935E+001  0.16266225E+002  0.22279107E+002
 -0.93420357E+000 -0.83851667E+000 -0.56593150E+000 -0.20916439E+000 -0.58187080E-002  0.80280780E-003  0.94996491E+000  0.45870841E+001  0.89331264E+001  0.16255490E+002  0.22268201E+002
 -0.93425967E+000 -0.83865074E+000 -0.56630271E+000 -0.20970480E+000 -0.58229774E-002  0.80130776E-003  0.94854399E+000  0.45841979E+001  0.89278959E+001  0.16246430E+002  0.22258919E+002
 -0.93429986E+000 -0.83875458E+000 -0.56660405E+000 -0.21013351E+000 -0.58224260E-002  0.80239622E-003  0.94743482E+000  0.45817694E+001  0.89234878E+001  0.16238807E+002  0.22251050E+002
 -0.93432866E+000 -0.83883369E+000 -0.56684682E+000 -0.21046991E+000 -0.58196899E-002  0.80438201E-003  0.94657545E+000  0.45797225E+001  0.89197933E+001  0.16232425E+002  0.22244411E+002
 -0.93434929E+000 -0.83889299E+000 -0.56704066E+000 -0.21072974E+000 -0.58157707E-002  0.80667710E-003  0.94591643E+000  0.45779984E+001  0.89167106E+001  0.16227109E+002  0.22238835E+002
 -0.93436407E+000 -0.83893660E+000 -0.56719371E+000 -0.21092599E+000 -0.58112951E-002  0.80899620E-003  0.94541856E+000  0.45765514E+001  0.89141456E+001  0.16222707E+002  0.22234177E+002
 -0.93437466E+000 -0.83896796E+000 -0.56731274E+000 -0.21106947E+000 -0.58066424E-002  0.81121555E-003  0.94505042E+000  0.45753444E+001  0.89120149E+001  0.16219099E+002  0.22230306E+002
 -0.93438226E+000 -0.83898983E+000 -0.56740345E+000 -0.21116920E+000 -0.58020749E-002  0.81329504E-003  0.94478685E+000  0.45743456E+001  0.89102465E+001  0.16216169E+002  0.22227091E+002
 -0.93438772E+000 -0.83900440E+000 -0.56747059E+000 -0.21123272E+000 -0.57976596E-002  0.81521763E-003  0.94460777E+000  0.45735283E+001  0.89087807E+001  0.16213817E+002  0.22224439E+002
 -0.93439167E+000 -0.83901341E+000 -0.56751812E+000 -0.21126628E+000 -0.57934436E-002  0.81699767E-003  0.94449679E+000  0.45728688E+001  0.89075689E+001  0.16211959E+002  0.22222271E+002
 -0.93439454E+000 -0.83901819E+000 -0.56754938E+000 -0.21127519E+000 -0.57894485E-002  0.81864672E-003  0.94444063E+000  0.45723468E+001  0.89065732E+001  0.16210519E+002  0.22220520E+002
 -0.93439665E+000 -0.83901979E+000 -0.56756717E+000 -0.21126384E+000 -0.57856904E-002  0.82017054E-003  0.94442867E+000  0.45719443E+001  0.89057636E+001  0.16209436E+002  0.22219128E+002
 -0.93439822E+000 -0.83901901E+000 -0.56757383E+000 -0.21123595E+000 -0.57821893E-002  0.82157036E-003  0.94445239E+000  0.45716472E+001  0.89051171E+001  0.16208657E+002  0.22218045E+002
 -0.93439943E+000 -0.83901648E+000 -0.56757131E+000 -0.21119459E+000 -0.57789490E-002  0.82285212E-003  0.94450484E+000  0.45714412E+001  0.89046151E+001  0.16208136E+002  0.22217230E+002
 -0.93440038E+000 -0.83901268E+000 -0.56756128E+000 -0.21114240E+000 -0.57759643E-002  0.82402394E-003  0.94458039E+000  0.45713143E+001  0.89042428E+001  0.16207834E+002  0.22216649E+002
 -0.93440114E+000 -0.83900797E+000 -0.56754510E+000 -0.21108152E+000 -0.57732237E-002  0.82509488E-003  0.94467449E+000  0.45712558E+001  0.89039873E+001  0.16207716E+002  0.22216274E+002
 -0.93440178E+000 -0.83900263E+000 -0.56752393E+000 -0.21101379E+000 -0.57707123E-002  0.82607417E-003  0.94478341E+000  0.45712566E+001  0.89038375E+001  0.16207755E+002  0.22216079E+002
 -0.93440233E+000 -0.83899687E+000 -0.56749873E+000 -0.21094073E+000 -0.57684135E-002  0.82697084E-003  0.94490412E+000  0.45713087E+001  0.89037831E+001  0.16207925E+002  0.22216042E+002
 -0.93440281E+000 -0.83899084E+000 -0.56747030E+000 -0.21086363E+000 -0.57663101E-002  0.82779340E-003  0.94503416E+000  0.45714053E+001  0.89038147E+001  0.16208204E+002  0.22216144E+002
 -0.93440324E+000 -0.83898466E+000 -0.56743930E+000 -0.21078358E+000 -0.57643848E-002  0.82854974E-003  0.94517154E+000  0.45715408E+001  0.89039235E+001  0.16208575E+002  0.22216370E+002
 -0.93440363E+000 -0.83897841E+000 -0.56740629E+000 -0.21070148E+000 -0.57626211E-002  0.82924708E-003  0.94531465E+000  0.45717100E+001  0.89041012E+001  0.16209024E+002  0.22216706E+002
 -0.93440397E+000 -0.83897214E+000 -0.56737172E+000 -0.21061812E+000 -0.57610037E-002  0.82989195E-003  0.94546219E+000  0.45719086E+001  0.89043405E+001  0.16209538E+002  0.22217142E+002
 -0.93440426E+000 -0.83896588E+000 -0.56733596E+000 -0.21053414E+000 -0.57595181E-002  0.83049023E-003  0.94561312E+000  0.45721329E+001  0.89046345E+001  0.16210110E+002  0.22217667E+002
 -0.93440451E+000 -0.83895965E+000 -0.56729930E+000 -0.21045010E+000 -0.57581511E-002  0.83104720E-003  0.94576663E+000  0.45723796E+001  0.89049771E+001  0.16210731E+002  0.22218275E+002
 -0.93440470E+000 -0.83895345E+000 -0.56726197E+000 -0.21036647E+000 -0.57568906E-002  0.83156754E-003  0.94592208E+000  0.45726459E+001  0.89053629E+001  0.16211397E+002  0.22218959E+002
 -0.93440482E+000 -0.83894726E+000 -0.56722418E+000 -0.21028362E+000 -0.57557257E-002  0.83205549E-003  0.94607898E+000  0.45729293E+001  0.89057873E+001  0.16212104E+002  0.22219714E+002
 -0.93440486E+000 -0.83894108E+000 -0.56718604E+000 -0.21020188E+000 -0.57546466E-002  0.83251478E-003  0.94623699E+000  0.45732276E+001  0.89062464E+001  0.16212850E+002  0.22220535E+002
 -0.93440480E+000 -0.83893485E+000 -0.56714767E+000 -0.21012151E+000 -0.57536443E-002  0.83294880E-003  0.94639584E+000  0.45735391E+001  0.89067368E+001  0.16213634E+002  0.22221420E+002
 -0.93440462E+000 -0.83892856E+000 -0.56710913E+000 -0.21004273E+000 -0.57527105E-002  0.83336055E-003  0.94655537E+000  0.45738621E+001  0.89072557E+001  0.16214455E+002  0.22222367E+002
 -0.93440431E+000 -0.83892216E+000 -0.56707046E+000 -0.20996569E+000 -0.57518381E-002  0.83375275E-003  0.94671548E+000  0.45741953E+001  0.89078009E+001  0.16215314E+002  0.22223372E+002
 -0.93440383E+000 -0.83891561E+000 -0.56703166E+000 -0.20989052E+000 -0.57510203E-002  0.83412784E-003  0.94687615E+000  0.45745375E+001  0.89083705E+001  0.16216209E+002  0.22224435E+002
 -0.93440318E+000 -0.83890886E+000 -0.56699275E+000 -0.20981730E+000 -0.57502512E-002  0.83448799E-003  0.94703736E+000  0.45748879E+001  0.89089631E+001  0.16217143E+002  0.22225554E+002
 -0.93440231E+000 -0.83890185E+000 -0.56695369E+000 -0.20974606E+000 -0.57495252E-002  0.83483516E-003  0.94719917E+000  0.45752456E+001  0.89095773E+001  0.16218114E+002  0.22226729E+002
 -0.93440121E+000 -0.83889455E+000 -0.56691444E+000 -0.20967684E+000 -0.57488375E-002  0.83517109E-003  0.94736164E+000  0.45756100E+001  0.89102123E+001  0.16219123E+002  0.22227959E+002
 -0.93439986E+000 -0.83888690E+000 -0.56687497E+000 -0.20960961E+000 -0.57481837E-002  0.83549733E-003  0.94752483E+000  0.45759808E+001  0.89108672E+001  0.16220169E+002  0.22229243E+002
 -0.93439822E+000 -0.83887886E+000 -0.56683523E+000 -0.20954433E+000 -0.57475598E-002  0.83581527E-003  0.94768882E+000  0.45763576E+001  0.89115413E+001  0.16221253E+002  0.22230581E+002
 -0.93439628E+000 -0.83887037E+000 -0.56679516E+000 -0.20948096E+000 -0.57469621E-002  0.83612612E-003  0.94785370E+000  0.45767402E+001  0.89122341E+001  0.16222373E+002  0.22231971E+002
 -0.93439399E+000 -0.83886139E+000 -0.56675471E+000 -0.20941940E+000 -0.57463874E-002  0.83643096E-003  0.94801953E+000  0.45771285E+001  0.89129448E+001  0.16223530E+002  0.22233412E+002
 -0.93439135E+000 -0.83885189E+000 -0.56671384E+000 -0.20935958E+000 -0.57458329E-002  0.83673070E-003  0.94818635E+000  0.45775223E+001  0.89136730E+001  0.16224722E+002  0.22234903E+002
 -0.93438834E+000 -0.83884183E+000 -0.56667249E+000 -0.20930140E+000 -0.57452960E-002  0.83702613E-003  0.94835419E+000  0.45779217E+001  0.89144180E+001  0.16225947E+002  0.22236441E+002
 -0.93438492E+000 -0.83883117E+000 -0.56663063E+000 -0.20924476E+000 -0.57447744E-002  0.83731792E-003  0.94852307E+000  0.45783266E+001  0.89151790E+001  0.16227206E+002  0.22238024E+002
 -0.93438108E+000 -0.83881989E+000 -0.56658823E+000 -0.20918955E+000 -0.57442663E-002  0.83760658E-003  0.94869296E+000  0.45787370E+001  0.89159556E+001  0.16228496E+002  0.22239649E+002
 -0.93437681E+000 -0.83880799E+000 -0.56654529E+000 -0.20913567E+000 -0.57437698E-002  0.83789255E-003  0.94886381E+000  0.45791529E+001  0.89167468E+001  0.16229817E+002  0.22241312E+002
 -0.93437210E+000 -0.83879544E+000 -0.56650178E+000 -0.20908304E+000 -0.57432837E-002  0.83817612E-003  0.94903555E+000  0.45795742E+001  0.89175519E+001  0.16231167E+002  0.22243010E+002
 -0.93436693E+000 -0.83878224E+000 -0.56645773E+000 -0.20903155E+000 -0.57428067E-002  0.83845748E-003  0.94920806E+000  0.45800008E+001  0.89183702E+001  0.16232545E+002  0.22244738E+002
 -0.93436132E+000 -0.83876840E+000 -0.56641314E+000 -0.20898113E+000 -0.57423381E-002  0.83873674E-003  0.94938121E+000  0.45804326E+001  0.89192006E+001  0.16233949E+002  0.22246491E+002
 -0.93435525E+000 -0.83875394E+000 -0.56636806E+000 -0.20893172E+000 -0.57418771E-002  0.83901390E-003  0.94955482E+000  0.45808693E+001  0.89200424E+001  0.16235378E+002  0.22248265E+002
 -0.93434874E+000 -0.83873887E+000 -0.56632254E+000 -0.20888327E+000 -0.57414233E-002  0.83928888E-003  0.94972871E+000  0.45813108E+001  0.89208947E+001  0.16236830E+002  0.22250053E+002
 -0.93434179E+000 -0.83872323E+000 -0.56627663E+000 -0.20883573E+000 -0.57409763E-002  0.83956153E-003  0.94990265E+000  0.45817567E+001  0.89217563E+001  0.16238302E+002  0.22251850E+002
 -0.93433443E+000 -0.83870704E+000 -0.56623040E+000 -0.20878908E+000 -0.57405362E-002  0.83983162E-003  0.95007640E+000  0.45822066E+001  0.89226265E+001  0.16239793E+002  0.22253651E+002
 -0.93432666E+000 -0.83869036E+000 -0.56618394E+000 -0.20874329E+000 -0.57401029E-002  0.84009886E-003  0.95024970E+000  0.45826600E+001  0.89235041E+001  0.16241300E+002  0.22255450E+002
 -0.93431851E+000 -0.83867323E+000 -0.56613735E+000 -0.20869837E+000 -0.57396767E-002  0.84036295E-003  0.95042226E+000  0.45831165E+001  0.89243881E+001  0.16242820E+002  0.22257241E+002
 -0.93431001E+000 -0.83865571E+000 -0.56609071E+000 -0.20865432E+000 -0.57392579E-002  0.84062349E-003  0.95059380E+000  0.45835755E+001  0.89252772E+001  0.16244349E+002  0.22259019E+002
 -0.93430119E+000 -0.83863786E+000 -0.56604413E+000 -0.20861115E+000 -0.57388469E-002  0.84088010E-003  0.95076402E+000  0.45840363E+001  0.89261703E+001  0.16245884E+002  0.22260779E+002
 -0.93429209E+000 -0.83861973E+000 -0.56599772E+000 -0.20856888E+000 -0.57384440E-002  0.84113237E-003  0.95093262E+000  0.45844984E+001  0.89270659E+001  0.16247421E+002  0.22262513E+002
 -0.93428274E+000 -0.83860139E+000 -0.56595160E+000 -0.20852754E+000 -0.57380498E-002  0.84137990E-003  0.95109930E+000  0.45849609E+001  0.89279625E+001  0.16248956E+002  0.22264219E+002
 -0.93427317E+000 -0.83858292E+000 -0.56590586E+000 -0.20848714E+000 -0.57376648E-002  0.84162227E-003  0.95126377E+000  0.45854230E+001  0.89288584E+001  0.16250485E+002  0.22265891E+002
 -0.93426342E+000 -0.83856436E+000 -0.56586062E+000 -0.20844773E+000 -0.57372894E-002  0.84185911E-003  0.95142574E+000  0.45858840E+001  0.89297520E+001  0.16252002E+002  0.22267523E+002
 -0.93425354E+000 -0.83854579E+000 -0.56581599E+000 -0.20840931E+000 -0.57369240E-002  0.84209007E-003  0.95158494E+000  0.45863430E+001  0.89306412E+001  0.16253504E+002  0.22269113E+002
 -0.93424356E+000 -0.83852726E+000 -0.56577204E+000 -0.20837191E+000 -0.57365690E-002  0.84231486E-003  0.95174112E+000  0.45867991E+001  0.89315241E+001  0.16254985E+002  0.22270655E+002
 -0.93423352E+000 -0.83850884E+000 -0.56572888E+000 -0.20833555E+000 -0.57362247E-002  0.84253320E-003  0.95189405E+000  0.45872514E+001  0.89323984E+001  0.16256442E+002  0.22272147E+002
 -0.93422345E+000 -0.83849058E+000 -0.56568658E+000 -0.20830025E+000 -0.57358912E-002  0.84274491E-003  0.95204353E+000  0.45876988E+001  0.89332620E+001  0.16257868E+002  0.22273585E+002
 -0.93421339E+000 -0.83847252E+000 -0.56564521E+000 -0.20826600E+000 -0.57355688E-002  0.84294984E-003  0.95218935E+000  0.45881405E+001  0.89341126E+001  0.16259261E+002  0.22274967E+002
 -0.93420337E+000 -0.83845472E+000 -0.56560483E+000 -0.20823280E+000 -0.57352573E-002  0.84314790E-003  0.95233136E+000  0.45885753E+001  0.89349478E+001  0.16260616E+002  0.22276291E+002
 -0.93419342E+000 -0.83843721E+000 -0.56556549E+000 -0.20820066E+000 -0.57349567E-002  0.84333907E-003  0.95246940E+000  0.45890024E+001  0.89357655E+001  0.16261929E+002  0.22277554E+002
 -0.93418357E+000 -0.83842003E+000 -0.56552722E+000 -0.20816956E+000 -0.57346670E-002  0.84352335E-003  0.95260335E+000  0.45894207E+001  0.89365633E+001  0.16263198E+002  0.22278757E+002
 -0.93417384E+000 -0.83840321E+000 -0.56549006E+000 -0.20813949E+000 -0.57343878E-002  0.84370081E-003  0.95273310E+000  0.45898293E+001  0.89373393E+001  0.16264419E+002  0.22279897E+002
 -0.93416425E+000 -0.83838676E+000 -0.56545402E+000 -0.20811042E+000 -0.57341190E-002  0.84387155E-003  0.95285854E+000  0.45902271E+001  0.89380914E+001  0.16265590E+002  0.22280976E+002
 -0.93415483E+000 -0.83837073E+000 -0.56541911E+000 -0.20808234E+000 -0.57338603E-002  0.84403570E-003  0.95297959E+000  0.45906133E+001  0.89388177E+001  0.16266709E+002  0.22281993E+002
 -0.93414559E+000 -0.83835511E+000 -0.56538535E+000 -0.20805522E+000 -0.57336114E-002  0.84419339E-003  0.95309617E+000  0.45909869E+001  0.89395168E+001  0.16267775E+002  0.22282949E+002
 -0.93413655E+000 -0.83833993E+000 -0.56535274E+000 -0.20802905E+000 -0.57333720E-002  0.84434477E-003  0.95320818E+000  0.45913472E+001  0.89401871E+001  0.16268788E+002  0.22283846E+002
 -0.93412773E+000 -0.83832520E+000 -0.56532126E+000 -0.20800380E+000 -0.57331418E-002  0.84448998E-003  0.95331557E+000  0.45916934E+001  0.89408276E+001  0.16269745E+002  0.22284684E+002
 -0.93411914E+000 -0.83831094E+000 -0.56529092E+000 -0.20797945E+000 -0.57329206E-002  0.84462917E-003  0.95341826E+000  0.45920249E+001  0.89414372E+001  0.16270648E+002  0.22285465E+002
 -0.93411079E+000 -0.83829714E+000 -0.56526172E+000 -0.20795600E+000 -0.57327080E-002  0.84476246E-003  0.95351617E+000  0.45923410E+001  0.89420153E+001  0.16271497E+002  0.22286192E+002
 -0.93410270E+000 -0.83828383E+000 -0.56523365E+000 -0.20793342E+000 -0.57325041E-002  0.84488995E-003  0.95360925E+000  0.45926412E+001  0.89425613E+001  0.16272293E+002  0.22286866E+002
 -0.93409488E+000 -0.83827100E+000 -0.56520670E+000 -0.20791172E+000 -0.57323085E-002  0.84501174E-003  0.95369742E+000  0.45929253E+001  0.89430752E+001  0.16273036E+002  0.22287490E+002
 -0.93408734E+000 -0.83825867E+000 -0.56518088E+000 -0.20789089E+000 -0.57321211E-002  0.84512790E-003  0.95378065E+000  0.45931928E+001  0.89435568E+001  0.16273728E+002  0.22288065E+002
 -0.93408010E+000 -0.83824684E+000 -0.56515618E+000 -0.20787092E+000 -0.57319420E-002  0.84523850E-003  0.95385887E+000  0.45934437E+001  0.89440063E+001  0.16274371E+002  0.22288595E+002
 -0.93407315E+000 -0.83823551E+000 -0.56513261E+000 -0.20785182E+000 -0.57317709E-002  0.84534360E-003  0.95393207E+000  0.45936779E+001  0.89444242E+001  0.16274966E+002  0.22289082E+002
 -0.93406650E+000 -0.83822471E+000 -0.56511015E+000 -0.20783359E+000 -0.57316078E-002  0.84544323E-003  0.95400023E+000  0.45938954E+001  0.89448109E+001  0.16275514E+002  0.22289527E+002
 -0.93406018E+000 -0.83821442E+000 -0.56508882E+000 -0.20781623E+000 -0.57314526E-002  0.84553746E-003  0.95406335E+000  0.45940964E+001  0.89451672E+001  0.16276019E+002  0.22289933E+002
 -0.93405417E+000 -0.83820465E+000 -0.56506861E+000 -0.20779975E+000 -0.57313054E-002  0.84562632E-003  0.95412146E+000  0.45942811E+001  0.89454939E+001  0.16276481E+002  0.22290303E+002
 -0.93404849E+000 -0.83819540E+000 -0.56504951E+000 -0.20778413E+000 -0.57311659E-002  0.84570990E-003  0.95417461E+000  0.45944498E+001  0.89457919E+001  0.16276904E+002  0.22290638E+002
 -0.93404314E+000 -0.83818668E+000 -0.56503154E+000 -0.20776939E+000 -0.57310342E-002  0.84578825E-003  0.95422286E+000  0.45946030E+001  0.89460622E+001  0.16277287E+002  0.22290940E+002
 -0.93403811E+000 -0.83817849E+000 -0.56501467E+000 -0.20775552E+000 -0.57309102E-002  0.84586147E-003  0.95426630E+000  0.45947412E+001  0.89463060E+001  0.16277635E+002  0.22291212E+002
 -0.93403342E+000 -0.83817081E+000 -0.56499890E+000 -0.20774251E+000 -0.57307937E-002  0.84592965E-003  0.95430504E+000  0.45948648E+001  0.89465244E+001  0.16277948E+002  0.22291454E+002
 -0.93402906E+000 -0.83816366E+000 -0.56498422E+000 -0.20773036E+000 -0.57306846E-002  0.84599291E-003  0.95433921E+000  0.45949743E+001  0.89467184E+001  0.16278228E+002  0.22291669E+002
 -0.93402503E+000 -0.83815701E+000 -0.56497061E+000 -0.20771906E+000 -0.57305828E-002  0.84605139E-003  0.95436897E+000  0.45950706E+001  0.89468895E+001  0.16278477E+002  0.22291858E+002
 -0.93402131E+000 -0.83815087E+000 -0.56495807E+000 -0.20770858E+000 -0.57304880E-002  0.84610523E-003  0.95439446E+000  0.45951540E+001  0.89470386E+001  0.16278697E+002  0.22292022E+002
 -0.93401792E+000 -0.83814523E+000 -0.56494656E+000 -0.20769892E+000 -0.57304002E-002  0.84615459E-003  0.95441588E+000  0.45952254E+001  0.89471671E+001  0.16278889E+002  0.22292163E+002
 -0.93401484E+000 -0.83814007E+000 -0.56493606E+000 -0.20769006E+000 -0.57303190E-002  0.84619964E-003  0.95443340E+000  0.45952853E+001  0.89472760E+001  0.16279056E+002  0.22292283E+002
 -0.93401206E+000 -0.83813538E+000 -0.56492655E+000 -0.20768197E+000 -0.57302443E-002  0.84624056E-003  0.95444722E+000  0.45953344E+001  0.89473666E+001  0.16279197E+002  0.22292381E+002
 -0.93400958E+000 -0.83813115E+000 -0.56491800E+000 -0.20767463E+000 -0.57301758E-002  0.84627756E-003  0.95445754E+000  0.45953733E+001  0.89474400E+001  0.16279315E+002  0.22292460E+002
 -0.93400738E+000 -0.83812736E+000 -0.56491037E+000 -0.20766802E+000 -0.57301132E-002  0.84631082E-003  0.95446456E+000  0.45954028E+001  0.89474971E+001  0.16279411E+002  0.22292521E+002
 -0.93400545E+000 -0.83812400E+000 -0.56490362E+000 -0.20766209E+000 -0.57300564E-002  0.84634056E-003  0.95446850E+000  0.45954233E+001  0.89475392E+001  0.16279487E+002  0.22292564E+002
 -0.93400379E+000 -0.83812104E+000 -0.56489773E+000 -0.20765684E+000 -0.57300049E-002  0.84636698E-003  0.95446954E+000  0.45954356E+001  0.89475672E+001  0.16279543E+002  0.22292592E+002
 -0.93400237E+000 -0.83811847E+000 -0.56489264E+000 -0.20765221E+000 -0.57299586E-002  0.84639030E-003  0.95446790E+000  0.45954402E+001  0.89475821E+001  0.16279581E+002  0.22292603E+002
 -0.93400120E+000 -0.83811628E+000 -0.56488832E+000 -0.20764818E+000 -0.57299170E-002  0.84641072E-003  0.95446378E+000  0.45954377E+001  0.89475849E+001  0.16279602E+002  0.22292601E+002
 -0.93400024E+000 -0.83811443E+000 -0.56488473E+000 -0.20764472E+000 -0.57298800E-002  0.84642846E-003  0.95445738E+000  0.45954286E+001  0.89475764E+001  0.16279608E+002  0.22292585E+002
 -0.93399950E+000 -0.83811291E+000 -0.56488182E+000 -0.20764179E+000 -0.57298472E-002  0.84644373E-003  0.95444888E+000  0.45954135E+001  0.89475575E+001  0.16279598E+002  0.22292557E+002
 -0.93399895E+000 -0.83811170E+000 -0.56487954E+000 -0.20763936E+000 -0.57298183E-002  0.84645673E-003  0.95443848E+000  0.45953929E+001  0.89475292E+001  0.16279575E+002  0.22292517E+002
 -0.93399859E+000 -0.83811077E+000 -0.56487786E+000 -0.20763739E+000 -0.57297931E-002  0.84646764E-003  0.95442634E+000  0.45953673E+001  0.89474922E+001  0.16279540E+002  0.22292467E+002
 -0.93399839E+000 -0.83811012E+000 -0.56487673E+000 -0.20763585E+000 -0.57297712E-002  0.84647668E-003  0.95441266E+000  0.45953371E+001  0.89474472E+001  0.16279493E+002  0.22292407E+002
 -0.93399835E+000 -0.83810970E+000 -0.56487610E+000 -0.20763471E+000 -0.57297524E-002  0.84648401E-003  0.95439758E+000  0.45953029E+001  0.89473952E+001  0.16279435E+002  0.22292339E+002
 -0.93399845E+000 -0.83810952E+000 -0.56487594E+000 -0.20763393E+000 -0.57297364E-002  0.84648981E-003  0.95438127E+000  0.45952651E+001  0.89473367E+001  0.16279368E+002  0.22292262E+002
 -0.93399868E+000 -0.83810954E+000 -0.56487620E+000 -0.20763348E+000 -0.57297229E-002  0.84649424E-003  0.95436389E+000  0.45952240E+001  0.89472726E+001  0.16279293E+002  0.22292178E+002
 -0.93399903E+000 -0.83810974E+000 -0.56487685E+000 -0.20763333E+000 -0.57297118E-002  0.84649745E-003  0.95434557E+000  0.45951801E+001  0.89472033E+001  0.16279210E+002  0.22292088E+002
 -0.93399948E+000 -0.83811012E+000 -0.56487784E+000 -0.20763345E+000 -0.57297027E-002  0.84649960E-003  0.95432644E+000  0.45951338E+001  0.89471297E+001  0.16279120E+002  0.22291993E+002
 -0.93400003E+000 -0.83811065E+000 -0.56487913E+000 -0.20763382E+000 -0.57296956E-002  0.84650082E-003  0.95430665E+000  0.45950853E+001  0.89470523E+001  0.16279024E+002  0.22291892E+002
 -0.93400066E+000 -0.83811131E+000 -0.56488070E+000 -0.20763440E+000 -0.57296901E-002  0.84650123E-003  0.95428630E+000  0.45950351E+001  0.89469716E+001  0.16278923E+002  0.22291788E+002
 -0.93400136E+000 -0.83811208E+000 -0.56488251E+000 -0.20763517E+000 -0.57296861E-002  0.84650095E-003  0.95426552E+000  0.45949835E+001  0.89468883E+001  0.16278818E+002  0.22291680E+002
 -0.93400212E+000 -0.83811296E+000 -0.56488452E+000 -0.20763611E+000 -0.57296833E-002  0.84650010E-003  0.95424441E+000  0.45949307E+001  0.89468028E+001  0.16278710E+002  0.22291570E+002
 -0.93400293E+000 -0.83811393E+000 -0.56488671E+000 -0.20763719E+000 -0.57296817E-002  0.84649879E-003  0.95422307E+000  0.45948771E+001  0.89467156E+001  0.16278598E+002  0.22291457E+002
 -0.93400379E+000 -0.83811496E+000 -0.56488904E+000 -0.20763838E+000 -0.57296811E-002  0.84649710E-003  0.95420161E+000  0.45948229E+001  0.89466273E+001  0.16278485E+002  0.22291343E+002
 -0.93400467E+000 -0.83811606E+000 -0.56489147E+000 -0.20763967E+000 -0.57296812E-002  0.84649515E-003  0.95418012E+000  0.45947685E+001  0.89465383E+001  0.16278370E+002  0.22291228E+002
 -0.93400558E+000 -0.83811720E+000 -0.56489400E+000 -0.20764103E+000 -0.57296820E-002  0.84649301E-003  0.95415867E+000  0.45947139E+001  0.89464490E+001  0.16278254E+002  0.22291113E+002
 -0.93400650E+000 -0.83811837E+000 -0.56489658E+000 -0.20764244E+000 -0.57296833E-002  0.84649078E-003  0.95413737E+000  0.45946595E+001  0.89463597E+001  0.16278138E+002  0.22290998E+002
 -0.93400743E+000 -0.83811955E+000 -0.56489919E+000 -0.20764388E+000 -0.57296849E-002  0.84648853E-003  0.95411627E+000  0.45946055E+001  0.89462710E+001  0.16278022E+002  0.22290883E+002
 -0.93400836E+000 -0.83812074E+000 -0.56490180E+000 -0.20764533E+000 -0.57296866E-002  0.84648634E-003  0.95409545E+000  0.45945520E+001  0.89461831E+001  0.16277907E+002  0.22290770E+002
 -0.93400927E+000 -0.83812193E+000 -0.56490440E+000 -0.20764677E+000 -0.57296885E-002  0.84648428E-003  0.95407499E+000  0.45944994E+001  0.89460964E+001  0.16277794E+002  0.22290658E+002
 -0.93401018E+000 -0.83812310E+000 -0.56490696E+000 -0.20764819E+000 -0.57296903E-002  0.84648242E-003  0.95405493E+000  0.45944477E+001  0.89460112E+001  0.16277682E+002  0.22290548E+002
 -0.93401105E+000 -0.83812425E+000 -0.56490945E+000 -0.20764957E+000 -0.57296919E-002  0.84648082E-003  0.95403535E+000  0.45943971E+001  0.89459277E+001  0.16277572E+002  0.22290441E+002
 -0.93401191E+000 -0.83812536E+000 -0.56491187E+000 -0.20765089E+000 -0.57296932E-002  0.84647954E-003  0.95401629E+000  0.45943477E+001  0.89458463E+001  0.16277466E+002  0.22290336E+002
 -0.93401272E+000 -0.83812643E+000 -0.56491418E+000 -0.20765214E+000 -0.57296942E-002  0.84647863E-003  0.95399780E+000  0.45942998E+001  0.89457673E+001  0.16277362E+002  0.22290234E+002
 -0.93401350E+000 -0.83812744E+000 -0.56491638E+000 -0.20765330E+000 -0.57296946E-002  0.84647814E-003  0.95397992E+000  0.45942534E+001  0.89456907E+001  0.16277261E+002  0.22290136E+002
 -0.93401423E+000 -0.83812840E+000 -0.56491845E+000 -0.20765437E+000 -0.57296945E-002  0.84647812E-003  0.95396270E+000  0.45942086E+001  0.89456168E+001  0.16277164E+002  0.22290041E+002
 -0.93401492E+000 -0.83812929E+000 -0.56492037E+000 -0.20765533E+000 -0.57296937E-002  0.84647860E-003  0.95394616E+000  0.45941655E+001  0.89455459E+001  0.16277072E+002  0.22289951E+002
 -0.93401556E+000 -0.83813011E+000 -0.56492214E+000 -0.20765617E+000 -0.57296922E-002  0.84647962E-003  0.95393032E+000  0.45941243E+001  0.89454780E+001  0.16276983E+002  0.22289864E+002
 -0.93401614E+000 -0.83813085E+000 -0.56492374E+000 -0.20765689E+000 -0.57296900E-002  0.84648120E-003  0.95391523E+000  0.45940849E+001  0.89454132E+001  0.16276899E+002  0.22289781E+002
 -0.93401666E+000 -0.83813151E+000 -0.56492517E+000 -0.20765749E+000 -0.57296869E-002  0.84648337E-003  0.95390088E+000  0.45940475E+001  0.89453518E+001  0.16276819E+002  0.22289703E+002
 -0.93401713E+000 -0.83813209E+000 -0.56492641E+000 -0.20765794E+000 -0.57296829E-002  0.84648615E-003  0.95388730E+000  0.45940121E+001  0.89452937E+001  0.16276744E+002  0.22289629E+002
 -0.93401753E+000 -0.83813259E+000 -0.56492747E+000 -0.20765825E+000 -0.57296780E-002  0.84648955E-003  0.95387450E+000  0.45939786E+001  0.89452390E+001  0.16276673E+002  0.22289560E+002
 -0.93401788E+000 -0.83813300E+000 -0.56492834E+000 -0.20765843E+000 -0.57296722E-002  0.84649358E-003  0.95386247E+000  0.45939472E+001  0.89451877E+001  0.16276608E+002  0.22289496E+002
 -0.93401816E+000 -0.83813332E+000 -0.56492901E+000 -0.20765846E+000 -0.57296654E-002  0.84649824E-003  0.95385122E+000  0.45939179E+001  0.89451400E+001  0.16276547E+002  0.22289436E+002
 -0.93401838E+000 -0.83813355E+000 -0.56492950E+000 -0.20765834E+000 -0.57296576E-002  0.84650354E-003  0.95384074E+000  0.45938905E+001  0.89450957E+001  0.16276491E+002  0.22289381E+002
 -0.93401854E+000 -0.83813369E+000 -0.56492979E+000 -0.20765808E+000 -0.57296489E-002  0.84650947E-003  0.95383104E+000  0.45938652E+001  0.89450549E+001  0.16276440E+002  0.22289330E+002
 -0.93401864E+000 -0.83813374E+000 -0.56492989E+000 -0.20765768E+000 -0.57296392E-002  0.84651601E-003  0.95382208E+000  0.45938419E+001  0.89450174E+001  0.16276394E+002  0.22289284E+002
 -0.93401868E+000 -0.83813371E+000 -0.56492980E+000 -0.20765713E+000 -0.57296286E-002  0.84652316E-003  0.95381386E+000  0.45938205E+001  0.89449834E+001  0.16276353E+002  0.22289243E+002
 -0.93401866E+000 -0.83813360E+000 -0.56492954E+000 -0.20765645E+000 -0.57296171E-002  0.84653091E-003  0.95380637E+000  0.45938010E+001  0.89449526E+001  0.16276316E+002  0.22289206E+002
 -0.93401859E+000 -0.83813340E+000 -0.56492909E+000 -0.20765564E+000 -0.57296046E-002  0.84653922E-003  0.95379957E+000  0.45937834E+001  0.89449250E+001  0.16276284E+002  0.22289173E+002
 -0.93401846E+000 -0.83813312E+000 -0.56492848E+000 -0.20765470E+000 -0.57295913E-002  0.84654808E-003  0.95379346E+000  0.45937676E+001  0.89449005E+001  0.16276256E+002  0.22289144E+002
 -0.93401828E+000 -0.83813277E+000 -0.56492770E+000 -0.20765365E+000 -0.57295772E-002  0.84655746E-003  0.95378799E+000  0.45937535E+001  0.89448790E+001  0.16276232E+002  0.22289119E+002
 -0.93401805E+000 -0.83813235E+000 -0.56492677E+000 -0.20765247E+000 -0.57295622E-002  0.84656733E-003  0.95378315E+000  0.45937411E+001  0.89448603E+001  0.16276213E+002  0.22289098E+002
 -0.93401778E+000 -0.83813186E+000 -0.56492569E+000 -0.20765119E+000 -0.57295466E-002  0.84657766E-003  0.95377890E+000  0.45937303E+001  0.89448444E+001  0.16276197E+002  0.22289081E+002
 -0.93401746E+000 -0.83813131E+000 -0.56492448E+000 -0.20764981E+000 -0.57295302E-002  0.84658841E-003  0.95377522E+000  0.45937210E+001  0.89448311E+001  0.16276185E+002  0.22289067E+002
 -0.93401711E+000 -0.83813069E+000 -0.56492314E+000 -0.20764834E+000 -0.57295133E-002  0.84659956E-003  0.95377207E+000  0.45937131E+001  0.89448203E+001  0.16276176E+002  0.22289057E+002
 -0.93401671E+000 -0.83813003E+000 -0.56492168E+000 -0.20764678E+000 -0.57294957E-002  0.84661105E-003  0.95376941E+000  0.45937065E+001  0.89448118E+001  0.16276171E+002  0.22289049E+002
 -0.93401629E+000 -0.83812931E+000 -0.56492012E+000 -0.20764515E+000 -0.57294777E-002  0.84662286E-003  0.95376723E+000  0.45937012E+001  0.89448054E+001  0.16276169E+002  0.22289044E+002
 -0.93401583E+000 -0.83812855E+000 -0.56491846E+000 -0.20764345E+000 -0.57294592E-002  0.84663493E-003  0.95376547E+000  0.45936971E+001  0.89448010E+001  0.16276169E+002  0.22289042E+002
 -0.93401535E+000 -0.83812775E+000 -0.56491671E+000 -0.20764169E+000 -0.57294403E-002  0.84664724E-003  0.95376412E+000  0.45936940E+001  0.89447985E+001  0.16276172E+002  0.22289043E+002
 -0.93401484E+000 -0.83812692E+000 -0.56491490E+000 -0.20763989E+000 -0.57294211E-002  0.84665974E-003  0.95376313E+000  0.45936919E+001  0.89447976E+001  0.16276178E+002  0.22289045E+002
 -0.93401432E+000 -0.83812605E+000 -0.56491302E+000 -0.20763804E+000 -0.57294017E-002  0.84667238E-003  0.95376247E+000  0.45936907E+001  0.89447983E+001  0.16276185E+002  0.22289050E+002
 -0.93401377E+000 -0.83812517E+000 -0.56491109E+000 -0.20763616E+000 -0.57293821E-002  0.84668513E-003  0.95376211E+000  0.45936903E+001  0.89448004E+001  0.16276195E+002  0.22289056E+002
 -0.93401322E+000 -0.83812426E+000 -0.56490912E+000 -0.20763425E+000 -0.57293624E-002  0.84669794E-003  0.95376201E+000  0.45936906E+001  0.89448037E+001  0.16276206E+002  0.22289064E+002
 -0.93401265E+000 -0.83812334E+000 -0.56490712E+000 -0.20763233E+000 -0.57293427E-002  0.84671077E-003  0.95376215E+000  0.45936916E+001  0.89448081E+001  0.16276218E+002  0.22289073E+002
 -0.93401208E+000 -0.83812241E+000 -0.56490510E+000 -0.20763040E+000 -0.57293230E-002  0.84672358E-003  0.95376250E+000  0.45936931E+001  0.89448134E+001  0.16276232E+002  0.22289083E+002
 -0.93401151E+000 -0.83812148E+000 -0.56490307E+000 -0.20762848E+000 -0.57293035E-002  0.84673633E-003  0.95376301E+000  0.45936950E+001  0.89448195E+001  0.16276247E+002  0.22289094E+002
 -0.93401093E+000 -0.83812054E+000 -0.56490104E+000 -0.20762656E+000 -0.57292841E-002  0.84674898E-003  0.95376368E+000  0.45936974E+001  0.89448263E+001  0.16276262E+002  0.22289107E+002
 -0.93401036E+000 -0.83811961E+000 -0.56489902E+000 -0.20762465E+000 -0.57292649E-002  0.84676149E-003  0.95376446E+000  0.45937001E+001  0.89448337E+001  0.16276279E+002  0.22289119E+002
 -0.93400979E+000 -0.83811868E+000 -0.56489702E+000 -0.20762277E+000 -0.57292460E-002  0.84677382E-003  0.95376534E+000  0.45937030E+001  0.89448415E+001  0.16276296E+002  0.22289133E+002
 -0.93400923E+000 -0.83811777E+000 -0.56489504E+000 -0.20762092E+000 -0.57292275E-002  0.84678595E-003  0.95376629E+000  0.45937061E+001  0.89448496E+001  0.16276313E+002  0.22289146E+002
 -0.93400867E+000 -0.83811687E+000 -0.56489310E+000 -0.20761910E+000 -0.57292094E-002  0.84679784E-003  0.95376729E+000  0.45937094E+001  0.89448579E+001  0.16276331E+002  0.22289160E+002
 -0.93400813E+000 -0.83811599E+000 -0.56489120E+000 -0.20761732E+000 -0.57291918E-002  0.84680945E-003  0.95376832E+000  0.45937127E+001  0.89448664E+001  0.16276348E+002  0.22289174E+002
 -0.93400761E+000 -0.83811514E+000 -0.56488935E+000 -0.20761559E+000 -0.57291747E-002  0.84682075E-003  0.95376936E+000  0.45937161E+001  0.89448749E+001  0.16276366E+002  0.22289188E+002
 -0.93400710E+000 -0.83811431E+000 -0.56488755E+000 -0.20761391E+000 -0.57291581E-002  0.84683172E-003  0.95377040E+000  0.45937194E+001  0.89448834E+001  0.16276383E+002  0.22289201E+002
 -0.93400660E+000 -0.83811350E+000 -0.56488581E+000 -0.20761228E+000 -0.57291422E-002  0.84684234E-003  0.95377142E+000  0.45937228E+001  0.89448918E+001  0.16276400E+002  0.22289215E+002
 -0.93400613E+000 -0.83811272E+000 -0.56488414E+000 -0.20761071E+000 -0.57291270E-002  0.84685257E-003  0.95377240E+000  0.45937260E+001  0.89449000E+001  0.16276417E+002  0.22289228E+002
 -0.93400567E+000 -0.83811198E+000 -0.56488254E+000 -0.20760921E+000 -0.57291125E-002  0.84686239E-003  0.95377334E+000  0.45937291E+001  0.89449081E+001  0.16276433E+002  0.22289241E+002
 -0.93400524E+000 -0.83811127E+000 -0.56488101E+000 -0.20760777E+000 -0.57290987E-002  0.84687179E-003  0.95377422E+000  0.45937321E+001  0.89449159E+001  0.16276449E+002  0.22289253E+002
 -0.93400483E+000 -0.83811060E+000 -0.56487957E+000 -0.20760640E+000 -0.57290857E-002  0.84688075E-003  0.95377505E+000  0.45937349E+001  0.89449235E+001  0.16276465E+002  0.22289265E+002
 -0.93400445E+000 -0.83810996E+000 -0.56487820E+000 -0.20760510E+000 -0.57290735E-002  0.84688925E-003  0.95377580E+000  0.45937376E+001  0.89449308E+001  0.16276480E+002  0.22289277E+002
 -0.93400408E+000 -0.83810936E+000 -0.56487692E+000 -0.20760388E+000 -0.57290622E-002  0.84689728E-003  0.95377648E+000  0.45937401E+001  0.89449378E+001  0.16276494E+002  0.22289288E+002
 -0.93400375E+000 -0.83810880E+000 -0.56487572E+000 -0.20760273E+000 -0.57290517E-002  0.84690482E-003  0.95377709E+000  0.45937425E+001  0.89449446E+001  0.16276508E+002  0.22289299E+002
 -0.93400344E+000 -0.83810828E+000 -0.56487462E+000 -0.20760166E+000 -0.57290421E-002  0.84691187E-003  0.95377762E+000  0.45937447E+001  0.89449511E+001  0.16276522E+002  0.22289309E+002
 -0.93400315E+000 -0.83810780E+000 -0.56487360E+000 -0.20760066E+000 -0.57290335E-002  0.84691843E-003  0.95377807E+000  0.45937467E+001  0.89449574E+001  0.16276535E+002  0.22289319E+002
 -0.93400289E+000 -0.83810736E+000 -0.56487268E+000 -0.20759975E+000 -0.57290258E-002  0.84692447E-003  0.95377844E+000  0.45937485E+001  0.89449634E+001  0.16276548E+002  0.22289329E+002
 -0.93400266E+000 -0.83810697E+000 -0.56487185E+000 -0.20759891E+000 -0.57290190E-002  0.84693001E-003  0.95377874E+000  0.45937503E+001  0.89449693E+001  0.16276561E+002  0.22289339E+002
 -0.93400245E+000 -0.83810662E+000 -0.56487111E+000 -0.20759816E+000 -0.57290132E-002  0.84693504E-003  0.95377897E+000  0.45937519E+001  0.89449751E+001  0.16276573E+002  0.22289349E+002
 -0.93400227E+000 -0.83810631E+000 -0.56487047E+000 -0.20759748E+000 -0.57290083E-002  0.84693957E-003  0.95377913E+000  0.45937534E+001  0.89449808E+001  0.16276586E+002  0.22289359E+002
 -0.93400212E+000 -0.83810604E+000 -0.56486992E+000 -0.20759689E+000 -0.57290044E-002  0.84694360E-003  0.95377922E+000  0.45937549E+001  0.89449864E+001  0.16276598E+002  0.22289369E+002
 -0.93400200E+000 -0.83810582E+000 -0.56486947E+000 -0.20759638E+000 -0.57290015E-002  0.84694712E-003  0.95377925E+000  0.45937563E+001  0.89449921E+001  0.16276611E+002  0.22289380E+002
 -0.93400190E+000 -0.83810565E+000 -0.56486913E+000 -0.20759596E+000 -0.57289995E-002  0.84695013E-003  0.95377921E+000  0.45937576E+001  0.89449977E+001  0.16276624E+002  0.22289391E+002
 -0.93400184E+000 -0.83810552E+000 -0.56486890E+000 -0.20759563E+000 -0.57289987E-002  0.84695261E-003  0.95377908E+000  0.45937588E+001  0.89450035E+001  0.16276637E+002  0.22289402E+002
 -0.93400182E+000 -0.83810546E+000 -0.56486880E+000 -0.20759541E+000 -0.57289990E-002  0.84695449E-003  0.95377885E+000  0.45937599E+001  0.89450092E+001  0.16276650E+002  0.22289415E+002
 -0.93400184E+000 -0.83810546E+000 -0.56486885E+000 -0.20759532E+000 -0.57290006E-002  0.84695573E-003  0.95377848E+000  0.45937609E+001  0.89450148E+001  0.16276664E+002  0.22289428E+002
 -0.93400191E+000 -0.83810555E+000 -0.56486907E+000 -0.20759538E+000 -0.57290037E-002  0.84695621E-003  0.95377793E+000  0.45937616E+001  0.89450203E+001  0.16276679E+002  0.22289443E+002
 -0.93400204E+000 -0.83810571E+000 -0.56486948E+000 -0.20759560E+000 -0.57290084E-002  0.84695586E-003  0.95377716E+000  0.45937620E+001  0.89450256E+001  0.16276693E+002  0.22289458E+002
 -0.93400221E+000 -0.83810595E+000 -0.56487005E+000 -0.20759596E+000 -0.57290147E-002  0.84695469E-003  0.95377620E+000  0.45937621E+001  0.89450305E+001  0.16276708E+002  0.22289474E+002
 -0.93400240E+000 -0.83810624E+000 -0.56487071E+000 -0.20759641E+000 -0.57290220E-002  0.84695298E-003  0.95377514E+000  0.45937619E+001  0.89450351E+001  0.16276724E+002  0.22289492E+002
 -0.93400256E+000 -0.83810649E+000 -0.56487132E+000 -0.20759682E+000 -0.57290289E-002  0.84695139E-003  0.95377421E+000  0.45937617E+001  0.89450396E+001  0.16276740E+002  0.22289513E+002
 -0.93400261E+000 -0.83810663E+000 -0.56487171E+000 -0.20759703E+000 -0.57290330E-002  0.84695107E-003  0.95377369E+000  0.45937616E+001  0.89450441E+001  0.16276758E+002  0.22289536E+002
 -0.93400256E+000 -0.83810664E+000 -0.56487186E+000 -0.20759697E+000 -0.57290332E-002  0.84695297E-003  0.95377372E+000  0.45937614E+001  0.89450484E+001  0.16276777E+002  0.22289562E+002
 -0.93400260E+000 -0.83810676E+000 -0.56487233E+000 -0.20759704E+000 -0.57290314E-002  0.84695614E-003  0.95377348E+000  0.45937596E+001  0.89450509E+001  0.16276797E+002  0.22289592E+002
 -0.93400326E+000 -0.83810770E+000 -0.56487470E+000 -0.20759858E+000 -0.57290416E-002  0.84695451E-003  0.95377057E+000  0.45937526E+001  0.89450466E+001  0.16276810E+002  0.22289618E+002
 -0.93400528E+000 -0.83811057E+000 -0.56488154E+000 -0.20760408E+000 -0.57290911E-002  0.84693374E-003  0.95375973E+000  0.45937328E+001  0.89450259E+001  0.16276804E+002  0.22289628E+002
 -0.93400864E+000 -0.83811562E+000 -0.56489366E+000 -0.20761445E+000 -0.57291943E-002  0.84688674E-003  0.95373921E+000  0.45936957E+001  0.89449782E+001  0.16276755E+002  0.22289600E+002
 -0.93401097E+000 -0.83812015E+000 -0.56490628E+000 -0.20762633E+000 -0.57293241E-002  0.84682666E-003  0.95371269E+000  0.45936447E+001  0.89449143E+001  0.16276694E+002  0.22289552E+002
 -0.93401607E+000 -0.83812638E+000 -0.56491675E+000 -0.20763417E+000 -0.57293882E-002  0.84680821E-003  0.95371102E+000  0.45936389E+001  0.89449123E+001  0.16276726E+002  0.22289568E+002
