  0.20319412E+002
  0.20319519E+002
  0.20319622E+002
  0.20319717E+002
  0.20319803E+002
  0.20319881E+002
  0.20319951E+002
  0.20320013E+002
  0.20320070E+002
  0.20320121E+002
  0.20320168E+002
  0.20320211E+002
  0.20320250E+002
  0.20320287E+002
  0.20320321E+002
  0.20320352E+002
  0.20320382E+002
  0.20320411E+002
  0.20320438E+002
  0.20320464E+002
  0.20320489E+002
  0.20320513E+002
  0.20320537E+002
  0.20320560E+002
  0.20320584E+002
  0.20320607E+002
  0.20320629E+002
  0.20320652E+002
  0.20320675E+002
  0.20320698E+002
  0.20320722E+002
  0.20320745E+002
  0.20320769E+002
  0.20320794E+002
  0.20320819E+002
  0.20320844E+002
  0.20320870E+002
  0.20320897E+002
  0.20320924E+002
  0.20320952E+002
  0.20320981E+002
  0.20321011E+002
  0.20321041E+002
  0.20321073E+002
  0.20321105E+002
  0.20321138E+002
  0.20321172E+002
  0.20321207E+002
  0.20321244E+002
  0.20321281E+002
  0.20321319E+002
  0.20321359E+002
  0.20321399E+002
  0.20321441E+002
  0.20321484E+002
  0.20321529E+002
  0.20321574E+002
  0.20321621E+002
  0.20321670E+002
  0.20321720E+002
  0.20321771E+002
  0.20321823E+002
  0.20321877E+002
  0.20321933E+002
  0.20321990E+002
  0.20322048E+002
  0.20322109E+002
  0.20322170E+002
  0.20322234E+002
  0.20322299E+002
  0.20322366E+002
  0.20322434E+002
  0.20322504E+002
  0.20322576E+002
  0.20322649E+002
  0.20322724E+002
  0.20322801E+002
  0.20322879E+002
  0.20322960E+002
  0.20323041E+002
  0.20323125E+002
  0.20323210E+002
  0.20323297E+002
  0.20323386E+002
  0.20323476E+002
  0.20323568E+002
  0.20323662E+002
  0.20323757E+002
  0.20323854E+002
  0.20323952E+002
  0.20324052E+002
  0.20324154E+002
  0.20324257E+002
  0.20324362E+002
  0.20324468E+002
  0.20324576E+002
  0.20324685E+002
  0.20324795E+002
  0.20324907E+002
  0.20325021E+002
  0.20325135E+002
  0.20325251E+002
  0.20325369E+002
  0.20325487E+002
  0.20325607E+002
  0.20325728E+002
  0.20325850E+002
  0.20325973E+002
  0.20326098E+002
  0.20326223E+002
  0.20326349E+002
  0.20326476E+002
  0.20326604E+002
  0.20326733E+002
  0.20326863E+002
  0.20326993E+002
  0.20327124E+002
  0.20327256E+002
  0.20327388E+002
  0.20327521E+002
  0.20327654E+002
  0.20327788E+002
  0.20327922E+002
  0.20328057E+002
  0.20328191E+002
  0.20328326E+002
  0.20328461E+002
  0.20328596E+002
  0.20328731E+002
  0.20328866E+002
  0.20329001E+002
  0.20329136E+002
  0.20329270E+002
  0.20329405E+002
  0.20329539E+002
  0.20329672E+002
  0.20329805E+002
  0.20329938E+002
  0.20330070E+002
  0.20330202E+002
  0.20330332E+002
  0.20330463E+002
  0.20330592E+002
  0.20330721E+002
  0.20330848E+002
  0.20330975E+002
  0.20331101E+002
  0.20331226E+002
  0.20331349E+002
  0.20331472E+002
  0.20331593E+002
  0.20331714E+002
  0.20331833E+002
  0.20331950E+002
  0.20332067E+002
  0.20332182E+002
  0.20332295E+002
  0.20332408E+002
  0.20332518E+002
  0.20332627E+002
  0.20332735E+002
  0.20332841E+002
  0.20332945E+002
  0.20333048E+002
  0.20333148E+002
  0.20333247E+002
  0.20333345E+002
  0.20333440E+002
  0.20333533E+002
  0.20333624E+002
  0.20333713E+002
  0.20333800E+002
  0.20333885E+002
  0.20333967E+002
  0.20334047E+002
  0.20334124E+002
  0.20334198E+002
  0.20334270E+002
  0.20334338E+002
  0.20334403E+002
  0.20334465E+002
  0.20334523E+002
  0.20334577E+002
  0.20334627E+002
  0.20334672E+002
  0.20334712E+002
  0.20334747E+002
  0.20334776E+002
  0.20334798E+002
  0.20334814E+002
  0.20334822E+002
  0.20334822E+002
  0.20334813E+002
  0.20334794E+002
  0.20334764E+002
  0.20334722E+002
  0.20334667E+002
  0.20334599E+002
  0.20334513E+002
  0.20334414E+002
