  0.12519745E+001  0.79529411E+000  0.54907018E+001  0.73739688E+002
  0.12522306E+001  0.79915800E+000  0.54902941E+001  0.73736404E+002
  0.12522610E+001  0.79924106E+000  0.54912233E+001  0.73735773E+002
  0.12529582E+001  0.80125460E+000  0.54885245E+001  0.73736141E+002
  0.12529800E+001  0.80129413E+000  0.54881056E+001  0.73736843E+002
  0.12530083E+001  0.80130387E+000  0.54876056E+001  0.73737615E+002
  0.12530239E+001  0.80137399E+000  0.54870571E+001  0.73738357E+002
  0.12530370E+001  0.80139366E+000  0.54865984E+001  0.73739034E+002
  0.12530506E+001  0.80164735E+000  0.54859531E+001  0.73739638E+002
  0.12535219E+001  0.80268623E+000  0.54841132E+001  0.73740174E+002
  0.12535296E+001  0.80269522E+000  0.54838114E+001  0.73740646E+002
  0.12535360E+001  0.80282246E+000  0.54834324E+001  0.73741062E+002
  0.12535413E+001  0.80282688E+000  0.54832123E+001  0.73741430E+002
  0.12535456E+001  0.80282954E+000  0.54830252E+001  0.73741755E+002
  0.12535492E+001  0.80283073E+000  0.54828668E+001  0.73742044E+002
  0.12535942E+001  0.80278866E+000  0.54827330E+001  0.73742302E+002
  0.12535965E+001  0.80278761E+000  0.54826204E+001  0.73742533E+002
  0.12535984E+001  0.80278571E+000  0.54825260E+001  0.73742741E+002
  0.12536000E+001  0.80278312E+000  0.54824472E+001  0.73742929E+002
  0.12541623E+001  0.80225552E+000  0.54823452E+001  0.73743101E+002
  0.12541632E+001  0.80225190E+000  0.54822913E+001  0.73743258E+002
  0.12541639E+001  0.80224334E+000  0.54822519E+001  0.73743402E+002
  0.12541644E+001  0.80223907E+000  0.54822164E+001  0.73743537E+002
  0.12541648E+001  0.80223457E+000  0.54821883E+001  0.73743663E+002
  0.12541651E+001  0.80225858E+000  0.54821377E+001  0.73743782E+002
  0.12541652E+001  0.80225379E+000  0.54821211E+001  0.73743895E+002
  0.12541653E+001  0.80224893E+000  0.54821092E+001  0.73744003E+002
  0.12541653E+001  0.80224403E+000  0.54821012E+001  0.73744108E+002
  0.12541653E+001  0.80223911E+000  0.54820967E+001  0.73744209E+002
  0.12541652E+001  0.80223422E+000  0.54820950E+001  0.73744308E+002
  0.12541652E+001  0.80222937E+000  0.54820958E+001  0.73744406E+002
  0.12541651E+001  0.80222459E+000  0.54820987E+001  0.73744502E+002
  0.12541650E+001  0.80221989E+000  0.54821034E+001  0.73744598E+002
  0.12541649E+001  0.80221529E+000  0.54821097E+001  0.73744695E+002
  0.12541649E+001  0.80221081E+000  0.54821172E+001  0.73744791E+002
  0.12541648E+001  0.80220645E+000  0.54821258E+001  0.73744889E+002
  0.12541648E+001  0.80220223E+000  0.54821352E+001  0.73744988E+002
  0.12541648E+001  0.80219816E+000  0.54821455E+001  0.73745089E+002
  0.12541648E+001  0.80219424E+000  0.54821563E+001  0.73745191E+002
  0.12541648E+001  0.80219049E+000  0.54821676E+001  0.73745296E+002
  0.12541649E+001  0.80218691E+000  0.54821793E+001  0.73745403E+002
  0.12541650E+001  0.80218352E+000  0.54821913E+001  0.73745513E+002
  0.12541652E+001  0.80218030E+000  0.54822035E+001  0.73745626E+002
  0.12541653E+001  0.80217727E+000  0.54822160E+001  0.73745741E+002
  0.12541655E+001  0.80217444E+000  0.54822286E+001  0.73745860E+002
  0.12541658E+001  0.80217180E+000  0.54822413E+001  0.73745983E+002
  0.12541661E+001  0.80216935E+000  0.54822541E+001  0.73746109E+002
  0.12541664E+001  0.80216711E+000  0.54822670E+001  0.73746238E+002
  0.12541667E+001  0.80216507E+000  0.54822799E+001  0.73746372E+002
  0.12541670E+001  0.80216323E+000  0.54822929E+001  0.73746510E+002
  0.12541674E+001  0.80216159E+000  0.54823059E+001  0.73746651E+002
  0.12541679E+001  0.80216014E+000  0.54823189E+001  0.73746797E+002
  0.12541683E+001  0.80215890E+000  0.54823320E+001  0.73746948E+002
  0.12541688E+001  0.80215785E+000  0.54823451E+001  0.73747103E+002
  0.12541693E+001  0.80215699E+000  0.54823583E+001  0.73747262E+002
  0.12541698E+001  0.80215631E+000  0.54823715E+001  0.73747427E+002
  0.12541704E+001  0.80215582E+000  0.54823848E+001  0.73747596E+002
  0.12541710E+001  0.80215551E+000  0.54823982E+001  0.73747770E+002
  0.12541716E+001  0.80215537E+000  0.54824116E+001  0.73747950E+002
  0.12541723E+001  0.80215540E+000  0.54824253E+001  0.73748134E+002
  0.12541730E+001  0.80215559E+000  0.54824390E+001  0.73748324E+002
  0.12541737E+001  0.80215594E+000  0.54824530E+001  0.73748519E+002
  0.12541745E+001  0.80215644E+000  0.54824671E+001  0.73748720E+002
  0.12541753E+001  0.80215709E+000  0.54824814E+001  0.73748926E+002
  0.12541762E+001  0.80215788E+000  0.54824960E+001  0.73749138E+002
  0.12541771E+001  0.80215881E+000  0.54825108E+001  0.73749356E+002
  0.12541781E+001  0.80215987E+000  0.54825260E+001  0.73749580E+002
  0.12541791E+001  0.80216106E+000  0.54825414E+001  0.73749809E+002
  0.12541802E+001  0.80216238E+000  0.54825571E+001  0.73750045E+002
  0.12541814E+001  0.80216383E+000  0.54825731E+001  0.73750286E+002
  0.12541827E+001  0.80216540E+000  0.54825896E+001  0.73750534E+002
  0.12541840E+001  0.80216708E+000  0.54826063E+001  0.73750787E+002
  0.12541854E+001  0.80216888E+000  0.54826235E+001  0.73751047E+002
  0.12541868E+001  0.80217080E+000  0.54826411E+001  0.73751313E+002
  0.12541884E+001  0.80217283E+000  0.54826590E+001  0.73751585E+002
  0.12541900E+001  0.80217497E+000  0.54826774E+001  0.73751863E+002
  0.12541918E+001  0.80217723E+000  0.54826962E+001  0.73752147E+002
  0.12541936E+001  0.80217959E+000  0.54827154E+001  0.73752438E+002
  0.12541955E+001  0.80218207E+000  0.54827351E+001  0.73752735E+002
  0.12541975E+001  0.80218465E+000  0.54827553E+001  0.73753037E+002
  0.12541997E+001  0.80218734E+000  0.54827759E+001  0.73753346E+002
  0.12542019E+001  0.80219014E+000  0.54827969E+001  0.73753661E+002
  0.12542042E+001  0.80219304E+000  0.54828185E+001  0.73753983E+002
  0.12542067E+001  0.80219605E+000  0.54828405E+001  0.73754310E+002
  0.12542093E+001  0.80219915E+000  0.54828630E+001  0.73754643E+002
  0.12542119E+001  0.80220235E+000  0.54828860E+001  0.73754982E+002
  0.12542147E+001  0.80220565E+000  0.54829094E+001  0.73755327E+002
  0.12542176E+001  0.80220904E+000  0.54829334E+001  0.73755677E+002
  0.12542207E+001  0.80221252E+000  0.54829578E+001  0.73756034E+002
  0.12542238E+001  0.80221608E+000  0.54829828E+001  0.73756396E+002
  0.12542271E+001  0.80221972E+000  0.54830082E+001  0.73756764E+002
  0.12542304E+001  0.80222344E+000  0.54830341E+001  0.73757137E+002
  0.12542339E+001  0.80222723E+000  0.54830605E+001  0.73757516E+002
  0.12542375E+001  0.80223109E+000  0.54830873E+001  0.73757901E+002
  0.12542413E+001  0.80223501E+000  0.54831147E+001  0.73758290E+002
  0.12542451E+001  0.80223899E+000  0.54831424E+001  0.73758685E+002
  0.12542490E+001  0.80224301E+000  0.54831706E+001  0.73759086E+002
  0.12542531E+001  0.80224709E+000  0.54831993E+001  0.73759491E+002
  0.12542572E+001  0.80225120E+000  0.54832284E+001  0.73759902E+002
  0.12542614E+001  0.80225534E+000  0.54832578E+001  0.73760317E+002
  0.12542658E+001  0.80225952E+000  0.54832877E+001  0.73760738E+002
  0.12542702E+001  0.80226371E+000  0.54833179E+001  0.73761163E+002
  0.12542747E+001  0.80226792E+000  0.54833485E+001  0.73761593E+002
  0.12542793E+001  0.80227214E+000  0.54833794E+001  0.73762028E+002
  0.12542840E+001  0.80227636E+000  0.54834106E+001  0.73762466E+002
  0.12542887E+001  0.80228058E+000  0.54834422E+001  0.73762910E+002
  0.12542935E+001  0.80228479E+000  0.54834739E+001  0.73763357E+002
  0.12542984E+001  0.80228898E+000  0.54835059E+001  0.73763809E+002
  0.12543033E+001  0.80229315E+000  0.54835381E+001  0.73764265E+002
  0.12543083E+001  0.80229729E+000  0.54835705E+001  0.73764724E+002
  0.12543133E+001  0.80230140E+000  0.54836031E+001  0.73765188E+002
  0.12543183E+001  0.80230547E+000  0.54836357E+001  0.73765655E+002
  0.12543234E+001  0.80230950E+000  0.54836684E+001  0.73766125E+002
  0.12543285E+001  0.80231347E+000  0.54837012E+001  0.73766599E+002
  0.12543336E+001  0.80231739E+000  0.54837340E+001  0.73767076E+002
  0.12543387E+001  0.80232125E+000  0.54837667E+001  0.73767555E+002
  0.12543438E+001  0.80232505E+000  0.54837994E+001  0.73768038E+002
  0.12543488E+001  0.80232878E+000  0.54838320E+001  0.73768524E+002
  0.12543539E+001  0.80233243E+000  0.54838644E+001  0.73769012E+002
  0.12543589E+001  0.80233601E+000  0.54838967E+001  0.73769502E+002
  0.12543639E+001  0.80233951E+000  0.54839287E+001  0.73769995E+002
  0.12543688E+001  0.80234293E+000  0.54839604E+001  0.73770489E+002
  0.12543737E+001  0.80234626E+000  0.54839919E+001  0.73770986E+002
  0.12543785E+001  0.80234951E+000  0.54840230E+001  0.73771484E+002
  0.12543833E+001  0.80235266E+000  0.54840538E+001  0.73771984E+002
  0.12543880E+001  0.80235572E+000  0.54840841E+001  0.73772485E+002
  0.12543925E+001  0.80235869E+000  0.54841139E+001  0.73772988E+002
  0.12543970E+001  0.80236157E+000  0.54841433E+001  0.73773491E+002
  0.12544014E+001  0.80236435E+000  0.54841721E+001  0.73773996E+002
  0.12544057E+001  0.80236704E+000  0.54842003E+001  0.73774500E+002
  0.12544099E+001  0.80236963E+000  0.54842279E+001  0.73775006E+002
  0.12544139E+001  0.80237212E+000  0.54842549E+001  0.73775511E+002
  0.12544179E+001  0.80237452E+000  0.54842812E+001  0.73776017E+002
  0.12544216E+001  0.80237682E+000  0.54843068E+001  0.73776523E+002
  0.12544253E+001  0.80237903E+000  0.54843317E+001  0.73777028E+002
  0.12544288E+001  0.80238114E+000  0.54843558E+001  0.73777532E+002
  0.12544321E+001  0.80238316E+000  0.54843792E+001  0.73778036E+002
  0.12544354E+001  0.80238508E+000  0.54844017E+001  0.73778539E+002
  0.12544384E+001  0.80238691E+000  0.54844234E+001  0.73779041E+002
  0.12544413E+001  0.80238865E+000  0.54844443E+001  0.73779541E+002
  0.12544440E+001  0.80239030E+000  0.54844644E+001  0.73780040E+002
  0.12544466E+001  0.80239186E+000  0.54844836E+001  0.73780538E+002
  0.12544490E+001  0.80239333E+000  0.54845019E+001  0.73781033E+002
  0.12544512E+001  0.80239471E+000  0.54845194E+001  0.73781526E+002
  0.12544533E+001  0.80239600E+000  0.54845360E+001  0.73782017E+002
  0.12544552E+001  0.80239721E+000  0.54845517E+001  0.73782505E+002
  0.12544570E+001  0.80239833E+000  0.54845666E+001  0.73782990E+002
  0.12544585E+001  0.80239936E+000  0.54845805E+001  0.73783473E+002
  0.12544600E+001  0.80240031E+000  0.54845937E+001  0.73783952E+002
  0.12544612E+001  0.80240117E+000  0.54846059E+001  0.73784428E+002
  0.12544623E+001  0.80240195E+000  0.54846173E+001  0.73784901E+002
  0.12544633E+001  0.80240264E+000  0.54846279E+001  0.73785370E+002
  0.12544641E+001  0.80240325E+000  0.54846377E+001  0.73785835E+002
  0.12544647E+001  0.80240377E+000  0.54846466E+001  0.73786295E+002
  0.12544652E+001  0.80240420E+000  0.54846548E+001  0.73786752E+002
  0.12544656E+001  0.80240455E+000  0.54846622E+001  0.73787204E+002
  0.12544658E+001  0.80240481E+000  0.54846687E+001  0.73787651E+002
  0.12544658E+001  0.80240498E+000  0.54846746E+001  0.73788094E+002
  0.12544658E+001  0.80240506E+000  0.54846797E+001  0.73788532E+002
  0.12544655E+001  0.80240505E+000  0.54846841E+001  0.73788964E+002
  0.12544652E+001  0.80240494E+000  0.54846877E+001  0.73789391E+002
  0.12544647E+001  0.80240473E+000  0.54846907E+001  0.73789812E+002
  0.12544641E+001  0.80240443E+000  0.54846929E+001  0.73790228E+002
  0.12544634E+001  0.80240402E+000  0.54846944E+001  0.73790638E+002
  0.12544625E+001  0.80240350E+000  0.54846953E+001  0.73791042E+002
  0.12544615E+001  0.80240287E+000  0.54846954E+001  0.73791439E+002
  0.12544603E+001  0.80240212E+000  0.54846949E+001  0.73791830E+002
  0.12544590E+001  0.80240125E+000  0.54846936E+001  0.73792215E+002
  0.12544576E+001  0.80240024E+000  0.54846917E+001  0.73792592E+002
  0.12544560E+001  0.80239910E+000  0.54846890E+001  0.73792962E+002
  0.12544542E+001  0.80239782E+000  0.54846855E+001  0.73793325E+002
  0.12544523E+001  0.80239638E+000  0.54846813E+001  0.73793680E+002
  0.12544502E+001  0.80239477E+000  0.54846762E+001  0.73794027E+002
  0.12544479E+001  0.80239299E+000  0.54846702E+001  0.73794366E+002
  0.12544453E+001  0.80239102E+000  0.54846634E+001  0.73794696E+002
  0.12544426E+001  0.80238886E+000  0.54846556E+001  0.73795017E+002
  0.12544396E+001  0.80238647E+000  0.54846467E+001  0.73795329E+002
  0.12544363E+001  0.80238386E+000  0.54846367E+001  0.73795631E+002
  0.12544328E+001  0.80238100E+000  0.54846256E+001  0.73795922E+002
  0.12544289E+001  0.80237787E+000  0.54846131E+001  0.73796202E+002
  0.12544247E+001  0.80237446E+000  0.54845992E+001  0.73796470E+002
  0.12544201E+001  0.80237074E+000  0.54845838E+001  0.73796726E+002
  0.12544151E+001  0.80236670E+000  0.54845667E+001  0.73796968E+002
  0.12544097E+001  0.80236230E+000  0.54845478E+001  0.73797196E+002
  0.12544037E+001  0.80235752E+000  0.54845269E+001  0.73797408E+002
  0.12543973E+001  0.80235234E+000  0.54845039E+001  0.73797603E+002
  0.12543902E+001  0.80234672E+000  0.54844786E+001  0.73797780E+002
  0.12543825E+001  0.80234064E+000  0.54844507E+001  0.73797938E+002
  0.12543742E+001  0.80233406E+000  0.54844202E+001  0.73798073E+002
  0.12543651E+001  0.80232696E+000  0.54843867E+001  0.73798186E+002
  0.12543553E+001  0.80231930E+000  0.54843501E+001  0.73798272E+002
  0.12543446E+001  0.80231105E+000  0.54843103E+001  0.73798330E+002
  0.12543330E+001  0.80230216E+000  0.54842670E+001  0.73798357E+002
  0.12543205E+001  0.80229260E+000  0.54842202E+001  0.73798350E+002
  0.12543068E+001  0.80228224E+000  0.54841695E+001  0.73798305E+002
  0.12542920E+001  0.80227105E+000  0.54841145E+001  0.73798220E+002
  0.12542759E+001  0.80225869E+000  0.54840545E+001  0.73798087E+002
  0.12542586E+001  0.80224543E+000  0.54839901E+001  0.73797909E+002
  0.12542395E+001  0.80222996E+000  0.54839278E+001  0.73797664E+002
  0.12542192E+001  0.80221329E+000  0.54838572E+001  0.73797377E+002
