  0.21503135E-001  0.20337940E+000  0.17619700E+001  0.79290806E+002
  0.21484731E-001  0.20348768E+000  0.17617984E+001  0.79291316E+002
  0.21469133E-001  0.20357797E+000  0.17616564E+001  0.79291796E+002
  0.21456132E-001  0.20361035E+000  0.17615829E+001  0.79292230E+002
  0.21445505E-001  0.20359030E+000  0.17615709E+001  0.79292617E+002
  0.21437068E-001  0.20357401E+000  0.17615627E+001  0.79292960E+002
  0.21430511E-001  0.20356090E+000  0.17615576E+001  0.79293263E+002
  0.21425552E-001  0.20355050E+000  0.17615549E+001  0.79293532E+002
  0.21421943E-001  0.20354242E+000  0.17615543E+001  0.79293772E+002
  0.21419469E-001  0.20353631E+000  0.17615551E+001  0.79293985E+002
  0.21417945E-001  0.20353188E+000  0.17615573E+001  0.79294175E+002
  0.21417216E-001  0.20352890E+000  0.17615603E+001  0.79294347E+002
  0.21417149E-001  0.20352715E+000  0.17615641E+001  0.79294502E+002
  0.21417630E-001  0.20352647E+000  0.17615684E+001  0.79294644E+002
  0.21418567E-001  0.20352671E+000  0.17615732E+001  0.79294773E+002
  0.21419879E-001  0.20352772E+000  0.17615783E+001  0.79294893E+002
  0.21421492E-001  0.20352942E+000  0.17615835E+001  0.79295004E+002
  0.21423343E-001  0.20353172E+000  0.17615890E+001  0.79295108E+002
  0.21425388E-001  0.20353452E+000  0.17615946E+001  0.79295206E+002
  0.21427588E-001  0.20353776E+000  0.17616002E+001  0.79295299E+002
  0.21429911E-001  0.20354137E+000  0.17616060E+001  0.79295387E+002
  0.21432329E-001  0.20354532E+000  0.17616117E+001  0.79295473E+002
  0.21434820E-001  0.20354953E+000  0.17616175E+001  0.79295556E+002
  0.21437364E-001  0.20355399E+000  0.17616232E+001  0.79295637E+002
  0.21439944E-001  0.20355865E+000  0.17616290E+001  0.79295717E+002
  0.21442545E-001  0.20356349E+000  0.17616347E+001  0.79295795E+002
  0.21445156E-001  0.20356847E+000  0.17616404E+001  0.79295873E+002
  0.21447765E-001  0.20357357E+000  0.17616461E+001  0.79295951E+002
  0.21450363E-001  0.20357877E+000  0.17616518E+001  0.79296030E+002
  0.21452943E-001  0.20358405E+000  0.17616574E+001  0.79296109E+002
  0.21455497E-001  0.20358939E+000  0.17616630E+001  0.79296189E+002
  0.21458021E-001  0.20359478E+000  0.17616686E+001  0.79296270E+002
  0.21460508E-001  0.20360020E+000  0.17616742E+001  0.79296352E+002
  0.21462956E-001  0.20360564E+000  0.17616798E+001  0.79296437E+002
  0.21465360E-001  0.20361109E+000  0.17616854E+001  0.79296523E+002
  0.21467718E-001  0.20361652E+000  0.17616911E+001  0.79296612E+002
  0.21470028E-001  0.20362193E+000  0.17616968E+001  0.79296702E+002
  0.21472289E-001  0.20362732E+000  0.17617025E+001  0.79296796E+002
  0.21474498E-001  0.20363266E+000  0.17617082E+001  0.79296892E+002
  0.21476657E-001  0.20363676E+000  0.17617153E+001  0.79296991E+002
  0.21478763E-001  0.20362736E+000  0.17617358E+001  0.79297093E+002
  0.21480818E-001  0.20361828E+000  0.17617560E+001  0.79297198E+002
  0.21482821E-001  0.20360954E+000  0.17617759E+001  0.79297307E+002
  0.21484772E-001  0.20360116E+000  0.17617955E+001  0.79297419E+002
  0.21486672E-001  0.20359315E+000  0.17618147E+001  0.79297535E+002
  0.21488521E-001  0.20358550E+000  0.17618336E+001  0.79297655E+002
  0.21490319E-001  0.20357824E+000  0.17618522E+001  0.79297778E+002
  0.21492066E-001  0.20357137E+000  0.17618703E+001  0.79297906E+002
  0.21493762E-001  0.20356490E+000  0.17618882E+001  0.79298037E+002
  0.21495408E-001  0.20355883E+000  0.17619057E+001  0.79298173E+002
  0.21497004E-001  0.20355318E+000  0.17619228E+001  0.79298314E+002
  0.21498548E-001  0.20354794E+000  0.17619396E+001  0.79298459E+002
  0.21500042E-001  0.20354313E+000  0.17619561E+001  0.79298608E+002
  0.21501484E-001  0.20353873E+000  0.17619722E+001  0.79298763E+002
  0.21502875E-001  0.20353476E+000  0.17619880E+001  0.79298922E+002
  0.21504213E-001  0.20353121E+000  0.17620035E+001  0.79299086E+002
  0.21505500E-001  0.20352809E+000  0.17620186E+001  0.79299255E+002
  0.21506734E-001  0.20352539E+000  0.17620335E+001  0.79299430E+002
  0.21507917E-001  0.20352310E+000  0.17620481E+001  0.79299610E+002
  0.21509047E-001  0.20352123E+000  0.17620625E+001  0.79299795E+002
  0.21510125E-001  0.20351976E+000  0.17620765E+001  0.79299986E+002
  0.21511152E-001  0.20351869E+000  0.17620904E+001  0.79300182E+002
  0.21512128E-001  0.20351801E+000  0.17621040E+001  0.79300385E+002
  0.21513053E-001  0.20351771E+000  0.17621174E+001  0.79300593E+002
  0.21513930E-001  0.20351777E+000  0.17621307E+001  0.79300807E+002
  0.21514759E-001  0.20351819E+000  0.17621437E+001  0.79301027E+002
  0.21515542E-001  0.20351895E+000  0.17621566E+001  0.79301253E+002
  0.21516279E-001  0.20352004E+000  0.17621694E+001  0.79301486E+002
  0.21516973E-001  0.20352144E+000  0.17621820E+001  0.79301725E+002
  0.21517626E-001  0.20352313E+000  0.17621945E+001  0.79301970E+002
  0.21518240E-001  0.20352510E+000  0.17622069E+001  0.79302222E+002
  0.21518816E-001  0.20352733E+000  0.17622192E+001  0.79302480E+002
  0.21519357E-001  0.20352980E+000  0.17622314E+001  0.79302745E+002
  0.21519865E-001  0.20353251E+000  0.17622436E+001  0.79303016E+002
  0.21520341E-001  0.20353542E+000  0.17622556E+001  0.79303294E+002
  0.21520789E-001  0.20353853E+000  0.17622677E+001  0.79303579E+002
  0.21521210E-001  0.20354182E+000  0.17622796E+001  0.79303871E+002
  0.21521606E-001  0.20354527E+000  0.17622916E+001  0.79304169E+002
  0.21521979E-001  0.20354888E+000  0.17623035E+001  0.79304474E+002
  0.21522331E-001  0.20355262E+000  0.17623153E+001  0.79304785E+002
  0.21522663E-001  0.20355648E+000  0.17623271E+001  0.79305104E+002
  0.21522976E-001  0.20356045E+000  0.17623389E+001  0.79305429E+002
  0.21523273E-001  0.20356453E+000  0.17623507E+001  0.79305760E+002
  0.21523554E-001  0.20356869E+000  0.17623624E+001  0.79306099E+002
  0.21523820E-001  0.20357293E+000  0.17623742E+001  0.79306444E+002
  0.21524073E-001  0.20357724E+000  0.17623859E+001  0.79306795E+002
  0.21524312E-001  0.20358160E+000  0.17623976E+001  0.79307154E+002
  0.21524539E-001  0.20358602E+000  0.17624093E+001  0.79307518E+002
  0.21524754E-001  0.20359048E+000  0.17624210E+001  0.79307889E+002
  0.21524959E-001  0.20359497E+000  0.17624327E+001  0.79308267E+002
  0.21525152E-001  0.20359949E+000  0.17624444E+001  0.79308650E+002
  0.21525334E-001  0.20360402E+000  0.17624561E+001  0.79309040E+002
  0.21525507E-001  0.20360856E+000  0.17624679E+001  0.79309436E+002
  0.21525670E-001  0.20361310E+000  0.17624796E+001  0.79309839E+002
  0.21525822E-001  0.20361764E+000  0.17624914E+001  0.79310247E+002
  0.21525965E-001  0.20362215E+000  0.17625032E+001  0.79310661E+002
  0.21526099E-001  0.20362665E+000  0.17625150E+001  0.79311081E+002
  0.21526224E-001  0.20363112E+000  0.17625268E+001  0.79311507E+002
  0.21526339E-001  0.20363555E+000  0.17625386E+001  0.79311939E+002
  0.21526446E-001  0.20363994E+000  0.17625504E+001  0.79312376E+002
  0.21526543E-001  0.20364427E+000  0.17625623E+001  0.79312818E+002
  0.21526632E-001  0.20364855E+000  0.17625741E+001  0.79313266E+002
  0.21526713E-001  0.20365276E+000  0.17625859E+001  0.79313719E+002
  0.21526785E-001  0.20365690E+000  0.17625976E+001  0.79314178E+002
  0.21526850E-001  0.20366097E+000  0.17626094E+001  0.79314641E+002
  0.21526906E-001  0.20366495E+000  0.17626210E+001  0.79315109E+002
  0.21526955E-001  0.20366885E+000  0.17626326E+001  0.79315582E+002
  0.21526997E-001  0.20367265E+000  0.17626441E+001  0.79316059E+002
  0.21527033E-001  0.20367636E+000  0.17626555E+001  0.79316541E+002
  0.21527061E-001  0.20367997E+000  0.17626667E+001  0.79317027E+002
  0.21527083E-001  0.20368348E+000  0.17626779E+001  0.79317518E+002
  0.21527100E-001  0.20368688E+000  0.17626888E+001  0.79318012E+002
  0.21527111E-001  0.20369017E+000  0.17626996E+001  0.79318510E+002
  0.21527116E-001  0.20369336E+000  0.17627102E+001  0.79319012E+002
  0.21527117E-001  0.20369643E+000  0.17627205E+001  0.79319517E+002
  0.21527113E-001  0.20369940E+000  0.17627306E+001  0.79320026E+002
  0.21527105E-001  0.20370225E+000  0.17627404E+001  0.79320537E+002
  0.21527093E-001  0.20370499E+000  0.17627500E+001  0.79321052E+002
  0.21527077E-001  0.20370762E+000  0.17627592E+001  0.79321569E+002
  0.21527058E-001  0.20371014E+000  0.17627682E+001  0.79322089E+002
  0.21527036E-001  0.20371255E+000  0.17627768E+001  0.79322611E+002
  0.21527012E-001  0.20371485E+000  0.17627851E+001  0.79323135E+002
  0.21526985E-001  0.20371705E+000  0.17627930E+001  0.79323662E+002
  0.21526956E-001  0.20371915E+000  0.17628005E+001  0.79324189E+002
  0.21526925E-001  0.20372114E+000  0.17628077E+001  0.79324719E+002
  0.21526893E-001  0.20372304E+000  0.17628145E+001  0.79325249E+002
  0.21526859E-001  0.20372485E+000  0.17628209E+001  0.79325781E+002
  0.21526824E-001  0.20372656E+000  0.17628269E+001  0.79326314E+002
  0.21526788E-001  0.20372818E+000  0.17628325E+001  0.79326847E+002
  0.21526751E-001  0.20372971E+000  0.17628378E+001  0.79327380E+002
  0.21526713E-001  0.20373116E+000  0.17628426E+001  0.79327913E+002
  0.21526675E-001  0.20373253E+000  0.17628471E+001  0.79328447E+002
  0.21526636E-001  0.20373382E+000  0.17628512E+001  0.79328980E+002
  0.21526597E-001  0.20373503E+000  0.17628549E+001  0.79329512E+002
  0.21526557E-001  0.20373617E+000  0.17628583E+001  0.79330043E+002
  0.21526517E-001  0.20373724E+000  0.17628613E+001  0.79330574E+002
  0.21526476E-001  0.20373824E+000  0.17628640E+001  0.79331103E+002
  0.21526435E-001  0.20373918E+000  0.17628663E+001  0.79331630E+002
  0.21526394E-001  0.20374006E+000  0.17628684E+001  0.79332156E+002
  0.21526352E-001  0.20374087E+000  0.17628701E+001  0.79332679E+002
  0.21526309E-001  0.20374163E+000  0.17628716E+001  0.79333200E+002
  0.21526266E-001  0.20374233E+000  0.17628728E+001  0.79333719E+002
  0.21526222E-001  0.20374297E+000  0.17628737E+001  0.79334235E+002
  0.21526176E-001  0.20374356E+000  0.17628744E+001  0.79334748E+002
  0.21526130E-001  0.20374409E+000  0.17628749E+001  0.79335257E+002
  0.21526083E-001  0.20374458E+000  0.17628752E+001  0.79335764E+002
  0.21526034E-001  0.20374501E+000  0.17628753E+001  0.79336267E+002
  0.21525983E-001  0.20374539E+000  0.17628751E+001  0.79336765E+002
  0.21525930E-001  0.20374573E+000  0.17628749E+001  0.79337260E+002
  0.21525874E-001  0.20374601E+000  0.17628744E+001  0.79337751E+002
  0.21525816E-001  0.20374624E+000  0.17628738E+001  0.79338237E+002
  0.21525755E-001  0.20374642E+000  0.17628731E+001  0.79338719E+002
  0.21525691E-001  0.20374655E+000  0.17628722E+001  0.79339196E+002
  0.21525622E-001  0.20374662E+000  0.17628712E+001  0.79339668E+002
  0.21525550E-001  0.20374664E+000  0.17628701E+001  0.79340134E+002
  0.21525473E-001  0.20374661E+000  0.17628689E+001  0.79340596E+002
  0.21525390E-001  0.20374651E+000  0.17628675E+001  0.79341052E+002
  0.21525302E-001  0.20374636E+000  0.17628660E+001  0.79341502E+002
  0.21525207E-001  0.20374613E+000  0.17628645E+001  0.79341947E+002
  0.21525105E-001  0.20374584E+000  0.17628628E+001  0.79342386E+002
  0.21524996E-001  0.20374548E+000  0.17628609E+001  0.79342818E+002
  0.21524878E-001  0.20374503E+000  0.17628590E+001  0.79343244E+002
  0.21524751E-001  0.20374451E+000  0.17628569E+001  0.79343664E+002
  0.21524615E-001  0.20374389E+000  0.17628547E+001  0.79344077E+002
  0.21524468E-001  0.20374318E+000  0.17628523E+001  0.79344484E+002
  0.21524309E-001  0.20374236E+000  0.17628497E+001  0.79344883E+002
  0.21524138E-001  0.20374144E+000  0.17628470E+001  0.79345276E+002
  0.21523953E-001  0.20374039E+000  0.17628440E+001  0.79345661E+002
  0.21523755E-001  0.20373921E+000  0.17628408E+001  0.79346038E+002
  0.21523541E-001  0.20373789E+000  0.17628374E+001  0.79346408E+002
  0.21523311E-001  0.20373642E+000  0.17628336E+001  0.79346770E+002
  0.21523064E-001  0.20373479E+000  0.17628296E+001  0.79347123E+002
  0.21522799E-001  0.20373298E+000  0.17628252E+001  0.79347468E+002
  0.21522515E-001  0.20373098E+000  0.17628205E+001  0.79347804E+002
  0.21522210E-001  0.20372877E+000  0.17628153E+001  0.79348130E+002
  0.21521885E-001  0.20372635E+000  0.17628096E+001  0.79348447E+002
  0.21521538E-001  0.20372368E+000  0.17628034E+001  0.79348754E+002
  0.21521167E-001  0.20372076E+000  0.17627967E+001  0.79349050E+002
  0.21520774E-001  0.20371757E+000  0.17627894E+001  0.79349334E+002
  0.21520355E-001  0.20371409E+000  0.17627814E+001  0.79349607E+002
  0.21519912E-001  0.20371029E+000  0.17627726E+001  0.79349866E+002
  0.21519443E-001  0.20370617E+000  0.17627631E+001  0.79350113E+002
  0.21518948E-001  0.20370170E+000  0.17627528E+001  0.79350344E+002
  0.21518426E-001  0.20369686E+000  0.17627415E+001  0.79350559E+002
  0.21517878E-001  0.20369163E+000  0.17627293E+001  0.79350758E+002
  0.21517303E-001  0.20368599E+000  0.17627161E+001  0.79350938E+002
  0.21516701E-001  0.20367992E+000  0.17627019E+001  0.79351098E+002
  0.21516072E-001  0.20367340E+000  0.17626866E+001  0.79351236E+002
  0.21515418E-001  0.20366640E+000  0.17626701E+001  0.79351351E+002
  0.21514737E-001  0.20365891E+000  0.17626526E+001  0.79351439E+002
  0.21514032E-001  0.20365090E+000  0.17626339E+001  0.79351499E+002
  0.21513302E-001  0.20364234E+000  0.17626141E+001  0.79351527E+002
  0.21512550E-001  0.20363318E+000  0.17625934E+001  0.79351521E+002
  0.21511785E-001  0.20362336E+000  0.17625719E+001  0.79351477E+002
  0.21511022E-001  0.20361269E+000  0.17625499E+001  0.79351391E+002
  0.21510292E-001  0.20360101E+000  0.17625280E+001  0.79351259E+002
  0.21509625E-001  0.20358784E+000  0.17625070E+001  0.79351072E+002
  0.21509054E-001  0.20357323E+000  0.17624875E+001  0.79350834E+002
  0.21508623E-001  0.20355526E+000  0.17624729E+001  0.79350525E+002
  0.21508651E-001  0.20353503E+000  0.17624627E+001  0.79350161E+002
