  0.16194813E+001
  0.16198529E+001
  0.16201530E+001
  0.16203965E+001
  0.16205930E+001
  0.16207504E+001
  0.16208748E+001
  0.16209715E+001
  0.16210449E+001
  0.16210988E+001
  0.16211363E+001
  0.16211601E+001
  0.16211723E+001
  0.16211749E+001
  0.16211695E+001
  0.16211573E+001
  0.16211395E+001
  0.16211171E+001
  0.16210907E+001
  0.16210611E+001
  0.16210289E+001
  0.16209945E+001
  0.16209583E+001
  0.16209207E+001
  0.16208819E+001
  0.16208423E+001
  0.16208019E+001
  0.16207610E+001
  0.16207197E+001
  0.16206783E+001
  0.16206367E+001
  0.16205951E+001
  0.16205536E+001
  0.16205123E+001
  0.16204712E+001
  0.16204304E+001
  0.16203900E+001
  0.16203500E+001
  0.16203104E+001
  0.16202713E+001
  0.16202327E+001
  0.16201947E+001
  0.16201573E+001
  0.16201205E+001
  0.16200843E+001
  0.16200488E+001
  0.16200140E+001
  0.16199799E+001
  0.16199466E+001
  0.16199140E+001
  0.16198822E+001
  0.16198512E+001
  0.16198210E+001
  0.16197916E+001
  0.16197631E+001
  0.16197355E+001
  0.16197087E+001
  0.16196828E+001
  0.16196579E+001
  0.16196338E+001
  0.16196106E+001
  0.16195884E+001
  0.16195671E+001
  0.16195467E+001
  0.16195272E+001
  0.16195086E+001
  0.16194909E+001
  0.16194741E+001
  0.16194582E+001
  0.16194431E+001
  0.16194288E+001
  0.16194153E+001
  0.16194026E+001
  0.16193907E+001
  0.16193794E+001
  0.16193689E+001
  0.16193590E+001
  0.16193498E+001
  0.16193411E+001
  0.16193331E+001
  0.16193255E+001
  0.16193185E+001
  0.16193119E+001
  0.16193058E+001
  0.16193002E+001
  0.16192949E+001
  0.16192899E+001
  0.16192853E+001
  0.16192811E+001
  0.16192771E+001
  0.16192734E+001
  0.16192699E+001
  0.16192667E+001
  0.16192636E+001
  0.16192608E+001
  0.16192581E+001
  0.16192556E+001
  0.16192532E+001
  0.16192510E+001
  0.16192489E+001
  0.16192468E+001
  0.16192449E+001
  0.16192430E+001
  0.16192412E+001
  0.16192395E+001
  0.16192379E+001
  0.16192363E+001
  0.16192347E+001
  0.16192332E+001
  0.16192317E+001
  0.16192303E+001
  0.16192289E+001
  0.16192275E+001
  0.16192262E+001
  0.16192248E+001
  0.16192235E+001
  0.16192223E+001
  0.16192210E+001
  0.16192198E+001
  0.16192186E+001
  0.16192174E+001
  0.16192162E+001
  0.16192151E+001
  0.16192140E+001
  0.16192128E+001
  0.16192118E+001
  0.16192107E+001
  0.16192096E+001
  0.16192086E+001
  0.16192076E+001
  0.16192066E+001
  0.16192056E+001
  0.16192047E+001
  0.16192038E+001
  0.16192029E+001
  0.16192020E+001
  0.16192011E+001
  0.16192002E+001
  0.16191994E+001
  0.16191986E+001
  0.16191978E+001
  0.16191970E+001
  0.16191962E+001
  0.16191955E+001
  0.16191948E+001
  0.16191941E+001
  0.16191934E+001
  0.16191927E+001
  0.16191921E+001
  0.16191915E+001
  0.16191908E+001
  0.16191903E+001
  0.16191897E+001
  0.16191892E+001
  0.16191886E+001
  0.16191881E+001
  0.16191877E+001
  0.16191872E+001
  0.16191868E+001
  0.16191864E+001
  0.16191860E+001
  0.16191856E+001
  0.16191853E+001
  0.16191850E+001
  0.16191848E+001
  0.16191845E+001
  0.16191843E+001
  0.16191842E+001
  0.16191841E+001
  0.16191840E+001
  0.16191840E+001
  0.16191840E+001
  0.16191841E+001
  0.16191842E+001
  0.16191844E+001
  0.16191847E+001
  0.16191850E+001
  0.16191855E+001
  0.16191860E+001
  0.16191866E+001
  0.16191873E+001
  0.16191882E+001
  0.16191891E+001
  0.16191902E+001
  0.16191913E+001
  0.16191926E+001
  0.16191939E+001
  0.16191953E+001
  0.16191967E+001
  0.16191980E+001
  0.16191991E+001
  0.16191999E+001
  0.16192001E+001
  0.16191993E+001
  0.16191967E+001
  0.16191916E+001
  0.16191821E+001
  0.16191680E+001
  0.16191443E+001
  0.16191109E+001
