  0.96000870E+000  0.62580999E+000  0.88941812E+000  0.40026887E+001
  0.96163459E+000  0.62612091E+000  0.88819726E+000  0.40034594E+001
  0.96206031E+000  0.62668381E+000  0.88794507E+000  0.40039234E+001
  0.96686466E+000  0.62348114E+000  0.88701107E+000  0.40042295E+001
  0.96715248E+000  0.62360549E+000  0.88717058E+000  0.40044441E+001
  0.96739392E+000  0.62441098E+000  0.88659773E+000  0.40045994E+001
  0.96758262E+000  0.62464667E+000  0.88655781E+000  0.40047125E+001
  0.96774059E+000  0.62469789E+000  0.88665426E+000  0.40047937E+001
  0.96785737E+000  0.62745828E+000  0.88401474E+000  0.40048499E+001
  0.97008177E+000  0.62779425E+000  0.88163403E+000  0.40048858E+001
  0.97014652E+000  0.62781524E+000  0.88167871E+000  0.40049054E+001
  0.97020045E+000  0.63112259E+000  0.87840626E+000  0.40049116E+001
  0.97022766E+000  0.63112725E+000  0.87842817E+000  0.40049067E+001
  0.97024026E+000  0.63112566E+000  0.87844145E+000  0.40048928E+001
  0.97024049E+000  0.63111887E+000  0.87844759E+000  0.40048714E+001
  0.97024325E+000  0.63109475E+000  0.87844777E+000  0.40048439E+001
  0.97022412E+000  0.63108006E+000  0.87844301E+000  0.40048114E+001
  0.97019747E+000  0.63106243E+000  0.87843418E+000  0.40047746E+001
  0.97016445E+000  0.63104239E+000  0.87842203E+000  0.40047345E+001
  0.97582667E+000  0.62595115E+000  0.87777577E+000  0.40046915E+001
  0.97578368E+000  0.62592760E+000  0.87775873E+000  0.40046462E+001
  0.97573685E+000  0.62644072E+000  0.87720204E+000  0.40045990E+001
  0.97568680E+000  0.62641489E+000  0.87718196E+000  0.40045502E+001
  0.97563404E+000  0.62638829E+000  0.87716085E+000  0.40045002E+001
  0.97557902E+000  0.62639182E+000  0.87710828E+000  0.40044491E+001
  0.97552212E+000  0.62636425E+000  0.87708587E+000  0.40043973E+001
  0.97546369E+000  0.62633643E+000  0.87706312E+000  0.40043448E+001
  0.97540401E+000  0.62630847E+000  0.87704018E+000  0.40042918E+001
  0.97534335E+000  0.62628049E+000  0.87701719E+000  0.40042384E+001
  0.97528192E+000  0.62625259E+000  0.87699426E+000  0.40041848E+001
  0.97521993E+000  0.62622485E+000  0.87697148E+000  0.40041310E+001
  0.97515756E+000  0.62619735E+000  0.87694892E+000  0.40040771E+001
  0.97509498E+000  0.62617015E+000  0.87692664E+000  0.40040232E+001
  0.97503233E+000  0.62614331E+000  0.87690470E+000  0.40039694E+001
  0.97496975E+000  0.62611688E+000  0.87688313E+000  0.40039156E+001
  0.97490736E+000  0.62609091E+000  0.87686196E+000  0.40038620E+001
  0.97484529E+000  0.62606543E+000  0.87684120E+000  0.40038085E+001
  0.97478363E+000  0.62604050E+000  0.87682086E+000  0.40037554E+001
  0.97472250E+000  0.62601612E+000  0.87680094E+000  0.40037025E+001
  0.97466199E+000  0.62599234E+000  0.87678145E+000  0.40036499E+001
  0.97460218E+000  0.62596917E+000  0.87676237E+000  0.40035976E+001
  0.97454318E+000  0.62594663E+000  0.87674370E+000  0.40035458E+001
  0.97448506E+000  0.62592474E+000  0.87672542E+000  0.40034944E+001
  0.97442790E+000  0.62590351E+000  0.87670752E+000  0.40034435E+001
  0.97437178E+000  0.62588294E+000  0.87668998E+000  0.40033931E+001
  0.97431677E+000  0.62586306E+000  0.87667278E+000  0.40033432E+001
  0.97426294E+000  0.62584385E+000  0.87665592E+000  0.40032939E+001
  0.97421037E+000  0.62582532E+000  0.87663939E+000  0.40032452E+001
  0.97415910E+000  0.62580747E+000  0.87662316E+000  0.40031971E+001
  0.97410921E+000  0.62579030E+000  0.87660724E+000  0.40031497E+001
  0.97406075E+000  0.62577381E+000  0.87659161E+000  0.40031031E+001
  0.97401376E+000  0.62575799E+000  0.87657628E+000  0.40030572E+001
  0.97396830E+000  0.62574283E+000  0.87656124E+000  0.40030120E+001
  0.97392440E+000  0.62572832E+000  0.87654650E+000  0.40029678E+001
  0.97388211E+000  0.62571447E+000  0.87653205E+000  0.40029243E+001
  0.97384145E+000  0.62570125E+000  0.87651792E+000  0.40028818E+001
  0.97380244E+000  0.62568867E+000  0.87650410E+000  0.40028401E+001
  0.97376511E+000  0.62567670E+000  0.87649060E+000  0.40027994E+001
  0.97372947E+000  0.62566533E+000  0.87647745E+000  0.40027597E+001
  0.97369552E+000  0.62565456E+000  0.87646465E+000  0.40027209E+001
  0.97366326E+000  0.62564436E+000  0.87645222E+000  0.40026832E+001
  0.97363268E+000  0.62563473E+000  0.87644018E+000  0.40026465E+001
  0.97360377E+000  0.62562565E+000  0.87642854E+000  0.40026109E+001
  0.97357651E+000  0.62561710E+000  0.87641733E+000  0.40025763E+001
  0.97355087E+000  0.62560907E+000  0.87640655E+000  0.40025428E+001
  0.97352681E+000  0.62560154E+000  0.87639623E+000  0.40025104E+001
  0.97350430E+000  0.62559450E+000  0.87638638E+000  0.40024790E+001
  0.97348327E+000  0.62558792E+000  0.87637702E+000  0.40024487E+001
  0.97346369E+000  0.62558179E+000  0.87636816E+000  0.40024195E+001
  0.97344549E+000  0.62557609E+000  0.87635980E+000  0.40023914E+001
  0.97342861E+000  0.62557080E+000  0.87635197E+000  0.40023643E+001
  0.97341299E+000  0.62556589E+000  0.87634466E+000  0.40023382E+001
  0.97339855E+000  0.62556136E+000  0.87633789E+000  0.40023132E+001
  0.97338522E+000  0.62555717E+000  0.87633164E+000  0.40022892E+001
  0.97337293E+000  0.62555331E+000  0.87632592E+000  0.40022661E+001
  0.97336161E+000  0.62554976E+000  0.87632073E+000  0.40022440E+001
  0.97335119E+000  0.62554650E+000  0.87631606E+000  0.40022229E+001
  0.97334160E+000  0.62554351E+000  0.87631190E+000  0.40022027E+001
  0.97333276E+000  0.62554077E+000  0.87630825E+000  0.40021833E+001
  0.97332461E+000  0.62553827E+000  0.87630508E+000  0.40021648E+001
  0.97331709E+000  0.62553598E+000  0.87630240E+000  0.40021472E+001
  0.97331013E+000  0.62553389E+000  0.87630017E+000  0.40021303E+001
  0.97330369E+000  0.62553199E+000  0.87629840E+000  0.40021142E+001
  0.97329771E+000  0.62553026E+000  0.87629705E+000  0.40020988E+001
  0.97329214E+000  0.62552869E+000  0.87629611E+000  0.40020842E+001
  0.97328694E+000  0.62552727E+000  0.87629557E+000  0.40020702E+001
  0.97328207E+000  0.62552597E+000  0.87629540E+000  0.40020568E+001
  0.97327748E+000  0.62552481E+000  0.87629559E+000  0.40020440E+001
  0.97327316E+000  0.62552375E+000  0.87629611E+000  0.40020318E+001
  0.97326906E+000  0.62552279E+000  0.87629695E+000  0.40020201E+001
  0.97326517E+000  0.62552193E+000  0.87629808E+000  0.40020088E+001
  0.97326145E+000  0.62552115E+000  0.87629950E+000  0.40019981E+001
  0.97325790E+000  0.62552045E+000  0.87630117E+000  0.40019877E+001
  0.97325448E+000  0.62551982E+000  0.87630309E+000  0.40019777E+001
  0.97325118E+000  0.62551925E+000  0.87630524E+000  0.40019681E+001
  0.97324799E+000  0.62551873E+000  0.87630759E+000  0.40019587E+001
  0.97324490E+000  0.62551826E+000  0.87631014E+000  0.40019497E+001
  0.97324190E+000  0.62551783E+000  0.87631287E+000  0.40019409E+001
  0.97323897E+000  0.62551744E+000  0.87631577E+000  0.40019323E+001
  0.97323612E+000  0.62551707E+000  0.87631882E+000  0.40019239E+001
  0.97323333E+000  0.62551674E+000  0.87632201E+000  0.40019157E+001
  0.97323060E+000  0.62551642E+000  0.87632533E+000  0.40019077E+001
  0.97322793E+000  0.62551613E+000  0.87632876E+000  0.40018998E+001
  0.97322531E+000  0.62551584E+000  0.87633231E+000  0.40018920E+001
  0.97322274E+000  0.62551556E+000  0.87633595E+000  0.40018844E+001
  0.97322022E+000  0.62551529E+000  0.87633969E+000  0.40018768E+001
  0.97321774E+000  0.62551502E+000  0.87634350E+000  0.40018693E+001
  0.97321531E+000  0.62551475E+000  0.87634739E+000  0.40018619E+001
  0.97321292E+000  0.62551447E+000  0.87635135E+000  0.40018546E+001
  0.97321058E+000  0.62551418E+000  0.87635537E+000  0.40018473E+001
  0.97320828E+000  0.62551389E+000  0.87635944E+000  0.40018401E+001
  0.97320602E+000  0.62551358E+000  0.87636357E+000  0.40018329E+001
  0.97320381E+000  0.62551326E+000  0.87636773E+000  0.40018257E+001
  0.97320164E+000  0.62551292E+000  0.87637194E+000  0.40018186E+001
  0.97319952E+000  0.62551257E+000  0.87637618E+000  0.40018116E+001
  0.97319745E+000  0.62551220E+000  0.87638045E+000  0.40018046E+001
  0.97319542E+000  0.62551181E+000  0.87638475E+000  0.40017976E+001
  0.97319344E+000  0.62551140E+000  0.87638906E+000  0.40017907E+001
  0.97319152E+000  0.62551097E+000  0.87639340E+000  0.40017838E+001
  0.97318964E+000  0.62551052E+000  0.87639775E+000  0.40017769E+001
  0.97318781E+000  0.62551005E+000  0.87640212E+000  0.40017701E+001
  0.97318604E+000  0.62550957E+000  0.87640649E+000  0.40017633E+001
  0.97318432E+000  0.62550907E+000  0.87641087E+000  0.40017566E+001
  0.97318265E+000  0.62550855E+000  0.87641525E+000  0.40017499E+001
  0.97318104E+000  0.62550801E+000  0.87641963E+000  0.40017432E+001
  0.97317948E+000  0.62550746E+000  0.87642400E+000  0.40017366E+001
  0.97317797E+000  0.62550689E+000  0.87642837E+000  0.40017300E+001
  0.97317652E+000  0.62550631E+000  0.87643273E+000  0.40017235E+001
  0.97317512E+000  0.62550572E+000  0.87643707E+000  0.40017170E+001
  0.97317377E+000  0.62550513E+000  0.87644140E+000  0.40017106E+001
  0.97317247E+000  0.62550452E+000  0.87644571E+000  0.40017043E+001
  0.97317122E+000  0.62550391E+000  0.87645000E+000  0.40016980E+001
  0.97317002E+000  0.62550329E+000  0.87645426E+000  0.40016917E+001
  0.97316887E+000  0.62550267E+000  0.87645850E+000  0.40016855E+001
  0.97316777E+000  0.62550205E+000  0.87646270E+000  0.40016794E+001
  0.97316671E+000  0.62550143E+000  0.87646688E+000  0.40016733E+001
  0.97316570E+000  0.62550081E+000  0.87647101E+000  0.40016673E+001
  0.97316473E+000  0.62550019E+000  0.87647511E+000  0.40016614E+001
  0.97316380E+000  0.62549958E+000  0.87647917E+000  0.40016555E+001
  0.97316291E+000  0.62549898E+000  0.87648318E+000  0.40016497E+001
  0.97316207E+000  0.62549838E+000  0.87648715E+000  0.40016440E+001
  0.97316126E+000  0.62549780E+000  0.87649107E+000  0.40016383E+001
  0.97316049E+000  0.62549722E+000  0.87649494E+000  0.40016328E+001
  0.97315976E+000  0.62549666E+000  0.87649875E+000  0.40016273E+001
  0.97315906E+000  0.62549611E+000  0.87650251E+000  0.40016219E+001
  0.97315839E+000  0.62549557E+000  0.87650621E+000  0.40016166E+001
  0.97315776E+000  0.62549505E+000  0.87650985E+000  0.40016114E+001
  0.97315716E+000  0.62549454E+000  0.87651343E+000  0.40016062E+001
  0.97315659E+000  0.62549404E+000  0.87651694E+000  0.40016012E+001
  0.97315605E+000  0.62549357E+000  0.87652039E+000  0.40015963E+001
  0.97315555E+000  0.62549311E+000  0.87652377E+000  0.40015915E+001
  0.97315507E+000  0.62549266E+000  0.87652708E+000  0.40015867E+001
  0.97315462E+000  0.62549224E+000  0.87653032E+000  0.40015821E+001
  0.97315420E+000  0.62549183E+000  0.87653348E+000  0.40015776E+001
  0.97315381E+000  0.62549143E+000  0.87653657E+000  0.40015732E+001
  0.97315345E+000  0.62549106E+000  0.87653959E+000  0.40015690E+001
  0.97315311E+000  0.62549070E+000  0.87654253E+000  0.40015648E+001
  0.97315281E+000  0.62549036E+000  0.87654539E+000  0.40015608E+001
  0.97315254E+000  0.62549004E+000  0.87654816E+000  0.40015569E+001
  0.97315230E+000  0.62548974E+000  0.87655086E+000  0.40015531E+001
  0.97315209E+000  0.62548945E+000  0.87655348E+000  0.40015495E+001
  0.97315191E+000  0.62548918E+000  0.87655602E+000  0.40015460E+001
  0.97315177E+000  0.62548893E+000  0.87655847E+000  0.40015426E+001
  0.97315167E+000  0.62548870E+000  0.87656083E+000  0.40015394E+001
  0.97315160E+000  0.62548848E+000  0.87656311E+000  0.40015363E+001
  0.97315158E+000  0.62548829E+000  0.87656531E+000  0.40015334E+001
  0.97315160E+000  0.62548811E+000  0.87656742E+000  0.40015307E+001
  0.97315167E+000  0.62548795E+000  0.87656943E+000  0.40015281E+001
  0.97315179E+000  0.62548781E+000  0.87657136E+000  0.40015258E+001
  0.97315196E+000  0.62548769E+000  0.87657320E+000  0.40015236E+001
  0.97315220E+000  0.62548759E+000  0.87657495E+000  0.40015216E+001
  0.97315250E+000  0.62548751E+000  0.87657661E+000  0.40015198E+001
  0.97315287E+000  0.62548745E+000  0.87657816E+000  0.40015182E+001
  0.97315332E+000  0.62548741E+000  0.87657963E+000  0.40015169E+001
  0.97315385E+000  0.62548740E+000  0.87658099E+000  0.40015158E+001
  0.97315447E+000  0.62548741E+000  0.87658225E+000  0.40015150E+001
  0.97315520E+000  0.62548745E+000  0.87658341E+000  0.40015145E+001
  0.97315603E+000  0.62548751E+000  0.87658446E+000  0.40015143E+001
  0.97315698E+000  0.62548760E+000  0.87658539E+000  0.40015145E+001
  0.97315806E+000  0.62548772E+000  0.87658621E+000  0.40015149E+001
  0.97315929E+000  0.62548787E+000  0.87658690E+000  0.40015158E+001
  0.97316066E+000  0.62548805E+000  0.87658746E+000  0.40015170E+001
  0.97316219E+000  0.62548827E+000  0.87658786E+000  0.40015186E+001
  0.97316390E+000  0.62548851E+000  0.87658811E+000  0.40015207E+001
  0.97316578E+000  0.62548879E+000  0.87658818E+000  0.40015231E+001
  0.97316784E+000  0.62548909E+000  0.87658803E+000  0.40015260E+001
  0.97317007E+000  0.62548941E+000  0.87658765E+000  0.40015292E+001
  0.97317248E+000  0.62548974E+000  0.87658699E+000  0.40015326E+001
  0.97317504E+000  0.62549008E+000  0.87658600E+000  0.40015362E+001
  0.97317771E+000  0.62549041E+000  0.87658459E+000  0.40015399E+001
  0.97318045E+000  0.62549069E+000  0.87658269E+000  0.40015432E+001
  0.97318314E+000  0.62549091E+000  0.87658015E+000  0.40015460E+001
  0.97318557E+000  0.62549097E+000  0.87657678E+000  0.40015476E+001
  0.97318739E+000  0.62549075E+000  0.87657232E+000  0.40015471E+001
  0.97318784E+000  0.62548991E+000  0.87656630E+000  0.40015434E+001
  0.97318604E+000  0.62548812E+000  0.87655820E+000  0.40015344E+001
  0.97318014E+000  0.62548426E+000  0.87654696E+000  0.40015177E+001
  0.97317047E+000  0.62547875E+000  0.87653250E+000  0.40014906E+001
  0.97315200E+000  0.62546681E+000  0.87651084E+000  0.40014480E+001
  0.97312554E+000  0.62545212E+000  0.87648408E+000  0.40013825E+001
