 -0.17162812E+000  0.12896463E+000  0.18736487E+001  0.46469403E+001
 -0.17138125E+000  0.12916775E+000  0.18743903E+001  0.46472354E+001
 -0.17117801E+000  0.12933113E+000  0.18750072E+001  0.46474524E+001
 -0.17101270E+000  0.12950411E+000  0.18754748E+001  0.46476202E+001
 -0.17087994E+000  0.12968863E+000  0.18758116E+001  0.46477524E+001
 -0.17077502E+000  0.12983448E+000  0.18760856E+001  0.46478570E+001
 -0.17069360E+000  0.12994778E+000  0.18763060E+001  0.46479395E+001
 -0.17063194E+000  0.13003373E+000  0.18764809E+001  0.46480039E+001
 -0.17058680E+000  0.13009677E+000  0.18766172E+001  0.46480532E+001
 -0.17055547E+000  0.13014064E+000  0.18767209E+001  0.46480899E+001
 -0.17053563E+000  0.13016849E+000  0.18767971E+001  0.46481160E+001
 -0.17052533E+000  0.13018302E+000  0.18768501E+001  0.46481331E+001
 -0.17052294E+000  0.13018652E+000  0.18768836E+001  0.46481427E+001
 -0.17052707E+000  0.13018090E+000  0.18769007E+001  0.46481457E+001
 -0.17053657E+000  0.13016778E+000  0.18769039E+001  0.46481433E+001
 -0.17055046E+000  0.13014846E+000  0.18768955E+001  0.46481363E+001
 -0.17056794E+000  0.13012405E+000  0.18768773E+001  0.46481252E+001
 -0.17058830E+000  0.13009549E+000  0.18768509E+001  0.46481107E+001
 -0.17061098E+000  0.13006359E+000  0.18768175E+001  0.46480933E+001
 -0.17063549E+000  0.13002901E+000  0.18767782E+001  0.46480734E+001
 -0.17066144E+000  0.12999231E+000  0.18767341E+001  0.46480513E+001
 -0.17068849E+000  0.12995397E+000  0.18766858E+001  0.46480274E+001
 -0.17071636E+000  0.12991439E+000  0.18766342E+001  0.46480017E+001
 -0.17074479E+000  0.12987389E+000  0.18765797E+001  0.46479747E+001
 -0.17077361E+000  0.12983277E+000  0.18765228E+001  0.46479464E+001
 -0.17080262E+000  0.12979127E+000  0.18764641E+001  0.46479169E+001
 -0.17083168E+000  0.12974959E+000  0.18764038E+001  0.46478864E+001
 -0.17086068E+000  0.12970791E+000  0.18763423E+001  0.46478550E+001
 -0.17088950E+000  0.12966640E+000  0.18762799E+001  0.46478228E+001
 -0.17091805E+000  0.12962518E+000  0.18762168E+001  0.46477897E+001
 -0.17094626E+000  0.12958437E+000  0.18761532E+001  0.46477560E+001
 -0.17097406E+000  0.12954408E+000  0.18760894E+001  0.46477216E+001
 -0.17100140E+000  0.12950440E+000  0.18760255E+001  0.46476865E+001
 -0.17102823E+000  0.12946541E+000  0.18759617E+001  0.46476509E+001
 -0.17105453E+000  0.12942719E+000  0.18758981E+001  0.46476146E+001
 -0.17108024E+000  0.12938979E+000  0.18758349E+001  0.46475779E+001
 -0.17110537E+000  0.12935328E+000  0.18757721E+001  0.46475405E+001
 -0.17112988E+000  0.12931771E+000  0.18757099E+001  0.46475027E+001
 -0.17115376E+000  0.12928311E+000  0.18756483E+001  0.46474644E+001
 -0.17117700E+000  0.12925074E+000  0.18755864E+001  0.46474256E+001
 -0.17119960E+000  0.12923297E+000  0.18755117E+001  0.46473864E+001
 -0.17122155E+000  0.12921589E+000  0.18754384E+001  0.46473467E+001
 -0.17124285E+000  0.12919950E+000  0.18753665E+001  0.46473066E+001
 -0.17126349E+000  0.12918379E+000  0.18752961E+001  0.46472661E+001
 -0.17128349E+000  0.12916877E+000  0.18752274E+001  0.46472252E+001
 -0.17130284E+000  0.12915443E+000  0.18751603E+001  0.46471840E+001
 -0.17132153E+000  0.12914077E+000  0.18750950E+001  0.46471425E+001
 -0.17133958E+000  0.12912778E+000  0.18750315E+001  0.46471006E+001
 -0.17135697E+000  0.12911545E+000  0.18749699E+001  0.46470585E+001
 -0.17137372E+000  0.12910377E+000  0.18749103E+001  0.46470162E+001
 -0.17138981E+000  0.12909273E+000  0.18748527E+001  0.46469737E+001
 -0.17140525E+000  0.12908232E+000  0.18747971E+001  0.46469311E+001
 -0.17142005E+000  0.12907252E+000  0.18747437E+001  0.46468883E+001
 -0.17143418E+000  0.12906332E+000  0.18746925E+001  0.46468454E+001
 -0.17144767E+000  0.12905469E+000  0.18746435E+001  0.46468025E+001
 -0.17146050E+000  0.12904663E+000  0.18745967E+001  0.46467596E+001
 -0.17147269E+000  0.12903912E+000  0.18745522E+001  0.46467168E+001
 -0.17148422E+000  0.12903214E+000  0.18745100E+001  0.46466740E+001
 -0.17149511E+000  0.12902567E+000  0.18744700E+001  0.46466314E+001
 -0.17150536E+000  0.12901969E+000  0.18744324E+001  0.46465890E+001
 -0.17151499E+000  0.12901418E+000  0.18743971E+001  0.46465468E+001
 -0.17152399E+000  0.12900913E+000  0.18743641E+001  0.46465049E+001
 -0.17153238E+000  0.12900452E+000  0.18743334E+001  0.46464634E+001
 -0.17154017E+000  0.12900033E+000  0.18743050E+001  0.46464222E+001
 -0.17154739E+000  0.12899653E+000  0.18742789E+001  0.46463814E+001
 -0.17155404E+000  0.12899312E+000  0.18742549E+001  0.46463410E+001
 -0.17156016E+000  0.12899006E+000  0.18742332E+001  0.46463012E+001
 -0.17156575E+000  0.12898734E+000  0.18742136E+001  0.46462619E+001
 -0.17157084E+000  0.12898494E+000  0.18741960E+001  0.46462231E+001
 -0.17157546E+000  0.12898283E+000  0.18741805E+001  0.46461849E+001
 -0.17157964E+000  0.12898101E+000  0.18741670E+001  0.46461474E+001
 -0.17158339E+000  0.12897944E+000  0.18741553E+001  0.46461105E+001
 -0.17158676E+000  0.12897811E+000  0.18741455E+001  0.46460742E+001
 -0.17158976E+000  0.12897699E+000  0.18741374E+001  0.46460386E+001
 -0.17159242E+000  0.12897608E+000  0.18741310E+001  0.46460037E+001
 -0.17159478E+000  0.12897534E+000  0.18741262E+001  0.46459694E+001
 -0.17159685E+000  0.12897477E+000  0.18741229E+001  0.46459359E+001
 -0.17159867E+000  0.12897434E+000  0.18741210E+001  0.46459030E+001
 -0.17160026E+000  0.12897405E+000  0.18741205E+001  0.46458708E+001
 -0.17160164E+000  0.12897387E+000  0.18741213E+001  0.46458393E+001
 -0.17160283E+000  0.12897380E+000  0.18741233E+001  0.46458084E+001
 -0.17160385E+000  0.12897381E+000  0.18741264E+001  0.46457782E+001
 -0.17160473E+000  0.12897391E+000  0.18741306E+001  0.46457486E+001
 -0.17160547E+000  0.12897409E+000  0.18741358E+001  0.46457195E+001
 -0.17160609E+000  0.12897433E+000  0.18741419E+001  0.46456910E+001
 -0.17160661E+000  0.12897462E+000  0.18741489E+001  0.46456631E+001
 -0.17160703E+000  0.12897497E+000  0.18741568E+001  0.46456356E+001
 -0.17160738E+000  0.12897537E+000  0.18741653E+001  0.46456086E+001
 -0.17160764E+000  0.12897580E+000  0.18741747E+001  0.46455820E+001
 -0.17160784E+000  0.12897628E+000  0.18741846E+001  0.46455559E+001
 -0.17160799E+000  0.12897679E+000  0.18741952E+001  0.46455301E+001
 -0.17160808E+000  0.12897734E+000  0.18742064E+001  0.46455046E+001
 -0.17160812E+000  0.12897791E+000  0.18742182E+001  0.46454793E+001
 -0.17160812E+000  0.12897852E+000  0.18742304E+001  0.46454544E+001
 -0.17160808E+000  0.12897915E+000  0.18742431E+001  0.46454296E+001
 -0.17160800E+000  0.12897981E+000  0.18742563E+001  0.46454050E+001
 -0.17160790E+000  0.12898049E+000  0.18742699E+001  0.46453805E+001
 -0.17160776E+000  0.12898119E+000  0.18742839E+001  0.46453562E+001
 -0.17160760E+000  0.12898191E+000  0.18742983E+001  0.46453319E+001
 -0.17160741E+000  0.12898266E+000  0.18743131E+001  0.46453077E+001
 -0.17160720E+000  0.12898342E+000  0.18743281E+001  0.46452835E+001
 -0.17160697E+000  0.12898420E+000  0.18743435E+001  0.46452594E+001
 -0.17160672E+000  0.12898499E+000  0.18743592E+001  0.46452352E+001
 -0.17160646E+000  0.12898580E+000  0.18743752E+001  0.46452110E+001
 -0.17160618E+000  0.12898663E+000  0.18743914E+001  0.46451868E+001
 -0.17160588E+000  0.12898746E+000  0.18744079E+001  0.46451626E+001
 -0.17160558E+000  0.12898831E+000  0.18744247E+001  0.46451382E+001
 -0.17160527E+000  0.12898916E+000  0.18744417E+001  0.46451139E+001
 -0.17160494E+000  0.12899002E+000  0.18744589E+001  0.46450894E+001
 -0.17160461E+000  0.12899088E+000  0.18744763E+001  0.46450649E+001
 -0.17160428E+000  0.12899175E+000  0.18744939E+001  0.46450404E+001
 -0.17160394E+000  0.12899262E+000  0.18745116E+001  0.46450158E+001
 -0.17160359E+000  0.12899348E+000  0.18745296E+001  0.46449911E+001
 -0.17160325E+000  0.12899435E+000  0.18745477E+001  0.46449665E+001
 -0.17160290E+000  0.12899521E+000  0.18745659E+001  0.46449417E+001
 -0.17160255E+000  0.12899606E+000  0.18745843E+001  0.46449170E+001
 -0.17160221E+000  0.12899691E+000  0.18746027E+001  0.46448922E+001
 -0.17160186E+000  0.12899775E+000  0.18746213E+001  0.46448675E+001
 -0.17160152E+000  0.12899857E+000  0.18746399E+001  0.46448428E+001
 -0.17160118E+000  0.12899939E+000  0.18746586E+001  0.46448181E+001
 -0.17160085E+000  0.12900019E+000  0.18746773E+001  0.46447935E+001
 -0.17160051E+000  0.12900098E+000  0.18746960E+001  0.46447690E+001
 -0.17160019E+000  0.12900175E+000  0.18747147E+001  0.46447446E+001
 -0.17159986E+000  0.12900251E+000  0.18747334E+001  0.46447203E+001
 -0.17159955E+000  0.12900325E+000  0.18747521E+001  0.46446962E+001
 -0.17159924E+000  0.12900397E+000  0.18747707E+001  0.46446722E+001
 -0.17159894E+000  0.12900468E+000  0.18747892E+001  0.46446484E+001
 -0.17159864E+000  0.12900536E+000  0.18748076E+001  0.46446248E+001
 -0.17159835E+000  0.12900602E+000  0.18748259E+001  0.46446015E+001
 -0.17159807E+000  0.12900667E+000  0.18748440E+001  0.46445785E+001
 -0.17159780E+000  0.12900729E+000  0.18748619E+001  0.46445557E+001
 -0.17159753E+000  0.12900789E+000  0.18748796E+001  0.46445332E+001
 -0.17159728E+000  0.12900847E+000  0.18748971E+001  0.46445111E+001
 -0.17159703E+000  0.12900903E+000  0.18749143E+001  0.46444893E+001
 -0.17159679E+000  0.12900957E+000  0.18749313E+001  0.46444679E+001
 -0.17159656E+000  0.12901009E+000  0.18749480E+001  0.46444468E+001
 -0.17159634E+000  0.12901058E+000  0.18749644E+001  0.46444262E+001
 -0.17159612E+000  0.12901106E+000  0.18749805E+001  0.46444061E+001
 -0.17159592E+000  0.12901151E+000  0.18749962E+001  0.46443863E+001
 -0.17159572E+000  0.12901195E+000  0.18750116E+001  0.46443671E+001
 -0.17159554E+000  0.12901237E+000  0.18750266E+001  0.46443483E+001
 -0.17159536E+000  0.12901276E+000  0.18750412E+001  0.46443300E+001
 -0.17159519E+000  0.12901314E+000  0.18750554E+001  0.46443122E+001
 -0.17159504E+000  0.12901350E+000  0.18750692E+001  0.46442949E+001
 -0.17159489E+000  0.12901384E+000  0.18750826E+001  0.46442781E+001
 -0.17159474E+000  0.12901417E+000  0.18750956E+001  0.46442618E+001
 -0.17159461E+000  0.12901447E+000  0.18751082E+001  0.46442461E+001
 -0.17159449E+000  0.12901477E+000  0.18751203E+001  0.46442309E+001
 -0.17159437E+000  0.12901504E+000  0.18751320E+001  0.46442162E+001
 -0.17159426E+000  0.12901530E+000  0.18751432E+001  0.46442021E+001
 -0.17159417E+000  0.12901555E+000  0.18751540E+001  0.46441885E+001
 -0.17159407E+000  0.12901578E+000  0.18751644E+001  0.46441755E+001
 -0.17159399E+000  0.12901599E+000  0.18751744E+001  0.46441630E+001
 -0.17159392E+000  0.12901620E+000  0.18751839E+001  0.46441510E+001
 -0.17159385E+000  0.12901639E+000  0.18751930E+001  0.46441396E+001
 -0.17159379E+000  0.12901657E+000  0.18752017E+001  0.46441287E+001
 -0.17159374E+000  0.12901673E+000  0.18752099E+001  0.46441183E+001
 -0.17159369E+000  0.12901689E+000  0.18752178E+001  0.46441084E+001
 -0.17159366E+000  0.12901703E+000  0.18752252E+001  0.46440991E+001
 -0.17159363E+000  0.12901717E+000  0.18752322E+001  0.46440903E+001
 -0.17159361E+000  0.12901729E+000  0.18752389E+001  0.46440820E+001
 -0.17159359E+000  0.12901740E+000  0.18752451E+001  0.46440742E+001
 -0.17159359E+000  0.12901750E+000  0.18752510E+001  0.46440670E+001
 -0.17159359E+000  0.12901759E+000  0.18752564E+001  0.46440602E+001
 -0.17159360E+000  0.12901768E+000  0.18752615E+001  0.46440540E+001
 -0.17159362E+000  0.12901775E+000  0.18752662E+001  0.46440484E+001
 -0.17159365E+000  0.12901781E+000  0.18752705E+001  0.46440432E+001
 -0.17159369E+000  0.12901787E+000  0.18752745E+001  0.46440386E+001
 -0.17159373E+000  0.12901791E+000  0.18752780E+001  0.46440346E+001
 -0.17159379E+000  0.12901795E+000  0.18752812E+001  0.46440311E+001
 -0.17159386E+000  0.12901797E+000  0.18752840E+001  0.46440283E+001
 -0.17159394E+000  0.12901798E+000  0.18752864E+001  0.46440261E+001
 -0.17159403E+000  0.12901799E+000  0.18752883E+001  0.46440245E+001
 -0.17159414E+000  0.12901798E+000  0.18752898E+001  0.46440237E+001
 -0.17159425E+000  0.12901796E+000  0.18752909E+001  0.46440236E+001
 -0.17159439E+000  0.12901792E+000  0.18752915E+001  0.46440242E+001
 -0.17159454E+000  0.12901787E+000  0.18752916E+001  0.46440257E+001
 -0.17159470E+000  0.12901781E+000  0.18752911E+001  0.46440282E+001
 -0.17159489E+000  0.12901772E+000  0.18752901E+001  0.46440316E+001
 -0.17159509E+000  0.12901762E+000  0.18752884E+001  0.46440361E+001
 -0.17159532E+000  0.12901750E+000  0.18752860E+001  0.46440417E+001
 -0.17159557E+000  0.12901735E+000  0.18752829E+001  0.46440486E+001
 -0.17159584E+000  0.12901717E+000  0.18752789E+001  0.46440568E+001
 -0.17159615E+000  0.12901696E+000  0.18752739E+001  0.46440665E+001
 -0.17159648E+000  0.12901672E+000  0.18752679E+001  0.46440778E+001
 -0.17159685E+000  0.12901643E+000  0.18752606E+001  0.46440908E+001
 -0.17159727E+000  0.12901609E+000  0.18752520E+001  0.46441055E+001
 -0.17159772E+000  0.12901569E+000  0.18752418E+001  0.46441221E+001
 -0.17159823E+000  0.12901522E+000  0.18752298E+001  0.46441406E+001
 -0.17159880E+000  0.12901467E+000  0.18752157E+001  0.46441611E+001
 -0.17159942E+000  0.12901402E+000  0.18751990E+001  0.46441835E+001
 -0.17160013E+000  0.12901325E+000  0.18751795E+001  0.46442076E+001
 -0.17160095E+000  0.12901232E+000  0.18751562E+001  0.46442334E+001
 -0.17160198E+000  0.12901112E+000  0.18751282E+001  0.46442603E+001
 -0.17160344E+000  0.12900943E+000  0.18750938E+001  0.46442877E+001
 -0.17160567E+000  0.12900691E+000  0.18750508E+001  0.46443148E+001
 -0.17160917E+000  0.12900285E+000  0.18749950E+001  0.46443404E+001
 -0.17161397E+000  0.12899702E+000  0.18749260E+001  0.46443633E+001
 -0.17162123E+000  0.12898655E+000  0.18748302E+001  0.46443822E+001
 -0.17163369E+000  0.12897036E+000  0.18747140E+001  0.46443936E+001
