 -0.52254128E-001
 -0.52175825E-001
 -0.52111966E-001
 -0.52060570E-001
 -0.52019792E-001
 -0.51987969E-001
 -0.51963635E-001
 -0.51945538E-001
 -0.51932615E-001
 -0.51923977E-001
 -0.51918879E-001
 -0.51916710E-001
 -0.51916953E-001
 -0.51919163E-001
 -0.51922952E-001
 -0.51928024E-001
 -0.51934131E-001
 -0.51941070E-001
 -0.51948662E-001
 -0.51956762E-001
 -0.51965246E-001
 -0.51974012E-001
 -0.51982976E-001
 -0.51992064E-001
 -0.52001218E-001
 -0.52010386E-001
 -0.52019526E-001
 -0.52028601E-001
 -0.52037581E-001
 -0.52046441E-001
 -0.52055159E-001
 -0.52063717E-001
 -0.52072100E-001
 -0.52080296E-001
 -0.52088297E-001
 -0.52096095E-001
 -0.52103684E-001
 -0.52111062E-001
 -0.52118226E-001
 -0.52125174E-001
 -0.52131908E-001
 -0.52138428E-001
 -0.52144736E-001
 -0.52150832E-001
 -0.52156721E-001
 -0.52162403E-001
 -0.52167880E-001
 -0.52173156E-001
 -0.52178232E-001
 -0.52183109E-001
 -0.52187789E-001
 -0.52192273E-001
 -0.52196562E-001
 -0.52200659E-001
 -0.52204563E-001
 -0.52208276E-001
 -0.52211799E-001
 -0.52215135E-001
 -0.52218285E-001
 -0.52221252E-001
 -0.52224038E-001
 -0.52226646E-001
 -0.52229081E-001
 -0.52231347E-001
 -0.52233448E-001
 -0.52235391E-001
 -0.52237181E-001
 -0.52238824E-001
 -0.52240327E-001
 -0.52241698E-001
 -0.52242944E-001
 -0.52244073E-001
 -0.52245093E-001
 -0.52246012E-001
 -0.52246837E-001
 -0.52247577E-001
 -0.52248238E-001
 -0.52248829E-001
 -0.52249355E-001
 -0.52249824E-001
 -0.52250241E-001
 -0.52250612E-001
 -0.52250942E-001
 -0.52251234E-001
 -0.52251495E-001
 -0.52251726E-001
 -0.52251931E-001
 -0.52252113E-001
 -0.52252274E-001
 -0.52252417E-001
 -0.52252543E-001
 -0.52252655E-001
 -0.52252753E-001
 -0.52252839E-001
 -0.52252914E-001
 -0.52252978E-001
 -0.52253034E-001
 -0.52253080E-001
 -0.52253118E-001
 -0.52253149E-001
 -0.52253173E-001
 -0.52253190E-001
 -0.52253201E-001
 -0.52253206E-001
 -0.52253206E-001
 -0.52253201E-001
 -0.52253191E-001
 -0.52253177E-001
 -0.52253159E-001
 -0.52253137E-001
 -0.52253111E-001
 -0.52253083E-001
 -0.52253051E-001
 -0.52253016E-001
 -0.52252979E-001
 -0.52252940E-001
 -0.52252898E-001
 -0.52252855E-001
 -0.52252809E-001
 -0.52252762E-001
 -0.52252713E-001
 -0.52252663E-001
 -0.52252611E-001
 -0.52252558E-001
 -0.52252505E-001
 -0.52252451E-001
 -0.52252396E-001
 -0.52252340E-001
 -0.52252284E-001
 -0.52252228E-001
 -0.52252172E-001
 -0.52252116E-001
 -0.52252060E-001
 -0.52252005E-001
 -0.52251950E-001
 -0.52251896E-001
 -0.52251842E-001
 -0.52251790E-001
 -0.52251738E-001
 -0.52251687E-001
 -0.52251637E-001
 -0.52251589E-001
 -0.52251542E-001
 -0.52251496E-001
 -0.52251451E-001
 -0.52251408E-001
 -0.52251366E-001
 -0.52251326E-001
 -0.52251287E-001
 -0.52251250E-001
 -0.52251214E-001
 -0.52251180E-001
 -0.52251147E-001
 -0.52251116E-001
 -0.52251086E-001
 -0.52251058E-001
 -0.52251031E-001
 -0.52251006E-001
 -0.52250982E-001
 -0.52250959E-001
 -0.52250938E-001
 -0.52250918E-001
 -0.52250900E-001
 -0.52250882E-001
 -0.52250866E-001
 -0.52250851E-001
 -0.52250837E-001
 -0.52250825E-001
 -0.52250813E-001
 -0.52250802E-001
 -0.52250792E-001
 -0.52250784E-001
 -0.52250776E-001
 -0.52250769E-001
 -0.52250762E-001
 -0.52250757E-001
 -0.52250752E-001
 -0.52250749E-001
 -0.52250746E-001
 -0.52250744E-001
 -0.52250743E-001
 -0.52250743E-001
 -0.52250744E-001
 -0.52250747E-001
 -0.52250752E-001
 -0.52250760E-001
 -0.52250771E-001
 -0.52250787E-001
 -0.52250808E-001
 -0.52250836E-001
 -0.52250871E-001
 -0.52250917E-001
 -0.52250985E-001
 -0.52251101E-001
 -0.52251328E-001
 -0.52251766E-001
 -0.52252571E-001
 -0.52253748E-001
 -0.52255643E-001
 -0.52259118E-001
