  0.16717354E+001
  0.16720287E+001
  0.16722650E+001
  0.16724570E+001
  0.16726128E+001
  0.16727383E+001
  0.16728384E+001
  0.16729170E+001
  0.16729776E+001
  0.16730228E+001
  0.16730552E+001
  0.16730768E+001
  0.16730893E+001
  0.16730941E+001
  0.16730924E+001
  0.16730853E+001
  0.16730737E+001
  0.16730581E+001
  0.16730394E+001
  0.16730179E+001
  0.16729942E+001
  0.16729685E+001
  0.16729413E+001
  0.16729128E+001
  0.16728832E+001
  0.16728526E+001
  0.16728214E+001
  0.16727896E+001
  0.16727573E+001
  0.16727247E+001
  0.16726919E+001
  0.16726588E+001
  0.16726257E+001
  0.16725926E+001
  0.16725595E+001
  0.16725265E+001
  0.16724937E+001
  0.16724610E+001
  0.16724286E+001
  0.16723965E+001
  0.16723646E+001
  0.16723331E+001
  0.16723020E+001
  0.16722713E+001
  0.16722410E+001
  0.16722112E+001
  0.16721819E+001
  0.16721531E+001
  0.16721248E+001
  0.16720971E+001
  0.16720700E+001
  0.16720434E+001
  0.16720175E+001
  0.16719923E+001
  0.16719677E+001
  0.16719437E+001
  0.16719205E+001
  0.16718980E+001
  0.16718761E+001
  0.16718550E+001
  0.16718347E+001
  0.16718151E+001
  0.16717962E+001
  0.16717780E+001
  0.16717606E+001
  0.16717440E+001
  0.16717281E+001
  0.16717129E+001
  0.16716985E+001
  0.16716848E+001
  0.16716717E+001
  0.16716594E+001
  0.16716477E+001
  0.16716367E+001
  0.16716263E+001
  0.16716165E+001
  0.16716073E+001
  0.16715986E+001
  0.16715905E+001
  0.16715829E+001
  0.16715758E+001
  0.16715691E+001
  0.16715629E+001
  0.16715571E+001
  0.16715516E+001
  0.16715466E+001
  0.16715419E+001
  0.16715375E+001
  0.16715333E+001
  0.16715295E+001
  0.16715259E+001
  0.16715226E+001
  0.16715194E+001
  0.16715165E+001
  0.16715137E+001
  0.16715111E+001
  0.16715087E+001
  0.16715063E+001
  0.16715041E+001
  0.16715020E+001
  0.16715000E+001
  0.16714981E+001
  0.16714962E+001
  0.16714945E+001
  0.16714927E+001
  0.16714911E+001
  0.16714895E+001
  0.16714879E+001
  0.16714864E+001
  0.16714849E+001
  0.16714834E+001
  0.16714820E+001
  0.16714806E+001
  0.16714792E+001
  0.16714778E+001
  0.16714765E+001
  0.16714752E+001
  0.16714739E+001
  0.16714726E+001
  0.16714713E+001
  0.16714701E+001
  0.16714689E+001
  0.16714677E+001
  0.16714665E+001
  0.16714654E+001
  0.16714642E+001
  0.16714631E+001
  0.16714620E+001
  0.16714609E+001
  0.16714598E+001
  0.16714588E+001
  0.16714578E+001
  0.16714568E+001
  0.16714558E+001
  0.16714548E+001
  0.16714539E+001
  0.16714529E+001
  0.16714520E+001
  0.16714511E+001
  0.16714503E+001
  0.16714494E+001
  0.16714486E+001
  0.16714478E+001
  0.16714470E+001
  0.16714462E+001
  0.16714455E+001
  0.16714447E+001
  0.16714440E+001
  0.16714434E+001
  0.16714427E+001
  0.16714421E+001
  0.16714414E+001
  0.16714408E+001
  0.16714403E+001
  0.16714397E+001
  0.16714392E+001
  0.16714387E+001
  0.16714382E+001
  0.16714378E+001
  0.16714373E+001
  0.16714369E+001
  0.16714366E+001
  0.16714362E+001
  0.16714359E+001
  0.16714356E+001
  0.16714354E+001
  0.16714352E+001
  0.16714350E+001
  0.16714349E+001
  0.16714348E+001
  0.16714347E+001
  0.16714348E+001
  0.16714348E+001
  0.16714350E+001
  0.16714352E+001
  0.16714354E+001
  0.16714358E+001
  0.16714362E+001
  0.16714367E+001
  0.16714374E+001
  0.16714381E+001
  0.16714389E+001
  0.16714399E+001
  0.16714409E+001
  0.16714421E+001
  0.16714434E+001
  0.16714447E+001
  0.16714461E+001
  0.16714475E+001
  0.16714489E+001
  0.16714500E+001
  0.16714508E+001
  0.16714511E+001
  0.16714504E+001
  0.16714481E+001
  0.16714433E+001
  0.16714347E+001
  0.16714217E+001
  0.16713999E+001
  0.16713701E+001
