  0.11476008E+001
  0.11475610E+001
  0.11475030E+001
  0.11474453E+001
  0.11473924E+001
  0.11473450E+001
  0.11473030E+001
  0.11472660E+001
  0.11472335E+001
  0.11472050E+001
  0.11471799E+001
  0.11471578E+001
  0.11471383E+001
  0.11471211E+001
  0.11471058E+001
  0.11470924E+001
  0.11470804E+001
  0.11470697E+001
  0.11470602E+001
  0.11470517E+001
  0.11470440E+001
  0.11470370E+001
  0.11470308E+001
  0.11470250E+001
  0.11470198E+001
  0.11470150E+001
  0.11470106E+001
  0.11470065E+001
  0.11470027E+001
  0.11469992E+001
  0.11469959E+001
  0.11469928E+001
  0.11469898E+001
  0.11469870E+001
  0.11469844E+001
  0.11469819E+001
  0.11469794E+001
  0.11469771E+001
  0.11469749E+001
  0.11469727E+001
  0.11469707E+001
  0.11469687E+001
  0.11469668E+001
  0.11469649E+001
  0.11469631E+001
  0.11469614E+001
  0.11469598E+001
  0.11469582E+001
  0.11469567E+001
  0.11469552E+001
  0.11469539E+001
  0.11469525E+001
  0.11469513E+001
  0.11469501E+001
  0.11469490E+001
  0.11469480E+001
  0.11469470E+001
  0.11469461E+001
  0.11469453E+001
  0.11469445E+001
  0.11469439E+001
  0.11469432E+001
  0.11469427E+001
  0.11469422E+001
  0.11469418E+001
  0.11469415E+001
  0.11469412E+001
  0.11469410E+001
  0.11469408E+001
  0.11469407E+001
  0.11469407E+001
  0.11469407E+001
  0.11469407E+001
  0.11469409E+001
  0.11469410E+001
  0.11469412E+001
  0.11469415E+001
  0.11469418E+001
  0.11469422E+001
  0.11469426E+001
  0.11469431E+001
  0.11469436E+001
  0.11469441E+001
  0.11469447E+001
  0.11469453E+001
  0.11469460E+001
  0.11469467E+001
  0.11469475E+001
  0.11469482E+001
  0.11469491E+001
  0.11469499E+001
  0.11469508E+001
  0.11469517E+001
  0.11469527E+001
  0.11469537E+001
  0.11469547E+001
  0.11469558E+001
  0.11469569E+001
  0.11469580E+001
  0.11469591E+001
  0.11469603E+001
  0.11469614E+001
  0.11469627E+001
  0.11469639E+001
  0.11469651E+001
  0.11469664E+001
  0.11469677E+001
  0.11469690E+001
  0.11469703E+001
  0.11469717E+001
  0.11469730E+001
  0.11469744E+001
  0.11469758E+001
  0.11469772E+001
  0.11469786E+001
  0.11469800E+001
  0.11469815E+001
  0.11469829E+001
  0.11469844E+001
  0.11469858E+001
  0.11469873E+001
  0.11469888E+001
  0.11469902E+001
  0.11469917E+001
  0.11469932E+001
  0.11469947E+001
  0.11469962E+001
  0.11469977E+001
  0.11469992E+001
  0.11470007E+001
  0.11470022E+001
  0.11470037E+001
  0.11470052E+001
  0.11470067E+001
  0.11470082E+001
  0.11470097E+001
  0.11470112E+001
  0.11470127E+001
  0.11470141E+001
  0.11470156E+001
  0.11470171E+001
  0.11470185E+001
  0.11470200E+001
  0.11470214E+001
  0.11470229E+001
  0.11470243E+001
  0.11470257E+001
  0.11470271E+001
  0.11470286E+001
  0.11470300E+001
  0.11470313E+001
  0.11470327E+001
  0.11470341E+001
  0.11470354E+001
  0.11470368E+001
  0.11470381E+001
  0.11470394E+001
  0.11470407E+001
  0.11470420E+001
  0.11470433E+001
  0.11470446E+001
  0.11470458E+001
  0.11470471E+001
  0.11470483E+001
  0.11470495E+001
  0.11470507E+001
  0.11470519E+001
  0.11470531E+001
  0.11470543E+001
  0.11470554E+001
  0.11470565E+001
  0.11470577E+001
  0.11470588E+001
  0.11470598E+001
  0.11470609E+001
  0.11470620E+001
  0.11470630E+001
  0.11470641E+001
  0.11470651E+001
  0.11470661E+001
  0.11470671E+001
  0.11470681E+001
  0.11470690E+001
  0.11470700E+001
  0.11470709E+001
  0.11470719E+001
  0.11470728E+001
  0.11470737E+001
  0.11470746E+001
  0.11470755E+001
  0.11470765E+001
  0.11470774E+001
  0.11470783E+001
  0.11470792E+001
  0.11470802E+001
  0.11470814E+001
  0.11470827E+001
  0.11470845E+001
  0.11470860E+001
  0.11470950E+001
