 -0.28795893E+000
 -0.28792020E+000
 -0.28792959E+000
 -0.28795195E+000
 -0.28797727E+000
 -0.28800200E+000
 -0.28802486E+000
 -0.28804543E+000
 -0.28806370E+000
 -0.28807980E+000
 -0.28809393E+000
 -0.28810629E+000
 -0.28811709E+000
 -0.28812652E+000
 -0.28813479E+000
 -0.28814201E+000
 -0.28814831E+000
 -0.28815382E+000
 -0.28815866E+000
 -0.28816291E+000
 -0.28816665E+000
 -0.28816996E+000
 -0.28817288E+000
 -0.28817548E+000
 -0.28817780E+000
 -0.28817987E+000
 -0.28818173E+000
 -0.28818341E+000
 -0.28818493E+000
 -0.28818633E+000
 -0.28818761E+000
 -0.28818879E+000
 -0.28818990E+000
 -0.28819093E+000
 -0.28819192E+000
 -0.28819285E+000
 -0.28819375E+000
 -0.28819462E+000
 -0.28819547E+000
 -0.28819630E+000
 -0.28819712E+000
 -0.28819792E+000
 -0.28819872E+000
 -0.28819952E+000
 -0.28820032E+000
 -0.28820111E+000
 -0.28820191E+000
 -0.28820271E+000
 -0.28820352E+000
 -0.28820433E+000
 -0.28820514E+000
 -0.28820597E+000
 -0.28820680E+000
 -0.28820763E+000
 -0.28820848E+000
 -0.28820933E+000
 -0.28821020E+000
 -0.28821107E+000
 -0.28821195E+000
 -0.28821285E+000
 -0.28821375E+000
 -0.28821467E+000
 -0.28821560E+000
 -0.28821655E+000
 -0.28821751E+000
 -0.28821849E+000
 -0.28821949E+000
 -0.28822050E+000
 -0.28822154E+000
 -0.28822259E+000
 -0.28822367E+000
 -0.28822477E+000
 -0.28822589E+000
 -0.28822704E+000
 -0.28822821E+000
 -0.28822941E+000
 -0.28823063E+000
 -0.28823188E+000
 -0.28823315E+000
 -0.28823445E+000
 -0.28823577E+000
 -0.28823712E+000
 -0.28823850E+000
 -0.28823990E+000
 -0.28824133E+000
 -0.28824278E+000
 -0.28824426E+000
 -0.28824576E+000
 -0.28824728E+000
 -0.28824883E+000
 -0.28825041E+000
 -0.28825201E+000
 -0.28825363E+000
 -0.28825527E+000
 -0.28825694E+000
 -0.28825863E+000
 -0.28826034E+000
 -0.28826207E+000
 -0.28826383E+000
 -0.28826561E+000
 -0.28826740E+000
 -0.28826922E+000
 -0.28827106E+000
 -0.28827292E+000
 -0.28827480E+000
 -0.28827670E+000
 -0.28827861E+000
 -0.28828055E+000
 -0.28828250E+000
 -0.28828447E+000
 -0.28828646E+000
 -0.28828846E+000
 -0.28829048E+000
 -0.28829251E+000
 -0.28829456E+000
 -0.28829662E+000
 -0.28829870E+000
 -0.28830079E+000
 -0.28830289E+000
 -0.28830500E+000
 -0.28830712E+000
 -0.28830924E+000
 -0.28831138E+000
 -0.28831353E+000
 -0.28831568E+000
 -0.28831784E+000
 -0.28832001E+000
 -0.28832217E+000
 -0.28832435E+000
 -0.28832652E+000
 -0.28832870E+000
 -0.28833088E+000
 -0.28833306E+000
 -0.28833524E+000
 -0.28833742E+000
 -0.28833959E+000
 -0.28834176E+000
 -0.28834393E+000
 -0.28834609E+000
 -0.28834825E+000
 -0.28835040E+000
 -0.28835254E+000
 -0.28835468E+000
 -0.28835680E+000
 -0.28835892E+000
 -0.28836102E+000
 -0.28836311E+000
 -0.28836519E+000
 -0.28836726E+000
 -0.28836931E+000
 -0.28837134E+000
 -0.28837336E+000
 -0.28837537E+000
 -0.28837736E+000
 -0.28837933E+000
 -0.28838128E+000
 -0.28838321E+000
 -0.28838513E+000
 -0.28838702E+000
 -0.28838890E+000
 -0.28839075E+000
 -0.28839259E+000
 -0.28839440E+000
 -0.28839619E+000
 -0.28839795E+000
 -0.28839970E+000
 -0.28840142E+000
 -0.28840312E+000
 -0.28840480E+000
 -0.28840646E+000
 -0.28840809E+000
 -0.28840970E+000
 -0.28841128E+000
 -0.28841284E+000
 -0.28841438E+000
 -0.28841590E+000
 -0.28841739E+000
 -0.28841887E+000
 -0.28842032E+000
 -0.28842174E+000
 -0.28842315E+000
 -0.28842454E+000
 -0.28842590E+000
 -0.28842724E+000
 -0.28842856E+000
 -0.28842986E+000
 -0.28843114E+000
 -0.28843240E+000
 -0.28843363E+000
 -0.28843484E+000
 -0.28843602E+000
 -0.28843718E+000
 -0.28843830E+000
 -0.28843941E+000
 -0.28844045E+000
 -0.28844148E+000
 -0.28844235E+000
 -0.28844348E+000
 -0.28844399E+000
 -0.28844156E+000
