  0.54026162E+000
  0.54029574E+000
  0.54033900E+000
  0.54038065E+000
  0.54041834E+000
  0.54045186E+000
  0.54048146E+000
  0.54050750E+000
  0.54053037E+000
  0.54055046E+000
  0.54056812E+000
  0.54058366E+000
  0.54059736E+000
  0.54060947E+000
  0.54062018E+000
  0.54062966E+000
  0.54063808E+000
  0.54064558E+000
  0.54065228E+000
  0.54065830E+000
  0.54066371E+000
  0.54066859E+000
  0.54067302E+000
  0.54067705E+000
  0.54068074E+000
  0.54068412E+000
  0.54068723E+000
  0.54069012E+000
  0.54069280E+000
  0.54069530E+000
  0.54069766E+000
  0.54069987E+000
  0.54070196E+000
  0.54070395E+000
  0.54070585E+000
  0.54070766E+000
  0.54070940E+000
  0.54071108E+000
  0.54071269E+000
  0.54071425E+000
  0.54071575E+000
  0.54071721E+000
  0.54071862E+000
  0.54071999E+000
  0.54072132E+000
  0.54072260E+000
  0.54072384E+000
  0.54072505E+000
  0.54072621E+000
  0.54072733E+000
  0.54072841E+000
  0.54072945E+000
  0.54073045E+000
  0.54073141E+000
  0.54073233E+000
  0.54073321E+000
  0.54073404E+000
  0.54073483E+000
  0.54073558E+000
  0.54073629E+000
  0.54073696E+000
  0.54073759E+000
  0.54073818E+000
  0.54073873E+000
  0.54073924E+000
  0.54073972E+000
  0.54074016E+000
  0.54074057E+000
  0.54074095E+000
  0.54074130E+000
  0.54074162E+000
  0.54074191E+000
  0.54074218E+000
  0.54074242E+000
  0.54074263E+000
  0.54074283E+000
  0.54074300E+000
  0.54074315E+000
  0.54074328E+000
  0.54074339E+000
  0.54074348E+000
  0.54074356E+000
  0.54074361E+000
  0.54074365E+000
  0.54074368E+000
  0.54074369E+000
  0.54074368E+000
  0.54074366E+000
  0.54074363E+000
  0.54074358E+000
  0.54074353E+000
  0.54074345E+000
  0.54074337E+000
  0.54074328E+000
  0.54074318E+000
  0.54074306E+000
  0.54074294E+000
  0.54074281E+000
  0.54074267E+000
  0.54074252E+000
  0.54074236E+000
  0.54074220E+000
  0.54074203E+000
  0.54074186E+000
  0.54074168E+000
  0.54074150E+000
  0.54074131E+000
  0.54074111E+000
  0.54074092E+000
  0.54074072E+000
  0.54074052E+000
  0.54074031E+000
  0.54074011E+000
  0.54073990E+000
  0.54073969E+000
  0.54073948E+000
  0.54073926E+000
  0.54073905E+000
  0.54073884E+000
  0.54073863E+000
  0.54073841E+000
  0.54073820E+000
  0.54073799E+000
  0.54073778E+000
  0.54073757E+000
  0.54073737E+000
  0.54073716E+000
  0.54073696E+000
  0.54073676E+000
  0.54073656E+000
  0.54073636E+000
  0.54073617E+000
  0.54073598E+000
  0.54073579E+000
  0.54073560E+000
  0.54073542E+000
  0.54073524E+000
  0.54073507E+000
  0.54073490E+000
  0.54073473E+000
  0.54073456E+000
  0.54073440E+000
  0.54073424E+000
  0.54073408E+000
  0.54073393E+000
  0.54073378E+000
  0.54073364E+000
  0.54073350E+000
  0.54073336E+000
  0.54073322E+000
  0.54073309E+000
  0.54073296E+000
  0.54073284E+000
  0.54073272E+000
  0.54073260E+000
  0.54073248E+000
  0.54073237E+000
  0.54073226E+000
  0.54073215E+000
  0.54073205E+000
  0.54073195E+000
  0.54073185E+000
  0.54073175E+000
  0.54073166E+000
  0.54073156E+000
  0.54073147E+000
  0.54073139E+000
  0.54073130E+000
  0.54073122E+000
  0.54073114E+000
  0.54073106E+000
  0.54073098E+000
  0.54073090E+000
  0.54073083E+000
  0.54073075E+000
  0.54073068E+000
  0.54073061E+000
  0.54073054E+000
  0.54073047E+000
  0.54073040E+000
  0.54073033E+000
  0.54073027E+000
  0.54073020E+000
  0.54073013E+000
  0.54073006E+000
  0.54072999E+000
  0.54072992E+000
  0.54072985E+000
  0.54072977E+000
  0.54072969E+000
  0.54072960E+000
  0.54072951E+000
  0.54072941E+000
  0.54072928E+000
  0.54072914E+000
  0.54072890E+000
  0.54072860E+000
  0.54072795E+000
  0.54072766E+000
  0.54072273E+000
