  0.21938893E+002
  0.21939372E+002
  0.21939775E+002
  0.21940114E+002
  0.21940396E+002
  0.21940631E+002
  0.21940825E+002
  0.21940985E+002
  0.21941115E+002
  0.21941220E+002
  0.21941305E+002
  0.21941371E+002
  0.21941423E+002
  0.21941462E+002
  0.21941490E+002
  0.21941510E+002
  0.21941522E+002
  0.21941528E+002
  0.21941528E+002
  0.21941525E+002
  0.21941518E+002
  0.21941508E+002
  0.21941495E+002
  0.21941481E+002
  0.21941466E+002
  0.21941449E+002
  0.21941431E+002
  0.21941413E+002
  0.21941395E+002
  0.21941377E+002
  0.21941358E+002
  0.21941340E+002
  0.21941323E+002
  0.21941306E+002
  0.21941290E+002
  0.21941275E+002
  0.21941260E+002
  0.21941247E+002
  0.21941235E+002
  0.21941224E+002
  0.21941214E+002
  0.21941206E+002
  0.21941199E+002
  0.21941193E+002
  0.21941189E+002
  0.21941187E+002
  0.21941186E+002
  0.21941187E+002
  0.21941190E+002
  0.21941195E+002
  0.21941201E+002
  0.21941210E+002
  0.21941220E+002
  0.21941233E+002
  0.21941248E+002
  0.21941264E+002
  0.21941283E+002
  0.21941304E+002
  0.21941328E+002
  0.21941353E+002
  0.21941381E+002
  0.21941412E+002
  0.21941444E+002
  0.21941479E+002
  0.21941517E+002
  0.21941557E+002
  0.21941600E+002
  0.21941645E+002
  0.21941692E+002
  0.21941742E+002
  0.21941794E+002
  0.21941849E+002
  0.21941907E+002
  0.21941966E+002
  0.21942028E+002
  0.21942093E+002
  0.21942160E+002
  0.21942229E+002
  0.21942301E+002
  0.21942375E+002
  0.21942451E+002
  0.21942529E+002
  0.21942609E+002
  0.21942692E+002
  0.21942776E+002
  0.21942863E+002
  0.21942952E+002
  0.21943042E+002
  0.21943135E+002
  0.21943229E+002
  0.21943326E+002
  0.21943424E+002
  0.21943524E+002
  0.21943625E+002
  0.21943729E+002
  0.21943834E+002
  0.21943940E+002
  0.21944049E+002
  0.21944158E+002
  0.21944270E+002
  0.21944382E+002
  0.21944496E+002
  0.21944612E+002
  0.21944729E+002
  0.21944847E+002
  0.21944966E+002
  0.21945086E+002
  0.21945208E+002
  0.21945331E+002
  0.21945455E+002
  0.21945579E+002
  0.21945705E+002
  0.21945832E+002
  0.21945959E+002
  0.21946088E+002
  0.21946217E+002
  0.21946347E+002
  0.21946477E+002
  0.21946608E+002
  0.21946740E+002
  0.21946872E+002
  0.21947004E+002
  0.21947137E+002
  0.21947271E+002
  0.21947404E+002
  0.21947538E+002
  0.21947672E+002
  0.21947806E+002
  0.21947940E+002
  0.21948074E+002
  0.21948208E+002
  0.21948341E+002
  0.21948475E+002
  0.21948608E+002
  0.21948741E+002
  0.21948874E+002
  0.21949006E+002
  0.21949138E+002
  0.21949270E+002
  0.21949400E+002
  0.21949530E+002
  0.21949660E+002
  0.21949788E+002
  0.21949916E+002
  0.21950043E+002
  0.21950169E+002
  0.21950294E+002
  0.21950418E+002
  0.21950541E+002
  0.21950663E+002
  0.21950784E+002
  0.21950904E+002
  0.21951022E+002
  0.21951139E+002
  0.21951255E+002
  0.21951370E+002
  0.21951483E+002
  0.21951595E+002
  0.21951705E+002
  0.21951814E+002
  0.21951921E+002
  0.21952027E+002
  0.21952130E+002
  0.21952233E+002
  0.21952333E+002
  0.21952432E+002
  0.21952529E+002
  0.21952624E+002
  0.21952717E+002
  0.21952808E+002
  0.21952897E+002
  0.21952984E+002
  0.21953069E+002
  0.21953151E+002
  0.21953231E+002
  0.21953308E+002
  0.21953383E+002
  0.21953455E+002
  0.21953524E+002
  0.21953590E+002
  0.21953652E+002
  0.21953711E+002
  0.21953766E+002
  0.21953817E+002
  0.21953863E+002
  0.21953905E+002
  0.21953941E+002
  0.21953971E+002
  0.21953995E+002
  0.21954012E+002
  0.21954021E+002
  0.21954022E+002
  0.21954013E+002
  0.21953993E+002
  0.21953960E+002
  0.21953914E+002
  0.21953849E+002
  0.21953767E+002
  0.21953657E+002
  0.21953525E+002
