  0.11721876E-004
  0.11712664E-004
  0.11711675E-004
  0.11713490E-004
  0.11716047E-004
  0.11718567E-004
  0.11720774E-004
  0.11722595E-004
  0.11724038E-004
  0.11725142E-004
  0.11725950E-004
  0.11726509E-004
  0.11726859E-004
  0.11727036E-004
  0.11727070E-004
  0.11726989E-004
  0.11726812E-004
  0.11726559E-004
  0.11726246E-004
  0.11725884E-004
  0.11725484E-004
  0.11725056E-004
  0.11724606E-004
  0.11724140E-004
  0.11723665E-004
  0.11723184E-004
  0.11722700E-004
  0.11722218E-004
  0.11721738E-004
  0.11721264E-004
  0.11720797E-004
  0.11720338E-004
  0.11719890E-004
  0.11719452E-004
  0.11719027E-004
  0.11718614E-004
  0.11718214E-004
  0.11717828E-004
  0.11717456E-004
  0.11717098E-004
  0.11716753E-004
  0.11716422E-004
  0.11716104E-004
  0.11715799E-004
  0.11715507E-004
  0.11715226E-004
  0.11714957E-004
  0.11714699E-004
  0.11714452E-004
  0.11714214E-004
  0.11713986E-004
  0.11713767E-004
  0.11713556E-004
  0.11713354E-004
  0.11713160E-004
  0.11712974E-004
  0.11712795E-004
  0.11712624E-004
  0.11712460E-004
  0.11712303E-004
  0.11712153E-004
  0.11712009E-004
  0.11711873E-004
  0.11711743E-004
  0.11711619E-004
  0.11711501E-004
  0.11711390E-004
  0.11711283E-004
  0.11711183E-004
  0.11711088E-004
  0.11710997E-004
  0.11710912E-004
  0.11710831E-004
  0.11710755E-004
  0.11710683E-004
  0.11710614E-004
  0.11710550E-004
  0.11710489E-004
  0.11710432E-004
  0.11710377E-004
  0.11710326E-004
  0.11710277E-004
  0.11710231E-004
  0.11710188E-004
  0.11710147E-004
  0.11710108E-004
  0.11710071E-004
  0.11710037E-004
  0.11710003E-004
  0.11709972E-004
  0.11709942E-004
  0.11709914E-004
  0.11709887E-004
  0.11709861E-004
  0.11709837E-004
  0.11709814E-004
  0.11709792E-004
  0.11709770E-004
  0.11709750E-004
  0.11709731E-004
  0.11709712E-004
  0.11709694E-004
  0.11709677E-004
  0.11709661E-004
  0.11709645E-004
  0.11709630E-004
  0.11709616E-004
  0.11709602E-004
  0.11709589E-004
  0.11709576E-004
  0.11709564E-004
  0.11709553E-004
  0.11709542E-004
  0.11709531E-004
  0.11709521E-004
  0.11709511E-004
  0.11709502E-004
  0.11709494E-004
  0.11709485E-004
  0.11709478E-004
  0.11709470E-004
  0.11709464E-004
  0.11709458E-004
  0.11709452E-004
  0.11709447E-004
  0.11709442E-004
  0.11709438E-004
  0.11709434E-004
  0.11709431E-004
  0.11709429E-004
  0.11709427E-004
  0.11709427E-004
  0.11709426E-004
  0.11709427E-004
  0.11709428E-004
  0.11709431E-004
  0.11709434E-004
  0.11709438E-004
  0.11709443E-004
  0.11709450E-004
  0.11709458E-004
  0.11709466E-004
  0.11709477E-004
  0.11709489E-004
  0.11709502E-004
  0.11709518E-004
  0.11709535E-004
  0.11709554E-004
  0.11709575E-004
  0.11709599E-004
  0.11709626E-004
  0.11709655E-004
  0.11709687E-004
  0.11709723E-004
  0.11709762E-004
  0.11709805E-004
  0.11709851E-004
  0.11709903E-004
  0.11709959E-004
  0.11710019E-004
  0.11710086E-004
  0.11710158E-004
  0.11710236E-004
  0.11710321E-004
  0.11710413E-004
  0.11710513E-004
  0.11710620E-004
  0.11710736E-004
  0.11710860E-004
  0.11710994E-004
  0.11711138E-004
  0.11711292E-004
  0.11711456E-004
  0.11711632E-004
  0.11711819E-004
  0.11712018E-004
  0.11712229E-004
  0.11712453E-004
  0.11712689E-004
  0.11712939E-004
  0.11713202E-004
  0.11713478E-004
  0.11713768E-004
  0.11714071E-004
  0.11714388E-004
  0.11714719E-004
  0.11715063E-004
  0.11715421E-004
  0.11715792E-004
  0.11716177E-004
  0.11716576E-004
  0.11716988E-004
  0.11717416E-004
  0.11717856E-004
  0.11718314E-004
  0.11718779E-004
  0.11719267E-004
  0.11719741E-004
  0.11720226E-004
  0.11720581E-004
