  0.28914969E+000
  0.28481733E+000
  0.28402037E+000
  0.28406823E+000
  0.28433394E+000
  0.28466089E+000
  0.28499952E+000
  0.28533285E+000
  0.28565627E+000
  0.28597189E+000
  0.28628316E+000
  0.28657073E+000
  0.28682098E+000
  0.28703972E+000
  0.28725138E+000
  0.28745541E+000
  0.28764720E+000
  0.28782390E+000
  0.28798567E+000
  0.28813246E+000
  0.28826453E+000
  0.28838244E+000
  0.28848694E+000
  0.28857893E+000
  0.28865940E+000
  0.28872935E+000
  0.28878981E+000
  0.28884174E+000
  0.28888609E+000
  0.28892374E+000
  0.28895552E+000
  0.28898218E+000
  0.28900441E+000
  0.28902286E+000
  0.28903810E+000
  0.28905063E+000
  0.28906091E+000
  0.28906933E+000
  0.28907623E+000
  0.28908191E+000
  0.28908662E+000
  0.28909057E+000
  0.28909393E+000
  0.28909684E+000
  0.28909942E+000
  0.28910176E+000
  0.28910391E+000
  0.28910594E+000
  0.28910787E+000
  0.28910973E+000
  0.28911154E+000
  0.28911330E+000
  0.28911501E+000
  0.28911669E+000
  0.28911831E+000
  0.28911989E+000
  0.28912142E+000
  0.28912288E+000
  0.28912429E+000
  0.28912563E+000
  0.28912689E+000
  0.28912809E+000
  0.28912920E+000
  0.28913024E+000
  0.28913119E+000
  0.28913207E+000
  0.28913286E+000
  0.28913357E+000
  0.28913421E+000
  0.28913477E+000
  0.28913527E+000
  0.28913569E+000
  0.28913606E+000
  0.28913637E+000
  0.28913662E+000
  0.28913683E+000
  0.28913700E+000
  0.28913714E+000
  0.28913723E+000
  0.28913730E+000
  0.28913734E+000
  0.28913735E+000
  0.28913734E+000
  0.28913731E+000
  0.28913725E+000
  0.28913718E+000
  0.28913708E+000
  0.28913697E+000
  0.28913684E+000
  0.28913670E+000
  0.28913654E+000
  0.28913636E+000
  0.28913617E+000
  0.28913596E+000
  0.28913574E+000
  0.28913551E+000
  0.28913527E+000
  0.28913501E+000
  0.28913474E+000
  0.28913446E+000
  0.28913417E+000
  0.28913386E+000
  0.28913355E+000
  0.28913323E+000
  0.28913291E+000
  0.28913257E+000
  0.28913223E+000
  0.28913189E+000
  0.28913154E+000
  0.28913118E+000
  0.28913083E+000
  0.28913047E+000
  0.28913011E+000
  0.28912975E+000
  0.28912939E+000
  0.28912903E+000
  0.28912867E+000
  0.28912831E+000
  0.28912796E+000
  0.28912761E+000
  0.28912726E+000
  0.28912691E+000
  0.28912657E+000
  0.28912623E+000
  0.28912590E+000
  0.28912557E+000
  0.28912525E+000
  0.28912494E+000
  0.28912463E+000
  0.28912433E+000
  0.28912404E+000
  0.28912375E+000
  0.28912347E+000
  0.28912320E+000
  0.28912294E+000
  0.28912268E+000
  0.28912243E+000
  0.28912220E+000
  0.28912197E+000
  0.28912175E+000
  0.28912153E+000
  0.28912133E+000
  0.28912114E+000
  0.28912095E+000
  0.28912078E+000
  0.28912062E+000
  0.28912046E+000
  0.28912031E+000
  0.28912018E+000
  0.28912005E+000
  0.28911994E+000
  0.28911983E+000
  0.28911974E+000
  0.28911966E+000
  0.28911958E+000
  0.28911952E+000
  0.28911948E+000
  0.28911944E+000
  0.28911942E+000
  0.28911941E+000
  0.28911941E+000
  0.28911943E+000
  0.28911947E+000
  0.28911952E+000
  0.28911959E+000
  0.28911967E+000
  0.28911978E+000
  0.28911990E+000
  0.28912004E+000
  0.28912021E+000
  0.28912040E+000
  0.28912061E+000
  0.28912085E+000
  0.28912112E+000
  0.28912141E+000
  0.28912173E+000
  0.28912208E+000
  0.28912246E+000
  0.28912287E+000
  0.28912332E+000
  0.28912379E+000
  0.28912430E+000
  0.28912484E+000
  0.28912542E+000
  0.28912603E+000
  0.28912667E+000
  0.28912735E+000
  0.28912806E+000
  0.28912882E+000
  0.28912961E+000
  0.28913042E+000
  0.28913122E+000
  0.28913197E+000
  0.28913268E+000
  0.28913347E+000
  0.28913489E+000
  0.28913796E+000
  0.28914219E+000
  0.28914192E+000
  0.28914591E+000
