  0.20669794E+000
  0.20668530E+000
  0.20667399E+000
  0.20666391E+000
  0.20665491E+000
  0.20664686E+000
  0.20663965E+000
  0.20663317E+000
  0.20662732E+000
  0.20662203E+000
  0.20661722E+000
  0.20661284E+000
  0.20660882E+000
  0.20660513E+000
  0.20660172E+000
  0.20659856E+000
  0.20659561E+000
  0.20659286E+000
  0.20659028E+000
  0.20658784E+000
  0.20658554E+000
  0.20658335E+000
  0.20658127E+000
  0.20657927E+000
  0.20657735E+000
  0.20657551E+000
  0.20657372E+000
  0.20657199E+000
  0.20657031E+000
  0.20656867E+000
  0.20656706E+000
  0.20656549E+000
  0.20656394E+000
  0.20656243E+000
  0.20656093E+000
  0.20655945E+000
  0.20655798E+000
  0.20655653E+000
  0.20655510E+000
  0.20655367E+000
  0.20655225E+000
  0.20655084E+000
  0.20654944E+000
  0.20654804E+000
  0.20654665E+000
  0.20654527E+000
  0.20654389E+000
  0.20654252E+000
  0.20654115E+000
  0.20653979E+000
  0.20653843E+000
  0.20653708E+000
  0.20653574E+000
  0.20653441E+000
  0.20653308E+000
  0.20653176E+000
  0.20653046E+000
  0.20652916E+000
  0.20652788E+000
  0.20652661E+000
  0.20652535E+000
  0.20652410E+000
  0.20652287E+000
  0.20652166E+000
  0.20652046E+000
  0.20651928E+000
  0.20651812E+000
  0.20651698E+000
  0.20651586E+000
  0.20651476E+000
  0.20651369E+000
  0.20651263E+000
  0.20651161E+000
  0.20651060E+000
  0.20650962E+000
  0.20650867E+000
  0.20650774E+000
  0.20650684E+000
  0.20650597E+000
  0.20650513E+000
  0.20650431E+000
  0.20650352E+000
  0.20650276E+000
  0.20650202E+000
  0.20650131E+000
  0.20650063E+000
  0.20649997E+000
  0.20649934E+000
  0.20649873E+000
  0.20649815E+000
  0.20649759E+000
  0.20649705E+000
  0.20649653E+000
  0.20649603E+000
  0.20649555E+000
  0.20649509E+000
  0.20649465E+000
  0.20649423E+000
  0.20649382E+000
  0.20649343E+000
  0.20649305E+000
  0.20649269E+000
  0.20649234E+000
  0.20649201E+000
  0.20649169E+000
  0.20649138E+000
  0.20649108E+000
  0.20649080E+000
  0.20649053E+000
  0.20649027E+000
  0.20649001E+000
  0.20648977E+000
  0.20648954E+000
  0.20648932E+000
  0.20648911E+000
  0.20648891E+000
  0.20648872E+000
  0.20648854E+000
  0.20648836E+000
  0.20648820E+000
  0.20648804E+000
  0.20648790E+000
  0.20648776E+000
  0.20648764E+000
  0.20648752E+000
  0.20648741E+000
  0.20648731E+000
  0.20648723E+000
  0.20648715E+000
  0.20648708E+000
  0.20648703E+000
  0.20648699E+000
  0.20648696E+000
  0.20648694E+000
  0.20648694E+000
  0.20648695E+000
  0.20648698E+000
  0.20648702E+000
  0.20648708E+000
  0.20648716E+000
  0.20648726E+000
  0.20648738E+000
  0.20648753E+000
  0.20648770E+000
  0.20648789E+000
  0.20648811E+000
  0.20648837E+000
  0.20648866E+000
  0.20648898E+000
  0.20648934E+000
  0.20648974E+000
  0.20649018E+000
  0.20649068E+000
  0.20649122E+000
  0.20649183E+000
  0.20649249E+000
  0.20649321E+000
  0.20649401E+000
  0.20649488E+000
  0.20649583E+000
  0.20649687E+000
  0.20649800E+000
  0.20649923E+000
  0.20650057E+000
  0.20650202E+000
  0.20650359E+000
  0.20650529E+000
  0.20650712E+000
  0.20650910E+000
  0.20651123E+000
  0.20651352E+000
  0.20651597E+000
  0.20651860E+000
  0.20652142E+000
  0.20652442E+000
  0.20652762E+000
  0.20653103E+000
  0.20653464E+000
  0.20653847E+000
  0.20654252E+000
  0.20654680E+000
  0.20655130E+000
  0.20655603E+000
  0.20656100E+000
  0.20656620E+000
  0.20657163E+000
  0.20657730E+000
  0.20658319E+000
  0.20658933E+000
  0.20659569E+000
  0.20660229E+000
  0.20660912E+000
  0.20661620E+000
  0.20662352E+000
  0.20663113E+000
  0.20663894E+000
  0.20664715E+000
  0.20665531E+000
  0.20666432E+000
  0.20667270E+000
