  0.18640641E+000
  0.18215480E+000
  0.18136650E+000
  0.18139846E+000
  0.18164175E+000
  0.18194662E+000
  0.18226590E+000
  0.18258327E+000
  0.18289403E+000
  0.18319998E+000
  0.18350417E+000
  0.18378684E+000
  0.18403402E+000
  0.18425121E+000
  0.18446257E+000
  0.18466732E+000
  0.18486065E+000
  0.18503957E+000
  0.18520409E+000
  0.18535406E+000
  0.18548963E+000
  0.18561129E+000
  0.18571973E+000
  0.18581580E+000
  0.18590043E+000
  0.18597461E+000
  0.18603930E+000
  0.18609547E+000
  0.18614402E+000
  0.18618583E+000
  0.18622170E+000
  0.18625238E+000
  0.18627854E+000
  0.18630082E+000
  0.18631979E+000
  0.18633594E+000
  0.18634972E+000
  0.18636152E+000
  0.18637169E+000
  0.18638051E+000
  0.18638825E+000
  0.18639510E+000
  0.18640124E+000
  0.18640683E+000
  0.18641197E+000
  0.18641676E+000
  0.18642128E+000
  0.18642556E+000
  0.18642967E+000
  0.18643361E+000
  0.18643742E+000
  0.18644110E+000
  0.18644466E+000
  0.18644810E+000
  0.18645143E+000
  0.18645464E+000
  0.18645773E+000
  0.18646070E+000
  0.18646354E+000
  0.18646626E+000
  0.18646884E+000
  0.18647129E+000
  0.18647360E+000
  0.18647578E+000
  0.18647782E+000
  0.18647972E+000
  0.18648149E+000
  0.18648314E+000
  0.18648466E+000
  0.18648605E+000
  0.18648734E+000
  0.18648851E+000
  0.18648958E+000
  0.18649056E+000
  0.18649145E+000
  0.18649226E+000
  0.18649300E+000
  0.18649366E+000
  0.18649426E+000
  0.18649480E+000
  0.18649529E+000
  0.18649573E+000
  0.18649612E+000
  0.18649647E+000
  0.18649677E+000
  0.18649704E+000
  0.18649727E+000
  0.18649746E+000
  0.18649763E+000
  0.18649776E+000
  0.18649786E+000
  0.18649793E+000
  0.18649797E+000
  0.18649799E+000
  0.18649799E+000
  0.18649796E+000
  0.18649791E+000
  0.18649783E+000
  0.18649774E+000
  0.18649763E+000
  0.18649750E+000
  0.18649736E+000
  0.18649719E+000
  0.18649702E+000
  0.18649683E+000
  0.18649662E+000
  0.18649641E+000
  0.18649618E+000
  0.18649595E+000
  0.18649571E+000
  0.18649546E+000
  0.18649520E+000
  0.18649494E+000
  0.18649467E+000
  0.18649440E+000
  0.18649412E+000
  0.18649384E+000
  0.18649356E+000
  0.18649328E+000
  0.18649300E+000
  0.18649271E+000
  0.18649242E+000
  0.18649214E+000
  0.18649185E+000
  0.18649156E+000
  0.18649128E+000
  0.18649099E+000
  0.18649071E+000
  0.18649043E+000
  0.18649015E+000
  0.18648987E+000
  0.18648959E+000
  0.18648931E+000
  0.18648903E+000
  0.18648876E+000
  0.18648848E+000
  0.18648821E+000
  0.18648793E+000
  0.18648766E+000
  0.18648738E+000
  0.18648710E+000
  0.18648682E+000
  0.18648654E+000
  0.18648625E+000
  0.18648596E+000
  0.18648566E+000
  0.18648535E+000
  0.18648504E+000
  0.18648471E+000
  0.18648438E+000
  0.18648403E+000
  0.18648367E+000
  0.18648329E+000
  0.18648290E+000
  0.18648249E+000
  0.18648205E+000
  0.18648159E+000
  0.18648111E+000
  0.18648059E+000
  0.18648005E+000
  0.18647947E+000
  0.18647886E+000
  0.18647821E+000
  0.18647751E+000
  0.18647678E+000
  0.18647599E+000
  0.18647515E+000
  0.18647426E+000
  0.18647332E+000
  0.18647231E+000
  0.18647124E+000
  0.18647010E+000
  0.18646890E+000
  0.18646763E+000
  0.18646628E+000
  0.18646486E+000
  0.18646336E+000
  0.18646178E+000
  0.18646011E+000
  0.18645837E+000
  0.18645654E+000
  0.18645463E+000
  0.18645263E+000
  0.18645055E+000
  0.18644837E+000
  0.18644612E+000
  0.18644378E+000
  0.18644136E+000
  0.18643886E+000
  0.18643628E+000
  0.18643359E+000
  0.18643078E+000
  0.18642779E+000
  0.18642463E+000
  0.18642141E+000
  0.18641875E+000
  0.18641754E+000
  0.18641763E+000
  0.18641310E+000
  0.18641398E+000
