  0.14607529E+000
  0.14559230E+000
  0.14527137E+000
  0.14506492E+000
  0.14494308E+000
  0.14488052E+000
  0.14485913E+000
  0.14486592E+000
  0.14489162E+000
  0.14492961E+000
  0.14497520E+000
  0.14502650E+000
  0.14508183E+000
  0.14513851E+000
  0.14519291E+000
  0.14524498E+000
  0.14529482E+000
  0.14534271E+000
  0.14538837E+000
  0.14543169E+000
  0.14547262E+000
  0.14551119E+000
  0.14554748E+000
  0.14558159E+000
  0.14561362E+000
  0.14564370E+000
  0.14567194E+000
  0.14569846E+000
  0.14572337E+000
  0.14574675E+000
  0.14576872E+000
  0.14578935E+000
  0.14580872E+000
  0.14582691E+000
  0.14584397E+000
  0.14585997E+000
  0.14587497E+000
  0.14588902E+000
  0.14590217E+000
  0.14591448E+000
  0.14592598E+000
  0.14593673E+000
  0.14594678E+000
  0.14595615E+000
  0.14596491E+000
  0.14597308E+000
  0.14598072E+000
  0.14598785E+000
  0.14599452E+000
  0.14600076E+000
  0.14600659E+000
  0.14601205E+000
  0.14601716E+000
  0.14602195E+000
  0.14602643E+000
  0.14603063E+000
  0.14603456E+000
  0.14603823E+000
  0.14604166E+000
  0.14604485E+000
  0.14604783E+000
  0.14605060E+000
  0.14605316E+000
  0.14605553E+000
  0.14605772E+000
  0.14605974E+000
  0.14606158E+000
  0.14606328E+000
  0.14606482E+000
  0.14606623E+000
  0.14606750E+000
  0.14606866E+000
  0.14606971E+000
  0.14607066E+000
  0.14607151E+000
  0.14607228E+000
  0.14607298E+000
  0.14607361E+000
  0.14607418E+000
  0.14607469E+000
  0.14607515E+000
  0.14607557E+000
  0.14607595E+000
  0.14607630E+000
  0.14607661E+000
  0.14607690E+000
  0.14607715E+000
  0.14607739E+000
  0.14607760E+000
  0.14607779E+000
  0.14607796E+000
  0.14607812E+000
  0.14607826E+000
  0.14607838E+000
  0.14607849E+000
  0.14607859E+000
  0.14607867E+000
  0.14607874E+000
  0.14607880E+000
  0.14607885E+000
  0.14607888E+000
  0.14607891E+000
  0.14607893E+000
  0.14607894E+000
  0.14607894E+000
  0.14607893E+000
  0.14607891E+000
  0.14607889E+000
  0.14607886E+000
  0.14607882E+000
  0.14607878E+000
  0.14607873E+000
  0.14607867E+000
  0.14607861E+000
  0.14607855E+000
  0.14607848E+000
  0.14607840E+000
  0.14607833E+000
  0.14607824E+000
  0.14607816E+000
  0.14607807E+000
  0.14607797E+000
  0.14607788E+000
  0.14607778E+000
  0.14607767E+000
  0.14607757E+000
  0.14607746E+000
  0.14607735E+000
  0.14607724E+000
  0.14607713E+000
  0.14607701E+000
  0.14607690E+000
  0.14607679E+000
  0.14607667E+000
  0.14607655E+000
  0.14607644E+000
  0.14607632E+000
  0.14607621E+000
  0.14607610E+000
  0.14607598E+000
  0.14607587E+000
  0.14607576E+000
  0.14607565E+000
  0.14607554E+000
  0.14607544E+000
  0.14607533E+000
  0.14607523E+000
  0.14607513E+000
  0.14607503E+000
  0.14607494E+000
  0.14607484E+000
  0.14607475E+000
  0.14607466E+000
  0.14607457E+000
  0.14607449E+000
  0.14607440E+000
  0.14607432E+000
  0.14607424E+000
  0.14607415E+000
  0.14607408E+000
  0.14607400E+000
  0.14607392E+000
  0.14607384E+000
  0.14607377E+000
  0.14607369E+000
  0.14607361E+000
  0.14607354E+000
  0.14607346E+000
  0.14607338E+000
  0.14607330E+000
  0.14607322E+000
  0.14607314E+000
  0.14607306E+000
  0.14607298E+000
  0.14607289E+000
  0.14607280E+000
  0.14607271E+000
  0.14607262E+000
  0.14607252E+000
  0.14607242E+000
  0.14607232E+000
  0.14607221E+000
  0.14607210E+000
  0.14607199E+000
  0.14607188E+000
  0.14607177E+000
  0.14607165E+000
  0.14607155E+000
  0.14607144E+000
  0.14607134E+000
  0.14607125E+000
  0.14607115E+000
  0.14607106E+000
  0.14607099E+000
  0.14607107E+000
  0.14607157E+000
  0.14607297E+000
  0.14607515E+000
  0.14607724E+000
  0.14608302E+000
