  0.86221427E+000
  0.86206235E+000
  0.86194414E+000
  0.86185103E+000
  0.86177801E+000
  0.86172141E+000
  0.86167832E+000
  0.86164638E+000
  0.86162364E+000
  0.86160850E+000
  0.86159962E+000
  0.86159591E+000
  0.86159645E+000
  0.86160045E+000
  0.86160724E+000
  0.86161632E+000
  0.86162725E+000
  0.86163967E+000
  0.86165327E+000
  0.86166779E+000
  0.86168302E+000
  0.86169878E+000
  0.86171491E+000
  0.86173130E+000
  0.86174783E+000
  0.86176443E+000
  0.86178100E+000
  0.86179750E+000
  0.86181386E+000
  0.86183004E+000
  0.86184599E+000
  0.86186169E+000
  0.86187711E+000
  0.86189222E+000
  0.86190700E+000
  0.86192144E+000
  0.86193553E+000
  0.86194924E+000
  0.86196259E+000
  0.86197555E+000
  0.86198813E+000
  0.86200033E+000
  0.86201213E+000
  0.86202356E+000
  0.86203459E+000
  0.86204524E+000
  0.86205551E+000
  0.86206540E+000
  0.86207492E+000
  0.86208406E+000
  0.86209283E+000
  0.86210123E+000
  0.86210927E+000
  0.86211695E+000
  0.86212427E+000
  0.86213123E+000
  0.86213785E+000
  0.86214413E+000
  0.86215007E+000
  0.86215568E+000
  0.86216097E+000
  0.86216594E+000
  0.86217060E+000
  0.86217496E+000
  0.86217904E+000
  0.86218284E+000
  0.86218636E+000
  0.86218964E+000
  0.86219267E+000
  0.86219547E+000
  0.86219805E+000
  0.86220043E+000
  0.86220261E+000
  0.86220462E+000
  0.86220646E+000
  0.86220815E+000
  0.86220970E+000
  0.86221112E+000
  0.86221242E+000
  0.86221362E+000
  0.86221471E+000
  0.86221572E+000
  0.86221665E+000
  0.86221750E+000
  0.86221828E+000
  0.86221901E+000
  0.86221968E+000
  0.86222029E+000
  0.86222086E+000
  0.86222139E+000
  0.86222188E+000
  0.86222233E+000
  0.86222275E+000
  0.86222314E+000
  0.86222350E+000
  0.86222384E+000
  0.86222415E+000
  0.86222444E+000
  0.86222471E+000
  0.86222496E+000
  0.86222520E+000
  0.86222541E+000
  0.86222562E+000
  0.86222581E+000
  0.86222599E+000
  0.86222616E+000
  0.86222632E+000
  0.86222647E+000
  0.86222660E+000
  0.86222674E+000
  0.86222686E+000
  0.86222698E+000
  0.86222709E+000
  0.86222719E+000
  0.86222729E+000
  0.86222739E+000
  0.86222748E+000
  0.86222756E+000
  0.86222764E+000
  0.86222772E+000
  0.86222779E+000
  0.86222786E+000
  0.86222792E+000
  0.86222798E+000
  0.86222804E+000
  0.86222810E+000
  0.86222815E+000
  0.86222820E+000
  0.86222824E+000
  0.86222829E+000
  0.86222833E+000
  0.86222837E+000
  0.86222841E+000
  0.86222845E+000
  0.86222848E+000
  0.86222851E+000
  0.86222854E+000
  0.86222857E+000
  0.86222860E+000
  0.86222863E+000
  0.86222866E+000
  0.86222868E+000
  0.86222871E+000
  0.86222873E+000
  0.86222876E+000
  0.86222878E+000
  0.86222880E+000
  0.86222883E+000
  0.86222885E+000
  0.86222887E+000
  0.86222889E+000
  0.86222891E+000
  0.86222893E+000
  0.86222895E+000
  0.86222897E+000
  0.86222899E+000
  0.86222900E+000
  0.86222902E+000
  0.86222904E+000
  0.86222905E+000
  0.86222907E+000
  0.86222908E+000
  0.86222910E+000
  0.86222911E+000
  0.86222912E+000
  0.86222913E+000
  0.86222914E+000
  0.86222915E+000
  0.86222915E+000
  0.86222916E+000
  0.86222916E+000
  0.86222916E+000
  0.86222916E+000
  0.86222916E+000
  0.86222915E+000
  0.86222915E+000
  0.86222914E+000
  0.86222912E+000
  0.86222911E+000
  0.86222909E+000
  0.86222907E+000
  0.86222904E+000
  0.86222902E+000
  0.86222899E+000
  0.86222896E+000
  0.86222894E+000
  0.86222892E+000
  0.86222891E+000
  0.86222891E+000
  0.86222892E+000
  0.86222897E+000
  0.86222905E+000
  0.86222922E+000
  0.86222952E+000
  0.86223012E+000
  0.86223124E+000
  0.86223328E+000
  0.86223631E+000
  0.86224152E+000
  0.86224978E+000
