  0.89166095E+000
  0.89164739E+000
  0.89163610E+000
  0.89162686E+000
  0.89161938E+000
  0.89161339E+000
  0.89160866E+000
  0.89160499E+000
  0.89160221E+000
  0.89160019E+000
  0.89159879E+000
  0.89159791E+000
  0.89159748E+000
  0.89159740E+000
  0.89159763E+000
  0.89159811E+000
  0.89159880E+000
  0.89159965E+000
  0.89160065E+000
  0.89160176E+000
  0.89160297E+000
  0.89160424E+000
  0.89160558E+000
  0.89160696E+000
  0.89160838E+000
  0.89160981E+000
  0.89161127E+000
  0.89161273E+000
  0.89161420E+000
  0.89161566E+000
  0.89161712E+000
  0.89161857E+000
  0.89162000E+000
  0.89162141E+000
  0.89162281E+000
  0.89162418E+000
  0.89162552E+000
  0.89162684E+000
  0.89162813E+000
  0.89162940E+000
  0.89163063E+000
  0.89163183E+000
  0.89163299E+000
  0.89163413E+000
  0.89163523E+000
  0.89163629E+000
  0.89163732E+000
  0.89163831E+000
  0.89163927E+000
  0.89164019E+000
  0.89164107E+000
  0.89164191E+000
  0.89164272E+000
  0.89164348E+000
  0.89164421E+000
  0.89164490E+000
  0.89164555E+000
  0.89164616E+000
  0.89164673E+000
  0.89164727E+000
  0.89164776E+000
  0.89164822E+000
  0.89164863E+000
  0.89164902E+000
  0.89164936E+000
  0.89164967E+000
  0.89164994E+000
  0.89165019E+000
  0.89165039E+000
  0.89165057E+000
  0.89165072E+000
  0.89165084E+000
  0.89165093E+000
  0.89165099E+000
  0.89165103E+000
  0.89165105E+000
  0.89165105E+000
  0.89165103E+000
  0.89165098E+000
  0.89165093E+000
  0.89165085E+000
  0.89165077E+000
  0.89165066E+000
  0.89165055E+000
  0.89165043E+000
  0.89165030E+000
  0.89165015E+000
  0.89165000E+000
  0.89164985E+000
  0.89164968E+000
  0.89164951E+000
  0.89164934E+000
  0.89164916E+000
  0.89164898E+000
  0.89164879E+000
  0.89164860E+000
  0.89164841E+000
  0.89164822E+000
  0.89164803E+000
  0.89164783E+000
  0.89164764E+000
  0.89164744E+000
  0.89164725E+000
  0.89164705E+000
  0.89164686E+000
  0.89164667E+000
  0.89164648E+000
  0.89164629E+000
  0.89164610E+000
  0.89164592E+000
  0.89164574E+000
  0.89164557E+000
  0.89164540E+000
  0.89164523E+000
  0.89164506E+000
  0.89164491E+000
  0.89164475E+000
  0.89164460E+000
  0.89164446E+000
  0.89164432E+000
  0.89164419E+000
  0.89164407E+000
  0.89164395E+000
  0.89164384E+000
  0.89164374E+000
  0.89164364E+000
  0.89164355E+000
  0.89164347E+000
  0.89164340E+000
  0.89164333E+000
  0.89164327E+000
  0.89164322E+000
  0.89164318E+000
  0.89164315E+000
  0.89164313E+000
  0.89164311E+000
  0.89164310E+000
  0.89164311E+000
  0.89164312E+000
  0.89164314E+000
  0.89164316E+000
  0.89164320E+000
  0.89164324E+000
  0.89164330E+000
  0.89164336E+000
  0.89164343E+000
  0.89164351E+000
  0.89164360E+000
  0.89164369E+000
  0.89164379E+000
  0.89164390E+000
  0.89164402E+000
  0.89164415E+000
  0.89164428E+000
  0.89164442E+000
  0.89164457E+000
  0.89164473E+000
  0.89164489E+000
  0.89164506E+000
  0.89164524E+000
  0.89164542E+000
  0.89164561E+000
  0.89164581E+000
  0.89164601E+000
  0.89164623E+000
  0.89164645E+000
  0.89164667E+000
  0.89164691E+000
  0.89164715E+000
  0.89164741E+000
  0.89164767E+000
  0.89164794E+000
  0.89164822E+000
  0.89164851E+000
  0.89164882E+000
  0.89164913E+000
  0.89164947E+000
  0.89164981E+000
  0.89165017E+000
  0.89165055E+000
  0.89165095E+000
  0.89165137E+000
  0.89165182E+000
  0.89165229E+000
  0.89165279E+000
  0.89165331E+000
  0.89165388E+000
  0.89165448E+000
  0.89165512E+000
  0.89165582E+000
  0.89165656E+000
  0.89165736E+000
  0.89165823E+000
  0.89165918E+000
  0.89166024E+000
  0.89166143E+000
  0.89166281E+000
  0.89166439E+000
  0.89166634E+000
  0.89166865E+000
