  0.41469401E+000
  0.41467110E+000
  0.41464870E+000
  0.41462772E+000
  0.41461053E+000
  0.41459283E+000
  0.41457794E+000
  0.41456539E+000
  0.41455435E+000
  0.41454461E+000
  0.41453703E+000
  0.41452962E+000
  0.41452172E+000
  0.41451675E+000
  0.41451197E+000
  0.41450719E+000
  0.41450374E+000
  0.41450071E+000
  0.41449736E+000
  0.41449462E+000
  0.41449248E+000
  0.41449067E+000
  0.41448845E+000
  0.41448683E+000
  0.41448554E+000
  0.41448423E+000
  0.41448314E+000
  0.41448217E+000
  0.41448123E+000
  0.41448040E+000
  0.41447963E+000
  0.41447889E+000
  0.41447821E+000
  0.41447754E+000
  0.41447698E+000
  0.41447644E+000
  0.41447592E+000
  0.41447544E+000
  0.41447497E+000
  0.41447453E+000
  0.41447412E+000
  0.41447358E+000
  0.41447321E+000
  0.41447281E+000
  0.41447246E+000
  0.41447210E+000
  0.41447181E+000
  0.41447151E+000
  0.41447124E+000
  0.41447101E+000
  0.41447076E+000
  0.41447054E+000
  0.41447035E+000
  0.41447018E+000
  0.41447004E+000
  0.41446991E+000
  0.41446980E+000
  0.41446967E+000
  0.41446961E+000
  0.41446957E+000
  0.41446952E+000
  0.41446953E+000
  0.41446953E+000
  0.41446954E+000
  0.41446957E+000
  0.41446961E+000
  0.41446967E+000
  0.41446974E+000
  0.41446984E+000
  0.41446993E+000
  0.41447009E+000
  0.41447022E+000
  0.41447037E+000
  0.41447053E+000
  0.41447071E+000
  0.41447090E+000
  0.41447110E+000
  0.41447132E+000
  0.41447155E+000
  0.41447178E+000
  0.41447203E+000
  0.41447226E+000
  0.41447253E+000
  0.41447281E+000
  0.41447310E+000
  0.41447339E+000
  0.41447370E+000
  0.41447401E+000
  0.41447433E+000
  0.41447466E+000
  0.41447500E+000
  0.41447535E+000
  0.41447571E+000
  0.41447608E+000
  0.41447645E+000
  0.41447683E+000
  0.41447722E+000
  0.41447761E+000
  0.41447802E+000
  0.41447843E+000
  0.41447885E+000
  0.41447928E+000
  0.41447971E+000
  0.41448015E+000
  0.41448060E+000
  0.41448106E+000
  0.41448152E+000
  0.41448199E+000
  0.41448246E+000
  0.41448293E+000
  0.41448342E+000
  0.41448391E+000
  0.41448441E+000
  0.41448491E+000
  0.41448542E+000
  0.41448592E+000
  0.41448644E+000
  0.41448696E+000
  0.41448749E+000
  0.41448802E+000
  0.41448857E+000
  0.41448910E+000
  0.41448965E+000
  0.41449019E+000
  0.41449074E+000
  0.41449129E+000
  0.41449185E+000
  0.41449240E+000
  0.41449296E+000
  0.41449353E+000
  0.41449409E+000
  0.41449466E+000
  0.41449523E+000
  0.41449580E+000
  0.41449637E+000
  0.41449695E+000
  0.41449752E+000
  0.41449809E+000
  0.41449867E+000
  0.41449924E+000
  0.41449982E+000
  0.41450039E+000
  0.41450097E+000
  0.41450154E+000
  0.41450212E+000
  0.41450269E+000
  0.41450326E+000
  0.41450383E+000
  0.41450440E+000
  0.41450497E+000
  0.41450553E+000
  0.41450610E+000
  0.41450666E+000
  0.41450722E+000
  0.41450777E+000
  0.41450833E+000
  0.41450888E+000
  0.41450942E+000
  0.41450997E+000
  0.41451051E+000
  0.41451105E+000
  0.41451158E+000
  0.41451211E+000
  0.41451263E+000
  0.41451315E+000
  0.41451367E+000
  0.41451418E+000
  0.41451469E+000
  0.41451519E+000
  0.41451568E+000
  0.41451618E+000
  0.41451666E+000
  0.41451714E+000
  0.41451762E+000
  0.41451809E+000
  0.41451854E+000
  0.41451898E+000
  0.41451943E+000
  0.41451983E+000
  0.41452025E+000
  0.41452065E+000
  0.41452106E+000
  0.41452161E+000
  0.41452197E+000
  0.41452235E+000
  0.41452273E+000
  0.41452301E+000
  0.41452335E+000
  0.41452366E+000
  0.41452395E+000
  0.41452422E+000
  0.41452454E+000
  0.41452476E+000
  0.41452502E+000
  0.41452522E+000
  0.41452536E+000
  0.41452556E+000
  0.41452598E+000
  0.41452615E+000
  0.41452764E+000
