 -0.86061505E+000 -0.71419507E+000 -0.34402679E+000 -0.10753133E-001  0.25196834E-001  0.10672595E+001  0.81094639E+001  0.43449398E+002  0.79490320E+002  0.21963295E+003  0.43290761E+003
 -0.86061267E+000 -0.71415971E+000 -0.34346035E+000 -0.10638553E-001  0.25197563E-001  0.10681052E+001  0.81099582E+001  0.43449801E+002  0.79491484E+002  0.21963306E+003  0.43290797E+003
 -0.86061073E+000 -0.71412981E+000 -0.34298571E+000 -0.10550489E-001  0.25198090E-001  0.10688079E+001  0.81103825E+001  0.43450175E+002  0.79492513E+002  0.21963311E+003  0.43290812E+003
 -0.86060918E+000 -0.71410507E+000 -0.34259362E+000 -0.10483760E-001  0.25198477E-001  0.10691720E+001  0.81107423E+001  0.43450510E+002  0.79493397E+002  0.21963312E+003  0.43290816E+003
 -0.86060795E+000 -0.71408494E+000 -0.34227303E+000 -0.10434144E-001  0.25198761E-001  0.10692324E+001  0.81110450E+001  0.43450805E+002  0.79494145E+002  0.21963311E+003  0.43290815E+003
 -0.86060700E+000 -0.71406886E+000 -0.34201397E+000 -0.10398221E-001  0.25198967E-001  0.10692812E+001  0.81112980E+001  0.43451063E+002  0.79494772E+002  0.21963310E+003  0.43290811E+003
 -0.86060628E+000 -0.71405624E+000 -0.34180744E+000 -0.10373180E-001  0.25199112E-001  0.10693201E+001  0.81115082E+001  0.43451286E+002  0.79495297E+002  0.21963309E+003  0.43290805E+003
 -0.86060575E+000 -0.71404656E+000 -0.34164559E+000 -0.10356773E-001  0.25199210E-001  0.10693505E+001  0.81116813E+001  0.43451481E+002  0.79495735E+002  0.21963307E+003  0.43290800E+003
 -0.86060537E+000 -0.71403934E+000 -0.34152165E+000 -0.10347208E-001  0.25199271E-001  0.10693739E+001  0.81118227E+001  0.43451650E+002  0.79496099E+002  0.21963305E+003  0.43290795E+003
 -0.86060512E+000 -0.71403419E+000 -0.34142989E+000 -0.10343061E-001  0.25199303E-001  0.10693912E+001  0.81119368E+001  0.43451797E+002  0.79496403E+002  0.21963304E+003  0.43290790E+003
 -0.86060497E+000 -0.71403075E+000 -0.34136538E+000 -0.10343192E-001  0.25199310E-001  0.10694034E+001  0.81120275E+001  0.43451926E+002  0.79496654E+002  0.21963303E+003  0.43290786E+003
 -0.86060490E+000 -0.71402871E+000 -0.34132398E+000 -0.10346689E-001  0.25199300E-001  0.10694112E+001  0.81120983E+001  0.43452038E+002  0.79496863E+002  0.21963302E+003  0.43290782E+003
 -0.86060489E+000 -0.71402782E+000 -0.34130212E+000 -0.10352819E-001  0.25199274E-001  0.10694154E+001  0.81121520E+001  0.43452137E+002  0.79497036E+002  0.21963301E+003  0.43290779E+003
 -0.86060494E+000 -0.71402787E+000 -0.34129679E+000 -0.10360994E-001  0.25199237E-001  0.10694165E+001  0.81121912E+001  0.43452225E+002  0.79497179E+002  0.21963300E+003  0.43290776E+003
 -0.86060502E+000 -0.71402866E+000 -0.34130540E+000 -0.10370737E-001  0.25199191E-001  0.10694150E+001  0.81122180E+001  0.43452303E+002  0.79497298E+002  0.21963299E+003  0.43290774E+003
 -0.86060514E+000 -0.71403008E+000 -0.34132576E+000 -0.10381664E-001  0.25199137E-001  0.10694114E+001  0.81122343E+001  0.43452372E+002  0.79497397E+002  0.21963299E+003  0.43290772E+003
 -0.86060528E+000 -0.71403198E+000 -0.34135599E+000 -0.10393465E-001  0.25199079E-001  0.10694059E+001  0.81122416E+001  0.43452434E+002  0.79497479E+002  0.21963298E+003  0.43290770E+003
 -0.86060543E+000 -0.71403428E+000 -0.34139448E+000 -0.10405886E-001  0.25199017E-001  0.10693989E+001  0.81122413E+001  0.43452489E+002  0.79497548E+002  0.21963298E+003  0.43290769E+003
 -0.86060560E+000 -0.71403690E+000 -0.34143986E+000 -0.10418725E-001  0.25198951E-001  0.10693906E+001  0.81122343E+001  0.43452540E+002  0.79497606E+002  0.21963297E+003  0.43290768E+003
 -0.86060579E+000 -0.71403977E+000 -0.34149095E+000 -0.10431818E-001  0.25198885E-001  0.10693813E+001  0.81122216E+001  0.43452587E+002  0.79497655E+002  0.21963297E+003  0.43290767E+003
 -0.86060597E+000 -0.71404283E+000 -0.34154674E+000 -0.10445033E-001  0.25198817E-001  0.10693712E+001  0.81122042E+001  0.43452630E+002  0.79497698E+002  0.21963297E+003  0.43290766E+003
 -0.86060617E+000 -0.71404605E+000 -0.34160636E+000 -0.10458262E-001  0.25198748E-001  0.10693603E+001  0.81121825E+001  0.43452670E+002  0.79497736E+002  0.21963296E+003  0.43290765E+003
 -0.86060637E+000 -0.71404939E+000 -0.34166907E+000 -0.10471417E-001  0.25198680E-001  0.10693489E+001  0.81121574E+001  0.43452708E+002  0.79497770E+002  0.21963296E+003  0.43290765E+003
 -0.86060657E+000 -0.71405281E+000 -0.34173423E+000 -0.10484429E-001  0.25198612E-001  0.10693371E+001  0.81121292E+001  0.43452743E+002  0.79497801E+002  0.21963296E+003  0.43290764E+003
 -0.86060677E+000 -0.71405631E+000 -0.34180127E+000 -0.10497238E-001  0.25198545E-001  0.10693249E+001  0.81120984E+001  0.43452777E+002  0.79497831E+002  0.21963296E+003  0.43290764E+003
 -0.86060697E+000 -0.71405985E+000 -0.34186971E+000 -0.10509797E-001  0.25198478E-001  0.10693124E+001  0.81120654E+001  0.43452810E+002  0.79497861E+002  0.21963296E+003  0.43290763E+003
 -0.86060718E+000 -0.71406343E+000 -0.34193914E+000 -0.10522067E-001  0.25198414E-001  0.10692998E+001  0.81120305E+001  0.43452842E+002  0.79497891E+002  0.21963296E+003  0.43290763E+003
 -0.86060738E+000 -0.71406703E+000 -0.34200918E+000 -0.10534016E-001  0.25198351E-001  0.10692870E+001  0.81119939E+001  0.43452872E+002  0.79497922E+002  0.21963296E+003  0.43290763E+003
 -0.86060758E+000 -0.71407065E+000 -0.34207953E+000 -0.10545617E-001  0.25198289E-001  0.10692742E+001  0.81119560E+001  0.43452903E+002  0.79497954E+002  0.21963296E+003  0.43290763E+003
 -0.86060779E+000 -0.71407427E+000 -0.34214988E+000 -0.10556849E-001  0.25198230E-001  0.10692614E+001  0.81119170E+001  0.43452933E+002  0.79497989E+002  0.21963296E+003  0.43290763E+003
 -0.86060799E+000 -0.71407789E+000 -0.34222002E+000 -0.10567695E-001  0.25198172E-001  0.10692486E+001  0.81118769E+001  0.43452962E+002  0.79498026E+002  0.21963295E+003  0.43290763E+003
 -0.86060819E+000 -0.71408152E+000 -0.34228971E+000 -0.10578140E-001  0.25198117E-001  0.10692358E+001  0.81118361E+001  0.43452992E+002  0.79498066E+002  0.21963295E+003  0.43290763E+003
 -0.86060839E+000 -0.71408513E+000 -0.34235878E+000 -0.10588174E-001  0.25198064E-001  0.10692232E+001  0.81117948E+001  0.43453022E+002  0.79498110E+002  0.21963295E+003  0.43290763E+003
 -0.86060859E+000 -0.71408874E+000 -0.34242705E+000 -0.10597790E-001  0.25198013E-001  0.10692107E+001  0.81117530E+001  0.43453052E+002  0.79498157E+002  0.21963295E+003  0.43290763E+003
 -0.86060880E+000 -0.71409233E+000 -0.34249440E+000 -0.10606985E-001  0.25197964E-001  0.10691983E+001  0.81117109E+001  0.43453082E+002  0.79498208E+002  0.21963295E+003  0.43290763E+003
 -0.86060900E+000 -0.71409591E+000 -0.34256069E+000 -0.10615756E-001  0.25197918E-001  0.10691861E+001  0.81116687E+001  0.43453113E+002  0.79498264E+002  0.21963295E+003  0.43290763E+003
 -0.86060920E+000 -0.71409948E+000 -0.34262583E+000 -0.10624105E-001  0.25197874E-001  0.10691742E+001  0.81116265E+001  0.43453145E+002  0.79498324E+002  0.21963295E+003  0.43290763E+003
 -0.86060940E+000 -0.71410302E+000 -0.34268970E+000 -0.10632036E-001  0.25197832E-001  0.10691624E+001  0.81115845E+001  0.43453177E+002  0.79498389E+002  0.21963295E+003  0.43290763E+003
 -0.86060959E+000 -0.71410654E+000 -0.34275225E+000 -0.10639555E-001  0.25197793E-001  0.10691509E+001  0.81115427E+001  0.43453210E+002  0.79498459E+002  0.21963295E+003  0.43290763E+003
 -0.86060979E+000 -0.71411004E+000 -0.34281338E+000 -0.10646671E-001  0.25197756E-001  0.10691336E+001  0.81115014E+001  0.43453244E+002  0.79498534E+002  0.21963295E+003  0.43290763E+003
 -0.86060999E+000 -0.71411351E+000 -0.34287306E+000 -0.10653395E-001  0.25197721E-001  0.10690480E+001  0.81114605E+001  0.43453278E+002  0.79498614E+002  0.21963295E+003  0.43290763E+003
 -0.86061019E+000 -0.71411695E+000 -0.34293121E+000 -0.10659738E-001  0.25197689E-001  0.10689648E+001  0.81114203E+001  0.43453314E+002  0.79498699E+002  0.21963295E+003  0.43290763E+003
 -0.86061039E+000 -0.71412036E+000 -0.34298779E+000 -0.10665715E-001  0.25197659E-001  0.10688840E+001  0.81113807E+001  0.43453350E+002  0.79498790E+002  0.21963296E+003  0.43290763E+003
 -0.86061059E+000 -0.71412372E+000 -0.34304277E+000 -0.10671340E-001  0.25197631E-001  0.10688058E+001  0.81113420E+001  0.43453388E+002  0.79498886E+002  0.21963296E+003  0.43290764E+003
 -0.86061078E+000 -0.71412704E+000 -0.34309610E+000 -0.10676630E-001  0.25197606E-001  0.10687302E+001  0.81113040E+001  0.43453426E+002  0.79498988E+002  0.21963296E+003  0.43290764E+003
 -0.86061098E+000 -0.71413031E+000 -0.34314776E+000 -0.10681601E-001  0.25197582E-001  0.10686574E+001  0.81112670E+001  0.43453466E+002  0.79499095E+002  0.21963296E+003  0.43290764E+003
 -0.86061117E+000 -0.71413353E+000 -0.34319771E+000 -0.10686268E-001  0.25197560E-001  0.10685874E+001  0.81112310E+001  0.43453506E+002  0.79499208E+002  0.21963296E+003  0.43290764E+003
 -0.86061136E+000 -0.71413669E+000 -0.34324593E+000 -0.10690649E-001  0.25197540E-001  0.10685202E+001  0.81111960E+001  0.43453548E+002  0.79499327E+002  0.21963296E+003  0.43290764E+003
 -0.86061155E+000 -0.71413978E+000 -0.34329239E+000 -0.10694759E-001  0.25197522E-001  0.10684560E+001  0.81111621E+001  0.43453591E+002  0.79499452E+002  0.21963296E+003  0.43290764E+003
 -0.86061174E+000 -0.71414280E+000 -0.34333709E+000 -0.10698613E-001  0.25197506E-001  0.10683947E+001  0.81111293E+001  0.43453635E+002  0.79499583E+002  0.21963296E+003  0.43290765E+003
 -0.86061192E+000 -0.71414574E+000 -0.34337999E+000 -0.10702226E-001  0.25197491E-001  0.10683365E+001  0.81110977E+001  0.43453680E+002  0.79499719E+002  0.21963296E+003  0.43290765E+003
 -0.86061210E+000 -0.71414859E+000 -0.34342109E+000 -0.10705610E-001  0.25197478E-001  0.10682814E+001  0.81110674E+001  0.43453726E+002  0.79499862E+002  0.21963296E+003  0.43290765E+003
 -0.86061227E+000 -0.71415136E+000 -0.34346039E+000 -0.10708778E-001  0.25197467E-001  0.10682293E+001  0.81110383E+001  0.43453774E+002  0.79500011E+002  0.21963296E+003  0.43290765E+003
 -0.86061244E+000 -0.71415404E+000 -0.34349787E+000 -0.10711742E-001  0.25197457E-001  0.10681803E+001  0.81110106E+001  0.43453824E+002  0.79500165E+002  0.21963296E+003  0.43290765E+003
 -0.86061261E+000 -0.71415662E+000 -0.34353353E+000 -0.10714511E-001  0.25197448E-001  0.10681343E+001  0.81109842E+001  0.43453874E+002  0.79500326E+002  0.21963296E+003  0.43290766E+003
 -0.86061277E+000 -0.71415910E+000 -0.34356738E+000 -0.10717096E-001  0.25197441E-001  0.10680915E+001  0.81109593E+001  0.43453926E+002  0.79500494E+002  0.21963296E+003  0.43290766E+003
 -0.86061292E+000 -0.71416147E+000 -0.34359942E+000 -0.10719504E-001  0.25197434E-001  0.10680518E+001  0.81109359E+001  0.43453980E+002  0.79500667E+002  0.21963296E+003  0.43290766E+003
 -0.86061307E+000 -0.71416373E+000 -0.34362967E+000 -0.10721745E-001  0.25197429E-001  0.10680150E+001  0.81109140E+001  0.43454036E+002  0.79500847E+002  0.21963296E+003  0.43290766E+003
 -0.86061320E+000 -0.71416588E+000 -0.34365814E+000 -0.10723824E-001  0.25197425E-001  0.10679814E+001  0.81108937E+001  0.43454093E+002  0.79501034E+002  0.21963296E+003  0.43290766E+003
 -0.86061334E+000 -0.71416792E+000 -0.34368486E+000 -0.10725749E-001  0.25197422E-001  0.10679506E+001  0.81108750E+001  0.43454152E+002  0.79501227E+002  0.21963296E+003  0.43290767E+003
 -0.86061346E+000 -0.71416985E+000 -0.34370985E+000 -0.10727526E-001  0.25197420E-001  0.10679229E+001  0.81108581E+001  0.43454214E+002  0.79501427E+002  0.21963296E+003  0.43290767E+003
 -0.86061358E+000 -0.71417166E+000 -0.34373315E+000 -0.10729163E-001  0.25197419E-001  0.10678979E+001  0.81108428E+001  0.43454277E+002  0.79501633E+002  0.21963296E+003  0.43290767E+003
 -0.86061369E+000 -0.71417336E+000 -0.34375479E+000 -0.10730663E-001  0.25197418E-001  0.10678759E+001  0.81108293E+001  0.43454342E+002  0.79501846E+002  0.21963296E+003  0.43290768E+003
 -0.86061379E+000 -0.71417495E+000 -0.34377482E+000 -0.10732035E-001  0.25197419E-001  0.10678565E+001  0.81108177E+001  0.43454410E+002  0.79502065E+002  0.21963296E+003  0.43290768E+003
 -0.86061388E+000 -0.71417642E+000 -0.34379329E+000 -0.10733282E-001  0.25197420E-001  0.10678399E+001  0.81108078E+001  0.43454480E+002  0.79502291E+002  0.21963296E+003  0.43290768E+003
 -0.86061397E+000 -0.71417779E+000 -0.34381025E+000 -0.10734412E-001  0.25197421E-001  0.10678258E+001  0.81107998E+001  0.43454553E+002  0.79502524E+002  0.21963296E+003  0.43290768E+003
 -0.86061405E+000 -0.71417904E+000 -0.34382575E+000 -0.10735431E-001  0.25197423E-001  0.10678142E+001  0.81107937E+001  0.43454628E+002  0.79502764E+002  0.21963296E+003  0.43290769E+003
 -0.86061412E+000 -0.71418020E+000 -0.34383988E+000 -0.10736343E-001  0.25197426E-001  0.10678050E+001  0.81107894E+001  0.43454706E+002  0.79503011E+002  0.21963296E+003  0.43290769E+003
 -0.86061419E+000 -0.71418126E+000 -0.34385268E+000 -0.10737156E-001  0.25197429E-001  0.10677981E+001  0.81107871E+001  0.43454786E+002  0.79503264E+002  0.21963296E+003  0.43290769E+003
 -0.86061425E+000 -0.71418222E+000 -0.34386424E+000 -0.10737875E-001  0.25197433E-001  0.10677934E+001  0.81107866E+001  0.43454870E+002  0.79503524E+002  0.21963297E+003  0.43290770E+003
 -0.86061430E+000 -0.71418309E+000 -0.34387462E+000 -0.10738507E-001  0.25197437E-001  0.10677908E+001  0.81107881E+001  0.43454956E+002  0.79503791E+002  0.21963297E+003  0.43290770E+003
 -0.86061435E+000 -0.71418387E+000 -0.34388391E+000 -0.10739058E-001  0.25197441E-001  0.10677902E+001  0.81107914E+001  0.43455045E+002  0.79504064E+002  0.21963297E+003  0.43290771E+003
 -0.86061440E+000 -0.71418458E+000 -0.34389217E+000 -0.10739533E-001  0.25197445E-001  0.10677914E+001  0.81107965E+001  0.43455136E+002  0.79504345E+002  0.21963297E+003  0.43290771E+003
 -0.86061443E+000 -0.71418521E+000 -0.34389948E+000 -0.10739940E-001  0.25197450E-001  0.10677943E+001  0.81108036E+001  0.43455231E+002  0.79504632E+002  0.21963297E+003  0.43290771E+003
 -0.86061447E+000 -0.71418576E+000 -0.34390593E+000 -0.10740283E-001  0.25197455E-001  0.10677989E+001  0.81108124E+001  0.43455329E+002  0.79504926E+002  0.21963297E+003  0.43290772E+003
 -0.86061450E+000 -0.71418626E+000 -0.34391157E+000 -0.10740569E-001  0.25197460E-001  0.10678050E+001  0.81108230E+001  0.43455429E+002  0.79505226E+002  0.21963297E+003  0.43290772E+003
 -0.86061452E+000 -0.71418670E+000 -0.34391650E+000 -0.10740802E-001  0.25197465E-001  0.10678125E+001  0.81108353E+001  0.43455532E+002  0.79505533E+002  0.21963297E+003  0.43290773E+003
 -0.86061454E+000 -0.71418708E+000 -0.34392076E+000 -0.10740989E-001  0.25197470E-001  0.10678213E+001  0.81108493E+001  0.43455639E+002  0.79505847E+002  0.21963297E+003  0.43290773E+003
 -0.86061456E+000 -0.71418741E+000 -0.34392444E+000 -0.10741133E-001  0.25197475E-001  0.10678313E+001  0.81108650E+001  0.43455748E+002  0.79506168E+002  0.21963297E+003  0.43290773E+003
 -0.86061458E+000 -0.71418770E+000 -0.34392758E+000 -0.10741240E-001  0.25197481E-001  0.10678423E+001  0.81108823E+001  0.43455860E+002  0.79506494E+002  0.21963297E+003  0.43290774E+003
 -0.86061459E+000 -0.71418795E+000 -0.34393025E+000 -0.10741313E-001  0.25197486E-001  0.10678544E+001  0.81109012E+001  0.43455974E+002  0.79506828E+002  0.21963297E+003  0.43290774E+003
 -0.86061461E+000 -0.71418817E+000 -0.34393249E+000 -0.10741355E-001  0.25197491E-001  0.10678675E+001  0.81109215E+001  0.43456092E+002  0.79507168E+002  0.21963297E+003  0.43290775E+003
 -0.86061462E+000 -0.71418835E+000 -0.34393436E+000 -0.10741371E-001  0.25197496E-001  0.10678814E+001  0.81109434E+001  0.43456212E+002  0.79507514E+002  0.21963297E+003  0.43290775E+003
 -0.86061463E+000 -0.71418851E+000 -0.34393590E+000 -0.10741364E-001  0.25197501E-001  0.10678960E+001  0.81109666E+001  0.43456334E+002  0.79507866E+002  0.21963297E+003  0.43290776E+003
 -0.86061463E+000 -0.71418864E+000 -0.34393714E+000 -0.10741335E-001  0.25197506E-001  0.10679115E+001  0.81109912E+001  0.43456460E+002  0.79508225E+002  0.21963298E+003  0.43290776E+003
 -0.86061464E+000 -0.71418875E+000 -0.34393812E+000 -0.10741287E-001  0.25197511E-001  0.10679275E+001  0.81110171E+001  0.43456587E+002  0.79508590E+002  0.21963298E+003  0.43290777E+003
 -0.86061464E+000 -0.71418885E+000 -0.34393886E+000 -0.10741223E-001  0.25197516E-001  0.10679442E+001  0.81110442E+001  0.43456717E+002  0.79508961E+002  0.21963298E+003  0.43290777E+003
 -0.86061465E+000 -0.71418892E+000 -0.34393941E+000 -0.10741143E-001  0.25197520E-001  0.10679615E+001  0.81110725E+001  0.43456850E+002  0.79509338E+002  0.21963298E+003  0.43290778E+003
 -0.86061465E+000 -0.71418898E+000 -0.34393977E+000 -0.10741051E-001  0.25197525E-001  0.10679793E+001  0.81111020E+001  0.43456984E+002  0.79509721E+002  0.21963298E+003  0.43290779E+003
 -0.86061465E+000 -0.71418903E+000 -0.34393997E+000 -0.10740947E-001  0.25197529E-001  0.10679976E+001  0.81111325E+001  0.43457121E+002  0.79510110E+002  0.21963298E+003  0.43290779E+003
 -0.86061465E+000 -0.71418907E+000 -0.34394002E+000 -0.10740832E-001  0.25197533E-001  0.10680164E+001  0.81111641E+001  0.43457260E+002  0.79510504E+002  0.21963298E+003  0.43290780E+003
 -0.86061466E+000 -0.71418910E+000 -0.34393995E+000 -0.10740709E-001  0.25197538E-001  0.10680356E+001  0.81111967E+001  0.43457401E+002  0.79510904E+002  0.21963298E+003  0.43290780E+003
 -0.86061466E+000 -0.71418912E+000 -0.34393977E+000 -0.10740576E-001  0.25197542E-001  0.10680552E+001  0.81112301E+001  0.43457544E+002  0.79511309E+002  0.21963298E+003  0.43290781E+003
 -0.86061466E+000 -0.71418913E+000 -0.34393948E+000 -0.10740437E-001  0.25197546E-001  0.10680751E+001  0.81112645E+001  0.43457688E+002  0.79511720E+002  0.21963298E+003  0.43290782E+003
 -0.86061466E+000 -0.71418914E+000 -0.34393911E+000 -0.10740291E-001  0.25197549E-001  0.10680954E+001  0.81112997E+001  0.43457835E+002  0.79512136E+002  0.21963298E+003  0.43290782E+003
 -0.86061466E+000 -0.71418914E+000 -0.34393865E+000 -0.10740139E-001  0.25197553E-001  0.10681160E+001  0.81113356E+001  0.43457983E+002  0.79512557E+002  0.21963299E+003  0.43290783E+003
 -0.86061466E+000 -0.71418913E+000 -0.34393812E+000 -0.10739982E-001  0.25197557E-001  0.10681368E+001  0.81113724E+001  0.43458132E+002  0.79512982E+002  0.21963299E+003  0.43290784E+003
 -0.86061466E+000 -0.71418912E+000 -0.34393753E+000 -0.10739820E-001  0.25197560E-001  0.10681579E+001  0.81114098E+001  0.43458283E+002  0.79513412E+002  0.21963299E+003  0.43290784E+003
 -0.86061466E+000 -0.71418911E+000 -0.34393687E+000 -0.10739655E-001  0.25197564E-001  0.10681792E+001  0.81114479E+001  0.43458435E+002  0.79513846E+002  0.21963299E+003  0.43290785E+003
 -0.86061466E+000 -0.71418909E+000 -0.34393617E+000 -0.10739486E-001  0.25197567E-001  0.10682007E+001  0.81114867E+001  0.43458589E+002  0.79514285E+002  0.21963299E+003  0.43290786E+003
 -0.86061465E+000 -0.71418907E+000 -0.34393542E+000 -0.10739315E-001  0.25197570E-001  0.10682223E+001  0.81115260E+001  0.43458744E+002  0.79514728E+002  0.21963299E+003  0.43290786E+003
 -0.86061465E+000 -0.71418905E+000 -0.34393463E+000 -0.10739141E-001  0.25197573E-001  0.10682440E+001  0.81115659E+001  0.43458900E+002  0.79515174E+002  0.21963299E+003  0.43290787E+003
 -0.86061465E+000 -0.71418903E+000 -0.34393381E+000 -0.10738965E-001  0.25197576E-001  0.10682658E+001  0.81116064E+001  0.43459057E+002  0.79515624E+002  0.21963299E+003  0.43290788E+003
 -0.86061465E+000 -0.71418900E+000 -0.34393295E+000 -0.10738788E-001  0.25197579E-001  0.10682877E+001  0.81116473E+001  0.43459215E+002  0.79516077E+002  0.21963299E+003  0.43290789E+003
 -0.86061465E+000 -0.71418897E+000 -0.34393207E+000 -0.10738610E-001  0.25197582E-001  0.10683095E+001  0.81116888E+001  0.43459374E+002  0.79516533E+002  0.21963299E+003  0.43290789E+003
 -0.86061465E+000 -0.71418894E+000 -0.34393117E+000 -0.10738432E-001  0.25197585E-001  0.10683313E+001  0.81117306E+001  0.43459534E+002  0.79516992E+002  0.21963300E+003  0.43290790E+003
 -0.86061465E+000 -0.71418891E+000 -0.34393025E+000 -0.10738254E-001  0.25197587E-001  0.10683531E+001  0.81117729E+001  0.43459695E+002  0.79517454E+002  0.21963300E+003  0.43290791E+003
 -0.86061464E+000 -0.71418887E+000 -0.34392932E+000 -0.10738076E-001  0.25197590E-001  0.10683747E+001  0.81118156E+001  0.43459857E+002  0.79517919E+002  0.21963300E+003  0.43290792E+003
 -0.86061464E+000 -0.71418884E+000 -0.34392838E+000 -0.10737900E-001  0.25197592E-001  0.10683962E+001  0.81118586E+001  0.43460019E+002  0.79518385E+002  0.21963300E+003  0.43290792E+003
 -0.86061464E+000 -0.71418880E+000 -0.34392744E+000 -0.10737724E-001  0.25197595E-001  0.10684174E+001  0.81119019E+001  0.43460182E+002  0.79518854E+002  0.21963300E+003  0.43290793E+003
 -0.86061464E+000 -0.71418877E+000 -0.34392649E+000 -0.10737551E-001  0.25197597E-001  0.10684385E+001  0.81119455E+001  0.43460345E+002  0.79519324E+002  0.21963300E+003  0.43290794E+003
 -0.86061464E+000 -0.71418873E+000 -0.34392555E+000 -0.10737379E-001  0.25197600E-001  0.10684593E+001  0.81119894E+001  0.43460509E+002  0.79519796E+002  0.21963300E+003  0.43290795E+003
 -0.86061463E+000 -0.71418870E+000 -0.34392461E+000 -0.10737209E-001  0.25197602E-001  0.10684798E+001  0.81120334E+001  0.43460674E+002  0.79520269E+002  0.21963300E+003  0.43290796E+003
 -0.86061463E+000 -0.71418866E+000 -0.34392367E+000 -0.10737042E-001  0.25197604E-001  0.10685000E+001  0.81120777E+001  0.43460839E+002  0.79520744E+002  0.21963300E+003  0.43290797E+003
 -0.86061463E+000 -0.71418862E+000 -0.34392274E+000 -0.10736878E-001  0.25197606E-001  0.10685198E+001  0.81121221E+001  0.43461004E+002  0.79521219E+002  0.21963301E+003  0.43290797E+003
 -0.86061463E+000 -0.71418859E+000 -0.34392183E+000 -0.10736716E-001  0.25197608E-001  0.10685392E+001  0.81121667E+001  0.43461169E+002  0.79521696E+002  0.21963301E+003  0.43290798E+003
 -0.86061463E+000 -0.71418855E+000 -0.34392092E+000 -0.10736558E-001  0.25197610E-001  0.10685583E+001  0.81122113E+001  0.43461335E+002  0.79522173E+002  0.21963301E+003  0.43290799E+003
 -0.86061463E+000 -0.71418851E+000 -0.34392003E+000 -0.10736403E-001  0.25197612E-001  0.10685769E+001  0.81122559E+001  0.43461501E+002  0.79522650E+002  0.21963301E+003  0.43290800E+003
 -0.86061462E+000 -0.71418848E+000 -0.34391915E+000 -0.10736252E-001  0.25197614E-001  0.10685950E+001  0.81123005E+001  0.43461668E+002  0.79523127E+002  0.21963301E+003  0.43290801E+003
 -0.86061462E+000 -0.71418844E+000 -0.34391829E+000 -0.10736104E-001  0.25197615E-001  0.10686127E+001  0.81123451E+001  0.43461834E+002  0.79523605E+002  0.21963301E+003  0.43290802E+003
 -0.86061462E+000 -0.71418841E+000 -0.34391745E+000 -0.10735960E-001  0.25197617E-001  0.10686298E+001  0.81123896E+001  0.43462000E+002  0.79524082E+002  0.21963301E+003  0.43290803E+003
 -0.86061462E+000 -0.71418837E+000 -0.34391662E+000 -0.10735819E-001  0.25197619E-001  0.10686465E+001  0.81124340E+001  0.43462167E+002  0.79524559E+002  0.21963301E+003  0.43290804E+003
 -0.86061462E+000 -0.71418834E+000 -0.34391581E+000 -0.10735683E-001  0.25197620E-001  0.10686626E+001  0.81124782E+001  0.43462333E+002  0.79525035E+002  0.21963302E+003  0.43290805E+003
 -0.86061461E+000 -0.71418831E+000 -0.34391502E+000 -0.10735550E-001  0.25197622E-001  0.10686783E+001  0.81125221E+001  0.43462499E+002  0.79525511E+002  0.21963302E+003  0.43290806E+003
 -0.86061461E+000 -0.71418827E+000 -0.34391425E+000 -0.10735421E-001  0.25197623E-001  0.10686934E+001  0.81125658E+001  0.43462666E+002  0.79525986E+002  0.21963302E+003  0.43290806E+003
 -0.86061461E+000 -0.71418824E+000 -0.34391351E+000 -0.10735296E-001  0.25197625E-001  0.10687079E+001  0.81126091E+001  0.43462831E+002  0.79526459E+002  0.21963302E+003  0.43290807E+003
 -0.86061461E+000 -0.71418821E+000 -0.34391278E+000 -0.10735175E-001  0.25197626E-001  0.10687219E+001  0.81126521E+001  0.43462997E+002  0.79526932E+002  0.21963302E+003  0.43290808E+003
 -0.86061461E+000 -0.71418818E+000 -0.34391207E+000 -0.10735058E-001  0.25197627E-001  0.10687354E+001  0.81126947E+001  0.43463163E+002  0.79527403E+002  0.21963302E+003  0.43290809E+003
 -0.86061461E+000 -0.71418815E+000 -0.34391139E+000 -0.10734945E-001  0.25197628E-001  0.10687483E+001  0.81127368E+001  0.43463328E+002  0.79527873E+002  0.21963302E+003  0.43290810E+003
 -0.86061461E+000 -0.71418812E+000 -0.34391073E+000 -0.10734837E-001  0.25197629E-001  0.10687607E+001  0.81127783E+001  0.43463492E+002  0.79528341E+002  0.21963302E+003  0.43290811E+003
 -0.86061460E+000 -0.71418809E+000 -0.34391009E+000 -0.10734732E-001  0.25197630E-001  0.10687726E+001  0.81128194E+001  0.43463656E+002  0.79528808E+002  0.21963303E+003  0.43290812E+003
 -0.86061460E+000 -0.71418806E+000 -0.34390947E+000 -0.10734631E-001  0.25197631E-001  0.10687840E+001  0.81128598E+001  0.43463820E+002  0.79529272E+002  0.21963303E+003  0.43290813E+003
 -0.86061460E+000 -0.71418804E+000 -0.34390888E+000 -0.10734535E-001  0.25197632E-001  0.10687948E+001  0.81128995E+001  0.43463983E+002  0.79529735E+002  0.21963303E+003  0.43290814E+003
 -0.86061460E+000 -0.71418801E+000 -0.34390831E+000 -0.10734442E-001  0.25197633E-001  0.10688051E+001  0.81129386E+001  0.43464145E+002  0.79530195E+002  0.21963303E+003  0.43290815E+003
 -0.86061460E+000 -0.71418799E+000 -0.34390777E+000 -0.10734353E-001  0.25197634E-001  0.10688150E+001  0.81129769E+001  0.43464306E+002  0.79530653E+002  0.21963303E+003  0.43290816E+003
 -0.86061460E+000 -0.71418796E+000 -0.34390725E+000 -0.10734269E-001  0.25197635E-001  0.10688243E+001  0.81130145E+001  0.43464466E+002  0.79531108E+002  0.21963303E+003  0.43290817E+003
 -0.86061460E+000 -0.71418794E+000 -0.34390675E+000 -0.10734188E-001  0.25197635E-001  0.10688332E+001  0.81130512E+001  0.43464626E+002  0.79531561E+002  0.21963303E+003  0.43290818E+003
 -0.86061460E+000 -0.71418792E+000 -0.34390628E+000 -0.10734111E-001  0.25197636E-001  0.10688416E+001  0.81130871E+001  0.43464784E+002  0.79532011E+002  0.21963303E+003  0.43290819E+003
 -0.86061459E+000 -0.71418790E+000 -0.34390583E+000 -0.10734038E-001  0.25197636E-001  0.10688496E+001  0.81131222E+001  0.43464941E+002  0.79532459E+002  0.21963303E+003  0.43290820E+003
 -0.86061459E+000 -0.71418788E+000 -0.34390540E+000 -0.10733968E-001  0.25197637E-001  0.10688572E+001  0.81131563E+001  0.43465097E+002  0.79532903E+002  0.21963304E+003  0.43290821E+003
 -0.86061459E+000 -0.71418786E+000 -0.34390500E+000 -0.10733903E-001  0.25197637E-001  0.10688643E+001  0.81131895E+001  0.43465252E+002  0.79533344E+002  0.21963304E+003  0.43290822E+003
 -0.86061459E+000 -0.71418784E+000 -0.34390462E+000 -0.10733841E-001  0.25197637E-001  0.10688710E+001  0.81132218E+001  0.43465405E+002  0.79533781E+002  0.21963304E+003  0.43290823E+003
 -0.86061459E+000 -0.71418783E+000 -0.34390427E+000 -0.10733783E-001  0.25197637E-001  0.10688773E+001  0.81132531E+001  0.43465556E+002  0.79534216E+002  0.21963304E+003  0.43290824E+003
 -0.86061459E+000 -0.71418781E+000 -0.34390394E+000 -0.10733728E-001  0.25197637E-001  0.10688833E+001  0.81132834E+001  0.43465706E+002  0.79534647E+002  0.21963304E+003  0.43290825E+003
 -0.86061459E+000 -0.71418780E+000 -0.34390364E+000 -0.10733678E-001  0.25197637E-001  0.10688888E+001  0.81133128E+001  0.43465854E+002  0.79535074E+002  0.21963304E+003  0.43290826E+003
 -0.86061459E+000 -0.71418779E+000 -0.34390336E+000 -0.10733630E-001  0.25197637E-001  0.10688941E+001  0.81133411E+001  0.43466001E+002  0.79535497E+002  0.21963304E+003  0.43290827E+003
 -0.86061459E+000 -0.71418778E+000 -0.34390310E+000 -0.10733586E-001  0.25197637E-001  0.10688989E+001  0.81133684E+001  0.43466145E+002  0.79535916E+002  0.21963304E+003  0.43290828E+003
 -0.86061459E+000 -0.71418777E+000 -0.34390287E+000 -0.10733546E-001  0.25197636E-001  0.10689035E+001  0.81133947E+001  0.43466287E+002  0.79536331E+002  0.21963305E+003  0.43290828E+003
 -0.86061459E+000 -0.71418776E+000 -0.34390266E+000 -0.10733510E-001  0.25197636E-001  0.10689077E+001  0.81134200E+001  0.43466427E+002  0.79536742E+002  0.21963305E+003  0.43290829E+003
 -0.86061459E+000 -0.71418776E+000 -0.34390247E+000 -0.10733476E-001  0.25197635E-001  0.10689116E+001  0.81134443E+001  0.43466565E+002  0.79537148E+002  0.21963305E+003  0.43290830E+003
 -0.86061459E+000 -0.71418775E+000 -0.34390231E+000 -0.10733447E-001  0.25197634E-001  0.10689151E+001  0.81134676E+001  0.43466701E+002  0.79537550E+002  0.21963305E+003  0.43290831E+003
 -0.86061459E+000 -0.71418775E+000 -0.34390218E+000 -0.10733420E-001  0.25197633E-001  0.10689184E+001  0.81134898E+001  0.43466834E+002  0.79537947E+002  0.21963305E+003  0.43290832E+003
 -0.86061459E+000 -0.71418775E+000 -0.34390207E+000 -0.10733398E-001  0.25197632E-001  0.10689214E+001  0.81135111E+001  0.43466965E+002  0.79538339E+002  0.21963305E+003  0.43290833E+003
 -0.86061459E+000 -0.71418775E+000 -0.34390199E+000 -0.10733379E-001  0.25197631E-001  0.10689241E+001  0.81135313E+001  0.43467092E+002  0.79538726E+002  0.21963305E+003  0.43290834E+003
 -0.86061459E+000 -0.71418775E+000 -0.34390193E+000 -0.10733363E-001  0.25197630E-001  0.10689265E+001  0.81135506E+001  0.43467218E+002  0.79539108E+002  0.21963305E+003  0.43290835E+003
 -0.86061459E+000 -0.71418775E+000 -0.34390190E+000 -0.10733351E-001  0.25197628E-001  0.10689286E+001  0.81135688E+001  0.43467340E+002  0.79539485E+002  0.21963305E+003  0.43290836E+003
 -0.86061459E+000 -0.71418776E+000 -0.34390189E+000 -0.10733343E-001  0.25197626E-001  0.10689304E+001  0.81135861E+001  0.43467459E+002  0.79539856E+002  0.21963306E+003  0.43290837E+003
 -0.86061459E+000 -0.71418776E+000 -0.34390191E+000 -0.10733339E-001  0.25197624E-001  0.10689320E+001  0.81136024E+001  0.43467576E+002  0.79540221E+002  0.21963306E+003  0.43290838E+003
 -0.86061459E+000 -0.71418777E+000 -0.34390197E+000 -0.10733339E-001  0.25197622E-001  0.10689332E+001  0.81136178E+001  0.43467689E+002  0.79540580E+002  0.21963306E+003  0.43290838E+003
 -0.86061459E+000 -0.71418778E+000 -0.34390205E+000 -0.10733343E-001  0.25197619E-001  0.10689342E+001  0.81136322E+001  0.43467800E+002  0.79540934E+002  0.21963306E+003  0.43290839E+003
 -0.86061459E+000 -0.71418780E+000 -0.34390216E+000 -0.10733351E-001  0.25197616E-001  0.10689349E+001  0.81136456E+001  0.43467907E+002  0.79541281E+002  0.21963306E+003  0.43290840E+003
 -0.86061459E+000 -0.71418781E+000 -0.34390230E+000 -0.10733363E-001  0.25197613E-001  0.10689352E+001  0.81136581E+001  0.43468011E+002  0.79541621E+002  0.21963306E+003  0.43290841E+003
 -0.86061459E+000 -0.71418783E+000 -0.34390248E+000 -0.10733380E-001  0.25197610E-001  0.10689352E+001  0.81136697E+001  0.43468111E+002  0.79541955E+002  0.21963306E+003  0.43290842E+003
 -0.86061460E+000 -0.71418785E+000 -0.34390269E+000 -0.10733402E-001  0.25197606E-001  0.10689349E+001  0.81136803E+001  0.43468208E+002  0.79542283E+002  0.21963306E+003  0.43290843E+003
 -0.86061460E+000 -0.71418787E+000 -0.34390293E+000 -0.10733429E-001  0.25197602E-001  0.10689343E+001  0.81136899E+001  0.43468302E+002  0.79542603E+002  0.21963306E+003  0.43290844E+003
 -0.86061460E+000 -0.71418790E+000 -0.34390322E+000 -0.10733462E-001  0.25197597E-001  0.10689333E+001  0.81136986E+001  0.43468392E+002  0.79542916E+002  0.21963306E+003  0.43290844E+003
 -0.86061460E+000 -0.71418792E+000 -0.34390355E+000 -0.10733500E-001  0.25197592E-001  0.10689318E+001  0.81137063E+001  0.43468478E+002  0.79543221E+002  0.21963306E+003  0.43290845E+003
 -0.86061460E+000 -0.71418795E+000 -0.34390392E+000 -0.10733545E-001  0.25197587E-001  0.10689300E+001  0.81137130E+001  0.43468560E+002  0.79543519E+002  0.21963307E+003  0.43290846E+003
 -0.86061460E+000 -0.71418799E+000 -0.34390433E+000 -0.10733595E-001  0.25197581E-001  0.10689278E+001  0.81137187E+001  0.43468639E+002  0.79543809E+002  0.21963307E+003  0.43290847E+003
 -0.86061461E+000 -0.71418803E+000 -0.34390479E+000 -0.10733653E-001  0.25197574E-001  0.10689250E+001  0.81137234E+001  0.43468714E+002  0.79544091E+002  0.21963307E+003  0.43290847E+003
 -0.86061461E+000 -0.71418807E+000 -0.34390530E+000 -0.10733719E-001  0.25197567E-001  0.10689218E+001  0.81137269E+001  0.43468785E+002  0.79544364E+002  0.21963307E+003  0.43290848E+003
 -0.86061461E+000 -0.71418811E+000 -0.34390587E+000 -0.10733792E-001  0.25197560E-001  0.10689179E+001  0.81137294E+001  0.43468851E+002  0.79544628E+002  0.21963307E+003  0.43290849E+003
 -0.86061462E+000 -0.71418816E+000 -0.34390650E+000 -0.10733874E-001  0.25197552E-001  0.10689135E+001  0.81137306E+001  0.43468913E+002  0.79544883E+002  0.21963307E+003  0.43290850E+003
 -0.86061462E+000 -0.71418821E+000 -0.34390718E+000 -0.10733965E-001  0.25197543E-001  0.10689085E+001  0.81137306E+001  0.43468971E+002  0.79545129E+002  0.21963307E+003  0.43290850E+003
 -0.86061462E+000 -0.71418827E+000 -0.34390794E+000 -0.10734066E-001  0.25197533E-001  0.10689028E+001  0.81137292E+001  0.43469023E+002  0.79545364E+002  0.21963307E+003  0.43290851E+003
 -0.86061463E+000 -0.71418833E+000 -0.34390876E+000 -0.10734177E-001  0.25197523E-001  0.10688963E+001  0.81137264E+001  0.43469071E+002  0.79545589E+002  0.21963307E+003  0.43290852E+003
 -0.86061463E+000 -0.71418840E+000 -0.34390965E+000 -0.10734300E-001  0.25197513E-001  0.10688889E+001  0.81137220E+001  0.43469114E+002  0.79545803E+002  0.21963307E+003  0.43290853E+003
 -0.86061464E+000 -0.71418847E+000 -0.34391062E+000 -0.10734435E-001  0.25197501E-001  0.10688807E+001  0.81137160E+001  0.43469151E+002  0.79546005E+002  0.21963307E+003  0.43290853E+003
 -0.86061464E+000 -0.71418855E+000 -0.34391168E+000 -0.10734583E-001  0.25197489E-001  0.10688716E+001  0.81137082E+001  0.43469182E+002  0.79546194E+002  0.21963307E+003  0.43290854E+003
 -0.86061465E+000 -0.71418863E+000 -0.34391283E+000 -0.10734744E-001  0.25197476E-001  0.10688614E+001  0.81136985E+001  0.43469207E+002  0.79546370E+002  0.21963308E+003  0.43290855E+003
 -0.86061465E+000 -0.71418872E+000 -0.34391407E+000 -0.10734921E-001  0.25197462E-001  0.10688500E+001  0.81136866E+001  0.43469225E+002  0.79546532E+002  0.21963308E+003  0.43290855E+003
 -0.86061466E+000 -0.71418882E+000 -0.34391540E+000 -0.10735113E-001  0.25197447E-001  0.10688374E+001  0.81136724E+001  0.43469235E+002  0.79546679E+002  0.21963308E+003  0.43290856E+003
 -0.86061467E+000 -0.71418892E+000 -0.34391685E+000 -0.10735322E-001  0.25197431E-001  0.10688236E+001  0.81136556E+001  0.43469237E+002  0.79546809E+002  0.21963308E+003  0.43290856E+003
 -0.86061467E+000 -0.71418903E+000 -0.34391841E+000 -0.10735549E-001  0.25197415E-001  0.10688083E+001  0.81136359E+001  0.43469231E+002  0.79546921E+002  0.21963308E+003  0.43290857E+003
 -0.86061468E+000 -0.71418915E+000 -0.34392010E+000 -0.10735796E-001  0.25197397E-001  0.10687914E+001  0.81136132E+001  0.43469215E+002  0.79547013E+002  0.21963308E+003  0.43290858E+003
 -0.86061469E+000 -0.71418927E+000 -0.34392192E+000 -0.10736064E-001  0.25197379E-001  0.10687729E+001  0.81135870E+001  0.43469188E+002  0.79547083E+002  0.21963308E+003  0.43290858E+003
 -0.86061470E+000 -0.71418940E+000 -0.34392389E+000 -0.10736355E-001  0.25197360E-001  0.10687526E+001  0.81135570E+001  0.43469149E+002  0.79547130E+002  0.21963308E+003  0.43290859E+003
 -0.86061471E+000 -0.71418955E+000 -0.34392602E+000 -0.10736671E-001  0.25197340E-001  0.10687304E+001  0.81135228E+001  0.43469097E+002  0.79547150E+002  0.21963308E+003  0.43290859E+003
 -0.86061472E+000 -0.71418970E+000 -0.34392833E+000 -0.10737014E-001  0.25197318E-001  0.10687061E+001  0.81134839E+001  0.43469030E+002  0.79547141E+002  0.21963308E+003  0.43290860E+003
 -0.86061473E+000 -0.71418987E+000 -0.34393083E+000 -0.10737385E-001  0.25197296E-001  0.10686795E+001  0.81134397E+001  0.43468947E+002  0.79547099E+002  0.21963308E+003  0.43290860E+003
 -0.86061474E+000 -0.71419004E+000 -0.34393354E+000 -0.10737786E-001  0.25197273E-001  0.10686505E+001  0.81133897E+001  0.43468845E+002  0.79547020E+002  0.21963308E+003  0.43290861E+003
 -0.86061475E+000 -0.71419023E+000 -0.34393651E+000 -0.10738219E-001  0.25197249E-001  0.10686188E+001  0.81133330E+001  0.43468723E+002  0.79546901E+002  0.21963308E+003  0.43290861E+003
 -0.86061476E+000 -0.71419044E+000 -0.34393986E+000 -0.10738691E-001  0.25197224E-001  0.10685839E+001  0.81132687E+001  0.43468578E+002  0.79546735E+002  0.21963308E+003  0.43290862E+003
 -0.86061478E+000 -0.71419069E+000 -0.34394386E+000 -0.10739223E-001  0.25197198E-001  0.10685453E+001  0.81131956E+001  0.43468407E+002  0.79546517E+002  0.21963308E+003  0.43290862E+003
 -0.86061480E+000 -0.71419100E+000 -0.34394908E+000 -0.10739875E-001  0.25197170E-001  0.10685014E+001  0.81131120E+001  0.43468206E+002  0.79546239E+002  0.21963308E+003  0.43290863E+003
 -0.86061482E+000 -0.71419144E+000 -0.34395642E+000 -0.10740755E-001  0.25197140E-001  0.10684506E+001  0.81130161E+001  0.43467973E+002  0.79545894E+002  0.21963308E+003  0.43290863E+003
 -0.86061485E+000 -0.71419208E+000 -0.34396723E+000 -0.10742059E-001  0.25197106E-001  0.10683888E+001  0.81129045E+001  0.43467700E+002  0.79545469E+002  0.21963308E+003  0.43290863E+003
 -0.86061490E+000 -0.71419291E+000 -0.34398165E+000 -0.10743758E-001  0.25197070E-001  0.10683153E+001  0.81127776E+001  0.43467388E+002  0.79544963E+002  0.21963308E+003  0.43290863E+003
 -0.86061495E+000 -0.71419407E+000 -0.34400322E+000 -0.10746060E-001  0.25197027E-001  0.10682145E+001  0.81126254E+001  0.43467019E+002  0.79544345E+002  0.21963308E+003  0.43290864E+003
 -0.86061506E+000 -0.71419608E+000 -0.34403751E+000 -0.10750057E-001  0.25196976E-001  0.10680917E+001  0.81124547E+001  0.43466608E+002  0.79543634E+002  0.21963308E+003  0.43290864E+003
