  0.16371529E+000  0.20829778E+000  0.39147476E+000  0.58377948E+000  0.91239445E+000  0.10451390E+001  0.15023045E+001  0.27091687E+001  0.47001630E+001  0.66749827E+001  0.96064091E+001
  0.16376329E+000  0.20835378E+000  0.39146272E+000  0.58378323E+000  0.91261595E+000  0.10453911E+001  0.15023140E+001  0.27091812E+001  0.47001680E+001  0.66750136E+001  0.96064110E+001
  0.16380609E+000  0.20839781E+000  0.39146527E+000  0.58378642E+000  0.91280140E+000  0.10456167E+001  0.15023251E+001  0.27091924E+001  0.47001759E+001  0.66750402E+001  0.96064126E+001
  0.16384152E+000  0.20842964E+000  0.39147464E+000  0.58378913E+000  0.91298336E+000  0.10457732E+001  0.15023364E+001  0.27092021E+001  0.47001841E+001  0.66750633E+001  0.96064141E+001
  0.16386740E+000  0.20844579E+000  0.39147924E+000  0.58379144E+000  0.91311701E+000  0.10458859E+001  0.15023470E+001  0.27092106E+001  0.47001918E+001  0.66750831E+001  0.96064154E+001
  0.16389234E+000  0.20846418E+000  0.39148246E+000  0.58400335E+000  0.91326063E+000  0.10460374E+001  0.15023568E+001  0.27092179E+001  0.47001987E+001  0.66751003E+001  0.96064166E+001
  0.16391391E+000  0.20852644E+000  0.39148514E+000  0.58400727E+000  0.91335980E+000  0.10461784E+001  0.15023655E+001  0.27092242E+001  0.47002048E+001  0.66751151E+001  0.96064176E+001
  0.16393254E+000  0.20853667E+000  0.39148740E+000  0.58401062E+000  0.91347266E+000  0.10462037E+001  0.15023732E+001  0.27092979E+001  0.47002107E+001  0.66751279E+001  0.96064186E+001
  0.16394792E+000  0.20854587E+000  0.39148933E+000  0.58401348E+000  0.91355776E+000  0.10463591E+001  0.15023800E+001  0.27093019E+001  0.47002141E+001  0.66751391E+001  0.96064194E+001
  0.16396184E+000  0.20855430E+000  0.39149101E+000  0.58401593E+000  0.91362566E+000  0.10464331E+001  0.15023859E+001  0.27093053E+001  0.47002159E+001  0.66751488E+001  0.96064202E+001
  0.16397395E+000  0.20860069E+000  0.39149248E+000  0.58401803E+000  0.91367921E+000  0.10464570E+001  0.15023911E+001  0.27093083E+001  0.47002211E+001  0.66751572E+001  0.96064208E+001
  0.16398437E+000  0.20860816E+000  0.39149378E+000  0.58401983E+000  0.91373465E+000  0.10465529E+001  0.15023957E+001  0.27093108E+001  0.47002337E+001  0.66751646E+001  0.96064215E+001
  0.16399323E+000  0.20862091E+000  0.39149494E+000  0.58402137E+000  0.91377373E+000  0.10465872E+001  0.15023997E+001  0.27093130E+001  0.47002440E+001  0.66751711E+001  0.96064220E+001
  0.16399927E+000  0.20862513E+000  0.39149598E+000  0.58402270E+000  0.91380713E+000  0.10466183E+001  0.15024032E+001  0.27093149E+001  0.47002524E+001  0.66751767E+001  0.96064225E+001
  0.16400532E+000  0.20862894E+000  0.39149693E+000  0.58402383E+000  0.91383566E+000  0.10466449E+001  0.15024063E+001  0.27093165E+001  0.47002595E+001  0.66751817E+001  0.96064230E+001
  0.16401104E+000  0.20864058E+000  0.39149779E+000  0.58402481E+000  0.91387949E+000  0.10466676E+001  0.15024090E+001  0.27093178E+001  0.47002653E+001  0.66751860E+001  0.96064235E+001
  0.16401596E+000  0.20864245E+000  0.39149858E+000  0.58402565E+000  0.91390027E+000  0.10466869E+001  0.15024114E+001  0.27093190E+001  0.47002696E+001  0.66751898E+001  0.96064239E+001
  0.16402019E+000  0.20864414E+000  0.39149931E+000  0.58402638E+000  0.91391798E+000  0.10467034E+001  0.15024135E+001  0.27093200E+001  0.47002724E+001  0.66751932E+001  0.96064243E+001
  0.16402382E+000  0.20864564E+000  0.39149999E+000  0.58402700E+000  0.91393306E+000  0.10467174E+001  0.15024154E+001  0.27093208E+001  0.47002750E+001  0.66751962E+001  0.96064246E+001
  0.16402694E+000  0.20864698E+000  0.39150063E+000  0.58402754E+000  0.91395348E+000  0.10467755E+001  0.15024171E+001  0.27093216E+001  0.47002772E+001  0.66774144E+001  0.96064250E+001
  0.16402963E+000  0.20864816E+000  0.39150123E+000  0.58402801E+000  0.91396423E+000  0.10467787E+001  0.15024187E+001  0.27093222E+001  0.47002792E+001  0.66774152E+001  0.96064253E+001
  0.16403194E+000  0.20866546E+000  0.39150180E+000  0.58402842E+000  0.91397334E+000  0.10467981E+001  0.15024200E+001  0.27093227E+001  0.47002809E+001  0.66774161E+001  0.96064257E+001
  0.16403393E+000  0.20866597E+000  0.39150234E+000  0.58402877E+000  0.91398107E+000  0.10468006E+001  0.15024213E+001  0.27093232E+001  0.47002825E+001  0.66774169E+001  0.96064260E+001
  0.16403565E+000  0.20866641E+000  0.39150286E+000  0.58402908E+000  0.91398759E+000  0.10468028E+001  0.15024224E+001  0.27093235E+001  0.47002839E+001  0.66774178E+001  0.96064263E+001
  0.16403714E+000  0.20866681E+000  0.39150604E+000  0.58402935E+000  0.91399310E+000  0.10468211E+001  0.15024235E+001  0.27093239E+001  0.47002851E+001  0.66774186E+001  0.96064266E+001
  0.16403843E+000  0.20866716E+000  0.39150624E+000  0.58402958E+000  0.91399774E+000  0.10468223E+001  0.15024245E+001  0.27093242E+001  0.47002863E+001  0.66774194E+001  0.96064269E+001
  0.16403956E+000  0.20866747E+000  0.39150643E+000  0.58402979E+000  0.91400164E+000  0.10468234E+001  0.15024254E+001  0.27093244E+001  0.47002874E+001  0.66774202E+001  0.96064272E+001
  0.16404055E+000  0.20866774E+000  0.39150661E+000  0.58402998E+000  0.91400490E+000  0.10468243E+001  0.15024262E+001  0.27093246E+001  0.47002884E+001  0.66774210E+001  0.96064275E+001
  0.16404142E+000  0.20866797E+000  0.39150677E+000  0.58403015E+000  0.91400764E+000  0.10468250E+001  0.15024271E+001  0.27093248E+001  0.47002893E+001  0.66774217E+001  0.96064278E+001
  0.16404220E+000  0.20866818E+000  0.39150693E+000  0.58403030E+000  0.91400994E+000  0.10468257E+001  0.15024279E+001  0.27093249E+001  0.47002902E+001  0.66774225E+001  0.96064282E+001
  0.16404289E+000  0.20866836E+000  0.39150708E+000  0.58403044E+000  0.91401188E+000  0.10468262E+001  0.15024286E+001  0.27093251E+001  0.47002910E+001  0.66774233E+001  0.96064285E+001
  0.16404352E+000  0.20866852E+000  0.39150722E+000  0.58403057E+000  0.91401351E+000  0.10468266E+001  0.15024294E+001  0.27093252E+001  0.47002919E+001  0.66774241E+001  0.96064288E+001
  0.16404410E+000  0.20866866E+000  0.39150736E+000  0.58403069E+000  0.91401488E+000  0.10468270E+001  0.15024301E+001  0.27093253E+001  0.47002927E+001  0.66774249E+001  0.96064291E+001
  0.16404464E+000  0.20866879E+000  0.39150749E+000  0.58403080E+000  0.91401604E+000  0.10468273E+001  0.15024308E+001  0.27093254E+001  0.47002935E+001  0.66774256E+001  0.96064295E+001
  0.16404514E+000  0.20866890E+000  0.39150763E+000  0.58403091E+000  0.91401704E+000  0.10468276E+001  0.15024315E+001  0.27093255E+001  0.47002943E+001  0.66774264E+001  0.96064299E+001
  0.16404562E+000  0.20866901E+000  0.39150776E+000  0.58403102E+000  0.91401790E+000  0.10468278E+001  0.15024322E+001  0.27093256E+001  0.47002952E+001  0.66774272E+001  0.96064302E+001
  0.16404608E+000  0.20866911E+000  0.39150790E+000  0.58403112E+000  0.91401865E+000  0.10468280E+001  0.15024329E+001  0.27093256E+001  0.47002960E+001  0.66774281E+001  0.96064306E+001
  0.16404676E+000  0.20866920E+000  0.39152917E+000  0.58403122E+000  0.91401932E+000  0.10468282E+001  0.15024336E+001  0.27093257E+001  0.47002969E+001  0.66774289E+001  0.96064310E+001
  0.16404744E+000  0.20866929E+000  0.39152985E+000  0.58403132E+000  0.91401992E+000  0.10468284E+001  0.15024344E+001  0.27093258E+001  0.47002978E+001  0.66774297E+001  0.96064314E+001
  0.16404812E+000  0.20866937E+000  0.39153051E+000  0.58403141E+000  0.91402048E+000  0.10468286E+001  0.15024351E+001  0.27093259E+001  0.47002987E+001  0.66774306E+001  0.96064319E+001
  0.16404879E+000  0.20866945E+000  0.39153118E+000  0.58403151E+000  0.91402101E+000  0.10468287E+001  0.15024358E+001  0.27093259E+001  0.47002997E+001  0.66774315E+001  0.96064323E+001
  0.16404946E+000  0.20866954E+000  0.39153183E+000  0.58403161E+000  0.91402152E+000  0.10468288E+001  0.15024365E+001  0.27093260E+001  0.47003007E+001  0.66774324E+001  0.96064328E+001
  0.16405012E+000  0.20866962E+000  0.39153248E+000  0.58403170E+000  0.91402201E+000  0.10468290E+001  0.15024373E+001  0.27093261E+001  0.47003017E+001  0.66774333E+001  0.96064332E+001
  0.16405079E+000  0.20866970E+000  0.39153312E+000  0.58403180E+000  0.91402248E+000  0.10468291E+001  0.15024380E+001  0.27093261E+001  0.47003028E+001  0.66774343E+001  0.96064337E+001
  0.16405144E+000  0.20866977E+000  0.39153375E+000  0.58403190E+000  0.91402296E+000  0.10468292E+001  0.15024387E+001  0.27093262E+001  0.47003039E+001  0.66774353E+001  0.96064343E+001
  0.16405210E+000  0.20866985E+000  0.39153437E+000  0.58403199E+000  0.91402343E+000  0.10468294E+001  0.15024395E+001  0.27093263E+001  0.47003050E+001  0.66774363E+001  0.96064348E+001
  0.16405275E+000  0.20866993E+000  0.39153499E+000  0.58403209E+000  0.91402390E+000  0.10468295E+001  0.15024402E+001  0.27093263E+001  0.47003062E+001  0.66774374E+001  0.96064353E+001
  0.16405340E+000  0.20867001E+000  0.39153559E+000  0.58403218E+000  0.91402436E+000  0.10468296E+001  0.15024410E+001  0.27093264E+001  0.47003074E+001  0.66774384E+001  0.96064359E+001
  0.16405404E+000  0.20867009E+000  0.39153618E+000  0.58403228E+000  0.91402483E+000  0.10468298E+001  0.15024417E+001  0.27093265E+001  0.47003087E+001  0.66774395E+001  0.96064365E+001
  0.16405467E+000  0.20867017E+000  0.39153676E+000  0.58403237E+000  0.91402529E+000  0.10468299E+001  0.15024425E+001  0.27093265E+001  0.47003099E+001  0.66774407E+001  0.96064372E+001
  0.16405529E+000  0.20867025E+000  0.39153732E+000  0.58403246E+000  0.91402576E+000  0.10468300E+001  0.15024432E+001  0.27093266E+001  0.47003113E+001  0.66774418E+001  0.96064378E+001
  0.16405590E+000  0.20867032E+000  0.39153788E+000  0.58403255E+000  0.91402621E+000  0.10468302E+001  0.15024440E+001  0.27093267E+001  0.47003126E+001  0.66774430E+001  0.96064385E+001
  0.16405649E+000  0.20867040E+000  0.39153842E+000  0.58403264E+000  0.91402666E+000  0.10468303E+001  0.15024447E+001  0.27093267E+001  0.47003140E+001  0.66774443E+001  0.96064392E+001
  0.16405707E+000  0.20867047E+000  0.39153895E+000  0.58403273E+000  0.91402710E+000  0.10468304E+001  0.15024454E+001  0.27093268E+001  0.47003155E+001  0.66774455E+001  0.96064399E+001
  0.16405763E+000  0.20867055E+000  0.39153947E+000  0.58403281E+000  0.91402754E+000  0.10468305E+001  0.15024461E+001  0.27093269E+001  0.47003169E+001  0.66774468E+001  0.96064407E+001
  0.16405818E+000  0.20867062E+000  0.39153997E+000  0.58403290E+000  0.91402796E+000  0.10468306E+001  0.15024468E+001  0.27093269E+001  0.47003185E+001  0.66774482E+001  0.96064414E+001
  0.16405870E+000  0.20867069E+000  0.39154045E+000  0.58403298E+000  0.91402837E+000  0.10468308E+001  0.15024475E+001  0.27093270E+001  0.47003200E+001  0.66774495E+001  0.96064422E+001
  0.16405920E+000  0.20867076E+000  0.39154093E+000  0.58403306E+000  0.91402877E+000  0.10468309E+001  0.15024482E+001  0.27093270E+001  0.47003216E+001  0.66774510E+001  0.96064431E+001
  0.16405968E+000  0.20867082E+000  0.39154139E+000  0.58403313E+000  0.91402916E+000  0.10468310E+001  0.15024489E+001  0.27093271E+001  0.47003232E+001  0.66774524E+001  0.96064440E+001
  0.16406014E+000  0.20867089E+000  0.39154184E+000  0.58403321E+000  0.91402953E+000  0.10468311E+001  0.15024496E+001  0.27093272E+001  0.47003249E+001  0.66774539E+001  0.96064449E+001
  0.16406057E+000  0.20867095E+000  0.39154227E+000  0.58403328E+000  0.91402989E+000  0.10468312E+001  0.15024502E+001  0.27093272E+001  0.47003334E+001  0.66774554E+001  0.96064458E+001
  0.16406098E+000  0.20867101E+000  0.39154270E+000  0.58403335E+000  0.91403023E+000  0.10468313E+001  0.15024508E+001  0.27093273E+001  0.47003482E+001  0.66774570E+001  0.96064467E+001
  0.16406138E+000  0.20867107E+000  0.39154311E+000  0.58403342E+000  0.91403056E+000  0.10468314E+001  0.15024515E+001  0.27093273E+001  0.47003633E+001  0.66774586E+001  0.96064477E+001
  0.16406175E+000  0.20867113E+000  0.39154350E+000  0.58403349E+000  0.91403088E+000  0.10468315E+001  0.15024521E+001  0.27093274E+001  0.47003788E+001  0.66774602E+001  0.96064488E+001
  0.16406210E+000  0.20867118E+000  0.39154389E+000  0.58403355E+000  0.91403118E+000  0.10468315E+001  0.15024527E+001  0.27093274E+001  0.47003946E+001  0.66774619E+001  0.96064498E+001
  0.16406243E+000  0.20867124E+000  0.39154427E+000  0.58403362E+000  0.91403147E+000  0.10468316E+001  0.15024532E+001  0.27093275E+001  0.47004108E+001  0.66774636E+001  0.96064509E+001
  0.16406274E+000  0.20867129E+000  0.39154463E+000  0.58403368E+000  0.91403175E+000  0.10468317E+001  0.15024538E+001  0.27093275E+001  0.47004273E+001  0.66774654E+001  0.96064521E+001
  0.16406304E+000  0.20867134E+000  0.39154499E+000  0.58403374E+000  0.91403201E+000  0.10468318E+001  0.15024544E+001  0.27093276E+001  0.47004441E+001  0.66774672E+001  0.96064533E+001
  0.16406332E+000  0.20867139E+000  0.39154534E+000  0.58403380E+000  0.91403227E+000  0.10468318E+001  0.15024549E+001  0.27093276E+001  0.47004614E+001  0.66774691E+001  0.96064545E+001
  0.16406359E+000  0.20867144E+000  0.39154568E+000  0.58403386E+000  0.91403252E+000  0.10468319E+001  0.15024554E+001  0.27093276E+001  0.47004664E+001  0.66774710E+001  0.96064557E+001
  0.16406384E+000  0.20867149E+000  0.39154601E+000  0.58403391E+000  0.91403276E+000  0.10468320E+001  0.15024559E+001  0.27093277E+001  0.47004699E+001  0.66774729E+001  0.96064570E+001
  0.16406409E+000  0.20867154E+000  0.39154634E+000  0.58403397E+000  0.91403300E+000  0.10468321E+001  0.15024564E+001  0.27093277E+001  0.47004736E+001  0.66774749E+001  0.96064583E+001
  0.16406432E+000  0.20867159E+000  0.39154666E+000  0.58403402E+000  0.91403323E+000  0.10468321E+001  0.15024569E+001  0.27093278E+001  0.47004775E+001  0.66774769E+001  0.96064597E+001
  0.16406453E+000  0.20867163E+000  0.39154698E+000  0.58403407E+000  0.91403345E+000  0.10468322E+001  0.15024573E+001  0.27093278E+001  0.47004815E+001  0.66774790E+001  0.96064611E+001
  0.16406474E+000  0.20867168E+000  0.39154730E+000  0.58403412E+000  0.91403366E+000  0.10468322E+001  0.15024578E+001  0.27093278E+001  0.47004856E+001  0.66774811E+001  0.96064626E+001
  0.16406494E+000  0.20867172E+000  0.39154761E+000  0.58403417E+000  0.91403387E+000  0.10468323E+001  0.15024582E+001  0.27093279E+001  0.47004899E+001  0.66774833E+001  0.96064640E+001
  0.16406513E+000  0.20867177E+000  0.39154792E+000  0.58403422E+000  0.91403407E+000  0.10468324E+001  0.15024587E+001  0.27093279E+001  0.47004944E+001  0.66774855E+001  0.96064656E+001
  0.16406531E+000  0.20867181E+000  0.39154822E+000  0.58403426E+000  0.91403427E+000  0.10468324E+001  0.15024591E+001  0.27093280E+001  0.47004990E+001  0.66774877E+001  0.96064671E+001
  0.16406548E+000  0.20867186E+000  0.39154853E+000  0.58403430E+000  0.91403446E+000  0.10468325E+001  0.15024595E+001  0.27093280E+001  0.47005037E+001  0.66774900E+001  0.96064687E+001
  0.16406564E+000  0.20867190E+000  0.39154884E+000  0.58403434E+000  0.91403464E+000  0.10468325E+001  0.15024599E+001  0.27093280E+001  0.47005085E+001  0.66774923E+001  0.96064704E+001
  0.16406579E+000  0.20867194E+000  0.39154915E+000  0.58403438E+000  0.91403481E+000  0.10468326E+001  0.15024602E+001  0.27093280E+001  0.47005135E+001  0.66780498E+001  0.96064721E+001
  0.16406593E+000  0.20867198E+000  0.39154945E+000  0.58403442E+000  0.91403498E+000  0.10468326E+001  0.15024606E+001  0.27093281E+001  0.47005432E+001  0.66780499E+001  0.96064738E+001
  0.16406607E+000  0.20867202E+000  0.39154976E+000  0.58403446E+000  0.91403513E+000  0.10468327E+001  0.15024610E+001  0.27093281E+001  0.47005879E+001  0.66780500E+001  0.96064756E+001
  0.16406619E+000  0.20867206E+000  0.39155007E+000  0.58403449E+000  0.91403528E+000  0.10468327E+001  0.15024613E+001  0.27093281E+001  0.47006333E+001  0.66780501E+001  0.96064774E+001
  0.16406631E+000  0.20867209E+000  0.39155039E+000  0.58403452E+000  0.91403541E+000  0.10468328E+001  0.15024617E+001  0.27093282E+001  0.47006795E+001  0.66780502E+001  0.96064793E+001
  0.16406642E+000  0.20867213E+000  0.39155070E+000  0.58403455E+000  0.91403554E+000  0.10468328E+001  0.15024620E+001  0.27093282E+001  0.47007331E+001  0.66780502E+001  0.96064818E+001
  0.16406652E+000  0.20867216E+000  0.39155102E+000  0.58403458E+000  0.91403566E+000  0.10468328E+001  0.15024623E+001  0.27093282E+001  0.47008052E+001  0.66780503E+001  0.96064850E+001
  0.16406661E+000  0.20867220E+000  0.39155134E+000  0.58403460E+000  0.91403577E+000  0.10468329E+001  0.15024626E+001  0.27093282E+001  0.47008786E+001  0.66780503E+001  0.96064882E+001
  0.16406669E+000  0.20867223E+000  0.39155167E+000  0.58403462E+000  0.91403586E+000  0.10468329E+001  0.15024629E+001  0.27093282E+001  0.47009531E+001  0.66780503E+001  0.96064916E+001
  0.16406676E+000  0.20867226E+000  0.39155199E+000  0.58403464E+000  0.91403595E+000  0.10468329E+001  0.15024632E+001  0.27093282E+001  0.47009694E+001  0.66780504E+001  0.96064950E+001
  0.16406683E+000  0.20867229E+000  0.39155233E+000  0.58403466E+000  0.91403603E+000  0.10468329E+001  0.15024635E+001  0.27093283E+001  0.47009768E+001  0.66780504E+001  0.96064985E+001
  0.16406688E+000  0.20867232E+000  0.39155266E+000  0.58403468E+000  0.91403610E+000  0.10468330E+001  0.15024638E+001  0.27093283E+001  0.47009843E+001  0.66780504E+001  0.96065020E+001
  0.16406694E+000  0.20867235E+000  0.39155300E+000  0.58403470E+000  0.91403615E+000  0.10468330E+001  0.15024641E+001  0.27093283E+001  0.47009919E+001  0.66780504E+001  0.96065057E+001
  0.16406698E+000  0.20867238E+000  0.39155335E+000  0.58403471E+000  0.91403620E+000  0.10468330E+001  0.15024644E+001  0.27093283E+001  0.47009996E+001  0.66780504E+001  0.96065094E+001
  0.16406702E+000  0.20867240E+000  0.39155370E+000  0.58403472E+000  0.91403624E+000  0.10468330E+001  0.15024647E+001  0.27093283E+001  0.47010074E+001  0.66780504E+001  0.96065132E+001
  0.16406705E+000  0.20867243E+000  0.39155405E+000  0.58403473E+000  0.91403627E+000  0.10468330E+001  0.15024649E+001  0.27093283E+001  0.47010152E+001  0.66780503E+001  0.96065170E+001
  0.16406707E+000  0.20867245E+000  0.39155441E+000  0.58403474E+000  0.91403630E+000  0.10468330E+001  0.15024652E+001  0.27093283E+001  0.47010231E+001  0.66780503E+001  0.96065210E+001
  0.16406709E+000  0.20867247E+000  0.39155477E+000  0.58403475E+000  0.91403631E+000  0.10468330E+001  0.15024654E+001  0.27093283E+001  0.47010311E+001  0.66780503E+001  0.96065250E+001
  0.16406710E+000  0.20867250E+000  0.39155513E+000  0.58403475E+000  0.91403632E+000  0.10468330E+001  0.15024657E+001  0.27093283E+001  0.47011506E+001  0.66780502E+001  0.96065291E+001
  0.16406711E+000  0.20867252E+000  0.39155550E+000  0.58403476E+000  0.91403632E+000  0.10468330E+001  0.15024660E+001  0.27093283E+001  0.47011516E+001  0.66780502E+001  0.96065332E+001
  0.16406711E+000  0.20867254E+000  0.39155588E+000  0.58403476E+000  0.91403631E+000  0.10468330E+001  0.15024662E+001  0.27093283E+001  0.47011526E+001  0.66780501E+001  0.96065374E+001
  0.16406711E+000  0.20867256E+000  0.39155626E+000  0.58403476E+000  0.91403630E+000  0.10468330E+001  0.15024665E+001  0.27093283E+001  0.47011537E+001  0.66780501E+001  0.96065417E+001
  0.16406710E+000  0.20867258E+000  0.39155664E+000  0.58403477E+000  0.91403628E+000  0.10468330E+001  0.15024667E+001  0.27093283E+001  0.47011547E+001  0.66780500E+001  0.96065461E+001
  0.16406709E+000  0.20867260E+000  0.39155702E+000  0.58403477E+000  0.91403625E+000  0.10468330E+001  0.15024670E+001  0.27093283E+001  0.47011558E+001  0.66780500E+001  0.96065506E+001
  0.16406708E+000  0.20867262E+000  0.39155741E+000  0.58403477E+000  0.91403623E+000  0.10468330E+001  0.15024672E+001  0.27093283E+001  0.47011569E+001  0.66780499E+001  0.96065551E+001
  0.16406706E+000  0.20867264E+000  0.39155780E+000  0.58403477E+000  0.91403619E+000  0.10468330E+001  0.15024674E+001  0.27093283E+001  0.47011579E+001  0.66780498E+001  0.96065596E+001
  0.16406705E+000  0.20867266E+000  0.39155820E+000  0.58403477E+000  0.91403616E+000  0.10468330E+001  0.15024677E+001  0.27093283E+001  0.47011590E+001  0.66780498E+001  0.96065643E+001
  0.16406702E+000  0.20867267E+000  0.39155860E+000  0.58403476E+000  0.91403612E+000  0.10468330E+001  0.15024679E+001  0.27093283E+001  0.47011601E+001  0.66793435E+001  0.96065690E+001
  0.16406700E+000  0.20867269E+000  0.39155900E+000  0.58403476E+000  0.91403607E+000  0.10468330E+001  0.15024682E+001  0.27093283E+001  0.47011612E+001  0.66793565E+001  0.96065738E+001
  0.16406696E+000  0.20867271E+000  0.39155941E+000  0.58403476E+000  0.91403603E+000  0.10468330E+001  0.15024684E+001  0.27093283E+001  0.47011623E+001  0.66793697E+001  0.96065786E+001
  0.16406691E+000  0.20867272E+000  0.39155981E+000  0.58403476E+000  0.91403598E+000  0.10468330E+001  0.15024686E+001  0.27093283E+001  0.47011634E+001  0.66793830E+001  0.96065835E+001
  0.16406687E+000  0.20867274E+000  0.39156022E+000  0.58403476E+000  0.91403593E+000  0.10468330E+001  0.15024689E+001  0.27093283E+001  0.47011646E+001  0.66793965E+001  0.96065885E+001
  0.16406683E+000  0.20867275E+000  0.39156063E+000  0.58403475E+000  0.91403588E+000  0.10468329E+001  0.15024691E+001  0.27093283E+001  0.47011657E+001  0.66794101E+001  0.96065935E+001
  0.16406678E+000  0.20867277E+000  0.39156105E+000  0.58403475E+000  0.91403582E+000  0.10468329E+001  0.15024694E+001  0.27093283E+001  0.47011668E+001  0.66794238E+001  0.96065986E+001
  0.16406674E+000  0.20867278E+000  0.39156146E+000  0.58403475E+000  0.91403577E+000  0.10468329E+001  0.15024696E+001  0.27093283E+001  0.47011680E+001  0.66794377E+001  0.96066038E+001
  0.16406669E+000  0.20867280E+000  0.39156188E+000  0.58403475E+000  0.91403572E+000  0.10468329E+001  0.15024698E+001  0.27093283E+001  0.47011691E+001  0.66794516E+001  0.96066090E+001
  0.16406665E+000  0.20867281E+000  0.39156229E+000  0.58403475E+000  0.91403566E+000  0.10468329E+001  0.15024701E+001  0.27093283E+001  0.47011703E+001  0.66794657E+001  0.96066143E+001
  0.16406661E+000  0.20867282E+000  0.39156271E+000  0.58403475E+000  0.91403561E+000  0.10468329E+001  0.15024703E+001  0.27093283E+001  0.47011714E+001  0.66794798E+001  0.96066196E+001
  0.16406656E+000  0.20867284E+000  0.39156313E+000  0.58403474E+000  0.91403555E+000  0.10468329E+001  0.15024706E+001  0.27093283E+001  0.47011726E+001  0.66794941E+001  0.96066250E+001
  0.16406652E+000  0.20867285E+000  0.39156355E+000  0.58403474E+000  0.91403550E+000  0.10468329E+001  0.15024708E+001  0.27093283E+001  0.47011737E+001  0.66795084E+001  0.96066304E+001
  0.16406648E+000  0.20867286E+000  0.39156397E+000  0.58403474E+000  0.91403545E+000  0.10468328E+001  0.15024711E+001  0.27093283E+001  0.47011749E+001  0.66795229E+001  0.96066359E+001
  0.16406644E+000  0.20867288E+000  0.39156439E+000  0.58403474E+000  0.91403540E+000  0.10468328E+001  0.15024713E+001  0.27093283E+001  0.47011761E+001  0.66795374E+001  0.96066414E+001
  0.16406640E+000  0.20867289E+000  0.39156481E+000  0.58403474E+000  0.91403535E+000  0.10468328E+001  0.15024716E+001  0.27093283E+001  0.47011772E+001  0.66795520E+001  0.96066469E+001
  0.16406637E+000  0.20867290E+000  0.39156523E+000  0.58403474E+000  0.91403530E+000  0.10468328E+001  0.15024718E+001  0.27093283E+001  0.47011784E+001  0.66795666E+001  0.96066525E+001
  0.16406633E+000  0.20867292E+000  0.39156564E+000  0.58403475E+000  0.91403525E+000  0.10468328E+001  0.15024721E+001  0.27093283E+001  0.47011796E+001  0.66795813E+001  0.96066582E+001
  0.16406630E+000  0.20867293E+000  0.39156606E+000  0.58403475E+000  0.91403521E+000  0.10468328E+001  0.15024723E+001  0.27093283E+001  0.47011807E+001  0.66795961E+001  0.96066638E+001
  0.16406627E+000  0.20867294E+000  0.39156647E+000  0.58403475E+000  0.91403517E+000  0.10468328E+001  0.15024726E+001  0.27093283E+001  0.47011819E+001  0.66796109E+001  0.96066696E+001
  0.16406624E+000  0.20867295E+000  0.39156688E+000  0.58403475E+000  0.91403513E+000  0.10468328E+001  0.15024728E+001  0.27093283E+001  0.47011831E+001  0.66796258E+001  0.96066753E+001
  0.16406621E+000  0.20867297E+000  0.39156729E+000  0.58403476E+000  0.91403509E+000  0.10468327E+001  0.15024731E+001  0.27093283E+001  0.47011842E+001  0.66796407E+001  0.96066811E+001
  0.16406619E+000  0.20867298E+000  0.39156770E+000  0.58403476E+000  0.91403505E+000  0.10468327E+001  0.15024734E+001  0.27093283E+001  0.47011854E+001  0.66796556E+001  0.96066869E+001
  0.16406616E+000  0.20867299E+000  0.39156810E+000  0.58403477E+000  0.91403502E+000  0.10468327E+001  0.15024736E+001  0.27093283E+001  0.47011866E+001  0.66796706E+001  0.96066927E+001
  0.16406614E+000  0.20867300E+000  0.39156850E+000  0.58403477E+000  0.91403499E+000  0.10468327E+001  0.15024739E+001  0.27093283E+001  0.47011877E+001  0.66796855E+001  0.96066985E+001
  0.16406613E+000  0.20867301E+000  0.39156889E+000  0.58403478E+000  0.91403496E+000  0.10468327E+001  0.15024741E+001  0.27093283E+001  0.47011889E+001  0.66797005E+001  0.96067044E+001
  0.16406611E+000  0.20867303E+000  0.39156928E+000  0.58403479E+000  0.91403494E+000  0.10468327E+001  0.15024744E+001  0.27093283E+001  0.47011901E+001  0.66797154E+001  0.96067103E+001
  0.16406610E+000  0.20867304E+000  0.39156967E+000  0.58403480E+000  0.91403492E+000  0.10468327E+001  0.15024747E+001  0.27093283E+001  0.47011925E+001  0.66797304E+001  0.96067162E+001
  0.16406608E+000  0.20867305E+000  0.39157005E+000  0.58403480E+000  0.91403490E+000  0.10468327E+001  0.15024749E+001  0.27093283E+001  0.47012021E+001  0.66797454E+001  0.96067221E+001
  0.16406607E+000  0.20867306E+000  0.39157042E+000  0.58403481E+000  0.91403488E+000  0.10468327E+001  0.15024752E+001  0.27093283E+001  0.47012117E+001  0.66797603E+001  0.96067280E+001
  0.16406607E+000  0.20867307E+000  0.39157079E+000  0.58403482E+000  0.91403487E+000  0.10468327E+001  0.15024755E+001  0.27093284E+001  0.47012393E+001  0.66797752E+001  0.96067339E+001
  0.16406606E+000  0.20867309E+000  0.39157115E+000  0.58403483E+000  0.91403486E+000  0.10468327E+001  0.15024757E+001  0.27093284E+001  0.47012694E+001  0.66797901E+001  0.96067398E+001
  0.16406606E+000  0.20867310E+000  0.39157151E+000  0.58403484E+000  0.91403485E+000  0.10468327E+001  0.15024760E+001  0.27093284E+001  0.47012994E+001  0.66798049E+001  0.96067458E+001
  0.16406606E+000  0.20867311E+000  0.39157186E+000  0.58403485E+000  0.91403484E+000  0.10468327E+001  0.15024763E+001  0.27093284E+001  0.47013291E+001  0.66798197E+001  0.96067517E+001
  0.16406606E+000  0.20867312E+000  0.39157220E+000  0.58403486E+000  0.91403484E+000  0.10468327E+001  0.15024765E+001  0.27093284E+001  0.47013588E+001  0.66798344E+001  0.96067576E+001
  0.16406606E+000  0.20867313E+000  0.39157254E+000  0.58403488E+000  0.91403484E+000  0.10468327E+001  0.15024768E+001  0.27093284E+001  0.47013882E+001  0.66798491E+001  0.96067635E+001
  0.16406606E+000  0.20867314E+000  0.39157286E+000  0.58403489E+000  0.91403484E+000  0.10468327E+001  0.15024771E+001  0.27093284E+001  0.47014174E+001  0.66798637E+001  0.96067694E+001
  0.16406606E+000  0.20867315E+000  0.39157318E+000  0.58403490E+000  0.91403484E+000  0.10468327E+001  0.15024773E+001  0.27093284E+001  0.47014370E+001  0.66798782E+001  0.96067753E+001
  0.16406607E+000  0.20867317E+000  0.39157349E+000  0.58403491E+000  0.91403484E+000  0.10468327E+001  0.15024776E+001  0.27093284E+001  0.47014519E+001  0.66798926E+001  0.96067812E+001
  0.16406608E+000  0.20867318E+000  0.39157379E+000  0.58403492E+000  0.91403485E+000  0.10468327E+001  0.15024778E+001  0.27093284E+001  0.47014682E+001  0.66799070E+001  0.96067870E+001
  0.16406609E+000  0.20867319E+000  0.39157408E+000  0.58403494E+000  0.91403486E+000  0.10468327E+001  0.15024781E+001  0.27093285E+001  0.47014886E+001  0.66799213E+001  0.96067929E+001
  0.16406610E+000  0.20867320E+000  0.39157437E+000  0.58403495E+000  0.91403487E+000  0.10468327E+001  0.15024784E+001  0.27093285E+001  0.47015089E+001  0.66799355E+001  0.96067987E+001
  0.16406611E+000  0.20867321E+000  0.39157464E+000  0.58403496E+000  0.91403488E+000  0.10468327E+001  0.15024786E+001  0.27093285E+001  0.47015290E+001  0.66799495E+001  0.96068045E+001
  0.16406612E+000  0.20867322E+000  0.39157491E+000  0.58403497E+000  0.91403489E+000  0.10468327E+001  0.15024788E+001  0.27093285E+001  0.47015489E+001  0.66799635E+001  0.96068102E+001
  0.16406613E+000  0.20867323E+000  0.39157516E+000  0.58403499E+000  0.91403490E+000  0.10468327E+001  0.15024791E+001  0.27093285E+001  0.47015686E+001  0.66799774E+001  0.96068160E+001
  0.16406614E+000  0.20867324E+000  0.39157541E+000  0.58403500E+000  0.91403492E+000  0.10468327E+001  0.15024793E+001  0.27093285E+001  0.47015881E+001  0.66799911E+001  0.96068217E+001
  0.16406615E+000  0.20867324E+000  0.39157565E+000  0.58403501E+000  0.91403493E+000  0.10468327E+001  0.15024795E+001  0.27093285E+001  0.47016074E+001  0.66800047E+001  0.96068273E+001
  0.16406617E+000  0.20867325E+000  0.39157587E+000  0.58403502E+000  0.91403495E+000  0.10468327E+001  0.15024798E+001  0.27093285E+001  0.47016265E+001  0.66800182E+001  0.96068330E+001
  0.16406618E+000  0.20867326E+000  0.39157609E+000  0.58403503E+000  0.91403496E+000  0.10468327E+001  0.15024800E+001  0.27093285E+001  0.47016454E+001  0.66800316E+001  0.96068386E+001
  0.16406619E+000  0.20867327E+000  0.39157630E+000  0.58403504E+000  0.91403498E+000  0.10468327E+001  0.15024802E+001  0.27093285E+001  0.47016641E+001  0.66800448E+001  0.96068441E+001
  0.16406621E+000  0.20867328E+000  0.39157649E+000  0.58403505E+000  0.91403499E+000  0.10468327E+001  0.15024804E+001  0.27093285E+001  0.47016826E+001  0.66800579E+001  0.96068496E+001
  0.16406622E+000  0.20867328E+000  0.39157668E+000  0.58403506E+000  0.91403501E+000  0.10468327E+001  0.15024806E+001  0.27093286E+001  0.47017008E+001  0.66800708E+001  0.96068551E+001
  0.16406623E+000  0.20867329E+000  0.39157685E+000  0.58403507E+000  0.91403503E+000  0.10468327E+001  0.15024808E+001  0.27093286E+001  0.47017127E+001  0.66800836E+001  0.96068605E+001
  0.16406625E+000  0.20867330E+000  0.39157702E+000  0.58403508E+000  0.91403504E+000  0.10468327E+001  0.15024810E+001  0.27093286E+001  0.47017132E+001  0.66800961E+001  0.96068659E+001
  0.16406626E+000  0.20867330E+000  0.39157717E+000  0.58403509E+000  0.91403506E+000  0.10468328E+001  0.15024812E+001  0.27093286E+001  0.47017137E+001  0.66801086E+001  0.96068712E+001
  0.16406627E+000  0.20867331E+000  0.39157732E+000  0.58403510E+000  0.91403508E+000  0.10468328E+001  0.15024813E+001  0.27093286E+001  0.47017142E+001  0.66801208E+001  0.96068765E+001
  0.16406628E+000  0.20867331E+000  0.39157745E+000  0.58403510E+000  0.91403509E+000  0.10468328E+001  0.15024815E+001  0.27093286E+001  0.47017146E+001  0.66801329E+001  0.96068817E+001
  0.16406630E+000  0.20867331E+000  0.39157757E+000  0.58403511E+000  0.91403511E+000  0.10468328E+001  0.15024817E+001  0.27093286E+001  0.47017151E+001  0.66801678E+001  0.96068869E+001
  0.16406631E+000  0.20867332E+000  0.39157768E+000  0.58403511E+000  0.91403512E+000  0.10468328E+001  0.15024818E+001  0.27093286E+001  0.47017156E+001  0.66802189E+001  0.96068920E+001
  0.16406632E+000  0.20867332E+000  0.39157778E+000  0.58403512E+000  0.91403513E+000  0.10468328E+001  0.15024819E+001  0.27093286E+001  0.47017160E+001  0.66802693E+001  0.96068970E+001
  0.16406633E+000  0.20867332E+000  0.39157786E+000  0.58403512E+000  0.91403515E+000  0.10468328E+001  0.15024821E+001  0.27093285E+001  0.47017164E+001  0.66803190E+001  0.96069020E+001
  0.16406633E+000  0.20867332E+000  0.39157794E+000  0.58403512E+000  0.91403516E+000  0.10468328E+001  0.15024822E+001  0.27093285E+001  0.47017169E+001  0.66803679E+001  0.96069070E+001
  0.16406634E+000  0.20867332E+000  0.39157800E+000  0.58403512E+000  0.91403517E+000  0.10468328E+001  0.15024823E+001  0.27093285E+001  0.47017173E+001  0.66804160E+001  0.96069118E+001
  0.16406635E+000  0.20867332E+000  0.39157804E+000  0.58403512E+000  0.91403518E+000  0.10468328E+001  0.15024824E+001  0.27093285E+001  0.47017177E+001  0.66804633E+001  0.96069166E+001
  0.16406636E+000  0.20867332E+000  0.39157807E+000  0.58403512E+000  0.91403519E+000  0.10468328E+001  0.15024824E+001  0.27093285E+001  0.47017181E+001  0.66805097E+001  0.96069214E+001
  0.16406636E+000  0.20867332E+000  0.39157809E+000  0.58403511E+000  0.91403520E+000  0.10468328E+001  0.15024825E+001  0.27093284E+001  0.47017185E+001  0.66805553E+001  0.96069260E+001
  0.16406637E+000  0.20867331E+000  0.39157809E+000  0.58403511E+000  0.91403521E+000  0.10468328E+001  0.15024826E+001  0.27093284E+001  0.47017189E+001  0.66806000E+001  0.96069306E+001
  0.16406637E+000  0.20867331E+000  0.39157807E+000  0.58403510E+000  0.91403521E+000  0.10468328E+001  0.15024826E+001  0.27093284E+001  0.47017193E+001  0.66806439E+001  0.96069352E+001
  0.16406637E+000  0.20867330E+000  0.39157804E+000  0.58403509E+000  0.91403522E+000  0.10468328E+001  0.15024826E+001  0.27093283E+001  0.47017197E+001  0.66806867E+001  0.96069396E+001
  0.16406637E+000  0.20867330E+000  0.39157799E+000  0.58403508E+000  0.91403522E+000  0.10468328E+001  0.15024826E+001  0.27093283E+001  0.47017200E+001  0.66807286E+001  0.96069440E+001
  0.16406638E+000  0.20867329E+000  0.39157791E+000  0.58403506E+000  0.91403522E+000  0.10468328E+001  0.15024826E+001  0.27093282E+001  0.47017204E+001  0.66807694E+001  0.96069483E+001
  0.16406638E+000  0.20867328E+000  0.39157782E+000  0.58403504E+000  0.91403523E+000  0.10468328E+001  0.15024825E+001  0.27093281E+001  0.47017207E+001  0.66808092E+001  0.96069525E+001
  0.16406637E+000  0.20867327E+000  0.39157769E+000  0.58403502E+000  0.91403523E+000  0.10468327E+001  0.15024824E+001  0.27093280E+001  0.47017210E+001  0.66808479E+001  0.96069566E+001
  0.16406637E+000  0.20867326E+000  0.39157755E+000  0.58403499E+000  0.91403523E+000  0.10468327E+001  0.15024823E+001  0.27093279E+001  0.47017213E+001  0.66808854E+001  0.96069607E+001
  0.16406637E+000  0.20867324E+000  0.39157738E+000  0.58403496E+000  0.91403522E+000  0.10468327E+001  0.15024822E+001  0.27093278E+001  0.47017217E+001  0.66809216E+001  0.96069646E+001
  0.16406637E+000  0.20867323E+000  0.39157717E+000  0.58403492E+000  0.91403522E+000  0.10468327E+001  0.15024820E+001  0.27093277E+001  0.47017219E+001  0.66809565E+001  0.96069685E+001
  0.16406636E+000  0.20867321E+000  0.39157693E+000  0.58403488E+000  0.91403521E+000  0.10468327E+001  0.15024818E+001  0.27093275E+001  0.47017222E+001  0.66809900E+001  0.96069722E+001
  0.16406635E+000  0.20867319E+000  0.39157666E+000  0.58403483E+000  0.91403521E+000  0.10468327E+001  0.15024815E+001  0.27093273E+001  0.47017225E+001  0.66810220E+001  0.96069758E+001
  0.16406635E+000  0.20867317E+000  0.39157635E+000  0.58403477E+000  0.91403520E+000  0.10468327E+001  0.15024812E+001  0.27093271E+001  0.47017227E+001  0.66810524E+001  0.96069794E+001
  0.16406634E+000  0.20867315E+000  0.39157600E+000  0.58403470E+000  0.91403519E+000  0.10468327E+001  0.15024808E+001  0.27093268E+001  0.47017229E+001  0.66810811E+001  0.96069828E+001
  0.16406632E+000  0.20867312E+000  0.39157559E+000  0.58403462E+000  0.91403517E+000  0.10468326E+001  0.15024804E+001  0.27093265E+001  0.47017231E+001  0.66811079E+001  0.96084302E+001
  0.16406630E+000  0.20867308E+000  0.39157514E+000  0.58403452E+000  0.91403515E+000  0.10468326E+001  0.15024798E+001  0.27093262E+001  0.47017233E+001  0.66811326E+001  0.96085068E+001
  0.16406629E+000  0.20867305E+000  0.39157462E+000  0.58403441E+000  0.91403512E+000  0.10468326E+001  0.15024792E+001  0.27093258E+001  0.47017235E+001  0.66811551E+001  0.96085801E+001
  0.16406627E+000  0.20867301E+000  0.39157404E+000  0.58403428E+000  0.91403509E+000  0.10468326E+001  0.15024784E+001  0.27093253E+001  0.47017215E+001  0.66811752E+001  0.96086497E+001
  0.16406626E+000  0.20867296E+000  0.39157339E+000  0.58403412E+000  0.91403504E+000  0.10468325E+001  0.15024774E+001  0.27093248E+001  0.47017198E+001  0.66811924E+001  0.96087153E+001
  0.16406625E+000  0.20867292E+000  0.39157264E+000  0.58403393E+000  0.91403499E+000  0.10468325E+001  0.15024762E+001  0.27093242E+001  0.47017199E+001  0.66812065E+001  0.96087768E+001
  0.16406625E+000  0.20867286E+000  0.39157179E+000  0.58403368E+000  0.91403494E+000  0.10468325E+001  0.15024745E+001  0.27093235E+001  0.47017199E+001  0.66812169E+001  0.96088336E+001
  0.16406620E+000  0.20867279E+000  0.39157080E+000  0.58403334E+000  0.91403489E+000  0.10468325E+001  0.15024723E+001  0.27093227E+001  0.47017199E+001  0.66812231E+001  0.96088854E+001
  0.16406605E+000  0.20867270E+000  0.39156962E+000  0.58403287E+000  0.91403475E+000  0.10468325E+001  0.15024692E+001  0.27093217E+001  0.47017199E+001  0.66812243E+001  0.96089315E+001
  0.16406587E+000  0.20867253E+000  0.39156821E+000  0.58403222E+000  0.91403446E+000  0.10468325E+001  0.15024649E+001  0.27093206E+001  0.47017198E+001  0.66812195E+001  0.96089714E+001
  0.16406583E+000  0.20867241E+000  0.39156650E+000  0.58403131E+000  0.91403372E+000  0.10468324E+001  0.15024586E+001  0.27093191E+001  0.47017196E+001  0.66812065E+001  0.96090046E+001
  0.16406121E+000  0.20867188E+000  0.39156371E+000  0.58402989E+000  0.91403384E+000  0.10468325E+001  0.15024519E+001  0.27093180E+001  0.47017194E+001  0.66811867E+001  0.96090303E+001
  0.16406128E+000  0.20867041E+000  0.39156176E+000  0.58402776E+000  0.91403387E+000  0.10468329E+001  0.15024355E+001  0.27093138E+001  0.47017191E+001  0.66811348E+001  0.96090480E+001
