  0.13999108E-001  0.43803609E-001  0.99649766E-001  0.47302514E+000  0.17810279E+000  0.19292090E+000  0.14802949E+001  0.33510222E+000  0.46317092E-001  0.33763683E+001  0.14986047E-001  0.13839074E-001  0.60445877E+001  0.43134448E-002  0.65114296E+001  0.43430304E-001  0.11104660E+002  0.13328569E-002  0.14761561E+001  0.99128279E-001  0.41025985E+000  0.38032711E-003  0.17302879E+000  0.80338497E-001  0.17370558E+000  0.28199361E+000  0.15676972E-001  0.35649772E-001  0.87928875E-002  0.32720780E-002  0.16024555E-002  0.31769980E-003  0.61106919E-004
  0.10236234E-002  0.24901946E-002  0.42035433E-002  0.34739818E-001  0.67431424E-002  0.18317630E-001  0.84151754E-001  0.76996093E-001  0.14588434E-001  0.14221508E+000  0.53318991E-002  0.10233167E-002  0.22896182E+000  0.12655861E-002  0.63593849E+000  0.24593565E-002  0.26929778E+001  0.38285703E-003  0.51505393E+000  0.42105069E-002  0.18737432E+000  0.14273021E-003  0.87996666E-002  0.41092581E-001  0.24793666E-001  0.86668789E-001  0.85855393E-002  0.15161228E-001  0.48010964E-002  0.18934179E-002  0.92760639E-003  0.18504740E-003  0.36877442E-004
  0.73730579E-003  0.19065002E-002  0.29955291E-002  0.24902187E-001  0.43507071E-002  0.10252759E-001  0.64140055E-001  0.48491258E-001  0.10525839E-001  0.99917853E-001  0.46253862E-002  0.73048919E-003  0.14650053E+000  0.11337279E-002  0.34995044E+000  0.18685900E-002  0.16661053E+001  0.29100237E-003  0.36612205E+000  0.29384190E-002  0.16244870E+000  0.10880051E-003  0.45298626E-002  0.39082889E-001  0.11791165E-001  0.53888593E-001  0.85819804E-002  0.11345223E-001  0.45126298E-002  0.19607075E-002  0.95345060E-003  0.19331911E-003  0.39221215E-004
  0.55503838E-003  0.14846381E-002  0.25342871E-002  0.18698797E-001  0.33263579E-002  0.66981842E-002  0.49766368E-001  0.33307230E-001  0.75684295E-002  0.84541143E-001  0.37544248E-002  0.54823601E-003  0.11153814E+000  0.98780026E-003  0.22747329E+000  0.14526332E-002  0.11362939E+001  0.24329017E-003  0.26044008E+000  0.24647408E-002  0.13043763E+000  0.81665568E-004  0.33193561E-002  0.34048534E-001  0.71658742E-002  0.35722988E-001  0.77868477E-002  0.81153779E-002  0.37803303E-002  0.18255274E-002  0.87329861E-003  0.18119344E-003  0.37235138E-004
  0.45837014E-003  0.12508022E-002  0.22034632E-002  0.15455791E-001  0.27688790E-002  0.49107523E-002  0.41820242E-001  0.25099360E-001  0.59138458E-002  0.73342582E-001  0.31846622E-002  0.45210651E-003  0.92521348E-001  0.88731117E-003  0.16625744E+000  0.12189187E-002  0.85440685E+000  0.21806056E-003  0.20286660E+000  0.21356593E-002  0.11058085E+000  0.66378997E-004  0.27309273E-002  0.30717980E-001  0.51244263E-002  0.26565118E-001  0.72501172E-002  0.63140414E-002  0.32756657E-002  0.17330769E-002  0.81500673E-003  0.17304934E-003  0.35920677E-004
  0.40583379E-003  0.11194293E-002  0.19748549E-002  0.13740893E-001  0.24213842E-002  0.38714238E-002  0.37467247E-001  0.20041094E-001  0.48685069E-002  0.65424993E-001  0.27884447E-002  0.40038297E-003  0.80355516E-001  0.81405181E-003  0.13036605E+000  0.10884260E-002  0.67979144E+000  0.20180882E-003  0.16650966E+000  0.19035191E-002  0.96734476E-001  0.57785191E-004  0.23643055E-002  0.28265554E-001  0.39756884E-002  0.21002323E-001  0.68463568E-002  0.51667961E-002  0.29009300E-002  0.16623897E-002  0.76833298E-003  0.16683063E-003  0.34935224E-004
  0.38304075E-003  0.10568068E-002  0.18335912E-002  0.13052802E-001  0.22056254E-002  0.32282197E-002  0.35610478E-001  0.16737508E-001  0.41687292E-002  0.60207898E-001  0.24946858E-002  0.37802504E-003  0.72106007E-001  0.75772556E-003  0.10728551E+000  0.10290389E-002  0.56203814E+000  0.19007308E-003  0.14149944E+000  0.17490569E-002  0.86402953E-001  0.52688304E-004  0.21173168E-002  0.26348172E-001  0.32498501E-002  0.17283329E-001  0.65242415E-002  0.43755620E-002  0.26098796E-002  0.16051672E-002  0.72921442E-003  0.16174610E-003  0.34146461E-004
  0.38453971E-003  0.10535041E-002  0.17881133E-002  0.13171904E-001  0.21049487E-002  0.28561821E-002  0.35911526E-001  0.14702721E-001  0.37360135E-002  0.57683735E-001  0.22814413E-002  0.37825721E-003  0.66677936E-001  0.71308145E-003  0.91752979E-001  0.10296759E-002  0.47917818E+000  0.18129401E-003  0.12354263E+000  0.16701064E-002  0.78385105E-001  0.49547223E-004  0.19541845E-002  0.24792967E-001  0.27651818E-002  0.14672998E-001  0.62583158E-002  0.38054429E-002  0.23774241E-002  0.15574040E-002  0.69561108E-003  0.15742802E-003  0.33492695E-004
  0.40789287E-003  0.11179182E-002  0.19930696E-002  0.13945135E-001  0.21860224E-002  0.27591891E-002  0.38446241E-001  0.14028482E-001  0.36507298E-002  0.60725860E-001  0.22206044E-002  0.39643300E-003  0.64390734E-001  0.67799240E-003  0.81556551E-001  0.10907650E-002  0.42159528E+000  0.17522870E-003  0.11099486E+000  0.17374665E-002  0.72241058E-001  0.47918319E-004  0.18814267E-002  0.23506612E-001  0.24464044E-002  0.12846678E-001  0.60355099E-002  0.33994298E-002  0.21926567E-002  0.15172390E-002  0.66641800E-003  0.15370469E-003  0.32947202E-004
  0.12931736E-003  0.33708307E-003  0.10607950E-002  0.45145747E-002  0.21107775E-002  0.29229437E-002  0.11997065E-001  0.14853633E-001  0.40612475E-002  0.39132119E-001  0.28538980E-002  0.14172790E-003  0.75203781E-001  0.10721940E-002  0.10305607E+000  0.38114163E-003  0.52132205E+000  0.29371811E-003  0.14192586E+000  0.11799038E-002  0.99000465E-001  0.78124460E-004  0.22186628E-002  0.37303438E-001  0.30540142E-002  0.15578173E-001  0.10424253E-001  0.42710583E-002  0.30018527E-002  0.27576931E-002  0.10910007E-002  0.28071784E-003  0.63502158E-004
  0.79457918E-004  0.20919009E-003  0.43883839E-003  0.27224033E-002  0.70897114E-003  0.92774338E-003  0.71757174E-002  0.46006451E-002  0.14231705E-002  0.14999391E-001  0.11607151E-002  0.80269085E-004  0.24132710E-001  0.52250964E-003  0.31585620E-001  0.21053692E-003  0.15673681E+000  0.15956207E-003  0.48508173E-001  0.44021055E-003  0.39914063E-001  0.43833663E-004  0.71092972E-003  0.18152310E-001  0.93789400E-003  0.47067423E-002  0.56495417E-002  0.14659278E-002  0.12135591E-002  0.15799428E-002  0.54099705E-003  0.15825506E-003  0.38374245E-004
  0.39840028E-004  0.10484167E-003  0.22876157E-003  0.13658584E-002  0.36538662E-003  0.44644498E-003  0.36006688E-002  0.20738383E-002  0.72349037E-003  0.78553235E-002  0.66647818E-003  0.40339875E-004  0.12437317E-001  0.35298722E-003  0.15160424E-001  0.10624117E-003  0.70534741E-001  0.11941760E-003  0.24601782E-001  0.23050505E-003  0.22863320E-001  0.34188394E-004  0.36533856E-003  0.12216890E-001  0.44820956E-003  0.21053764E-002  0.42033423E-002  0.73903843E-003  0.69188281E-003  0.12343305E-002  0.36614482E-003  0.12043491E-003  0.31249289E-004
  0.21432597E-004  0.55952585E-004  0.11927238E-003  0.73435579E-003  0.19720907E-003  0.23463652E-003  0.19244224E-002  0.10033405E-002  0.39038181E-003  0.40944616E-002  0.39151377E-003  0.21672318E-004  0.67173116E-002  0.23902898E-003  0.79739765E-002  0.56780409E-004  0.34104502E-001  0.89286832E-004  0.13257389E-001  0.12049758E-003  0.13398362E-001  0.26710510E-004  0.19721536E-003  0.82480959E-002  0.23498357E-003  0.10123003E-002  0.31172145E-002  0.39589287E-003  0.40353538E-003  0.95422539E-003  0.24722880E-003  0.90370416E-004  0.24877999E-004
  0.12260587E-004  0.31775387E-004  0.66726179E-004  0.41930150E-003  0.11154898E-003  0.13269166E-003  0.10926767E-002  0.52315177E-003  0.22092528E-003  0.22907902E-002  0.23368948E-003  0.12361736E-004  0.38099734E-002  0.16232826E-003  0.45107447E-002  0.32229520E-004  0.17784991E-001  0.66675142E-004  0.74988601E-002  0.67429139E-004  0.79786101E-002  0.20757785E-004  0.11183858E-003  0.55857065E-002  0.13262566E-003  0.52544117E-003  0.23105443E-002  0.22282333E-003  0.23944082E-003  0.73197891E-003  0.16720278E-003  0.67418753E-004  0.19480570E-004
  0.72981828E-005  0.18893491E-004  0.39009174E-004  0.24867581E-003  0.65984352E-004  0.79570088E-004  0.64761512E-003  0.29386450E-003  0.13025382E-003  0.13377406E-002  0.14117724E-003  0.73320293E-005  0.22564579E-002  0.10998268E-003  0.27083473E-002  0.19103361E-004  0.99962219E-002  0.49693448E-004  0.44178440E-002  0.39413259E-004  0.48066914E-002  0.16000174E-004  0.66243191E-004  0.37755032E-002  0.79491859E-004  0.29427844E-003  0.17123650E-002  0.13072340E-003  0.14379215E-003  0.55805547E-003  0.11289699E-003  0.50211482E-004  0.15108154E-004
  0.44520084E-005  0.11553309E-004  0.23607246E-004  0.15105856E-003  0.40610482E-004  0.50022932E-004  0.39374106E-003  0.17698657E-003  0.80134158E-004  0.80687324E-003  0.86834798E-004  0.44661114E-005  0.13891618E-002  0.73681209E-004  0.17041969E-002  0.11629111E-004  0.60260561E-002  0.36878645E-004  0.27202625E-002  0.23805537E-004  0.29500246E-002  0.12229432E-004  0.40790194E-004  0.25237451E-002  0.49959812E-004  0.17693045E-003  0.12657838E-002  0.80194738E-004  0.87873961E-004  0.42319998E-003  0.75443744E-004  0.37314048E-004  0.11674839E-004
  0.28460637E-005  0.72874161E-005  0.14861924E-004  0.96496552E-004  0.25781780E-004  0.32508366E-004  0.24727924E-003  0.11343163E-003  0.51582758E-004  0.50634357E-003  0.54446226E-004  0.28582612E-005  0.88200658E-003  0.48232354E-004  0.11104424E-002  0.73183217E-005  0.38644282E-002  0.27069543E-004  0.17522637E-002  0.14954224E-004  0.18468602E-002  0.92685265E-005  0.25915534E-004  0.16480450E-002  0.32535650E-004  0.11324388E-003  0.92685315E-003  0.51497390E-004  0.54744978E-004  0.31912132E-003  0.49280437E-004  0.27504194E-004  0.90162566E-005
  0.19101098E-005  0.48387261E-005  0.97570060E-005  0.64930177E-004  0.16761237E-004  0.21697235E-004  0.16422961E-003  0.76244918E-004  0.34522233E-004  0.33198218E-003  0.34714032E-004  0.19231461E-005  0.57284726E-003  0.30653701E-004  0.74184912E-003  0.48638054E-005  0.26008172E-002  0.19395388E-004  0.11743099E-002  0.98103308E-005  0.11761446E-002  0.69522298E-005  0.16853296E-004  0.10444888E-002  0.21739441E-004  0.76135029E-004  0.66303595E-003  0.34426521E-004  0.34723168E-004  0.23866507E-003  0.31226716E-004  0.19847997E-004  0.69472059E-005
  0.13102985E-005  0.33030201E-005  0.65782763E-005  0.44683710E-004  0.11230268E-004  0.14739385E-004  0.11234049E-003  0.53020778E-004  0.23880856E-004  0.22378578E-003  0.22724120E-004  0.13228795E-005  0.38395218E-003  0.19193310E-004  0.50448370E-003  0.33276672E-005  0.18116023E-002  0.13280141E-004  0.81281564E-003  0.66188753E-005  0.77030672E-003  0.51323538E-005  0.11302217E-004  0.65237851E-003  0.14795900E-004  0.53025321E-004  0.45352740E-003  0.23792871E-004  0.22663832E-004  0.17592771E-003  0.19450683E-004  0.13735440E-004  0.53023923E-005
  0.90995717E-006  0.22854544E-005  0.45053792E-005  0.31042581E-004  0.74496871E-005  0.99551127E-005  0.77952941E-004  0.37481039E-004  0.16865827E-004  0.15344061E-003  0.15391843E-004  0.91844437E-006  0.25429616E-003  0.12075441E-004  0.34082687E-003  0.23089830E-005  0.12820648E-002  0.85369444E-005  0.57554367E-003  0.45421548E-005  0.52243623E-003  0.36822675E-005  0.75092781E-005  0.40956396E-003  0.10017694E-004  0.37561901E-004  0.29119543E-003  0.16841615E-004  0.15323120E-004  0.12615141E-003  0.12155737E-004  0.89389362E-005  0.39520992E-005
  0.63571128E-006  0.15932420E-005  0.31163602E-005  0.21663951E-004  0.50713723E-005  0.66891044E-005  0.54425611E-004  0.26340490E-004  0.12050257E-004  0.10632803E-003  0.10733616E-004  0.64071909E-006  0.17312757E-003  0.77200932E-005  0.22896238E-003  0.16118920E-005  0.90166629E-003  0.52100290E-005  0.41169532E-003  0.31489398E-005  0.36471703E-003  0.25122874E-005  0.51167174E-005  0.26114705E-003  0.67466375E-005  0.26475303E-004  0.17737337E-003  0.12058090E-004  0.10674938E-004  0.86052516E-004  0.77171787E-005  0.54890659E-005  0.28134205E-005
  0.44488984E-006  0.11168365E-005  0.22035773E-005  0.15153422E-004  0.35255598E-005  0.44888731E-005  0.38091672E-004  0.18081164E-004  0.85564373E-005  0.75388548E-004  0.75964378E-005  0.44786726E-006  0.12063483E-003  0.50849140E-005  0.15369621E-003  0.11274982E-005  0.61948606E-003  0.31484265E-005  0.29265559E-003  0.22299991E-005  0.25883754E-003  0.15830177E-005  0.35661298E-005  0.17190439E-003  0.45396890E-005  0.18247869E-004  0.10695935E-003  0.85898375E-005  0.75727034E-005  0.54190217E-004  0.50561619E-005  0.32849896E-005  0.18544732E-005
  0.32791902E-006  0.84859046E-006  0.16195350E-005  0.11180812E-004  0.24320709E-005  0.29985786E-005  0.29030997E-004  0.12055527E-004  0.59537479E-005  0.55500596E-004  0.53683242E-005  0.32900151E-006  0.83381849E-004  0.34687680E-005  0.10282645E-003  0.85437471E-006  0.41356271E-003  0.19266411E-005  0.20392882E-003  0.16380717E-005  0.18340487E-003  0.91076655E-006  0.24689554E-005  0.11751405E-003  0.30444760E-005  0.12226631E-004  0.65326577E-004  0.60039073E-005  0.53736164E-005  0.31093170E-004  0.34424467E-005  0.19710103E-005  0.11009674E-005
  0.20568447E-006  0.52964053E-006  0.10296870E-005  0.69844094E-005  0.15828320E-005  0.19409947E-005  0.17973870E-004  0.78186805E-005  0.40228077E-005  0.35093690E-004  0.37131730E-005  0.20672512E-006  0.54183730E-004  0.24042034E-005  0.66627939E-004  0.53276706E-006  0.26864064E-003  0.12018768E-005  0.13805521E-003  0.10415960E-005  0.12718032E-003  0.50483878E-006  0.16091938E-005  0.81703357E-004  0.19780202E-005  0.79689752E-005  0.40638367E-004  0.40798119E-005  0.37374615E-005  0.17167221E-004  0.23901432E-005  0.12070697E-005  0.60060352E-006
  0.13521746E-006  0.34612365E-006  0.67397885E-006  0.46010766E-005  0.10403895E-005  0.12545665E-005  0.11778592E-004  0.49821495E-005  0.26445988E-005  0.22902470E-004  0.24860393E-005  0.13600179E-006  0.35403358E-004  0.16471265E-005  0.42900786E-004  0.34878133E-006  0.17086566E-003  0.77918791E-006  0.90818046E-004  0.67915494E-006  0.85387847E-004  0.28682072E-006  0.10512655E-005  0.56272826E-004  0.12748556E-005  0.50788034E-005  0.26305588E-004  0.26924412E-005  0.25194305E-005  0.97314431E-005  0.16486549E-005  0.77317237E-006  0.31982937E-006
  0.88273301E-007  0.22692744E-006  0.44016454E-006  0.30028060E-005  0.67629112E-006  0.80937816E-006  0.77242770E-005  0.31578315E-005  0.17088003E-005  0.15000972E-004  0.16179596E-005  0.88699151E-007  0.23059755E-004  0.10944006E-005  0.27584659E-004  0.22862283E-006  0.10770947E-003  0.51994067E-006  0.58366173E-004  0.44455973E-006  0.55516822E-004  0.16915549E-006  0.68437216E-006  0.37570485E-004  0.81981158E-006  0.32040795E-005  0.17626970E-004  0.17338469E-005  0.16447113E-005  0.57250046E-005  0.11048491E-005  0.51577457E-006  0.17672597E-006
  0.56855444E-007  0.14736951E-006  0.28708813E-006  0.19339460E-005  0.43969949E-006  0.51773228E-006  0.50149468E-005  0.19623438E-005  0.10672306E-005  0.97782004E-005  0.10202857E-005  0.57087881E-007  0.14999134E-004  0.70299106E-006  0.17696377E-004  0.14833375E-006  0.67163016E-004  0.34337310E-006  0.36536288E-004  0.28970226E-006  0.34928047E-004  0.10510357E-006  0.44488409E-006  0.24126144E-004  0.52563171E-006  0.19979972E-005  0.11735585E-004  0.10868509E-005  0.10377295E-005  0.35468419E-005  0.71307432E-006  0.34373990E-006  0.10542032E-006
  0.36326482E-007  0.95086283E-007  0.18657247E-006  0.12354425E-005  0.28663256E-006  0.33547185E-006  0.32347141E-005  0.12343127E-005  0.65822901E-006  0.63515857E-005  0.62145362E-006  0.36445639E-007  0.97682149E-005  0.43330470E-006  0.11447549E-004  0.95586148E-007  0.42173582E-004  0.21961189E-006  0.22521862E-004  0.18806542E-006  0.21326159E-004  0.68155999E-007  0.28955363E-006  0.14897276E-004  0.33970802E-006  0.12534433E-005  0.75373185E-005  0.66999028E-006  0.63483437E-006  0.23051558E-005  0.44227297E-006  0.22178116E-006  0.67501709E-007
  0.23130503E-007  0.61171488E-007  0.12109037E-006  0.78654950E-006  0.18723488E-006  0.21906427E-006  0.20804747E-005  0.78552131E-006  0.40474066E-006  0.41201849E-005  0.37414932E-006  0.23192094E-007  0.63755964E-005  0.25895238E-006  0.74667798E-005  0.61421403E-007  0.26798646E-004  0.13420461E-006  0.13824664E-004  0.12188097E-006  0.12812760E-004  0.44023132E-007  0.18887826E-006  0.89056561E-005  0.22137950E-006  0.79548206E-006  0.46304629E-005  0.41100156E-006  0.38153872E-006  0.15060237E-005  0.26517574E-006  0.13710699E-006  0.44066722E-007
  0.14751931E-007  0.39407707E-007  0.78738057E-007  0.50157552E-006  0.12278831E-006  0.14426988E-006  0.13400495E-005  0.50669715E-006  0.24930318E-006  0.26783478E-005  0.22411142E-006  0.14782136E-007  0.41788405E-005  0.15245799E-006  0.49129150E-005  0.39527995E-007  0.17264796E-004  0.79610265E-007  0.85029723E-005  0.79138531E-007  0.76597677E-005  0.27375493E-007  0.12368870E-006  0.52309909E-005  0.14555800E-006  0.51196396E-006  0.27472396E-005  0.25255287E-006  0.22798000E-006  0.94602235E-006  0.15595603E-006  0.81736325E-007  0.27846364E-007
  0.94622413E-008  0.25513050E-007  0.51453173E-007  0.32168606E-006  0.81017893E-007  0.95897815E-007  0.86742784E-006  0.33159564E-006  0.15465796E-006  0.17497539E-005  0.13476059E-006  0.94768988E-008  0.27561795E-005  0.89407415E-007  0.32639252E-005  0.25569628E-007  0.11290595E-004  0.46409352E-007  0.52698543E-005  0.51645058E-007  0.45987145E-005  0.16430247E-007  0.81482517E-007  0.30605143E-005  0.96612191E-007  0.33448677E-006  0.15975032E-005  0.15637498E-006  0.13672439E-006  0.56970283E-006  0.91220154E-007  0.47646425E-007  0.16902082E-007
  0.61304759E-008  0.16661546E-007  0.33889511E-007  0.20839940E-006  0.53890818E-007  0.64390778E-007  0.56642601E-006  0.22023689E-006  0.97026566E-007  0.11522915E-005  0.81961006E-007  0.61377280E-008  0.18327972E-005  0.52889952E-007  0.21905464E-005  0.16689277E-007  0.74943038E-005  0.27012101E-007  0.33033718E-005  0.33982472E-007  0.27935845E-005  0.97143676E-008  0.54122678E-007  0.18070029E-005  0.64768248E-007  0.22177903E-006  0.92715412E-006  0.97919518E-007  0.82962092E-007  0.33597449E-006  0.53799043E-007  0.27668159E-007  0.10026188E-007
  0.40295759E-008  0.11023294E-007  0.22590667E-007  0.13697275E-006  0.36263125E-007  0.43775357E-007  0.37471761E-006  0.14864568E-006  0.61801584E-007  0.76801435E-006  0.50748909E-007  0.40330158E-008  0.12330676E-005  0.31894303E-007  0.14888284E-005  0.11036021E-007  0.50564486E-005  0.15959028E-007  0.21030874E-005  0.22633784E-007  0.17282963E-005  0.57608686E-008  0.36375394E-007  0.10879408E-005  0.43967345E-007  0.14944272E-006  0.54630811E-006  0.62253613E-007  0.51262905E-007  0.19850491E-006  0.32342574E-007  0.16288113E-007  0.59299982E-008
  0.27003873E-008  0.74244046E-008  0.15310598E-007  0.91786984E-007  0.24787695E-007  0.30237786E-007  0.25236607E-006  0.10222575E-006  0.40157746E-007  0.52047100E-006  0.32199423E-007  0.27020712E-008  0.84273868E-006  0.19791768E-007  0.10281749E-005  0.74306724E-008  0.34763863E-005  0.97122255E-008  0.13659948E-005  0.15331989E-007  0.10958434E-005  0.34971823E-008  0.24842932E-007  0.67436050E-006  0.30333663E-007  0.10262511E-006  0.33176077E-006  0.40376800E-007  0.32455113E-007  0.12006081E-006  0.20017639E-007  0.98737265E-008  0.35820307E-008
  0.18607829E-008  0.51353032E-008  0.10643802E-007  0.63246514E-007  0.17361709E-007  0.21394700E-007  0.17454895E-006  0.72152818E-007  0.26838767E-007  0.36180271E-006  0.21122313E-007  0.18615942E-008  0.59020734E-006  0.12771879E-007  0.72738472E-006  0.51382749E-008  0.24532765E-005  0.61727044E-008  0.91271402E-006  0.10653795E-007  0.71856243E-006  0.22152571E-008  0.17387829E-007  0.43481759E-006  0.21441753E-007  0.72349990E-007  0.21050020E-006  0.26942469E-007  0.21245995E-007  0.75814513E-007  0.12886417E-007  0.62520324E-008  0.22571801E-008
  0.13420265E-008  0.37136631E-008  0.77276901E-008  0.45613199E-007  0.12685876E-007  0.15783946E-007  0.12622330E-006  0.53174711E-007  0.18772639E-007  0.26266581E-006  0.14583359E-007  0.13424241E-008  0.43122029E-006  0.87285264E-008  0.53656583E-006  0.37151390E-008  0.18077366E-005  0.41781010E-008  0.63827503E-006  0.77326892E-008  0.49594694E-006  0.14972280E-008  0.12699039E-007  0.29697754E-006  0.15807317E-007  0.53271725E-007  0.14230731E-006  0.18821381E-007  0.14641516E-007  0.51116485E-007  0.87849987E-008  0.42182785E-008  0.15180559E-008
  0.10706464E-008  0.29683526E-008  0.61960372E-008  0.36388575E-007  0.10228140E-007  0.12845958E-007  0.10088788E-006  0.43276580E-007  0.14509377E-007  0.21059452E-006  0.11190707E-007  0.10708268E-008  0.34765112E-006  0.66686949E-008  0.43664563E-006  0.29690215E-008  0.14710514E-005  0.31780587E-008  0.49323696E-006  0.61982995E-008  0.38046633E-006  0.11405944E-008  0.10234107E-007  0.22678444E-006  0.12856760E-007  0.43321651E-007  0.10814173E-006  0.14531349E-007  0.11216724E-007  0.38831864E-007  0.66948489E-008  0.31982002E-008  0.11498374E-008
  0.18540416E-008  0.51502321E-008  0.10786015E-007  0.63011187E-007  0.17920563E-007  0.22798316E-007  0.17503388E-006  0.76855422E-007  0.23918290E-007  0.36656595E-006  0.18489181E-007  0.18539216E-008  0.60902828E-006  0.11052752E-007  0.77478730E-006  0.51497816E-008  0.26118649E-005  0.52705675E-008  0.81285017E-006  0.10784682E-007  0.62833522E-006  0.18932666E-008  0.17917484E-007  0.37560288E-006  0.22793037E-007  0.76834975E-007  0.17909838E-006  0.23913576E-007  0.18484629E-007  0.64372544E-007  0.11049019E-007  0.52676888E-008  0.18918678E-008
  0.11209899E-009  0.31153216E-009  0.64947810E-009  0.38132446E-008  0.10720378E-008  0.13549179E-008  0.10600707E-007  0.45316602E-008  0.13806361E-008  0.22112453E-007  0.10523287E-008  0.11253439E-009  0.36526534E-007  0.61983574E-009  0.46203990E-007  0.31315848E-009  0.15462636E-006  0.29357953E-009  0.47146939E-007  0.65461665E-009  0.36003985E-007  0.10772388E-009  0.10847753E-008  0.21292963E-007  0.13774605E-008  0.46227185E-008  0.10173362E-007  0.14148036E-008  0.10902436E-008  0.37841725E-008  0.65682804E-009  0.32473033E-009  0.12647492E-009
  0.37201228E-023  0.63181336E-023  0.91577506E-023  0.12693245E-021  0.97145691E-023  0.71204622E-023  0.21552513E-021  0.53453517E-023  0.73297039E-023  0.31239642E-021  0.12908150E-022  0.81565131E-023  0.33139882E-021  0.44831714E-022  0.24291655E-021  0.13274891E-022  0.18233425E-021  0.29993640E-021  0.25007706E-021  0.19080961E-022  0.44023270E-021  0.14756143E-020  0.20029032E-022  0.15284148E-020  0.14570439E-022  0.10624360E-022  0.10266575E-019  0.14880441E-022  0.24085208E-022  0.51018703E-019  0.73041148E-022  0.81019387E-021  0.96735564E-020
