  0.70409631E-002  0.17974835E-001  0.26045086E-001  0.19238819E-001  0.31133199E-001  0.45395044E-001  0.85501843E-002  0.16094835E+000  0.40713434E-001  0.44843954E-002  0.23453692E-001  0.10217753E-004  0.25933956E-002  0.83048904E-002  0.23865121E-002  0.66315498E-005  0.69043929E-002  0.32922227E-002  0.14468158E-002  0.51723145E-005  0.58815615E-003  0.15918620E-002  0.41331220E-005  0.12187701E-003  0.45894956E-005  0.14213280E-004  0.22064729E-004  0.31435874E-005  0.13930420E-005  0.45574530E-005  0.34575905E-006  0.89218476E-007  0.26626541E-007
  0.47329474E-003  0.10809163E-002  0.14011824E-002  0.35286800E-001  0.16568021E-002  0.22889290E-002  0.12621536E-001  0.88671737E-002  0.28405404E-002  0.51480628E-002  0.17466873E-002  0.69454517E-004  0.28417179E-002  0.45344696E-003  0.25496995E-002  0.20779443E-004  0.75044577E-002  0.11760287E-003  0.16818319E-002  0.92145767E-005  0.70740879E-003  0.44953880E-004  0.58691721E-005  0.14299207E-003  0.58621051E-005  0.17939925E-004  0.25928544E-004  0.41170751E-005  0.17990737E-005  0.54527362E-005  0.40000877E-006  0.92966767E-007  0.26733722E-007
  0.15935851E-003  0.70653239E-003  0.85883784E-003  0.62844944E-002  0.93088096E-003  0.12421148E-002  0.23533638E-001  0.43557860E-002  0.12629678E-002  0.75484440E-002  0.74299744E-003  0.72464297E-004  0.33848744E-002  0.21802099E-003  0.28567379E-002  0.71767372E-004  0.82749089E-002  0.58457965E-004  0.18934089E-002  0.20758671E-004  0.80595750E-003  0.21774971E-004  0.97450238E-005  0.16554647E-003  0.85030695E-005  0.24795192E-004  0.29741928E-004  0.56147912E-005  0.23435315E-005  0.62445495E-005  0.48544745E-006  0.10145772E-006  0.27347354E-007
  0.11628054E-003  0.56062485E-003  0.81930432E-003  0.39725366E-002  0.85338664E-003  0.10970693E-002  0.28108355E-001  0.37575681E-002  0.10313882E-002  0.13962514E-001  0.58614607E-003  0.75294684E-004  0.50934236E-002  0.18393816E-003  0.38236794E-002  0.16132949E-003  0.10772174E-001  0.49088204E-004  0.24687619E-002  0.55497075E-004  0.10562691E-002  0.15813574E-004  0.19689178E-004  0.22743914E-003  0.14806057E-004  0.41061735E-004  0.41584751E-004  0.90774182E-005  0.36136563E-005  0.86185187E-005  0.71798629E-006  0.13597541E-006  0.33322813E-007
  0.10280346E-003  0.34596665E-003  0.84899656E-003  0.33617447E-002  0.92428828E-003  0.11536377E-002  0.12521380E-001  0.38562930E-002  0.10206234E-002  0.22801975E-001  0.54395283E-003  0.77935663E-004  0.87036512E-002  0.15912881E-003  0.57319629E-002  0.19108439E-003  0.15570359E-001  0.43350239E-004  0.35257509E-002  0.13173355E-003  0.14882816E-002  0.13312226E-004  0.43168263E-004  0.32521759E-003  0.27902739E-004  0.73661216E-004  0.60595154E-004  0.15861893E-004  0.60202509E-005  0.12482565E-004  0.11465273E-005  0.20250651E-006  0.45404281E-007
  0.11954659E-003  0.35708487E-003  0.10170652E-002  0.38351515E-002  0.13011825E-002  0.16112913E-002  0.12133039E-001  0.52929621E-002  0.13765103E-002  0.33992556E-001  0.70501339E-003  0.77213663E-004  0.14380305E-001  0.19531638E-003  0.85807463E-002  0.19604059E-003  0.22378509E-001  0.48637543E-004  0.49860952E-002  0.22444439E-003  0.20528138E-002  0.14786255E-004  0.75971380E-004  0.43845579E-003  0.43935788E-004  0.11128428E-003  0.79798810E-004  0.23468319E-004  0.85759013E-005  0.16370873E-004  0.15732563E-005  0.26194574E-006  0.55356727E-007
  0.15038053E-003  0.40941947E-003  0.11629593E-002  0.49279551E-002  0.20146451E-002  0.25118350E-002  0.14168884E-001  0.81007034E-002  0.20914988E-002  0.42551470E-001  0.10286644E-002  0.78657761E-004  0.22100225E-001  0.27486205E-003  0.12856265E-001  0.19378762E-003  0.32555095E-001  0.70057439E-004  0.71264620E-002  0.28128340E-003  0.28403883E-002  0.17064631E-004  0.10490231E-003  0.56308527E-003  0.57583803E-004  0.14170383E-003  0.98099852E-004  0.29417940E-004  0.10422161E-004  0.18907265E-004  0.18379745E-005  0.29559262E-006  0.58774898E-007
  0.17194675E-003  0.44137265E-003  0.11939479E-002  0.60976505E-002  0.28680628E-002  0.35897989E-002  0.16354282E-001  0.11430238E-001  0.29787874E-002  0.49586128E-001  0.14720006E-002  0.88830220E-004  0.34326001E-001  0.40583165E-003  0.20578139E-001  0.20574514E-003  0.51457171E-001  0.88950478E-004  0.11195747E-001  0.33071811E-003  0.43013786E-002  0.22834654E-004  0.13861286E-003  0.76941375E-003  0.74738983E-004  0.18046265E-003  0.12509900E-003  0.37092205E-004  0.12822536E-004  0.23216307E-004  0.21815638E-005  0.33745463E-006  0.64999510E-007
  0.20325316E-003  0.52882079E-003  0.13253723E-002  0.77596585E-002  0.40586564E-002  0.50092867E-002  0.21676309E-001  0.16035915E-001  0.41446502E-002  0.66515347E-001  0.20398375E-002  0.88377186E-004  0.49789909E-001  0.55009010E-003  0.31306651E-001  0.19445366E-003  0.78037171E-001  0.14243299E-003  0.16833917E-001  0.32787142E-003  0.58371416E-002  0.31583287E-004  0.14678010E-003  0.88801682E-003  0.78959508E-004  0.18861229E-003  0.14024631E-003  0.38464649E-004  0.12932786E-004  0.24607013E-004  0.21262257E-005  0.32519832E-006  0.60910954E-007
  0.34501387E-003  0.92022052E-003  0.19621527E-002  0.13369803E-001  0.61379273E-002  0.76352251E-002  0.33527636E-001  0.23840125E-001  0.72734149E-002  0.11374590E+000  0.37702336E-002  0.55940167E-004  0.10153764E+000  0.13170511E-002  0.44625417E-001  0.11653978E-003  0.14436469E+000  0.30843749E-003  0.22675556E-001  0.20145377E-003  0.54164296E-002  0.50440607E-004  0.94796411E-004  0.66943395E-003  0.48817264E-004  0.11888646E-003  0.10154619E-003  0.23574884E-004  0.77083025E-005  0.16246760E-004  0.12636518E-005  0.19233097E-006  0.35112320E-007
  0.12082198E-002  0.26187741E-002  0.53067495E-002  0.37201730E-001  0.11275621E-001  0.12328001E-001  0.11556513E+000  0.40515002E-001  0.12310919E-001  0.34789666E+000  0.74120855E-002  0.39528815E-004  0.74395839E+001  0.25929309E-002  0.10832744E+002  0.80374603E-004  0.34435771E+002  0.90996648E-003  0.40412130E+001  0.13858816E-003  0.87197159E-002  0.21412970E-003  0.18337262E-003  0.10384782E-002  0.16977789E-003  0.46288566E-003  0.16522246E-003  0.55875959E-004  0.59535252E-005  0.28915950E-004  0.12102774E-005  0.24693198E-006  0.50082754E-007
  0.14272155E-002  0.34204177E-002  0.47931702E-002  0.72602441E-001  0.57277894E-002  0.54578571E-002  0.19105056E+000  0.20247390E-001  0.90492421E-002  0.38133862E+000  0.68929866E-002  0.35071344E-003  0.89514673E+000  0.31825008E-002  0.21049213E+001  0.67782585E-003  0.87140448E+001  0.92148495E-003  0.74419495E+001  0.11269655E-002  0.11976017E+001  0.21443687E-003  0.14972617E-002  0.41519540E-001  0.14647898E-002  0.41469811E-002  0.17148543E-002  0.88240740E-003  0.10385218E-003  0.27382290E-003  0.10832772E-004  0.19525244E-005  0.39154884E-006
  0.73182414E-003  0.13572438E-002  0.19233981E-002  0.35142189E-001  0.22528065E-002  0.23415131E-002  0.78309862E-001  0.73519862E-002  0.35638810E-002  0.13664844E+000  0.27913035E-002  0.38898046E-003  0.19771204E+000  0.11710098E-002  0.23281985E+000  0.67042496E-003  0.86802687E+000  0.34501936E-003  0.43640016E+000  0.10276327E-002  0.51852703E+000  0.64484528E-004  0.13165705E-002  0.24628566E+000  0.12747254E-002  0.36260603E-002  0.25908776E-001  0.81223269E-003  0.15431168E-003  0.29422703E-003  0.31376197E-004  0.32153041E-005  0.34365095E-006
  0.28014173E-003  0.59555778E-003  0.94390089E-003  0.11640586E-001  0.12320215E-002  0.12416389E-002  0.27021714E-001  0.43078697E-002  0.17564094E-002  0.50672375E-001  0.16520836E-002  0.43424440E-003  0.77498802E-001  0.57551186E-003  0.87018791E-001  0.70600346E-003  0.31083913E+000  0.17414945E-003  0.14302618E+000  0.10225666E-002  0.11963785E+000  0.35844941E-004  0.12629616E-002  0.54612458E-001  0.12029706E-002  0.34282222E-002  0.26505282E-001  0.79762610E-003  0.17683544E-003  0.38211330E-002  0.39468104E-004  0.60393790E-005  0.59428941E-006
  0.11175821E-003  0.26147390E-003  0.48196710E-003  0.43418828E-002  0.69996432E-003  0.77904798E-003  0.11061952E-001  0.25575182E-002  0.10366144E-002  0.22899611E-001  0.11355060E-002  0.44375446E-003  0.38248585E-001  0.36799329E-003  0.46995947E-001  0.74335395E-003  0.16301446E+000  0.97138080E-004  0.68408657E-001  0.10263116E-002  0.66266258E-001  0.22123540E-004  0.12484979E-002  0.18056139E-001  0.11806739E-002  0.33656293E-002  0.72746662E-002  0.80666021E-003  0.20293465E-003  0.23932386E-002  0.44998543E-004  0.73723321E-005  0.86265706E-006
  0.59024689E-004  0.14861726E-003  0.29523336E-003  0.23014555E-002  0.45981737E-003  0.54321868E-003  0.61985936E-002  0.18235836E-002  0.67320734E-003  0.13784032E-001  0.92952638E-003  0.26128724E-003  0.23717377E-001  0.25240819E-003  0.29712688E-001  0.66115946E-003  0.10375179E+000  0.64288418E-004  0.42040419E-001  0.10407325E-002  0.49699290E-001  0.14816281E-004  0.12359704E-002  0.99670080E-002  0.11668695E-002  0.33336376E-002  0.28908749E-002  0.81875348E-003  0.23208931E-003  0.74682846E-003  0.50292376E-004  0.83576638E-005  0.10005021E-005
  0.39736678E-004  0.10116237E-003  0.20872835E-003  0.15552447E-002  0.34433899E-003  0.42310238E-003  0.42181426E-002  0.14372086E-002  0.51041646E-003  0.95066484E-002  0.79971322E-003  0.18502720E-003  0.16727706E-001  0.21367122E-003  0.21743617E-001  0.46603933E-003  0.76378820E-001  0.48433978E-004  0.30102718E-001  0.89695696E-003  0.47979182E-001  0.11842346E-004  0.12231311E-002  0.73182591E-002  0.11545285E-002  0.32977105E-002  0.17256163E-002  0.82563250E-003  0.26608218E-003  0.43526642E-003  0.55300720E-004  0.91962779E-005  0.11356353E-005
  0.29501773E-004  0.76418097E-004  0.16059114E-003  0.11466298E-002  0.26968549E-003  0.34014487E-003  0.31409687E-002  0.11701801E-002  0.40552222E-003  0.71055400E-002  0.70261368E-003  0.14038889E-003  0.12650029E-001  0.19382709E-003  0.16655379E-001  0.37328996E-003  0.58856111E-001  0.41615979E-004  0.22720097E-001  0.72918177E-003  0.51424814E-001  0.10034261E-004  0.10626099E-002  0.61958329E-002  0.11092063E-002  0.32504409E-002  0.13980301E-002  0.82532474E-003  0.30675474E-003  0.30846671E-003  0.59832770E-004  0.10086487E-004  0.12603651E-005
  0.22561888E-004  0.60110844E-004  0.12960030E-003  0.86727546E-003  0.22302998E-003  0.28585982E-003  0.24235289E-002  0.99004306E-003  0.33431511E-003  0.55553808E-002  0.57614232E-003  0.10554916E-003  0.10054976E-001  0.18347889E-003  0.13413459E-001  0.30577484E-003  0.47565870E-001  0.38588632E-004  0.17724336E-001  0.62652300E-003  0.65820759E-001  0.89279640E-005  0.92872698E-003  0.60340557E-002  0.97939060E-003  0.29506705E-002  0.12259385E-002  0.77975748E-003  0.36985926E-003  0.28806868E-003  0.63977923E-004  0.10896813E-004  0.14168772E-005
  0.17268347E-004  0.47299917E-004  0.10441645E-003  0.64688338E-003  0.18367593E-003  0.23889906E-003  0.18600346E-002  0.83242205E-003  0.27417027E-003  0.43477073E-002  0.34561598E-003  0.77096051E-004  0.80306173E-002  0.17248878E-003  0.10861268E-001  0.24778211E-003  0.38717960E-001  0.34277164E-004  0.13311206E-001  0.54091711E-003  0.23704240E-001  0.81708679E-005  0.83357157E-003  0.55758892E-002  0.89309995E-003  0.26916913E-002  0.10912583E-002  0.70217456E-003  0.36832742E-003  0.23501183E-003  0.66885874E-004  0.11395885E-004  0.15222855E-005
  0.13072116E-004  0.36534524E-004  0.83015419E-004  0.48303706E-003  0.15039251E-003  0.19976556E-003  0.14157583E-002  0.70281006E-003  0.23106771E-003  0.33898476E-002  0.26741302E-003  0.53714839E-004  0.64281375E-002  0.16849295E-003  0.88510783E-002  0.19894075E-003  0.31775133E-001  0.34512780E-004  0.10722863E-001  0.45815597E-003  0.14401639E-001  0.87917271E-005  0.73842860E-003  0.54998763E-002  0.81257273E-003  0.24724005E-002  0.10758774E-002  0.64399786E-003  0.34704685E-003  0.23743579E-003  0.68943890E-004  0.11849093E-004  0.16564834E-005
  0.11183284E-004  0.31435851E-004  0.73052324E-004  0.40548964E-003  0.13552223E-003  0.18361613E-003  0.11872746E-002  0.65097939E-003  0.21460628E-003  0.28849665E-002  0.23833488E-003  0.37120737E-004  0.55728858E-002  0.17239908E-003  0.77876118E-002  0.15826574E-003  0.28084165E-001  0.35376106E-004  0.94252469E-002  0.38791255E-003  0.11489383E-001  0.80901906E-005  0.65807384E-003  0.58352552E-002  0.74713830E-003  0.23043625E-002  0.11605871E-002  0.60751967E-003  0.34184246E-003  0.28197942E-003  0.71006299E-004  0.13082577E-004  0.19129131E-005
  0.87143611E-005  0.23923999E-004  0.56618207E-004  0.31356656E-003  0.10742128E-003  0.14787433E-003  0.89590115E-003  0.52816399E-003  0.17500064E-003  0.22180979E-002  0.19503646E-003  0.24408930E-004  0.43926221E-002  0.16126884E-003  0.62530392E-002  0.11935061E-003  0.22739817E-001  0.31686243E-004  0.76586769E-002  0.31631817E-003  0.91510305E-002  0.73020693E-005  0.56953292E-003  0.57475968E-002  0.67230630E-003  0.21127615E-002  0.10105198E-002  0.56503133E-003  0.33229788E-003  0.21991121E-003  0.74096940E-004  0.13534829E-004  0.20526547E-005
  0.64488689E-005  0.17081930E-004  0.42001732E-004  0.23109183E-003  0.83315318E-004  0.11872272E-003  0.63579128E-003  0.43159783E-003  0.14550739E-003  0.16322837E-002  0.16547779E-003  0.15468923E-004  0.33723645E-002  0.15541149E-003  0.49566580E-002  0.85081689E-004  0.18308286E-001  0.30965840E-004  0.62490460E-002  0.24829411E-003  0.75210151E-002  0.71088875E-005  0.47684698E-003  0.57937750E-002  0.58533005E-003  0.18688395E-002  0.99437878E-003  0.50657417E-003  0.31352208E-003  0.21696437E-003  0.78076842E-004  0.13888453E-004  0.21953183E-005
  0.51787544E-005  0.12952495E-004  0.32440726E-004  0.18458514E-003  0.66499237E-004  0.97623778E-004  0.47724123E-003  0.36028306E-003  0.12340447E-003  0.12457939E-002  0.14203487E-003  0.10355871E-004  0.26568610E-002  0.14869259E-003  0.40190376E-002  0.59027382E-004  0.15058369E-001  0.30487723E-004  0.52123225E-002  0.19194301E-003  0.63263414E-002  0.69574436E-005  0.39569040E-003  0.59122408E-002  0.50825354E-003  0.16562524E-002  0.99224461E-003  0.45683317E-003  0.29570997E-003  0.21675474E-003  0.82599813E-004  0.14280321E-004  0.23472357E-005
  0.41827317E-005  0.97843381E-005  0.24681632E-004  0.14858228E-003  0.52226859E-004  0.79229729E-004  0.35740235E-003  0.29749249E-003  0.10390682E-003  0.93817285E-003  0.12133388E-003  0.72723294E-005  0.20625681E-002  0.13920335E-003  0.32215310E-002  0.39325808E-004  0.12273299E-001  0.30096768E-004  0.43260980E-002  0.14462597E-003  0.53274485E-002  0.68274448E-005  0.32076754E-003  0.60070829E-002  0.43322455E-003  0.14444978E-002  0.99223372E-003  0.40675406E-003  0.27735540E-003  0.21701373E-003  0.88541181E-004  0.14752270E-004  0.25080478E-005
  0.33799628E-005  0.74035662E-005  0.18502623E-004  0.11983268E-003  0.40323987E-004  0.63381502E-004  0.26848639E-003  0.24265671E-003  0.86754793E-004  0.69721835E-003  0.10282339E-003  0.53890842E-005  0.15757602E-002  0.12551719E-003  0.25483710E-002  0.25389804E-004  0.98952917E-002  0.29775105E-004  0.35658300E-002  0.10747366E-003  0.44595646E-002  0.67156859E-005  0.25372491E-003  0.60205781E-002  0.36206066E-003  0.12381833E-002  0.99427525E-003  0.35693003E-003  0.25700117E-003  0.21743447E-003  0.95487001E-004  0.15361281E-004  0.26766350E-005
  0.27192366E-005  0.56368974E-005  0.13638659E-004  0.96236410E-004  0.30594167E-004  0.49919712E-004  0.20308343E-003  0.19526370E-003  0.71757615E-004  0.50950678E-003  0.86326077E-004  0.41331884E-005  0.11836264E-002  0.10597003E-003  0.19863603E-002  0.16147271E-004  0.78791525E-002  0.29500860E-004  0.29145519E-002  0.76806057E-004  0.36868397E-002  0.66200183E-005  0.19568476E-003  0.61245206E-002  0.29631301E-003  0.10421090E-002  0.99532516E-003  0.30841309E-003  0.23492472E-003  0.21789822E-003  0.10286895E-003  0.16108803E-004  0.28519622E-005
  0.21757504E-005  0.43351938E-005  0.99311537E-005  0.76364181E-004  0.22821469E-004  0.38677855E-004  0.15451409E-003  0.15482121E-003  0.58762697E-004  0.36670180E-003  0.71991929E-004  0.32098734E-005  0.87334567E-003  0.75907849E-004  0.15233100E-002  0.10310934E-004  0.61866947E-002  0.29268029E-004  0.23595143E-002  0.52733309E-004  0.29745737E-002  0.65386750E-005  0.14698108E-003  0.35509329E-002  0.23733387E-003  0.86049948E-003  0.99814469E-003  0.26230947E-003  0.21146997E-003  0.21799778E-003  0.10222838E-003  0.16953758E-004  0.30324317E-005
  0.17621958E-005  0.34098661E-005  0.72346921E-005  0.61550177E-004  0.16795929E-004  0.29485488E-004  0.12065968E-003  0.12082948E-003  0.47639682E-004  0.26444042E-003  0.60649362E-004  0.25322596E-005  0.63656795E-003  0.62779775E-004  0.11505976E-002  0.68163588E-005  0.47857230E-002  0.29053147E-004  0.18945146E-002  0.34852820E-004  0.24620210E-002  0.64733532E-005  0.10751220E-003  0.25502287E-002  0.18585066E-003  0.69653056E-003  0.99990597E-003  0.21938429E-003  0.18772627E-003  0.21688520E-003  0.98294312E-004  0.17873968E-004  0.32152069E-005
  0.14345789E-005  0.27239270E-005  0.53045723E-005  0.49993396E-004  0.12209126E-004  0.22098048E-004  0.95969047E-004  0.92714310E-004  0.38170677E-004  0.19223031E-003  0.51023175E-004  0.20123965E-005  0.45878463E-003  0.56233944E-004  0.85507665E-003  0.47402184E-005  0.36423393E-002  0.28840678E-004  0.15051288E-002  0.22274378E-004  0.20526022E-002  0.64287823E-005  0.76613845E-004  0.22817023E-002  0.14216703E-003  0.55215754E-003  0.10016350E-002  0.18033305E-003  0.16441772E-003  0.21820355E-003  0.93640345E-004  0.18820463E-004  0.34034274E-005
  0.11668600E-005  0.21924637E-005  0.39358648E-005  0.40586618E-004  0.87796759E-005  0.16274949E-004  0.76976683E-004  0.69874258E-004  0.30190930E-004  0.14151128E-003  0.42539817E-004  0.15946239E-005  0.32740049E-003  0.49938313E-004  0.62475159E-003  0.34618810E-005  0.27243309E-002  0.28602944E-004  0.11811463E-002  0.13915296E-004  0.16975995E-002  0.63893887E-005  0.53923988E-004  0.20468088E-002  0.10619916E-003  0.42836417E-003  0.10025621E-002  0.14561585E-003  0.14201943E-003  0.21777871E-003  0.88397678E-004  0.19764377E-004  0.35933377E-005
  0.94873502E-006  0.17720264E-005  0.29708325E-005  0.32934221E-004  0.62397076E-005  0.11782703E-004  0.62018710E-004  0.51681962E-004  0.23561096E-004  0.10605329E-003  0.35115759E-004  0.12719485E-005  0.23090823E-003  0.43551539E-004  0.44884523E-003  0.26331589E-005  0.20008052E-002  0.28311221E-004  0.91499032E-003  0.86394417E-005  0.13898483E-002  0.63640995E-005  0.36832104E-004  0.17622580E-002  0.77421792E-004  0.32507785E-003  0.10016069E-002  0.11545309E-003  0.12093388E-003  0.21768809E-003  0.82381396E-004  0.20688051E-004  0.37847198E-005
  0.77196905E-006  0.14358808E-005  0.22868127E-005  0.26756511E-004  0.44026253E-005  0.83945855E-005  0.50127086E-004  0.37490644E-004  0.18137442E-004  0.81159731E-004  0.28711683E-004  0.10136577E-005  0.16167284E-003  0.37889820E-004  0.31743036E-003  0.20333869E-005  0.14417824E-002  0.27935499E-004  0.69953683E-003  0.54442237E-005  0.11282254E-002  0.63511246E-005  0.24271878E-004  0.15206639E-002  0.55080081E-004  0.24114503E-003  0.10025777E-002  0.89901044E-004  0.10151581E-003  0.21785679E-003  0.75845902E-004  0.21585442E-004  0.39772724E-005
  0.62846537E-006  0.11648767E-005  0.17913622E-005  0.21758414E-004  0.31067367E-005  0.58948186E-005  0.40587129E-004  0.26659254E-004  0.13768477E-004  0.63291825E-004  0.23227199E-004  0.80790994E-006  0.11321904E-003  0.32763410E-004  0.22133614E-003  0.15928428E-005  0.10188177E-002  0.27378735E-004  0.52761983E-003  0.35569449E-005  0.90688835E-003  0.63490274E-005  0.15465828E-004  0.13080433E-002  0.38238334E-004  0.17475110E-003  0.99858357E-003  0.68700711E-004  0.83958085E-004  0.21808013E-003  0.69009974E-004  0.22430174E-004  0.41702485E-005
  0.51151718E-006  0.94457747E-006  0.14212859E-005  0.17698819E-004  0.22100742E-005  0.40890495E-005  0.32866985E-004  0.18577597E-004  0.10305886E-004  0.50056980E-004  0.18574500E-004  0.64421302E-006  0.79964982E-004  0.28074351E-004  0.15252395E-003  0.12511769E-005  0.70575252E-003  0.26577322E-004  0.39254588E-003  0.24454151E-005  0.72107344E-003  0.63582590E-005  0.95757766E-005  0.11174320E-002  0.25934003E-004  0.12367121E-003  0.99010100E-003  0.51510707E-004  0.68399057E-004  0.21841924E-003  0.62031892E-004  0.23196536E-004  0.43630245E-005
  0.41562895E-006  0.76446202E-006  0.11354630E-005  0.14380488E-004  0.15958837E-005  0.28085497E-005  0.26580503E-004  0.12685899E-004  0.76068337E-005  0.39908798E-004  0.14670638E-004  0.51374004E-006  0.57380202E-004  0.23770009E-004  0.10416702E-003  0.98599447E-006  0.47920978E-003  0.25418548E-004  0.28809666E-003  0.17661192E-005  0.56656378E-003  0.63796827E-005  0.58202124E-005  0.94486197E-003  0.17434326E-004  0.85436202E-004  0.97100840E-003  0.37911988E-004  0.54879355E-004  0.21895090E-003  0.55067887E-004  0.23836192E-004  0.45552579E-005
  0.33646991E-006  0.61629873E-006  0.90844260E-006  0.11649153E-004  0.11740808E-005  0.19052437E-005  0.21428111E-004  0.84916693E-005  0.55374832E-005  0.31896772E-004  0.11435564E-004  0.40917902E-006  0.42005973E-004  0.19827258E-004  0.70266624E-004  0.77699437E-006  0.31905478E-003  0.23810507E-004  0.20860503E-003  0.13186697E-005  0.43951436E-003  0.64145343E-005  0.35234111E-005  0.78823731E-003  0.11337165E-004  0.57606314E-004  0.94339381E-003  0.27378967E-004  0.43359852E-004  0.21977482E-003  0.48251113E-004  0.24310119E-004  0.47475286E-005
  0.27075020E-006  0.49401186E-006  0.72503948E-006  0.93851077E-005  0.88016867E-006  0.12844666E-005  0.17184992E-004  0.55789792E-005  0.39780281E-005  0.25449011E-004  0.87921562E-005  0.32511878E-006  0.31378500E-004  0.16242226E-004  0.47103601E-004  0.61001920E-006  0.20857277E-003  0.21560310E-004  0.14910193E-003  0.10058042E-005  0.33636663E-003  0.64644036E-005  0.21656053E-005  0.64616758E-003  0.71309763E-005  0.38008865E-004  0.88737491E-003  0.19417533E-004  0.33740741E-004  0.22089102E-003  0.41693244E-004  0.24494946E-004  0.49404150E-005
  0.21713008E-006  0.39636120E-006  0.58318539E-006  0.75406350E-005  0.68428399E-006  0.88785632E-006  0.13795664E-004  0.36722949E-005  0.28457297E-005  0.20445185E-004  0.66871050E-005  0.25823222E-006  0.24257788E-004  0.13052179E-004  0.32222200E-004  0.48319637E-006  0.13602848E-003  0.18707570E-004  0.10592579E-003  0.78181732E-006  0.25440173E-003  0.65370528E-005  0.13862304E-005  0.51940633E-003  0.43634362E-005  0.24775281E-004  0.86590566E-003  0.13539725E-004  0.25852905E-004  0.22322572E-003  0.35501196E-004  0.24565573E-004  0.51389268E-005
  0.18033617E-006  0.33741971E-006  0.51064296E-006  0.62258963E-005  0.60833607E-006  0.70829342E-006  0.11679899E-004  0.26565943E-005  0.20916575E-005  0.17796909E-004  0.50675651E-005  0.21195018E-006  0.21417971E-004  0.10277960E-004  0.25450830E-004  0.40305930E-006  0.97594444E-004  0.13993561E-004  0.77380260E-004  0.65528848E-006  0.19166796E-003  0.66127840E-005  0.10105997E-005  0.40184865E-003  0.27076334E-005  0.15905266E-004  0.57160734E-003  0.93791109E-005  0.19559086E-004  0.22585603E-003  0.29722299E-004  0.23171474E-004  0.53454143E-005
  0.13456927E-006  0.24116880E-006  0.34894833E-006  0.46443539E-005  0.38421170E-006  0.39103999E-006  0.83484102E-005  0.13339660E-005  0.13493115E-005  0.12168312E-004  0.36694463E-005  0.15847079E-006  0.13547393E-004  0.80924098E-005  0.14076878E-004  0.28994028E-006  0.49290538E-004  0.11797056E-004  0.49893759E-004  0.45257274E-006  0.13843007E-003  0.66952063E-005  0.62325619E-006  0.31492087E-003  0.15008143E-005  0.93219661E-005  0.46815435E-003  0.62385644E-005  0.14453820E-004  0.22922479E-003  0.24468061E-004  0.21413558E-004  0.55609918E-005
  0.10710529E-006  0.18978172E-006  0.27318781E-006  0.36993026E-005  0.29643171E-006  0.27268930E-006  0.65738061E-005  0.78929632E-006  0.91709640E-006  0.95308908E-005  0.26663283E-005  0.12550468E-006  0.10451620E-004  0.63256876E-005  0.97835002E-005  0.22687474E-006  0.29049975E-004  0.10115635E-004  0.33819534E-004  0.34957656E-006  0.10032685E-003  0.67806434E-005  0.44703162E-006  0.24594264E-003  0.86629113E-006  0.53737429E-005  0.40255807E-003  0.41535930E-005  0.10546897E-004  0.23433100E-003  0.19872292E-004  0.19561418E-004  0.58010691E-005
  0.83896974E-007  0.14665111E-006  0.20996091E-006  0.29047703E-005  0.22543860E-006  0.19212367E-006  0.50916214E-005  0.45856851E-006  0.61078265E-006  0.73421531E-005  0.18991195E-005  0.98374753E-007  0.79657856E-005  0.48416471E-005  0.68903116E-005  0.17546458E-006  0.16820612E-004  0.85225911E-005  0.22485745E-004  0.26781513E-006  0.71351497E-004  0.68341592E-005  0.32837223E-006  0.18844510E-003  0.50852916E-006  0.29849149E-005  0.34295762E-003  0.26950166E-005  0.75864981E-005  0.24138042E-003  0.15912635E-004  0.17680000E-004  0.60821151E-005
  0.63891009E-007  0.10994467E-006  0.15650390E-006  0.22247218E-005  0.16660286E-006  0.13456238E-006  0.38383124E-005  0.26200537E-006  0.39672030E-006  0.55043896E-005  0.13189794E-005  0.75669364E-007  0.59217382E-005  0.36047087E-005  0.48465883E-005  0.13294636E-006  0.95963243E-005  0.69642871E-005  0.14609910E-004  0.20127007E-006  0.49554677E-004  0.67942040E-005  0.24136413E-006  0.14071838E-003  0.30630369E-006  0.15942237E-005  0.28549334E-003  0.17011989E-005  0.53691836E-005  0.25298259E-003  0.12545664E-004  0.15796555E-004  0.64428641E-005
  0.46338395E-007  0.78363134E-007  0.11088484E-006  0.16336276E-005  0.11712724E-006  0.91325599E-007  0.27688113E-005  0.14670459E-006  0.24888688E-006  0.39491211E-005  0.88636299E-006  0.56463756E-007  0.42175282E-005  0.25897424E-005  0.33293527E-005  0.97551137E-007  0.53905021E-005  0.54320136E-005  0.92045825E-005  0.14649751E-006  0.33378841E-004  0.65033053E-005  0.17368487E-006  0.10160870E-003  0.18956311E-006  0.82064211E-006  0.22907487E-003  0.10447176E-005  0.37405488E-005  0.26465470E-003  0.97315217E-005  0.13939339E-004  0.69231888E-005
  0.30710030E-007  0.51008351E-007  0.71780615E-007  0.11149817E-005  0.75297238E-007  0.57495976E-007  0.18535851E-005  0.78875068E-007  0.14762468E-006  0.26309621E-005  0.56863810E-006  0.40261758E-007  0.27913428E-005  0.17762973E-005  0.21560826E-005  0.68276349E-007  0.29397433E-005  0.39401721E-005  0.55272172E-005  0.10214908E-006  0.21552874E-004  0.57584411E-005  0.12058976E-006  0.70202874E-004  0.11906586E-006  0.40875400E-006  0.17344785E-003  0.62367483E-006  0.25746269E-005  0.33120341E-003  0.74238163E-005  0.12152258E-004  0.79365136E-005
  0.16571548E-007  0.27226036E-007  0.38247648E-007  0.60268249E-006  0.40048120E-007  0.30451386E-007  0.99171602E-006  0.38164706E-007  0.78748074E-007  0.14056924E-005  0.33901008E-006  0.26703386E-007  0.14891934E-005  0.11468187E-005  0.11457348E-005  0.44291378E-007  0.14272878E-005  0.25310087E-005  0.29580572E-005  0.65283686E-007  0.12913382E-004  0.30891825E-005  0.74972191E-007  0.45612981E-004  0.71113902E-007  0.19598180E-006  0.11147198E-003  0.35938076E-006  0.17518193E-005  0.17455262E-003  0.56019745E-005  0.10468773E-004  0.84477913E-005
  0.79489175E-008  0.12859706E-007  0.18070696E-007  0.29322070E-006  0.18957739E-007  0.14417999E-007  0.47545259E-006  0.16750084E-007  0.37636856E-007  0.67477376E-006  0.18319665E-006  0.21053817E-007  0.71695221E-006  0.68994247E-006  0.55196982E-006  0.34441430E-007  0.63521277E-006  0.15468820E-005  0.14316063E-005  0.51931235E-007  0.70839533E-005  0.15935919E-005  0.59563470E-007  0.28159266E-004  0.51041792E-007  0.98765987E-007  0.71273614E-004  0.21370949E-006  0.12427406E-005  0.95504469E-004  0.50787320E-005  0.13036432E-004  0.17825872E-004
  0.48665389E-008  0.77623197E-008  0.10954135E-007  0.18213140E-006  0.11715095E-007  0.93643709E-008  0.29147648E-006  0.10990346E-007  0.27657791E-007  0.41581414E-006  0.15878430E-006  0.22904624E-007  0.45055193E-006  0.66369058E-006  0.36425409E-006  0.37354874E-007  0.42357402E-006  0.13921470E-005  0.10731520E-005  0.58015933E-007  0.63503904E-005  0.88415811E-006  0.72296641E-007  0.28598741E-004  0.72411390E-007  0.11643767E-006  0.68899715E-004  0.31414628E-006  0.23182698E-005  0.55213374E-004  0.11878196E-004  0.28632357E-004  0.18345499E-004
