  0.20319412E+002
  0.20325661E+002
  0.20330507E+002
  0.20334328E+002
  0.20337376E+002
  0.20339827E+002
  0.20341805E+002
  0.20343405E+002
  0.20344699E+002
  0.20345743E+002
  0.20346584E+002
  0.20347256E+002
  0.20347789E+002
  0.20348208E+002
  0.20348531E+002
  0.20348775E+002
  0.20348953E+002
  0.20349075E+002
  0.20349151E+002
  0.20349188E+002
  0.20349191E+002
  0.20349167E+002
  0.20349119E+002
  0.20349051E+002
  0.20348966E+002
  0.20348867E+002
  0.20348754E+002
  0.20348632E+002
  0.20348499E+002
  0.20348359E+002
  0.20348212E+002
  0.20348058E+002
  0.20347898E+002
  0.20347734E+002
  0.20347565E+002
  0.20347391E+002
  0.20347214E+002
  0.20347032E+002
  0.20346848E+002
  0.20346659E+002
  0.20346468E+002
  0.20346274E+002
  0.20346076E+002
  0.20345876E+002
  0.20345674E+002
  0.20345469E+002
  0.20345262E+002
  0.20345053E+002
  0.20344842E+002
  0.20344629E+002
  0.20344416E+002
  0.20344201E+002
  0.20343985E+002
  0.20343768E+002
  0.20343551E+002
  0.20343334E+002
  0.20343116E+002
  0.20342899E+002
  0.20342683E+002
  0.20342467E+002
  0.20342253E+002
  0.20342039E+002
  0.20341827E+002
  0.20341616E+002
  0.20341406E+002
  0.20341199E+002
  0.20340993E+002
  0.20340790E+002
  0.20340588E+002
  0.20340388E+002
  0.20340191E+002
  0.20339996E+002
  0.20339804E+002
  0.20339613E+002
  0.20339426E+002
  0.20339240E+002
  0.20339057E+002
  0.20338876E+002
  0.20338698E+002
  0.20338522E+002
  0.20338349E+002
  0.20338178E+002
  0.20338009E+002
  0.20337842E+002
  0.20337677E+002
  0.20337514E+002
  0.20337353E+002
  0.20337193E+002
  0.20337036E+002
  0.20336879E+002
  0.20336724E+002
  0.20336570E+002
  0.20336418E+002
  0.20336266E+002
  0.20336115E+002
  0.20335965E+002
  0.20335815E+002
  0.20335665E+002
  0.20335516E+002
  0.20335367E+002
  0.20335217E+002
  0.20335068E+002
  0.20334918E+002
  0.20334768E+002
  0.20334617E+002
  0.20334466E+002
  0.20334313E+002
  0.20334160E+002
  0.20334006E+002
  0.20333851E+002
  0.20333695E+002
  0.20333538E+002
  0.20333379E+002
  0.20333219E+002
  0.20333059E+002
  0.20332896E+002
  0.20332733E+002
  0.20332568E+002
  0.20332402E+002
  0.20332235E+002
  0.20332066E+002
  0.20331897E+002
  0.20331726E+002
  0.20331554E+002
  0.20331382E+002
  0.20331208E+002
  0.20331034E+002
  0.20330859E+002
  0.20330683E+002
  0.20330507E+002
  0.20330331E+002
  0.20330154E+002
  0.20329977E+002
  0.20329800E+002
  0.20329624E+002
  0.20329447E+002
  0.20329271E+002
  0.20329095E+002
  0.20328920E+002
  0.20328746E+002
  0.20328572E+002
  0.20328400E+002
  0.20328228E+002
  0.20328058E+002
  0.20327889E+002
  0.20327722E+002
  0.20327556E+002
  0.20327392E+002
  0.20327229E+002
  0.20327068E+002
  0.20326910E+002
  0.20326753E+002
  0.20326598E+002
  0.20326445E+002
  0.20326295E+002
  0.20326146E+002
  0.20326000E+002
  0.20325857E+002
  0.20325715E+002
  0.20325576E+002
  0.20325439E+002
  0.20325305E+002
  0.20325173E+002
  0.20325044E+002
  0.20324917E+002
  0.20324792E+002
  0.20324669E+002
  0.20324549E+002
  0.20324432E+002
  0.20324316E+002
  0.20324203E+002
  0.20324092E+002
  0.20323983E+002
  0.20323876E+002
  0.20323771E+002
  0.20323669E+002
  0.20323568E+002
  0.20323469E+002
  0.20323371E+002
  0.20323276E+002
  0.20323181E+002
  0.20323089E+002
  0.20322997E+002
  0.20322907E+002
  0.20322818E+002
  0.20322729E+002
  0.20322642E+002
  0.20322554E+002
  0.20322468E+002
  0.20322381E+002
  0.20322294E+002
  0.20322207E+002
  0.20322119E+002
  0.20322030E+002
  0.20321940E+002
  0.20321848E+002
  0.20321754E+002
  0.20321657E+002
  0.20321549E+002
  0.20321436E+002
