  0.12021683E+001  0.75104961E+000  0.54400820E+001  0.73884358E+002
  0.12423250E+001  0.77849417E+000  0.54010124E+001  0.73880821E+002
  0.12436748E+001  0.78277446E+000  0.53992809E+001  0.73896305E+002
  0.12454627E+001  0.79585174E+000  0.54012725E+001  0.73894733E+002
  0.12476811E+001  0.79604967E+000  0.54102586E+001  0.73895526E+002
  0.12489065E+001  0.79538122E+000  0.54198420E+001  0.73895187E+002
  0.12489679E+001  0.80222571E+000  0.54196423E+001  0.73896394E+002
  0.12493458E+001  0.80438602E+000  0.54232344E+001  0.73896663E+002
  0.12520020E+001  0.80190997E+000  0.54254295E+001  0.73899464E+002
  0.12520164E+001  0.80207117E+000  0.54300522E+001  0.73898843E+002
  0.12529668E+001  0.80141871E+000  0.54316735E+001  0.73900284E+002
  0.12542311E+001  0.80053732E+000  0.54315382E+001  0.73902726E+002
  0.12543064E+001  0.80068723E+000  0.54325334E+001  0.73903639E+002
  0.12543152E+001  0.80089707E+000  0.54323343E+001  0.73905295E+002
  0.12543152E+001  0.80219427E+000  0.54687370E+001  0.73868888E+002
  0.12543138E+001  0.80219896E+000  0.54783041E+001  0.73860294E+002
  0.12543112E+001  0.80220337E+000  0.54822350E+001  0.73857072E+002
  0.12543076E+001  0.80221062E+000  0.54824181E+001  0.73857374E+002
  0.12543132E+001  0.80220405E+000  0.54825343E+001  0.73857562E+002
  0.12543087E+001  0.80220634E+000  0.54826217E+001  0.73857624E+002
  0.12543459E+001  0.80216577E+000  0.54826941E+001  0.73857569E+002
  0.12543406E+001  0.80216665E+000  0.54827538E+001  0.73857417E+002
  0.12543351E+001  0.80219560E+000  0.54827743E+001  0.73857181E+002
  0.12543371E+001  0.80218775E+000  0.54828143E+001  0.73856875E+002
  0.12543310E+001  0.80218724E+000  0.54828468E+001  0.73856509E+002
  0.12543876E+001  0.80212355E+000  0.54828729E+001  0.73856091E+002
  0.12543879E+001  0.80211570E+000  0.54828935E+001  0.73855630E+002
  0.12543812E+001  0.80211433E+000  0.54829097E+001  0.73855130E+002
  0.12544006E+001  0.80208647E+000  0.54829221E+001  0.73854598E+002
  0.12543936E+001  0.80208469E+000  0.54829313E+001  0.73854036E+002
  0.12543864E+001  0.80208274E+000  0.54829379E+001  0.73853449E+002
  0.12543790E+001  0.80208062E+000  0.54829422E+001  0.73852839E+002
  0.12543715E+001  0.80207837E+000  0.54829448E+001  0.73852208E+002
  0.12543638E+001  0.80207597E+000  0.54829458E+001  0.73851559E+002
  0.12543560E+001  0.80207345E+000  0.54829455E+001  0.73850893E+002
  0.12543481E+001  0.80207081E+000  0.54829441E+001  0.73850211E+002
  0.12543400E+001  0.80206806E+000  0.54829418E+001  0.73849514E+002
  0.12543318E+001  0.80206522E+000  0.54829387E+001  0.73848803E+002
  0.12543234E+001  0.80206229E+000  0.54829350E+001  0.73848079E+002
  0.12543149E+001  0.80205927E+000  0.54829307E+001  0.73847342E+002
  0.12543063E+001  0.80205615E+000  0.54829260E+001  0.73846593E+002
  0.12542976E+001  0.80205295E+000  0.54829207E+001  0.73845832E+002
  0.12542887E+001  0.80204966E+000  0.54829151E+001  0.73845061E+002
  0.12542798E+001  0.80204630E+000  0.54829092E+001  0.73844280E+002
  0.12542708E+001  0.80204285E+000  0.54829029E+001  0.73843488E+002
  0.12542617E+001  0.80203934E+000  0.54828932E+001  0.73842691E+002
  0.12542525E+001  0.80203576E+000  0.54828817E+001  0.73841887E+002
  0.12542433E+001  0.80203211E+000  0.54828698E+001  0.73841075E+002
  0.12542077E+001  0.80205468E+000  0.54828577E+001  0.73840257E+002
  0.12541984E+001  0.80205092E+000  0.54828452E+001  0.73839432E+002
  0.12541891E+001  0.80204712E+000  0.54828324E+001  0.73838603E+002
  0.12541798E+001  0.80204326E+000  0.54828194E+001  0.73837769E+002
  0.12541704E+001  0.80203938E+000  0.54828061E+001  0.73836931E+002
  0.12541612E+001  0.80203546E+000  0.54827926E+001  0.73836091E+002
  0.12541520E+001  0.80203152E+000  0.54827788E+001  0.73835250E+002
  0.12541361E+001  0.80203430E+000  0.54827648E+001  0.73834408E+002
  0.12541270E+001  0.80203033E+000  0.54827506E+001  0.73833567E+002
  0.12540554E+001  0.80208907E+000  0.54827362E+001  0.73832726E+002
  0.12540466E+001  0.80208510E+000  0.54827216E+001  0.73831888E+002
  0.12540379E+001  0.80208115E+000  0.54827069E+001  0.73831053E+002
  0.12540294E+001  0.80207722E+000  0.54826919E+001  0.73830221E+002
  0.12540211E+001  0.80207332E+000  0.54826768E+001  0.73829394E+002
  0.12540130E+001  0.80206946E+000  0.54826615E+001  0.73828572E+002
  0.12540051E+001  0.80206564E+000  0.54826460E+001  0.73827755E+002
  0.12539975E+001  0.80206186E+000  0.54826304E+001  0.73826945E+002
  0.12539900E+001  0.80205815E+000  0.54826147E+001  0.73826142E+002
  0.12539829E+001  0.80205450E+000  0.54825988E+001  0.73825346E+002
  0.12539760E+001  0.80205091E+000  0.54825828E+001  0.73824558E+002
  0.12539694E+001  0.80204740E+000  0.54825667E+001  0.73823777E+002
  0.12539631E+001  0.80204396E+000  0.54825505E+001  0.73823005E+002
  0.12539571E+001  0.80204060E+000  0.54825343E+001  0.73822242E+002
  0.12539515E+001  0.80203732E+000  0.54825180E+001  0.73821487E+002
  0.12539461E+001  0.80203412E+000  0.54825016E+001  0.73820742E+002
  0.12539410E+001  0.80203100E+000  0.54824852E+001  0.73820005E+002
  0.12539363E+001  0.80202796E+000  0.54824689E+001  0.73819278E+002
  0.12539319E+001  0.80202500E+000  0.54824526E+001  0.73818560E+002
  0.12539277E+001  0.80202213E+000  0.54824364E+001  0.73817851E+002
  0.12539240E+001  0.80201933E+000  0.54824203E+001  0.73817151E+002
  0.12539205E+001  0.80201660E+000  0.54824044E+001  0.73816461E+002
  0.12539173E+001  0.80201395E+000  0.54823886E+001  0.73815779E+002
  0.12539144E+001  0.80201138E+000  0.54823730E+001  0.73815106E+002
  0.12539118E+001  0.80200887E+000  0.54823577E+001  0.73814441E+002
  0.12539095E+001  0.80200644E+000  0.54823427E+001  0.73813785E+002
  0.12539075E+001  0.80200407E+000  0.54823279E+001  0.73813136E+002
  0.12539058E+001  0.80200177E+000  0.54823134E+001  0.73812495E+002
  0.12539043E+001  0.80199954E+000  0.54822993E+001  0.73811861E+002
  0.12539030E+001  0.80199738E+000  0.54822856E+001  0.73811234E+002
  0.12539020E+001  0.80199529E+000  0.54822723E+001  0.73810613E+002
  0.12539012E+001  0.80199327E+000  0.54822593E+001  0.73809998E+002
  0.12539006E+001  0.80199131E+000  0.54822468E+001  0.73809387E+002
  0.12539002E+001  0.80198943E+000  0.54822347E+001  0.73808782E+002
  0.12539000E+001  0.80198763E+000  0.54822231E+001  0.73808180E+002
  0.12539000E+001  0.80198589E+000  0.54822119E+001  0.73807582E+002
  0.12539001E+001  0.80198423E+000  0.54822012E+001  0.73806987E+002
  0.12539004E+001  0.80198265E+000  0.54821909E+001  0.73806395E+002
  0.12539008E+001  0.80198115E+000  0.54821811E+001  0.73805804E+002
  0.12539014E+001  0.80197972E+000  0.54821718E+001  0.73805215E+002
  0.12539020E+001  0.80197837E+000  0.54821630E+001  0.73804627E+002
  0.12539028E+001  0.80197711E+000  0.54821546E+001  0.73804038E+002
  0.12539036E+001  0.80197592E+000  0.54821467E+001  0.73803450E+002
  0.12539046E+001  0.80197482E+000  0.54821393E+001  0.73802860E+002
  0.12539056E+001  0.80197379E+000  0.54821323E+001  0.73802269E+002
  0.12539066E+001  0.80197285E+000  0.54821257E+001  0.73801676E+002
  0.12539077E+001  0.80197199E+000  0.54821195E+001  0.73801081E+002
  0.12539088E+001  0.80197121E+000  0.54821138E+001  0.73800483E+002
  0.12539100E+001  0.80197051E+000  0.54821084E+001  0.73799882E+002
  0.12539112E+001  0.80196989E+000  0.54821034E+001  0.73799278E+002
  0.12539123E+001  0.80196934E+000  0.54820988E+001  0.73798670E+002
  0.12539135E+001  0.80196887E+000  0.54820945E+001  0.73798057E+002
  0.12539147E+001  0.80196848E+000  0.54820905E+001  0.73797440E+002
  0.12539159E+001  0.80196815E+000  0.54820868E+001  0.73796818E+002
  0.12539170E+001  0.80196790E+000  0.54820833E+001  0.73796192E+002
  0.12539182E+001  0.80196772E+000  0.54820801E+001  0.73795560E+002
  0.12539193E+001  0.80196761E+000  0.54820772E+001  0.73794923E+002
  0.12539204E+001  0.80196756E+000  0.54820744E+001  0.73794281E+002
  0.12539214E+001  0.80196757E+000  0.54820719E+001  0.73793633E+002
  0.12539224E+001  0.80196764E+000  0.54820696E+001  0.73792981E+002
  0.12539234E+001  0.80196777E+000  0.54820674E+001  0.73792323E+002
  0.12539244E+001  0.80196795E+000  0.54820654E+001  0.73791660E+002
  0.12539253E+001  0.80196819E+000  0.54820635E+001  0.73790991E+002
  0.12539262E+001  0.80196847E+000  0.54820618E+001  0.73790318E+002
  0.12539271E+001  0.80196880E+000  0.54820602E+001  0.73789640E+002
  0.12539279E+001  0.80196918E+000  0.54820587E+001  0.73788958E+002
  0.12539287E+001  0.80196960E+000  0.54820574E+001  0.73788271E+002
  0.12539295E+001  0.80197005E+000  0.54820562E+001  0.73787581E+002
  0.12539303E+001  0.80197054E+000  0.54820551E+001  0.73786886E+002
  0.12539310E+001  0.80197106E+000  0.54820541E+001  0.73786189E+002
  0.12539318E+001  0.80197161E+000  0.54820533E+001  0.73785488E+002
  0.12539325E+001  0.80197220E+000  0.54820526E+001  0.73784785E+002
  0.12539332E+001  0.80197280E+000  0.54820521E+001  0.73784080E+002
  0.12539340E+001  0.80197343E+000  0.54820517E+001  0.73783373E+002
  0.12539347E+001  0.80197408E+000  0.54820514E+001  0.73782665E+002
  0.12539355E+001  0.80197475E+000  0.54820514E+001  0.73781957E+002
  0.12539363E+001  0.80197544E+000  0.54820515E+001  0.73781247E+002
  0.12539370E+001  0.80197615E+000  0.54820518E+001  0.73780538E+002
  0.12539379E+001  0.80197687E+000  0.54820523E+001  0.73779830E+002
  0.12539387E+001  0.80197760E+000  0.54820530E+001  0.73779123E+002
  0.12539396E+001  0.80197834E+000  0.54820539E+001  0.73778418E+002
  0.12539405E+001  0.80197910E+000  0.54820550E+001  0.73777715E+002
  0.12539414E+001  0.80197986E+000  0.54820564E+001  0.73777014E+002
  0.12539424E+001  0.80198064E+000  0.54820580E+001  0.73776317E+002
  0.12539434E+001  0.80198142E+000  0.54820598E+001  0.73775623E+002
  0.12539445E+001  0.80198221E+000  0.54820618E+001  0.73774934E+002
  0.12539456E+001  0.80198301E+000  0.54820641E+001  0.73774249E+002
  0.12539467E+001  0.80198382E+000  0.54820666E+001  0.73773569E+002
  0.12539478E+001  0.80198463E+000  0.54820694E+001  0.73772894E+002
  0.12539490E+001  0.80198545E+000  0.54820724E+001  0.73772226E+002
  0.12539503E+001  0.80198627E+000  0.54820756E+001  0.73771564E+002
  0.12539515E+001  0.80198710E+000  0.54820790E+001  0.73770908E+002
  0.12539528E+001  0.80198792E+000  0.54820826E+001  0.73770259E+002
  0.12539541E+001  0.80198876E+000  0.54820864E+001  0.73769618E+002
  0.12539554E+001  0.80198959E+000  0.54820905E+001  0.73768985E+002
  0.12539568E+001  0.80199042E+000  0.54820947E+001  0.73768359E+002
  0.12539582E+001  0.80199125E+000  0.54820990E+001  0.73767742E+002
  0.12539595E+001  0.80199208E+000  0.54821035E+001  0.73767133E+002
  0.12539609E+001  0.80199290E+000  0.54821082E+001  0.73766533E+002
  0.12539623E+001  0.80199372E+000  0.54821129E+001  0.73765942E+002
  0.12539636E+001  0.80199452E+000  0.54821177E+001  0.73765360E+002
  0.12539650E+001  0.80199532E+000  0.54821227E+001  0.73764787E+002
  0.12539663E+001  0.80199610E+000  0.54821276E+001  0.73764224E+002
  0.12539677E+001  0.80199686E+000  0.54821326E+001  0.73763670E+002
  0.12539690E+001  0.80199760E+000  0.54821376E+001  0.73763125E+002
  0.12539702E+001  0.80199832E+000  0.54821426E+001  0.73762591E+002
  0.12539714E+001  0.80199901E+000  0.54821476E+001  0.73762066E+002
  0.12539726E+001  0.80199968E+000  0.54821525E+001  0.73761550E+002
  0.12539738E+001  0.80200030E+000  0.54821573E+001  0.73761045E+002
  0.12539748E+001  0.80200089E+000  0.54821620E+001  0.73760549E+002
  0.12539758E+001  0.80200144E+000  0.54821665E+001  0.73760062E+002
  0.12539768E+001  0.80200194E+000  0.54821709E+001  0.73759586E+002
  0.12539777E+001  0.80200239E+000  0.54821751E+001  0.73759118E+002
  0.12539784E+001  0.80200278E+000  0.54821791E+001  0.73758660E+002
  0.12539791E+001  0.80200311E+000  0.54821828E+001  0.73758211E+002
  0.12539798E+001  0.80200338E+000  0.54821862E+001  0.73757772E+002
  0.12539803E+001  0.80200357E+000  0.54821893E+001  0.73757341E+002
  0.12539807E+001  0.80200370E+000  0.54821920E+001  0.73756918E+002
  0.12539810E+001  0.80200374E+000  0.54821944E+001  0.73756505E+002
  0.12539811E+001  0.80200369E+000  0.54821963E+001  0.73756099E+002
  0.12539812E+001  0.80200356E+000  0.54821978E+001  0.73755701E+002
  0.12539811E+001  0.80200332E+000  0.54821988E+001  0.73755311E+002
  0.12539808E+001  0.80200299E+000  0.54821992E+001  0.73754929E+002
  0.12539804E+001  0.80200254E+000  0.54821990E+001  0.73754553E+002
  0.12539799E+001  0.80200199E+000  0.54821982E+001  0.73754184E+002
  0.12539792E+001  0.80200131E+000  0.54821968E+001  0.73753821E+002
  0.12539782E+001  0.80200051E+000  0.54821945E+001  0.73753463E+002
  0.12539771E+001  0.80199957E+000  0.54821916E+001  0.73753111E+002
  0.12539758E+001  0.80199850E+000  0.54821878E+001  0.73752764E+002
  0.12539743E+001  0.80199727E+000  0.54821831E+001  0.73752420E+002
  0.12539725E+001  0.80199590E+000  0.54821775E+001  0.73752081E+002
  0.12539705E+001  0.80199437E+000  0.54821710E+001  0.73751743E+002
  0.12539683E+001  0.80199267E+000  0.54821634E+001  0.73751408E+002
  0.12539658E+001  0.80199079E+000  0.54821548E+001  0.73751074E+002
  0.12539630E+001  0.80198873E+000  0.54821452E+001  0.73750740E+002
  0.12539600E+001  0.80198646E+000  0.54821346E+001  0.73750404E+002
  0.12539566E+001  0.80198396E+000  0.54821229E+001  0.73750067E+002
  0.12539529E+001  0.80198120E+000  0.54821102E+001  0.73749725E+002
  0.12539488E+001  0.80197814E+000  0.54820967E+001  0.73749378E+002
  0.12539443E+001  0.80197457E+000  0.54820823E+001  0.73749024E+002
  0.12539393E+001  0.80197046E+000  0.54820674E+001  0.73748659E+002
  0.12539335E+001  0.80196432E+000  0.54820485E+001  0.73748260E+002
  0.12539275E+001  0.80195755E+000  0.54820237E+001  0.73747844E+002
