  0.68996568E-001
  0.69138126E-001
  0.69215084E-001
  0.69260563E-001
  0.69288835E-001
  0.69306955E-001
  0.69318750E-001
  0.69326434E-001
  0.69331353E-001
  0.69334363E-001
  0.69336029E-001
  0.69336723E-001
  0.69336712E-001
  0.69336186E-001
  0.69335287E-001
  0.69334118E-001
  0.69332757E-001
  0.69331260E-001
  0.69329672E-001
  0.69328026E-001
  0.69326348E-001
  0.69324657E-001
  0.69322970E-001
  0.69321296E-001
  0.69319645E-001
  0.69318022E-001
  0.69316432E-001
  0.69314877E-001
  0.69313359E-001
  0.69311877E-001
  0.69310432E-001
  0.69309020E-001
  0.69307641E-001
  0.69306292E-001
  0.69304971E-001
  0.69303675E-001
  0.69302401E-001
  0.69301147E-001
  0.69299909E-001
  0.69298686E-001
  0.69297474E-001
  0.69296271E-001
  0.69295075E-001
  0.69293885E-001
  0.69292698E-001
  0.69291515E-001
  0.69290333E-001
  0.69289153E-001
  0.69287975E-001
  0.69286797E-001
  0.69285621E-001
  0.69284446E-001
  0.69283275E-001
  0.69282106E-001
  0.69280942E-001
  0.69279783E-001
  0.69278631E-001
  0.69277485E-001
  0.69276349E-001
  0.69275221E-001
  0.69274105E-001
  0.69273000E-001
  0.69271908E-001
  0.69270829E-001
  0.69269764E-001
  0.69268714E-001
  0.69267680E-001
  0.69266662E-001
  0.69265660E-001
  0.69264676E-001
  0.69263708E-001
  0.69262758E-001
  0.69261826E-001
  0.69260912E-001
  0.69260015E-001
  0.69259137E-001
  0.69258276E-001
  0.69257433E-001
  0.69256607E-001
  0.69255799E-001
  0.69255008E-001
  0.69254233E-001
  0.69253474E-001
  0.69252731E-001
  0.69252003E-001
  0.69251289E-001
  0.69250589E-001
  0.69249903E-001
  0.69249230E-001
  0.69248568E-001
  0.69247918E-001
  0.69247278E-001
  0.69246648E-001
  0.69246028E-001
  0.69245416E-001
  0.69244811E-001
  0.69244214E-001
  0.69243622E-001
  0.69243036E-001
  0.69242455E-001
  0.69241878E-001
  0.69241303E-001
  0.69240732E-001
  0.69240162E-001
  0.69239593E-001
  0.69239025E-001
  0.69238457E-001
  0.69237888E-001
  0.69237318E-001
  0.69236746E-001
  0.69236172E-001
  0.69235596E-001
  0.69235017E-001
  0.69234435E-001
  0.69233850E-001
  0.69233261E-001
  0.69232668E-001
  0.69232071E-001
  0.69231470E-001
  0.69230865E-001
  0.69230255E-001
  0.69229642E-001
  0.69229025E-001
  0.69228403E-001
  0.69227778E-001
  0.69227149E-001
  0.69226517E-001
  0.69225881E-001
  0.69225243E-001
  0.69224601E-001
  0.69223958E-001
  0.69223312E-001
  0.69222665E-001
  0.69222016E-001
  0.69221366E-001
  0.69220716E-001
  0.69220066E-001
  0.69219416E-001
  0.69218766E-001
  0.69218118E-001
  0.69217471E-001
  0.69216826E-001
  0.69216184E-001
  0.69215544E-001
  0.69214908E-001
  0.69214275E-001
  0.69213645E-001
  0.69213020E-001
  0.69212400E-001
  0.69211785E-001
  0.69211175E-001
  0.69210570E-001
  0.69209972E-001
  0.69209380E-001
  0.69208794E-001
  0.69208214E-001
  0.69207642E-001
  0.69207076E-001
  0.69206518E-001
  0.69205967E-001
  0.69205424E-001
  0.69204889E-001
  0.69204361E-001
  0.69203841E-001
  0.69203329E-001
  0.69202825E-001
  0.69202329E-001
  0.69201841E-001
  0.69201361E-001
  0.69200889E-001
  0.69200425E-001
  0.69199970E-001
  0.69199522E-001
  0.69199082E-001
  0.69198651E-001
  0.69198227E-001
  0.69197811E-001
  0.69197402E-001
  0.69197002E-001
  0.69196609E-001
  0.69196224E-001
  0.69195847E-001
  0.69195478E-001
  0.69195117E-001
  0.69194764E-001
  0.69194420E-001
  0.69194085E-001
  0.69193759E-001
  0.69193444E-001
  0.69193139E-001
  0.69192846E-001
  0.69192566E-001
  0.69192299E-001
  0.69192047E-001
  0.69191809E-001
  0.69191595E-001
  0.69191398E-001
  0.69191206E-001
  0.69190924E-001
  0.69189574E-001
