 -0.17162812E+000  0.12896463E+000  0.18736487E+001  0.46469403E+001
 -0.17162446E+000  0.12896950E+000  0.18739771E+001  0.46460261E+001
 -0.17162139E+000  0.12897346E+000  0.18742348E+001  0.46454544E+001
 -0.17161881E+000  0.12897669E+000  0.18744401E+001  0.46450869E+001
 -0.17161664E+000  0.12897936E+000  0.18746057E+001  0.46448488E+001
 -0.17161483E+000  0.12898161E+000  0.18747403E+001  0.46446964E+001
 -0.17161333E+000  0.12898353E+000  0.18748502E+001  0.46446023E+001
 -0.17161208E+000  0.12898517E+000  0.18749403E+001  0.46445492E+001
 -0.17161104E+000  0.12898660E+000  0.18750142E+001  0.46445249E+001
 -0.17161017E+000  0.12898783E+000  0.18750748E+001  0.46445213E+001
 -0.17160944E+000  0.12898891E+000  0.18751243E+001  0.46445324E+001
 -0.17160883E+000  0.12898986E+000  0.18751647E+001  0.46445538E+001
 -0.17160833E+000  0.12899070E+000  0.18751975E+001  0.46445824E+001
 -0.17160790E+000  0.12899144E+000  0.18752240E+001  0.46446158E+001
 -0.17160755E+000  0.12899211E+000  0.18752451E+001  0.46446520E+001
 -0.17160726E+000  0.12899270E+000  0.18752617E+001  0.46446899E+001
 -0.17160702E+000  0.12899324E+000  0.18752745E+001  0.46447284E+001
 -0.17160682E+000  0.12899372E+000  0.18752841E+001  0.46447667E+001
 -0.17160665E+000  0.12899417E+000  0.18752909E+001  0.46448042E+001
 -0.17160652E+000  0.12899458E+000  0.18752955E+001  0.46448405E+001
 -0.17160641E+000  0.12899495E+000  0.18752980E+001  0.46448753E+001
 -0.17160633E+000  0.12899530E+000  0.18752987E+001  0.46449083E+001
 -0.17160626E+000  0.12899563E+000  0.18752980E+001  0.46449395E+001
 -0.17160622E+000  0.12899593E+000  0.18752960E+001  0.46449687E+001
 -0.17160618E+000  0.12899622E+000  0.18752928E+001  0.46449959E+001
 -0.17160617E+000  0.12899649E+000  0.18752887E+001  0.46450210E+001
 -0.17160616E+000  0.12899675E+000  0.18752836E+001  0.46450441E+001
 -0.17160617E+000  0.12899700E+000  0.18752778E+001  0.46450651E+001
 -0.17160618E+000  0.12899723E+000  0.18752713E+001  0.46450842E+001
 -0.17160620E+000  0.12899746E+000  0.18752641E+001  0.46451014E+001
 -0.17160624E+000  0.12899767E+000  0.18752563E+001  0.46451168E+001
 -0.17160627E+000  0.12899788E+000  0.18752481E+001  0.46451305E+001
 -0.17160632E+000  0.12899808E+000  0.18752393E+001  0.46451426E+001
 -0.17160638E+000  0.12899827E+000  0.18752300E+001  0.46451531E+001
 -0.17160644E+000  0.12899846E+000  0.18752203E+001  0.46451622E+001
 -0.17160651E+000  0.12899863E+000  0.18752102E+001  0.46451700E+001
 -0.17160658E+000  0.12899880E+000  0.18751996E+001  0.46451766E+001
 -0.17160667E+000  0.12899896E+000  0.18751887E+001  0.46451821E+001
 -0.17160676E+000  0.12899911E+000  0.18751774E+001  0.46451867E+001
 -0.17160686E+000  0.12899926E+000  0.18751658E+001  0.46451904E+001
 -0.17160696E+000  0.12899939E+000  0.18751538E+001  0.46451933E+001
 -0.17160707E+000  0.12899952E+000  0.18751415E+001  0.46451957E+001
 -0.17160719E+000  0.12899964E+000  0.18751288E+001  0.46451975E+001
 -0.17160732E+000  0.12899976E+000  0.18751159E+001  0.46451989E+001
 -0.17160746E+000  0.12899986E+000  0.18751026E+001  0.46452000E+001
 -0.17160760E+000  0.12899995E+000  0.18750890E+001  0.46452010E+001
 -0.17160775E+000  0.12900004E+000  0.18750752E+001  0.46452018E+001
 -0.17160791E+000  0.12900011E+000  0.18750611E+001  0.46452026E+001
 -0.17160808E+000  0.12900018E+000  0.18750467E+001  0.46452036E+001
 -0.17160826E+000  0.12900023E+000  0.18750321E+001  0.46452048E+001
 -0.17160845E+000  0.12900028E+000  0.18750172E+001  0.46452063E+001
 -0.17160865E+000  0.12900031E+000  0.18750021E+001  0.46452081E+001
 -0.17160885E+000  0.12900032E+000  0.18749868E+001  0.46452105E+001
 -0.17160906E+000  0.12900032E+000  0.18749713E+001  0.46452135E+001
 -0.17160929E+000  0.12900031E+000  0.18749555E+001  0.46452171E+001
 -0.17160952E+000  0.12900027E+000  0.18749396E+001  0.46452215E+001
 -0.17160976E+000  0.12900022E+000  0.18749235E+001  0.46452267E+001
 -0.17161000E+000  0.12900015E+000  0.18749073E+001  0.46452329E+001
 -0.17161026E+000  0.12900005E+000  0.18748908E+001  0.46452400E+001
 -0.17161052E+000  0.12899993E+000  0.18748742E+001  0.46452481E+001
 -0.17161080E+000  0.12899978E+000  0.18748575E+001  0.46452574E+001
 -0.17161108E+000  0.12899960E+000  0.18748406E+001  0.46452677E+001
 -0.17161136E+000  0.12899939E+000  0.18748236E+001  0.46452793E+001
 -0.17161165E+000  0.12899914E+000  0.18748064E+001  0.46452920E+001
 -0.17161195E+000  0.12899887E+000  0.18747892E+001  0.46453059E+001
 -0.17161226E+000  0.12899855E+000  0.18747717E+001  0.46453210E+001
 -0.17161257E+000  0.12899820E+000  0.18747542E+001  0.46453373E+001
 -0.17161289E+000  0.12899782E+000  0.18747365E+001  0.46453547E+001
 -0.17161321E+000  0.12899739E+000  0.18747188E+001  0.46453732E+001
 -0.17161353E+000  0.12899693E+000  0.18747008E+001  0.46453926E+001
 -0.17161386E+000  0.12899644E+000  0.18746828E+001  0.46454130E+001
 -0.17161419E+000  0.12899591E+000  0.18746647E+001  0.46454343E+001
 -0.17161452E+000  0.12899534E+000  0.18746465E+001  0.46454563E+001
 -0.17161485E+000  0.12899475E+000  0.18746281E+001  0.46454789E+001
 -0.17161518E+000  0.12899413E+000  0.18746097E+001  0.46455020E+001
 -0.17161551E+000  0.12899348E+000  0.18745912E+001  0.46455256E+001
 -0.17161585E+000  0.12899281E+000  0.18745726E+001  0.46455494E+001
 -0.17161618E+000  0.12899212E+000  0.18745539E+001  0.46455733E+001
 -0.17161650E+000  0.12899141E+000  0.18745352E+001  0.46455973E+001
 -0.17161683E+000  0.12899069E+000  0.18745165E+001  0.46456212E+001
 -0.17161715E+000  0.12898996E+000  0.18744978E+001  0.46456448E+001
 -0.17161747E+000  0.12898923E+000  0.18744790E+001  0.46456682E+001
 -0.17161778E+000  0.12898849E+000  0.18744604E+001  0.46456912E+001
 -0.17161809E+000  0.12898775E+000  0.18744418E+001  0.46457136E+001
 -0.17161839E+000  0.12898701E+000  0.18744233E+001  0.46457355E+001
 -0.17161868E+000  0.12898628E+000  0.18744049E+001  0.46457568E+001
 -0.17161897E+000  0.12898556E+000  0.18743867E+001  0.46457775E+001
 -0.17161926E+000  0.12898484E+000  0.18743686E+001  0.46457974E+001
 -0.17161954E+000  0.12898413E+000  0.18743508E+001  0.46458167E+001
 -0.17161981E+000  0.12898344E+000  0.18743332E+001  0.46458352E+001
 -0.17162007E+000  0.12898276E+000  0.18743159E+001  0.46458530E+001
 -0.17162033E+000  0.12898209E+000  0.18742989E+001  0.46458701E+001
 -0.17162058E+000  0.12898143E+000  0.18742821E+001  0.46458866E+001
 -0.17162082E+000  0.12898079E+000  0.18742657E+001  0.46459025E+001
 -0.17162105E+000  0.12898016E+000  0.18742497E+001  0.46459178E+001
 -0.17162128E+000  0.12897955E+000  0.18742340E+001  0.46459326E+001
 -0.17162150E+000  0.12897895E+000  0.18742186E+001  0.46459469E+001
 -0.17162172E+000  0.12897836E+000  0.18742037E+001  0.46459608E+001
 -0.17162192E+000  0.12897779E+000  0.18741891E+001  0.46459744E+001
 -0.17162212E+000  0.12897724E+000  0.18741748E+001  0.46459877E+001
 -0.17162231E+000  0.12897669E+000  0.18741609E+001  0.46460008E+001
 -0.17162250E+000  0.12897617E+000  0.18741474E+001  0.46460137E+001
 -0.17162268E+000  0.12897565E+000  0.18741342E+001  0.46460265E+001
 -0.17162285E+000  0.12897515E+000  0.18741213E+001  0.46460393E+001
 -0.17162302E+000  0.12897466E+000  0.18741087E+001  0.46460520E+001
 -0.17162318E+000  0.12897418E+000  0.18740964E+001  0.46460648E+001
 -0.17162333E+000  0.12897372E+000  0.18740844E+001  0.46460776E+001
 -0.17162348E+000  0.12897327E+000  0.18740726E+001  0.46460906E+001
 -0.17162362E+000  0.12897283E+000  0.18740611E+001  0.46461036E+001
 -0.17162375E+000  0.12897241E+000  0.18740497E+001  0.46461167E+001
 -0.17162388E+000  0.12897200E+000  0.18740386E+001  0.46461300E+001
 -0.17162401E+000  0.12897160E+000  0.18740276E+001  0.46461435E+001
 -0.17162412E+000  0.12897122E+000  0.18740167E+001  0.46461571E+001
 -0.17162424E+000  0.12897085E+000  0.18740060E+001  0.46461709E+001
 -0.17162434E+000  0.12897049E+000  0.18739955E+001  0.46461848E+001
 -0.17162444E+000  0.12897015E+000  0.18739850E+001  0.46461988E+001
 -0.17162454E+000  0.12896983E+000  0.18739746E+001  0.46462130E+001
 -0.17162463E+000  0.12896951E+000  0.18739643E+001  0.46462272E+001
 -0.17162472E+000  0.12896921E+000  0.18739542E+001  0.46462416E+001
 -0.17162480E+000  0.12896893E+000  0.18739441E+001  0.46462560E+001
 -0.17162488E+000  0.12896865E+000  0.18739340E+001  0.46462705E+001
 -0.17162496E+000  0.12896840E+000  0.18739241E+001  0.46462849E+001
 -0.17162503E+000  0.12896815E+000  0.18739142E+001  0.46462994E+001
 -0.17162510E+000  0.12896792E+000  0.18739045E+001  0.46463137E+001
 -0.17162516E+000  0.12896770E+000  0.18738948E+001  0.46463280E+001
 -0.17162522E+000  0.12896749E+000  0.18738852E+001  0.46463422E+001
 -0.17162528E+000  0.12896729E+000  0.18738758E+001  0.46463562E+001
 -0.17162533E+000  0.12896710E+000  0.18738665E+001  0.46463701E+001
 -0.17162539E+000  0.12896693E+000  0.18738573E+001  0.46463837E+001
 -0.17162544E+000  0.12896676E+000  0.18738482E+001  0.46463971E+001
 -0.17162548E+000  0.12896661E+000  0.18738394E+001  0.46464103E+001
 -0.17162553E+000  0.12896646E+000  0.18738307E+001  0.46464231E+001
 -0.17162557E+000  0.12896632E+000  0.18738222E+001  0.46464356E+001
 -0.17162561E+000  0.12896619E+000  0.18738139E+001  0.46464477E+001
 -0.17162565E+000  0.12896607E+000  0.18738059E+001  0.46464594E+001
 -0.17162568E+000  0.12896595E+000  0.18737981E+001  0.46464707E+001
 -0.17162572E+000  0.12896585E+000  0.18737905E+001  0.46464817E+001
 -0.17162575E+000  0.12896575E+000  0.18737832E+001  0.46464921E+001
 -0.17162578E+000  0.12896565E+000  0.18737761E+001  0.46465021E+001
 -0.17162580E+000  0.12896556E+000  0.18737694E+001  0.46465117E+001
 -0.17162583E+000  0.12896548E+000  0.18737629E+001  0.46465207E+001
 -0.17162585E+000  0.12896540E+000  0.18737567E+001  0.46465293E+001
 -0.17162587E+000  0.12896533E+000  0.18737508E+001  0.46465374E+001
 -0.17162589E+000  0.12896527E+000  0.18737452E+001  0.46465450E+001
 -0.17162590E+000  0.12896521E+000  0.18737399E+001  0.46465521E+001
 -0.17162592E+000  0.12896515E+000  0.18737350E+001  0.46465587E+001
 -0.17162593E+000  0.12896510E+000  0.18737303E+001  0.46465648E+001
 -0.17162594E+000  0.12896505E+000  0.18737259E+001  0.46465705E+001
 -0.17162594E+000  0.12896501E+000  0.18737219E+001  0.46465757E+001
 -0.17162595E+000  0.12896498E+000  0.18737181E+001  0.46465804E+001
 -0.17162595E+000  0.12896495E+000  0.18737146E+001  0.46465847E+001
 -0.17162595E+000  0.12896493E+000  0.18737114E+001  0.46465886E+001
 -0.17162595E+000  0.12896491E+000  0.18737085E+001  0.46465920E+001
 -0.17162595E+000  0.12896489E+000  0.18737059E+001  0.46465951E+001
 -0.17162594E+000  0.12896488E+000  0.18737035E+001  0.46465978E+001
 -0.17162594E+000  0.12896487E+000  0.18737013E+001  0.46466002E+001
 -0.17162593E+000  0.12896487E+000  0.18736994E+001  0.46466022E+001
 -0.17162592E+000  0.12896488E+000  0.18736977E+001  0.46466039E+001
 -0.17162591E+000  0.12896488E+000  0.18736963E+001  0.46466053E+001
 -0.17162590E+000  0.12896490E+000  0.18736950E+001  0.46466065E+001
 -0.17162589E+000  0.12896491E+000  0.18736939E+001  0.46466074E+001
 -0.17162588E+000  0.12896493E+000  0.18736930E+001  0.46466082E+001
 -0.17162587E+000  0.12896495E+000  0.18736923E+001  0.46466087E+001
 -0.17162585E+000  0.12896498E+000  0.18736917E+001  0.46466091E+001
 -0.17162584E+000  0.12896500E+000  0.18736912E+001  0.46466093E+001
 -0.17162584E+000  0.12896503E+000  0.18736908E+001  0.46466094E+001
 -0.17162583E+000  0.12896506E+000  0.18736906E+001  0.46466095E+001
 -0.17162582E+000  0.12896509E+000  0.18736904E+001  0.46466095E+001
 -0.17162582E+000  0.12896513E+000  0.18736903E+001  0.46466094E+001
 -0.17162582E+000  0.12896516E+000  0.18736902E+001  0.46466094E+001
 -0.17162582E+000  0.12896519E+000  0.18736902E+001  0.46466093E+001
 -0.17162582E+000  0.12896522E+000  0.18736902E+001  0.46466094E+001
 -0.17162583E+000  0.12896525E+000  0.18736901E+001  0.46466095E+001
 -0.17162584E+000  0.12896528E+000  0.18736901E+001  0.46466097E+001
 -0.17162586E+000  0.12896530E+000  0.18736900E+001  0.46466100E+001
 -0.17162588E+000  0.12896532E+000  0.18736898E+001  0.46466105E+001
 -0.17162590E+000  0.12896534E+000  0.18736896E+001  0.46466112E+001
 -0.17162594E+000  0.12896535E+000  0.18736892E+001  0.46466122E+001
 -0.17162597E+000  0.12896535E+000  0.18736887E+001  0.46466133E+001
 -0.17162602E+000  0.12896535E+000  0.18736879E+001  0.46466148E+001
 -0.17162607E+000  0.12896533E+000  0.18736870E+001  0.46466166E+001
 -0.17162614E+000  0.12896531E+000  0.18736858E+001  0.46466187E+001
 -0.17162621E+000  0.12896527E+000  0.18736843E+001  0.46466211E+001
 -0.17162629E+000  0.12896522E+000  0.18736825E+001  0.46466239E+001
 -0.17162638E+000  0.12896515E+000  0.18736802E+001  0.46466270E+001
 -0.17162649E+000  0.12896506E+000  0.18736774E+001  0.46466303E+001
 -0.17162661E+000  0.12896495E+000  0.18736740E+001  0.46466339E+001
 -0.17162675E+000  0.12896479E+000  0.18736699E+001  0.46466376E+001
 -0.17162692E+000  0.12896460E+000  0.18736648E+001  0.46466412E+001
 -0.17162713E+000  0.12896435E+000  0.18736586E+001  0.46466445E+001
 -0.17162739E+000  0.12896401E+000  0.18736509E+001  0.46466472E+001
 -0.17162775E+000  0.12896357E+000  0.18736414E+001  0.46466488E+001
 -0.17162823E+000  0.12896295E+000  0.18736294E+001  0.46466488E+001
 -0.17162893E+000  0.12896208E+000  0.18736140E+001  0.46466462E+001
 -0.17163000E+000  0.12896079E+000  0.18735939E+001  0.46466402E+001
 -0.17163166E+000  0.12895883E+000  0.18735673E+001  0.46466295E+001
 -0.17163441E+000  0.12895554E+000  0.18735303E+001  0.46466122E+001
 -0.17163876E+000  0.12895022E+000  0.18734808E+001  0.46465867E+001
 -0.17164712E+000  0.12893871E+000  0.18734026E+001  0.46465480E+001
 -0.17165910E+000  0.12892286E+000  0.18733098E+001  0.46464974E+001
