 -0.52254128E-001
 -0.52258446E-001
 -0.52261323E-001
 -0.52263154E-001
 -0.52264220E-001
 -0.52264730E-001
 -0.52264837E-001
 -0.52264651E-001
 -0.52264254E-001
 -0.52263707E-001
 -0.52263060E-001
 -0.52262347E-001
 -0.52261595E-001
 -0.52260825E-001
 -0.52260053E-001
 -0.52259288E-001
 -0.52258541E-001
 -0.52257816E-001
 -0.52257118E-001
 -0.52256450E-001
 -0.52255813E-001
 -0.52255209E-001
 -0.52254638E-001
 -0.52254101E-001
 -0.52253596E-001
 -0.52253124E-001
 -0.52252683E-001
 -0.52252273E-001
 -0.52251892E-001
 -0.52251540E-001
 -0.52251215E-001
 -0.52250916E-001
 -0.52250642E-001
 -0.52250392E-001
 -0.52250165E-001
 -0.52249959E-001
 -0.52249774E-001
 -0.52249608E-001
 -0.52249460E-001
 -0.52249330E-001
 -0.52249216E-001
 -0.52249118E-001
 -0.52249034E-001
 -0.52248965E-001
 -0.52248909E-001
 -0.52248865E-001
 -0.52248834E-001
 -0.52248813E-001
 -0.52248804E-001
 -0.52248804E-001
 -0.52248815E-001
 -0.52248834E-001
 -0.52248862E-001
 -0.52248898E-001
 -0.52248941E-001
 -0.52248991E-001
 -0.52249047E-001
 -0.52249110E-001
 -0.52249177E-001
 -0.52249249E-001
 -0.52249325E-001
 -0.52249405E-001
 -0.52249488E-001
 -0.52249573E-001
 -0.52249660E-001
 -0.52249749E-001
 -0.52249839E-001
 -0.52249929E-001
 -0.52250020E-001
 -0.52250111E-001
 -0.52250201E-001
 -0.52250291E-001
 -0.52250380E-001
 -0.52250469E-001
 -0.52250556E-001
 -0.52250642E-001
 -0.52250727E-001
 -0.52250810E-001
 -0.52250893E-001
 -0.52250973E-001
 -0.52251053E-001
 -0.52251131E-001
 -0.52251208E-001
 -0.52251284E-001
 -0.52251358E-001
 -0.52251431E-001
 -0.52251503E-001
 -0.52251574E-001
 -0.52251643E-001
 -0.52251712E-001
 -0.52251779E-001
 -0.52251845E-001
 -0.52251909E-001
 -0.52251973E-001
 -0.52252034E-001
 -0.52252095E-001
 -0.52252154E-001
 -0.52252212E-001
 -0.52252268E-001
 -0.52252323E-001
 -0.52252376E-001
 -0.52252428E-001
 -0.52252478E-001
 -0.52252526E-001
 -0.52252573E-001
 -0.52252619E-001
 -0.52252663E-001
 -0.52252705E-001
 -0.52252746E-001
 -0.52252786E-001
 -0.52252825E-001
 -0.52252862E-001
 -0.52252898E-001
 -0.52252933E-001
 -0.52252967E-001
 -0.52253000E-001
 -0.52253032E-001
 -0.52253064E-001
 -0.52253094E-001
 -0.52253124E-001
 -0.52253153E-001
 -0.52253182E-001
 -0.52253209E-001
 -0.52253237E-001
 -0.52253264E-001
 -0.52253290E-001
 -0.52253316E-001
 -0.52253341E-001
 -0.52253367E-001
 -0.52253391E-001
 -0.52253416E-001
 -0.52253440E-001
 -0.52253463E-001
 -0.52253486E-001
 -0.52253509E-001
 -0.52253531E-001
 -0.52253553E-001
 -0.52253575E-001
 -0.52253596E-001
 -0.52253616E-001
 -0.52253636E-001
 -0.52253655E-001
 -0.52253674E-001
 -0.52253693E-001
 -0.52253711E-001
 -0.52253728E-001
 -0.52253744E-001
 -0.52253760E-001
 -0.52253776E-001
 -0.52253790E-001
 -0.52253804E-001
 -0.52253817E-001
 -0.52253830E-001
 -0.52253842E-001
 -0.52253853E-001
 -0.52253864E-001
 -0.52253873E-001
 -0.52253883E-001
 -0.52253891E-001
 -0.52253899E-001
 -0.52253906E-001
 -0.52253913E-001
 -0.52253919E-001
 -0.52253924E-001
 -0.52253929E-001
 -0.52253933E-001
 -0.52253937E-001
 -0.52253940E-001
 -0.52253943E-001
 -0.52253945E-001
 -0.52253947E-001
 -0.52253948E-001
 -0.52253950E-001
 -0.52253951E-001
 -0.52253951E-001
 -0.52253952E-001
 -0.52253952E-001
 -0.52253953E-001
 -0.52253953E-001
 -0.52253953E-001
 -0.52253954E-001
 -0.52253955E-001
 -0.52253956E-001
 -0.52253958E-001
 -0.52253960E-001
 -0.52253964E-001
 -0.52253971E-001
 -0.52253980E-001
 -0.52253995E-001
 -0.52254019E-001
 -0.52254055E-001
 -0.52254114E-001
 -0.52254209E-001
 -0.52254364E-001
 -0.52254623E-001
 -0.52255052E-001
 -0.52255804E-001
 -0.52257029E-001
 -0.52259489E-001
 -0.52263107E-001
