  0.16717354E+001
  0.16715954E+001
  0.16715215E+001
  0.16714842E+001
  0.16714684E+001
  0.16714654E+001
  0.16714704E+001
  0.16714802E+001
  0.16714928E+001
  0.16715070E+001
  0.16715220E+001
  0.16715371E+001
  0.16715520E+001
  0.16715665E+001
  0.16715803E+001
  0.16715934E+001
  0.16716057E+001
  0.16716171E+001
  0.16716276E+001
  0.16716373E+001
  0.16716461E+001
  0.16716541E+001
  0.16716612E+001
  0.16716676E+001
  0.16716731E+001
  0.16716780E+001
  0.16716821E+001
  0.16716856E+001
  0.16716884E+001
  0.16716906E+001
  0.16716922E+001
  0.16716933E+001
  0.16716939E+001
  0.16716940E+001
  0.16716936E+001
  0.16716929E+001
  0.16716917E+001
  0.16716902E+001
  0.16716884E+001
  0.16716863E+001
  0.16716840E+001
  0.16716814E+001
  0.16716786E+001
  0.16716756E+001
  0.16716725E+001
  0.16716693E+001
  0.16716660E+001
  0.16716626E+001
  0.16716593E+001
  0.16716559E+001
  0.16716525E+001
  0.16716492E+001
  0.16716459E+001
  0.16716428E+001
  0.16716397E+001
  0.16716368E+001
  0.16716341E+001
  0.16716315E+001
  0.16716292E+001
  0.16716271E+001
  0.16716251E+001
  0.16716235E+001
  0.16716221E+001
  0.16716209E+001
  0.16716200E+001
  0.16716194E+001
  0.16716190E+001
  0.16716188E+001
  0.16716189E+001
  0.16716192E+001
  0.16716197E+001
  0.16716203E+001
  0.16716211E+001
  0.16716221E+001
  0.16716231E+001
  0.16716242E+001
  0.16716253E+001
  0.16716265E+001
  0.16716276E+001
  0.16716287E+001
  0.16716298E+001
  0.16716307E+001
  0.16716316E+001
  0.16716324E+001
  0.16716331E+001
  0.16716336E+001
  0.16716340E+001
  0.16716343E+001
  0.16716345E+001
  0.16716346E+001
  0.16716345E+001
  0.16716344E+001
  0.16716342E+001
  0.16716339E+001
  0.16716335E+001
  0.16716332E+001
  0.16716328E+001
  0.16716324E+001
  0.16716320E+001
  0.16716316E+001
  0.16716313E+001
  0.16716310E+001
  0.16716308E+001
  0.16716306E+001
  0.16716305E+001
  0.16716305E+001
  0.16716306E+001
  0.16716308E+001
  0.16716311E+001
  0.16716314E+001
  0.16716319E+001
  0.16716324E+001
  0.16716330E+001
  0.16716337E+001
  0.16716344E+001
  0.16716352E+001
  0.16716361E+001
  0.16716370E+001
  0.16716380E+001
  0.16716390E+001
  0.16716401E+001
  0.16716411E+001
  0.16716422E+001
  0.16716433E+001
  0.16716445E+001
  0.16716456E+001
  0.16716467E+001
  0.16716478E+001
  0.16716489E+001
  0.16716499E+001
  0.16716510E+001
  0.16716520E+001
  0.16716529E+001
  0.16716539E+001
  0.16716548E+001
  0.16716557E+001
  0.16716565E+001
  0.16716573E+001
  0.16716580E+001
  0.16716587E+001
  0.16716593E+001
  0.16716599E+001
  0.16716605E+001
  0.16716610E+001
  0.16716614E+001
  0.16716618E+001
  0.16716622E+001
  0.16716625E+001
  0.16716628E+001
  0.16716630E+001
  0.16716632E+001
  0.16716634E+001
  0.16716636E+001
  0.16716637E+001
  0.16716638E+001
  0.16716638E+001
  0.16716639E+001
  0.16716639E+001
  0.16716639E+001
  0.16716639E+001
  0.16716639E+001
  0.16716638E+001
  0.16716638E+001
  0.16716637E+001
  0.16716637E+001
  0.16716637E+001
  0.16716636E+001
  0.16716636E+001
  0.16716636E+001
  0.16716635E+001
  0.16716635E+001
  0.16716635E+001
  0.16716636E+001
  0.16716636E+001
  0.16716637E+001
  0.16716638E+001
  0.16716639E+001
  0.16716640E+001
  0.16716642E+001
  0.16716643E+001
  0.16716645E+001
  0.16716647E+001
  0.16716649E+001
  0.16716651E+001
  0.16716653E+001
  0.16716654E+001
  0.16716654E+001
  0.16716652E+001
  0.16716648E+001
  0.16716640E+001
  0.16716626E+001
  0.16716605E+001
  0.16716573E+001
  0.16716526E+001
  0.16716457E+001
  0.16716359E+001
  0.16716216E+001
  0.16716016E+001
  0.16715699E+001
  0.16715307E+001
