  0.11470040E+001
  0.11470251E+001
  0.11470645E+001
  0.11471046E+001
  0.11471409E+001
  0.11471724E+001
  0.11471992E+001
  0.11472217E+001
  0.11472405E+001
  0.11472561E+001
  0.11472689E+001
  0.11472794E+001
  0.11472879E+001
  0.11472947E+001
  0.11473001E+001
  0.11473043E+001
  0.11473075E+001
  0.11473098E+001
  0.11473114E+001
  0.11473123E+001
  0.11473127E+001
  0.11473126E+001
  0.11473121E+001
  0.11473112E+001
  0.11473101E+001
  0.11473086E+001
  0.11473069E+001
  0.11473050E+001
  0.11473029E+001
  0.11473006E+001
  0.11472981E+001
  0.11472956E+001
  0.11472929E+001
  0.11472901E+001
  0.11472871E+001
  0.11472841E+001
  0.11472810E+001
  0.11472778E+001
  0.11472745E+001
  0.11472712E+001
  0.11472678E+001
  0.11472643E+001
  0.11472608E+001
  0.11472572E+001
  0.11472536E+001
  0.11472499E+001
  0.11472462E+001
  0.11472425E+001
  0.11472387E+001
  0.11472349E+001
  0.11472312E+001
  0.11472274E+001
  0.11472236E+001
  0.11472198E+001
  0.11472161E+001
  0.11472123E+001
  0.11472086E+001
  0.11472049E+001
  0.11472013E+001
  0.11471977E+001
  0.11471941E+001
  0.11471906E+001
  0.11471872E+001
  0.11471838E+001
  0.11471805E+001
  0.11471772E+001
  0.11471740E+001
  0.11471709E+001
  0.11471679E+001
  0.11471649E+001
  0.11471620E+001
  0.11471592E+001
  0.11471565E+001
  0.11471538E+001
  0.11471512E+001
  0.11471487E+001
  0.11471462E+001
  0.11471438E+001
  0.11471415E+001
  0.11471392E+001
  0.11471370E+001
  0.11471349E+001
  0.11471328E+001
  0.11471307E+001
  0.11471287E+001
  0.11471268E+001
  0.11471249E+001
  0.11471230E+001
  0.11471211E+001
  0.11471193E+001
  0.11471175E+001
  0.11471158E+001
  0.11471140E+001
  0.11471123E+001
  0.11471106E+001
  0.11471089E+001
  0.11471072E+001
  0.11471056E+001
  0.11471039E+001
  0.11471023E+001
  0.11471007E+001
  0.11470990E+001
  0.11470974E+001
  0.11470958E+001
  0.11470941E+001
  0.11470925E+001
  0.11470908E+001
  0.11470892E+001
  0.11470875E+001
  0.11470859E+001
  0.11470842E+001
  0.11470825E+001
  0.11470808E+001
  0.11470791E+001
  0.11470773E+001
  0.11470756E+001
  0.11470738E+001
  0.11470721E+001
  0.11470703E+001
  0.11470685E+001
  0.11470666E+001
  0.11470648E+001
  0.11470629E+001
  0.11470611E+001
  0.11470592E+001
  0.11470573E+001
  0.11470554E+001
  0.11470534E+001
  0.11470515E+001
  0.11470496E+001
  0.11470476E+001
  0.11470456E+001
  0.11470436E+001
  0.11470417E+001
  0.11470397E+001
  0.11470377E+001
  0.11470357E+001
  0.11470337E+001
  0.11470317E+001
  0.11470297E+001
  0.11470277E+001
  0.11470257E+001
  0.11470237E+001
  0.11470217E+001
  0.11470197E+001
  0.11470178E+001
  0.11470158E+001
  0.11470139E+001
  0.11470119E+001
  0.11470100E+001
  0.11470081E+001
  0.11470062E+001
  0.11470043E+001
  0.11470025E+001
  0.11470006E+001
  0.11469988E+001
  0.11469970E+001
  0.11469953E+001
  0.11469935E+001
  0.11469918E+001
  0.11469901E+001
  0.11469884E+001
  0.11469867E+001
  0.11469851E+001
  0.11469835E+001
  0.11469819E+001
  0.11469804E+001
  0.11469788E+001
  0.11469773E+001
  0.11469759E+001
  0.11469744E+001
  0.11469730E+001
  0.11469716E+001
  0.11469702E+001
  0.11469689E+001
  0.11469676E+001
  0.11469663E+001
  0.11469651E+001
  0.11469638E+001
  0.11469626E+001
  0.11469615E+001
  0.11469603E+001
  0.11469592E+001
  0.11469581E+001
  0.11469571E+001
  0.11469561E+001
  0.11469551E+001
  0.11469541E+001
  0.11469532E+001
  0.11469524E+001
  0.11469515E+001
  0.11469508E+001
  0.11469501E+001
  0.11469495E+001
  0.11469490E+001
  0.11469488E+001
  0.11469487E+001
  0.11469494E+001
  0.11469498E+001
  0.11469574E+001
