  0.59737777E+000
  0.59745925E+000
  0.59749075E+000
  0.59750066E+000
  0.59750081E+000
  0.59749626E+000
  0.59748936E+000
  0.59748133E+000
  0.59747287E+000
  0.59746438E+000
  0.59745608E+000
  0.59744813E+000
  0.59744060E+000
  0.59743354E+000
  0.59742696E+000
  0.59742086E+000
  0.59741523E+000
  0.59741005E+000
  0.59740531E+000
  0.59740098E+000
  0.59739704E+000
  0.59739346E+000
  0.59739022E+000
  0.59738730E+000
  0.59738468E+000
  0.59738234E+000
  0.59738025E+000
  0.59737840E+000
  0.59737678E+000
  0.59737536E+000
  0.59737413E+000
  0.59737307E+000
  0.59737218E+000
  0.59737143E+000
  0.59737082E+000
  0.59737033E+000
  0.59736995E+000
  0.59736967E+000
  0.59736949E+000
  0.59736938E+000
  0.59736935E+000
  0.59736939E+000
  0.59736948E+000
  0.59736962E+000
  0.59736980E+000
  0.59737002E+000
  0.59737028E+000
  0.59737056E+000
  0.59737086E+000
  0.59737118E+000
  0.59737151E+000
  0.59737185E+000
  0.59737220E+000
  0.59737256E+000
  0.59737291E+000
  0.59737327E+000
  0.59737362E+000
  0.59737397E+000
  0.59737430E+000
  0.59737463E+000
  0.59737495E+000
  0.59737525E+000
  0.59737554E+000
  0.59737581E+000
  0.59737607E+000
  0.59737630E+000
  0.59737652E+000
  0.59737671E+000
  0.59737689E+000
  0.59737704E+000
  0.59737717E+000
  0.59737728E+000
  0.59737737E+000
  0.59737744E+000
  0.59737749E+000
  0.59737752E+000
  0.59737753E+000
  0.59737752E+000
  0.59737750E+000
  0.59737746E+000
  0.59737741E+000
  0.59737735E+000
  0.59737728E+000
  0.59737720E+000
  0.59737712E+000
  0.59737703E+000
  0.59737694E+000
  0.59737686E+000
  0.59737677E+000
  0.59737668E+000
  0.59737660E+000
  0.59737653E+000
  0.59737646E+000
  0.59737639E+000
  0.59737634E+000
  0.59737628E+000
  0.59737624E+000
  0.59737620E+000
  0.59737617E+000
  0.59737614E+000
  0.59737611E+000
  0.59737609E+000
  0.59737608E+000
  0.59737607E+000
  0.59737606E+000
  0.59737605E+000
  0.59737604E+000
  0.59737604E+000
  0.59737604E+000
  0.59737603E+000
  0.59737603E+000
  0.59737603E+000
  0.59737602E+000
  0.59737602E+000
  0.59737601E+000
  0.59737601E+000
  0.59737600E+000
  0.59737600E+000
  0.59737599E+000
  0.59737598E+000
  0.59737597E+000
  0.59737597E+000
  0.59737596E+000
  0.59737595E+000
  0.59737594E+000
  0.59737593E+000
  0.59737592E+000
  0.59737591E+000
  0.59737591E+000
  0.59737590E+000
  0.59737589E+000
  0.59737589E+000
  0.59737588E+000
  0.59737588E+000
  0.59737588E+000
  0.59737588E+000
  0.59737588E+000
  0.59737588E+000
  0.59737588E+000
  0.59737589E+000
  0.59737589E+000
  0.59737590E+000
  0.59737591E+000
  0.59737592E+000
  0.59737593E+000
  0.59737594E+000
  0.59737596E+000
  0.59737597E+000
  0.59737599E+000
  0.59737600E+000
  0.59737602E+000
  0.59737604E+000
  0.59737605E+000
  0.59737607E+000
  0.59737609E+000
  0.59737611E+000
  0.59737612E+000
  0.59737614E+000
  0.59737616E+000
  0.59737618E+000
  0.59737619E+000
  0.59737621E+000
  0.59737622E+000
  0.59737624E+000
  0.59737625E+000
  0.59737626E+000
  0.59737627E+000
  0.59737628E+000
  0.59737628E+000
  0.59737629E+000
  0.59737629E+000
  0.59737629E+000
  0.59737629E+000
  0.59737628E+000
  0.59737628E+000
  0.59737627E+000
  0.59737626E+000
  0.59737625E+000
  0.59737624E+000
  0.59737622E+000
  0.59737620E+000
  0.59737618E+000
  0.59737616E+000
  0.59737614E+000
  0.59737612E+000
  0.59737609E+000
  0.59737607E+000
  0.59737605E+000
  0.59737604E+000
  0.59737603E+000
  0.59737604E+000
  0.59737607E+000
  0.59737615E+000
  0.59737629E+000
  0.59737656E+000
  0.59737706E+000
  0.59737801E+000
  0.59738000E+000
  0.59738456E+000
  0.59739920E+000
