  0.18763965E+001
  0.18808558E+001
  0.18806944E+001
  0.18800268E+001
  0.18794292E+001
  0.18789390E+001
  0.18785398E+001
  0.18782164E+001
  0.18779538E+001
  0.18777396E+001
  0.18775642E+001
  0.18774201E+001
  0.18773014E+001
  0.18772033E+001
  0.18771221E+001
  0.18770547E+001
  0.18769987E+001
  0.18769520E+001
  0.18769131E+001
  0.18768806E+001
  0.18768534E+001
  0.18768306E+001
  0.18768115E+001
  0.18767954E+001
  0.18767818E+001
  0.18767703E+001
  0.18767604E+001
  0.18767519E+001
  0.18767445E+001
  0.18767380E+001
  0.18767323E+001
  0.18767270E+001
  0.18767223E+001
  0.18767179E+001
  0.18767137E+001
  0.18767097E+001
  0.18767059E+001
  0.18767022E+001
  0.18766986E+001
  0.18766950E+001
  0.18766914E+001
  0.18766879E+001
  0.18766843E+001
  0.18766807E+001
  0.18766771E+001
  0.18766735E+001
  0.18766698E+001
  0.18766661E+001
  0.18766624E+001
  0.18766587E+001
  0.18766549E+001
  0.18766510E+001
  0.18766472E+001
  0.18766433E+001
  0.18766393E+001
  0.18766354E+001
  0.18766314E+001
  0.18766274E+001
  0.18766234E+001
  0.18766194E+001
  0.18766154E+001
  0.18766114E+001
  0.18766075E+001
  0.18766036E+001
  0.18765997E+001
  0.18765959E+001
  0.18765922E+001
  0.18765886E+001
  0.18765851E+001
  0.18765817E+001
  0.18765785E+001
  0.18765754E+001
  0.18765724E+001
  0.18765696E+001
  0.18765669E+001
  0.18765644E+001
  0.18765620E+001
  0.18765598E+001
  0.18765577E+001
  0.18765558E+001
  0.18765540E+001
  0.18765523E+001
  0.18765508E+001
  0.18765493E+001
  0.18765480E+001
  0.18765468E+001
  0.18765456E+001
  0.18765445E+001
  0.18765434E+001
  0.18765424E+001
  0.18765414E+001
  0.18765405E+001
  0.18765395E+001
  0.18765385E+001
  0.18765376E+001
  0.18765366E+001
  0.18765355E+001
  0.18765345E+001
  0.18765334E+001
  0.18765322E+001
  0.18765310E+001
  0.18765298E+001
  0.18765284E+001
  0.18765270E+001
  0.18765256E+001
  0.18765241E+001
  0.18765225E+001
  0.18765208E+001
  0.18765190E+001
  0.18765172E+001
  0.18765153E+001
  0.18765133E+001
  0.18765113E+001
  0.18765092E+001
  0.18765070E+001
  0.18765047E+001
  0.18765024E+001
  0.18765000E+001
  0.18764975E+001
  0.18764950E+001
  0.18764924E+001
  0.18764897E+001
  0.18764870E+001
  0.18764842E+001
  0.18764814E+001
  0.18764786E+001
  0.18764757E+001
  0.18764727E+001
  0.18764697E+001
  0.18764667E+001
  0.18764636E+001
  0.18764606E+001
  0.18764575E+001
  0.18764543E+001
  0.18764512E+001
  0.18764480E+001
  0.18764448E+001
  0.18764417E+001
  0.18764385E+001
  0.18764353E+001
  0.18764321E+001
  0.18764289E+001
  0.18764257E+001
  0.18764225E+001
  0.18764193E+001
  0.18764161E+001
  0.18764129E+001
  0.18764098E+001
  0.18764067E+001
  0.18764035E+001
  0.18764004E+001
  0.18763974E+001
  0.18763943E+001
  0.18763913E+001
  0.18763883E+001
  0.18763853E+001
  0.18763823E+001
  0.18763794E+001
  0.18763765E+001
  0.18763737E+001
  0.18763709E+001
  0.18763681E+001
  0.18763654E+001
  0.18763627E+001
  0.18763600E+001
  0.18763574E+001
  0.18763549E+001
  0.18763524E+001
  0.18763499E+001
  0.18763475E+001
  0.18763452E+001
  0.18763429E+001
  0.18763407E+001
  0.18763385E+001
  0.18763364E+001
  0.18763343E+001
  0.18763323E+001
  0.18763304E+001
  0.18763285E+001
  0.18763267E+001
  0.18763250E+001
  0.18763234E+001
  0.18763218E+001
  0.18763203E+001
  0.18763188E+001
  0.18763175E+001
  0.18763162E+001
  0.18763150E+001
  0.18763140E+001
  0.18763130E+001
  0.18763123E+001
  0.18763119E+001
  0.18763118E+001
  0.18763123E+001
  0.18763139E+001
  0.18763171E+001
  0.18763239E+001
  0.18763357E+001
  0.18763716E+001
  0.18764385E+001
