  0.69025096E+000  0.84939609E+000  0.10125106E+001  0.20358585E+001
  0.69025313E+000  0.84940203E+000  0.10125358E+001  0.20359097E+001
  0.69025489E+000  0.84940678E+000  0.10125598E+001  0.20360369E+001
  0.69025636E+000  0.84941051E+000  0.10125800E+001  0.20361718E+001
  0.69025762E+000  0.84941342E+000  0.10125967E+001  0.20362961E+001
  0.69025866E+000  0.84941572E+000  0.10126104E+001  0.20364050E+001
  0.69025955E+000  0.84941753E+000  0.10126217E+001  0.20364982E+001
  0.69026030E+000  0.84941893E+000  0.10126310E+001  0.20365769E+001
  0.69026095E+000  0.84942003E+000  0.10126386E+001  0.20366427E+001
  0.69026150E+000  0.84942086E+000  0.10126448E+001  0.20366974E+001
  0.69026198E+000  0.84942149E+000  0.10126499E+001  0.20367424E+001
  0.69026240E+000  0.84942195E+000  0.10126540E+001  0.20367794E+001
  0.69026277E+000  0.84942227E+000  0.10126573E+001  0.20368094E+001
  0.69026309E+000  0.84942248E+000  0.10126600E+001  0.20368335E+001
  0.69026337E+000  0.84942260E+000  0.10126621E+001  0.20368527E+001
  0.69026363E+000  0.84942264E+000  0.10126637E+001  0.20368676E+001
  0.69026386E+000  0.84942262E+000  0.10126649E+001  0.20368790E+001
  0.69026406E+000  0.84942255E+000  0.10126658E+001  0.20368872E+001
  0.69026425E+000  0.84942244E+000  0.10126664E+001  0.20368928E+001
  0.69026442E+000  0.84942230E+000  0.10126668E+001  0.20368961E+001
  0.69026458E+000  0.84942214E+000  0.10126669E+001  0.20368975E+001
  0.69026472E+000  0.84942195E+000  0.10126669E+001  0.20368972E+001
  0.69026486E+000  0.84942174E+000  0.10126667E+001  0.20368954E+001
  0.69026498E+000  0.84942153E+000  0.10126663E+001  0.20368924E+001
  0.69026510E+000  0.84942130E+000  0.10126659E+001  0.20368882E+001
  0.69026522E+000  0.84942107E+000  0.10126653E+001  0.20368830E+001
  0.69026532E+000  0.84942083E+000  0.10126647E+001  0.20368770E+001
  0.69026542E+000  0.84942059E+000  0.10126639E+001  0.20368702E+001
  0.69026552E+000  0.84942034E+000  0.10126631E+001  0.20368627E+001
  0.69026561E+000  0.84942009E+000  0.10126623E+001  0.20368546E+001
  0.69026570E+000  0.84941984E+000  0.10126613E+001  0.20368460E+001
  0.69026578E+000  0.84941959E+000  0.10126603E+001  0.20368368E+001
  0.69026586E+000  0.84941934E+000  0.10126593E+001  0.20368272E+001
  0.69026594E+000  0.84941909E+000  0.10126582E+001  0.20368172E+001
  0.69026601E+000  0.84941884E+000  0.10126571E+001  0.20368068E+001
  0.69026608E+000  0.84941860E+000  0.10126559E+001  0.20367961E+001
  0.69026614E+000  0.84941835E+000  0.10126548E+001  0.20367850E+001
  0.69026620E+000  0.84941811E+000  0.10126535E+001  0.20367737E+001
  0.69026625E+000  0.84941787E+000  0.10126523E+001  0.20367620E+001
  0.69026630E+000  0.84941763E+000  0.10126510E+001  0.20367501E+001
  0.69026633E+000  0.84941740E+000  0.10126496E+001  0.20367380E+001
  0.69026637E+000  0.84941717E+000  0.10126483E+001  0.20367256E+001
  0.69026639E+000  0.84941694E+000  0.10126469E+001  0.20367131E+001
  0.69026640E+000  0.84941672E+000  0.10126455E+001  0.20367004E+001
  0.69026641E+000  0.84941651E+000  0.10126441E+001  0.20366875E+001
  0.69026640E+000  0.84941631E+000  0.10126427E+001  0.20366745E+001
  0.69026638E+000  0.84941611E+000  0.10126412E+001  0.20366613E+001
  0.69026635E+000  0.84941593E+000  0.10126397E+001  0.20366481E+001
  0.69026631E+000  0.84941575E+000  0.10126382E+001  0.20366348E+001
  0.69026625E+000  0.84941558E+000  0.10126367E+001  0.20366214E+001
  0.69026617E+000  0.84941543E+000  0.10126352E+001  0.20366081E+001
  0.69026608E+000  0.84941528E+000  0.10126337E+001  0.20365947E+001
  0.69026598E+000  0.84941515E+000  0.10126322E+001  0.20365813E+001
  0.69026586E+000  0.84941503E+000  0.10126306E+001  0.20365680E+001
  0.69026572E+000  0.84941493E+000  0.10126291E+001  0.20365547E+001
  0.69026556E+000  0.84941483E+000  0.10126275E+001  0.20365416E+001
  0.69026538E+000  0.84941475E+000  0.10126260E+001  0.20365285E+001
  0.69026519E+000  0.84941468E+000  0.10126245E+001  0.20365156E+001
  0.69026498E+000  0.84941462E+000  0.10126229E+001  0.20365028E+001
  0.69026475E+000  0.84941457E+000  0.10126214E+001  0.20364902E+001
  0.69026450E+000  0.84941452E+000  0.10126199E+001  0.20364778E+001
  0.69026424E+000  0.84941449E+000  0.10126184E+001  0.20364657E+001
  0.69026396E+000  0.84941446E+000  0.10126168E+001  0.20364537E+001
  0.69026367E+000  0.84941443E+000  0.10126153E+001  0.20364420E+001
  0.69026336E+000  0.84941441E+000  0.10126138E+001  0.20364306E+001
  0.69026304E+000  0.84941439E+000  0.10126123E+001  0.20364194E+001
  0.69026271E+000  0.84941436E+000  0.10126109E+001  0.20364085E+001
  0.69026237E+000  0.84941433E+000  0.10126094E+001  0.20363979E+001
  0.69026202E+000  0.84941430E+000  0.10126079E+001  0.20363876E+001
  0.69026167E+000  0.84941426E+000  0.10126065E+001  0.20363776E+001
  0.69026131E+000  0.84941421E+000  0.10126050E+001  0.20363679E+001
  0.69026094E+000  0.84941416E+000  0.10126036E+001  0.20363585E+001
  0.69026058E+000  0.84941409E+000  0.10126021E+001  0.20363494E+001
  0.69026021E+000  0.84941401E+000  0.10126007E+001  0.20363406E+001
  0.69025984E+000  0.84941391E+000  0.10125993E+001  0.20363321E+001
  0.69025947E+000  0.84941380E+000  0.10125979E+001  0.20363239E+001
  0.69025911E+000  0.84941368E+000  0.10125964E+001  0.20363159E+001
  0.69025876E+000  0.84941354E+000  0.10125950E+001  0.20363083E+001
  0.69025840E+000  0.84941339E+000  0.10125936E+001  0.20363009E+001
  0.69025806E+000  0.84941322E+000  0.10125922E+001  0.20362937E+001
  0.69025772E+000  0.84941303E+000  0.10125908E+001  0.20362868E+001
  0.69025740E+000  0.84941283E+000  0.10125894E+001  0.20362802E+001
  0.69025708E+000  0.84941262E+000  0.10125880E+001  0.20362737E+001
  0.69025677E+000  0.84941239E+000  0.10125866E+001  0.20362674E+001
  0.69025648E+000  0.84941214E+000  0.10125852E+001  0.20362614E+001
  0.69025620E+000  0.84941188E+000  0.10125838E+001  0.20362554E+001
  0.69025593E+000  0.84941161E+000  0.10125824E+001  0.20362497E+001
  0.69025567E+000  0.84941133E+000  0.10125811E+001  0.20362441E+001
  0.69025543E+000  0.84941103E+000  0.10125797E+001  0.20362386E+001
  0.69025520E+000  0.84941073E+000  0.10125784E+001  0.20362332E+001
  0.69025499E+000  0.84941041E+000  0.10125770E+001  0.20362279E+001
  0.69025479E+000  0.84941009E+000  0.10125757E+001  0.20362227E+001
  0.69025460E+000  0.84940975E+000  0.10125744E+001  0.20362176E+001
  0.69025442E+000  0.84940941E+000  0.10125732E+001  0.20362125E+001
  0.69025426E+000  0.84940907E+000  0.10125719E+001  0.20362074E+001
  0.69025411E+000  0.84940871E+000  0.10125707E+001  0.20362024E+001
  0.69025398E+000  0.84940836E+000  0.10125695E+001  0.20361975E+001
  0.69025385E+000  0.84940800E+000  0.10125683E+001  0.20361925E+001
  0.69025374E+000  0.84940763E+000  0.10125671E+001  0.20361875E+001
  0.69025364E+000  0.84940727E+000  0.10125660E+001  0.20361826E+001
  0.69025354E+000  0.84940690E+000  0.10125648E+001  0.20361776E+001
  0.69025346E+000  0.84940653E+000  0.10125637E+001  0.20361726E+001
  0.69025339E+000  0.84940616E+000  0.10125626E+001  0.20361676E+001
  0.69025333E+000  0.84940580E+000  0.10125616E+001  0.20361626E+001
  0.69025327E+000  0.84940544E+000  0.10125605E+001  0.20361575E+001
  0.69025322E+000  0.84940508E+000  0.10125595E+001  0.20361524E+001
  0.69025318E+000  0.84940473E+000  0.10125585E+001  0.20361472E+001
  0.69025314E+000  0.84940438E+000  0.10125575E+001  0.20361420E+001
  0.69025311E+000  0.84940404E+000  0.10125565E+001  0.20361367E+001
  0.69025308E+000  0.84940370E+000  0.10125555E+001  0.20361314E+001
  0.69025306E+000  0.84940338E+000  0.10125545E+001  0.20361260E+001
  0.69025304E+000  0.84940306E+000  0.10125536E+001  0.20361205E+001
  0.69025302E+000  0.84940275E+000  0.10125526E+001  0.20361150E+001
  0.69025301E+000  0.84940246E+000  0.10125517E+001  0.20361094E+001
  0.69025300E+000  0.84940217E+000  0.10125507E+001  0.20361037E+001
  0.69025298E+000  0.84940189E+000  0.10125497E+001  0.20360980E+001
  0.69025298E+000  0.84940163E+000  0.10125488E+001  0.20360922E+001
  0.69025297E+000  0.84940137E+000  0.10125479E+001  0.20360863E+001
  0.69025296E+000  0.84940113E+000  0.10125469E+001  0.20360803E+001
  0.69025295E+000  0.84940090E+000  0.10125460E+001  0.20360743E+001
  0.69025294E+000  0.84940068E+000  0.10125450E+001  0.20360681E+001
  0.69025293E+000  0.84940047E+000  0.10125441E+001  0.20360619E+001
  0.69025292E+000  0.84940028E+000  0.10125431E+001  0.20360557E+001
  0.69025291E+000  0.84940009E+000  0.10125422E+001  0.20360493E+001
  0.69025290E+000  0.84939992E+000  0.10125413E+001  0.20360429E+001
  0.69025289E+000  0.84939976E+000  0.10125404E+001  0.20360364E+001
  0.69025288E+000  0.84939960E+000  0.10125394E+001  0.20360298E+001
  0.69025286E+000  0.84939946E+000  0.10125385E+001  0.20360232E+001
  0.69025285E+000  0.84939933E+000  0.10125376E+001  0.20360165E+001
  0.69025283E+000  0.84939921E+000  0.10125367E+001  0.20360097E+001
  0.69025281E+000  0.84939909E+000  0.10125359E+001  0.20360029E+001
  0.69025280E+000  0.84939898E+000  0.10125350E+001  0.20359960E+001
  0.69025278E+000  0.84939888E+000  0.10125342E+001  0.20359890E+001
  0.69025276E+000  0.84939879E+000  0.10125333E+001  0.20359820E+001
  0.69025274E+000  0.84939871E+000  0.10125325E+001  0.20359750E+001
  0.69025272E+000  0.84939863E+000  0.10125317E+001  0.20359679E+001
  0.69025271E+000  0.84939856E+000  0.10125310E+001  0.20359607E+001
  0.69025269E+000  0.84939849E+000  0.10125302E+001  0.20359535E+001
  0.69025267E+000  0.84939843E+000  0.10125295E+001  0.20359463E+001
  0.69025265E+000  0.84939837E+000  0.10125288E+001  0.20359391E+001
  0.69025264E+000  0.84939832E+000  0.10125282E+001  0.20359318E+001
  0.69025262E+000  0.84939827E+000  0.10125276E+001  0.20359245E+001
  0.69025261E+000  0.84939822E+000  0.10125269E+001  0.20359172E+001
  0.69025259E+000  0.84939818E+000  0.10125264E+001  0.20359099E+001
  0.69025258E+000  0.84939815E+000  0.10125258E+001  0.20359026E+001
  0.69025257E+000  0.84939811E+000  0.10125253E+001  0.20358953E+001
  0.69025256E+000  0.84939808E+000  0.10125248E+001  0.20358880E+001
  0.69025255E+000  0.84939806E+000  0.10125244E+001  0.20358807E+001
  0.69025255E+000  0.84939803E+000  0.10125239E+001  0.20358734E+001
  0.69025254E+000  0.84939801E+000  0.10125235E+001  0.20358661E+001
  0.69025254E+000  0.84939799E+000  0.10125232E+001  0.20358589E+001
  0.69025254E+000  0.84939798E+000  0.10125228E+001  0.20358517E+001
  0.69025254E+000  0.84939796E+000  0.10125225E+001  0.20358446E+001
  0.69025255E+000  0.84939795E+000  0.10125222E+001  0.20358374E+001
  0.69025255E+000  0.84939794E+000  0.10125219E+001  0.20358304E+001
  0.69025256E+000  0.84939794E+000  0.10125217E+001  0.20358234E+001
  0.69025257E+000  0.84939793E+000  0.10125215E+001  0.20358164E+001
  0.69025258E+000  0.84939793E+000  0.10125213E+001  0.20358095E+001
  0.69025259E+000  0.84939793E+000  0.10125211E+001  0.20358026E+001
  0.69025260E+000  0.84939793E+000  0.10125209E+001  0.20357959E+001
  0.69025262E+000  0.84939794E+000  0.10125208E+001  0.20357892E+001
  0.69025263E+000  0.84939794E+000  0.10125207E+001  0.20357826E+001
  0.69025265E+000  0.84939795E+000  0.10125206E+001  0.20357760E+001
  0.69025266E+000  0.84939795E+000  0.10125205E+001  0.20357696E+001
  0.69025268E+000  0.84939796E+000  0.10125204E+001  0.20357632E+001
  0.69025269E+000  0.84939797E+000  0.10125204E+001  0.20357569E+001
  0.69025271E+000  0.84939798E+000  0.10125203E+001  0.20357507E+001
  0.69025273E+000  0.84939799E+000  0.10125203E+001  0.20357446E+001
  0.69025274E+000  0.84939800E+000  0.10125202E+001  0.20357386E+001
  0.69025276E+000  0.84939801E+000  0.10125202E+001  0.20357327E+001
  0.69025277E+000  0.84939801E+000  0.10125202E+001  0.20357269E+001
  0.69025278E+000  0.84939802E+000  0.10125202E+001  0.20357212E+001
  0.69025279E+000  0.84939803E+000  0.10125202E+001  0.20357157E+001
  0.69025280E+000  0.84939803E+000  0.10125202E+001  0.20357102E+001
  0.69025281E+000  0.84939803E+000  0.10125202E+001  0.20357048E+001
  0.69025281E+000  0.84939803E+000  0.10125202E+001  0.20356996E+001
  0.69025281E+000  0.84939803E+000  0.10125202E+001  0.20356945E+001
  0.69025281E+000  0.84939803E+000  0.10125202E+001  0.20356895E+001
  0.69025280E+000  0.84939802E+000  0.10125202E+001  0.20356846E+001
  0.69025279E+000  0.84939800E+000  0.10125201E+001  0.20356799E+001
  0.69025278E+000  0.84939799E+000  0.10125201E+001  0.20356752E+001
  0.69025276E+000  0.84939797E+000  0.10125201E+001  0.20356708E+001
  0.69025274E+000  0.84939794E+000  0.10125200E+001  0.20356664E+001
  0.69025271E+000  0.84939791E+000  0.10125199E+001  0.20356622E+001
  0.69025267E+000  0.84939788E+000  0.10125199E+001  0.20356582E+001
  0.69025263E+000  0.84939784E+000  0.10125198E+001  0.20356543E+001
  0.69025258E+000  0.84939780E+000  0.10125196E+001  0.20356506E+001
  0.69025252E+000  0.84939775E+000  0.10125195E+001  0.20356470E+001
  0.69025245E+000  0.84939771E+000  0.10125193E+001  0.20356437E+001
  0.69025238E+000  0.84939766E+000  0.10125191E+001  0.20356405E+001
  0.69025229E+000  0.84939763E+000  0.10125189E+001  0.20356376E+001
  0.69025219E+000  0.84939761E+000  0.10125187E+001  0.20356349E+001
  0.69025207E+000  0.84939761E+000  0.10125184E+001  0.20356325E+001
  0.69025193E+000  0.84939767E+000  0.10125182E+001  0.20356304E+001
  0.69025175E+000  0.84939781E+000  0.10125181E+001  0.20356287E+001
  0.69025154E+000  0.84939814E+000  0.10125182E+001  0.20356275E+001
  0.69025124E+000  0.84939870E+000  0.10125184E+001  0.20356267E+001
  0.69025100E+000  0.84940008E+000  0.10125196E+001  0.20356270E+001
  0.69025044E+000  0.84940175E+000  0.10125202E+001  0.20356271E+001
  0.69025303E+000  0.84941057E+000  0.10125298E+001  0.20356364E+001
