 -0.28741720E+000
 -0.28795062E+000
 -0.28825379E+000
 -0.28844194E+000
 -0.28856542E+000
 -0.28864951E+000
 -0.28870816E+000
 -0.28874963E+000
 -0.28877905E+000
 -0.28879981E+000
 -0.28881417E+000
 -0.28882371E+000
 -0.28882959E+000
 -0.28883265E+000
 -0.28883354E+000
 -0.28883276E+000
 -0.28883069E+000
 -0.28882761E+000
 -0.28882375E+000
 -0.28881931E+000
 -0.28881441E+000
 -0.28880919E+000
 -0.28880372E+000
 -0.28879809E+000
 -0.28879236E+000
 -0.28878656E+000
 -0.28878073E+000
 -0.28877491E+000
 -0.28876910E+000
 -0.28876333E+000
 -0.28875761E+000
 -0.28875193E+000
 -0.28874630E+000
 -0.28874071E+000
 -0.28873518E+000
 -0.28872969E+000
 -0.28872423E+000
 -0.28871881E+000
 -0.28871342E+000
 -0.28870805E+000
 -0.28870270E+000
 -0.28869737E+000
 -0.28869204E+000
 -0.28868672E+000
 -0.28868140E+000
 -0.28867608E+000
 -0.28867077E+000
 -0.28866547E+000
 -0.28866017E+000
 -0.28865487E+000
 -0.28864959E+000
 -0.28864433E+000
 -0.28863909E+000
 -0.28863387E+000
 -0.28862868E+000
 -0.28862353E+000
 -0.28861842E+000
 -0.28861336E+000
 -0.28860834E+000
 -0.28860339E+000
 -0.28859849E+000
 -0.28859366E+000
 -0.28858889E+000
 -0.28858420E+000
 -0.28857958E+000
 -0.28857503E+000
 -0.28857056E+000
 -0.28856617E+000
 -0.28856185E+000
 -0.28855762E+000
 -0.28855347E+000
 -0.28854939E+000
 -0.28854540E+000
 -0.28854148E+000
 -0.28853764E+000
 -0.28853388E+000
 -0.28853020E+000
 -0.28852659E+000
 -0.28852306E+000
 -0.28851960E+000
 -0.28851621E+000
 -0.28851289E+000
 -0.28850964E+000
 -0.28850645E+000
 -0.28850332E+000
 -0.28850025E+000
 -0.28849725E+000
 -0.28849429E+000
 -0.28849139E+000
 -0.28848854E+000
 -0.28848573E+000
 -0.28848297E+000
 -0.28848025E+000
 -0.28847756E+000
 -0.28847492E+000
 -0.28847230E+000
 -0.28846971E+000
 -0.28846715E+000
 -0.28846460E+000
 -0.28846208E+000
 -0.28845957E+000
 -0.28845708E+000
 -0.28845459E+000
 -0.28845211E+000
 -0.28844963E+000
 -0.28844716E+000
 -0.28844468E+000
 -0.28844220E+000
 -0.28843971E+000
 -0.28843721E+000
 -0.28843470E+000
 -0.28843218E+000
 -0.28842964E+000
 -0.28842709E+000
 -0.28842452E+000
 -0.28842193E+000
 -0.28841932E+000
 -0.28841670E+000
 -0.28841405E+000
 -0.28841138E+000
 -0.28840870E+000
 -0.28840599E+000
 -0.28840327E+000
 -0.28840052E+000
 -0.28839776E+000
 -0.28839497E+000
 -0.28839218E+000
 -0.28838936E+000
 -0.28838654E+000
 -0.28838369E+000
 -0.28838084E+000
 -0.28837798E+000
 -0.28837511E+000
 -0.28837224E+000
 -0.28836936E+000
 -0.28836648E+000
 -0.28836360E+000
 -0.28836072E+000
 -0.28835784E+000
 -0.28835497E+000
 -0.28835211E+000
 -0.28834925E+000
 -0.28834641E+000
 -0.28834359E+000
 -0.28834078E+000
 -0.28833798E+000
 -0.28833521E+000
 -0.28833246E+000
 -0.28832973E+000
 -0.28832702E+000
 -0.28832434E+000
 -0.28832169E+000
 -0.28831907E+000
 -0.28831647E+000
 -0.28831391E+000
 -0.28831138E+000
 -0.28830889E+000
 -0.28830642E+000
 -0.28830400E+000
 -0.28830161E+000
 -0.28829925E+000
 -0.28829693E+000
 -0.28829466E+000
 -0.28829241E+000
 -0.28829021E+000
 -0.28828805E+000
 -0.28828592E+000
 -0.28828383E+000
 -0.28828179E+000
 -0.28827978E+000
 -0.28827781E+000
 -0.28827588E+000
 -0.28827399E+000
 -0.28827214E+000
 -0.28827033E+000
 -0.28826856E+000
 -0.28826683E+000
 -0.28826513E+000
 -0.28826348E+000
 -0.28826186E+000
 -0.28826028E+000
 -0.28825875E+000
 -0.28825725E+000
 -0.28825578E+000
 -0.28825436E+000
 -0.28825298E+000
 -0.28825163E+000
 -0.28825033E+000
 -0.28824906E+000
 -0.28824783E+000
 -0.28824664E+000
 -0.28824549E+000
 -0.28824437E+000
 -0.28824329E+000
 -0.28824224E+000
 -0.28824125E+000
 -0.28824027E+000
 -0.28823922E+000
 -0.28823772E+000
 -0.28823179E+000
