  0.54074591E+000
  0.54074920E+000
  0.54074536E+000
  0.54074060E+000
  0.54073618E+000
  0.54073233E+000
  0.54072906E+000
  0.54072632E+000
  0.54072402E+000
  0.54072211E+000
  0.54072053E+000
  0.54071922E+000
  0.54071814E+000
  0.54071725E+000
  0.54071653E+000
  0.54071594E+000
  0.54071547E+000
  0.54071511E+000
  0.54071482E+000
  0.54071461E+000
  0.54071446E+000
  0.54071437E+000
  0.54071432E+000
  0.54071431E+000
  0.54071433E+000
  0.54071439E+000
  0.54071447E+000
  0.54071457E+000
  0.54071470E+000
  0.54071485E+000
  0.54071501E+000
  0.54071519E+000
  0.54071538E+000
  0.54071558E+000
  0.54071579E+000
  0.54071602E+000
  0.54071625E+000
  0.54071650E+000
  0.54071675E+000
  0.54071701E+000
  0.54071728E+000
  0.54071756E+000
  0.54071784E+000
  0.54071813E+000
  0.54071843E+000
  0.54071872E+000
  0.54071903E+000
  0.54071934E+000
  0.54071965E+000
  0.54071997E+000
  0.54072029E+000
  0.54072061E+000
  0.54072093E+000
  0.54072125E+000
  0.54072157E+000
  0.54072190E+000
  0.54072222E+000
  0.54072254E+000
  0.54072286E+000
  0.54072318E+000
  0.54072350E+000
  0.54072381E+000
  0.54072412E+000
  0.54072443E+000
  0.54072474E+000
  0.54072504E+000
  0.54072534E+000
  0.54072563E+000
  0.54072592E+000
  0.54072621E+000
  0.54072650E+000
  0.54072678E+000
  0.54072706E+000
  0.54072733E+000
  0.54072761E+000
  0.54072788E+000
  0.54072815E+000
  0.54072841E+000
  0.54072868E+000
  0.54072894E+000
  0.54072921E+000
  0.54072947E+000
  0.54072973E+000
  0.54072999E+000
  0.54073025E+000
  0.54073051E+000
  0.54073077E+000
  0.54073103E+000
  0.54073129E+000
  0.54073155E+000
  0.54073181E+000
  0.54073206E+000
  0.54073232E+000
  0.54073257E+000
  0.54073283E+000
  0.54073308E+000
  0.54073333E+000
  0.54073358E+000
  0.54073383E+000
  0.54073407E+000
  0.54073431E+000
  0.54073455E+000
  0.54073479E+000
  0.54073503E+000
  0.54073527E+000
  0.54073550E+000
  0.54073573E+000
  0.54073596E+000
  0.54073618E+000
  0.54073641E+000
  0.54073663E+000
  0.54073685E+000
  0.54073706E+000
  0.54073728E+000
  0.54073749E+000
  0.54073771E+000
  0.54073792E+000
  0.54073812E+000
  0.54073833E+000
  0.54073854E+000
  0.54073874E+000
  0.54073894E+000
  0.54073914E+000
  0.54073934E+000
  0.54073954E+000
  0.54073973E+000
  0.54073992E+000
  0.54074012E+000
  0.54074031E+000
  0.54074049E+000
  0.54074068E+000
  0.54074086E+000
  0.54074104E+000
  0.54074122E+000
  0.54074140E+000
  0.54074157E+000
  0.54074174E+000
  0.54074191E+000
  0.54074207E+000
  0.54074223E+000
  0.54074239E+000
  0.54074254E+000
  0.54074269E+000
  0.54074284E+000
  0.54074299E+000
  0.54074313E+000
  0.54074326E+000
  0.54074339E+000
  0.54074352E+000
  0.54074365E+000
  0.54074377E+000
  0.54074388E+000
  0.54074399E+000
  0.54074410E+000
  0.54074420E+000
  0.54074430E+000
  0.54074440E+000
  0.54074449E+000
  0.54074458E+000
  0.54074466E+000
  0.54074474E+000
  0.54074481E+000
  0.54074489E+000
  0.54074495E+000
  0.54074502E+000
  0.54074508E+000
  0.54074514E+000
  0.54074519E+000
  0.54074524E+000
  0.54074529E+000
  0.54074534E+000
  0.54074538E+000
  0.54074542E+000
  0.54074546E+000
  0.54074549E+000
  0.54074553E+000
  0.54074556E+000
  0.54074559E+000
  0.54074561E+000
  0.54074563E+000
  0.54074566E+000
  0.54074568E+000
  0.54074569E+000
  0.54074571E+000
  0.54074572E+000
  0.54074573E+000
  0.54074573E+000
  0.54074574E+000
  0.54074573E+000
  0.54074572E+000
  0.54074571E+000
  0.54074568E+000
  0.54074563E+000
  0.54074555E+000
  0.54074544E+000
  0.54074525E+000
  0.54074500E+000
  0.54074435E+000
  0.54074390E+000
  0.54073924E+000
