 -0.15012498E+000  0.33234403E+000  0.36356188E+001  0.83937747E+002
 -0.15011881E+000  0.33239506E+000  0.36360246E+001  0.83961701E+002
 -0.15011383E+000  0.33243521E+000  0.36363430E+001  0.83980413E+002
 -0.15010980E+000  0.33246723E+000  0.36365964E+001  0.83995252E+002
 -0.15010651E+000  0.33249301E+000  0.36368000E+001  0.84007146E+002
 -0.15010384E+000  0.33251390E+000  0.36369646E+001  0.84016746E+002
 -0.15010167E+000  0.33253090E+000  0.36370982E+001  0.84024526E+002
 -0.15009991E+000  0.33254474E+000  0.36372068E+001  0.84030841E+002
 -0.15009848E+000  0.33255602E+000  0.36372950E+001  0.84035968E+002
 -0.15009734E+000  0.33256519E+000  0.36373665E+001  0.84040123E+002
 -0.15009642E+000  0.33257264E+000  0.36374242E+001  0.84043480E+002
 -0.15009570E+000  0.33257865E+000  0.36374705E+001  0.84046179E+002
 -0.15009514E+000  0.33258347E+000  0.36375074E+001  0.84048334E+002
 -0.15009471E+000  0.33258730E+000  0.36375364E+001  0.84050036E+002
 -0.15009439E+000  0.33259030E+000  0.36375588E+001  0.84051362E+002
 -0.15009417E+000  0.33259260E+000  0.36375756E+001  0.84052374E+002
 -0.15009403E+000  0.33259432E+000  0.36375878E+001  0.84053123E+002
 -0.15009396E+000  0.33259555E+000  0.36375961E+001  0.84053651E+002
 -0.15009394E+000  0.33259637E+000  0.36376011E+001  0.84053994E+002
 -0.15009398E+000  0.33259682E+000  0.36376032E+001  0.84054179E+002
 -0.15009406E+000  0.33259698E+000  0.36376029E+001  0.84054231E+002
 -0.15009417E+000  0.33259688E+000  0.36376006E+001  0.84054171E+002
 -0.15009432E+000  0.33259655E+000  0.36375965E+001  0.84054015E+002
 -0.15009450E+000  0.33259603E+000  0.36375908E+001  0.84053777E+002
 -0.15009470E+000  0.33259534E+000  0.36375839E+001  0.84053469E+002
 -0.15009493E+000  0.33259450E+000  0.36375758E+001  0.84053101E+002
 -0.15009517E+000  0.33259354E+000  0.36375666E+001  0.84052681E+002
 -0.15009543E+000  0.33259246E+000  0.36375566E+001  0.84052216E+002
 -0.15009571E+000  0.33259127E+000  0.36375458E+001  0.84051713E+002
 -0.15009600E+000  0.33258999E+000  0.36375343E+001  0.84051175E+002
 -0.15009631E+000  0.33258863E+000  0.36375221E+001  0.84050607E+002
 -0.15009663E+000  0.33258718E+000  0.36375094E+001  0.84050012E+002
 -0.15009696E+000  0.33258566E+000  0.36374961E+001  0.84049393E+002
 -0.15009731E+000  0.33258407E+000  0.36374823E+001  0.84048751E+002
 -0.15009766E+000  0.33258240E+000  0.36374680E+001  0.84048090E+002
 -0.15009803E+000  0.33258067E+000  0.36374533E+001  0.84047411E+002
 -0.15009841E+000  0.33257887E+000  0.36374382E+001  0.84046714E+002
 -0.15009879E+000  0.33257700E+000  0.36374226E+001  0.84046001E+002
 -0.15009919E+000  0.33257507E+000  0.36374067E+001  0.84045274E+002
 -0.15009959E+000  0.33257307E+000  0.36373903E+001  0.84044532E+002
 -0.15010001E+000  0.33257100E+000  0.36373736E+001  0.84043777E+002
 -0.15010043E+000  0.33256887E+000  0.36373566E+001  0.84043009E+002
 -0.15010086E+000  0.33256666E+000  0.36373391E+001  0.84042229E+002
 -0.15010130E+000  0.33256439E+000  0.36373214E+001  0.84041438E+002
 -0.15010175E+000  0.33256204E+000  0.36373033E+001  0.84040637E+002
 -0.15010220E+000  0.33255963E+000  0.36372849E+001  0.84039826E+002
 -0.15010266E+000  0.33255713E+000  0.36372662E+001  0.84039006E+002
 -0.15010313E+000  0.33255457E+000  0.36372472E+001  0.84038179E+002
 -0.15010360E+000  0.33255192E+000  0.36372279E+001  0.84037344E+002
 -0.15010408E+000  0.33254921E+000  0.36372083E+001  0.84036503E+002
 -0.15010457E+000  0.33254641E+000  0.36371885E+001  0.84035657E+002
 -0.15010506E+000  0.33254353E+000  0.36371684E+001  0.84034807E+002
 -0.15010555E+000  0.33254058E+000  0.36371481E+001  0.84033954E+002
 -0.15010604E+000  0.33253755E+000  0.36371276E+001  0.84033098E+002
 -0.15010653E+000  0.33253443E+000  0.36371069E+001  0.84032242E+002
 -0.15010703E+000  0.33253124E+000  0.36370861E+001  0.84031386E+002
 -0.15010752E+000  0.33252798E+000  0.36370650E+001  0.84030531E+002
 -0.15010802E+000  0.33252463E+000  0.36370438E+001  0.84029678E+002
 -0.15010851E+000  0.33252121E+000  0.36370225E+001  0.84028827E+002
 -0.15010899E+000  0.33251772E+000  0.36370010E+001  0.84027981E+002
 -0.15010948E+000  0.33251416E+000  0.36369794E+001  0.84027140E+002
 -0.15010996E+000  0.33251053E+000  0.36369577E+001  0.84026304E+002
 -0.15011043E+000  0.33250684E+000  0.36369358E+001  0.84025475E+002
 -0.15011090E+000  0.33250309E+000  0.36369139E+001  0.84024653E+002
 -0.15011135E+000  0.33249929E+000  0.36368920E+001  0.84023838E+002
 -0.15011180E+000  0.33249544E+000  0.36368699E+001  0.84023031E+002
 -0.15011224E+000  0.33249156E+000  0.36368478E+001  0.84022233E+002
 -0.15011268E+000  0.33248764E+000  0.36368257E+001  0.84021444E+002
 -0.15011310E+000  0.33248369E+000  0.36368035E+001  0.84020664E+002
 -0.15011351E+000  0.33247973E+000  0.36367812E+001  0.84019893E+002
 -0.15011390E+000  0.33247576E+000  0.36367590E+001  0.84019132E+002
 -0.15011429E+000  0.33247179E+000  0.36367368E+001  0.84018381E+002
 -0.15011466E+000  0.33246782E+000  0.36367146E+001  0.84017640E+002
 -0.15011502E+000  0.33246388E+000  0.36366925E+001  0.84016909E+002
 -0.15011537E+000  0.33245996E+000  0.36366704E+001  0.84016188E+002
 -0.15011570E+000  0.33245607E+000  0.36366484E+001  0.84015476E+002
 -0.15011602E+000  0.33245223E+000  0.36366265E+001  0.84014774E+002
 -0.15011632E+000  0.33244844E+000  0.36366047E+001  0.84014082E+002
 -0.15011661E+000  0.33244470E+000  0.36365831E+001  0.84013399E+002
 -0.15011689E+000  0.33244103E+000  0.36365617E+001  0.84012725E+002
 -0.15011715E+000  0.33243744E+000  0.36365405E+001  0.84012060E+002
 -0.15011739E+000  0.33243392E+000  0.36365195E+001  0.84011403E+002
 -0.15011763E+000  0.33243048E+000  0.36364989E+001  0.84010755E+002
 -0.15011784E+000  0.33242713E+000  0.36364784E+001  0.84010114E+002
 -0.15011805E+000  0.33242386E+000  0.36364583E+001  0.84009480E+002
 -0.15011824E+000  0.33242070E+000  0.36364386E+001  0.84008854E+002
 -0.15011842E+000  0.33241763E+000  0.36364191E+001  0.84008233E+002
 -0.15011859E+000  0.33241465E+000  0.36364001E+001  0.84007619E+002
 -0.15011874E+000  0.33241178E+000  0.36363813E+001  0.84007010E+002
 -0.15011888E+000  0.33240902E+000  0.36363630E+001  0.84006406E+002
 -0.15011902E+000  0.33240635E+000  0.36363451E+001  0.84005806E+002
 -0.15011914E+000  0.33240379E+000  0.36363275E+001  0.84005210E+002
 -0.15011925E+000  0.33240134E+000  0.36363103E+001  0.84004618E+002
 -0.15011935E+000  0.33239899E+000  0.36362935E+001  0.84004029E+002
 -0.15011945E+000  0.33239674E+000  0.36362770E+001  0.84003442E+002
 -0.15011954E+000  0.33239460E+000  0.36362609E+001  0.84002857E+002
 -0.15011962E+000  0.33239256E+000  0.36362451E+001  0.84002274E+002
 -0.15011969E+000  0.33239063E+000  0.36362297E+001  0.84001691E+002
 -0.15011976E+000  0.33238879E+000  0.36362146E+001  0.84001109E+002
 -0.15011982E+000  0.33238706E+000  0.36361997E+001  0.84000527E+002
 -0.15011987E+000  0.33238542E+000  0.36361852E+001  0.83999945E+002
 -0.15011993E+000  0.33238388E+000  0.36361709E+001  0.83999361E+002
 -0.15011997E+000  0.33238243E+000  0.36361568E+001  0.83998777E+002
 -0.15012002E+000  0.33238107E+000  0.36361430E+001  0.83998190E+002
 -0.15012006E+000  0.33237980E+000  0.36361294E+001  0.83997601E+002
 -0.15012010E+000  0.33237862E+000  0.36361160E+001  0.83997010E+002
 -0.15012013E+000  0.33237751E+000  0.36361027E+001  0.83996415E+002
 -0.15012017E+000  0.33237649E+000  0.36360896E+001  0.83995818E+002
 -0.15012020E+000  0.33237554E+000  0.36360767E+001  0.83995216E+002
 -0.15012023E+000  0.33237466E+000  0.36360640E+001  0.83994611E+002
 -0.15012026E+000  0.33237384E+000  0.36360513E+001  0.83994001E+002
 -0.15012029E+000  0.33237309E+000  0.36360389E+001  0.83993387E+002
 -0.15012032E+000  0.33237240E+000  0.36360265E+001  0.83992769E+002
 -0.15012035E+000  0.33237176E+000  0.36360143E+001  0.83992145E+002
 -0.15012039E+000  0.33237118E+000  0.36360023E+001  0.83991517E+002
 -0.15012042E+000  0.33237064E+000  0.36359904E+001  0.83990884E+002
 -0.15012045E+000  0.33237014E+000  0.36359786E+001  0.83990246E+002
 -0.15012048E+000  0.33236968E+000  0.36359670E+001  0.83989602E+002
 -0.15012051E+000  0.33236925E+000  0.36359556E+001  0.83988954E+002
 -0.15012054E+000  0.33236886E+000  0.36359444E+001  0.83988301E+002
 -0.15012057E+000  0.33236849E+000  0.36359333E+001  0.83987642E+002
 -0.15012060E+000  0.33236815E+000  0.36359225E+001  0.83986979E+002
 -0.15012064E+000  0.33236783E+000  0.36359118E+001  0.83986312E+002
 -0.15012067E+000  0.33236753E+000  0.36359015E+001  0.83985640E+002
 -0.15012070E+000  0.33236724E+000  0.36358913E+001  0.83984965E+002
 -0.15012073E+000  0.33236697E+000  0.36358814E+001  0.83984285E+002
 -0.15012077E+000  0.33236672E+000  0.36358718E+001  0.83983602E+002
 -0.15012080E+000  0.33236648E+000  0.36358624E+001  0.83982916E+002
 -0.15012083E+000  0.33236625E+000  0.36358534E+001  0.83982227E+002
 -0.15012086E+000  0.33236603E+000  0.36358446E+001  0.83981536E+002
 -0.15012089E+000  0.33236582E+000  0.36358362E+001  0.83980843E+002
 -0.15012091E+000  0.33236562E+000  0.36358281E+001  0.83980148E+002
 -0.15012094E+000  0.33236543E+000  0.36358203E+001  0.83979453E+002
 -0.15012096E+000  0.33236526E+000  0.36358129E+001  0.83978756E+002
 -0.15012099E+000  0.33236509E+000  0.36358058E+001  0.83978060E+002
 -0.15012101E+000  0.33236494E+000  0.36357990E+001  0.83977364E+002
 -0.15012102E+000  0.33236480E+000  0.36357927E+001  0.83976669E+002
 -0.15012104E+000  0.33236468E+000  0.36357866E+001  0.83975975E+002
 -0.15012105E+000  0.33236457E+000  0.36357809E+001  0.83975284E+002
 -0.15012106E+000  0.33236448E+000  0.36357756E+001  0.83974594E+002
 -0.15012107E+000  0.33236440E+000  0.36357706E+001  0.83973908E+002
 -0.15012108E+000  0.33236434E+000  0.36357660E+001  0.83973225E+002
 -0.15012108E+000  0.33236430E+000  0.36357617E+001  0.83972546E+002
 -0.15012108E+000  0.33236428E+000  0.36357578E+001  0.83971871E+002
 -0.15012108E+000  0.33236428E+000  0.36357542E+001  0.83971201E+002
 -0.15012108E+000  0.33236429E+000  0.36357509E+001  0.83970536E+002
 -0.15012107E+000  0.33236433E+000  0.36357479E+001  0.83969877E+002
 -0.15012106E+000  0.33236439E+000  0.36357453E+001  0.83969223E+002
 -0.15012105E+000  0.33236446E+000  0.36357429E+001  0.83968577E+002
 -0.15012104E+000  0.33236455E+000  0.36357408E+001  0.83967937E+002
 -0.15012103E+000  0.33236466E+000  0.36357390E+001  0.83967304E+002
 -0.15012101E+000  0.33236478E+000  0.36357375E+001  0.83966679E+002
 -0.15012100E+000  0.33236492E+000  0.36357362E+001  0.83966061E+002
 -0.15012098E+000  0.33236506E+000  0.36357352E+001  0.83965452E+002
 -0.15012097E+000  0.33236522E+000  0.36357344E+001  0.83964851E+002
 -0.15012095E+000  0.33236538E+000  0.36357338E+001  0.83964258E+002
 -0.15012094E+000  0.33236555E+000  0.36357333E+001  0.83963674E+002
 -0.15012092E+000  0.33236572E+000  0.36357331E+001  0.83963099E+002
 -0.15012091E+000  0.33236589E+000  0.36357330E+001  0.83962533E+002
 -0.15012091E+000  0.33236605E+000  0.36357330E+001  0.83961977E+002
 -0.15012090E+000  0.33236620E+000  0.36357332E+001  0.83961430E+002
 -0.15012090E+000  0.33236634E+000  0.36357334E+001  0.83960892E+002
 -0.15012090E+000  0.33236646E+000  0.36357338E+001  0.83960363E+002
 -0.15012091E+000  0.33236656E+000  0.36357342E+001  0.83959845E+002
 -0.15012092E+000  0.33236664E+000  0.36357346E+001  0.83959335E+002
 -0.15012094E+000  0.33236668E+000  0.36357350E+001  0.83958836E+002
 -0.15012096E+000  0.33236669E+000  0.36357354E+001  0.83958345E+002
 -0.15012099E+000  0.33236666E+000  0.36357358E+001  0.83957865E+002
 -0.15012103E+000  0.33236658E+000  0.36357361E+001  0.83957393E+002
 -0.15012108E+000  0.33236645E+000  0.36357363E+001  0.83956931E+002
 -0.15012113E+000  0.33236627E+000  0.36357364E+001  0.83956478E+002
 -0.15012120E+000  0.33236603E+000  0.36357364E+001  0.83956035E+002
 -0.15012127E+000  0.33236572E+000  0.36357361E+001  0.83955600E+002
 -0.15012136E+000  0.33236535E+000  0.36357357E+001  0.83955174E+002
 -0.15012145E+000  0.33236489E+000  0.36357350E+001  0.83954756E+002
 -0.15012156E+000  0.33236435E+000  0.36357340E+001  0.83954347E+002
 -0.15012167E+000  0.33236373E+000  0.36357327E+001  0.83953946E+002
 -0.15012180E+000  0.33236302E+000  0.36357311E+001  0.83953553E+002
 -0.15012194E+000  0.33236221E+000  0.36357291E+001  0.83953167E+002
 -0.15012210E+000  0.33236129E+000  0.36357266E+001  0.83952789E+002
 -0.15012227E+000  0.33236027E+000  0.36357236E+001  0.83952417E+002
 -0.15012245E+000  0.33235914E+000  0.36357201E+001  0.83952051E+002
 -0.15012264E+000  0.33235789E+000  0.36357160E+001  0.83951692E+002
 -0.15012285E+000  0.33235651E+000  0.36357112E+001  0.83951338E+002
 -0.15012308E+000  0.33235501E+000  0.36357057E+001  0.83950989E+002
 -0.15012332E+000  0.33235337E+000  0.36356994E+001  0.83950643E+002
 -0.15012358E+000  0.33235159E+000  0.36356923E+001  0.83950302E+002
 -0.15012387E+000  0.33234965E+000  0.36356841E+001  0.83949963E+002
 -0.15012419E+000  0.33234754E+000  0.36356747E+001  0.83949626E+002
 -0.15012454E+000  0.33234523E+000  0.36356641E+001  0.83949289E+002
 -0.15012495E+000  0.33234269E+000  0.36356518E+001  0.83948951E+002
 -0.15012545E+000  0.33233986E+000  0.36356377E+001  0.83948611E+002
 -0.15012607E+000  0.33233665E+000  0.36356212E+001  0.83948267E+002
 -0.15012689E+000  0.33233291E+000  0.36356017E+001  0.83947916E+002
 -0.15012806E+000  0.33232836E+000  0.36355780E+001  0.83947556E+002
 -0.15012976E+000  0.33232262E+000  0.36355490E+001  0.83947184E+002
 -0.15013248E+000  0.33231455E+000  0.36355117E+001  0.83946795E+002
 -0.15013667E+000  0.33230325E+000  0.36354646E+001  0.83946385E+002
 -0.15014453E+000  0.33228237E+000  0.36353962E+001  0.83945915E+002
 -0.15015569E+000  0.33225577E+000  0.36353175E+001  0.83945406E+002
