  0.61579861E+000  0.10036700E+001  0.11856696E+001  0.36062895E+001
  0.61556390E+000  0.10035173E+001  0.11846295E+001  0.35919570E+001
  0.61538449E+000  0.10034038E+001  0.11838423E+001  0.35813425E+001
  0.61524727E+000  0.10033158E+001  0.11832395E+001  0.35732548E+001
  0.61513985E+000  0.10032466E+001  0.11827674E+001  0.35669351E+001
  0.61505414E+000  0.10031915E+001  0.11823910E+001  0.35619063E+001
  0.61498491E+000  0.10031467E+001  0.11820870E+001  0.35578484E+001
  0.61492851E+000  0.10031101E+001  0.11818394E+001  0.35545442E+001
  0.61488216E+000  0.10030802E+001  0.11816362E+001  0.35518350E+001
  0.61484402E+000  0.10030556E+001  0.11814690E+001  0.35496074E+001
  0.61481250E+000  0.10030353E+001  0.11813309E+001  0.35477670E+001
  0.61478635E+000  0.10030185E+001  0.11812165E+001  0.35462425E+001
  0.61476464E+000  0.10030046E+001  0.11811216E+001  0.35449774E+001
  0.61474659E+000  0.10029930E+001  0.11810427E+001  0.35439259E+001
  0.61473159E+000  0.10029834E+001  0.11809770E+001  0.35430519E+001
  0.61471911E+000  0.10029755E+001  0.11809221E+001  0.35423249E+001
  0.61470872E+000  0.10029688E+001  0.11808763E+001  0.35417194E+001
  0.61470006E+000  0.10029633E+001  0.11808382E+001  0.35412148E+001
  0.61469286E+000  0.10029587E+001  0.11808065E+001  0.35407946E+001
  0.61468687E+000  0.10029549E+001  0.11807802E+001  0.35404451E+001
  0.61468191E+000  0.10029518E+001  0.11807584E+001  0.35401553E+001
  0.61467780E+000  0.10029492E+001  0.11807404E+001  0.35399153E+001
  0.61467442E+000  0.10029471E+001  0.11807256E+001  0.35397171E+001
  0.61467163E+000  0.10029454E+001  0.11807135E+001  0.35395540E+001
  0.61466936E+000  0.10029440E+001  0.11807036E+001  0.35394203E+001
  0.61466751E+000  0.10029428E+001  0.11806956E+001  0.35393112E+001
  0.61466601E+000  0.10029419E+001  0.11806892E+001  0.35392226E+001
  0.61466480E+000  0.10029412E+001  0.11806840E+001  0.35391510E+001
  0.61466384E+000  0.10029407E+001  0.11806800E+001  0.35390934E+001
  0.61466307E+000  0.10029402E+001  0.11806768E+001  0.35390473E+001
  0.61466247E+000  0.10029399E+001  0.11806743E+001  0.35390108E+001
  0.61466200E+000  0.10029397E+001  0.11806725E+001  0.35389817E+001
  0.61466164E+000  0.10029395E+001  0.11806711E+001  0.35389588E+001
  0.61466136E+000  0.10029394E+001  0.11806701E+001  0.35389410E+001
  0.61466116E+000  0.10029393E+001  0.11806694E+001  0.35389272E+001
  0.61466101E+000  0.10029393E+001  0.11806690E+001  0.35389166E+001
  0.61466090E+000  0.10029393E+001  0.11806688E+001  0.35389086E+001
  0.61466083E+000  0.10029393E+001  0.11806687E+001  0.35389026E+001
  0.61466078E+000  0.10029393E+001  0.11806688E+001  0.35388981E+001
  0.61466076E+000  0.10029394E+001  0.11806689E+001  0.35388949E+001
  0.61466075E+000  0.10029395E+001  0.11806692E+001  0.35388927E+001
  0.61466076E+000  0.10029395E+001  0.11806695E+001  0.35388911E+001
  0.61466077E+000  0.10029396E+001  0.11806698E+001  0.35388902E+001
  0.61466079E+000  0.10029397E+001  0.11806702E+001  0.35388897E+001
  0.61466082E+000  0.10029398E+001  0.11806706E+001  0.35388895E+001
  0.61466085E+000  0.10029399E+001  0.11806711E+001  0.35388896E+001
  0.61466088E+000  0.10029400E+001  0.11806716E+001  0.35388900E+001
  0.61466092E+000  0.10029401E+001  0.11806720E+001  0.35388905E+001
  0.61466095E+000  0.10029402E+001  0.11806725E+001  0.35388912E+001
  0.61466098E+000  0.10029403E+001  0.11806730E+001  0.35388919E+001
  0.61466101E+000  0.10029403E+001  0.11806735E+001  0.35388927E+001
  0.61466104E+000  0.10029404E+001  0.11806740E+001  0.35388935E+001
  0.61466107E+000  0.10029405E+001  0.11806744E+001  0.35388942E+001
  0.61466109E+000  0.10029406E+001  0.11806749E+001  0.35388950E+001
  0.61466110E+000  0.10029407E+001  0.11806753E+001  0.35388956E+001
  0.61466111E+000  0.10029408E+001  0.11806758E+001  0.35388962E+001
  0.61466112E+000  0.10029408E+001  0.11806762E+001  0.35388966E+001
  0.61466112E+000  0.10029409E+001  0.11806766E+001  0.35388969E+001
  0.61466111E+000  0.10029410E+001  0.11806769E+001  0.35388970E+001
  0.61466109E+000  0.10029410E+001  0.11806772E+001  0.35388970E+001
  0.61466107E+000  0.10029411E+001  0.11806775E+001  0.35388967E+001
  0.61466103E+000  0.10029411E+001  0.11806778E+001  0.35388961E+001
  0.61466099E+000  0.10029412E+001  0.11806780E+001  0.35388954E+001
  0.61466094E+000  0.10029412E+001  0.11806782E+001  0.35388943E+001
  0.61466088E+000  0.10029412E+001  0.11806784E+001  0.35388930E+001
  0.61466082E+000  0.10029412E+001  0.11806785E+001  0.35388915E+001
  0.61466074E+000  0.10029413E+001  0.11806785E+001  0.35388897E+001
  0.61466066E+000  0.10029413E+001  0.11806785E+001  0.35388877E+001
  0.61466057E+000  0.10029413E+001  0.11806785E+001  0.35388854E+001
  0.61466047E+000  0.10029413E+001  0.11806785E+001  0.35388829E+001
  0.61466036E+000  0.10029413E+001  0.11806784E+001  0.35388801E+001
  0.61466025E+000  0.10029412E+001  0.11806782E+001  0.35388772E+001
  0.61466013E+000  0.10029412E+001  0.11806781E+001  0.35388740E+001
  0.61466001E+000  0.10029412E+001  0.11806779E+001  0.35388706E+001
  0.61465988E+000  0.10029412E+001  0.11806776E+001  0.35388671E+001
  0.61465974E+000  0.10029411E+001  0.11806773E+001  0.35388633E+001
  0.61465960E+000  0.10029411E+001  0.11806770E+001  0.35388594E+001
  0.61465946E+000  0.10029411E+001  0.11806767E+001  0.35388553E+001
  0.61465931E+000  0.10029410E+001  0.11806763E+001  0.35388511E+001
  0.61465916E+000  0.10029410E+001  0.11806759E+001  0.35388467E+001
  0.61465900E+000  0.10029409E+001  0.11806755E+001  0.35388421E+001
  0.61465885E+000  0.10029409E+001  0.11806750E+001  0.35388374E+001
  0.61465868E+000  0.10029408E+001  0.11806745E+001  0.35388325E+001
  0.61465852E+000  0.10029407E+001  0.11806740E+001  0.35388274E+001
  0.61465835E+000  0.10029407E+001  0.11806734E+001  0.35388222E+001
  0.61465818E+000  0.10029406E+001  0.11806729E+001  0.35388168E+001
  0.61465801E+000  0.10029405E+001  0.11806723E+001  0.35388113E+001
  0.61465784E+000  0.10029404E+001  0.11806717E+001  0.35388056E+001
  0.61465766E+000  0.10029403E+001  0.11806710E+001  0.35387997E+001
  0.61465748E+000  0.10029402E+001  0.11806704E+001  0.35387937E+001
  0.61465730E+000  0.10029402E+001  0.11806697E+001  0.35387876E+001
  0.61465711E+000  0.10029401E+001  0.11806690E+001  0.35387812E+001
  0.61465693E+000  0.10029400E+001  0.11806683E+001  0.35387747E+001
  0.61465674E+000  0.10029399E+001  0.11806676E+001  0.35387681E+001
  0.61465655E+000  0.10029398E+001  0.11806668E+001  0.35387612E+001
  0.61465636E+000  0.10029397E+001  0.11806661E+001  0.35387542E+001
  0.61465617E+000  0.10029395E+001  0.11806653E+001  0.35387471E+001
  0.61465597E+000  0.10029394E+001  0.11806645E+001  0.35387397E+001
  0.61465578E+000  0.10029393E+001  0.11806638E+001  0.35387322E+001
  0.61465558E+000  0.10029392E+001  0.11806630E+001  0.35387245E+001
  0.61465538E+000  0.10029391E+001  0.11806622E+001  0.35387165E+001
  0.61465519E+000  0.10029390E+001  0.11806614E+001  0.35387085E+001
  0.61465499E+000  0.10029388E+001  0.11806606E+001  0.35387002E+001
  0.61465479E+000  0.10029387E+001  0.11806597E+001  0.35386917E+001
  0.61465459E+000  0.10029386E+001  0.11806589E+001  0.35386831E+001
  0.61465439E+000  0.10029385E+001  0.11806581E+001  0.35386742E+001
  0.61465419E+000  0.10029383E+001  0.11806573E+001  0.35386652E+001
  0.61465399E+000  0.10029382E+001  0.11806565E+001  0.35386559E+001
  0.61465379E+000  0.10029381E+001  0.11806557E+001  0.35386465E+001
  0.61465359E+000  0.10029380E+001  0.11806548E+001  0.35386369E+001
  0.61465339E+000  0.10029378E+001  0.11806540E+001  0.35386272E+001
  0.61465319E+000  0.10029377E+001  0.11806532E+001  0.35386172E+001
  0.61465299E+000  0.10029376E+001  0.11806524E+001  0.35386071E+001
  0.61465279E+000  0.10029375E+001  0.11806516E+001  0.35385968E+001
  0.61465260E+000  0.10029373E+001  0.11806508E+001  0.35385863E+001
  0.61465240E+000  0.10029372E+001  0.11806500E+001  0.35385757E+001
  0.61465221E+000  0.10029371E+001  0.11806492E+001  0.35385649E+001
  0.61465202E+000  0.10029370E+001  0.11806484E+001  0.35385540E+001
  0.61465183E+000  0.10029369E+001  0.11806476E+001  0.35385430E+001
  0.61465164E+000  0.10029368E+001  0.11806469E+001  0.35385318E+001
  0.61465145E+000  0.10029366E+001  0.11806461E+001  0.35385205E+001
  0.61465127E+000  0.10029365E+001  0.11806454E+001  0.35385091E+001
  0.61465109E+000  0.10029364E+001  0.11806446E+001  0.35384975E+001
  0.61465091E+000  0.10029363E+001  0.11806439E+001  0.35384859E+001
  0.61465074E+000  0.10029362E+001  0.11806432E+001  0.35384742E+001
  0.61465057E+000  0.10029361E+001  0.11806425E+001  0.35384624E+001
  0.61465040E+000  0.10029360E+001  0.11806418E+001  0.35384505E+001
  0.61465023E+000  0.10029359E+001  0.11806412E+001  0.35384386E+001
  0.61465007E+000  0.10029358E+001  0.11806405E+001  0.35384266E+001
  0.61464991E+000  0.10029357E+001  0.11806399E+001  0.35384146E+001
  0.61464976E+000  0.10029356E+001  0.11806392E+001  0.35384025E+001
  0.61464961E+000  0.10029356E+001  0.11806386E+001  0.35383904E+001
  0.61464946E+000  0.10029355E+001  0.11806380E+001  0.35383783E+001
  0.61464932E+000  0.10029354E+001  0.11806375E+001  0.35383662E+001
  0.61464918E+000  0.10029353E+001  0.11806369E+001  0.35383541E+001
  0.61464905E+000  0.10029352E+001  0.11806364E+001  0.35383420E+001
  0.61464892E+000  0.10029352E+001  0.11806358E+001  0.35383299E+001
  0.61464880E+000  0.10029351E+001  0.11806353E+001  0.35383178E+001
  0.61464868E+000  0.10029350E+001  0.11806348E+001  0.35383058E+001
  0.61464856E+000  0.10029350E+001  0.11806344E+001  0.35382938E+001
  0.61464845E+000  0.10029349E+001  0.11806339E+001  0.35382819E+001
  0.61464834E+000  0.10029349E+001  0.11806335E+001  0.35382700E+001
  0.61464824E+000  0.10029348E+001  0.11806331E+001  0.35382582E+001
  0.61464815E+000  0.10029347E+001  0.11806327E+001  0.35382464E+001
  0.61464806E+000  0.10029347E+001  0.11806323E+001  0.35382348E+001
  0.61464797E+000  0.10029347E+001  0.11806320E+001  0.35382232E+001
  0.61464789E+000  0.10029346E+001  0.11806316E+001  0.35382117E+001
  0.61464781E+000  0.10029346E+001  0.11806313E+001  0.35382003E+001
  0.61464774E+000  0.10029345E+001  0.11806310E+001  0.35381890E+001
  0.61464767E+000  0.10029345E+001  0.11806307E+001  0.35381778E+001
  0.61464760E+000  0.10029345E+001  0.11806305E+001  0.35381667E+001
  0.61464754E+000  0.10029344E+001  0.11806302E+001  0.35381557E+001
  0.61464749E+000  0.10029344E+001  0.11806300E+001  0.35381448E+001
  0.61464743E+000  0.10029344E+001  0.11806298E+001  0.35381341E+001
  0.61464738E+000  0.10029343E+001  0.11806296E+001  0.35381234E+001
  0.61464734E+000  0.10029343E+001  0.11806294E+001  0.35381130E+001
  0.61464730E+000  0.10029343E+001  0.11806292E+001  0.35381026E+001
  0.61464726E+000  0.10029343E+001  0.11806290E+001  0.35380923E+001
  0.61464722E+000  0.10029343E+001  0.11806289E+001  0.35380822E+001
  0.61464719E+000  0.10029342E+001  0.11806287E+001  0.35380723E+001
  0.61464716E+000  0.10029342E+001  0.11806286E+001  0.35380625E+001
  0.61464714E+000  0.10029342E+001  0.11806285E+001  0.35380528E+001
  0.61464711E+000  0.10029342E+001  0.11806284E+001  0.35380432E+001
  0.61464709E+000  0.10029342E+001  0.11806283E+001  0.35380338E+001
  0.61464707E+000  0.10029342E+001  0.11806282E+001  0.35380245E+001
  0.61464705E+000  0.10029342E+001  0.11806281E+001  0.35380154E+001
  0.61464703E+000  0.10029342E+001  0.11806280E+001  0.35380064E+001
  0.61464701E+000  0.10029341E+001  0.11806279E+001  0.35379976E+001
  0.61464699E+000  0.10029341E+001  0.11806278E+001  0.35379889E+001
  0.61464698E+000  0.10029341E+001  0.11806278E+001  0.35379804E+001
  0.61464696E+000  0.10029341E+001  0.11806277E+001  0.35379720E+001
  0.61464694E+000  0.10029341E+001  0.11806276E+001  0.35379637E+001
  0.61464692E+000  0.10029341E+001  0.11806275E+001  0.35379555E+001
  0.61464691E+000  0.10029341E+001  0.11806275E+001  0.35379475E+001
  0.61464689E+000  0.10029340E+001  0.11806274E+001  0.35379397E+001
  0.61464687E+000  0.10029340E+001  0.11806273E+001  0.35379320E+001
  0.61464684E+000  0.10029340E+001  0.11806272E+001  0.35379244E+001
  0.61464682E+000  0.10029340E+001  0.11806271E+001  0.35379169E+001
  0.61464679E+000  0.10029340E+001  0.11806270E+001  0.35379095E+001
  0.61464676E+000  0.10029339E+001  0.11806269E+001  0.35379023E+001
  0.61464673E+000  0.10029339E+001  0.11806268E+001  0.35378952E+001
  0.61464669E+000  0.10029339E+001  0.11806266E+001  0.35378882E+001
  0.61464665E+000  0.10029339E+001  0.11806265E+001  0.35378813E+001
  0.61464660E+000  0.10029338E+001  0.11806263E+001  0.35378745E+001
  0.61464655E+000  0.10029338E+001  0.11806261E+001  0.35378678E+001
  0.61464649E+000  0.10029337E+001  0.11806259E+001  0.35378611E+001
  0.61464642E+000  0.10029337E+001  0.11806256E+001  0.35378546E+001
  0.61464634E+000  0.10029336E+001  0.11806254E+001  0.35378481E+001
  0.61464624E+000  0.10029336E+001  0.11806250E+001  0.35378416E+001
  0.61464614E+000  0.10029335E+001  0.11806247E+001  0.35378351E+001
  0.61464601E+000  0.10029334E+001  0.11806243E+001  0.35378286E+001
  0.61464585E+000  0.10029333E+001  0.11806238E+001  0.35378221E+001
  0.61464565E+000  0.10029332E+001  0.11806233E+001  0.35378154E+001
  0.61464539E+000  0.10029331E+001  0.11806226E+001  0.35378085E+001
  0.61464506E+000  0.10029329E+001  0.11806219E+001  0.35378014E+001
  0.61464456E+000  0.10029326E+001  0.11806210E+001  0.35377939E+001
  0.61464392E+000  0.10029322E+001  0.11806199E+001  0.35377856E+001
  0.61464266E+000  0.10029311E+001  0.11806179E+001  0.35377738E+001
  0.61464140E+000  0.10029305E+001  0.11806161E+001  0.35377609E+001
  0.61463614E+000  0.10029235E+001  0.11806033E+001  0.35377398E+001
