  0.57821381E+000
  0.57821663E+000
  0.57821299E+000
  0.57820843E+000
  0.57820416E+000
  0.57820042E+000
  0.57819723E+000
  0.57819455E+000
  0.57819232E+000
  0.57819046E+000
  0.57818891E+000
  0.57818764E+000
  0.57818660E+000
  0.57818575E+000
  0.57818506E+000
  0.57818450E+000
  0.57818407E+000
  0.57818373E+000
  0.57818348E+000
  0.57818330E+000
  0.57818318E+000
  0.57818312E+000
  0.57818310E+000
  0.57818313E+000
  0.57818319E+000
  0.57818328E+000
  0.57818339E+000
  0.57818354E+000
  0.57818370E+000
  0.57818389E+000
  0.57818409E+000
  0.57818430E+000
  0.57818454E+000
  0.57818478E+000
  0.57818504E+000
  0.57818531E+000
  0.57818559E+000
  0.57818589E+000
  0.57818619E+000
  0.57818650E+000
  0.57818682E+000
  0.57818715E+000
  0.57818748E+000
  0.57818783E+000
  0.57818818E+000
  0.57818853E+000
  0.57818889E+000
  0.57818926E+000
  0.57818963E+000
  0.57819001E+000
  0.57819038E+000
  0.57819077E+000
  0.57819115E+000
  0.57819153E+000
  0.57819191E+000
  0.57819230E+000
  0.57819268E+000
  0.57819306E+000
  0.57819344E+000
  0.57819382E+000
  0.57819419E+000
  0.57819456E+000
  0.57819493E+000
  0.57819529E+000
  0.57819565E+000
  0.57819600E+000
  0.57819635E+000
  0.57819669E+000
  0.57819702E+000
  0.57819736E+000
  0.57819768E+000
  0.57819800E+000
  0.57819832E+000
  0.57819863E+000
  0.57819894E+000
  0.57819925E+000
  0.57819955E+000
  0.57819984E+000
  0.57820014E+000
  0.57820043E+000
  0.57820072E+000
  0.57820100E+000
  0.57820129E+000
  0.57820157E+000
  0.57820185E+000
  0.57820213E+000
  0.57820241E+000
  0.57820268E+000
  0.57820296E+000
  0.57820323E+000
  0.57820350E+000
  0.57820377E+000
  0.57820404E+000
  0.57820430E+000
  0.57820457E+000
  0.57820483E+000
  0.57820509E+000
  0.57820534E+000
  0.57820559E+000
  0.57820584E+000
  0.57820609E+000
  0.57820634E+000
  0.57820658E+000
  0.57820681E+000
  0.57820705E+000
  0.57820728E+000
  0.57820751E+000
  0.57820774E+000
  0.57820796E+000
  0.57820818E+000
  0.57820840E+000
  0.57820862E+000
  0.57820883E+000
  0.57820905E+000
  0.57820926E+000
  0.57820946E+000
  0.57820967E+000
  0.57820988E+000
  0.57821008E+000
  0.57821028E+000
  0.57821048E+000
  0.57821068E+000
  0.57821088E+000
  0.57821107E+000
  0.57821127E+000
  0.57821146E+000
  0.57821165E+000
  0.57821184E+000
  0.57821203E+000
  0.57821221E+000
  0.57821240E+000
  0.57821258E+000
  0.57821276E+000
  0.57821294E+000
  0.57821312E+000
  0.57821329E+000
  0.57821346E+000
  0.57821363E+000
  0.57821379E+000
  0.57821396E+000
  0.57821412E+000
  0.57821427E+000
  0.57821443E+000
  0.57821458E+000
  0.57821472E+000
  0.57821486E+000
  0.57821500E+000
  0.57821514E+000
  0.57821527E+000
  0.57821540E+000
  0.57821552E+000
  0.57821564E+000
  0.57821575E+000
  0.57821586E+000
  0.57821597E+000
  0.57821607E+000
  0.57821617E+000
  0.57821627E+000
  0.57821636E+000
  0.57821644E+000
  0.57821653E+000
  0.57821661E+000
  0.57821668E+000
  0.57821675E+000
  0.57821682E+000
  0.57821688E+000
  0.57821694E+000
  0.57821700E+000
  0.57821706E+000
  0.57821711E+000
  0.57821715E+000
  0.57821720E+000
  0.57821724E+000
  0.57821728E+000
  0.57821731E+000
  0.57821735E+000
  0.57821738E+000
  0.57821740E+000
  0.57821743E+000
  0.57821745E+000
  0.57821747E+000
  0.57821748E+000
  0.57821749E+000
  0.57821750E+000
  0.57821750E+000
  0.57821750E+000
  0.57821750E+000
  0.57821748E+000
  0.57821746E+000
  0.57821743E+000
  0.57821738E+000
  0.57821732E+000
  0.57821723E+000
  0.57821711E+000
  0.57821694E+000
  0.57821668E+000
  0.57821635E+000
  0.57821562E+000
  0.57821508E+000
  0.57821055E+000
