  0.83869405E+000
  0.83869764E+000
  0.83869302E+000
  0.83868723E+000
  0.83868180E+000
  0.83867705E+000
  0.83867300E+000
  0.83866960E+000
  0.83866676E+000
  0.83866440E+000
  0.83866244E+000
  0.83866082E+000
  0.83865950E+000
  0.83865842E+000
  0.83865754E+000
  0.83865684E+000
  0.83865628E+000
  0.83865586E+000
  0.83865553E+000
  0.83865531E+000
  0.83865516E+000
  0.83865508E+000
  0.83865506E+000
  0.83865509E+000
  0.83865516E+000
  0.83865528E+000
  0.83865543E+000
  0.83865561E+000
  0.83865582E+000
  0.83865605E+000
  0.83865631E+000
  0.83865658E+000
  0.83865688E+000
  0.83865719E+000
  0.83865752E+000
  0.83865786E+000
  0.83865822E+000
  0.83865859E+000
  0.83865898E+000
  0.83865937E+000
  0.83865978E+000
  0.83866019E+000
  0.83866062E+000
  0.83866106E+000
  0.83866150E+000
  0.83866195E+000
  0.83866241E+000
  0.83866288E+000
  0.83866335E+000
  0.83866382E+000
  0.83866431E+000
  0.83866479E+000
  0.83866527E+000
  0.83866576E+000
  0.83866625E+000
  0.83866674E+000
  0.83866722E+000
  0.83866771E+000
  0.83866819E+000
  0.83866867E+000
  0.83866914E+000
  0.83866961E+000
  0.83867008E+000
  0.83867053E+000
  0.83867099E+000
  0.83867144E+000
  0.83867188E+000
  0.83867231E+000
  0.83867274E+000
  0.83867316E+000
  0.83867357E+000
  0.83867398E+000
  0.83867438E+000
  0.83867478E+000
  0.83867517E+000
  0.83867556E+000
  0.83867594E+000
  0.83867632E+000
  0.83867669E+000
  0.83867706E+000
  0.83867743E+000
  0.83867779E+000
  0.83867815E+000
  0.83867851E+000
  0.83867887E+000
  0.83867922E+000
  0.83867957E+000
  0.83867993E+000
  0.83868027E+000
  0.83868062E+000
  0.83868096E+000
  0.83868131E+000
  0.83868165E+000
  0.83868198E+000
  0.83868232E+000
  0.83868265E+000
  0.83868298E+000
  0.83868330E+000
  0.83868362E+000
  0.83868394E+000
  0.83868425E+000
  0.83868456E+000
  0.83868487E+000
  0.83868517E+000
  0.83868547E+000
  0.83868577E+000
  0.83868606E+000
  0.83868635E+000
  0.83868663E+000
  0.83868691E+000
  0.83868719E+000
  0.83868746E+000
  0.83868774E+000
  0.83868801E+000
  0.83868827E+000
  0.83868854E+000
  0.83868880E+000
  0.83868906E+000
  0.83868932E+000
  0.83868957E+000
  0.83868983E+000
  0.83869008E+000
  0.83869033E+000
  0.83869058E+000
  0.83869083E+000
  0.83869107E+000
  0.83869131E+000
  0.83869155E+000
  0.83869179E+000
  0.83869203E+000
  0.83869226E+000
  0.83869250E+000
  0.83869272E+000
  0.83869295E+000
  0.83869317E+000
  0.83869339E+000
  0.83869361E+000
  0.83869383E+000
  0.83869404E+000
  0.83869424E+000
  0.83869445E+000
  0.83869464E+000
  0.83869484E+000
  0.83869503E+000
  0.83869521E+000
  0.83869539E+000
  0.83869557E+000
  0.83869574E+000
  0.83869591E+000
  0.83869607E+000
  0.83869623E+000
  0.83869638E+000
  0.83869652E+000
  0.83869666E+000
  0.83869680E+000
  0.83869693E+000
  0.83869706E+000
  0.83869718E+000
  0.83869729E+000
  0.83869740E+000
  0.83869751E+000
  0.83869761E+000
  0.83869770E+000
  0.83869779E+000
  0.83869788E+000
  0.83869796E+000
  0.83869804E+000
  0.83869811E+000
  0.83869818E+000
  0.83869824E+000
  0.83869830E+000
  0.83869836E+000
  0.83869841E+000
  0.83869846E+000
  0.83869851E+000
  0.83869855E+000
  0.83869859E+000
  0.83869862E+000
  0.83869865E+000
  0.83869868E+000
  0.83869870E+000
  0.83869872E+000
  0.83869873E+000
  0.83869874E+000
  0.83869875E+000
  0.83869875E+000
  0.83869874E+000
  0.83869872E+000
  0.83869869E+000
  0.83869865E+000
  0.83869860E+000
  0.83869852E+000
  0.83869841E+000
  0.83869825E+000
  0.83869804E+000
  0.83869771E+000
  0.83869728E+000
  0.83869636E+000
  0.83869567E+000
  0.83868992E+000
