  0.21938893E+002
  0.21944998E+002
  0.21949767E+002
  0.21953549E+002
  0.21956581E+002
  0.21959028E+002
  0.21961011E+002
  0.21962621E+002
  0.21963928E+002
  0.21964987E+002
  0.21965842E+002
  0.21966531E+002
  0.21967080E+002
  0.21967514E+002
  0.21967852E+002
  0.21968109E+002
  0.21968300E+002
  0.21968435E+002
  0.21968522E+002
  0.21968569E+002
  0.21968582E+002
  0.21968566E+002
  0.21968526E+002
  0.21968465E+002
  0.21968386E+002
  0.21968291E+002
  0.21968184E+002
  0.21968065E+002
  0.21967936E+002
  0.21967798E+002
  0.21967653E+002
  0.21967500E+002
  0.21967342E+002
  0.21967178E+002
  0.21967008E+002
  0.21966834E+002
  0.21966656E+002
  0.21966473E+002
  0.21966286E+002
  0.21966096E+002
  0.21965903E+002
  0.21965706E+002
  0.21965506E+002
  0.21965303E+002
  0.21965098E+002
  0.21964890E+002
  0.21964679E+002
  0.21964467E+002
  0.21964252E+002
  0.21964037E+002
  0.21963819E+002
  0.21963601E+002
  0.21963382E+002
  0.21963162E+002
  0.21962942E+002
  0.21962721E+002
  0.21962501E+002
  0.21962282E+002
  0.21962063E+002
  0.21961845E+002
  0.21961628E+002
  0.21961413E+002
  0.21961199E+002
  0.21960987E+002
  0.21960777E+002
  0.21960569E+002
  0.21960362E+002
  0.21960158E+002
  0.21959957E+002
  0.21959758E+002
  0.21959561E+002
  0.21959366E+002
  0.21959174E+002
  0.21958985E+002
  0.21958798E+002
  0.21958614E+002
  0.21958432E+002
  0.21958252E+002
  0.21958075E+002
  0.21957900E+002
  0.21957728E+002
  0.21957557E+002
  0.21957389E+002
  0.21957223E+002
  0.21957059E+002
  0.21956896E+002
  0.21956735E+002
  0.21956576E+002
  0.21956418E+002
  0.21956262E+002
  0.21956107E+002
  0.21955953E+002
  0.21955800E+002
  0.21955648E+002
  0.21955496E+002
  0.21955346E+002
  0.21955195E+002
  0.21955045E+002
  0.21954896E+002
  0.21954746E+002
  0.21954596E+002
  0.21954446E+002
  0.21954296E+002
  0.21954146E+002
  0.21953995E+002
  0.21953843E+002
  0.21953691E+002
  0.21953538E+002
  0.21953385E+002
  0.21953230E+002
  0.21953074E+002
  0.21952917E+002
  0.21952759E+002
  0.21952600E+002
  0.21952440E+002
  0.21952279E+002
  0.21952116E+002
  0.21951952E+002
  0.21951787E+002
  0.21951621E+002
  0.21951453E+002
  0.21951285E+002
  0.21951115E+002
  0.21950945E+002
  0.21950773E+002
  0.21950601E+002
  0.21950427E+002
  0.21950253E+002
  0.21950079E+002
  0.21949904E+002
  0.21949728E+002
  0.21949553E+002
  0.21949377E+002
  0.21949201E+002
  0.21949025E+002
  0.21948849E+002
  0.21948674E+002
  0.21948499E+002
  0.21948324E+002
  0.21948151E+002
  0.21947978E+002
  0.21947806E+002
  0.21947635E+002
  0.21947465E+002
  0.21947297E+002
  0.21947130E+002
  0.21946964E+002
  0.21946800E+002
  0.21946638E+002
  0.21946478E+002
  0.21946319E+002
  0.21946162E+002
  0.21946008E+002
  0.21945855E+002
  0.21945705E+002
  0.21945556E+002
  0.21945410E+002
  0.21945267E+002
  0.21945125E+002
  0.21944986E+002
  0.21944849E+002
  0.21944715E+002
  0.21944583E+002
  0.21944453E+002
  0.21944326E+002
  0.21944201E+002
  0.21944079E+002
  0.21943959E+002
  0.21943841E+002
  0.21943726E+002
  0.21943612E+002
  0.21943501E+002
  0.21943393E+002
  0.21943286E+002
  0.21943181E+002
  0.21943078E+002
  0.21942978E+002
  0.21942879E+002
  0.21942782E+002
  0.21942686E+002
  0.21942592E+002
  0.21942499E+002
  0.21942408E+002
  0.21942318E+002
  0.21942229E+002
  0.21942141E+002
  0.21942053E+002
  0.21941966E+002
  0.21941878E+002
  0.21941791E+002
  0.21941703E+002
  0.21941613E+002
  0.21941522E+002
  0.21941428E+002
  0.21941331E+002
  0.21941229E+002
  0.21941120E+002
  0.21941001E+002
  0.21940860E+002
  0.21940703E+002
