  0.10274328E+000
  0.10273491E+000
  0.10272893E+000
  0.10272508E+000
  0.10272283E+000
  0.10272171E+000
  0.10272136E+000
  0.10272154E+000
  0.10272206E+000
  0.10272282E+000
  0.10272373E+000
  0.10272476E+000
  0.10272585E+000
  0.10272700E+000
  0.10272818E+000
  0.10272938E+000
  0.10273059E+000
  0.10273181E+000
  0.10273304E+000
  0.10273426E+000
  0.10273549E+000
  0.10273670E+000
  0.10273792E+000
  0.10273912E+000
  0.10274032E+000
  0.10274151E+000
  0.10274269E+000
  0.10274386E+000
  0.10274502E+000
  0.10274616E+000
  0.10274730E+000
  0.10274842E+000
  0.10274953E+000
  0.10275063E+000
  0.10275171E+000
  0.10275277E+000
  0.10275382E+000
  0.10275485E+000
  0.10275586E+000
  0.10275684E+000
  0.10275781E+000
  0.10275875E+000
  0.10275966E+000
  0.10276054E+000
  0.10276140E+000
  0.10276222E+000
  0.10276300E+000
  0.10276374E+000
  0.10276444E+000
  0.10276510E+000
  0.10276570E+000
  0.10276626E+000
  0.10276675E+000
  0.10276719E+000
  0.10276756E+000
  0.10276786E+000
  0.10276810E+000
  0.10276826E+000
  0.10276834E+000
  0.10276835E+000
  0.10276828E+000
  0.10276813E+000
  0.10276790E+000
  0.10276758E+000
  0.10276719E+000
  0.10276672E+000
  0.10276618E+000
  0.10276556E+000
  0.10276487E+000
  0.10276412E+000
  0.10276331E+000
  0.10276243E+000
  0.10276151E+000
  0.10276054E+000
  0.10275953E+000
  0.10275849E+000
  0.10275742E+000
  0.10275632E+000
  0.10275521E+000
  0.10275409E+000
  0.10275296E+000
  0.10275183E+000
  0.10275072E+000
  0.10274961E+000
  0.10274852E+000
  0.10274745E+000
  0.10274641E+000
  0.10274540E+000
  0.10274443E+000
  0.10274349E+000
  0.10274259E+000
  0.10274174E+000
  0.10274093E+000
  0.10274017E+000
  0.10273945E+000
  0.10273878E+000
  0.10273816E+000
  0.10273759E+000
  0.10273707E+000
  0.10273659E+000
  0.10273617E+000
  0.10273578E+000
  0.10273545E+000
  0.10273515E+000
  0.10273490E+000
  0.10273468E+000
  0.10273450E+000
  0.10273435E+000
  0.10273424E+000
  0.10273416E+000
  0.10273410E+000
  0.10273407E+000
  0.10273405E+000
  0.10273406E+000
  0.10273409E+000
  0.10273412E+000
  0.10273418E+000
  0.10273424E+000
  0.10273430E+000
  0.10273438E+000
  0.10273445E+000
  0.10273453E+000
  0.10273461E+000
  0.10273469E+000
  0.10273476E+000
  0.10273483E+000
  0.10273489E+000
  0.10273495E+000
  0.10273500E+000
  0.10273504E+000
  0.10273507E+000
  0.10273510E+000
  0.10273511E+000
  0.10273512E+000
  0.10273512E+000
  0.10273511E+000
  0.10273510E+000
  0.10273507E+000
  0.10273504E+000
  0.10273500E+000
  0.10273496E+000
  0.10273491E+000
  0.10273486E+000
  0.10273480E+000
  0.10273475E+000
  0.10273469E+000
  0.10273464E+000
  0.10273459E+000
  0.10273454E+000
  0.10273450E+000
  0.10273446E+000
  0.10273443E+000
  0.10273441E+000
  0.10273439E+000
  0.10273439E+000
  0.10273441E+000
  0.10273443E+000
  0.10273447E+000
  0.10273453E+000
  0.10273461E+000
  0.10273470E+000
  0.10273481E+000
  0.10273495E+000
  0.10273510E+000
  0.10273528E+000
  0.10273548E+000
  0.10273571E+000
  0.10273596E+000
  0.10273623E+000
  0.10273653E+000
  0.10273686E+000
  0.10273721E+000
  0.10273759E+000
  0.10273799E+000
  0.10273842E+000
  0.10273887E+000
  0.10273935E+000
  0.10273985E+000
  0.10274037E+000
  0.10274092E+000
  0.10274148E+000
  0.10274206E+000
  0.10274267E+000
  0.10274328E+000
  0.10274391E+000
  0.10274456E+000
  0.10274522E+000
  0.10274589E+000
  0.10274658E+000
  0.10274728E+000
  0.10274800E+000
  0.10274873E+000
  0.10274948E+000
  0.10275025E+000
  0.10275104E+000
  0.10275183E+000
  0.10275259E+000
  0.10275326E+000
  0.10275359E+000
  0.10275324E+000
