  0.14607529E+000
  0.14615260E+000
  0.14618909E+000
  0.14620202E+000
  0.14620157E+000
  0.14619417E+000
  0.14618367E+000
  0.14617187E+000
  0.14615982E+000
  0.14614815E+000
  0.14613720E+000
  0.14612714E+000
  0.14611802E+000
  0.14610984E+000
  0.14610255E+000
  0.14609610E+000
  0.14609040E+000
  0.14608538E+000
  0.14608098E+000
  0.14607712E+000
  0.14607375E+000
  0.14607081E+000
  0.14606825E+000
  0.14606602E+000
  0.14606409E+000
  0.14606242E+000
  0.14606099E+000
  0.14605976E+000
  0.14605872E+000
  0.14605784E+000
  0.14605710E+000
  0.14605650E+000
  0.14605601E+000
  0.14605563E+000
  0.14605534E+000
  0.14605513E+000
  0.14605500E+000
  0.14605494E+000
  0.14605495E+000
  0.14605501E+000
  0.14605512E+000
  0.14605527E+000
  0.14605547E+000
  0.14605571E+000
  0.14605598E+000
  0.14605628E+000
  0.14605660E+000
  0.14605695E+000
  0.14605732E+000
  0.14605771E+000
  0.14605811E+000
  0.14605852E+000
  0.14605894E+000
  0.14605937E+000
  0.14605981E+000
  0.14606024E+000
  0.14606068E+000
  0.14606111E+000
  0.14606154E+000
  0.14606197E+000
  0.14606239E+000
  0.14606281E+000
  0.14606321E+000
  0.14606361E+000
  0.14606399E+000
  0.14606437E+000
  0.14606473E+000
  0.14606509E+000
  0.14606543E+000
  0.14606576E+000
  0.14606607E+000
  0.14606638E+000
  0.14606668E+000
  0.14606696E+000
  0.14606723E+000
  0.14606750E+000
  0.14606775E+000
  0.14606799E+000
  0.14606823E+000
  0.14606846E+000
  0.14606868E+000
  0.14606889E+000
  0.14606910E+000
  0.14606930E+000
  0.14606949E+000
  0.14606968E+000
  0.14606986E+000
  0.14607004E+000
  0.14607022E+000
  0.14607038E+000
  0.14607055E+000
  0.14607071E+000
  0.14607087E+000
  0.14607102E+000
  0.14607117E+000
  0.14607131E+000
  0.14607145E+000
  0.14607159E+000
  0.14607172E+000
  0.14607185E+000
  0.14607198E+000
  0.14607210E+000
  0.14607221E+000
  0.14607233E+000
  0.14607244E+000
  0.14607254E+000
  0.14607264E+000
  0.14607274E+000
  0.14607284E+000
  0.14607293E+000
  0.14607302E+000
  0.14607310E+000
  0.14607319E+000
  0.14607327E+000
  0.14607335E+000
  0.14607343E+000
  0.14607350E+000
  0.14607358E+000
  0.14607365E+000
  0.14607372E+000
  0.14607380E+000
  0.14607387E+000
  0.14607394E+000
  0.14607401E+000
  0.14607407E+000
  0.14607414E+000
  0.14607421E+000
  0.14607428E+000
  0.14607435E+000
  0.14607441E+000
  0.14607448E+000
  0.14607455E+000
  0.14607461E+000
  0.14607468E+000
  0.14607475E+000
  0.14607481E+000
  0.14607487E+000
  0.14607494E+000
  0.14607500E+000
  0.14607506E+000
  0.14607512E+000
  0.14607518E+000
  0.14607524E+000
  0.14607530E+000
  0.14607536E+000
  0.14607541E+000
  0.14607546E+000
  0.14607552E+000
  0.14607556E+000
  0.14607561E+000
  0.14607566E+000
  0.14607570E+000
  0.14607574E+000
  0.14607578E+000
  0.14607582E+000
  0.14607585E+000
  0.14607588E+000
  0.14607591E+000
  0.14607594E+000
  0.14607596E+000
  0.14607598E+000
  0.14607600E+000
  0.14607602E+000
  0.14607603E+000
  0.14607604E+000
  0.14607605E+000
  0.14607606E+000
  0.14607606E+000
  0.14607606E+000
  0.14607606E+000
  0.14607606E+000
  0.14607606E+000
  0.14607605E+000
  0.14607604E+000
  0.14607603E+000
  0.14607602E+000
  0.14607600E+000
  0.14607599E+000
  0.14607597E+000
  0.14607595E+000
  0.14607593E+000
  0.14607591E+000
  0.14607589E+000
  0.14607587E+000
  0.14607585E+000
  0.14607583E+000
  0.14607581E+000
  0.14607580E+000
  0.14607580E+000
  0.14607580E+000
  0.14607583E+000
  0.14607588E+000
  0.14607599E+000
  0.14607618E+000
  0.14607654E+000
  0.14607716E+000
  0.14607836E+000
  0.14608035E+000
  0.14608550E+000
  0.14609383E+000
