  0.28914969E+000
  0.29043107E+000
  0.29033928E+000
  0.29010983E+000
  0.28991161E+000
  0.28975244E+000
  0.28962492E+000
  0.28952322E+000
  0.28944184E+000
  0.28937647E+000
  0.28932374E+000
  0.28928107E+000
  0.28924646E+000
  0.28921834E+000
  0.28919548E+000
  0.28917689E+000
  0.28916179E+000
  0.28914953E+000
  0.28913961E+000
  0.28913163E+000
  0.28912524E+000
  0.28912017E+000
  0.28911618E+000
  0.28911309E+000
  0.28911074E+000
  0.28910900E+000
  0.28910775E+000
  0.28910691E+000
  0.28910640E+000
  0.28910615E+000
  0.28910611E+000
  0.28910624E+000
  0.28910651E+000
  0.28910688E+000
  0.28910734E+000
  0.28910786E+000
  0.28910843E+000
  0.28910904E+000
  0.28910967E+000
  0.28911032E+000
  0.28911099E+000
  0.28911166E+000
  0.28911234E+000
  0.28911302E+000
  0.28911370E+000
  0.28911438E+000
  0.28911505E+000
  0.28911571E+000
  0.28911636E+000
  0.28911700E+000
  0.28911762E+000
  0.28911824E+000
  0.28911883E+000
  0.28911940E+000
  0.28911996E+000
  0.28912049E+000
  0.28912100E+000
  0.28912149E+000
  0.28912196E+000
  0.28912241E+000
  0.28912284E+000
  0.28912325E+000
  0.28912364E+000
  0.28912402E+000
  0.28912438E+000
  0.28912474E+000
  0.28912509E+000
  0.28912543E+000
  0.28912578E+000
  0.28912612E+000
  0.28912648E+000
  0.28912684E+000
  0.28912721E+000
  0.28912759E+000
  0.28912799E+000
  0.28912840E+000
  0.28912882E+000
  0.28912926E+000
  0.28912972E+000
  0.28913019E+000
  0.28913067E+000
  0.28913117E+000
  0.28913168E+000
  0.28913220E+000
  0.28913272E+000
  0.28913326E+000
  0.28913380E+000
  0.28913434E+000
  0.28913488E+000
  0.28913542E+000
  0.28913595E+000
  0.28913649E+000
  0.28913701E+000
  0.28913753E+000
  0.28913803E+000
  0.28913853E+000
  0.28913901E+000
  0.28913948E+000
  0.28913994E+000
  0.28914038E+000
  0.28914080E+000
  0.28914121E+000
  0.28914160E+000
  0.28914197E+000
  0.28914233E+000
  0.28914267E+000
  0.28914300E+000
  0.28914331E+000
  0.28914360E+000
  0.28914388E+000
  0.28914414E+000
  0.28914439E+000
  0.28914462E+000
  0.28914484E+000
  0.28914505E+000
  0.28914524E+000
  0.28914542E+000
  0.28914560E+000
  0.28914576E+000
  0.28914591E+000
  0.28914605E+000
  0.28914618E+000
  0.28914630E+000
  0.28914642E+000
  0.28914653E+000
  0.28914663E+000
  0.28914673E+000
  0.28914682E+000
  0.28914691E+000
  0.28914699E+000
  0.28914707E+000
  0.28914715E+000
  0.28914722E+000
  0.28914729E+000
  0.28914736E+000
  0.28914743E+000
  0.28914750E+000
  0.28914756E+000
  0.28914762E+000
  0.28914769E+000
  0.28914775E+000
  0.28914781E+000
  0.28914786E+000
  0.28914792E+000
  0.28914798E+000
  0.28914804E+000
  0.28914809E+000
  0.28914815E+000
  0.28914820E+000
  0.28914826E+000
  0.28914831E+000
  0.28914836E+000
  0.28914841E+000
  0.28914846E+000
  0.28914851E+000
  0.28914856E+000
  0.28914861E+000
  0.28914866E+000
  0.28914871E+000
  0.28914876E+000
  0.28914881E+000
  0.28914886E+000
  0.28914891E+000
  0.28914896E+000
  0.28914901E+000
  0.28914906E+000
  0.28914912E+000
  0.28914918E+000
  0.28914924E+000
  0.28914930E+000
  0.28914937E+000
  0.28914944E+000
  0.28914951E+000
  0.28914959E+000
  0.28914967E+000
  0.28914976E+000
  0.28914986E+000
  0.28914995E+000
  0.28915006E+000
  0.28915017E+000
  0.28915028E+000
  0.28915040E+000
  0.28915053E+000
  0.28915066E+000
  0.28915080E+000
  0.28915095E+000
  0.28915110E+000
  0.28915126E+000
  0.28915142E+000
  0.28915161E+000
  0.28915181E+000
  0.28915204E+000
  0.28915232E+000
  0.28915267E+000
  0.28915318E+000
  0.28915389E+000
  0.28915524E+000
  0.28915721E+000
  0.28916464E+000
  0.28917620E+000
