  0.41936879E+000
  0.41835017E+000
  0.41759284E+000
  0.41701661E+000
  0.41656332E+000
  0.41620700E+000
  0.41591413E+000
  0.41567696E+000
  0.41548289E+000
  0.41532305E+000
  0.41519120E+000
  0.41508095E+000
  0.41498989E+000
  0.41491415E+000
  0.41485170E+000
  0.41479909E+000
  0.41475564E+000
  0.41471999E+000
  0.41468812E+000
  0.41466390E+000
  0.41464312E+000
  0.41462520E+000
  0.41461088E+000
  0.41459883E+000
  0.41458900E+000
  0.41457966E+000
  0.41457373E+000
  0.41456951E+000
  0.41456512E+000
  0.41456195E+000
  0.41455939E+000
  0.41455716E+000
  0.41455547E+000
  0.41455414E+000
  0.41455303E+000
  0.41455220E+000
  0.41455163E+000
  0.41455105E+000
  0.41455062E+000
  0.41455019E+000
  0.41455010E+000
  0.41454986E+000
  0.41454955E+000
  0.41454955E+000
  0.41454940E+000
  0.41454898E+000
  0.41454923E+000
  0.41454909E+000
  0.41454891E+000
  0.41454893E+000
  0.41454904E+000
  0.41454887E+000
  0.41454874E+000
  0.41454869E+000
  0.41454835E+000
  0.41454814E+000
  0.41454770E+000
  0.41454803E+000
  0.41454781E+000
  0.41454779E+000
  0.41454771E+000
  0.41454881E+000
  0.41454871E+000
  0.41454867E+000
  0.41454834E+000
  0.41454830E+000
  0.41454878E+000
  0.41454852E+000
  0.41454834E+000
  0.41454807E+000
  0.41454759E+000
  0.41454751E+000
  0.41454718E+000
  0.41454674E+000
  0.41454643E+000
  0.41454667E+000
  0.41454640E+000
  0.41454615E+000
  0.41454598E+000
  0.41454587E+000
  0.41454563E+000
  0.41454523E+000
  0.41454489E+000
  0.41454487E+000
  0.41454462E+000
  0.41454436E+000
  0.41454400E+000
  0.41454377E+000
  0.41454343E+000
  0.41454302E+000
  0.41454258E+000
  0.41454218E+000
  0.41454176E+000
  0.41454144E+000
  0.41454098E+000
  0.41454054E+000
  0.41454010E+000
  0.41453965E+000
  0.41453916E+000
  0.41453871E+000
  0.41453821E+000
  0.41453771E+000
  0.41453718E+000
  0.41453663E+000
  0.41453608E+000
  0.41453551E+000
  0.41453491E+000
  0.41453431E+000
  0.41453370E+000
  0.41453307E+000
  0.41453243E+000
  0.41453177E+000
  0.41453113E+000
  0.41453044E+000
  0.41452975E+000
  0.41452904E+000
  0.41452831E+000
  0.41452755E+000
  0.41452680E+000
  0.41452604E+000
  0.41452526E+000
  0.41452448E+000
  0.41452364E+000
  0.41452282E+000
  0.41452200E+000
  0.41452116E+000
  0.41452028E+000
  0.41451945E+000
  0.41451860E+000
  0.41451774E+000
  0.41451685E+000
  0.41451596E+000
  0.41451507E+000
  0.41451418E+000
  0.41451330E+000
  0.41451241E+000
  0.41451151E+000
  0.41451058E+000
  0.41450968E+000
  0.41450877E+000
  0.41450786E+000
  0.41450695E+000
  0.41450604E+000
  0.41450514E+000
  0.41450424E+000
  0.41450333E+000
  0.41450246E+000
  0.41450157E+000
  0.41450066E+000
  0.41449977E+000
  0.41449889E+000
  0.41449801E+000
  0.41449715E+000
  0.41449629E+000
  0.41449543E+000
  0.41449458E+000
  0.41449373E+000
  0.41449289E+000
  0.41449206E+000
  0.41449124E+000
  0.41449045E+000
  0.41448965E+000
  0.41448885E+000
  0.41448807E+000
  0.41448730E+000
  0.41448653E+000
  0.41448579E+000
  0.41448505E+000
  0.41448432E+000
  0.41448360E+000
  0.41448290E+000
  0.41448223E+000
  0.41448155E+000
  0.41448088E+000
  0.41448022E+000
  0.41447957E+000
  0.41447894E+000
  0.41447831E+000
  0.41447770E+000
  0.41447710E+000
  0.41447651E+000
  0.41447591E+000
  0.41447534E+000
  0.41447479E+000
  0.41447424E+000
  0.41447373E+000
  0.41447320E+000
  0.41447270E+000
  0.41447218E+000
  0.41447167E+000
  0.41447117E+000
  0.41447066E+000
  0.41447018E+000
  0.41446971E+000
  0.41446926E+000
  0.41446881E+000
  0.41446838E+000
  0.41446802E+000
  0.41446738E+000
  0.41446812E+000
