  0.89166095E+000
  0.89166960E+000
  0.89167610E+000
  0.89168107E+000
  0.89168494E+000
  0.89168799E+000
  0.89169041E+000
  0.89169234E+000
  0.89169388E+000
  0.89169510E+000
  0.89169607E+000
  0.89169683E+000
  0.89169743E+000
  0.89169788E+000
  0.89169823E+000
  0.89169847E+000
  0.89169865E+000
  0.89169875E+000
  0.89169880E+000
  0.89169881E+000
  0.89169878E+000
  0.89169873E+000
  0.89169864E+000
  0.89169854E+000
  0.89169841E+000
  0.89169828E+000
  0.89169813E+000
  0.89169797E+000
  0.89169780E+000
  0.89169763E+000
  0.89169745E+000
  0.89169727E+000
  0.89169708E+000
  0.89169689E+000
  0.89169670E+000
  0.89169651E+000
  0.89169631E+000
  0.89169612E+000
  0.89169592E+000
  0.89169573E+000
  0.89169554E+000
  0.89169534E+000
  0.89169515E+000
  0.89169496E+000
  0.89169477E+000
  0.89169459E+000
  0.89169440E+000
  0.89169423E+000
  0.89169405E+000
  0.89169388E+000
  0.89169371E+000
  0.89169355E+000
  0.89169340E+000
  0.89169325E+000
  0.89169311E+000
  0.89169298E+000
  0.89169285E+000
  0.89169273E+000
  0.89169263E+000
  0.89169253E+000
  0.89169244E+000
  0.89169236E+000
  0.89169230E+000
  0.89169224E+000
  0.89169220E+000
  0.89169216E+000
  0.89169214E+000
  0.89169213E+000
  0.89169213E+000
  0.89169214E+000
  0.89169217E+000
  0.89169220E+000
  0.89169225E+000
  0.89169230E+000
  0.89169237E+000
  0.89169244E+000
  0.89169252E+000
  0.89169261E+000
  0.89169271E+000
  0.89169281E+000
  0.89169292E+000
  0.89169303E+000
  0.89169315E+000
  0.89169327E+000
  0.89169339E+000
  0.89169352E+000
  0.89169364E+000
  0.89169377E+000
  0.89169389E+000
  0.89169401E+000
  0.89169412E+000
  0.89169424E+000
  0.89169434E+000
  0.89169445E+000
  0.89169454E+000
  0.89169463E+000
  0.89169472E+000
  0.89169479E+000
  0.89169486E+000
  0.89169492E+000
  0.89169497E+000
  0.89169501E+000
  0.89169505E+000
  0.89169507E+000
  0.89169509E+000
  0.89169509E+000
  0.89169508E+000
  0.89169507E+000
  0.89169504E+000
  0.89169501E+000
  0.89169496E+000
  0.89169490E+000
  0.89169483E+000
  0.89169476E+000
  0.89169467E+000
  0.89169457E+000
  0.89169446E+000
  0.89169434E+000
  0.89169420E+000
  0.89169406E+000
  0.89169391E+000
  0.89169374E+000
  0.89169357E+000
  0.89169338E+000
  0.89169318E+000
  0.89169297E+000
  0.89169275E+000
  0.89169252E+000
  0.89169228E+000
  0.89169203E+000
  0.89169176E+000
  0.89169149E+000
  0.89169120E+000
  0.89169091E+000
  0.89169060E+000
  0.89169029E+000
  0.89168996E+000
  0.89168963E+000
  0.89168928E+000
  0.89168893E+000
  0.89168856E+000
  0.89168819E+000
  0.89168781E+000
  0.89168742E+000
  0.89168703E+000
  0.89168663E+000
  0.89168622E+000
  0.89168580E+000
  0.89168538E+000
  0.89168496E+000
  0.89168452E+000
  0.89168409E+000
  0.89168365E+000
  0.89168321E+000
  0.89168276E+000
  0.89168232E+000
  0.89168187E+000
  0.89168142E+000
  0.89168097E+000
  0.89168052E+000
  0.89168007E+000
  0.89167963E+000
  0.89167919E+000
  0.89167874E+000
  0.89167831E+000
  0.89167787E+000
  0.89167744E+000
  0.89167702E+000
  0.89167660E+000
  0.89167619E+000
  0.89167579E+000
  0.89167539E+000
  0.89167501E+000
  0.89167463E+000
  0.89167426E+000
  0.89167390E+000
  0.89167355E+000
  0.89167322E+000
  0.89167290E+000
  0.89167259E+000
  0.89167229E+000
  0.89167201E+000
  0.89167174E+000
  0.89167150E+000
  0.89167127E+000
  0.89167106E+000
  0.89167086E+000
  0.89167070E+000
  0.89167055E+000
  0.89167044E+000
  0.89167035E+000
  0.89167030E+000
  0.89167030E+000
  0.89167035E+000
  0.89167047E+000
  0.89167068E+000
  0.89167104E+000
  0.89167157E+000
  0.89167249E+000
  0.89167366E+000
