 -0.86061505E+000 -0.71419507E+000 -0.34402679E+000 -0.10753133E-001  0.25196834E-001  0.10672595E+001  0.81094639E+001  0.43449398E+002  0.79490320E+002  0.21963295E+003  0.43290761E+003
 -0.86061501E+000 -0.71419454E+000 -0.34401509E+000 -0.10753173E-001  0.25196917E-001  0.10674700E+001  0.81103184E+001  0.43455703E+002  0.79511846E+002  0.21963220E+003  0.43290338E+003
 -0.86061497E+000 -0.71419411E+000 -0.34400585E+000 -0.10752263E-001  0.25196984E-001  0.10676356E+001  0.81109847E+001  0.43460626E+002  0.79528613E+002  0.21963198E+003  0.43290237E+003
 -0.86061495E+000 -0.71419376E+000 -0.34399846E+000 -0.10750918E-001  0.25197037E-001  0.10677679E+001  0.81115124E+001  0.43464538E+002  0.79541939E+002  0.21963198E+003  0.43290243E+003
 -0.86061492E+000 -0.71419348E+000 -0.34399246E+000 -0.10749441E-001  0.25197080E-001  0.10678747E+001  0.81119349E+001  0.43467682E+002  0.79552667E+002  0.21963208E+003  0.43290292E+003
 -0.86061490E+000 -0.71419325E+000 -0.34398756E+000 -0.10748007E-001  0.25197115E-001  0.10679616E+001  0.81122755E+001  0.43470227E+002  0.79561379E+002  0.21963221E+003  0.43290358E+003
 -0.86061489E+000 -0.71419306E+000 -0.34398352E+000 -0.10746689E-001  0.25197142E-001  0.10680326E+001  0.81125512E+001  0.43472291E+002  0.79568492E+002  0.21963235E+003  0.43290429E+003
 -0.86061487E+000 -0.71419290E+000 -0.34398016E+000 -0.10745520E-001  0.25197164E-001  0.10680907E+001  0.81127746E+001  0.43473967E+002  0.79574316E+002  0.21963248E+003  0.43290499E+003
 -0.86061486E+000 -0.71419276E+000 -0.34397737E+000 -0.10744505E-001  0.25197181E-001  0.10681384E+001  0.81129555E+001  0.43475331E+002  0.79579091E+002  0.21963260E+003  0.43290564E+003
 -0.86061486E+000 -0.71419265E+000 -0.34397504E+000 -0.10743639E-001  0.25197194E-001  0.10681774E+001  0.81131016E+001  0.43476438E+002  0.79583007E+002  0.21963270E+003  0.43290623E+003
 -0.86061485E+000 -0.71419256E+000 -0.34397310E+000 -0.10742908E-001  0.25197204E-001  0.10682094E+001  0.81132192E+001  0.43477334E+002  0.79586215E+002  0.21963279E+003  0.43290676E+003
 -0.86061485E+000 -0.71419248E+000 -0.34397147E+000 -0.10742297E-001  0.25197211E-001  0.10682354E+001  0.81133131E+001  0.43478056E+002  0.79588837E+002  0.21963287E+003  0.43290722E+003
 -0.86061484E+000 -0.71419242E+000 -0.34397010E+000 -0.10741792E-001  0.25197216E-001  0.10682567E+001  0.81133876E+001  0.43478634E+002  0.79590973E+002  0.21963293E+003  0.43290762E+003
 -0.86061484E+000 -0.71419237E+000 -0.34396897E+000 -0.10741378E-001  0.25197219E-001  0.10682738E+001  0.81134457E+001  0.43479090E+002  0.79592703E+002  0.21963299E+003  0.43290796E+003
 -0.86061484E+000 -0.71419233E+000 -0.34396802E+000 -0.10741043E-001  0.25197221E-001  0.10682876E+001  0.81134903E+001  0.43479446E+002  0.79594093E+002  0.21963303E+003  0.43290825E+003
 -0.86061484E+000 -0.71419230E+000 -0.34396724E+000 -0.10740774E-001  0.25197221E-001  0.10682985E+001  0.81135235E+001  0.43479718E+002  0.79595199E+002  0.21963307E+003  0.43290850E+003
 -0.86061484E+000 -0.71419227E+000 -0.34396660E+000 -0.10740562E-001  0.25197220E-001  0.10683070E+001  0.81135471E+001  0.43479920E+002  0.79596065E+002  0.21963310E+003  0.43290871E+003
 -0.86061484E+000 -0.71419225E+000 -0.34396609E+000 -0.10740399E-001  0.25197218E-001  0.10683134E+001  0.81135627E+001  0.43480061E+002  0.79596728E+002  0.21963313E+003  0.43290888E+003
 -0.86061484E+000 -0.71419223E+000 -0.34396568E+000 -0.10740277E-001  0.25197216E-001  0.10683182E+001  0.81135715E+001  0.43480152E+002  0.79597220E+002  0.21963315E+003  0.43290903E+003
 -0.86061484E+000 -0.71419222E+000 -0.34396536E+000 -0.10740190E-001  0.25197212E-001  0.10683214E+001  0.81135745E+001  0.43480198E+002  0.79597566E+002  0.21963317E+003  0.43290915E+003
 -0.86061484E+000 -0.71419222E+000 -0.34396513E+000 -0.10740134E-001  0.25197209E-001  0.10683234E+001  0.81135726E+001  0.43480208E+002  0.79597787E+002  0.21963318E+003  0.43290925E+003
 -0.86061484E+000 -0.71419221E+000 -0.34396496E+000 -0.10740104E-001  0.25197204E-001  0.10683243E+001  0.81135664E+001  0.43480186E+002  0.79597901E+002  0.21963320E+003  0.43290933E+003
 -0.86061484E+000 -0.71419221E+000 -0.34396487E+000 -0.10740096E-001  0.25197199E-001  0.10683243E+001  0.81135566E+001  0.43480138E+002  0.79597924E+002  0.21963320E+003  0.43290940E+003
 -0.86061484E+000 -0.71419222E+000 -0.34396483E+000 -0.10740107E-001  0.25197194E-001  0.10683234E+001  0.81135437E+001  0.43480066E+002  0.79597867E+002  0.21963321E+003  0.43290945E+003
 -0.86061484E+000 -0.71419222E+000 -0.34396485E+000 -0.10740136E-001  0.25197188E-001  0.10683218E+001  0.81135281E+001  0.43479974E+002  0.79597742E+002  0.21963322E+003  0.43290950E+003
 -0.86061484E+000 -0.71419223E+000 -0.34396491E+000 -0.10740178E-001  0.25197182E-001  0.10683196E+001  0.81135102E+001  0.43479865E+002  0.79597558E+002  0.21963322E+003  0.43290953E+003
 -0.86061484E+000 -0.71419225E+000 -0.34396502E+000 -0.10740234E-001  0.25197176E-001  0.10683168E+001  0.81134902E+001  0.43479741E+002  0.79597322E+002  0.21963323E+003  0.43290955E+003
 -0.86061485E+000 -0.71419226E+000 -0.34396517E+000 -0.10740301E-001  0.25197170E-001  0.10683135E+001  0.81134684E+001  0.43479604E+002  0.79597039E+002  0.21963323E+003  0.43290957E+003
 -0.86061485E+000 -0.71419228E+000 -0.34396536E+000 -0.10740377E-001  0.25197163E-001  0.10683097E+001  0.81134450E+001  0.43479455E+002  0.79596716E+002  0.21963323E+003  0.43290959E+003
 -0.86061485E+000 -0.71419230E+000 -0.34396559E+000 -0.10740463E-001  0.25197156E-001  0.10683056E+001  0.81134202E+001  0.43479296E+002  0.79596358E+002  0.21963323E+003  0.43290960E+003
 -0.86061485E+000 -0.71419232E+000 -0.34396585E+000 -0.10740556E-001  0.25197149E-001  0.10683011E+001  0.81133941E+001  0.43479128E+002  0.79595966E+002  0.21963323E+003  0.43290960E+003
 -0.86061486E+000 -0.71419235E+000 -0.34396615E+000 -0.10740657E-001  0.25197141E-001  0.10682962E+001  0.81133668E+001  0.43478951E+002  0.79595545E+002  0.21963323E+003  0.43290960E+003
 -0.86061486E+000 -0.71419238E+000 -0.34396647E+000 -0.10740764E-001  0.25197134E-001  0.10682910E+001  0.81133384E+001  0.43478767E+002  0.79595097E+002  0.21963323E+003  0.43290960E+003
 -0.86061486E+000 -0.71419241E+000 -0.34396683E+000 -0.10740878E-001  0.25197126E-001  0.10682855E+001  0.81133090E+001  0.43478576E+002  0.79594624E+002  0.21963323E+003  0.43290960E+003
 -0.86061486E+000 -0.71419244E+000 -0.34396722E+000 -0.10740997E-001  0.25197118E-001  0.10682797E+001  0.81132786E+001  0.43478378E+002  0.79594128E+002  0.21963323E+003  0.43290959E+003
 -0.86061487E+000 -0.71419247E+000 -0.34396764E+000 -0.10741121E-001  0.25197110E-001  0.10682736E+001  0.81132474E+001  0.43478174E+002  0.79593609E+002  0.21963323E+003  0.43290959E+003
 -0.86061487E+000 -0.71419251E+000 -0.34396809E+000 -0.10741250E-001  0.25197101E-001  0.10682673E+001  0.81132152E+001  0.43477964E+002  0.79593070E+002  0.21963323E+003  0.43290958E+003
 -0.86061487E+000 -0.71419254E+000 -0.34396856E+000 -0.10741384E-001  0.25197093E-001  0.10682607E+001  0.81131823E+001  0.43477748E+002  0.79592511E+002  0.21963323E+003  0.43290957E+003
 -0.86061487E+000 -0.71419258E+000 -0.34396907E+000 -0.10741522E-001  0.25197084E-001  0.10682538E+001  0.81131485E+001  0.43477528E+002  0.79591932E+002  0.21963323E+003  0.43290956E+003
 -0.86061488E+000 -0.71419262E+000 -0.34396960E+000 -0.10741665E-001  0.25197075E-001  0.10682467E+001  0.81131139E+001  0.43477302E+002  0.79591336E+002  0.21963323E+003  0.43290955E+003
 -0.86061488E+000 -0.71419266E+000 -0.34397016E+000 -0.10741812E-001  0.25197065E-001  0.10682393E+001  0.81130786E+001  0.43477070E+002  0.79590721E+002  0.21963322E+003  0.43290954E+003
 -0.86061488E+000 -0.71419271E+000 -0.34397075E+000 -0.10741962E-001  0.25197056E-001  0.10682316E+001  0.81130426E+001  0.43476835E+002  0.79590089E+002  0.21963322E+003  0.43290953E+003
 -0.86061489E+000 -0.71419275E+000 -0.34397136E+000 -0.10742117E-001  0.25197046E-001  0.10682237E+001  0.81130058E+001  0.43476594E+002  0.79589440E+002  0.21963322E+003  0.43290952E+003
 -0.86061489E+000 -0.71419279E+000 -0.34397200E+000 -0.10742276E-001  0.25197037E-001  0.10682155E+001  0.81129683E+001  0.43476349E+002  0.79588775E+002  0.21963322E+003  0.43290951E+003
 -0.86061489E+000 -0.71419284E+000 -0.34397266E+000 -0.10742438E-001  0.25197027E-001  0.10682070E+001  0.81129301E+001  0.43476099E+002  0.79588093E+002  0.21963322E+003  0.43290950E+003
 -0.86061490E+000 -0.71419289E+000 -0.34397334E+000 -0.10742605E-001  0.25197017E-001  0.10681983E+001  0.81128913E+001  0.43475846E+002  0.79587397E+002  0.21963322E+003  0.43290949E+003
 -0.86061490E+000 -0.71419294E+000 -0.34397405E+000 -0.10742775E-001  0.25197006E-001  0.10681893E+001  0.81128519E+001  0.43475588E+002  0.79586685E+002  0.21963321E+003  0.43290947E+003
 -0.86061490E+000 -0.71419299E+000 -0.34397477E+000 -0.10742948E-001  0.25196996E-001  0.10681801E+001  0.81128118E+001  0.43475327E+002  0.79585959E+002  0.21963321E+003  0.43290946E+003
 -0.86061491E+000 -0.71419304E+000 -0.34397552E+000 -0.10743125E-001  0.25196985E-001  0.10681705E+001  0.81127712E+001  0.43475062E+002  0.79585219E+002  0.21963321E+003  0.43290945E+003
 -0.86061491E+000 -0.71419309E+000 -0.34397628E+000 -0.10743305E-001  0.25196975E-001  0.10681607E+001  0.81127301E+001  0.43474794E+002  0.79584466E+002  0.21963321E+003  0.43290944E+003
 -0.86061491E+000 -0.71419314E+000 -0.34397706E+000 -0.10743489E-001  0.25196964E-001  0.10681505E+001  0.81126884E+001  0.43474523E+002  0.79583701E+002  0.21963321E+003  0.43290942E+003
 -0.86061492E+000 -0.71419319E+000 -0.34397786E+000 -0.10743676E-001  0.25196954E-001  0.10681401E+001  0.81126463E+001  0.43474249E+002  0.79582923E+002  0.21963320E+003  0.43290941E+003
 -0.86061492E+000 -0.71419324E+000 -0.34397867E+000 -0.10743866E-001  0.25196943E-001  0.10681294E+001  0.81126037E+001  0.43473973E+002  0.79582134E+002  0.21963320E+003  0.43290940E+003
 -0.86061493E+000 -0.71419330E+000 -0.34397950E+000 -0.10744058E-001  0.25196932E-001  0.10681184E+001  0.81125607E+001  0.43473694E+002  0.79581335E+002  0.21963320E+003  0.43290939E+003
 -0.86061493E+000 -0.71419335E+000 -0.34398034E+000 -0.10744254E-001  0.25196922E-001  0.10681071E+001  0.81125174E+001  0.43473414E+002  0.79580525E+002  0.21963320E+003  0.43290937E+003
 -0.86061493E+000 -0.71419340E+000 -0.34398119E+000 -0.10744452E-001  0.25196911E-001  0.10680955E+001  0.81124738E+001  0.43473132E+002  0.79579706E+002  0.21963319E+003  0.43290936E+003
 -0.86061494E+000 -0.71419345E+000 -0.34398205E+000 -0.10744653E-001  0.25196901E-001  0.10680836E+001  0.81124298E+001  0.43472849E+002  0.79578879E+002  0.21963319E+003  0.43290935E+003
 -0.86061494E+000 -0.71419350E+000 -0.34398292E+000 -0.10744856E-001  0.25196891E-001  0.10680715E+001  0.81123857E+001  0.43472565E+002  0.79578043E+002  0.21963319E+003  0.43290934E+003
 -0.86061495E+000 -0.71419356E+000 -0.34398380E+000 -0.10745061E-001  0.25196881E-001  0.10680590E+001  0.81123413E+001  0.43472280E+002  0.79577201E+002  0.21963319E+003  0.43290933E+003
 -0.86061495E+000 -0.71419361E+000 -0.34398469E+000 -0.10745268E-001  0.25196872E-001  0.10680463E+001  0.81122968E+001  0.43471994E+002  0.79576351E+002  0.21963319E+003  0.43290931E+003
 -0.86061495E+000 -0.71419366E+000 -0.34398558E+000 -0.10745476E-001  0.25196863E-001  0.10680332E+001  0.81122521E+001  0.43471707E+002  0.79575496E+002  0.21963318E+003  0.43290930E+003
 -0.86061496E+000 -0.71419371E+000 -0.34398647E+000 -0.10745686E-001  0.25196854E-001  0.10680200E+001  0.81122074E+001  0.43471420E+002  0.79574636E+002  0.21963318E+003  0.43290929E+003
 -0.86061496E+000 -0.71419376E+000 -0.34398737E+000 -0.10745896E-001  0.25196846E-001  0.10680065E+001  0.81121627E+001  0.43471133E+002  0.79573771E+002  0.21963318E+003  0.43290928E+003
 -0.86061497E+000 -0.71419380E+000 -0.34398827E+000 -0.10746107E-001  0.25196838E-001  0.10679927E+001  0.81121179E+001  0.43470845E+002  0.79572902E+002  0.21963318E+003  0.43290927E+003
 -0.86061497E+000 -0.71419385E+000 -0.34398917E+000 -0.10746318E-001  0.25196831E-001  0.10679788E+001  0.81120732E+001  0.43470557E+002  0.79572029E+002  0.21963318E+003  0.43290926E+003
 -0.86061497E+000 -0.71419389E+000 -0.34399006E+000 -0.10746529E-001  0.25196824E-001  0.10679646E+001  0.81120285E+001  0.43470268E+002  0.79571154E+002  0.21963317E+003  0.43290925E+003
 -0.86061498E+000 -0.71419394E+000 -0.34399096E+000 -0.10746739E-001  0.25196818E-001  0.10679503E+001  0.81119840E+001  0.43469979E+002  0.79570277E+002  0.21963317E+003  0.43290924E+003
 -0.86061498E+000 -0.71419398E+000 -0.34399185E+000 -0.10746948E-001  0.25196812E-001  0.10679359E+001  0.81119396E+001  0.43469690E+002  0.79569397E+002  0.21963317E+003  0.43290923E+003
 -0.86061498E+000 -0.71419402E+000 -0.34399273E+000 -0.10747155E-001  0.25196807E-001  0.10679214E+001  0.81118954E+001  0.43469400E+002  0.79568517E+002  0.21963317E+003  0.43290922E+003
 -0.86061499E+000 -0.71419406E+000 -0.34399361E+000 -0.10747360E-001  0.25196803E-001  0.10679067E+001  0.81118514E+001  0.43469110E+002  0.79567636E+002  0.21963317E+003  0.43290921E+003
 -0.86061499E+000 -0.71419410E+000 -0.34399448E+000 -0.10747564E-001  0.25196799E-001  0.10678920E+001  0.81118077E+001  0.43468820E+002  0.79566754E+002  0.21963317E+003  0.43290920E+003
 -0.86061499E+000 -0.71419413E+000 -0.34399534E+000 -0.10747764E-001  0.25196796E-001  0.10678773E+001  0.81117642E+001  0.43468529E+002  0.79565872E+002  0.21963316E+003  0.43290919E+003
 -0.86061500E+000 -0.71419417E+000 -0.34399619E+000 -0.10747961E-001  0.25196794E-001  0.10678626E+001  0.81117210E+001  0.43468238E+002  0.79564991E+002  0.21963316E+003  0.43290918E+003
 -0.86061500E+000 -0.71419420E+000 -0.34399703E+000 -0.10748154E-001  0.25196792E-001  0.10678480E+001  0.81116781E+001  0.43467947E+002  0.79564110E+002  0.21963316E+003  0.43290917E+003
 -0.86061500E+000 -0.71419423E+000 -0.34399786E+000 -0.10748344E-001  0.25196790E-001  0.10678334E+001  0.81116355E+001  0.43467655E+002  0.79563230E+002  0.21963316E+003  0.43290916E+003
 -0.86061500E+000 -0.71419426E+000 -0.34399868E+000 -0.10748529E-001  0.25196790E-001  0.10678188E+001  0.81115933E+001  0.43467364E+002  0.79562351E+002  0.21963316E+003  0.43290915E+003
 -0.86061501E+000 -0.71419429E+000 -0.34399948E+000 -0.10748709E-001  0.25196790E-001  0.10678044E+001  0.81115515E+001  0.43467072E+002  0.79561473E+002  0.21963315E+003  0.43290914E+003
 -0.86061501E+000 -0.71419431E+000 -0.34400026E+000 -0.10748884E-001  0.25196790E-001  0.10677902E+001  0.81115100E+001  0.43466781E+002  0.79560597E+002  0.21963315E+003  0.43290914E+003
 -0.86061501E+000 -0.71419433E+000 -0.34400103E+000 -0.10749054E-001  0.25196791E-001  0.10677761E+001  0.81114689E+001  0.43466490E+002  0.79559721E+002  0.21963315E+003  0.43290913E+003
 -0.86061501E+000 -0.71419436E+000 -0.34400178E+000 -0.10749218E-001  0.25196793E-001  0.10677621E+001  0.81114282E+001  0.43466200E+002  0.79558846E+002  0.21963315E+003  0.43290912E+003
 -0.86061502E+000 -0.71419438E+000 -0.34400252E+000 -0.10749377E-001  0.25196795E-001  0.10677484E+001  0.81113880E+001  0.43465910E+002  0.79557972E+002  0.21963315E+003  0.43290911E+003
 -0.86061502E+000 -0.71419439E+000 -0.34400324E+000 -0.10749529E-001  0.25196797E-001  0.10677349E+001  0.81113482E+001  0.43465622E+002  0.79557099E+002  0.21963315E+003  0.43290911E+003
 -0.86061502E+000 -0.71419441E+000 -0.34400394E+000 -0.10749676E-001  0.25196800E-001  0.10677216E+001  0.81113088E+001  0.43465334E+002  0.79556227E+002  0.21963314E+003  0.43290910E+003
 -0.86061502E+000 -0.71419443E+000 -0.34400462E+000 -0.10749816E-001  0.25196803E-001  0.10677085E+001  0.81112700E+001  0.43465047E+002  0.79555354E+002  0.21963314E+003  0.43290909E+003
 -0.86061502E+000 -0.71419444E+000 -0.34400528E+000 -0.10749950E-001  0.25196807E-001  0.10676956E+001  0.81112316E+001  0.43464762E+002  0.79554482E+002  0.21963314E+003  0.43290909E+003
 -0.86061502E+000 -0.71419445E+000 -0.34400592E+000 -0.10750079E-001  0.25196810E-001  0.10676829E+001  0.81111937E+001  0.43464478E+002  0.79553610E+002  0.21963314E+003  0.43290908E+003
 -0.86061502E+000 -0.71419446E+000 -0.34400655E+000 -0.10750201E-001  0.25196814E-001  0.10676705E+001  0.81111564E+001  0.43464196E+002  0.79552737E+002  0.21963314E+003  0.43290907E+003
 -0.86061502E+000 -0.71419447E+000 -0.34400715E+000 -0.10750317E-001  0.25196818E-001  0.10676583E+001  0.81111196E+001  0.43463916E+002  0.79551864E+002  0.21963314E+003  0.43290907E+003
 -0.86061502E+000 -0.71419448E+000 -0.34400773E+000 -0.10750427E-001  0.25196822E-001  0.10676463E+001  0.81110834E+001  0.43463638E+002  0.79550990E+002  0.21963314E+003  0.43290906E+003
 -0.86061503E+000 -0.71419449E+000 -0.34400830E+000 -0.10750531E-001  0.25196827E-001  0.10676345E+001  0.81110478E+001  0.43463362E+002  0.79550115E+002  0.21963313E+003  0.43290905E+003
 -0.86061503E+000 -0.71419449E+000 -0.34400884E+000 -0.10750630E-001  0.25196831E-001  0.10676229E+001  0.81110128E+001  0.43463089E+002  0.79549239E+002  0.21963313E+003  0.43290905E+003
 -0.86061503E+000 -0.71419450E+000 -0.34400937E+000 -0.10750723E-001  0.25196835E-001  0.10676116E+001  0.81109784E+001  0.43462818E+002  0.79548362E+002  0.21963313E+003  0.43290904E+003
 -0.86061503E+000 -0.71419450E+000 -0.34400987E+000 -0.10750811E-001  0.25196840E-001  0.10676004E+001  0.81109447E+001  0.43462550E+002  0.79547483E+002  0.21963313E+003  0.43290903E+003
 -0.86061503E+000 -0.71419450E+000 -0.34401035E+000 -0.10750894E-001  0.25196844E-001  0.10675895E+001  0.81109115E+001  0.43462284E+002  0.79546603E+002  0.21963313E+003  0.43290903E+003
 -0.86061503E+000 -0.71419450E+000 -0.34401081E+000 -0.10750971E-001  0.25196848E-001  0.10675787E+001  0.81108791E+001  0.43462021E+002  0.79545722E+002  0.21963313E+003  0.43290902E+003
 -0.86061502E+000 -0.71419450E+000 -0.34401126E+000 -0.10751044E-001  0.25196853E-001  0.10675681E+001  0.81108472E+001  0.43461762E+002  0.79544839E+002  0.21963312E+003  0.43290902E+003
 -0.86061502E+000 -0.71419450E+000 -0.34401168E+000 -0.10751112E-001  0.25196857E-001  0.10675577E+001  0.81108160E+001  0.43461505E+002  0.79543955E+002  0.21963312E+003  0.43290901E+003
 -0.86061502E+000 -0.71419450E+000 -0.34401208E+000 -0.10751176E-001  0.25196860E-001  0.10675475E+001  0.81107855E+001  0.43461251E+002  0.79543070E+002  0.21963312E+003  0.43290900E+003
 -0.86061502E+000 -0.71419450E+000 -0.34401246E+000 -0.10751236E-001  0.25196864E-001  0.10675375E+001  0.81107555E+001  0.43461000E+002  0.79542184E+002  0.21963312E+003  0.43290900E+003
 -0.86061502E+000 -0.71419450E+000 -0.34401282E+000 -0.10751291E-001  0.25196868E-001  0.10675277E+001  0.81107262E+001  0.43460753E+002  0.79541297E+002  0.21963312E+003  0.43290899E+003
 -0.86061502E+000 -0.71419450E+000 -0.34401316E+000 -0.10751343E-001  0.25196871E-001  0.10675181E+001  0.81106974E+001  0.43460508E+002  0.79540410E+002  0.21963312E+003  0.43290898E+003
 -0.86061502E+000 -0.71419449E+000 -0.34401348E+000 -0.10751392E-001  0.25196874E-001  0.10675086E+001  0.81106693E+001  0.43460267E+002  0.79539522E+002  0.21963311E+003  0.43290897E+003
 -0.86061502E+000 -0.71419449E+000 -0.34401378E+000 -0.10751437E-001  0.25196877E-001  0.10674994E+001  0.81106416E+001  0.43460029E+002  0.79538634E+002  0.21963311E+003  0.43290897E+003
 -0.86061502E+000 -0.71419449E+000 -0.34401406E+000 -0.10751479E-001  0.25196880E-001  0.10674904E+001  0.81106144E+001  0.43459794E+002  0.79537747E+002  0.21963311E+003  0.43290896E+003
 -0.86061502E+000 -0.71419449E+000 -0.34401433E+000 -0.10751517E-001  0.25196882E-001  0.10674817E+001  0.81105878E+001  0.43459562E+002  0.79536860E+002  0.21963311E+003  0.43290895E+003
 -0.86061502E+000 -0.71419448E+000 -0.34401458E+000 -0.10751554E-001  0.25196884E-001  0.10674732E+001  0.81105615E+001  0.43459333E+002  0.79535974E+002  0.21963311E+003  0.43290894E+003
 -0.86061502E+000 -0.71419448E+000 -0.34401481E+000 -0.10751587E-001  0.25196886E-001  0.10674649E+001  0.81105357E+001  0.43459107E+002  0.79535089E+002  0.21963311E+003  0.43290894E+003
 -0.86061502E+000 -0.71419448E+000 -0.34401502E+000 -0.10751619E-001  0.25196888E-001  0.10674568E+001  0.81105102E+001  0.43458885E+002  0.79534205E+002  0.21963310E+003  0.43290893E+003
 -0.86061502E+000 -0.71419447E+000 -0.34401522E+000 -0.10751648E-001  0.25196889E-001  0.10674491E+001  0.81104851E+001  0.43458665E+002  0.79533324E+002  0.21963310E+003  0.43290892E+003
 -0.86061502E+000 -0.71419447E+000 -0.34401540E+000 -0.10751675E-001  0.25196891E-001  0.10674416E+001  0.81104603E+001  0.43458448E+002  0.79532445E+002  0.21963310E+003  0.43290891E+003
 -0.86061501E+000 -0.71419447E+000 -0.34401557E+000 -0.10751701E-001  0.25196892E-001  0.10674343E+001  0.81104358E+001  0.43458234E+002  0.79531568E+002  0.21963310E+003  0.43290890E+003
 -0.86061501E+000 -0.71419447E+000 -0.34401573E+000 -0.10751725E-001  0.25196893E-001  0.10674274E+001  0.81104115E+001  0.43458023E+002  0.79530695E+002  0.21963310E+003  0.43290889E+003
 -0.86061501E+000 -0.71419446E+000 -0.34401587E+000 -0.10751747E-001  0.25196893E-001  0.10674207E+001  0.81103875E+001  0.43457814E+002  0.79529825E+002  0.21963309E+003  0.43290888E+003
 -0.86061501E+000 -0.71419446E+000 -0.34401601E+000 -0.10751768E-001  0.25196894E-001  0.10674144E+001  0.81103636E+001  0.43457609E+002  0.79528959E+002  0.21963309E+003  0.43290887E+003
 -0.86061501E+000 -0.71419446E+000 -0.34401613E+000 -0.10751788E-001  0.25196894E-001  0.10674083E+001  0.81103400E+001  0.43457406E+002  0.79528097E+002  0.21963309E+003  0.43290886E+003
 -0.86061501E+000 -0.71419446E+000 -0.34401625E+000 -0.10751807E-001  0.25196895E-001  0.10674025E+001  0.81103166E+001  0.43457206E+002  0.79527239E+002  0.21963309E+003  0.43290885E+003
 -0.86061501E+000 -0.71419446E+000 -0.34401636E+000 -0.10751826E-001  0.25196895E-001  0.10673970E+001  0.81102933E+001  0.43457008E+002  0.79526387E+002  0.21963309E+003  0.43290884E+003
 -0.86061501E+000 -0.71419446E+000 -0.34401646E+000 -0.10751843E-001  0.25196895E-001  0.10673918E+001  0.81102702E+001  0.43456813E+002  0.79525541E+002  0.21963308E+003  0.43290882E+003
 -0.86061501E+000 -0.71419446E+000 -0.34401655E+000 -0.10751860E-001  0.25196895E-001  0.10673869E+001  0.81102473E+001  0.43456621E+002  0.79524700E+002  0.21963308E+003  0.43290881E+003
 -0.86061501E+000 -0.71419446E+000 -0.34401664E+000 -0.10751877E-001  0.25196895E-001  0.10673822E+001  0.81102245E+001  0.43456432E+002  0.79523866E+002  0.21963308E+003  0.43290880E+003
 -0.86061501E+000 -0.71419446E+000 -0.34401673E+000 -0.10751893E-001  0.25196894E-001  0.10673779E+001  0.81102020E+001  0.43456245E+002  0.79523038E+002  0.21963308E+003  0.43290879E+003
 -0.86061501E+000 -0.71419446E+000 -0.34401681E+000 -0.10751908E-001  0.25196894E-001  0.10673738E+001  0.81101796E+001  0.43456060E+002  0.79522218E+002  0.21963307E+003  0.43290877E+003
 -0.86061501E+000 -0.71419446E+000 -0.34401689E+000 -0.10751924E-001  0.25196894E-001  0.10673699E+001  0.81101575E+001  0.43455879E+002  0.79521406E+002  0.21963307E+003  0.43290876E+003
 -0.86061501E+000 -0.71419447E+000 -0.34401696E+000 -0.10751939E-001  0.25196893E-001  0.10673663E+001  0.81101355E+001  0.43455700E+002  0.79520602E+002  0.21963307E+003  0.43290875E+003
 -0.86061501E+000 -0.71419447E+000 -0.34401704E+000 -0.10751954E-001  0.25196893E-001  0.10673629E+001  0.81101139E+001  0.43455524E+002  0.79519807E+002  0.21963307E+003  0.43290873E+003
 -0.86061501E+000 -0.71419447E+000 -0.34401711E+000 -0.10751968E-001  0.25196892E-001  0.10673598E+001  0.81100925E+001  0.43455350E+002  0.79519021E+002  0.21963307E+003  0.43290872E+003
 -0.86061501E+000 -0.71419447E+000 -0.34401718E+000 -0.10751982E-001  0.25196892E-001  0.10673569E+001  0.81100715E+001  0.43455179E+002  0.79518245E+002  0.21963306E+003  0.43290870E+003
 -0.86061501E+000 -0.71419447E+000 -0.34401724E+000 -0.10751997E-001  0.25196892E-001  0.10673542E+001  0.81100508E+001  0.43455011E+002  0.79517479E+002  0.21963306E+003  0.43290869E+003
 -0.86061501E+000 -0.71419448E+000 -0.34401731E+000 -0.10752010E-001  0.25196891E-001  0.10673516E+001  0.81100304E+001  0.43454846E+002  0.79516723E+002  0.21963306E+003  0.43290868E+003
 -0.86061501E+000 -0.71419448E+000 -0.34401737E+000 -0.10752024E-001  0.25196891E-001  0.10673493E+001  0.81100105E+001  0.43454684E+002  0.79515979E+002  0.21963306E+003  0.43290866E+003
 -0.86061501E+000 -0.71419448E+000 -0.34401743E+000 -0.10752037E-001  0.25196890E-001  0.10673471E+001  0.81099910E+001  0.43454525E+002  0.79515245E+002  0.21963305E+003  0.43290864E+003
 -0.86061501E+000 -0.71419448E+000 -0.34401749E+000 -0.10752050E-001  0.25196890E-001  0.10673451E+001  0.81099720E+001  0.43454369E+002  0.79514524E+002  0.21963305E+003  0.43290863E+003
 -0.86061501E+000 -0.71419449E+000 -0.34401755E+000 -0.10752062E-001  0.25196890E-001  0.10673433E+001  0.81099535E+001  0.43454216E+002  0.79513815E+002  0.21963305E+003  0.43290861E+003
 -0.86061501E+000 -0.71419449E+000 -0.34401760E+000 -0.10752074E-001  0.25196890E-001  0.10673416E+001  0.81099355E+001  0.43454066E+002  0.79513118E+002  0.21963305E+003  0.43290860E+003
 -0.86061501E+000 -0.71419449E+000 -0.34401766E+000 -0.10752085E-001  0.25196889E-001  0.10673400E+001  0.81099181E+001  0.43453920E+002  0.79512435E+002  0.21963304E+003  0.43290858E+003
 -0.86061501E+000 -0.71419449E+000 -0.34401770E+000 -0.10752096E-001  0.25196889E-001  0.10673386E+001  0.81099013E+001  0.43453777E+002  0.79511765E+002  0.21963304E+003  0.43290856E+003
 -0.86061501E+000 -0.71419450E+000 -0.34401775E+000 -0.10752106E-001  0.25196889E-001  0.10673373E+001  0.81098850E+001  0.43453637E+002  0.79511108E+002  0.21963304E+003  0.43290855E+003
 -0.86061501E+000 -0.71419450E+000 -0.34401779E+000 -0.10752115E-001  0.25196889E-001  0.10673361E+001  0.81098695E+001  0.43453500E+002  0.79510466E+002  0.21963304E+003  0.43290853E+003
 -0.86061501E+000 -0.71419450E+000 -0.34401782E+000 -0.10752124E-001  0.25196889E-001  0.10673350E+001  0.81098545E+001  0.43453368E+002  0.79509838E+002  0.21963304E+003  0.43290851E+003
 -0.86061501E+000 -0.71419450E+000 -0.34401786E+000 -0.10752131E-001  0.25196889E-001  0.10673341E+001  0.81098403E+001  0.43453239E+002  0.79509224E+002  0.21963303E+003  0.43290850E+003
 -0.86061501E+000 -0.71419450E+000 -0.34401788E+000 -0.10752137E-001  0.25196889E-001  0.10673333E+001  0.81098267E+001  0.43453113E+002  0.79508625E+002  0.21963303E+003  0.43290848E+003
 -0.86061501E+000 -0.71419450E+000 -0.34401791E+000 -0.10752143E-001  0.25196890E-001  0.10673326E+001  0.81098138E+001  0.43452991E+002  0.79508041E+002  0.21963303E+003  0.43290846E+003
 -0.86061501E+000 -0.71419450E+000 -0.34401792E+000 -0.10752148E-001  0.25196890E-001  0.10673319E+001  0.81098017E+001  0.43452873E+002  0.79507473E+002  0.21963303E+003  0.43290844E+003
 -0.86061501E+000 -0.71419450E+000 -0.34401793E+000 -0.10752151E-001  0.25196890E-001  0.10673314E+001  0.81097902E+001  0.43452759E+002  0.79506919E+002  0.21963303E+003  0.43290843E+003
 -0.86061501E+000 -0.71419450E+000 -0.34401794E+000 -0.10752153E-001  0.25196890E-001  0.10673310E+001  0.81097794E+001  0.43452649E+002  0.79506381E+002  0.21963302E+003  0.43290841E+003
 -0.86061501E+000 -0.71419450E+000 -0.34401794E+000 -0.10752155E-001  0.25196891E-001  0.10673307E+001  0.81097694E+001  0.43452542E+002  0.79505858E+002  0.21963302E+003  0.43290839E+003
 -0.86061501E+000 -0.71419450E+000 -0.34401794E+000 -0.10752155E-001  0.25196891E-001  0.10673305E+001  0.81097600E+001  0.43452440E+002  0.79505351E+002  0.21963302E+003  0.43290838E+003
 -0.86061501E+000 -0.71419450E+000 -0.34401793E+000 -0.10752154E-001  0.25196891E-001  0.10673304E+001  0.81097513E+001  0.43452341E+002  0.79504860E+002  0.21963302E+003  0.43290836E+003
 -0.86061501E+000 -0.71419449E+000 -0.34401791E+000 -0.10752152E-001  0.25196892E-001  0.10673304E+001  0.81097433E+001  0.43452247E+002  0.79504384E+002  0.21963302E+003  0.43290834E+003
 -0.86061501E+000 -0.71419449E+000 -0.34401789E+000 -0.10752149E-001  0.25196892E-001  0.10673305E+001  0.81097360E+001  0.43452156E+002  0.79503923E+002  0.21963301E+003  0.43290833E+003
 -0.86061501E+000 -0.71419449E+000 -0.34401787E+000 -0.10752146E-001  0.25196892E-001  0.10673307E+001  0.81097293E+001  0.43452069E+002  0.79503478E+002  0.21963301E+003  0.43290831E+003
 -0.86061501E+000 -0.71419449E+000 -0.34401784E+000 -0.10752141E-001  0.25196893E-001  0.10673309E+001  0.81097232E+001  0.43451986E+002  0.79503048E+002  0.21963301E+003  0.43290829E+003
 -0.86061501E+000 -0.71419449E+000 -0.34401781E+000 -0.10752136E-001  0.25196893E-001  0.10673313E+001  0.81097177E+001  0.43451907E+002  0.79502634E+002  0.21963301E+003  0.43290828E+003
 -0.86061501E+000 -0.71419449E+000 -0.34401778E+000 -0.10752130E-001  0.25196893E-001  0.10673317E+001  0.81097128E+001  0.43451832E+002  0.79502234E+002  0.21963301E+003  0.43290826E+003
 -0.86061501E+000 -0.71419448E+000 -0.34401775E+000 -0.10752123E-001  0.25196893E-001  0.10673322E+001  0.81097085E+001  0.43451761E+002  0.79501850E+002  0.21963300E+003  0.43290824E+003
 -0.86061501E+000 -0.71419448E+000 -0.34401771E+000 -0.10752116E-001  0.25196894E-001  0.10673327E+001  0.81097046E+001  0.43451693E+002  0.79501480E+002  0.21963300E+003  0.43290823E+003
 -0.86061501E+000 -0.71419448E+000 -0.34401767E+000 -0.10752109E-001  0.25196894E-001  0.10673333E+001  0.81097013E+001  0.43451629E+002  0.79501125E+002  0.21963300E+003  0.43290821E+003
 -0.86061501E+000 -0.71419448E+000 -0.34401764E+000 -0.10752101E-001  0.25196894E-001  0.10673339E+001  0.81096984E+001  0.43451568E+002  0.79500783E+002  0.21963300E+003  0.43290820E+003
 -0.86061501E+000 -0.71419448E+000 -0.34401760E+000 -0.10752094E-001  0.25196894E-001  0.10673346E+001  0.81096960E+001  0.43451511E+002  0.79500456E+002  0.21963300E+003  0.43290818E+003
 -0.86061501E+000 -0.71419447E+000 -0.34401757E+000 -0.10752086E-001  0.25196893E-001  0.10673353E+001  0.81096939E+001  0.43451457E+002  0.79500143E+002  0.21963300E+003  0.43290817E+003
 -0.86061501E+000 -0.71419447E+000 -0.34401754E+000 -0.10752079E-001  0.25196893E-001  0.10673360E+001  0.81096922E+001  0.43451407E+002  0.79499842E+002  0.21963300E+003  0.43290815E+003
 -0.86061501E+000 -0.71419447E+000 -0.34401752E+000 -0.10752073E-001  0.25196893E-001  0.10673367E+001  0.81096909E+001  0.43451359E+002  0.79499555E+002  0.21963299E+003  0.43290814E+003
 -0.86061501E+000 -0.71419447E+000 -0.34401750E+000 -0.10752067E-001  0.25196892E-001  0.10673373E+001  0.81096898E+001  0.43451315E+002  0.79499280E+002  0.21963299E+003  0.43290812E+003
 -0.86061501E+000 -0.71419448E+000 -0.34401749E+000 -0.10752062E-001  0.25196892E-001  0.10673380E+001  0.81096889E+001  0.43451273E+002  0.79499017E+002  0.21963299E+003  0.43290811E+003
 -0.86061501E+000 -0.71419448E+000 -0.34401749E+000 -0.10752058E-001  0.25196891E-001  0.10673386E+001  0.81096883E+001  0.43451234E+002  0.79498766E+002  0.21963299E+003  0.43290809E+003
 -0.86061501E+000 -0.71419448E+000 -0.34401749E+000 -0.10752055E-001  0.25196890E-001  0.10673391E+001  0.81096879E+001  0.43451198E+002  0.79498527E+002  0.21963299E+003  0.43290808E+003
 -0.86061501E+000 -0.71419448E+000 -0.34401751E+000 -0.10752054E-001  0.25196889E-001  0.10673396E+001  0.81096875E+001  0.43451164E+002  0.79498298E+002  0.21963299E+003  0.43290807E+003
 -0.86061501E+000 -0.71419449E+000 -0.34401754E+000 -0.10752055E-001  0.25196888E-001  0.10673400E+001  0.81096873E+001  0.43451132E+002  0.79498080E+002  0.21963299E+003  0.43290806E+003
 -0.86061501E+000 -0.71419449E+000 -0.34401759E+000 -0.10752058E-001  0.25196887E-001  0.10673402E+001  0.81096871E+001  0.43451103E+002  0.79497872E+002  0.21963299E+003  0.43290804E+003
 -0.86061501E+000 -0.71419450E+000 -0.34401764E+000 -0.10752062E-001  0.25196885E-001  0.10673403E+001  0.81096869E+001  0.43451075E+002  0.79497674E+002  0.21963298E+003  0.43290803E+003
 -0.86061501E+000 -0.71419451E+000 -0.34401772E+000 -0.10752070E-001  0.25196883E-001  0.10673403E+001  0.81096866E+001  0.43451049E+002  0.79497484E+002  0.21963298E+003  0.43290802E+003
 -0.86061501E+000 -0.71419452E+000 -0.34401781E+000 -0.10752080E-001  0.25196881E-001  0.10673401E+001  0.81096862E+001  0.43451024E+002  0.79497304E+002  0.21963298E+003  0.43290801E+003
 -0.86061501E+000 -0.71419453E+000 -0.34401792E+000 -0.10752093E-001  0.25196879E-001  0.10673396E+001  0.81096857E+001  0.43451000E+002  0.79497131E+002  0.21963298E+003  0.43290800E+003
 -0.86061501E+000 -0.71419454E+000 -0.34401805E+000 -0.10752109E-001  0.25196877E-001  0.10673390E+001  0.81096850E+001  0.43450978E+002  0.79496966E+002  0.21963298E+003  0.43290798E+003
 -0.86061501E+000 -0.71419455E+000 -0.34401820E+000 -0.10752128E-001  0.25196875E-001  0.10673381E+001  0.81096840E+001  0.43450957E+002  0.79496808E+002  0.21963298E+003  0.43290797E+003
 -0.86061502E+000 -0.71419456E+000 -0.34401837E+000 -0.10752151E-001  0.25196872E-001  0.10673370E+001  0.81096827E+001  0.43450936E+002  0.79496656E+002  0.21963298E+003  0.43290796E+003
 -0.86061502E+000 -0.71419458E+000 -0.34401857E+000 -0.10752178E-001  0.25196869E-001  0.10673355E+001  0.81096810E+001  0.43450915E+002  0.79496510E+002  0.21963298E+003  0.43290795E+003
 -0.86061502E+000 -0.71419460E+000 -0.34401879E+000 -0.10752209E-001  0.25196866E-001  0.10673338E+001  0.81096789E+001  0.43450895E+002  0.79496369E+002  0.21963298E+003  0.43290794E+003
 -0.86061502E+000 -0.71419461E+000 -0.34401904E+000 -0.10752245E-001  0.25196863E-001  0.10673317E+001  0.81096762E+001  0.43450874E+002  0.79496233E+002  0.21963298E+003  0.43290793E+003
 -0.86061502E+000 -0.71419463E+000 -0.34401932E+000 -0.10752285E-001  0.25196860E-001  0.10673292E+001  0.81096729E+001  0.43450853E+002  0.79496100E+002  0.21963298E+003  0.43290792E+003
 -0.86061502E+000 -0.71419466E+000 -0.34401963E+000 -0.10752330E-001  0.25196856E-001  0.10673263E+001  0.81096690E+001  0.43450831E+002  0.79495971E+002  0.21963297E+003  0.43290792E+003
 -0.86061502E+000 -0.71419468E+000 -0.34401996E+000 -0.10752380E-001  0.25196852E-001  0.10673230E+001  0.81096643E+001  0.43450809E+002  0.79495844E+002  0.21963297E+003  0.43290791E+003
 -0.86061502E+000 -0.71419471E+000 -0.34402033E+000 -0.10752435E-001  0.25196848E-001  0.10673193E+001  0.81096586E+001  0.43450784E+002  0.79495719E+002  0.21963297E+003  0.43290790E+003
 -0.86061503E+000 -0.71419473E+000 -0.34402074E+000 -0.10752496E-001  0.25196844E-001  0.10673150E+001  0.81096520E+001  0.43450758E+002  0.79495594E+002  0.21963297E+003  0.43290789E+003
 -0.86061503E+000 -0.71419476E+000 -0.34402118E+000 -0.10752563E-001  0.25196840E-001  0.10673103E+001  0.81096443E+001  0.43450730E+002  0.79495469E+002  0.21963297E+003  0.43290788E+003
 -0.86061503E+000 -0.71419480E+000 -0.34402166E+000 -0.10752636E-001  0.25196836E-001  0.10673050E+001  0.81096353E+001  0.43450698E+002  0.79495343E+002  0.21963297E+003  0.43290787E+003
 -0.86061503E+000 -0.71419483E+000 -0.34402220E+000 -0.10752717E-001  0.25196831E-001  0.10672990E+001  0.81096248E+001  0.43450664E+002  0.79495215E+002  0.21963297E+003  0.43290787E+003
 -0.86061504E+000 -0.71419487E+000 -0.34402280E+000 -0.10752806E-001  0.25196827E-001  0.10672925E+001  0.81096127E+001  0.43450625E+002  0.79495082E+002  0.21963297E+003  0.43290786E+003
 -0.86061504E+000 -0.71419491E+000 -0.34402347E+000 -0.10752905E-001  0.25196822E-001  0.10672851E+001  0.81095987E+001  0.43450582E+002  0.79494944E+002  0.21963297E+003  0.43290785E+003
 -0.86061504E+000 -0.71419496E+000 -0.34402426E+000 -0.10753017E-001  0.25196817E-001  0.10672770E+001  0.81095824E+001  0.43450533E+002  0.79494800E+002  0.21963297E+003  0.43290785E+003
 -0.86061504E+000 -0.71419501E+000 -0.34402520E+000 -0.10753146E-001  0.25196811E-001  0.10672678E+001  0.81095636E+001  0.43450478E+002  0.79494647E+002  0.21963297E+003  0.43290784E+003
 -0.86061505E+000 -0.71419509E+000 -0.34402639E+000 -0.10753298E-001  0.25196806E-001  0.10672574E+001  0.81095416E+001  0.43450415E+002  0.79494482E+002  0.21963297E+003  0.43290783E+003
 -0.86061505E+000 -0.71419518E+000 -0.34402796E+000 -0.10753487E-001  0.25196800E-001  0.10672455E+001  0.81095158E+001  0.43450343E+002  0.79494305E+002  0.21963297E+003  0.43290783E+003
 -0.86061506E+000 -0.71419530E+000 -0.34403013E+000 -0.10753732E-001  0.25196794E-001  0.10672313E+001  0.81094854E+001  0.43450262E+002  0.79494110E+002  0.21963297E+003  0.43290782E+003
 -0.86061507E+000 -0.71419549E+000 -0.34403333E+000 -0.10754073E-001  0.25196787E-001  0.10672140E+001  0.81094491E+001  0.43450167E+002  0.79493895E+002  0.21963297E+003  0.43290781E+003
 -0.86061508E+000 -0.71419577E+000 -0.34403817E+000 -0.10754563E-001  0.25196779E-001  0.10671921E+001  0.81094057E+001  0.43450059E+002  0.79493657E+002  0.21963297E+003  0.43290781E+003
 -0.86061510E+000 -0.71419621E+000 -0.34404603E+000 -0.10755365E-001  0.25196769E-001  0.10671618E+001  0.81093524E+001  0.43449934E+002  0.79493387E+002  0.21963297E+003  0.43290780E+003
 -0.86061514E+000 -0.71419691E+000 -0.34405825E+000 -0.10756596E-001  0.25196756E-001  0.10671204E+001  0.81092878E+001  0.43449789E+002  0.79493081E+002  0.21963296E+003  0.43290780E+003
 -0.86061520E+000 -0.71419816E+000 -0.34408097E+000 -0.10759273E-001  0.25196733E-001  0.10670488E+001  0.81092016E+001  0.43449609E+002  0.79492694E+002  0.21963296E+003  0.43290779E+003
 -0.86061529E+000 -0.71419995E+000 -0.34411244E+000 -0.10763288E-001  0.25196704E-001  0.10669625E+001  0.81091032E+001  0.43449406E+002  0.79492246E+002  0.21963296E+003  0.43290778E+003
