  0.30912268E+000  0.33896275E+000  0.44810911E+000  0.59598735E+000  0.77954055E+000  0.86828892E+000  0.11729490E+001  0.17260425E+001  0.23581634E+001  0.35244826E+001  0.54020068E+001
  0.30912262E+000  0.33896267E+000  0.44810906E+000  0.59598786E+000  0.77954247E+000  0.86832210E+000  0.11729431E+001  0.17257299E+001  0.23581553E+001  0.35244509E+001  0.54015598E+001
  0.30912258E+000  0.33896262E+000  0.44810904E+000  0.59604286E+000  0.77954401E+000  0.86833109E+000  0.11729954E+001  0.17257251E+001  0.23581478E+001  0.35244419E+001  0.54012047E+001
  0.30912254E+000  0.33896257E+000  0.44807087E+000  0.59604251E+000  0.77956213E+000  0.86833850E+000  0.11729890E+001  0.17259691E+001  0.23581320E+001  0.35244266E+001  0.54013669E+001
  0.30912251E+000  0.33896254E+000  0.44807086E+000  0.59604236E+000  0.77956155E+000  0.86834463E+000  0.11729886E+001  0.17259565E+001  0.23581307E+001  0.35251388E+001  0.54010617E+001
  0.30917523E+000  0.33896266E+000  0.44807086E+000  0.59604286E+000  0.77956112E+000  0.86834971E+000  0.11729808E+001  0.17259672E+001  0.23581210E+001  0.35253149E+001  0.54008182E+001
  0.30917523E+000  0.33896248E+000  0.44807085E+000  0.59604286E+000  0.77956080E+000  0.86835391E+000  0.11729783E+001  0.17259726E+001  0.23581196E+001  0.35257745E+001  0.54011780E+001
  0.30917523E+000  0.33896246E+000  0.44807085E+000  0.59604286E+000  0.77956056E+000  0.86835739E+000  0.11729764E+001  0.17262165E+001  0.23581182E+001  0.35277861E+001  0.54010828E+001
  0.30917523E+000  0.33896244E+000  0.44807085E+000  0.59604054E+000  0.77956038E+000  0.86840306E+000  0.11729750E+001  0.17265009E+001  0.23581170E+001  0.35278688E+001  0.54010050E+001
  0.30917523E+000  0.33896242E+000  0.44807085E+000  0.59604090E+000  0.77956024E+000  0.86840538E+000  0.11729739E+001  0.17272699E+001  0.23581159E+001  0.35279016E+001  0.54009410E+001
  0.30917523E+000  0.33896241E+000  0.44807084E+000  0.59604286E+000  0.77956014E+000  0.86840728E+000  0.11729730E+001  0.17272632E+001  0.23581149E+001  0.35278859E+001  0.54008883E+001
  0.30917523E+000  0.33896240E+000  0.44807084E+000  0.59604286E+000  0.77956006E+000  0.86840885E+000  0.11729722E+001  0.17272580E+001  0.23581140E+001  0.35278740E+001  0.54008448E+001
  0.30917523E+000  0.33896239E+000  0.44807084E+000  0.59604286E+000  0.77956000E+000  0.86841013E+000  0.11729716E+001  0.17273744E+001  0.23581132E+001  0.35278648E+001  0.54008088E+001
  0.30917523E+000  0.33896239E+000  0.44807084E+000  0.59604286E+000  0.77955996E+000  0.86841116E+000  0.11729711E+001  0.17273614E+001  0.23581125E+001  0.35278576E+001  0.54007790E+001
  0.30917523E+000  0.33896238E+000  0.44807084E+000  0.59604286E+000  0.77955992E+000  0.86841200E+000  0.11729707E+001  0.17273506E+001  0.23581118E+001  0.35278516E+001  0.54007542E+001
  0.30917523E+000  0.33896237E+000  0.44807084E+000  0.59604286E+000  0.77955990E+000  0.86841267E+000  0.11729702E+001  0.17273417E+001  0.23581111E+001  0.35278467E+001  0.54007336E+001
  0.30917523E+000  0.33896237E+000  0.44807084E+000  0.59604286E+000  0.77955988E+000  0.86841319E+000  0.11729699E+001  0.17273851E+001  0.23581106E+001  0.35278425E+001  0.54007166E+001
  0.30917523E+000  0.33896236E+000  0.44807084E+000  0.59604286E+000  0.77955986E+000  0.86841359E+000  0.11729695E+001  0.17273801E+001  0.23581100E+001  0.35278388E+001  0.54007024E+001
  0.30917523E+000  0.33896236E+000  0.44807084E+000  0.59604286E+000  0.77955985E+000  0.86841389E+000  0.11729692E+001  0.17273758E+001  0.23581095E+001  0.35278356E+001  0.54006907E+001
  0.30917523E+000  0.33896236E+000  0.44807083E+000  0.59604286E+000  0.77955984E+000  0.86841411E+000  0.11729689E+001  0.17273722E+001  0.23581090E+001  0.35278327E+001  0.54006810E+001
  0.30917523E+000  0.33896236E+000  0.44807083E+000  0.59604286E+000  0.77955983E+000  0.86841425E+000  0.11729686E+001  0.17273692E+001  0.23581086E+001  0.35278300E+001  0.54006731E+001
  0.30917523E+000  0.33896235E+000  0.44807083E+000  0.59604286E+000  0.77955983E+000  0.86841433E+000  0.11729683E+001  0.17273665E+001  0.23581081E+001  0.35278275E+001  0.54006666E+001
  0.30917523E+000  0.33896235E+000  0.44807083E+000  0.59604286E+000  0.77955982E+000  0.86841436E+000  0.11729680E+001  0.17273643E+001  0.23581077E+001  0.35278252E+001  0.54006612E+001
  0.30917523E+000  0.33896235E+000  0.44807083E+000  0.59604286E+000  0.77955981E+000  0.86841434E+000  0.11729677E+001  0.17273623E+001  0.23581073E+001  0.35278230E+001  0.54006569E+001
  0.30917523E+000  0.33896235E+000  0.44807082E+000  0.59604286E+000  0.77955981E+000  0.86841429E+000  0.11729674E+001  0.17273606E+001  0.23581069E+001  0.35278208E+001  0.54006534E+001
  0.30917523E+000  0.33896234E+000  0.44807082E+000  0.59604286E+000  0.77955980E+000  0.86841420E+000  0.11729671E+001  0.17273591E+001  0.23581065E+001  0.35278187E+001  0.54006507E+001
  0.30917523E+000  0.33896234E+000  0.44807082E+000  0.59604286E+000  0.77955979E+000  0.86841409E+000  0.11729667E+001  0.17273577E+001  0.23581061E+001  0.35278166E+001  0.54006484E+001
  0.30917523E+000  0.33896234E+000  0.44807082E+000  0.59604286E+000  0.77955979E+000  0.86841395E+000  0.11729664E+001  0.17273565E+001  0.23581057E+001  0.35278145E+001  0.54006467E+001
  0.30917523E+000  0.33896234E+000  0.44807081E+000  0.59604286E+000  0.77955978E+000  0.86841379E+000  0.11729661E+001  0.17273554E+001  0.23581053E+001  0.35278124E+001  0.54006453E+001
  0.30917523E+000  0.33896234E+000  0.44807081E+000  0.59604286E+000  0.77955977E+000  0.86841362E+000  0.11729657E+001  0.17273544E+001  0.23581049E+001  0.35278103E+001  0.54006443E+001
  0.30917523E+000  0.33896234E+000  0.44807080E+000  0.59604286E+000  0.77955977E+000  0.86841343E+000  0.11729654E+001  0.17273535E+001  0.23581045E+001  0.35278082E+001  0.54006436E+001
  0.30917523E+000  0.33896233E+000  0.44807080E+000  0.59604286E+000  0.77955976E+000  0.86841323E+000  0.11729650E+001  0.17273526E+001  0.23581041E+001  0.35278060E+001  0.54006430E+001
  0.30917523E+000  0.33896233E+000  0.44807079E+000  0.59604286E+000  0.77955975E+000  0.86841302E+000  0.11729646E+001  0.17273517E+001  0.23581037E+001  0.35278038E+001  0.54006426E+001
  0.30917523E+000  0.33896233E+000  0.44807079E+000  0.59604286E+000  0.77955974E+000  0.86841279E+000  0.11729643E+001  0.17273509E+001  0.23581032E+001  0.35278015E+001  0.54006424E+001
  0.30917523E+000  0.33896233E+000  0.44807078E+000  0.59604286E+000  0.77955973E+000  0.86841256E+000  0.11729639E+001  0.17273501E+001  0.23581028E+001  0.35277992E+001  0.54006422E+001
  0.30917523E+000  0.33896233E+000  0.44807078E+000  0.59604286E+000  0.77955972E+000  0.86841232E+000  0.11729635E+001  0.17273494E+001  0.23581024E+001  0.35277969E+001  0.54006422E+001
  0.30917523E+000  0.33896233E+000  0.44807077E+000  0.59604286E+000  0.77955971E+000  0.86841207E+000  0.11729630E+001  0.17273486E+001  0.23581020E+001  0.35277945E+001  0.54006422E+001
  0.30917523E+000  0.33896232E+000  0.44807077E+000  0.59604286E+000  0.77955969E+000  0.86841182E+000  0.11729626E+001  0.17273479E+001  0.23581015E+001  0.35277920E+001  0.54006423E+001
  0.30917523E+000  0.33896232E+000  0.44807076E+000  0.59604286E+000  0.77955968E+000  0.86841156E+000  0.11729622E+001  0.17273471E+001  0.23581011E+001  0.35277895E+001  0.54006425E+001
  0.30917523E+000  0.33896232E+000  0.44807075E+000  0.59604286E+000  0.77955967E+000  0.86841129E+000  0.11729617E+001  0.17273464E+001  0.23581006E+001  0.35277869E+001  0.54006427E+001
  0.30917523E+000  0.33896232E+000  0.44807074E+000  0.59604286E+000  0.77955966E+000  0.86841103E+000  0.11729613E+001  0.17273457E+001  0.23581002E+001  0.35277843E+001  0.54006429E+001
  0.30917523E+000  0.33896232E+000  0.44807074E+000  0.59604286E+000  0.77955964E+000  0.86841075E+000  0.11729608E+001  0.17273449E+001  0.23580997E+001  0.35277816E+001  0.54006431E+001
  0.30917523E+000  0.33896231E+000  0.44807073E+000  0.59604286E+000  0.77955963E+000  0.86841048E+000  0.11729603E+001  0.17273442E+001  0.23580992E+001  0.35277789E+001  0.54006434E+001
  0.30917523E+000  0.33896231E+000  0.44807072E+000  0.59604286E+000  0.77955961E+000  0.86841020E+000  0.11729598E+001  0.17273435E+001  0.23580988E+001  0.35277761E+001  0.54006436E+001
  0.30917523E+000  0.33896231E+000  0.44807071E+000  0.59604286E+000  0.77955960E+000  0.86840991E+000  0.11729594E+001  0.17273428E+001  0.23580983E+001  0.35277733E+001  0.54006439E+001
  0.30917523E+000  0.33896231E+000  0.44807070E+000  0.59604286E+000  0.77955958E+000  0.86840963E+000  0.11729588E+001  0.17273420E+001  0.23580978E+001  0.35277705E+001  0.54006442E+001
  0.30917523E+000  0.33896230E+000  0.44807069E+000  0.59604286E+000  0.77955957E+000  0.86840934E+000  0.11729583E+001  0.17273413E+001  0.23580973E+001  0.35277676E+001  0.54006445E+001
  0.30917523E+000  0.33896230E+000  0.44807068E+000  0.59604286E+000  0.77955955E+000  0.86840905E+000  0.11729578E+001  0.17273406E+001  0.23580968E+001  0.35277647E+001  0.54006448E+001
  0.30917523E+000  0.33896230E+000  0.44807067E+000  0.59604286E+000  0.77955954E+000  0.86840877E+000  0.11729573E+001  0.17273398E+001  0.23580963E+001  0.35277618E+001  0.54006452E+001
  0.30917523E+000  0.33896229E+000  0.44807066E+000  0.59604286E+000  0.77955952E+000  0.86840848E+000  0.11729568E+001  0.17273391E+001  0.23580958E+001  0.35277588E+001  0.54006455E+001
  0.30917523E+000  0.33896229E+000  0.44807064E+000  0.59604286E+000  0.77955951E+000  0.86840819E+000  0.11729562E+001  0.17273384E+001  0.23580953E+001  0.35277559E+001  0.54006458E+001
  0.30917523E+000  0.33896229E+000  0.44807063E+000  0.59604286E+000  0.77955949E+000  0.86840790E+000  0.11729557E+001  0.17273377E+001  0.23580948E+001  0.35277529E+001  0.54006461E+001
  0.30917523E+000  0.33896228E+000  0.44807062E+000  0.59604286E+000  0.77955947E+000  0.86840761E+000  0.11729551E+001  0.17273370E+001  0.23580943E+001  0.35277499E+001  0.54006465E+001
  0.30917523E+000  0.33896228E+000  0.44807061E+000  0.59604286E+000  0.77955946E+000  0.86840733E+000  0.11729546E+001  0.17273363E+001  0.23580938E+001  0.35277470E+001  0.54006468E+001
  0.30917523E+000  0.33896228E+000  0.44807060E+000  0.59604286E+000  0.77955944E+000  0.86840705E+000  0.11729540E+001  0.17273356E+001  0.23580933E+001  0.35277440E+001  0.54006471E+001
  0.30917523E+000  0.33896227E+000  0.44807058E+000  0.59604286E+000  0.77955943E+000  0.86840677E+000  0.11729535E+001  0.17273349E+001  0.23580928E+001  0.35277411E+001  0.54006474E+001
  0.30917523E+000  0.33896227E+000  0.44807057E+000  0.59604286E+000  0.77955941E+000  0.86840649E+000  0.11729530E+001  0.17273342E+001  0.23580923E+001  0.35277381E+001  0.54006478E+001
  0.30917523E+000  0.33896227E+000  0.44807056E+000  0.59604286E+000  0.77955940E+000  0.86840622E+000  0.11729524E+001  0.17273336E+001  0.23580918E+001  0.35277353E+001  0.54006481E+001
  0.30917523E+000  0.33896226E+000  0.44807055E+000  0.59604286E+000  0.77955938E+000  0.86840595E+000  0.11729519E+001  0.17273329E+001  0.23580913E+001  0.35277324E+001  0.54006484E+001
  0.30917523E+000  0.33896226E+000  0.44807053E+000  0.59604286E+000  0.77955936E+000  0.86840569E+000  0.11729513E+001  0.17273299E+001  0.23580908E+001  0.35277296E+001  0.54006486E+001
  0.30917523E+000  0.33896226E+000  0.44807052E+000  0.59604286E+000  0.77955935E+000  0.86840543E+000  0.11729508E+001  0.17273263E+001  0.23580904E+001  0.35277268E+001  0.54006489E+001
  0.30917523E+000  0.33896225E+000  0.44807051E+000  0.59604286E+000  0.77955933E+000  0.86840518E+000  0.11729502E+001  0.17273229E+001  0.23580899E+001  0.35277241E+001  0.54006492E+001
  0.30917523E+000  0.33896225E+000  0.44807049E+000  0.59604286E+000  0.77955932E+000  0.86840493E+000  0.11729497E+001  0.17273194E+001  0.23580894E+001  0.35277214E+001  0.54006495E+001
  0.30917523E+000  0.33896224E+000  0.44810828E+000  0.59604286E+000  0.77955930E+000  0.86840469E+000  0.11729492E+001  0.17273160E+001  0.23580890E+001  0.35277187E+001  0.54006497E+001
  0.30917523E+000  0.33896224E+000  0.44810827E+000  0.59604286E+000  0.77955929E+000  0.86840446E+000  0.11729486E+001  0.17273126E+001  0.23580885E+001  0.35277161E+001  0.54006499E+001
  0.30917523E+000  0.33896224E+000  0.44810826E+000  0.59604286E+000  0.77955927E+000  0.86840423E+000  0.11729481E+001  0.17273093E+001  0.23580881E+001  0.35277135E+001  0.54006501E+001
  0.30917523E+000  0.33896223E+000  0.44810825E+000  0.59604286E+000  0.77955926E+000  0.86840401E+000  0.11729476E+001  0.17273060E+001  0.23580877E+001  0.35277110E+001  0.54006504E+001
  0.30917523E+000  0.33896223E+000  0.44810824E+000  0.59604286E+000  0.77955924E+000  0.86840380E+000  0.11729471E+001  0.17273027E+001  0.23580873E+001  0.35277085E+001  0.54006506E+001
  0.30917523E+000  0.33896222E+000  0.44810823E+000  0.59604286E+000  0.77955923E+000  0.86840359E+000  0.11729466E+001  0.17272995E+001  0.23580869E+001  0.35277061E+001  0.54006507E+001
  0.30917523E+000  0.33896222E+000  0.44810822E+000  0.59604286E+000  0.77955921E+000  0.86840339E+000  0.11729461E+001  0.17272963E+001  0.23580865E+001  0.35277037E+001  0.54006509E+001
  0.30917523E+000  0.33896222E+000  0.44810821E+000  0.59604286E+000  0.77955920E+000  0.86840320E+000  0.11729456E+001  0.17272931E+001  0.23580861E+001  0.35277013E+001  0.54006511E+001
  0.30917523E+000  0.33896221E+000  0.44810820E+000  0.59604286E+000  0.77955918E+000  0.86840301E+000  0.11729451E+001  0.17272900E+001  0.23580858E+001  0.35276989E+001  0.54006512E+001
  0.30917523E+000  0.33896221E+000  0.44810820E+000  0.59604286E+000  0.77955917E+000  0.86840284E+000  0.11729447E+001  0.17272869E+001  0.23580854E+001  0.35276966E+001  0.54006514E+001
  0.30917523E+000  0.33896221E+000  0.44810819E+000  0.59604286E+000  0.77955915E+000  0.86840267E+000  0.11729442E+001  0.17272838E+001  0.23580851E+001  0.35276943E+001  0.54006515E+001
  0.30917523E+000  0.33896220E+000  0.44810818E+000  0.59604286E+000  0.77955914E+000  0.86840250E+000  0.11729438E+001  0.17272807E+001  0.23580848E+001  0.35276920E+001  0.54006517E+001
  0.30917523E+000  0.33896220E+000  0.44810817E+000  0.59604286E+000  0.77955912E+000  0.86840235E+000  0.11729433E+001  0.17272777E+001  0.23580845E+001  0.35276897E+001  0.54006518E+001
  0.30917523E+000  0.33896220E+000  0.44810817E+000  0.59604286E+000  0.77955910E+000  0.86835954E+000  0.11729429E+001  0.17272747E+001  0.23580842E+001  0.35276874E+001  0.54006519E+001
  0.30917523E+000  0.33896219E+000  0.44810816E+000  0.59604286E+000  0.77955909E+000  0.86835939E+000  0.11729425E+001  0.17272717E+001  0.23580839E+001  0.35276851E+001  0.54006520E+001
  0.30917523E+000  0.33896219E+000  0.44810816E+000  0.59604286E+000  0.77955907E+000  0.86835926E+000  0.11729420E+001  0.17268089E+001  0.23580836E+001  0.35276828E+001  0.54006521E+001
  0.30917523E+000  0.33896219E+000  0.44810815E+000  0.59604286E+000  0.77955905E+000  0.86835913E+000  0.11729416E+001  0.17267388E+001  0.23580834E+001  0.35276806E+001  0.54006522E+001
  0.30917523E+000  0.33896218E+000  0.44810815E+000  0.59604286E+000  0.77955903E+000  0.86835901E+000  0.11729412E+001  0.17266337E+001  0.23580831E+001  0.35276783E+001  0.54006523E+001
  0.30917523E+000  0.33896218E+000  0.44810814E+000  0.59604286E+000  0.77955902E+000  0.86835889E+000  0.11729408E+001  0.17265051E+001  0.23580829E+001  0.35276760E+001  0.54006523E+001
  0.30917523E+000  0.33896218E+000  0.44810814E+000  0.59604286E+000  0.77955900E+000  0.86835878E+000  0.11729404E+001  0.17264531E+001  0.23580827E+001  0.35276737E+001  0.54006524E+001
  0.30917523E+000  0.33896217E+000  0.44810813E+000  0.59604286E+000  0.77955898E+000  0.86835868E+000  0.11729400E+001  0.17264453E+001  0.23580825E+001  0.35276713E+001  0.54006525E+001
  0.30917523E+000  0.33896217E+000  0.44810813E+000  0.59604286E+000  0.77955896E+000  0.86835859E+000  0.11729397E+001  0.17264376E+001  0.23580823E+001  0.35276690E+001  0.54006525E+001
  0.30917523E+000  0.33896217E+000  0.44810813E+000  0.59604286E+000  0.77955894E+000  0.86835850E+000  0.11729393E+001  0.17264300E+001  0.23580821E+001  0.35276666E+001  0.54006525E+001
  0.30917523E+000  0.33896217E+000  0.44810812E+000  0.59604286E+000  0.77955892E+000  0.86835843E+000  0.11729389E+001  0.17264224E+001  0.23580819E+001  0.35276642E+001  0.54006526E+001
  0.30917523E+000  0.33896216E+000  0.44810812E+000  0.59604286E+000  0.77955890E+000  0.86835835E+000  0.11729386E+001  0.17264149E+001  0.23580818E+001  0.35276618E+001  0.54006526E+001
  0.30917523E+000  0.33896216E+000  0.44810812E+000  0.59604286E+000  0.77955888E+000  0.86835829E+000  0.11729382E+001  0.17264074E+001  0.23580816E+001  0.35276569E+001  0.54006526E+001
  0.30917523E+000  0.33896216E+000  0.44810812E+000  0.59604286E+000  0.77955886E+000  0.86835822E+000  0.11729379E+001  0.17264000E+001  0.23580815E+001  0.35276447E+001  0.54006526E+001
  0.30917523E+000  0.33896216E+000  0.44810812E+000  0.59604286E+000  0.77955884E+000  0.86835817E+000  0.11729375E+001  0.17262664E+001  0.23580814E+001  0.35276322E+001  0.54006526E+001
  0.30917523E+000  0.33896216E+000  0.44810811E+000  0.59604286E+000  0.77955881E+000  0.86835812E+000  0.11729372E+001  0.17262507E+001  0.23580812E+001  0.35276196E+001  0.54006526E+001
  0.30917523E+000  0.33896215E+000  0.44810811E+000  0.59604286E+000  0.77955879E+000  0.86835808E+000  0.11729368E+001  0.17262349E+001  0.23580811E+001  0.35276068E+001  0.54006526E+001
  0.30917523E+000  0.33896215E+000  0.44810811E+000  0.59604286E+000  0.77955877E+000  0.86835804E+000  0.11729365E+001  0.17262190E+001  0.23580810E+001  0.35275939E+001  0.54006526E+001
  0.30917523E+000  0.33896215E+000  0.44810811E+000  0.59604286E+000  0.77955875E+000  0.86835800E+000  0.11729362E+001  0.17262031E+001  0.23580809E+001  0.35275807E+001  0.54006526E+001
  0.30917523E+000  0.33896215E+000  0.44810811E+000  0.59604286E+000  0.77955873E+000  0.86835797E+000  0.11729359E+001  0.17261872E+001  0.23580808E+001  0.35275672E+001  0.54006525E+001
  0.30917523E+000  0.33896215E+000  0.44810811E+000  0.59604286E+000  0.77955871E+000  0.86835795E+000  0.11729355E+001  0.17261712E+001  0.23580807E+001  0.35275535E+001  0.54006525E+001
  0.30917523E+000  0.33896215E+000  0.44810811E+000  0.59604286E+000  0.77955869E+000  0.86835793E+000  0.11729352E+001  0.17261552E+001  0.23580807E+001  0.35275396E+001  0.54006525E+001
  0.30917523E+000  0.33896215E+000  0.44810811E+000  0.59604286E+000  0.77955867E+000  0.86835791E+000  0.11729349E+001  0.17259542E+001  0.23580806E+001  0.35275254E+001  0.54006524E+001
  0.30917523E+000  0.33896215E+000  0.44810811E+000  0.59604286E+000  0.77955864E+000  0.86835790E+000  0.11729346E+001  0.17259536E+001  0.23580805E+001  0.35275109E+001  0.54006524E+001
  0.30917523E+000  0.33896214E+000  0.44810811E+000  0.59604286E+000  0.77955862E+000  0.86835789E+000  0.11729343E+001  0.17259530E+001  0.23580804E+001  0.35274962E+001  0.54006523E+001
  0.30917523E+000  0.33896214E+000  0.44810812E+000  0.59604286E+000  0.77955860E+000  0.86835788E+000  0.11729340E+001  0.17259525E+001  0.23580804E+001  0.35274811E+001  0.54006522E+001
  0.30917523E+000  0.33896214E+000  0.44810812E+000  0.59604286E+000  0.77955858E+000  0.86835788E+000  0.11729338E+001  0.17259519E+001  0.23580803E+001  0.35274658E+001  0.54006521E+001
  0.30917523E+000  0.33896214E+000  0.44810812E+000  0.59604286E+000  0.77955856E+000  0.86835788E+000  0.11729335E+001  0.17259513E+001  0.23580803E+001  0.35274501E+001  0.54006520E+001
  0.30917523E+000  0.33896214E+000  0.44810812E+000  0.59604286E+000  0.77955854E+000  0.86835788E+000  0.11729332E+001  0.17259508E+001  0.23580802E+001  0.35274341E+001  0.54006519E+001
  0.30917523E+000  0.33896214E+000  0.44810812E+000  0.59604286E+000  0.77955852E+000  0.86835788E+000  0.11729329E+001  0.17259502E+001  0.23580801E+001  0.35274178E+001  0.54006518E+001
  0.30917523E+000  0.33896214E+000  0.44810812E+000  0.59604286E+000  0.77955850E+000  0.86835789E+000  0.11729326E+001  0.17259496E+001  0.23580801E+001  0.35274011E+001  0.54006517E+001
  0.30917523E+000  0.33896214E+000  0.44810812E+000  0.59604286E+000  0.77955848E+000  0.86835789E+000  0.11729324E+001  0.17259491E+001  0.23580800E+001  0.35273842E+001  0.54006516E+001
  0.30917523E+000  0.33896214E+000  0.44810812E+000  0.59604286E+000  0.77955846E+000  0.86835790E+000  0.11729321E+001  0.17259485E+001  0.23580800E+001  0.35273668E+001  0.54006515E+001
  0.30917523E+000  0.33896214E+000  0.44810812E+000  0.59604286E+000  0.77955844E+000  0.86835791E+000  0.11729319E+001  0.17259479E+001  0.23580799E+001  0.35273492E+001  0.54006514E+001
  0.30917523E+000  0.33896214E+000  0.44810813E+000  0.59604286E+000  0.77955842E+000  0.86835792E+000  0.11729316E+001  0.17259474E+001  0.23580798E+001  0.35273312E+001  0.54006512E+001
  0.30917523E+000  0.33896214E+000  0.44810813E+000  0.59604286E+000  0.77955840E+000  0.86835793E+000  0.11729314E+001  0.17259468E+001  0.23580798E+001  0.35273129E+001  0.54006511E+001
  0.30917523E+000  0.33896214E+000  0.44810813E+000  0.59604286E+000  0.77955838E+000  0.86835795E+000  0.11729311E+001  0.17259463E+001  0.23580797E+001  0.35272942E+001  0.54006509E+001
  0.30917523E+000  0.33896213E+000  0.44810813E+000  0.59604286E+000  0.77955836E+000  0.86835796E+000  0.11729309E+001  0.17259457E+001  0.23580796E+001  0.35259031E+001  0.54006508E+001
  0.30917523E+000  0.33896213E+000  0.44810813E+000  0.59604286E+000  0.77955834E+000  0.86835797E+000  0.11729306E+001  0.17259452E+001  0.23580795E+001  0.35258550E+001  0.54006506E+001
  0.30917523E+000  0.33896213E+000  0.44810813E+000  0.59604286E+000  0.77955832E+000  0.86835798E+000  0.11729304E+001  0.17259446E+001  0.23580795E+001  0.35258062E+001  0.54006504E+001
  0.30917523E+000  0.33896213E+000  0.44810813E+000  0.59604286E+000  0.77955830E+000  0.86835799E+000  0.11729302E+001  0.17259441E+001  0.23580794E+001  0.35257567E+001  0.54006503E+001
  0.30917523E+000  0.33896213E+000  0.44810813E+000  0.59604286E+000  0.77955828E+000  0.86835800E+000  0.11729299E+001  0.17259435E+001  0.23580793E+001  0.35257065E+001  0.54006501E+001
  0.30917523E+000  0.33896213E+000  0.44810814E+000  0.59604286E+000  0.77955827E+000  0.86835802E+000  0.11729297E+001  0.17259430E+001  0.23580792E+001  0.35256556E+001  0.54006499E+001
  0.30917523E+000  0.33896213E+000  0.44810814E+000  0.59604286E+000  0.77955825E+000  0.86835803E+000  0.11729295E+001  0.17259425E+001  0.23580791E+001  0.35256040E+001  0.54006497E+001
  0.30917523E+000  0.33896213E+000  0.44810814E+000  0.59604286E+000  0.77955823E+000  0.86835804E+000  0.11729292E+001  0.17259419E+001  0.23580790E+001  0.35255519E+001  0.54006495E+001
  0.30917523E+000  0.33896213E+000  0.44810814E+000  0.59604286E+000  0.77955821E+000  0.86835804E+000  0.11729290E+001  0.17259414E+001  0.23580789E+001  0.35254991E+001  0.54006493E+001
  0.30917523E+000  0.33896213E+000  0.44810814E+000  0.59604286E+000  0.77955819E+000  0.86835805E+000  0.11729288E+001  0.17259409E+001  0.23580788E+001  0.35254459E+001  0.54006491E+001
  0.30917523E+000  0.33896213E+000  0.44810814E+000  0.59604286E+000  0.77955818E+000  0.86835806E+000  0.11729286E+001  0.17259404E+001  0.23580787E+001  0.35253922E+001  0.54006488E+001
  0.30917523E+000  0.33896213E+000  0.44810814E+000  0.59604286E+000  0.77955816E+000  0.86835806E+000  0.11729284E+001  0.17259398E+001  0.23580786E+001  0.35253380E+001  0.54006486E+001
  0.30917523E+000  0.33896213E+000  0.44810814E+000  0.59604286E+000  0.77955814E+000  0.86835807E+000  0.11729281E+001  0.17259393E+001  0.23580785E+001  0.35248134E+001  0.54006484E+001
  0.30917523E+000  0.33896213E+000  0.44810814E+000  0.59604286E+000  0.77955812E+000  0.86835807E+000  0.11729279E+001  0.17259388E+001  0.23580784E+001  0.35247788E+001  0.54006482E+001
  0.30917523E+000  0.33896213E+000  0.44810814E+000  0.59604286E+000  0.77955811E+000  0.86835807E+000  0.11729277E+001  0.17259383E+001  0.23580782E+001  0.35247439E+001  0.54006479E+001
  0.30917523E+000  0.33896212E+000  0.44810814E+000  0.59604286E+000  0.77955809E+000  0.86835807E+000  0.11729275E+001  0.17259378E+001  0.23580781E+001  0.35247089E+001  0.54006477E+001
  0.30917523E+000  0.33896212E+000  0.44810814E+000  0.59604286E+000  0.77955807E+000  0.86835807E+000  0.11729273E+001  0.17259373E+001  0.23580780E+001  0.35246738E+001  0.54006474E+001
  0.30917523E+000  0.33896212E+000  0.44810814E+000  0.59604286E+000  0.77955806E+000  0.86835807E+000  0.11729271E+001  0.17259369E+001  0.23580778E+001  0.35246386E+001  0.54006472E+001
  0.30917523E+000  0.33896212E+000  0.44810814E+000  0.59604286E+000  0.77955804E+000  0.86835806E+000  0.11729269E+001  0.17259364E+001  0.23580777E+001  0.35246033E+001  0.54006469E+001
  0.30917523E+000  0.33896212E+000  0.44810814E+000  0.59604286E+000  0.77955802E+000  0.86835806E+000  0.11729267E+001  0.17259359E+001  0.23580776E+001  0.35245680E+001  0.54006467E+001
  0.30917523E+000  0.33896212E+000  0.44810814E+000  0.59604286E+000  0.77955801E+000  0.86835805E+000  0.11729265E+001  0.17259354E+001  0.23580774E+001  0.35245327E+001  0.54006464E+001
  0.30917523E+000  0.33896212E+000  0.44810814E+000  0.59604286E+000  0.77955799E+000  0.86835805E+000  0.11729263E+001  0.17259350E+001  0.23580773E+001  0.35244975E+001  0.54006462E+001
  0.30917523E+000  0.33896212E+000  0.44810814E+000  0.59604286E+000  0.77955798E+000  0.86835804E+000  0.11729261E+001  0.17259345E+001  0.23580771E+001  0.35244623E+001  0.54006459E+001
  0.30917523E+000  0.33896212E+000  0.44810814E+000  0.59604286E+000  0.77955796E+000  0.86835803E+000  0.11729259E+001  0.17259341E+001  0.23580770E+001  0.35244273E+001  0.54006457E+001
  0.30917523E+000  0.33896212E+000  0.44810814E+000  0.59604286E+000  0.77955795E+000  0.86835802E+000  0.11729257E+001  0.17259337E+001  0.23580769E+001  0.35243925E+001  0.54006454E+001
  0.30917523E+000  0.33896212E+000  0.44810814E+000  0.59604286E+000  0.77955794E+000  0.86835801E+000  0.11729255E+001  0.17259332E+001  0.23580767E+001  0.35243578E+001  0.54006451E+001
  0.30917523E+000  0.33896212E+000  0.44810814E+000  0.59604286E+000  0.77955792E+000  0.86835800E+000  0.11729253E+001  0.17259328E+001  0.23580766E+001  0.35243234E+001  0.54006449E+001
  0.30917523E+000  0.33896212E+000  0.44810813E+000  0.59604286E+000  0.77955791E+000  0.86835799E+000  0.11729251E+001  0.17259324E+001  0.23580764E+001  0.35243044E+001  0.54006446E+001
  0.30917523E+000  0.33896212E+000  0.44810813E+000  0.59604286E+000  0.77955790E+000  0.86835798E+000  0.11729250E+001  0.17259320E+001  0.23580763E+001  0.35243034E+001  0.54006444E+001
  0.30917523E+000  0.33896212E+000  0.44810813E+000  0.59604286E+000  0.77955789E+000  0.86835796E+000  0.11729248E+001  0.17259316E+001  0.23580762E+001  0.35243023E+001  0.54006441E+001
  0.30917523E+000  0.33896212E+000  0.44810813E+000  0.59604286E+000  0.77955787E+000  0.86835795E+000  0.11729246E+001  0.17259312E+001  0.23580760E+001  0.35243013E+001  0.54006438E+001
  0.30917523E+000  0.33896212E+000  0.44810813E+000  0.59604286E+000  0.77955786E+000  0.86835794E+000  0.11729244E+001  0.17259308E+001  0.23580759E+001  0.35243003E+001  0.54006436E+001
  0.30917523E+000  0.33896211E+000  0.44810813E+000  0.59604286E+000  0.77955785E+000  0.86835792E+000  0.11729243E+001  0.17259305E+001  0.23580758E+001  0.35242993E+001  0.54006433E+001
  0.30917523E+000  0.33896211E+000  0.44810813E+000  0.59604286E+000  0.77955784E+000  0.86835791E+000  0.11729241E+001  0.17259301E+001  0.23580756E+001  0.35242983E+001  0.54006431E+001
  0.30917523E+000  0.33896211E+000  0.44810813E+000  0.59604286E+000  0.77955783E+000  0.86835790E+000  0.11729240E+001  0.17259298E+001  0.23580755E+001  0.35242973E+001  0.54006428E+001
  0.30917523E+000  0.33896211E+000  0.44810813E+000  0.59604286E+000  0.77955782E+000  0.86835788E+000  0.11729238E+001  0.17259294E+001  0.23580754E+001  0.35242964E+001  0.54006426E+001
  0.30917523E+000  0.33896211E+000  0.44810813E+000  0.59604286E+000  0.77955782E+000  0.86835787E+000  0.11729237E+001  0.17259291E+001  0.23580753E+001  0.35242955E+001  0.54006423E+001
  0.30917523E+000  0.33896211E+000  0.44810813E+000  0.59604286E+000  0.77955781E+000  0.86835786E+000  0.11729235E+001  0.17259288E+001  0.23580752E+001  0.35242945E+001  0.54006421E+001
  0.30917523E+000  0.33896211E+000  0.44810813E+000  0.59604286E+000  0.77955780E+000  0.86835784E+000  0.11729234E+001  0.17259285E+001  0.23580751E+001  0.35242936E+001  0.54006419E+001
  0.30917523E+000  0.33896211E+000  0.44810813E+000  0.59604286E+000  0.77955779E+000  0.86835783E+000  0.11729233E+001  0.17259282E+001  0.23580750E+001  0.35242928E+001  0.54006416E+001
  0.30917523E+000  0.33896211E+000  0.44810813E+000  0.59604286E+000  0.77955779E+000  0.86835782E+000  0.11729232E+001  0.17259279E+001  0.23580749E+001  0.35242919E+001  0.54006414E+001
  0.30917523E+000  0.33896211E+000  0.44810813E+000  0.59604286E+000  0.77955778E+000  0.86835781E+000  0.11729231E+001  0.17259276E+001  0.23580748E+001  0.35242911E+001  0.54006412E+001
  0.30917523E+000  0.33896211E+000  0.44810813E+000  0.59604286E+000  0.77955777E+000  0.86835780E+000  0.11729229E+001  0.17259274E+001  0.23580747E+001  0.35242903E+001  0.54006410E+001
  0.30917523E+000  0.33896211E+000  0.44810813E+000  0.59604286E+000  0.77955777E+000  0.86835779E+000  0.11729228E+001  0.17259271E+001  0.23580746E+001  0.35242895E+001  0.54006407E+001
  0.30917523E+000  0.33896211E+000  0.44810813E+000  0.59604286E+000  0.77955776E+000  0.86835778E+000  0.11729228E+001  0.17259269E+001  0.23580745E+001  0.35242887E+001  0.54006405E+001
  0.30917523E+000  0.33896211E+000  0.44810813E+000  0.59604286E+000  0.77955776E+000  0.86835778E+000  0.11729227E+001  0.17259267E+001  0.23580745E+001  0.35242880E+001  0.54006403E+001
  0.30917523E+000  0.33896211E+000  0.44810813E+000  0.59604286E+000  0.77955776E+000  0.86835777E+000  0.11729226E+001  0.17259265E+001  0.23580744E+001  0.35242873E+001  0.54006401E+001
  0.30917523E+000  0.33896211E+000  0.44810813E+000  0.59604286E+000  0.77955775E+000  0.86835776E+000  0.11729225E+001  0.17259263E+001  0.23580744E+001  0.35242866E+001  0.54006400E+001
  0.30917523E+000  0.33896211E+000  0.44810813E+000  0.59604286E+000  0.77955775E+000  0.86835776E+000  0.11729224E+001  0.17259261E+001  0.23580743E+001  0.35242859E+001  0.54006398E+001
  0.30917523E+000  0.33896211E+000  0.44810813E+000  0.59604286E+000  0.77955775E+000  0.86835776E+000  0.11729224E+001  0.17259259E+001  0.23580743E+001  0.35242853E+001  0.54006396E+001
  0.30917523E+000  0.33896211E+000  0.44810813E+000  0.59604286E+000  0.77955775E+000  0.86835775E+000  0.11729223E+001  0.17259257E+001  0.23580743E+001  0.35242847E+001  0.54006395E+001
  0.30917523E+000  0.33896211E+000  0.44810814E+000  0.59604286E+000  0.77955775E+000  0.86835775E+000  0.11729223E+001  0.17259256E+001  0.23580742E+001  0.35242841E+001  0.54006393E+001
  0.30917523E+000  0.33896211E+000  0.44810814E+000  0.59604286E+000  0.77955774E+000  0.86835775E+000  0.11729222E+001  0.17259255E+001  0.23580742E+001  0.35242835E+001  0.54006392E+001
  0.30917523E+000  0.33896212E+000  0.44810814E+000  0.59604286E+000  0.77955774E+000  0.86835776E+000  0.11729222E+001  0.17259253E+001  0.23580743E+001  0.35242830E+001  0.54006390E+001
  0.30917523E+000  0.33896212E+000  0.44810814E+000  0.59604286E+000  0.77955774E+000  0.86835776E+000  0.11729221E+001  0.17259252E+001  0.23580743E+001  0.35242825E+001  0.54006389E+001
  0.30917523E+000  0.33896212E+000  0.44810814E+000  0.59604286E+000  0.77955774E+000  0.86835777E+000  0.11729221E+001  0.17259251E+001  0.23580743E+001  0.35242821E+001  0.54006388E+001
  0.30917523E+000  0.33896212E+000  0.44810814E+000  0.59604286E+000  0.77955775E+000  0.86835777E+000  0.11729221E+001  0.17259251E+001  0.23580744E+001  0.35242817E+001  0.54006388E+001
  0.30917523E+000  0.33896212E+000  0.44810815E+000  0.59604286E+000  0.77955775E+000  0.86835778E+000  0.11729221E+001  0.17259250E+001  0.23580744E+001  0.35242813E+001  0.54006387E+001
  0.30917523E+000  0.33896212E+000  0.44810815E+000  0.59604286E+000  0.77955775E+000  0.86835779E+000  0.11729221E+001  0.17259249E+001  0.23580745E+001  0.35242809E+001  0.54006387E+001
  0.30917523E+000  0.33896212E+000  0.44810815E+000  0.59604286E+000  0.77955775E+000  0.86835780E+000  0.11729221E+001  0.17259249E+001  0.23580746E+001  0.35242806E+001  0.54006386E+001
  0.30917523E+000  0.33896212E+000  0.44810815E+000  0.59604286E+000  0.77955775E+000  0.86835782E+000  0.11729221E+001  0.17259249E+001  0.23580747E+001  0.35242803E+001  0.54006386E+001
  0.30917523E+000  0.33896212E+000  0.44810816E+000  0.59604286E+000  0.77955776E+000  0.86835784E+000  0.11729221E+001  0.17259249E+001  0.23580749E+001  0.35242801E+001  0.54006386E+001
  0.30917523E+000  0.33896212E+000  0.44810816E+000  0.59604286E+000  0.77955776E+000  0.86835786E+000  0.11729221E+001  0.17259249E+001  0.23580751E+001  0.35242799E+001  0.54006387E+001
  0.30917523E+000  0.33896212E+000  0.44810817E+000  0.59604286E+000  0.77955777E+000  0.86835788E+000  0.11729221E+001  0.17259250E+001  0.23580753E+001  0.35242798E+001  0.54006388E+001
  0.30917523E+000  0.33896212E+000  0.44810817E+000  0.59604286E+000  0.77955777E+000  0.86835790E+000  0.11729222E+001  0.17259250E+001  0.23580755E+001  0.35242798E+001  0.54006389E+001
  0.30917523E+000  0.33896212E+000  0.44810817E+000  0.59604286E+000  0.77955778E+000  0.86835793E+000  0.11729222E+001  0.17259251E+001  0.23580758E+001  0.35242798E+001  0.54006390E+001
  0.30917523E+000  0.33896212E+000  0.44810818E+000  0.59604286E+000  0.77955779E+000  0.86835797E+000  0.11729223E+001  0.17259253E+001  0.23580761E+001  0.35242798E+001  0.54006392E+001
  0.30917523E+000  0.33896212E+000  0.44810818E+000  0.59604286E+000  0.77955779E+000  0.86835801E+000  0.11729224E+001  0.17259254E+001  0.23580765E+001  0.35242800E+001  0.54006394E+001
  0.30917523E+000  0.33896213E+000  0.44810819E+000  0.59604286E+000  0.77955781E+000  0.86835805E+000  0.11729225E+001  0.17259257E+001  0.23580770E+001  0.35242803E+001  0.54006397E+001
  0.30917523E+000  0.33896213E+000  0.44810820E+000  0.59604286E+000  0.77955782E+000  0.86835810E+000  0.11729226E+001  0.17259259E+001  0.23580776E+001  0.35242806E+001  0.54006400E+001
  0.30917523E+000  0.33896213E+000  0.44810820E+000  0.59604286E+000  0.77955783E+000  0.86835816E+000  0.11729227E+001  0.17259263E+001  0.23580782E+001  0.35242811E+001  0.54006404E+001
  0.30917523E+000  0.33896213E+000  0.44810821E+000  0.59604286E+000  0.77955785E+000  0.86835823E+000  0.11729229E+001  0.17259267E+001  0.23580790E+001  0.35242817E+001  0.54006408E+001
  0.30917523E+000  0.33896214E+000  0.44810823E+000  0.59604286E+000  0.77955787E+000  0.86835831E+000  0.11729230E+001  0.17259273E+001  0.23580799E+001  0.35242825E+001  0.54006413E+001
  0.30917523E+000  0.33896215E+000  0.44810824E+000  0.59604286E+000  0.77955790E+000  0.86835840E+000  0.11729232E+001  0.17259279E+001  0.23580810E+001  0.35242834E+001  0.54006419E+001
  0.30917523E+000  0.33896216E+000  0.44810826E+000  0.59604286E+000  0.77955793E+000  0.86835850E+000  0.11729235E+001  0.17259287E+001  0.23580823E+001  0.35242846E+001  0.54006425E+001
  0.30917523E+000  0.33896218E+000  0.44810830E+000  0.59604286E+000  0.77955797E+000  0.86835863E+000  0.11729238E+001  0.17259297E+001  0.23580839E+001  0.35242860E+001  0.54006432E+001
  0.30917523E+000  0.33896222E+000  0.44810835E+000  0.59604286E+000  0.77955802E+000  0.86835878E+000  0.11729241E+001  0.17259309E+001  0.23580858E+001  0.35242878E+001  0.54006440E+001
  0.30917523E+000  0.33896227E+000  0.44810843E+000  0.59604286E+000  0.77955809E+000  0.86835896E+000  0.11729246E+001  0.17259324E+001  0.23580881E+001  0.35242898E+001  0.54006449E+001
  0.30917523E+000  0.33896236E+000  0.44810855E+000  0.59604286E+000  0.77955818E+000  0.86835918E+000  0.11729251E+001  0.17259341E+001  0.23580908E+001  0.35242924E+001  0.54006459E+001
  0.30917523E+000  0.33896251E+000  0.44807053E+000  0.59604286E+000  0.77955829E+000  0.86835947E+000  0.11729258E+001  0.17259362E+001  0.23580941E+001  0.35242954E+001  0.54006470E+001
  0.30917523E+000  0.33896275E+000  0.44807086E+000  0.59604286E+000  0.77955846E+000  0.86835986E+000  0.11729266E+001  0.17259386E+001  0.23580981E+001  0.35242992E+001  0.54006482E+001
  0.30917523E+000  0.33896313E+000  0.44807139E+000  0.59604286E+000  0.77955869E+000  0.86836039E+000  0.11729277E+001  0.17259413E+001  0.23581221E+001  0.35243040E+001  0.54006494E+001
  0.30917523E+000  0.33896375E+000  0.44807224E+000  0.59604286E+000  0.77955907E+000  0.86836125E+000  0.11729292E+001  0.17259446E+001  0.23581269E+001  0.35243103E+001  0.54006507E+001
  0.30917523E+000  0.33896471E+000  0.44807366E+000  0.59604286E+000  0.77955964E+000  0.86836245E+000  0.11729318E+001  0.17259479E+001  0.23581330E+001  0.35243185E+001  0.54006520E+001
  0.30917523E+000  0.33896629E+000  0.44807570E+000  0.59604286E+000  0.77956132E+000  0.86836508E+000  0.11729352E+001  0.17259524E+001  0.23581410E+001  0.35243306E+001  0.54006534E+001
  0.30917523E+000  0.33896832E+000  0.44807976E+000  0.59604286E+000  0.77956363E+000  0.86836768E+000  0.11729439E+001  0.17259563E+001  0.23581516E+001  0.35243461E+001  0.54006550E+001
  0.30917523E+000  0.33897226E+000  0.44812162E+000  0.59604286E+000  0.77958180E+000  0.86842288E+000  0.11730321E+001  0.17257691E+001  0.23581682E+001  0.35243808E+001  0.54006581E+001
