  0.16407744E+000  0.20947877E+000  0.39446978E+000  0.58406833E+000  0.91404484E+000  0.10469595E+001  0.15069809E+001  0.28045645E+001  0.47093547E+001  0.67456767E+001  0.96865051E+001
  0.16407374E+000  0.20925440E+000  0.39445289E+000  0.58403069E+000  0.91404262E+000  0.10469050E+001  0.15068918E+001  0.27837736E+001  0.47073043E+001  0.67043085E+001  0.96390427E+001
  0.16407421E+000  0.20917136E+000  0.39443774E+000  0.58402829E+000  0.91404105E+000  0.10468878E+001  0.15049518E+001  0.27687393E+001  0.47070786E+001  0.66990847E+001  0.96080476E+001
  0.16407005E+000  0.20915641E+000  0.39395107E+000  0.58386096E+000  0.91403980E+000  0.10468599E+001  0.15048294E+001  0.27575746E+001  0.47068391E+001  0.66979811E+001  0.96092352E+001
  0.16406661E+000  0.20907929E+000  0.39360459E+000  0.58406719E+000  0.91403883E+000  0.10468866E+001  0.15048470E+001  0.27481484E+001  0.47066398E+001  0.66938950E+001  0.96118917E+001
  0.16406516E+000  0.20895006E+000  0.39345878E+000  0.58396007E+000  0.91403804E+000  0.10468471E+001  0.15044835E+001  0.27412206E+001  0.47065839E+001  0.66925281E+001  0.96099442E+001
  0.16407849E+000  0.20888604E+000  0.39315917E+000  0.58402584E+000  0.91403744E+000  0.10468581E+001  0.15040247E+001  0.27353498E+001  0.47041832E+001  0.66918800E+001  0.96128404E+001
  0.16407728E+000  0.20877857E+000  0.39270047E+000  0.58406458E+000  0.91403694E+000  0.10468694E+001  0.15037800E+001  0.27305999E+001  0.47038819E+001  0.66903998E+001  0.96127530E+001
  0.16407844E+000  0.20871015E+000  0.39250892E+000  0.58386297E+000  0.91404346E+000  0.10468554E+001  0.15037559E+001  0.27266259E+001  0.47036330E+001  0.66888322E+001  0.96127785E+001
  0.16407620E+000  0.20868646E+000  0.39229084E+000  0.58404463E+000  0.91404188E+000  0.10468321E+001  0.15036728E+001  0.27233106E+001  0.47035398E+001  0.66911702E+001  0.96130716E+001
  0.16407435E+000  0.20868478E+000  0.39228993E+000  0.58400332E+000  0.91404067E+000  0.10468301E+001  0.15036583E+001  0.27207826E+001  0.47035376E+001  0.66910267E+001  0.96129957E+001
  0.16407282E+000  0.20868348E+000  0.39228910E+000  0.58399852E+000  0.91404169E+000  0.10468285E+001  0.15036384E+001  0.27186313E+001  0.47033154E+001  0.66911753E+001  0.96129619E+001
  0.16407156E+000  0.20868249E+000  0.39219279E+000  0.58402221E+000  0.91403854E+000  0.10468717E+001  0.15036776E+001  0.27168139E+001  0.47032872E+001  0.66913568E+001  0.96129532E+001
  0.16407744E+000  0.20868167E+000  0.39203676E+000  0.58386090E+000  0.91403779E+000  0.10468569E+001  0.15036176E+001  0.27151630E+001  0.47032866E+001  0.66913053E+001  0.96129585E+001
  0.16407267E+000  0.20868099E+000  0.39189569E+000  0.58405833E+000  0.91403717E+000  0.10468606E+001  0.15034747E+001  0.27140353E+001  0.47030835E+001  0.66912652E+001  0.96129711E+001
  0.16406856E+000  0.20868043E+000  0.39178975E+000  0.58403056E+000  0.91403665E+000  0.10468343E+001  0.15030203E+001  0.27129289E+001  0.47030803E+001  0.66912336E+001  0.96129866E+001
  0.16406792E+000  0.20867996E+000  0.39168981E+000  0.58405876E+000  0.91403622E+000  0.10468258E+001  0.15026643E+001  0.27120037E+001  0.47030520E+001  0.66912085E+001  0.96130029E+001
  0.16406738E+000  0.20867958E+000  0.39161902E+000  0.58404150E+000  0.91403587E+000  0.10468230E+001  0.15026398E+001  0.27114064E+001  0.47030530E+001  0.66911883E+001  0.96130152E+001
  0.16406694E+000  0.20867926E+000  0.39159132E+000  0.58402038E+000  0.91403557E+000  0.10468226E+001  0.15026383E+001  0.27108696E+001  0.47030538E+001  0.66911720E+001  0.96130234E+001
  0.16406657E+000  0.20867900E+000  0.39158110E+000  0.58399261E+000  0.91403533E+000  0.10468223E+001  0.15026281E+001  0.27103949E+001  0.47030148E+001  0.66911588E+001  0.96130452E+001
  0.16406627E+000  0.20868147E+000  0.39157905E+000  0.58397786E+000  0.91403874E+000  0.10468220E+001  0.15026222E+001  0.27099789E+001  0.47030149E+001  0.66912103E+001  0.96130311E+001
  0.16406602E+000  0.20867279E+000  0.39157829E+000  0.58396572E+000  0.91403496E+000  0.10468218E+001  0.15026162E+001  0.27095951E+001  0.47030149E+001  0.66911391E+001  0.96130318E+001
  0.16406582E+000  0.20867260E+000  0.39157762E+000  0.58404305E+000  0.91403483E+000  0.10468511E+001  0.15026101E+001  0.27093284E+001  0.47030145E+001  0.66911319E+001  0.96130309E+001
  0.16406566E+000  0.20867244E+000  0.39157703E+000  0.58400727E+000  0.91404140E+000  0.10468214E+001  0.15026040E+001  0.27091502E+001  0.47029109E+001  0.66911259E+001  0.96130287E+001
  0.16406553E+000  0.20867231E+000  0.39157650E+000  0.58397837E+000  0.91403463E+000  0.10468213E+001  0.15025979E+001  0.27089581E+001  0.47028159E+001  0.66911210E+001  0.96130256E+001
  0.16406543E+000  0.20867220E+000  0.39157602E+000  0.58395523E+000  0.91404519E+000  0.10468212E+001  0.15025918E+001  0.27088172E+001  0.47027655E+001  0.66911169E+001  0.96130215E+001
  0.16406534E+000  0.20867212E+000  0.39157558E+000  0.58393689E+000  0.91404498E+000  0.10468212E+001  0.15025857E+001  0.27087164E+001  0.47027529E+001  0.66911135E+001  0.96130167E+001
  0.16406528E+000  0.20867206E+000  0.39157518E+000  0.58392827E+000  0.91404168E+000  0.10468211E+001  0.15025797E+001  0.27086270E+001  0.47027444E+001  0.66911108E+001  0.96130113E+001
  0.16406523E+000  0.20868332E+000  0.39157481E+000  0.58406187E+000  0.91404468E+000  0.10468211E+001  0.15025737E+001  0.27085628E+001  0.47027338E+001  0.66911085E+001  0.96130053E+001
  0.16406520E+000  0.20868263E+000  0.39157445E+000  0.58406213E+000  0.91404370E+000  0.10468211E+001  0.15025677E+001  0.27085142E+001  0.47026605E+001  0.66911066E+001  0.96129989E+001
  0.16406518E+000  0.20868214E+000  0.39157412E+000  0.58405602E+000  0.91404298E+000  0.10468211E+001  0.15025617E+001  0.27084790E+001  0.47026216E+001  0.66911050E+001  0.96129920E+001
  0.16406516E+000  0.20868178E+000  0.39157379E+000  0.58405166E+000  0.91404247E+000  0.10468211E+001  0.15025556E+001  0.27084539E+001  0.47026141E+001  0.66911036E+001  0.96129847E+001
  0.16406515E+000  0.20868155E+000  0.39157347E+000  0.58404882E+000  0.91404214E+000  0.10468211E+001  0.15025496E+001  0.27084375E+001  0.47026096E+001  0.66911025E+001  0.96129771E+001
  0.16406515E+000  0.20868142E+000  0.39157316E+000  0.58404720E+000  0.91404195E+000  0.10468211E+001  0.15025435E+001  0.27084282E+001  0.47026054E+001  0.66911015E+001  0.96129692E+001
  0.16406515E+000  0.20868136E+000  0.39157285E+000  0.58404656E+000  0.91404187E+000  0.10468211E+001  0.15025373E+001  0.27084245E+001  0.47026021E+001  0.66911006E+001  0.96129610E+001
  0.16406516E+000  0.20868137E+000  0.39157253E+000  0.58404673E+000  0.91404189E+000  0.10468212E+001  0.15025311E+001  0.27084254E+001  0.47026001E+001  0.66910999E+001  0.96129493E+001
  0.16406516E+000  0.20868143E+000  0.39157222E+000  0.58404755E+000  0.91404198E+000  0.10468212E+001  0.15025248E+001  0.27084301E+001  0.47025997E+001  0.66910992E+001  0.96129366E+001
  0.16406517E+000  0.20868154E+000  0.39157191E+000  0.58404887E+000  0.91404213E+000  0.10468212E+001  0.15025185E+001  0.27084376E+001  0.47026011E+001  0.66910986E+001  0.96129236E+001
  0.16406519E+000  0.20868167E+000  0.39157159E+000  0.58405060E+000  0.91404233E+000  0.10468213E+001  0.15025120E+001  0.27084475E+001  0.47026045E+001  0.66910980E+001  0.96129102E+001
  0.16406520E+000  0.20868183E+000  0.39157127E+000  0.58405266E+000  0.91404257E+000  0.10468213E+001  0.15025054E+001  0.27084593E+001  0.47026101E+001  0.66910974E+001  0.96128966E+001
  0.16406520E+000  0.20868202E+000  0.39157095E+000  0.58405499E+000  0.91404283E+000  0.10468213E+001  0.15024988E+001  0.27084726E+001  0.47026178E+001  0.66910968E+001  0.96128828E+001
  0.16406520E+000  0.20868222E+000  0.39157062E+000  0.58405752E+000  0.91404312E+000  0.10468214E+001  0.15024920E+001  0.27084870E+001  0.47026093E+001  0.66910963E+001  0.96128687E+001
  0.16406520E+000  0.20868243E+000  0.39157028E+000  0.58406023E+000  0.91404343E+000  0.10468214E+001  0.15024851E+001  0.27085025E+001  0.47026110E+001  0.66910957E+001  0.96128545E+001
  0.16406521E+000  0.20868266E+000  0.39156994E+000  0.58406308E+000  0.91404376E+000  0.10468215E+001  0.15024781E+001  0.27085187E+001  0.47026180E+001  0.66910952E+001  0.96128401E+001
  0.16406521E+000  0.20868289E+000  0.39156959E+000  0.58406605E+000  0.91404410E+000  0.10468215E+001  0.15024710E+001  0.27085357E+001  0.47026170E+001  0.66910946E+001  0.96128255E+001
  0.16406521E+000  0.20868314E+000  0.39156924E+000  0.58405965E+000  0.91404446E+000  0.10468215E+001  0.15024687E+001  0.27085531E+001  0.47026211E+001  0.66910940E+001  0.96128108E+001
  0.16406522E+000  0.20868339E+000  0.39156888E+000  0.58406274E+000  0.91404482E+000  0.10468216E+001  0.15024687E+001  0.27085710E+001  0.47026260E+001  0.66910934E+001  0.96127960E+001
  0.16406522E+000  0.20868365E+000  0.39156852E+000  0.58406589E+000  0.91404519E+000  0.10468216E+001  0.15024686E+001  0.27085893E+001  0.47026290E+001  0.66910928E+001  0.96127811E+001
  0.16406523E+000  0.20867190E+000  0.39156815E+000  0.58392636E+000  0.91404176E+000  0.10468217E+001  0.15024685E+001  0.27086079E+001  0.47026305E+001  0.66910921E+001  0.96127661E+001
  0.16406523E+000  0.20867190E+000  0.39156778E+000  0.58392703E+000  0.91404218E+000  0.10468217E+001  0.15024685E+001  0.27086267E+001  0.47026303E+001  0.66910914E+001  0.96127511E+001
  0.16406524E+000  0.20867190E+000  0.39156741E+000  0.58392770E+000  0.91404261E+000  0.10468217E+001  0.15024684E+001  0.27086456E+001  0.47026649E+001  0.66910907E+001  0.96127360E+001
  0.16406525E+000  0.20867190E+000  0.39156702E+000  0.58392842E+000  0.91404303E+000  0.10468218E+001  0.15024684E+001  0.27086840E+001  0.47026246E+001  0.66910900E+001  0.96127210E+001
  0.16406525E+000  0.20867190E+000  0.39156664E+000  0.58393169E+000  0.91404369E+000  0.10468218E+001  0.15024683E+001  0.27086994E+001  0.47026191E+001  0.66910892E+001  0.96127060E+001
  0.16406526E+000  0.20867190E+000  0.39156625E+000  0.58393497E+000  0.91404443E+000  0.10468219E+001  0.15024683E+001  0.27087148E+001  0.47026135E+001  0.66910884E+001  0.96126910E+001
  0.16406526E+000  0.20867190E+000  0.39156585E+000  0.58393823E+000  0.91404517E+000  0.10468219E+001  0.15024682E+001  0.27087300E+001  0.47026078E+001  0.66910876E+001  0.96126762E+001
  0.16406527E+000  0.20867189E+000  0.39156545E+000  0.58394147E+000  0.91404473E+000  0.10468220E+001  0.15024682E+001  0.27087452E+001  0.47026020E+001  0.66910867E+001  0.96126614E+001
  0.16406528E+000  0.20867189E+000  0.39156505E+000  0.58394467E+000  0.91404515E+000  0.10468220E+001  0.15024681E+001  0.27087602E+001  0.47025961E+001  0.66910858E+001  0.96126467E+001
  0.16406528E+000  0.20867189E+000  0.39156464E+000  0.58394784E+000  0.91403455E+000  0.10468220E+001  0.15024680E+001  0.27087775E+001  0.47025900E+001  0.66910848E+001  0.96126322E+001
  0.16406529E+000  0.20867188E+000  0.39156422E+000  0.58395096E+000  0.91403456E+000  0.10468221E+001  0.15024680E+001  0.27087956E+001  0.47025839E+001  0.66910838E+001  0.96126179E+001
  0.16406529E+000  0.20867188E+000  0.39156380E+000  0.58395401E+000  0.91403457E+000  0.10468221E+001  0.15024679E+001  0.27088133E+001  0.47025776E+001  0.66910828E+001  0.96126037E+001
  0.16406530E+000  0.20867188E+000  0.39156338E+000  0.58395700E+000  0.91403458E+000  0.10468221E+001  0.15024678E+001  0.27088306E+001  0.47025712E+001  0.66910817E+001  0.96125897E+001
  0.16406530E+000  0.20867187E+000  0.39156296E+000  0.58395992E+000  0.91403459E+000  0.10468222E+001  0.15024678E+001  0.27088475E+001  0.47025647E+001  0.66910806E+001  0.96125760E+001
  0.16406531E+000  0.20867186E+000  0.39156252E+000  0.58396277E+000  0.91403460E+000  0.10468222E+001  0.15024677E+001  0.27088639E+001  0.47025581E+001  0.66910794E+001  0.96125625E+001
  0.16406531E+000  0.20867186E+000  0.39156209E+000  0.58396553E+000  0.91403461E+000  0.10468223E+001  0.15024676E+001  0.27088799E+001  0.47025513E+001  0.66910782E+001  0.96125492E+001
  0.16406531E+000  0.20867185E+000  0.39156165E+000  0.58396820E+000  0.91403462E+000  0.10468223E+001  0.15024675E+001  0.27088954E+001  0.47025517E+001  0.66910770E+001  0.96125362E+001
  0.16406532E+000  0.20867184E+000  0.39156120E+000  0.58397079E+000  0.91403463E+000  0.10468223E+001  0.15024674E+001  0.27089126E+001  0.47025657E+001  0.66910757E+001  0.96125235E+001
  0.16406532E+000  0.20867184E+000  0.39156075E+000  0.58397329E+000  0.91403464E+000  0.10468223E+001  0.15024673E+001  0.27089292E+001  0.47025818E+001  0.66910744E+001  0.96125110E+001
  0.16406532E+000  0.20867183E+000  0.39156030E+000  0.58397570E+000  0.91403465E+000  0.10468224E+001  0.15024672E+001  0.27089452E+001  0.47025999E+001  0.66910730E+001  0.96124988E+001
  0.16406533E+000  0.20867182E+000  0.39155985E+000  0.58397802E+000  0.91403465E+000  0.10468224E+001  0.15024671E+001  0.27089606E+001  0.47026199E+001  0.66910716E+001  0.96124869E+001
  0.16406533E+000  0.20867181E+000  0.39155939E+000  0.58398025E+000  0.91403466E+000  0.10468224E+001  0.15024670E+001  0.27089753E+001  0.47026350E+001  0.66910701E+001  0.96124753E+001
  0.16406533E+000  0.20867181E+000  0.39155893E+000  0.58398240E+000  0.91403467E+000  0.10468225E+001  0.15024668E+001  0.27089896E+001  0.47025048E+001  0.66910686E+001  0.96124639E+001
  0.16406533E+000  0.20867180E+000  0.39155846E+000  0.58398445E+000  0.91403468E+000  0.10468225E+001  0.15024667E+001  0.27090032E+001  0.47024972E+001  0.66910671E+001  0.96124529E+001
  0.16406533E+000  0.20867179E+000  0.39155800E+000  0.58398643E+000  0.91403468E+000  0.10468225E+001  0.15024666E+001  0.27090163E+001  0.47024895E+001  0.66910655E+001  0.96124421E+001
  0.16406533E+000  0.20867178E+000  0.39155753E+000  0.58398831E+000  0.91403515E+000  0.10468225E+001  0.15024665E+001  0.27090288E+001  0.47024992E+001  0.66910638E+001  0.96124316E+001
  0.16406533E+000  0.20867177E+000  0.39155706E+000  0.58399012E+000  0.91403571E+000  0.10468225E+001  0.15024663E+001  0.27090407E+001  0.47025155E+001  0.66910622E+001  0.96124214E+001
  0.16406533E+000  0.20867176E+000  0.39155660E+000  0.58399184E+000  0.91403625E+000  0.10468226E+001  0.15024662E+001  0.27090521E+001  0.47024655E+001  0.66910605E+001  0.96124114E+001
  0.16406533E+000  0.20867175E+000  0.39155613E+000  0.58399348E+000  0.91403675E+000  0.10468226E+001  0.15024660E+001  0.27090885E+001  0.47024568E+001  0.66910587E+001  0.96124017E+001
  0.16406533E+000  0.20867174E+000  0.39155567E+000  0.58399504E+000  0.91403724E+000  0.10468226E+001  0.15024659E+001  0.27090957E+001  0.47023652E+001  0.66910569E+001  0.96123923E+001
  0.16406533E+000  0.20867173E+000  0.39155521E+000  0.58399652E+000  0.91403770E+000  0.10468226E+001  0.15024657E+001  0.27091026E+001  0.47023844E+001  0.66910551E+001  0.96123830E+001
  0.16406533E+000  0.20867173E+000  0.39155476E+000  0.58399793E+000  0.91403813E+000  0.10468226E+001  0.15024656E+001  0.27091090E+001  0.47024027E+001  0.66910532E+001  0.96123740E+001
  0.16406533E+000  0.20867172E+000  0.39155431E+000  0.58399926E+000  0.91403854E+000  0.10468226E+001  0.15024654E+001  0.27091151E+001  0.47023879E+001  0.66910513E+001  0.96123651E+001
  0.16406533E+000  0.20867171E+000  0.39155387E+000  0.58400051E+000  0.91403893E+000  0.10468226E+001  0.15024652E+001  0.27091209E+001  0.47022405E+001  0.66910493E+001  0.96123564E+001
  0.16406532E+000  0.20867170E+000  0.39155343E+000  0.58400169E+000  0.91403930E+000  0.10468227E+001  0.15024650E+001  0.27091263E+001  0.47022386E+001  0.66910473E+001  0.96123479E+001
  0.16406532E+000  0.20867169E+000  0.39155299E+000  0.58400280E+000  0.91403964E+000  0.10468227E+001  0.15024648E+001  0.27091314E+001  0.47022316E+001  0.66910452E+001  0.96123395E+001
  0.16406532E+000  0.20867168E+000  0.39155257E+000  0.58400384E+000  0.91403997E+000  0.10468227E+001  0.15024646E+001  0.27091361E+001  0.47022264E+001  0.66910431E+001  0.96123312E+001
  0.16406532E+000  0.20867167E+000  0.39155215E+000  0.58400481E+000  0.91404027E+000  0.10468227E+001  0.15024644E+001  0.27091406E+001  0.47021923E+001  0.66910408E+001  0.96123230E+001
  0.16406531E+000  0.20867166E+000  0.39155174E+000  0.58400571E+000  0.91404055E+000  0.10468227E+001  0.15024642E+001  0.27091447E+001  0.47021254E+001  0.66910378E+001  0.96123148E+001
  0.16406531E+000  0.20867165E+000  0.39155134E+000  0.58400655E+000  0.91404081E+000  0.10468227E+001  0.15024639E+001  0.27091497E+001  0.47020583E+001  0.66909909E+001  0.96123066E+001
  0.16406531E+000  0.20867164E+000  0.39155094E+000  0.58400732E+000  0.91404105E+000  0.10468227E+001  0.15024637E+001  0.27091549E+001  0.47020043E+001  0.66909442E+001  0.96122985E+001
  0.16406530E+000  0.20867163E+000  0.39155055E+000  0.58400803E+000  0.91404127E+000  0.10468227E+001  0.15024634E+001  0.27091597E+001  0.47020029E+001  0.66908975E+001  0.96122903E+001
  0.16406530E+000  0.20867162E+000  0.39155017E+000  0.58400869E+000  0.91404148E+000  0.10468227E+001  0.15024632E+001  0.27091640E+001  0.47020015E+001  0.66908506E+001  0.96122820E+001
  0.16406530E+000  0.20867161E+000  0.39154980E+000  0.58400929E+000  0.91404167E+000  0.10468227E+001  0.15024629E+001  0.27091681E+001  0.47020001E+001  0.66908034E+001  0.96122736E+001
  0.16406529E+000  0.20867160E+000  0.39154944E+000  0.58400984E+000  0.91404184E+000  0.10468227E+001  0.15024626E+001  0.27091717E+001  0.47019987E+001  0.66907557E+001  0.96122651E+001
  0.16406529E+000  0.20867159E+000  0.39154908E+000  0.58401033E+000  0.91404200E+000  0.10468227E+001  0.15024623E+001  0.27091751E+001  0.47019956E+001  0.66907074E+001  0.96122565E+001
  0.16406528E+000  0.20867158E+000  0.39154873E+000  0.58401078E+000  0.91404214E+000  0.10468227E+001  0.15024620E+001  0.27091781E+001  0.47019932E+001  0.66906584E+001  0.96122477E+001
  0.16406528E+000  0.20867157E+000  0.39154839E+000  0.58401118E+000  0.91404227E+000  0.10468227E+001  0.15024617E+001  0.27091808E+001  0.47019916E+001  0.66906085E+001  0.96122387E+001
  0.16406527E+000  0.20867156E+000  0.39154805E+000  0.58401153E+000  0.91404238E+000  0.10468227E+001  0.15024613E+001  0.27091832E+001  0.47019904E+001  0.66905577E+001  0.96122294E+001
  0.16406527E+000  0.20867155E+000  0.39154772E+000  0.58401184E+000  0.91404248E+000  0.10468227E+001  0.15024610E+001  0.27091853E+001  0.47019898E+001  0.66905057E+001  0.96122198E+001
  0.16406526E+000  0.20867154E+000  0.39154740E+000  0.58401211E+000  0.91404257E+000  0.10468227E+001  0.15024607E+001  0.27091872E+001  0.47019885E+001  0.66904525E+001  0.96122100E+001
  0.16406525E+000  0.20867153E+000  0.39154708E+000  0.58401234E+000  0.91404265E+000  0.10468227E+001  0.15024603E+001  0.27091888E+001  0.47019860E+001  0.66903980E+001  0.96121998E+001
  0.16406525E+000  0.20867152E+000  0.39154677E+000  0.58401254E+000  0.91404271E+000  0.10468227E+001  0.15024600E+001  0.27091902E+001  0.47019830E+001  0.66903421E+001  0.96121892E+001
  0.16406524E+000  0.20867151E+000  0.39154646E+000  0.58401270E+000  0.91404277E+000  0.10468227E+001  0.15024596E+001  0.27091914E+001  0.47019794E+001  0.66902847E+001  0.96121783E+001
  0.16406523E+000  0.20867150E+000  0.39154616E+000  0.58401283E+000  0.91404282E+000  0.10468227E+001  0.15024592E+001  0.27091923E+001  0.47019755E+001  0.66902257E+001  0.96121669E+001
  0.16406523E+000  0.20867149E+000  0.39154586E+000  0.58401293E+000  0.91404285E+000  0.10468227E+001  0.15024589E+001  0.27091931E+001  0.47019438E+001  0.66901650E+001  0.96121551E+001
  0.16406522E+000  0.20867148E+000  0.39154557E+000  0.58401300E+000  0.91404288E+000  0.10468227E+001  0.15024585E+001  0.27091936E+001  0.47018925E+001  0.66901025E+001  0.96121428E+001
  0.16406522E+000  0.20867147E+000  0.39154528E+000  0.58401304E+000  0.91404290E+000  0.10468227E+001  0.15024581E+001  0.27091940E+001  0.47018404E+001  0.66900383E+001  0.96121300E+001
  0.16406521E+000  0.20867146E+000  0.39154500E+000  0.58401306E+000  0.91404291E+000  0.10468227E+001  0.15024577E+001  0.27091942E+001  0.47017876E+001  0.66899721E+001  0.96121167E+001
  0.16406520E+000  0.20867145E+000  0.39154471E+000  0.58401306E+000  0.91404292E+000  0.10468227E+001  0.15024573E+001  0.27091943E+001  0.47017341E+001  0.66899041E+001  0.96121028E+001
  0.16406520E+000  0.20867144E+000  0.39154444E+000  0.58401304E+000  0.91404292E+000  0.10468227E+001  0.15024569E+001  0.27091943E+001  0.47017264E+001  0.66898341E+001  0.96120884E+001
  0.16406519E+000  0.20867143E+000  0.39154416E+000  0.58401299E+000  0.91404291E+000  0.10468227E+001  0.15024565E+001  0.27091941E+001  0.47017255E+001  0.66897621E+001  0.96120733E+001
  0.16406518E+000  0.20867141E+000  0.39154389E+000  0.58401294E+000  0.91404290E+000  0.10468227E+001  0.15024562E+001  0.27091938E+001  0.47017247E+001  0.66896881E+001  0.96120577E+001
  0.16406518E+000  0.20867140E+000  0.39154362E+000  0.58401286E+000  0.91404289E+000  0.10468227E+001  0.15024558E+001  0.27091935E+001  0.47017239E+001  0.66896121E+001  0.96120414E+001
  0.16406517E+000  0.20867139E+000  0.39154335E+000  0.58401278E+000  0.91404287E+000  0.10468227E+001  0.15024554E+001  0.27091930E+001  0.47017229E+001  0.66895340E+001  0.96120244E+001
  0.16406517E+000  0.20867138E+000  0.39154308E+000  0.58401268E+000  0.91404284E+000  0.10468227E+001  0.15024550E+001  0.27091925E+001  0.47017219E+001  0.66894539E+001  0.96120068E+001
  0.16406516E+000  0.20867137E+000  0.39154282E+000  0.58401258E+000  0.91404282E+000  0.10468227E+001  0.15024546E+001  0.27091919E+001  0.47017208E+001  0.66893718E+001  0.96119885E+001
  0.16406515E+000  0.20867136E+000  0.39154256E+000  0.58401246E+000  0.91404279E+000  0.10468227E+001  0.15024542E+001  0.27091912E+001  0.47017197E+001  0.66892877E+001  0.96119210E+001
  0.16406515E+000  0.20867135E+000  0.39154230E+000  0.58401234E+000  0.91404276E+000  0.10468227E+001  0.15024538E+001  0.27091905E+001  0.47017187E+001  0.66892016E+001  0.96117565E+001
  0.16406514E+000  0.20867134E+000  0.39154204E+000  0.58401222E+000  0.91404273E+000  0.10468227E+001  0.15024534E+001  0.27091898E+001  0.47017176E+001  0.66891135E+001  0.96115860E+001
  0.16406514E+000  0.20867133E+000  0.39154179E+000  0.58401209E+000  0.91404269E+000  0.10468227E+001  0.15024531E+001  0.27091891E+001  0.47017165E+001  0.66890236E+001  0.96114095E+001
  0.16406513E+000  0.20867132E+000  0.39154153E+000  0.58401196E+000  0.91404266E+000  0.10468226E+001  0.15024527E+001  0.27091883E+001  0.47017154E+001  0.66814857E+001  0.96112268E+001
  0.16406513E+000  0.20867132E+000  0.39154128E+000  0.58401182E+000  0.91404263E+000  0.10468226E+001  0.15024523E+001  0.27091875E+001  0.47017142E+001  0.66813832E+001  0.96110380E+001
  0.16406512E+000  0.20867131E+000  0.39154103E+000  0.58401169E+000  0.91404259E+000  0.10468226E+001  0.15024519E+001  0.27091868E+001  0.47017131E+001  0.66812789E+001  0.96108432E+001
  0.16406512E+000  0.20867130E+000  0.39154078E+000  0.58401156E+000  0.91404256E+000  0.10468226E+001  0.15024516E+001  0.27091860E+001  0.47017099E+001  0.66811730E+001  0.96106423E+001
  0.16406511E+000  0.20867129E+000  0.39154054E+000  0.58401144E+000  0.91404253E+000  0.10468226E+001  0.15024512E+001  0.27091853E+001  0.47017030E+001  0.66810656E+001  0.96104354E+001
  0.16406511E+000  0.20867128E+000  0.39154029E+000  0.58401131E+000  0.91404249E+000  0.10468226E+001  0.15024509E+001  0.27091845E+001  0.47016957E+001  0.66809567E+001  0.96102226E+001
  0.16406511E+000  0.20867127E+000  0.39154005E+000  0.58401119E+000  0.91404246E+000  0.10468226E+001  0.15024505E+001  0.27091838E+001  0.47016879E+001  0.66808465E+001  0.96100041E+001
  0.16406510E+000  0.20867127E+000  0.39153982E+000  0.58401108E+000  0.91404243E+000  0.10468226E+001  0.15024502E+001  0.27091832E+001  0.47016797E+001  0.66807350E+001  0.96097800E+001
  0.16406510E+000  0.20867126E+000  0.39153958E+000  0.58401097E+000  0.91404240E+000  0.10468226E+001  0.15024499E+001  0.27091825E+001  0.47016712E+001  0.66806224E+001  0.96095504E+001
  0.16406509E+000  0.20867125E+000  0.39153935E+000  0.58401086E+000  0.91404238E+000  0.10468226E+001  0.15024495E+001  0.27091819E+001  0.47014493E+001  0.66805087E+001  0.96093156E+001
  0.16406509E+000  0.20867125E+000  0.39153912E+000  0.58401077E+000  0.91404235E+000  0.10468226E+001  0.15024492E+001  0.27091814E+001  0.47013972E+001  0.66803942E+001  0.96090757E+001
  0.16406509E+000  0.20867124E+000  0.39153890E+000  0.58401068E+000  0.91404233E+000  0.10468226E+001  0.15024489E+001  0.27091809E+001  0.47013478E+001  0.66802788E+001  0.96088309E+001
  0.16406509E+000  0.20867123E+000  0.39153868E+000  0.58401060E+000  0.91404231E+000  0.10468226E+001  0.15024486E+001  0.27091804E+001  0.47012986E+001  0.66801627E+001  0.96085816E+001
  0.16406508E+000  0.20867123E+000  0.39153847E+000  0.58401052E+000  0.91404229E+000  0.10468226E+001  0.15024483E+001  0.27091800E+001  0.47012496E+001  0.66800630E+001  0.96083279E+001
  0.16406508E+000  0.20867122E+000  0.39153826E+000  0.58401046E+000  0.91404227E+000  0.10468226E+001  0.15024480E+001  0.27091796E+001  0.47011706E+001  0.66800366E+001  0.96080701E+001
  0.16406508E+000  0.20867122E+000  0.39153806E+000  0.58401040E+000  0.91404226E+000  0.10468226E+001  0.15024477E+001  0.27091793E+001  0.47009996E+001  0.66800101E+001  0.96069807E+001
  0.16406508E+000  0.20867121E+000  0.39153786E+000  0.58401035E+000  0.91404225E+000  0.10468226E+001  0.15024475E+001  0.27091790E+001  0.47009906E+001  0.66799836E+001  0.96069712E+001
  0.16406507E+000  0.20867121E+000  0.39153767E+000  0.58401031E+000  0.91404224E+000  0.10468226E+001  0.15024472E+001  0.27091788E+001  0.47009817E+001  0.66799571E+001  0.96069617E+001
  0.16406507E+000  0.20867120E+000  0.39153748E+000  0.58401027E+000  0.91404223E+000  0.10468226E+001  0.15024470E+001  0.27091787E+001  0.47009729E+001  0.66799305E+001  0.96069520E+001
  0.16406507E+000  0.20867120E+000  0.39153730E+000  0.58401025E+000  0.91404223E+000  0.10468226E+001  0.15024467E+001  0.27091785E+001  0.47009641E+001  0.66799041E+001  0.96069423E+001
  0.16406507E+000  0.20867119E+000  0.39153713E+000  0.58401023E+000  0.91404223E+000  0.10468226E+001  0.15024465E+001  0.27091785E+001  0.47009599E+001  0.66798777E+001  0.96069325E+001
  0.16406507E+000  0.20867119E+000  0.39153696E+000  0.58401022E+000  0.91404223E+000  0.10468226E+001  0.15024462E+001  0.27091784E+001  0.47009561E+001  0.66798514E+001  0.96069226E+001
  0.16406507E+000  0.20867119E+000  0.39153680E+000  0.58401022E+000  0.91404223E+000  0.10468226E+001  0.15024460E+001  0.27091785E+001  0.47009519E+001  0.66798252E+001  0.96069126E+001
  0.16406506E+000  0.20867119E+000  0.39153665E+000  0.58401022E+000  0.91404223E+000  0.10468226E+001  0.15024458E+001  0.27091785E+001  0.47009478E+001  0.66797991E+001  0.96069026E+001
  0.16406506E+000  0.20867118E+000  0.39153651E+000  0.58401023E+000  0.91404224E+000  0.10468226E+001  0.15024456E+001  0.27091786E+001  0.47009438E+001  0.66797733E+001  0.96068925E+001
  0.16406506E+000  0.20867118E+000  0.39153637E+000  0.58401024E+000  0.91404224E+000  0.10468226E+001  0.15024454E+001  0.27091787E+001  0.47009400E+001  0.66797476E+001  0.96068824E+001
  0.16406506E+000  0.20867118E+000  0.39153624E+000  0.58401026E+000  0.91404225E+000  0.10468226E+001  0.15024452E+001  0.27091789E+001  0.47009363E+001  0.66797221E+001  0.96068723E+001
  0.16406506E+000  0.20867118E+000  0.39153612E+000  0.58401029E+000  0.91404226E+000  0.10468226E+001  0.15024450E+001  0.27091791E+001  0.47009327E+001  0.66796969E+001  0.96068622E+001
  0.16406506E+000  0.20867117E+000  0.39153600E+000  0.58401032E+000  0.91404227E+000  0.10468226E+001  0.15024449E+001  0.27091793E+001  0.47009293E+001  0.66796720E+001  0.96068520E+001
  0.16406506E+000  0.20867117E+000  0.39153589E+000  0.58401035E+000  0.91404228E+000  0.10468227E+001  0.15024447E+001  0.27091796E+001  0.47009259E+001  0.66796474E+001  0.96068419E+001
  0.16406506E+000  0.20867117E+000  0.39153579E+000  0.58401039E+000  0.91404229E+000  0.10468227E+001  0.15024446E+001  0.27091798E+001  0.47009227E+001  0.66796230E+001  0.96068318E+001
  0.16406506E+000  0.20867117E+000  0.39153570E+000  0.58401043E+000  0.91404231E+000  0.10468227E+001  0.15024444E+001  0.27091801E+001  0.47009196E+001  0.66795990E+001  0.96068218E+001
  0.16406506E+000  0.20867117E+000  0.39153561E+000  0.58401047E+000  0.91404232E+000  0.10468227E+001  0.15024443E+001  0.27091804E+001  0.47009166E+001  0.66795753E+001  0.96068118E+001
  0.16406506E+000  0.20867117E+000  0.39153553E+000  0.58401051E+000  0.91404234E+000  0.10468227E+001  0.15024441E+001  0.27091807E+001  0.47009138E+001  0.66795520E+001  0.96068018E+001
  0.16406506E+000  0.20867117E+000  0.39153545E+000  0.58401056E+000  0.91404235E+000  0.10468227E+001  0.15024440E+001  0.27091810E+001  0.47009110E+001  0.66795291E+001  0.96067919E+001
  0.16406506E+000  0.20867117E+000  0.39153538E+000  0.58401061E+000  0.91404237E+000  0.10468227E+001  0.15024439E+001  0.27091813E+001  0.47009083E+001  0.66795065E+001  0.96067821E+001
  0.16406506E+000  0.20867117E+000  0.39153532E+000  0.58401065E+000  0.91404238E+000  0.10468227E+001  0.15024438E+001  0.27091816E+001  0.47009630E+001  0.66794843E+001  0.96067723E+001
  0.16406506E+000  0.20867117E+000  0.39153527E+000  0.58401070E+000  0.91404240E+000  0.10468227E+001  0.15024437E+001  0.27091820E+001  0.47009631E+001  0.66794626E+001  0.96067627E+001
  0.16406506E+000  0.20867117E+000  0.39153522E+000  0.58401075E+000  0.91404241E+000  0.10468227E+001  0.15024436E+001  0.27091823E+001  0.47009632E+001  0.66794412E+001  0.96067531E+001
  0.16406506E+000  0.20867117E+000  0.39153517E+000  0.58401079E+000  0.91404243E+000  0.10468227E+001  0.15024435E+001  0.27091826E+001  0.47009633E+001  0.66794203E+001  0.96067436E+001
  0.16406506E+000  0.20867117E+000  0.39153513E+000  0.58401084E+000  0.91404244E+000  0.10468226E+001  0.15024434E+001  0.27091829E+001  0.47009633E+001  0.66793999E+001  0.96067343E+001
  0.16406506E+000  0.20867117E+000  0.39153509E+000  0.58401088E+000  0.91404246E+000  0.10468226E+001  0.15024433E+001  0.27091832E+001  0.47009633E+001  0.66793798E+001  0.96067251E+001
  0.16406506E+000  0.20867117E+000  0.39153506E+000  0.58401093E+000  0.91404247E+000  0.10468226E+001  0.15024432E+001  0.27091835E+001  0.47009632E+001  0.66793603E+001  0.96067159E+001
  0.16406506E+000  0.20867117E+000  0.39153503E+000  0.58401097E+000  0.91404248E+000  0.10468226E+001  0.15024431E+001  0.27091837E+001  0.47009631E+001  0.66793411E+001  0.96067070E+001
  0.16406506E+000  0.20867117E+000  0.39153501E+000  0.58401100E+000  0.91404249E+000  0.10468226E+001  0.15024431E+001  0.27091840E+001  0.47009631E+001  0.66793224E+001  0.96066981E+001
  0.16406506E+000  0.20867117E+000  0.39153498E+000  0.58401104E+000  0.91404251E+000  0.10468226E+001  0.15024430E+001  0.27091842E+001  0.47009580E+001  0.66793042E+001  0.96066894E+001
  0.16406506E+000  0.20867117E+000  0.39153496E+000  0.58401107E+000  0.91404252E+000  0.10468226E+001  0.15024429E+001  0.27091844E+001  0.47009273E+001  0.66792864E+001  0.96066808E+001
  0.16406506E+000  0.20867117E+000  0.39153495E+000  0.58401110E+000  0.91404253E+000  0.10468226E+001  0.15024428E+001  0.27091846E+001  0.47008979E+001  0.66778510E+001  0.96066724E+001
  0.16406507E+000  0.20867117E+000  0.39153493E+000  0.58401113E+000  0.91404253E+000  0.10468226E+001  0.15024428E+001  0.27091848E+001  0.47006976E+001  0.66778512E+001  0.96066642E+001
  0.16406507E+000  0.20867117E+000  0.39153491E+000  0.58401115E+000  0.91404254E+000  0.10468226E+001  0.15024427E+001  0.27091850E+001  0.47006325E+001  0.66778514E+001  0.96066560E+001
  0.16406506E+000  0.20867117E+000  0.39153490E+000  0.58401117E+000  0.91404255E+000  0.10468226E+001  0.15024427E+001  0.27091851E+001  0.47005695E+001  0.66778515E+001  0.96066481E+001
  0.16406506E+000  0.20867117E+000  0.39153488E+000  0.58401119E+000  0.91404256E+000  0.10468226E+001  0.15024426E+001  0.27091852E+001  0.47005087E+001  0.66778516E+001  0.96066403E+001
  0.16406506E+000  0.20867117E+000  0.39153487E+000  0.58401121E+000  0.91404256E+000  0.10468226E+001  0.15024425E+001  0.27091853E+001  0.47004811E+001  0.66778517E+001  0.96066327E+001
  0.16406506E+000  0.20867117E+000  0.39153485E+000  0.58401122E+000  0.91404257E+000  0.10468226E+001  0.15024425E+001  0.27091854E+001  0.47004790E+001  0.66778517E+001  0.96066252E+001
  0.16406506E+000  0.20867116E+000  0.39153484E+000  0.58401123E+000  0.91404257E+000  0.10468226E+001  0.15024424E+001  0.27091855E+001  0.47004770E+001  0.66778517E+001  0.96066179E+001
  0.16406506E+000  0.20867116E+000  0.39153482E+000  0.58401123E+000  0.91404257E+000  0.10468226E+001  0.15024423E+001  0.27091855E+001  0.47004751E+001  0.66778517E+001  0.96066107E+001
  0.16406506E+000  0.20867116E+000  0.39153479E+000  0.58401123E+000  0.91404258E+000  0.10468225E+001  0.15024422E+001  0.27091855E+001  0.47004733E+001  0.66778516E+001  0.96066037E+001
  0.16406506E+000  0.20867116E+000  0.39153477E+000  0.58401123E+000  0.91404258E+000  0.10468225E+001  0.15024422E+001  0.27091856E+001  0.47004715E+001  0.66778514E+001  0.96065969E+001
  0.16406506E+000  0.20867116E+000  0.39153474E+000  0.58401123E+000  0.91404258E+000  0.10468225E+001  0.15024421E+001  0.27091856E+001  0.47004699E+001  0.66778513E+001  0.96065903E+001
  0.16406506E+000  0.20867116E+000  0.39153471E+000  0.58401122E+000  0.91404258E+000  0.10468225E+001  0.15024420E+001  0.27091855E+001  0.47004683E+001  0.66778510E+001  0.96065838E+001
  0.16406505E+000  0.20867115E+000  0.39153467E+000  0.58401121E+000  0.91404258E+000  0.10468225E+001  0.15024419E+001  0.27091855E+001  0.47004668E+001  0.66778508E+001  0.96065774E+001
  0.16406505E+000  0.20867115E+000  0.39153462E+000  0.58401120E+000  0.91404258E+000  0.10468224E+001  0.15024418E+001  0.27091855E+001  0.47004655E+001  0.66778505E+001  0.96065713E+001
  0.16406505E+000  0.20867115E+000  0.39153457E+000  0.58401119E+000  0.91404258E+000  0.10468224E+001  0.15024417E+001  0.27091854E+001  0.47004642E+001  0.66778501E+001  0.96065653E+001
  0.16406504E+000  0.20867114E+000  0.39153451E+000  0.58401117E+000  0.91404258E+000  0.10468224E+001  0.15024415E+001  0.27091854E+001  0.47004572E+001  0.66778497E+001  0.96065594E+001
  0.16406504E+000  0.20867114E+000  0.39153444E+000  0.58401116E+000  0.91404258E+000  0.10468224E+001  0.15024414E+001  0.27091853E+001  0.47004313E+001  0.66778492E+001  0.96065537E+001
  0.16406504E+000  0.20867113E+000  0.39153436E+000  0.58401114E+000  0.91404258E+000  0.10468223E+001  0.15024412E+001  0.27091853E+001  0.47004061E+001  0.66778486E+001  0.96065481E+001
  0.16406503E+000  0.20867112E+000  0.39153426E+000  0.58401112E+000  0.91404258E+000  0.10468223E+001  0.15024410E+001  0.27091852E+001  0.47003815E+001  0.66778479E+001  0.96065427E+001
  0.16406502E+000  0.20867111E+000  0.39153416E+000  0.58401110E+000  0.91404258E+000  0.10468222E+001  0.15024407E+001  0.27091852E+001  0.47003576E+001  0.66778472E+001  0.96065375E+001
  0.16406502E+000  0.20867110E+000  0.39153404E+000  0.58401108E+000  0.91404259E+000  0.10468221E+001  0.15024405E+001  0.27091851E+001  0.47003341E+001  0.66778462E+001  0.96065323E+001
  0.16406501E+000  0.20867109E+000  0.39153390E+000  0.58401105E+000  0.91404259E+000  0.10468220E+001  0.15024401E+001  0.27091851E+001  0.47003111E+001  0.66778452E+001  0.96065273E+001
  0.16406500E+000  0.20867108E+000  0.39153374E+000  0.58401102E+000  0.91404260E+000  0.10468219E+001  0.15024396E+001  0.27091851E+001  0.47002885E+001  0.66774159E+001  0.96065225E+001
  0.16406498E+000  0.20867106E+000  0.39153357E+000  0.58401098E+000  0.91404260E+000  0.10468216E+001  0.15024391E+001  0.27091851E+001  0.47002680E+001  0.66774028E+001  0.96065177E+001
  0.16406496E+000  0.20867104E+000  0.39153338E+000  0.58401093E+000  0.91404261E+000  0.10468213E+001  0.15024383E+001  0.27091850E+001  0.47002657E+001  0.66773894E+001  0.96065131E+001
  0.16406494E+000  0.20867101E+000  0.39153317E+000  0.58401085E+000  0.91404262E+000  0.10468208E+001  0.15024374E+001  0.27091850E+001  0.47002635E+001  0.66773755E+001  0.96065086E+001
  0.16406490E+000  0.20867098E+000  0.39153295E+000  0.58401074E+000  0.91404263E+000  0.10468201E+001  0.15024361E+001  0.27091850E+001  0.47002612E+001  0.66773608E+001  0.96065042E+001
  0.16406484E+000  0.20867093E+000  0.39153271E+000  0.58401058E+000  0.91404265E+000  0.10468191E+001  0.15024343E+001  0.27091850E+001  0.47002589E+001  0.66773449E+001  0.96064999E+001
  0.16406474E+000  0.20867088E+000  0.39153245E+000  0.58401034E+000  0.91404267E+000  0.10468175E+001  0.15024317E+001  0.27091851E+001  0.47002565E+001  0.66773275E+001  0.96064956E+001
  0.16406457E+000  0.20867078E+000  0.39153220E+000  0.58400989E+000  0.91404267E+000  0.10468155E+001  0.15024282E+001  0.27091847E+001  0.47002540E+001  0.66773077E+001  0.96064915E+001
  0.16406417E+000  0.20867065E+000  0.39153194E+000  0.58400863E+000  0.91404252E+000  0.10468122E+001  0.15024227E+001  0.27091809E+001  0.47002514E+001  0.66772813E+001  0.96064873E+001
  0.16406336E+000  0.20867014E+000  0.39153166E+000  0.58400688E+000  0.91404234E+000  0.10468093E+001  0.15024171E+001  0.27091767E+001  0.47002485E+001  0.66772509E+001  0.96064829E+001
  0.16406041E+000  0.20866922E+000  0.39153157E+000  0.58400466E+000  0.91404219E+000  0.10468022E+001  0.15024036E+001  0.27091708E+001  0.47002453E+001  0.66771980E+001  0.96064785E+001
