  0.20319412E+002
  0.20319425E+002
  0.20319438E+002
  0.20319451E+002
  0.20319464E+002
  0.20319476E+002
  0.20319489E+002
  0.20319501E+002
  0.20319514E+002
  0.20319527E+002
  0.20319539E+002
  0.20319552E+002
  0.20319565E+002
  0.20319578E+002
  0.20319591E+002
  0.20319604E+002
  0.20319617E+002
  0.20319631E+002
  0.20319644E+002
  0.20319658E+002
  0.20319672E+002
  0.20319686E+002
  0.20319701E+002
  0.20319716E+002
  0.20319731E+002
  0.20319747E+002
  0.20319762E+002
  0.20319779E+002
  0.20319796E+002
  0.20319813E+002
  0.20319831E+002
  0.20319849E+002
  0.20319868E+002
  0.20319887E+002
  0.20319907E+002
  0.20319928E+002
  0.20319950E+002
  0.20319972E+002
  0.20319995E+002
  0.20320019E+002
  0.20320043E+002
  0.20320069E+002
  0.20320095E+002
  0.20320123E+002
  0.20320151E+002
  0.20320180E+002
  0.20320211E+002
  0.20320242E+002
  0.20320275E+002
  0.20320309E+002
  0.20320344E+002
  0.20320380E+002
  0.20320418E+002
  0.20320456E+002
  0.20320496E+002
  0.20320538E+002
  0.20320581E+002
  0.20320625E+002
  0.20320671E+002
  0.20320718E+002
  0.20320767E+002
  0.20320817E+002
  0.20320869E+002
  0.20320923E+002
  0.20320978E+002
  0.20321035E+002
  0.20321093E+002
  0.20321154E+002
  0.20321216E+002
  0.20321279E+002
  0.20321345E+002
  0.20321412E+002
  0.20321481E+002
  0.20321552E+002
  0.20321625E+002
  0.20321700E+002
  0.20321776E+002
  0.20321854E+002
  0.20321935E+002
  0.20322017E+002
  0.20322101E+002
  0.20322186E+002
  0.20322274E+002
  0.20322363E+002
  0.20322455E+002
  0.20322548E+002
  0.20322643E+002
  0.20322740E+002
  0.20322838E+002
  0.20322939E+002
  0.20323041E+002
  0.20323145E+002
  0.20323251E+002
  0.20323358E+002
  0.20323467E+002
  0.20323578E+002
  0.20323690E+002
  0.20323804E+002
  0.20323920E+002
  0.20324037E+002
  0.20324155E+002
  0.20324276E+002
  0.20324397E+002
  0.20324520E+002
  0.20324644E+002
  0.20324770E+002
  0.20324896E+002
  0.20325024E+002
  0.20325154E+002
  0.20325284E+002
  0.20325415E+002
  0.20325548E+002
  0.20325681E+002
  0.20325816E+002
  0.20325951E+002
  0.20326087E+002
  0.20326224E+002
  0.20326362E+002
  0.20326500E+002
  0.20326639E+002
  0.20326779E+002
  0.20326919E+002
  0.20327059E+002
  0.20327200E+002
  0.20327341E+002
  0.20327483E+002
  0.20327625E+002
  0.20327767E+002
  0.20327909E+002
  0.20328051E+002
  0.20328193E+002
  0.20328335E+002
  0.20328477E+002
  0.20328619E+002
  0.20328760E+002
  0.20328901E+002
  0.20329042E+002
  0.20329183E+002
  0.20329323E+002
  0.20329462E+002
  0.20329601E+002
  0.20329739E+002
  0.20329877E+002
  0.20330013E+002
  0.20330149E+002
  0.20330285E+002
  0.20330419E+002
  0.20330552E+002
  0.20330684E+002
  0.20330816E+002
  0.20330946E+002
  0.20331075E+002
  0.20331203E+002
  0.20331329E+002
  0.20331455E+002
  0.20331579E+002
  0.20331701E+002
  0.20331823E+002
  0.20331942E+002
  0.20332061E+002
  0.20332177E+002
  0.20332293E+002
  0.20332406E+002
  0.20332518E+002
  0.20332628E+002
  0.20332736E+002
  0.20332843E+002
  0.20332947E+002
  0.20333050E+002
  0.20333150E+002
  0.20333248E+002
  0.20333344E+002
  0.20333438E+002
  0.20333529E+002
  0.20333618E+002
  0.20333704E+002
  0.20333788E+002
  0.20333868E+002
  0.20333945E+002
  0.20334019E+002
  0.20334090E+002
  0.20334156E+002
  0.20334219E+002
  0.20334277E+002
  0.20334331E+002
  0.20334380E+002
  0.20334423E+002
  0.20334460E+002
  0.20334490E+002
  0.20334514E+002
  0.20334530E+002
  0.20334537E+002
  0.20334536E+002
  0.20334524E+002
  0.20334502E+002
  0.20334468E+002
  0.20334420E+002
  0.20334359E+002
  0.20334279E+002
  0.20334188E+002
