  0.12539427E+001  0.80198896E+000  0.54820388E+001  0.73739688E+002
  0.12539436E+001  0.80199024E+000  0.54820094E+001  0.73739767E+002
  0.12539445E+001  0.80199129E+000  0.54819985E+001  0.73739827E+002
  0.12539455E+001  0.80199219E+000  0.54819951E+001  0.73739880E+002
  0.12539464E+001  0.80199300E+000  0.54819948E+001  0.73739929E+002
  0.12539473E+001  0.80199375E+000  0.54819957E+001  0.73739977E+002
  0.12539482E+001  0.80199447E+000  0.54819971E+001  0.73740025E+002
  0.12539491E+001  0.80199517E+000  0.54819987E+001  0.73740072E+002
  0.12539500E+001  0.80199586E+000  0.54820005E+001  0.73740119E+002
  0.12539509E+001  0.80199654E+000  0.54820023E+001  0.73740166E+002
  0.12539518E+001  0.80199721E+000  0.54820041E+001  0.73740214E+002
  0.12539528E+001  0.80199789E+000  0.54820060E+001  0.73740261E+002
  0.12539537E+001  0.80199857E+000  0.54820079E+001  0.73740309E+002
  0.12539546E+001  0.80199925E+000  0.54820099E+001  0.73740357E+002
  0.12539555E+001  0.80199993E+000  0.54820118E+001  0.73740405E+002
  0.12539565E+001  0.80200062E+000  0.54820138E+001  0.73740454E+002
  0.12539574E+001  0.80200132E+000  0.54820158E+001  0.73740504E+002
  0.12539584E+001  0.80200202E+000  0.54820179E+001  0.73740554E+002
  0.12539594E+001  0.80200273E+000  0.54820200E+001  0.73740604E+002
  0.12539604E+001  0.80200346E+000  0.54820222E+001  0.73740655E+002
  0.12539614E+001  0.80200419E+000  0.54820244E+001  0.73740708E+002
  0.12539624E+001  0.80200494E+000  0.54820266E+001  0.73740761E+002
  0.12539634E+001  0.80200571E+000  0.54820289E+001  0.73740815E+002
  0.12539645E+001  0.80200649E+000  0.54820313E+001  0.73740870E+002
  0.12539656E+001  0.80200728E+000  0.54820337E+001  0.73740926E+002
  0.12539667E+001  0.80200810E+000  0.54820362E+001  0.73740984E+002
  0.12539678E+001  0.80200894E+000  0.54820388E+001  0.73741043E+002
  0.12539690E+001  0.80200980E+000  0.54820414E+001  0.73741104E+002
  0.12539702E+001  0.80201068E+000  0.54820442E+001  0.73741166E+002
  0.12539714E+001  0.80201159E+000  0.54820470E+001  0.73741230E+002
  0.12539727E+001  0.80201253E+000  0.54820500E+001  0.73741296E+002
  0.12539740E+001  0.80201350E+000  0.54820530E+001  0.73741364E+002
  0.12539753E+001  0.80201450E+000  0.54820562E+001  0.73741434E+002
  0.12539767E+001  0.80201553E+000  0.54820594E+001  0.73741507E+002
  0.12539781E+001  0.80201660E+000  0.54820628E+001  0.73741581E+002
  0.12539796E+001  0.80201770E+000  0.54820664E+001  0.73741658E+002
  0.12539811E+001  0.80201885E+000  0.54820701E+001  0.73741738E+002
  0.12539827E+001  0.80202004E+000  0.54820739E+001  0.73741820E+002
  0.12539843E+001  0.80202126E+000  0.54820779E+001  0.73741905E+002
  0.12539860E+001  0.80202254E+000  0.54820820E+001  0.73741993E+002
  0.12539877E+001  0.80202386E+000  0.54820864E+001  0.73742085E+002
  0.12539895E+001  0.80202523E+000  0.54820909E+001  0.73742179E+002
  0.12539913E+001  0.80202666E+000  0.54820956E+001  0.73742277E+002
  0.12539932E+001  0.80202813E+000  0.54821005E+001  0.73742378E+002
  0.12539952E+001  0.80202966E+000  0.54821056E+001  0.73742483E+002
  0.12539972E+001  0.80203125E+000  0.54821110E+001  0.73742591E+002
  0.12539993E+001  0.80203290E+000  0.54821166E+001  0.73742704E+002
  0.12540014E+001  0.80203460E+000  0.54821224E+001  0.73742820E+002
  0.12540037E+001  0.80203637E+000  0.54821285E+001  0.73742941E+002
  0.12540060E+001  0.80203820E+000  0.54821348E+001  0.73743065E+002
  0.12540084E+001  0.80204010E+000  0.54821415E+001  0.73743195E+002
  0.12540108E+001  0.80204206E+000  0.54821484E+001  0.73743328E+002
  0.12540133E+001  0.80204408E+000  0.54821556E+001  0.73743466E+002
  0.12540160E+001  0.80204617E+000  0.54821632E+001  0.73743609E+002
  0.12540186E+001  0.80204833E+000  0.54821711E+001  0.73743757E+002
  0.12540214E+001  0.80205056E+000  0.54821794E+001  0.73743910E+002
  0.12540242E+001  0.80205286E+000  0.54821880E+001  0.73744068E+002
  0.12540272E+001  0.80205522E+000  0.54821970E+001  0.73744231E+002
  0.12540302E+001  0.80205765E+000  0.54822064E+001  0.73744399E+002
  0.12540332E+001  0.80206015E+000  0.54822162E+001  0.73744573E+002
  0.12540364E+001  0.80206271E+000  0.54822264E+001  0.73744752E+002
  0.12540397E+001  0.80206535E+000  0.54822371E+001  0.73744937E+002
  0.12540430E+001  0.80206805E+000  0.54822483E+001  0.73745127E+002
  0.12540464E+001  0.80207082E+000  0.54822599E+001  0.73745324E+002
  0.12540499E+001  0.80207365E+000  0.54822720E+001  0.73745526E+002
  0.12540535E+001  0.80207656E+000  0.54822846E+001  0.73745734E+002
  0.12540572E+001  0.80207953E+000  0.54822977E+001  0.73745949E+002
  0.12540609E+001  0.80208257E+000  0.54823114E+001  0.73746169E+002
  0.12540648E+001  0.80208568E+000  0.54823256E+001  0.73746396E+002
  0.12540687E+001  0.80208886E+000  0.54823403E+001  0.73746629E+002
  0.12540727E+001  0.80209211E+000  0.54823557E+001  0.73746868E+002
  0.12540768E+001  0.80209544E+000  0.54823716E+001  0.73747114E+002
  0.12540810E+001  0.80209883E+000  0.54823881E+001  0.73747367E+002
  0.12540852E+001  0.80210230E+000  0.54824052E+001  0.73747626E+002
  0.12540896E+001  0.80210585E+000  0.54824228E+001  0.73747891E+002
  0.12540940E+001  0.80210948E+000  0.54824411E+001  0.73748163E+002
  0.12540985E+001  0.80211318E+000  0.54824601E+001  0.73748442E+002
  0.12541031E+001  0.80211696E+000  0.54824796E+001  0.73748727E+002
  0.12541077E+001  0.80212082E+000  0.54824998E+001  0.73749019E+002
  0.12541125E+001  0.80212476E+000  0.54825206E+001  0.73749318E+002
  0.12541173E+001  0.80212879E+000  0.54825420E+001  0.73749623E+002
  0.12541222E+001  0.80213289E+000  0.54825641E+001  0.73749935E+002
  0.12541272E+001  0.80213707E+000  0.54825868E+001  0.73750254E+002
  0.12541322E+001  0.80214134E+000  0.54826101E+001  0.73750579E+002
  0.12541373E+001  0.80214568E+000  0.54826341E+001  0.73750911E+002
  0.12541425E+001  0.80215010E+000  0.54826586E+001  0.73751250E+002
  0.12541478E+001  0.80215460E+000  0.54826838E+001  0.73751595E+002
  0.12541531E+001  0.80215917E+000  0.54827097E+001  0.73751947E+002
  0.12541585E+001  0.80216381E+000  0.54827361E+001  0.73752305E+002
  0.12541639E+001  0.80216852E+000  0.54827631E+001  0.73752669E+002
  0.12541694E+001  0.80217330E+000  0.54827907E+001  0.73753040E+002
  0.12541750E+001  0.80217814E+000  0.54828189E+001  0.73753417E+002
  0.12541806E+001  0.80218304E+000  0.54828477E+001  0.73753801E+002
  0.12541863E+001  0.80218800E+000  0.54828770E+001  0.73754191E+002
  0.12541920E+001  0.80219301E+000  0.54829068E+001  0.73754586E+002
  0.12541977E+001  0.80219806E+000  0.54829372E+001  0.73754988E+002
  0.12542035E+001  0.80220316E+000  0.54829681E+001  0.73755396E+002
  0.12542094E+001  0.80220829E+000  0.54829995E+001  0.73755809E+002
  0.12542153E+001  0.80221346E+000  0.54830313E+001  0.73756228E+002
  0.12542212E+001  0.80221865E+000  0.54830636E+001  0.73756653E+002
  0.12542272E+001  0.80222387E+000  0.54830963E+001  0.73757084E+002
  0.12542331E+001  0.80222910E+000  0.54831294E+001  0.73757519E+002
  0.12542391E+001  0.80223434E+000  0.54831629E+001  0.73757961E+002
  0.12542452E+001  0.80223958E+000  0.54831968E+001  0.73758407E+002
  0.12542512E+001  0.80224482E+000  0.54832310E+001  0.73758858E+002
  0.12542573E+001  0.80225005E+000  0.54832655E+001  0.73759315E+002
  0.12542633E+001  0.80225527E+000  0.54833003E+001  0.73759776E+002
  0.12542694E+001  0.80226046E+000  0.54833353E+001  0.73760241E+002
  0.12542755E+001  0.80226562E+000  0.54833705E+001  0.73760712E+002
  0.12542815E+001  0.80227075E+000  0.54834060E+001  0.73761187E+002
  0.12542876E+001  0.80227584E+000  0.54834416E+001  0.73761666E+002
  0.12542936E+001  0.80228087E+000  0.54834773E+001  0.73762149E+002
  0.12542996E+001  0.80228585E+000  0.54835132E+001  0.73762636E+002
  0.12543056E+001  0.80229077E+000  0.54835491E+001  0.73763126E+002
  0.12543116E+001  0.80229563E+000  0.54835850E+001  0.73763621E+002
  0.12543175E+001  0.80230041E+000  0.54836209E+001  0.73764119E+002
  0.12543234E+001  0.80230511E+000  0.54836567E+001  0.73764620E+002
  0.12543292E+001  0.80230973E+000  0.54836925E+001  0.73765125E+002
  0.12543350E+001  0.80231426E+000  0.54837282E+001  0.73765632E+002
  0.12543408E+001  0.80231869E+000  0.54837637E+001  0.73766142E+002
  0.12543465E+001  0.80232303E+000  0.54837989E+001  0.73766655E+002
  0.12543521E+001  0.80232727E+000  0.54838340E+001  0.73767171E+002
  0.12543576E+001  0.80233140E+000  0.54838688E+001  0.73767688E+002
  0.12543630E+001  0.80233542E+000  0.54839032E+001  0.73768208E+002
  0.12543684E+001  0.80233933E+000  0.54839373E+001  0.73768730E+002
  0.12543737E+001  0.80234312E+000  0.54839709E+001  0.73769253E+002
  0.12543788E+001  0.80234680E+000  0.54840042E+001  0.73769778E+002
  0.12543839E+001  0.80235036E+000  0.54840369E+001  0.73770305E+002
  0.12543889E+001  0.80235381E+000  0.54840691E+001  0.73770832E+002
  0.12543937E+001  0.80235713E+000  0.54841008E+001  0.73771361E+002
  0.12543984E+001  0.80236033E+000  0.54841318E+001  0.73771890E+002
  0.12544030E+001  0.80236341E+000  0.54841622E+001  0.73772420E+002
  0.12544074E+001  0.80236637E+000  0.54841920E+001  0.73772951E+002
  0.12544117E+001  0.80236921E+000  0.54842210E+001  0.73773482E+002
  0.12544159E+001  0.80237192E+000  0.54842493E+001  0.73774012E+002
  0.12544199E+001  0.80237452E+000  0.54842768E+001  0.73774543E+002
  0.12544238E+001  0.80237700E+000  0.54843036E+001  0.73775073E+002
  0.12544275E+001  0.80237937E+000  0.54843295E+001  0.73775603E+002
  0.12544310E+001  0.80238161E+000  0.54843546E+001  0.73776132E+002
  0.12544344E+001  0.80238375E+000  0.54843788E+001  0.73776660E+002
  0.12544376E+001  0.80238577E+000  0.54844021E+001  0.73777187E+002
  0.12544406E+001  0.80238768E+000  0.54844245E+001  0.73777713E+002
  0.12544435E+001  0.80238948E+000  0.54844460E+001  0.73778237E+002
  0.12544462E+001  0.80239117E+000  0.54844666E+001  0.73778759E+002
  0.12544487E+001  0.80239275E+000  0.54844863E+001  0.73779279E+002
  0.12544510E+001  0.80239424E+000  0.54845050E+001  0.73779797E+002
  0.12544532E+001  0.80239561E+000  0.54845228E+001  0.73780313E+002
  0.12544552E+001  0.80239689E+000  0.54845396E+001  0.73780826E+002
  0.12544570E+001  0.80239806E+000  0.54845555E+001  0.73781336E+002
  0.12544586E+001  0.80239914E+000  0.54845704E+001  0.73781844E+002
  0.12544601E+001  0.80240012E+000  0.54845845E+001  0.73782348E+002
  0.12544614E+001  0.80240100E+000  0.54845975E+001  0.73782849E+002
  0.12544625E+001  0.80240178E+000  0.54846097E+001  0.73783346E+002
  0.12544635E+001  0.80240247E+000  0.54846210E+001  0.73783840E+002
  0.12544643E+001  0.80240306E+000  0.54846314E+001  0.73784329E+002
  0.12544649E+001  0.80240355E+000  0.54846409E+001  0.73784815E+002
  0.12544654E+001  0.80240394E+000  0.54846495E+001  0.73785296E+002
  0.12544657E+001  0.80240424E+000  0.54846573E+001  0.73785773E+002
  0.12544659E+001  0.80240444E+000  0.54846642E+001  0.73786244E+002
  0.12544659E+001  0.80240454E+000  0.54846703E+001  0.73786711E+002
  0.12544658E+001  0.80240454E+000  0.54846756E+001  0.73787173E+002
  0.12544655E+001  0.80240443E+000  0.54846801E+001  0.73787630E+002
  0.12544651E+001  0.80240422E+000  0.54846837E+001  0.73788081E+002
  0.12544645E+001  0.80240389E+000  0.54846866E+001  0.73788526E+002
  0.12544638E+001  0.80240346E+000  0.54846887E+001  0.73788965E+002
  0.12544629E+001  0.80240290E+000  0.54846900E+001  0.73789398E+002
  0.12544618E+001  0.80240222E+000  0.54846906E+001  0.73789825E+002
  0.12544606E+001  0.80240142E+000  0.54846903E+001  0.73790245E+002
  0.12544593E+001  0.80240048E+000  0.54846893E+001  0.73790658E+002
  0.12544578E+001  0.80239939E+000  0.54846874E+001  0.73791064E+002
  0.12544561E+001  0.80239816E+000  0.54846847E+001  0.73791463E+002
  0.12544542E+001  0.80239677E+000  0.54846811E+001  0.73791854E+002
  0.12544521E+001  0.80239521E+000  0.54846767E+001  0.73792237E+002
  0.12544498E+001  0.80239347E+000  0.54846713E+001  0.73792612E+002
  0.12544473E+001  0.80239154E+000  0.54846650E+001  0.73792978E+002
  0.12544446E+001  0.80238941E+000  0.54846576E+001  0.73793335E+002
  0.12544416E+001  0.80238706E+000  0.54846491E+001  0.73793682E+002
  0.12544383E+001  0.80238447E+000  0.54846395E+001  0.73794019E+002
  0.12544348E+001  0.80238164E+000  0.54846286E+001  0.73794346E+002
  0.12544309E+001  0.80237854E+000  0.54846164E+001  0.73794661E+002
  0.12544267E+001  0.80237514E+000  0.54846027E+001  0.73794964E+002
  0.12544220E+001  0.80237144E+000  0.54845874E+001  0.73795254E+002
  0.12544170E+001  0.80236741E+000  0.54845705E+001  0.73795531E+002
  0.12544115E+001  0.80236303E+000  0.54845517E+001  0.73795792E+002
  0.12544056E+001  0.80235826E+000  0.54845309E+001  0.73796038E+002
  0.12543990E+001  0.80235309E+000  0.54845080E+001  0.73796267E+002
  0.12543920E+001  0.80234748E+000  0.54844827E+001  0.73796477E+002
  0.12543843E+001  0.80234141E+000  0.54844549E+001  0.73796667E+002
  0.12543759E+001  0.80233484E+000  0.54844244E+001  0.73796835E+002
  0.12543668E+001  0.80232774E+000  0.54843909E+001  0.73796979E+002
  0.12543569E+001  0.80232007E+000  0.54843544E+001  0.73797097E+002
  0.12543461E+001  0.80231180E+000  0.54843145E+001  0.73797187E+002
  0.12543345E+001  0.80230288E+000  0.54842710E+001  0.73797244E+002
  0.12543218E+001  0.80229328E+000  0.54842239E+001  0.73797267E+002
  0.12543082E+001  0.80228290E+000  0.54841730E+001  0.73797252E+002
  0.12542933E+001  0.80227172E+000  0.54841181E+001  0.73797196E+002
  0.12542772E+001  0.80225942E+000  0.54840591E+001  0.73797092E+002
  0.12542599E+001  0.80224614E+000  0.54839960E+001  0.73796942E+002
  0.12542406E+001  0.80223019E+000  0.54839266E+001  0.73796729E+002
  0.12542203E+001  0.80221341E+000  0.54838493E+001  0.73796480E+002
