  0.69179521E-001
  0.69179818E-001
  0.69179981E-001
  0.69180089E-001
  0.69180169E-001
  0.69180235E-001
  0.69180291E-001
  0.69180342E-001
  0.69180390E-001
  0.69180435E-001
  0.69180479E-001
  0.69180521E-001
  0.69180563E-001
  0.69180604E-001
  0.69180645E-001
  0.69180686E-001
  0.69180727E-001
  0.69180768E-001
  0.69180809E-001
  0.69180851E-001
  0.69180893E-001
  0.69180935E-001
  0.69180978E-001
  0.69181022E-001
  0.69181067E-001
  0.69181112E-001
  0.69181159E-001
  0.69181207E-001
  0.69181256E-001
  0.69181307E-001
  0.69181359E-001
  0.69181412E-001
  0.69181467E-001
  0.69181524E-001
  0.69181583E-001
  0.69181644E-001
  0.69181707E-001
  0.69181773E-001
  0.69181840E-001
  0.69181911E-001
  0.69181984E-001
  0.69182059E-001
  0.69182138E-001
  0.69182219E-001
  0.69182304E-001
  0.69182392E-001
  0.69182483E-001
  0.69182578E-001
  0.69182677E-001
  0.69182779E-001
  0.69182885E-001
  0.69182995E-001
  0.69183110E-001
  0.69183228E-001
  0.69183351E-001
  0.69183479E-001
  0.69183611E-001
  0.69183748E-001
  0.69183890E-001
  0.69184037E-001
  0.69184189E-001
  0.69184347E-001
  0.69184509E-001
  0.69184678E-001
  0.69184852E-001
  0.69185032E-001
  0.69185217E-001
  0.69185409E-001
  0.69185607E-001
  0.69185811E-001
  0.69186021E-001
  0.69186238E-001
  0.69186461E-001
  0.69186691E-001
  0.69186927E-001
  0.69187170E-001
  0.69187420E-001
  0.69187676E-001
  0.69187939E-001
  0.69188210E-001
  0.69188486E-001
  0.69188770E-001
  0.69189061E-001
  0.69189359E-001
  0.69189663E-001
  0.69189974E-001
  0.69190292E-001
  0.69190617E-001
  0.69190949E-001
  0.69191287E-001
  0.69191632E-001
  0.69191984E-001
  0.69192342E-001
  0.69192706E-001
  0.69193077E-001
  0.69193454E-001
  0.69193838E-001
  0.69194227E-001
  0.69194622E-001
  0.69195024E-001
  0.69195431E-001
  0.69195843E-001
  0.69196261E-001
  0.69196685E-001
  0.69197114E-001
  0.69197548E-001
  0.69197987E-001
  0.69198431E-001
  0.69198880E-001
  0.69199333E-001
  0.69199791E-001
  0.69200253E-001
  0.69200720E-001
  0.69201190E-001
  0.69201665E-001
  0.69202143E-001
  0.69202624E-001
  0.69203109E-001
  0.69203597E-001
  0.69204088E-001
  0.69204583E-001
  0.69205079E-001
  0.69205578E-001
  0.69206080E-001
  0.69206584E-001
  0.69207089E-001
  0.69207597E-001
  0.69208106E-001
  0.69208616E-001
  0.69209128E-001
  0.69209640E-001
  0.69210153E-001
  0.69210667E-001
  0.69211181E-001
  0.69211696E-001
  0.69212210E-001
  0.69212724E-001
  0.69213238E-001
  0.69213751E-001
  0.69214264E-001
  0.69214775E-001
  0.69215285E-001
  0.69215794E-001
  0.69216300E-001
  0.69216806E-001
  0.69217309E-001
  0.69217810E-001
  0.69218308E-001
  0.69218804E-001
  0.69219297E-001
  0.69219787E-001
  0.69220274E-001
  0.69220758E-001
  0.69221238E-001
  0.69221714E-001
  0.69222186E-001
  0.69222655E-001
  0.69223119E-001
  0.69223579E-001
  0.69224034E-001
  0.69224484E-001
  0.69224930E-001
  0.69225370E-001
  0.69225805E-001
  0.69226235E-001
  0.69226659E-001
  0.69227078E-001
  0.69227490E-001
  0.69227897E-001
  0.69228297E-001
  0.69228691E-001
  0.69229078E-001
  0.69229458E-001
  0.69229831E-001
  0.69230196E-001
  0.69230554E-001
  0.69230905E-001
  0.69231247E-001
  0.69231581E-001
  0.69231906E-001
  0.69232222E-001
  0.69232530E-001
  0.69232828E-001
  0.69233117E-001
  0.69233396E-001
  0.69233665E-001
  0.69233924E-001
  0.69234174E-001
  0.69234414E-001
  0.69234645E-001
  0.69234867E-001
  0.69235081E-001
  0.69235286E-001
  0.69235487E-001
  0.69235677E-001
  0.69235871E-001
  0.69236040E-001
  0.69236242E-001
  0.69236338E-001
  0.69235861E-001
