  0.16194813E+001
  0.16194790E+001
  0.16194768E+001
  0.16194748E+001
  0.16194728E+001
  0.16194708E+001
  0.16194689E+001
  0.16194670E+001
  0.16194651E+001
  0.16194632E+001
  0.16194613E+001
  0.16194595E+001
  0.16194577E+001
  0.16194559E+001
  0.16194540E+001
  0.16194522E+001
  0.16194504E+001
  0.16194486E+001
  0.16194468E+001
  0.16194450E+001
  0.16194432E+001
  0.16194414E+001
  0.16194396E+001
  0.16194377E+001
  0.16194359E+001
  0.16194340E+001
  0.16194321E+001
  0.16194302E+001
  0.16194282E+001
  0.16194262E+001
  0.16194243E+001
  0.16194222E+001
  0.16194202E+001
  0.16194181E+001
  0.16194160E+001
  0.16194138E+001
  0.16194116E+001
  0.16194094E+001
  0.16194072E+001
  0.16194049E+001
  0.16194025E+001
  0.16194002E+001
  0.16193978E+001
  0.16193953E+001
  0.16193929E+001
  0.16193904E+001
  0.16193878E+001
  0.16193853E+001
  0.16193827E+001
  0.16193801E+001
  0.16193774E+001
  0.16193747E+001
  0.16193720E+001
  0.16193693E+001
  0.16193665E+001
  0.16193638E+001
  0.16193610E+001
  0.16193581E+001
  0.16193553E+001
  0.16193525E+001
  0.16193496E+001
  0.16193467E+001
  0.16193439E+001
  0.16193410E+001
  0.16193381E+001
  0.16193352E+001
  0.16193323E+001
  0.16193294E+001
  0.16193265E+001
  0.16193237E+001
  0.16193208E+001
  0.16193180E+001
  0.16193152E+001
  0.16193124E+001
  0.16193097E+001
  0.16193070E+001
  0.16193043E+001
  0.16193016E+001
  0.16192990E+001
  0.16192965E+001
  0.16192940E+001
  0.16192915E+001
  0.16192891E+001
  0.16192867E+001
  0.16192844E+001
  0.16192822E+001
  0.16192800E+001
  0.16192779E+001
  0.16192758E+001
  0.16192738E+001
  0.16192718E+001
  0.16192698E+001
  0.16192680E+001
  0.16192661E+001
  0.16192643E+001
  0.16192626E+001
  0.16192609E+001
  0.16192592E+001
  0.16192576E+001
  0.16192560E+001
  0.16192544E+001
  0.16192529E+001
  0.16192513E+001
  0.16192498E+001
  0.16192484E+001
  0.16192469E+001
  0.16192454E+001
  0.16192440E+001
  0.16192426E+001
  0.16192412E+001
  0.16192398E+001
  0.16192384E+001
  0.16192370E+001
  0.16192357E+001
  0.16192343E+001
  0.16192330E+001
  0.16192316E+001
  0.16192303E+001
  0.16192290E+001
  0.16192277E+001
  0.16192264E+001
  0.16192251E+001
  0.16192238E+001
  0.16192225E+001
  0.16192213E+001
  0.16192200E+001
  0.16192188E+001
  0.16192176E+001
  0.16192163E+001
  0.16192151E+001
  0.16192139E+001
  0.16192128E+001
  0.16192116E+001
  0.16192104E+001
  0.16192093E+001
  0.16192082E+001
  0.16192071E+001
  0.16192060E+001
  0.16192050E+001
  0.16192039E+001
  0.16192029E+001
  0.16192019E+001
  0.16192009E+001
  0.16191999E+001
  0.16191990E+001
  0.16191981E+001
  0.16191972E+001
  0.16191963E+001
  0.16191955E+001
  0.16191947E+001
  0.16191939E+001
  0.16191931E+001
  0.16191924E+001
  0.16191916E+001
  0.16191910E+001
  0.16191903E+001
  0.16191897E+001
  0.16191891E+001
  0.16191885E+001
  0.16191879E+001
  0.16191874E+001
  0.16191870E+001
  0.16191865E+001
  0.16191861E+001
  0.16191857E+001
  0.16191854E+001
  0.16191851E+001
  0.16191849E+001
  0.16191847E+001
  0.16191845E+001
  0.16191844E+001
  0.16191844E+001
  0.16191844E+001
  0.16191845E+001
  0.16191847E+001
  0.16191849E+001
  0.16191852E+001
  0.16191856E+001
  0.16191861E+001
  0.16191867E+001
  0.16191874E+001
  0.16191882E+001
  0.16191891E+001
  0.16191902E+001
  0.16191913E+001
  0.16191926E+001
  0.16191939E+001
  0.16191953E+001
  0.16191966E+001
  0.16191979E+001
  0.16191989E+001
  0.16191996E+001
  0.16191995E+001
  0.16191984E+001
  0.16191956E+001
  0.16191904E+001
  0.16191812E+001
  0.16191668E+001
  0.16191408E+001
  0.16191075E+001
