  0.97344793E+000  0.62557749E+000  0.87621140E+000  0.40026887E+001
  0.97344800E+000  0.62557739E+000  0.87621405E+000  0.40026770E+001
  0.97344771E+000  0.62557721E+000  0.87621529E+000  0.40026677E+001
  0.97344711E+000  0.62557697E+000  0.87621592E+000  0.40026597E+001
  0.97344626E+000  0.62557669E+000  0.87621628E+000  0.40026524E+001
  0.97344521E+000  0.62557638E+000  0.87621651E+000  0.40026457E+001
  0.97344401E+000  0.62557606E+000  0.87621666E+000  0.40026393E+001
  0.97344270E+000  0.62557573E+000  0.87621678E+000  0.40026331E+001
  0.97344129E+000  0.62557538E+000  0.87621687E+000  0.40026272E+001
  0.97343982E+000  0.62557502E+000  0.87621693E+000  0.40026215E+001
  0.97343830E+000  0.62557464E+000  0.87621698E+000  0.40026159E+001
  0.97343674E+000  0.62557426E+000  0.87621701E+000  0.40026105E+001
  0.97343516E+000  0.62557387E+000  0.87621703E+000  0.40026051E+001
  0.97343355E+000  0.62557347E+000  0.87621704E+000  0.40025998E+001
  0.97343193E+000  0.62557306E+000  0.87621704E+000  0.40025946E+001
  0.97343029E+000  0.62557265E+000  0.87621703E+000  0.40025895E+001
  0.97342864E+000  0.62557222E+000  0.87621701E+000  0.40025844E+001
  0.97342698E+000  0.62557179E+000  0.87621699E+000  0.40025793E+001
  0.97342531E+000  0.62557135E+000  0.87621696E+000  0.40025742E+001
  0.97342362E+000  0.62557091E+000  0.87621692E+000  0.40025692E+001
  0.97342192E+000  0.62557045E+000  0.87621687E+000  0.40025641E+001
  0.97342020E+000  0.62556999E+000  0.87621681E+000  0.40025591E+001
  0.97341847E+000  0.62556952E+000  0.87621675E+000  0.40025540E+001
  0.97341671E+000  0.62556904E+000  0.87621668E+000  0.40025489E+001
  0.97341494E+000  0.62556855E+000  0.87621660E+000  0.40025438E+001
  0.97341315E+000  0.62556805E+000  0.87621651E+000  0.40025387E+001
  0.97341133E+000  0.62556754E+000  0.87621642E+000  0.40025335E+001
  0.97340949E+000  0.62556702E+000  0.87621631E+000  0.40025283E+001
  0.97340763E+000  0.62556648E+000  0.87621620E+000  0.40025231E+001
  0.97340573E+000  0.62556594E+000  0.87621607E+000  0.40025177E+001
  0.97340381E+000  0.62556539E+000  0.87621594E+000  0.40025124E+001
  0.97340186E+000  0.62556482E+000  0.87621579E+000  0.40025069E+001
  0.97339987E+000  0.62556424E+000  0.87621563E+000  0.40025015E+001
  0.97339786E+000  0.62556364E+000  0.87621546E+000  0.40024959E+001
  0.97339581E+000  0.62556304E+000  0.87621527E+000  0.40024903E+001
  0.97339372E+000  0.62556242E+000  0.87621507E+000  0.40024845E+001
  0.97339160E+000  0.62556178E+000  0.87621486E+000  0.40024788E+001
  0.97338945E+000  0.62556114E+000  0.87621464E+000  0.40024729E+001
  0.97338726E+000  0.62556047E+000  0.87621440E+000  0.40024670E+001
  0.97338504E+000  0.62555980E+000  0.87621414E+000  0.40024610E+001
  0.97338278E+000  0.62555911E+000  0.87621387E+000  0.40024549E+001
  0.97338049E+000  0.62555841E+000  0.87621359E+000  0.40024487E+001
  0.97337817E+000  0.62555769E+000  0.87621329E+000  0.40024425E+001
  0.97337581E+000  0.62555696E+000  0.87621297E+000  0.40024361E+001
  0.97337342E+000  0.62555622E+000  0.87621264E+000  0.40024297E+001
  0.97337100E+000  0.62555546E+000  0.87621230E+000  0.40024233E+001
  0.97336856E+000  0.62555469E+000  0.87621194E+000  0.40024167E+001
  0.97336609E+000  0.62555391E+000  0.87621157E+000  0.40024101E+001
  0.97336359E+000  0.62555312E+000  0.87621119E+000  0.40024033E+001
  0.97336107E+000  0.62555232E+000  0.87621080E+000  0.40023966E+001
  0.97335853E+000  0.62555151E+000  0.87621040E+000  0.40023897E+001
  0.97335597E+000  0.62555069E+000  0.87620999E+000  0.40023827E+001
  0.97335340E+000  0.62554986E+000  0.87620957E+000  0.40023757E+001
  0.97335082E+000  0.62554903E+000  0.87620916E+000  0.40023686E+001
  0.97334823E+000  0.62554818E+000  0.87620874E+000  0.40023615E+001
  0.97334563E+000  0.62554733E+000  0.87620833E+000  0.40023542E+001
  0.97334302E+000  0.62554647E+000  0.87620793E+000  0.40023469E+001
  0.97334042E+000  0.62554561E+000  0.87620753E+000  0.40023395E+001
  0.97333782E+000  0.62554474E+000  0.87620716E+000  0.40023320E+001
  0.97333523E+000  0.62554387E+000  0.87620680E+000  0.40023244E+001
  0.97333265E+000  0.62554299E+000  0.87620647E+000  0.40023168E+001
  0.97333008E+000  0.62554211E+000  0.87620618E+000  0.40023090E+001
  0.97332753E+000  0.62554123E+000  0.87620592E+000  0.40023012E+001
  0.97332499E+000  0.62554034E+000  0.87620570E+000  0.40022933E+001
  0.97332247E+000  0.62553946E+000  0.87620553E+000  0.40022853E+001
  0.97331998E+000  0.62553857E+000  0.87620543E+000  0.40022773E+001
  0.97331751E+000  0.62553769E+000  0.87620538E+000  0.40022691E+001
  0.97331507E+000  0.62553681E+000  0.87620541E+000  0.40022609E+001
  0.97331266E+000  0.62553594E+000  0.87620552E+000  0.40022526E+001
  0.97331028E+000  0.62553507E+000  0.87620570E+000  0.40022442E+001
  0.97330793E+000  0.62553422E+000  0.87620599E+000  0.40022357E+001
  0.97330561E+000  0.62553337E+000  0.87620636E+000  0.40022272E+001
  0.97330333E+000  0.62553254E+000  0.87620685E+000  0.40022186E+001
  0.97330107E+000  0.62553172E+000  0.87620744E+000  0.40022100E+001
  0.97329885E+000  0.62553092E+000  0.87620815E+000  0.40022013E+001
  0.97329665E+000  0.62553013E+000  0.87620898E+000  0.40021925E+001
  0.97329448E+000  0.62552937E+000  0.87620993E+000  0.40021838E+001
  0.97329234E+000  0.62552863E+000  0.87621102E+000  0.40021750E+001
  0.97329023E+000  0.62552791E+000  0.87621224E+000  0.40021662E+001
  0.97328813E+000  0.62552721E+000  0.87621359E+000  0.40021574E+001
  0.97328606E+000  0.62552654E+000  0.87621509E+000  0.40021487E+001
  0.97328400E+000  0.62552589E+000  0.87621673E+000  0.40021399E+001
  0.97328196E+000  0.62552527E+000  0.87621851E+000  0.40021311E+001
  0.97327993E+000  0.62552468E+000  0.87622043E+000  0.40021224E+001
  0.97327791E+000  0.62552412E+000  0.87622251E+000  0.40021137E+001
  0.97327589E+000  0.62552358E+000  0.87622473E+000  0.40021051E+001
  0.97327387E+000  0.62552307E+000  0.87622709E+000  0.40020965E+001
  0.97327185E+000  0.62552259E+000  0.87622960E+000  0.40020879E+001
  0.97326983E+000  0.62552214E+000  0.87623225E+000  0.40020794E+001
  0.97326781E+000  0.62552171E+000  0.87623504E+000  0.40020709E+001
  0.97326577E+000  0.62552131E+000  0.87623797E+000  0.40020625E+001
  0.97326372E+000  0.62552094E+000  0.87624104E+000  0.40020542E+001
  0.97326166E+000  0.62552059E+000  0.87624424E+000  0.40020459E+001
  0.97325959E+000  0.62552026E+000  0.87624756E+000  0.40020376E+001
  0.97325750E+000  0.62551995E+000  0.87625102E+000  0.40020294E+001
  0.97325539E+000  0.62551966E+000  0.87625459E+000  0.40020213E+001
  0.97325326E+000  0.62551940E+000  0.87625829E+000  0.40020131E+001
  0.97325112E+000  0.62551914E+000  0.87626209E+000  0.40020050E+001
  0.97324896E+000  0.62551891E+000  0.87626601E+000  0.40019970E+001
  0.97324678E+000  0.62551868E+000  0.87627002E+000  0.40019889E+001
  0.97324458E+000  0.62551847E+000  0.87627414E+000  0.40019809E+001
  0.97324237E+000  0.62551827E+000  0.87627835E+000  0.40019730E+001
  0.97324014E+000  0.62551807E+000  0.87628264E+000  0.40019650E+001
  0.97323789E+000  0.62551787E+000  0.87628702E+000  0.40019570E+001
  0.97323564E+000  0.62551768E+000  0.87629148E+000  0.40019491E+001
  0.97323337E+000  0.62551749E+000  0.87629601E+000  0.40019412E+001
  0.97323109E+000  0.62551730E+000  0.87630061E+000  0.40019333E+001
  0.97322881E+000  0.62551710E+000  0.87630527E+000  0.40019254E+001
  0.97322653E+000  0.62551689E+000  0.87630999E+000  0.40019175E+001
  0.97322424E+000  0.62551668E+000  0.87631476E+000  0.40019096E+001
  0.97322196E+000  0.62551646E+000  0.87631958E+000  0.40019017E+001
  0.97321968E+000  0.62551622E+000  0.87632444E+000  0.40018938E+001
  0.97321741E+000  0.62551596E+000  0.87632934E+000  0.40018859E+001
  0.97321515E+000  0.62551570E+000  0.87633428E+000  0.40018781E+001
  0.97321291E+000  0.62551541E+000  0.87633924E+000  0.40018702E+001
  0.97321068E+000  0.62551510E+000  0.87634424E+000  0.40018624E+001
  0.97320847E+000  0.62551477E+000  0.87634925E+000  0.40018546E+001
  0.97320628E+000  0.62551443E+000  0.87635428E+000  0.40018468E+001
  0.97320412E+000  0.62551405E+000  0.87635933E+000  0.40018390E+001
  0.97320199E+000  0.62551366E+000  0.87636438E+000  0.40018312E+001
  0.97319989E+000  0.62551324E+000  0.87636944E+000  0.40018235E+001
  0.97319783E+000  0.62551280E+000  0.87637450E+000  0.40018157E+001
  0.97319580E+000  0.62551234E+000  0.87637956E+000  0.40018081E+001
  0.97319381E+000  0.62551185E+000  0.87638461E+000  0.40018004E+001
  0.97319185E+000  0.62551134E+000  0.87638966E+000  0.40017927E+001
  0.97318994E+000  0.62551081E+000  0.87639469E+000  0.40017851E+001
  0.97318808E+000  0.62551026E+000  0.87639970E+000  0.40017776E+001
  0.97318626E+000  0.62550969E+000  0.87640470E+000  0.40017701E+001
  0.97318448E+000  0.62550910E+000  0.87640968E+000  0.40017626E+001
  0.97318276E+000  0.62550849E+000  0.87641463E+000  0.40017551E+001
  0.97318108E+000  0.62550787E+000  0.87641955E+000  0.40017477E+001
  0.97317945E+000  0.62550723E+000  0.87642444E+000  0.40017404E+001
  0.97317787E+000  0.62550658E+000  0.87642930E+000  0.40017331E+001
  0.97317634E+000  0.62550593E+000  0.87643412E+000  0.40017259E+001
  0.97317487E+000  0.62550526E+000  0.87643890E+000  0.40017187E+001
  0.97317344E+000  0.62550459E+000  0.87644364E+000  0.40017116E+001
  0.97317206E+000  0.62550391E+000  0.87644833E+000  0.40017046E+001
  0.97317074E+000  0.62550323E+000  0.87645298E+000  0.40016976E+001
  0.97316946E+000  0.62550255E+000  0.87645757E+000  0.40016907E+001
  0.97316823E+000  0.62550188E+000  0.87646212E+000  0.40016839E+001
  0.97316706E+000  0.62550120E+000  0.87646660E+000  0.40016772E+001
  0.97316593E+000  0.62550053E+000  0.87647103E+000  0.40016706E+001
  0.97316485E+000  0.62549987E+000  0.87647540E+000  0.40016640E+001
  0.97316381E+000  0.62549922E+000  0.87647971E+000  0.40016575E+001
  0.97316283E+000  0.62549857E+000  0.87648396E+000  0.40016512E+001
  0.97316189E+000  0.62549794E+000  0.87648814E+000  0.40016449E+001
  0.97316099E+000  0.62549732E+000  0.87649225E+000  0.40016387E+001
  0.97316014E+000  0.62549671E+000  0.87649629E+000  0.40016327E+001
  0.97315934E+000  0.62549612E+000  0.87650026E+000  0.40016267E+001
  0.97315857E+000  0.62549555E+000  0.87650416E+000  0.40016209E+001
  0.97315785E+000  0.62549499E+000  0.87650798E+000  0.40016152E+001
  0.97315717E+000  0.62549445E+000  0.87651173E+000  0.40016095E+001
  0.97315654E+000  0.62549392E+000  0.87651540E+000  0.40016041E+001
  0.97315594E+000  0.62549342E+000  0.87651899E+000  0.40015987E+001
  0.97315539E+000  0.62549294E+000  0.87652249E+000  0.40015935E+001
  0.97315487E+000  0.62549247E+000  0.87652592E+000  0.40015884E+001
  0.97315440E+000  0.62549203E+000  0.87652926E+000  0.40015835E+001
  0.97315396E+000  0.62549160E+000  0.87653252E+000  0.40015786E+001
  0.97315357E+000  0.62549120E+000  0.87653569E+000  0.40015740E+001
  0.97315322E+000  0.62549082E+000  0.87653878E+000  0.40015695E+001
  0.97315291E+000  0.62549046E+000  0.87654177E+000  0.40015651E+001
  0.97315264E+000  0.62549012E+000  0.87654468E+000  0.40015609E+001
  0.97315242E+000  0.62548980E+000  0.87654750E+000  0.40015569E+001
  0.97315224E+000  0.62548950E+000  0.87655023E+000  0.40015530E+001
  0.97315211E+000  0.62548923E+000  0.87655286E+000  0.40015493E+001
  0.97315202E+000  0.62548897E+000  0.87655540E+000  0.40015458E+001
  0.97315199E+000  0.62548874E+000  0.87655785E+000  0.40015424E+001
  0.97315201E+000  0.62548853E+000  0.87656021E+000  0.40015393E+001
  0.97315209E+000  0.62548835E+000  0.87656247E+000  0.40015363E+001
  0.97315223E+000  0.62548818E+000  0.87656463E+000  0.40015336E+001
  0.97315244E+000  0.62548804E+000  0.87656669E+000  0.40015311E+001
  0.97315271E+000  0.62548792E+000  0.87656865E+000  0.40015288E+001
  0.97315306E+000  0.62548783E+000  0.87657052E+000  0.40015268E+001
  0.97315350E+000  0.62548776E+000  0.87657227E+000  0.40015250E+001
  0.97315401E+000  0.62548772E+000  0.87657393E+000  0.40015235E+001
  0.97315463E+000  0.62548771E+000  0.87657547E+000  0.40015222E+001
  0.97315535E+000  0.62548772E+000  0.87657690E+000  0.40015213E+001
  0.97315618E+000  0.62548776E+000  0.87657822E+000  0.40015207E+001
  0.97315713E+000  0.62548784E+000  0.87657942E+000  0.40015205E+001
  0.97315821E+000  0.62548794E+000  0.87658049E+000  0.40015206E+001
  0.97315944E+000  0.62548808E+000  0.87658143E+000  0.40015211E+001
  0.97316081E+000  0.62548824E+000  0.87658222E+000  0.40015220E+001
  0.97316235E+000  0.62548845E+000  0.87658286E+000  0.40015234E+001
  0.97316407E+000  0.62548868E+000  0.87658333E+000  0.40015251E+001
  0.97316596E+000  0.62548895E+000  0.87658362E+000  0.40015273E+001
  0.97316803E+000  0.62548924E+000  0.87658369E+000  0.40015298E+001
  0.97317029E+000  0.62548957E+000  0.87658351E+000  0.40015328E+001
  0.97317271E+000  0.62548990E+000  0.87658305E+000  0.40015359E+001
  0.97317528E+000  0.62549024E+000  0.87658223E+000  0.40015393E+001
  0.97317793E+000  0.62549055E+000  0.87658099E+000  0.40015426E+001
  0.97318059E+000  0.62549081E+000  0.87657922E+000  0.40015456E+001
  0.97318312E+000  0.62549096E+000  0.87657677E+000  0.40015479E+001
  0.97318527E+000  0.62549091E+000  0.87657344E+000  0.40015489E+001
  0.97318673E+000  0.62549055E+000  0.87656899E+000  0.40015478E+001
  0.97318687E+000  0.62548958E+000  0.87656299E+000  0.40015435E+001
  0.97318503E+000  0.62548780E+000  0.87655501E+000  0.40015344E+001
  0.97317936E+000  0.62548409E+000  0.87654397E+000  0.40015179E+001
  0.97316927E+000  0.62547843E+000  0.87652946E+000  0.40014904E+001
  0.97314777E+000  0.62546484E+000  0.87650696E+000  0.40014442E+001
  0.97312086E+000  0.62544967E+000  0.87648050E+000  0.40013795E+001
