 -0.17162812E+000  0.12896463E+000  0.18736487E+001  0.46469403E+001
 -0.17162814E+000  0.12896453E+000  0.18736481E+001  0.46469320E+001
 -0.17162814E+000  0.12896446E+000  0.18736474E+001  0.46469242E+001
 -0.17162811E+000  0.12896441E+000  0.18736468E+001  0.46469166E+001
 -0.17162808E+000  0.12896435E+000  0.18736463E+001  0.46469092E+001
 -0.17162804E+000  0.12896429E+000  0.18736458E+001  0.46469018E+001
 -0.17162800E+000  0.12896423E+000  0.18736453E+001  0.46468946E+001
 -0.17162795E+000  0.12896417E+000  0.18736449E+001  0.46468873E+001
 -0.17162791E+000  0.12896411E+000  0.18736445E+001  0.46468802E+001
 -0.17162787E+000  0.12896405E+000  0.18736441E+001  0.46468730E+001
 -0.17162782E+000  0.12896400E+000  0.18736438E+001  0.46468660E+001
 -0.17162778E+000  0.12896394E+000  0.18736435E+001  0.46468589E+001
 -0.17162774E+000  0.12896388E+000  0.18736432E+001  0.46468519E+001
 -0.17162770E+000  0.12896382E+000  0.18736430E+001  0.46468449E+001
 -0.17162766E+000  0.12896376E+000  0.18736428E+001  0.46468379E+001
 -0.17162762E+000  0.12896369E+000  0.18736425E+001  0.46468309E+001
 -0.17162758E+000  0.12896363E+000  0.18736424E+001  0.46468239E+001
 -0.17162754E+000  0.12896356E+000  0.18736422E+001  0.46468169E+001
 -0.17162751E+000  0.12896350E+000  0.18736420E+001  0.46468099E+001
 -0.17162747E+000  0.12896343E+000  0.18736419E+001  0.46468028E+001
 -0.17162743E+000  0.12896336E+000  0.18736418E+001  0.46467957E+001
 -0.17162739E+000  0.12896329E+000  0.18736417E+001  0.46467886E+001
 -0.17162736E+000  0.12896321E+000  0.18736417E+001  0.46467813E+001
 -0.17162732E+000  0.12896314E+000  0.18736416E+001  0.46467740E+001
 -0.17162728E+000  0.12896306E+000  0.18736416E+001  0.46467666E+001
 -0.17162725E+000  0.12896297E+000  0.18736416E+001  0.46467591E+001
 -0.17162721E+000  0.12896289E+000  0.18736417E+001  0.46467515E+001
 -0.17162717E+000  0.12896280E+000  0.18736418E+001  0.46467438E+001
 -0.17162713E+000  0.12896271E+000  0.18736419E+001  0.46467360E+001
 -0.17162710E+000  0.12896262E+000  0.18736420E+001  0.46467280E+001
 -0.17162706E+000  0.12896252E+000  0.18736422E+001  0.46467199E+001
 -0.17162702E+000  0.12896242E+000  0.18736424E+001  0.46467116E+001
 -0.17162698E+000  0.12896232E+000  0.18736427E+001  0.46467032E+001
 -0.17162694E+000  0.12896221E+000  0.18736431E+001  0.46466946E+001
 -0.17162689E+000  0.12896210E+000  0.18736434E+001  0.46466858E+001
 -0.17162685E+000  0.12896198E+000  0.18736439E+001  0.46466768E+001
 -0.17162681E+000  0.12896186E+000  0.18736444E+001  0.46466676E+001
 -0.17162676E+000  0.12896174E+000  0.18736450E+001  0.46466582E+001
 -0.17162671E+000  0.12896161E+000  0.18736456E+001  0.46466486E+001
 -0.17162666E+000  0.12896148E+000  0.18736464E+001  0.46466388E+001
 -0.17162661E+000  0.12896134E+000  0.18736472E+001  0.46466288E+001
 -0.17162656E+000  0.12896120E+000  0.18736481E+001  0.46466185E+001
 -0.17162650E+000  0.12896106E+000  0.18736492E+001  0.46466080E+001
 -0.17162645E+000  0.12896091E+000  0.18736503E+001  0.46465972E+001
 -0.17162639E+000  0.12896076E+000  0.18736516E+001  0.46465861E+001
 -0.17162632E+000  0.12896061E+000  0.18736530E+001  0.46465748E+001
 -0.17162625E+000  0.12896045E+000  0.18736545E+001  0.46465633E+001
 -0.17162618E+000  0.12896029E+000  0.18736562E+001  0.46465514E+001
 -0.17162611E+000  0.12896013E+000  0.18736580E+001  0.46465393E+001
 -0.17162603E+000  0.12895998E+000  0.18736600E+001  0.46465269E+001
 -0.17162595E+000  0.12895982E+000  0.18736622E+001  0.46465141E+001
 -0.17162586E+000  0.12895966E+000  0.18736646E+001  0.46465011E+001
 -0.17162577E+000  0.12895951E+000  0.18736672E+001  0.46464877E+001
 -0.17162567E+000  0.12895937E+000  0.18736699E+001  0.46464741E+001
 -0.17162557E+000  0.12895922E+000  0.18736730E+001  0.46464601E+001
 -0.17162546E+000  0.12895909E+000  0.18736762E+001  0.46464458E+001
 -0.17162534E+000  0.12895897E+000  0.18736797E+001  0.46464311E+001
 -0.17162522E+000  0.12895885E+000  0.18736834E+001  0.46464161E+001
 -0.17162509E+000  0.12895875E+000  0.18736874E+001  0.46464007E+001
 -0.17162495E+000  0.12895866E+000  0.18736917E+001  0.46463850E+001
 -0.17162481E+000  0.12895859E+000  0.18736963E+001  0.46463689E+001
 -0.17162465E+000  0.12895854E+000  0.18737012E+001  0.46463524E+001
 -0.17162449E+000  0.12895851E+000  0.18737063E+001  0.46463356E+001
 -0.17162432E+000  0.12895849E+000  0.18737118E+001  0.46463184E+001
 -0.17162414E+000  0.12895850E+000  0.18737176E+001  0.46463009E+001
 -0.17162395E+000  0.12895854E+000  0.18737238E+001  0.46462829E+001
 -0.17162375E+000  0.12895860E+000  0.18737303E+001  0.46462646E+001
 -0.17162354E+000  0.12895869E+000  0.18737371E+001  0.46462460E+001
 -0.17162332E+000  0.12895880E+000  0.18737443E+001  0.46462269E+001
 -0.17162309E+000  0.12895894E+000  0.18737519E+001  0.46462076E+001
 -0.17162285E+000  0.12895912E+000  0.18737598E+001  0.46461878E+001
 -0.17162260E+000  0.12895932E+000  0.18737682E+001  0.46461677E+001
 -0.17162233E+000  0.12895955E+000  0.18737769E+001  0.46461473E+001
 -0.17162206E+000  0.12895982E+000  0.18737860E+001  0.46461265E+001
 -0.17162177E+000  0.12896011E+000  0.18737955E+001  0.46461054E+001
 -0.17162148E+000  0.12896044E+000  0.18738054E+001  0.46460840E+001
 -0.17162117E+000  0.12896079E+000  0.18738157E+001  0.46460623E+001
 -0.17162085E+000  0.12896118E+000  0.18738264E+001  0.46460404E+001
 -0.17162052E+000  0.12896159E+000  0.18738375E+001  0.46460181E+001
 -0.17162018E+000  0.12896203E+000  0.18738490E+001  0.46459956E+001
 -0.17161983E+000  0.12896250E+000  0.18738609E+001  0.46459728E+001
 -0.17161947E+000  0.12896300E+000  0.18738732E+001  0.46459498E+001
 -0.17161910E+000  0.12896353E+000  0.18738860E+001  0.46459266E+001
 -0.17161872E+000  0.12896408E+000  0.18738991E+001  0.46459031E+001
 -0.17161833E+000  0.12896466E+000  0.18739125E+001  0.46458795E+001
 -0.17161794E+000  0.12896527E+000  0.18739264E+001  0.46458556E+001
 -0.17161753E+000  0.12896590E+000  0.18739407E+001  0.46458316E+001
 -0.17161711E+000  0.12896655E+000  0.18739553E+001  0.46458073E+001
 -0.17161669E+000  0.12896723E+000  0.18739702E+001  0.46457829E+001
 -0.17161626E+000  0.12896793E+000  0.18739855E+001  0.46457584E+001
 -0.17161582E+000  0.12896865E+000  0.18740012E+001  0.46457337E+001
 -0.17161537E+000  0.12896939E+000  0.18740171E+001  0.46457088E+001
 -0.17161491E+000  0.12897016E+000  0.18740334E+001  0.46456838E+001
 -0.17161445E+000  0.12897094E+000  0.18740500E+001  0.46456586E+001
 -0.17161399E+000  0.12897175E+000  0.18740669E+001  0.46456333E+001
 -0.17161352E+000  0.12897257E+000  0.18740840E+001  0.46456079E+001
 -0.17161304E+000  0.12897341E+000  0.18741014E+001  0.46455823E+001
 -0.17161256E+000  0.12897427E+000  0.18741191E+001  0.46455566E+001
 -0.17161208E+000  0.12897515E+000  0.18741371E+001  0.46455308E+001
 -0.17161159E+000  0.12897605E+000  0.18741552E+001  0.46455048E+001
 -0.17161110E+000  0.12897696E+000  0.18741736E+001  0.46454787E+001
 -0.17161061E+000  0.12897788E+000  0.18741922E+001  0.46454525E+001
 -0.17161012E+000  0.12897882E+000  0.18742111E+001  0.46454261E+001
 -0.17160962E+000  0.12897977E+000  0.18742301E+001  0.46453997E+001
 -0.17160913E+000  0.12898073E+000  0.18742493E+001  0.46453731E+001
 -0.17160864E+000  0.12898170E+000  0.18742687E+001  0.46453464E+001
 -0.17160815E+000  0.12898268E+000  0.18742883E+001  0.46453195E+001
 -0.17160766E+000  0.12898367E+000  0.18743080E+001  0.46452926E+001
 -0.17160718E+000  0.12898466E+000  0.18743279E+001  0.46452656E+001
 -0.17160669E+000  0.12898566E+000  0.18743479E+001  0.46452384E+001
 -0.17160622E+000  0.12898666E+000  0.18743681E+001  0.46452112E+001
 -0.17160574E+000  0.12898766E+000  0.18743884E+001  0.46451839E+001
 -0.17160527E+000  0.12898867E+000  0.18744088E+001  0.46451566E+001
 -0.17160481E+000  0.12898967E+000  0.18744293E+001  0.46451292E+001
 -0.17160436E+000  0.12899066E+000  0.18744498E+001  0.46451017E+001
 -0.17160391E+000  0.12899165E+000  0.18744705E+001  0.46450742E+001
 -0.17160347E+000  0.12899263E+000  0.18744913E+001  0.46450467E+001
 -0.17160304E+000  0.12899361E+000  0.18745120E+001  0.46450192E+001
 -0.17160262E+000  0.12899457E+000  0.18745329E+001  0.46449917E+001
 -0.17160221E+000  0.12899552E+000  0.18745537E+001  0.46449643E+001
 -0.17160180E+000  0.12899646E+000  0.18745746E+001  0.46449369E+001
 -0.17160141E+000  0.12899738E+000  0.18745955E+001  0.46449095E+001
 -0.17160103E+000  0.12899829E+000  0.18746163E+001  0.46448823E+001
 -0.17160065E+000  0.12899917E+000  0.18746371E+001  0.46448551E+001
 -0.17160029E+000  0.12900004E+000  0.18746578E+001  0.46448281E+001
 -0.17159994E+000  0.12900089E+000  0.18746785E+001  0.46448012E+001
 -0.17159960E+000  0.12900172E+000  0.18746990E+001  0.46447746E+001
 -0.17159927E+000  0.12900252E+000  0.18747194E+001  0.46447481E+001
 -0.17159896E+000  0.12900331E+000  0.18747397E+001  0.46447218E+001
 -0.17159865E+000  0.12900407E+000  0.18747599E+001  0.46446958E+001
 -0.17159836E+000  0.12900480E+000  0.18747798E+001  0.46446701E+001
 -0.17159808E+000  0.12900552E+000  0.18747995E+001  0.46446446E+001
 -0.17159781E+000  0.12900620E+000  0.18748190E+001  0.46446195E+001
 -0.17159755E+000  0.12900687E+000  0.18748383E+001  0.46445948E+001
 -0.17159730E+000  0.12900750E+000  0.18748573E+001  0.46445704E+001
 -0.17159706E+000  0.12900812E+000  0.18748760E+001  0.46445464E+001
 -0.17159683E+000  0.12900870E+000  0.18748943E+001  0.46445228E+001
 -0.17159662E+000  0.12900927E+000  0.18749124E+001  0.46444996E+001
 -0.17159641E+000  0.12900981E+000  0.18749301E+001  0.46444769E+001
 -0.17159621E+000  0.12901032E+000  0.18749474E+001  0.46444547E+001
 -0.17159603E+000  0.12901082E+000  0.18749644E+001  0.46444330E+001
 -0.17159585E+000  0.12901129E+000  0.18749810E+001  0.46444117E+001
 -0.17159569E+000  0.12901173E+000  0.18749971E+001  0.46443910E+001
 -0.17159553E+000  0.12901216E+000  0.18750129E+001  0.46443709E+001
 -0.17159538E+000  0.12901256E+000  0.18750282E+001  0.46443513E+001
 -0.17159524E+000  0.12901294E+000  0.18750430E+001  0.46443322E+001
 -0.17159511E+000  0.12901330E+000  0.18750575E+001  0.46443137E+001
 -0.17159499E+000  0.12901365E+000  0.18750714E+001  0.46442958E+001
 -0.17159487E+000  0.12901397E+000  0.18750849E+001  0.46442785E+001
 -0.17159476E+000  0.12901427E+000  0.18750980E+001  0.46442618E+001
 -0.17159466E+000  0.12901456E+000  0.18751105E+001  0.46442456E+001
 -0.17159457E+000  0.12901483E+000  0.18751226E+001  0.46442301E+001
 -0.17159449E+000  0.12901509E+000  0.18751343E+001  0.46442151E+001
 -0.17159441E+000  0.12901533E+000  0.18751454E+001  0.46442008E+001
 -0.17159434E+000  0.12901555E+000  0.18751561E+001  0.46441870E+001
 -0.17159427E+000  0.12901576E+000  0.18751664E+001  0.46441739E+001
 -0.17159422E+000  0.12901596E+000  0.18751761E+001  0.46441613E+001
 -0.17159417E+000  0.12901614E+000  0.18751855E+001  0.46441494E+001
 -0.17159412E+000  0.12901631E+000  0.18751943E+001  0.46441380E+001
 -0.17159409E+000  0.12901647E+000  0.18752027E+001  0.46441272E+001
 -0.17159406E+000  0.12901661E+000  0.18752107E+001  0.46441170E+001
 -0.17159404E+000  0.12901675E+000  0.18752183E+001  0.46441075E+001
 -0.17159402E+000  0.12901687E+000  0.18752254E+001  0.46440984E+001
 -0.17159401E+000  0.12901699E+000  0.18752320E+001  0.46440900E+001
 -0.17159401E+000  0.12901709E+000  0.18752383E+001  0.46440822E+001
 -0.17159402E+000  0.12901718E+000  0.18752441E+001  0.46440750E+001
 -0.17159404E+000  0.12901726E+000  0.18752495E+001  0.46440684E+001
 -0.17159406E+000  0.12901734E+000  0.18752545E+001  0.46440624E+001
 -0.17159409E+000  0.12901740E+000  0.18752590E+001  0.46440570E+001
 -0.17159414E+000  0.12901745E+000  0.18752631E+001  0.46440523E+001
 -0.17159419E+000  0.12901749E+000  0.18752668E+001  0.46440482E+001
 -0.17159425E+000  0.12901752E+000  0.18752701E+001  0.46440449E+001
 -0.17159433E+000  0.12901754E+000  0.18752728E+001  0.46440422E+001
 -0.17159442E+000  0.12901755E+000  0.18752752E+001  0.46440403E+001
 -0.17159452E+000  0.12901754E+000  0.18752770E+001  0.46440392E+001
 -0.17159464E+000  0.12901752E+000  0.18752783E+001  0.46440389E+001
 -0.17159477E+000  0.12901749E+000  0.18752791E+001  0.46440396E+001
 -0.17159492E+000  0.12901744E+000  0.18752793E+001  0.46440412E+001
 -0.17159509E+000  0.12901737E+000  0.18752789E+001  0.46440438E+001
 -0.17159528E+000  0.12901728E+000  0.18752778E+001  0.46440475E+001
 -0.17159549E+000  0.12901717E+000  0.18752760E+001  0.46440525E+001
 -0.17159573E+000  0.12901704E+000  0.18752734E+001  0.46440587E+001
 -0.17159599E+000  0.12901688E+000  0.18752699E+001  0.46440663E+001
 -0.17159627E+000  0.12901668E+000  0.18752654E+001  0.46440754E+001
 -0.17159659E+000  0.12901646E+000  0.18752599E+001  0.46440861E+001
 -0.17159694E+000  0.12901618E+000  0.18752531E+001  0.46440985E+001
 -0.17159734E+000  0.12901587E+000  0.18752449E+001  0.46441128E+001
 -0.17159777E+000  0.12901549E+000  0.18752351E+001  0.46441288E+001
 -0.17159826E+000  0.12901504E+000  0.18752235E+001  0.46441469E+001
 -0.17159881E+000  0.12901450E+000  0.18752096E+001  0.46441668E+001
 -0.17159945E+000  0.12901385E+000  0.18751932E+001  0.46441887E+001
 -0.17160021E+000  0.12901304E+000  0.18751737E+001  0.46442123E+001
 -0.17160113E+000  0.12901203E+000  0.18751503E+001  0.46442374E+001
 -0.17160230E+000  0.12901072E+000  0.18751220E+001  0.46442637E+001
 -0.17160388E+000  0.12900895E+000  0.18750874E+001  0.46442906E+001
 -0.17160608E+000  0.12900646E+000  0.18750447E+001  0.46443173E+001
 -0.17160942E+000  0.12900258E+000  0.18749895E+001  0.46443427E+001
 -0.17161440E+000  0.12899662E+000  0.18749201E+001  0.46443653E+001
 -0.17162342E+000  0.12898446E+000  0.18748200E+001  0.46443827E+001
 -0.17163609E+000  0.12896791E+000  0.18747046E+001  0.46443942E+001
