 -0.52254128E-001
 -0.52254193E-001
 -0.52254244E-001
 -0.52254286E-001
 -0.52254321E-001
 -0.52254352E-001
 -0.52254379E-001
 -0.52254404E-001
 -0.52254426E-001
 -0.52254446E-001
 -0.52254465E-001
 -0.52254482E-001
 -0.52254498E-001
 -0.52254514E-001
 -0.52254528E-001
 -0.52254541E-001
 -0.52254553E-001
 -0.52254565E-001
 -0.52254576E-001
 -0.52254587E-001
 -0.52254597E-001
 -0.52254606E-001
 -0.52254616E-001
 -0.52254624E-001
 -0.52254633E-001
 -0.52254641E-001
 -0.52254649E-001
 -0.52254656E-001
 -0.52254664E-001
 -0.52254671E-001
 -0.52254677E-001
 -0.52254684E-001
 -0.52254690E-001
 -0.52254696E-001
 -0.52254702E-001
 -0.52254708E-001
 -0.52254713E-001
 -0.52254718E-001
 -0.52254723E-001
 -0.52254728E-001
 -0.52254733E-001
 -0.52254737E-001
 -0.52254741E-001
 -0.52254744E-001
 -0.52254748E-001
 -0.52254751E-001
 -0.52254754E-001
 -0.52254756E-001
 -0.52254758E-001
 -0.52254760E-001
 -0.52254761E-001
 -0.52254762E-001
 -0.52254762E-001
 -0.52254762E-001
 -0.52254761E-001
 -0.52254760E-001
 -0.52254759E-001
 -0.52254757E-001
 -0.52254754E-001
 -0.52254751E-001
 -0.52254747E-001
 -0.52254743E-001
 -0.52254738E-001
 -0.52254732E-001
 -0.52254726E-001
 -0.52254719E-001
 -0.52254711E-001
 -0.52254703E-001
 -0.52254693E-001
 -0.52254683E-001
 -0.52254672E-001
 -0.52254660E-001
 -0.52254647E-001
 -0.52254633E-001
 -0.52254618E-001
 -0.52254602E-001
 -0.52254585E-001
 -0.52254566E-001
 -0.52254547E-001
 -0.52254526E-001
 -0.52254504E-001
 -0.52254481E-001
 -0.52254457E-001
 -0.52254431E-001
 -0.52254404E-001
 -0.52254375E-001
 -0.52254346E-001
 -0.52254315E-001
 -0.52254282E-001
 -0.52254249E-001
 -0.52254214E-001
 -0.52254178E-001
 -0.52254141E-001
 -0.52254102E-001
 -0.52254062E-001
 -0.52254022E-001
 -0.52253980E-001
 -0.52253937E-001
 -0.52253893E-001
 -0.52253849E-001
 -0.52253803E-001
 -0.52253756E-001
 -0.52253709E-001
 -0.52253661E-001
 -0.52253612E-001
 -0.52253563E-001
 -0.52253513E-001
 -0.52253462E-001
 -0.52253411E-001
 -0.52253359E-001
 -0.52253307E-001
 -0.52253254E-001
 -0.52253201E-001
 -0.52253148E-001
 -0.52253094E-001
 -0.52253041E-001
 -0.52252987E-001
 -0.52252933E-001
 -0.52252878E-001
 -0.52252824E-001
 -0.52252770E-001
 -0.52252716E-001
 -0.52252662E-001
 -0.52252608E-001
 -0.52252555E-001
 -0.52252502E-001
 -0.52252449E-001
 -0.52252396E-001
 -0.52252344E-001
 -0.52252292E-001
 -0.52252241E-001
 -0.52252190E-001
 -0.52252140E-001
 -0.52252090E-001
 -0.52252041E-001
 -0.52251993E-001
 -0.52251946E-001
 -0.52251899E-001
 -0.52251853E-001
 -0.52251809E-001
 -0.52251764E-001
 -0.52251721E-001
 -0.52251679E-001
 -0.52251638E-001
 -0.52251597E-001
 -0.52251558E-001
 -0.52251520E-001
 -0.52251483E-001
 -0.52251446E-001
 -0.52251411E-001
 -0.52251377E-001
 -0.52251344E-001
 -0.52251312E-001
 -0.52251281E-001
 -0.52251251E-001
 -0.52251222E-001
 -0.52251194E-001
 -0.52251167E-001
 -0.52251141E-001
 -0.52251116E-001
 -0.52251093E-001
 -0.52251070E-001
 -0.52251048E-001
 -0.52251027E-001
 -0.52251007E-001
 -0.52250988E-001
 -0.52250969E-001
 -0.52250952E-001
 -0.52250936E-001
 -0.52250920E-001
 -0.52250905E-001
 -0.52250891E-001
 -0.52250878E-001
 -0.52250866E-001
 -0.52250855E-001
 -0.52250844E-001
 -0.52250834E-001
 -0.52250825E-001
 -0.52250818E-001
 -0.52250811E-001
 -0.52250805E-001
 -0.52250800E-001
 -0.52250796E-001
 -0.52250794E-001
 -0.52250793E-001
 -0.52250795E-001
 -0.52250799E-001
 -0.52250808E-001
 -0.52250823E-001
 -0.52250847E-001
 -0.52250885E-001
 -0.52250946E-001
 -0.52251044E-001
 -0.52251202E-001
 -0.52251465E-001
 -0.52251896E-001
 -0.52252649E-001
 -0.52253873E-001
 -0.52256313E-001
 -0.52259896E-001
