  0.11469089E+001
  0.11469088E+001
  0.11469088E+001
  0.11469088E+001
  0.11469089E+001
  0.11469089E+001
  0.11469090E+001
  0.11469091E+001
  0.11469092E+001
  0.11469093E+001
  0.11469094E+001
  0.11469095E+001
  0.11469096E+001
  0.11469097E+001
  0.11469098E+001
  0.11469099E+001
  0.11469100E+001
  0.11469101E+001
  0.11469102E+001
  0.11469103E+001
  0.11469104E+001
  0.11469106E+001
  0.11469107E+001
  0.11469108E+001
  0.11469109E+001
  0.11469110E+001
  0.11469112E+001
  0.11469113E+001
  0.11469114E+001
  0.11469116E+001
  0.11469117E+001
  0.11469119E+001
  0.11469120E+001
  0.11469122E+001
  0.11469124E+001
  0.11469126E+001
  0.11469127E+001
  0.11469129E+001
  0.11469131E+001
  0.11469133E+001
  0.11469135E+001
  0.11469138E+001
  0.11469140E+001
  0.11469142E+001
  0.11469145E+001
  0.11469147E+001
  0.11469150E+001
  0.11469153E+001
  0.11469155E+001
  0.11469158E+001
  0.11469161E+001
  0.11469165E+001
  0.11469168E+001
  0.11469171E+001
  0.11469175E+001
  0.11469179E+001
  0.11469182E+001
  0.11469186E+001
  0.11469190E+001
  0.11469195E+001
  0.11469199E+001
  0.11469204E+001
  0.11469208E+001
  0.11469213E+001
  0.11469218E+001
  0.11469223E+001
  0.11469228E+001
  0.11469234E+001
  0.11469239E+001
  0.11469245E+001
  0.11469251E+001
  0.11469257E+001
  0.11469264E+001
  0.11469270E+001
  0.11469277E+001
  0.11469284E+001
  0.11469291E+001
  0.11469298E+001
  0.11469305E+001
  0.11469313E+001
  0.11469321E+001
  0.11469329E+001
  0.11469337E+001
  0.11469346E+001
  0.11469354E+001
  0.11469363E+001
  0.11469372E+001
  0.11469381E+001
  0.11469391E+001
  0.11469400E+001
  0.11469410E+001
  0.11469420E+001
  0.11469431E+001
  0.11469441E+001
  0.11469452E+001
  0.11469463E+001
  0.11469474E+001
  0.11469485E+001
  0.11469496E+001
  0.11469508E+001
  0.11469520E+001
  0.11469532E+001
  0.11469544E+001
  0.11469556E+001
  0.11469569E+001
  0.11469582E+001
  0.11469594E+001
  0.11469607E+001
  0.11469620E+001
  0.11469634E+001
  0.11469647E+001
  0.11469661E+001
  0.11469674E+001
  0.11469688E+001
  0.11469702E+001
  0.11469716E+001
  0.11469730E+001
  0.11469744E+001
  0.11469759E+001
  0.11469773E+001
  0.11469788E+001
  0.11469802E+001
  0.11469817E+001
  0.11469832E+001
  0.11469847E+001
  0.11469862E+001
  0.11469877E+001
  0.11469892E+001
  0.11469907E+001
  0.11469922E+001
  0.11469937E+001
  0.11469952E+001
  0.11469967E+001
  0.11469983E+001
  0.11469998E+001
  0.11470013E+001
  0.11470028E+001
  0.11470044E+001
  0.11470059E+001
  0.11470074E+001
  0.11470089E+001
  0.11470105E+001
  0.11470120E+001
  0.11470135E+001
  0.11470150E+001
  0.11470165E+001
  0.11470180E+001
  0.11470195E+001
  0.11470210E+001
  0.11470224E+001
  0.11470239E+001
  0.11470254E+001
  0.11470268E+001
  0.11470283E+001
  0.11470297E+001
  0.11470311E+001
  0.11470326E+001
  0.11470340E+001
  0.11470354E+001
  0.11470367E+001
  0.11470381E+001
  0.11470395E+001
  0.11470408E+001
  0.11470422E+001
  0.11470435E+001
  0.11470448E+001
  0.11470461E+001
  0.11470474E+001
  0.11470486E+001
  0.11470499E+001
  0.11470511E+001
  0.11470523E+001
  0.11470535E+001
  0.11470547E+001
  0.11470559E+001
  0.11470571E+001
  0.11470582E+001
  0.11470594E+001
  0.11470605E+001
  0.11470616E+001
  0.11470627E+001
  0.11470638E+001
  0.11470648E+001
  0.11470659E+001
  0.11470669E+001
  0.11470680E+001
  0.11470690E+001
  0.11470700E+001
  0.11470710E+001
  0.11470720E+001
  0.11470730E+001
  0.11470740E+001
  0.11470750E+001
  0.11470760E+001
  0.11470771E+001
  0.11470784E+001
  0.11470798E+001
  0.11470818E+001
  0.11470835E+001
  0.11470922E+001
