  0.59737293E+000
  0.59737584E+000
  0.59737767E+000
  0.59737883E+000
  0.59737959E+000
  0.59738010E+000
  0.59738045E+000
  0.59738069E+000
  0.59738086E+000
  0.59738099E+000
  0.59738109E+000
  0.59738117E+000
  0.59738124E+000
  0.59738129E+000
  0.59738134E+000
  0.59738138E+000
  0.59738141E+000
  0.59738144E+000
  0.59738147E+000
  0.59738149E+000
  0.59738151E+000
  0.59738153E+000
  0.59738154E+000
  0.59738156E+000
  0.59738157E+000
  0.59738158E+000
  0.59738159E+000
  0.59738159E+000
  0.59738160E+000
  0.59738160E+000
  0.59738161E+000
  0.59738161E+000
  0.59738161E+000
  0.59738162E+000
  0.59738162E+000
  0.59738162E+000
  0.59738162E+000
  0.59738162E+000
  0.59738162E+000
  0.59738162E+000
  0.59738163E+000
  0.59738163E+000
  0.59738163E+000
  0.59738163E+000
  0.59738164E+000
  0.59738164E+000
  0.59738165E+000
  0.59738165E+000
  0.59738166E+000
  0.59738167E+000
  0.59738167E+000
  0.59738168E+000
  0.59738169E+000
  0.59738170E+000
  0.59738172E+000
  0.59738173E+000
  0.59738175E+000
  0.59738176E+000
  0.59738178E+000
  0.59738180E+000
  0.59738183E+000
  0.59738185E+000
  0.59738188E+000
  0.59738191E+000
  0.59738195E+000
  0.59738198E+000
  0.59738203E+000
  0.59738207E+000
  0.59738212E+000
  0.59738217E+000
  0.59738223E+000
  0.59738229E+000
  0.59738236E+000
  0.59738243E+000
  0.59738250E+000
  0.59738258E+000
  0.59738267E+000
  0.59738276E+000
  0.59738285E+000
  0.59738295E+000
  0.59738305E+000
  0.59738316E+000
  0.59738327E+000
  0.59738338E+000
  0.59738350E+000
  0.59738362E+000
  0.59738374E+000
  0.59738386E+000
  0.59738399E+000
  0.59738412E+000
  0.59738424E+000
  0.59738437E+000
  0.59738451E+000
  0.59738464E+000
  0.59738477E+000
  0.59738490E+000
  0.59738504E+000
  0.59738517E+000
  0.59738531E+000
  0.59738544E+000
  0.59738558E+000
  0.59738571E+000
  0.59738585E+000
  0.59738598E+000
  0.59738612E+000
  0.59738625E+000
  0.59738638E+000
  0.59738652E+000
  0.59738665E+000
  0.59738678E+000
  0.59738692E+000
  0.59738705E+000
  0.59738718E+000
  0.59738731E+000
  0.59738745E+000
  0.59738758E+000
  0.59738771E+000
  0.59738783E+000
  0.59738796E+000
  0.59738809E+000
  0.59738821E+000
  0.59738834E+000
  0.59738846E+000
  0.59738858E+000
  0.59738870E+000
  0.59738882E+000
  0.59738894E+000
  0.59738905E+000
  0.59738917E+000
  0.59738928E+000
  0.59738938E+000
  0.59738949E+000
  0.59738959E+000
  0.59738969E+000
  0.59738979E+000
  0.59738988E+000
  0.59738998E+000
  0.59739006E+000
  0.59739015E+000
  0.59739023E+000
  0.59739031E+000
  0.59739039E+000
  0.59739046E+000
  0.59739052E+000
  0.59739059E+000
  0.59739065E+000
  0.59739071E+000
  0.59739076E+000
  0.59739081E+000
  0.59739085E+000
  0.59739089E+000
  0.59739093E+000
  0.59739096E+000
  0.59739099E+000
  0.59739101E+000
  0.59739103E+000
  0.59739104E+000
  0.59739105E+000
  0.59739105E+000
  0.59739105E+000
  0.59739105E+000
  0.59739103E+000
  0.59739102E+000
  0.59739100E+000
  0.59739097E+000
  0.59739094E+000
  0.59739090E+000
  0.59739085E+000
  0.59739080E+000
  0.59739074E+000
  0.59739068E+000
  0.59739061E+000
  0.59739053E+000
  0.59739045E+000
  0.59739036E+000
  0.59739026E+000
  0.59739015E+000
  0.59739004E+000
  0.59738991E+000
  0.59738978E+000
  0.59738964E+000
  0.59738950E+000
  0.59738934E+000
  0.59738918E+000
  0.59738901E+000
  0.59738883E+000
  0.59738864E+000
  0.59738844E+000
  0.59738825E+000
  0.59738805E+000
  0.59738785E+000
  0.59738767E+000
  0.59738752E+000
  0.59738743E+000
  0.59738744E+000
  0.59738768E+000
  0.59738833E+000
  0.59739004E+000
  0.59739415E+000
  0.59740833E+000
