  0.64903419E+000  0.85632675E+000  0.94928797E+000  0.21329870E+001
  0.64903418E+000  0.85632671E+000  0.94928785E+000  0.21329866E+001
  0.64903419E+000  0.85632670E+000  0.94928788E+000  0.21329865E+001
  0.64903419E+000  0.85632670E+000  0.94928794E+000  0.21329866E+001
  0.64903417E+000  0.85632670E+000  0.94928800E+000  0.21329869E+001
  0.64903415E+000  0.85632670E+000  0.94928807E+000  0.21329871E+001
  0.64903412E+000  0.85632670E+000  0.94928814E+000  0.21329874E+001
  0.64903408E+000  0.85632670E+000  0.94928821E+000  0.21329877E+001
  0.64903404E+000  0.85632671E+000  0.94928828E+000  0.21329881E+001
  0.64903399E+000  0.85632671E+000  0.94928835E+000  0.21329884E+001
  0.64903395E+000  0.85632672E+000  0.94928842E+000  0.21329888E+001
  0.64903390E+000  0.85632672E+000  0.94928849E+000  0.21329891E+001
  0.64903385E+000  0.85632672E+000  0.94928857E+000  0.21329895E+001
  0.64903379E+000  0.85632673E+000  0.94928864E+000  0.21329899E+001
  0.64903374E+000  0.85632673E+000  0.94928871E+000  0.21329903E+001
  0.64903369E+000  0.85632673E+000  0.94928879E+000  0.21329906E+001
  0.64903364E+000  0.85632674E+000  0.94928886E+000  0.21329910E+001
  0.64903358E+000  0.85632674E+000  0.94928894E+000  0.21329914E+001
  0.64903353E+000  0.85632674E+000  0.94928901E+000  0.21329918E+001
  0.64903347E+000  0.85632674E+000  0.94928909E+000  0.21329923E+001
  0.64903342E+000  0.85632674E+000  0.94928917E+000  0.21329927E+001
  0.64903336E+000  0.85632675E+000  0.94928925E+000  0.21329931E+001
  0.64903330E+000  0.85632675E+000  0.94928933E+000  0.21329936E+001
  0.64903325E+000  0.85632675E+000  0.94928941E+000  0.21329940E+001
  0.64903319E+000  0.85632675E+000  0.94928949E+000  0.21329945E+001
  0.64903313E+000  0.85632675E+000  0.94928958E+000  0.21329950E+001
  0.64903307E+000  0.85632675E+000  0.94928966E+000  0.21329955E+001
  0.64903301E+000  0.85632675E+000  0.94928975E+000  0.21329960E+001
  0.64903295E+000  0.85632675E+000  0.94928984E+000  0.21329965E+001
  0.64903289E+000  0.85632675E+000  0.94928993E+000  0.21329970E+001
  0.64903283E+000  0.85632675E+000  0.94929003E+000  0.21329976E+001
  0.64903277E+000  0.85632675E+000  0.94929013E+000  0.21329982E+001
  0.64903270E+000  0.85632675E+000  0.94929023E+000  0.21329988E+001
  0.64903264E+000  0.85632675E+000  0.94929033E+000  0.21329994E+001
  0.64903257E+000  0.85632675E+000  0.94929043E+000  0.21330000E+001
  0.64903251E+000  0.85632675E+000  0.94929054E+000  0.21330007E+001
  0.64903244E+000  0.85632675E+000  0.94929066E+000  0.21330014E+001
  0.64903237E+000  0.85632675E+000  0.94929077E+000  0.21330021E+001
  0.64903230E+000  0.85632675E+000  0.94929089E+000  0.21330028E+001
  0.64903224E+000  0.85632675E+000  0.94929101E+000  0.21330036E+001
  0.64903217E+000  0.85632674E+000  0.94929114E+000  0.21330044E+001
  0.64903210E+000  0.85632674E+000  0.94929127E+000  0.21330052E+001
  0.64903202E+000  0.85632674E+000  0.94929140E+000  0.21330060E+001
  0.64903195E+000  0.85632674E+000  0.94929154E+000  0.21330069E+001
  0.64903188E+000  0.85632674E+000  0.94929168E+000  0.21330078E+001
  0.64903181E+000  0.85632673E+000  0.94929183E+000  0.21330088E+001
  0.64903174E+000  0.85632673E+000  0.94929198E+000  0.21330098E+001
  0.64903167E+000  0.85632673E+000  0.94929213E+000  0.21330108E+001
  0.64903159E+000  0.85632673E+000  0.94929229E+000  0.21330118E+001
  0.64903152E+000  0.85632673E+000  0.94929246E+000  0.21330129E+001
  0.64903145E+000  0.85632672E+000  0.94929263E+000  0.21330141E+001
  0.64903138E+000  0.85632672E+000  0.94929281E+000  0.21330152E+001
  0.64903131E+000  0.85632672E+000  0.94929299E+000  0.21330164E+001
  0.64903124E+000  0.85632672E+000  0.94929318E+000  0.21330177E+001
  0.64903117E+000  0.85632672E+000  0.94929338E+000  0.21330190E+001
  0.64903111E+000  0.85632672E+000  0.94929358E+000  0.21330203E+001
  0.64903104E+000  0.85632671E+000  0.94929379E+000  0.21330217E+001
  0.64903098E+000  0.85632671E+000  0.94929400E+000  0.21330231E+001
  0.64903092E+000  0.85632671E+000  0.94929423E+000  0.21330246E+001
  0.64903086E+000  0.85632671E+000  0.94929446E+000  0.21330261E+001
  0.64903080E+000  0.85632671E+000  0.94929470E+000  0.21330277E+001
  0.64903075E+000  0.85632672E+000  0.94929494E+000  0.21330293E+001
  0.64903069E+000  0.85632672E+000  0.94929520E+000  0.21330309E+001
  0.64903064E+000  0.85632672E+000  0.94929546E+000  0.21330326E+001
  0.64903059E+000  0.85632672E+000  0.94929573E+000  0.21330344E+001
  0.64903055E+000  0.85632673E+000  0.94929601E+000  0.21330362E+001
  0.64903051E+000  0.85632673E+000  0.94929631E+000  0.21330381E+001
  0.64903047E+000  0.85632674E+000  0.94929661E+000  0.21330400E+001
  0.64903043E+000  0.85632674E+000  0.94929692E+000  0.21330419E+001
  0.64903039E+000  0.85632675E+000  0.94929724E+000  0.21330440E+001
  0.64903036E+000  0.85632676E+000  0.94929758E+000  0.21330460E+001
  0.64903033E+000  0.85632677E+000  0.94929793E+000  0.21330481E+001
  0.64903031E+000  0.85632678E+000  0.94929828E+000  0.21330503E+001
  0.64903029E+000  0.85632680E+000  0.94929865E+000  0.21330526E+001
  0.64903027E+000  0.85632681E+000  0.94929904E+000  0.21330549E+001
  0.64903025E+000  0.85632683E+000  0.94929944E+000  0.21330572E+001
  0.64903024E+000  0.85632685E+000  0.94929985E+000  0.21330596E+001
  0.64903022E+000  0.85632687E+000  0.94930027E+000  0.21330621E+001
  0.64903022E+000  0.85632690E+000  0.94930071E+000  0.21330646E+001
  0.64903021E+000  0.85632692E+000  0.94930116E+000  0.21330672E+001
  0.64903021E+000  0.85632695E+000  0.94930163E+000  0.21330698E+001
  0.64903021E+000  0.85632698E+000  0.94930212E+000  0.21330725E+001
  0.64903021E+000  0.85632701E+000  0.94930262E+000  0.21330753E+001
  0.64903021E+000  0.85632705E+000  0.94930313E+000  0.21330781E+001
  0.64903021E+000  0.85632709E+000  0.94930366E+000  0.21330810E+001
  0.64903022E+000  0.85632713E+000  0.94930421E+000  0.21330839E+001
  0.64903023E+000  0.85632717E+000  0.94930477E+000  0.21330869E+001
  0.64903024E+000  0.85632721E+000  0.94930535E+000  0.21330900E+001
  0.64903025E+000  0.85632726E+000  0.94930594E+000  0.21330931E+001
  0.64903027E+000  0.85632731E+000  0.94930655E+000  0.21330963E+001
  0.64903028E+000  0.85632736E+000  0.94930718E+000  0.21330996E+001
  0.64903030E+000  0.85632742E+000  0.94930782E+000  0.21331029E+001
  0.64903031E+000  0.85632747E+000  0.94930848E+000  0.21331063E+001
  0.64903033E+000  0.85632753E+000  0.94930915E+000  0.21331097E+001
  0.64903035E+000  0.85632759E+000  0.94930983E+000  0.21331132E+001
  0.64903036E+000  0.85632766E+000  0.94931054E+000  0.21331168E+001
  0.64903038E+000  0.85632772E+000  0.94931125E+000  0.21331204E+001
  0.64903040E+000  0.85632779E+000  0.94931198E+000  0.21331241E+001
  0.64903042E+000  0.85632785E+000  0.94931273E+000  0.21331279E+001
  0.64903044E+000  0.85632792E+000  0.94931348E+000  0.21331317E+001
  0.64903047E+000  0.85632799E+000  0.94931425E+000  0.21331355E+001
  0.64903049E+000  0.85632806E+000  0.94931503E+000  0.21331394E+001
  0.64903051E+000  0.85632814E+000  0.94931583E+000  0.21331434E+001
  0.64903053E+000  0.85632821E+000  0.94931663E+000  0.21331474E+001
  0.64903055E+000  0.85632828E+000  0.94931745E+000  0.21331515E+001
  0.64903058E+000  0.85632836E+000  0.94931827E+000  0.21331557E+001
  0.64903060E+000  0.85632843E+000  0.94931910E+000  0.21331599E+001
  0.64903063E+000  0.85632851E+000  0.94931995E+000  0.21331641E+001
  0.64903065E+000  0.85632858E+000  0.94932080E+000  0.21331684E+001
  0.64903068E+000  0.85632866E+000  0.94932166E+000  0.21331727E+001
  0.64903070E+000  0.85632873E+000  0.94932252E+000  0.21331771E+001
  0.64903073E+000  0.85632881E+000  0.94932339E+000  0.21331816E+001
  0.64903076E+000  0.85632888E+000  0.94932427E+000  0.21331861E+001
  0.64903079E+000  0.85632896E+000  0.94932515E+000  0.21331906E+001
  0.64903082E+000  0.85632903E+000  0.94932603E+000  0.21331952E+001
  0.64903085E+000  0.85632910E+000  0.94932692E+000  0.21331998E+001
  0.64903088E+000  0.85632917E+000  0.94932781E+000  0.21332045E+001
  0.64903092E+000  0.85632924E+000  0.94932871E+000  0.21332092E+001
  0.64903095E+000  0.85632931E+000  0.94932960E+000  0.21332139E+001
  0.64903099E+000  0.85632937E+000  0.94933050E+000  0.21332187E+001
  0.64903103E+000  0.85632944E+000  0.94933140E+000  0.21332235E+001
  0.64903107E+000  0.85632950E+000  0.94933229E+000  0.21332283E+001
  0.64903111E+000  0.85632957E+000  0.94933319E+000  0.21332332E+001
  0.64903115E+000  0.85632963E+000  0.94933408E+000  0.21332381E+001
  0.64903119E+000  0.85632969E+000  0.94933497E+000  0.21332431E+001
  0.64903124E+000  0.85632974E+000  0.94933586E+000  0.21332481E+001
  0.64903128E+000  0.85632980E+000  0.94933675E+000  0.21332531E+001
  0.64903133E+000  0.85632986E+000  0.94933763E+000  0.21332581E+001
  0.64903138E+000  0.85632991E+000  0.94933851E+000  0.21332632E+001
  0.64903143E+000  0.85632996E+000  0.94933938E+000  0.21332682E+001
  0.64903148E+000  0.85633001E+000  0.94934024E+000  0.21332733E+001
  0.64903153E+000  0.85633006E+000  0.94934110E+000  0.21332784E+001
  0.64903158E+000  0.85633011E+000  0.94934195E+000  0.21332836E+001
  0.64903164E+000  0.85633016E+000  0.94934280E+000  0.21332887E+001
  0.64903169E+000  0.85633020E+000  0.94934363E+000  0.21332939E+001
  0.64903175E+000  0.85633025E+000  0.94934446E+000  0.21332991E+001
  0.64903181E+000  0.85633029E+000  0.94934528E+000  0.21333043E+001
  0.64903186E+000  0.85633033E+000  0.94934608E+000  0.21333095E+001
  0.64903192E+000  0.85633037E+000  0.94934688E+000  0.21333147E+001
  0.64903198E+000  0.85633041E+000  0.94934767E+000  0.21333199E+001
  0.64903204E+000  0.85633045E+000  0.94934844E+000  0.21333251E+001
  0.64903209E+000  0.85633049E+000  0.94934920E+000  0.21333303E+001
  0.64903215E+000  0.85633053E+000  0.94934996E+000  0.21333355E+001
  0.64903221E+000  0.85633056E+000  0.94935069E+000  0.21333407E+001
  0.64903227E+000  0.85633060E+000  0.94935142E+000  0.21333459E+001
  0.64903233E+000  0.85633063E+000  0.94935213E+000  0.21333511E+001
  0.64903239E+000  0.85633067E+000  0.94935283E+000  0.21333563E+001
  0.64903244E+000  0.85633070E+000  0.94935351E+000  0.21333615E+001
  0.64903250E+000  0.85633073E+000  0.94935418E+000  0.21333667E+001
  0.64903256E+000  0.85633077E+000  0.94935484E+000  0.21333719E+001
  0.64903261E+000  0.85633080E+000  0.94935548E+000  0.21333770E+001
  0.64903267E+000  0.85633083E+000  0.94935610E+000  0.21333822E+001
  0.64903272E+000  0.85633086E+000  0.94935671E+000  0.21333873E+001
  0.64903278E+000  0.85633089E+000  0.94935730E+000  0.21333924E+001
  0.64903283E+000  0.85633092E+000  0.94935788E+000  0.21333975E+001
  0.64903288E+000  0.85633095E+000  0.94935845E+000  0.21334026E+001
  0.64903294E+000  0.85633098E+000  0.94935899E+000  0.21334076E+001
  0.64903299E+000  0.85633100E+000  0.94935952E+000  0.21334126E+001
  0.64903304E+000  0.85633103E+000  0.94936004E+000  0.21334176E+001
  0.64903309E+000  0.85633106E+000  0.94936054E+000  0.21334225E+001
  0.64903314E+000  0.85633108E+000  0.94936102E+000  0.21334275E+001
  0.64903319E+000  0.85633111E+000  0.94936149E+000  0.21334324E+001
  0.64903324E+000  0.85633114E+000  0.94936194E+000  0.21334372E+001
  0.64903329E+000  0.85633116E+000  0.94936238E+000  0.21334420E+001
  0.64903333E+000  0.85633119E+000  0.94936280E+000  0.21334468E+001
  0.64903338E+000  0.85633121E+000  0.94936320E+000  0.21334516E+001
  0.64903343E+000  0.85633123E+000  0.94936359E+000  0.21334563E+001
  0.64903348E+000  0.85633126E+000  0.94936396E+000  0.21334610E+001
  0.64903353E+000  0.85633128E+000  0.94936432E+000  0.21334656E+001
  0.64903358E+000  0.85633130E+000  0.94936466E+000  0.21334702E+001
  0.64903363E+000  0.85633132E+000  0.94936498E+000  0.21334748E+001
  0.64903369E+000  0.85633135E+000  0.94936529E+000  0.21334793E+001
  0.64903374E+000  0.85633137E+000  0.94936558E+000  0.21334837E+001
  0.64903380E+000  0.85633139E+000  0.94936586E+000  0.21334882E+001
  0.64903385E+000  0.85633141E+000  0.94936612E+000  0.21334925E+001
  0.64903391E+000  0.85633143E+000  0.94936636E+000  0.21334969E+001
  0.64903398E+000  0.85633145E+000  0.94936659E+000  0.21335012E+001
  0.64903405E+000  0.85633147E+000  0.94936681E+000  0.21335054E+001
  0.64903412E+000  0.85633149E+000  0.94936700E+000  0.21335096E+001
  0.64903419E+000  0.85633151E+000  0.94936718E+000  0.21335138E+001
  0.64903427E+000  0.85633154E+000  0.94936734E+000  0.21335179E+001
  0.64903436E+000  0.85633156E+000  0.94936748E+000  0.21335219E+001
  0.64903445E+000  0.85633158E+000  0.94936761E+000  0.21335260E+001
  0.64903455E+000  0.85633160E+000  0.94936771E+000  0.21335299E+001
  0.64903466E+000  0.85633162E+000  0.94936780E+000  0.21335339E+001
  0.64903478E+000  0.85633165E+000  0.94936787E+000  0.21335378E+001
  0.64903491E+000  0.85633167E+000  0.94936791E+000  0.21335417E+001
  0.64903505E+000  0.85633170E+000  0.94936794E+000  0.21335455E+001
  0.64903520E+000  0.85633173E+000  0.94936794E+000  0.21335493E+001
  0.64903537E+000  0.85633177E+000  0.94936793E+000  0.21335531E+001
  0.64903556E+000  0.85633181E+000  0.94936789E+000  0.21335569E+001
  0.64903578E+000  0.85633186E+000  0.94936785E+000  0.21335607E+001
  0.64903602E+000  0.85633194E+000  0.94936779E+000  0.21335645E+001
  0.64903633E+000  0.85633205E+000  0.94936774E+000  0.21335683E+001
  0.64903668E+000  0.85633220E+000  0.94936769E+000  0.21335723E+001
  0.64903719E+000  0.85633250E+000  0.94936776E+000  0.21335764E+001
  0.64903778E+000  0.85633284E+000  0.94936779E+000  0.21335809E+001
  0.64903896E+000  0.85633396E+000  0.94936857E+000  0.21335860E+001
  0.64904007E+000  0.85633452E+000  0.94936864E+000  0.21335911E+001
  0.64904519E+000  0.85634161E+000  0.94937941E+000  0.21336030E+001
