 -0.28817731E+000
 -0.28817849E+000
 -0.28817918E+000
 -0.28817966E+000
 -0.28818004E+000
 -0.28818037E+000
 -0.28818066E+000
 -0.28818093E+000
 -0.28818119E+000
 -0.28818144E+000
 -0.28818169E+000
 -0.28818193E+000
 -0.28818216E+000
 -0.28818240E+000
 -0.28818263E+000
 -0.28818287E+000
 -0.28818310E+000
 -0.28818334E+000
 -0.28818358E+000
 -0.28818381E+000
 -0.28818406E+000
 -0.28818430E+000
 -0.28818455E+000
 -0.28818480E+000
 -0.28818506E+000
 -0.28818532E+000
 -0.28818558E+000
 -0.28818586E+000
 -0.28818613E+000
 -0.28818642E+000
 -0.28818671E+000
 -0.28818701E+000
 -0.28818732E+000
 -0.28818764E+000
 -0.28818797E+000
 -0.28818830E+000
 -0.28818865E+000
 -0.28818900E+000
 -0.28818937E+000
 -0.28818975E+000
 -0.28819014E+000
 -0.28819055E+000
 -0.28819097E+000
 -0.28819140E+000
 -0.28819184E+000
 -0.28819230E+000
 -0.28819277E+000
 -0.28819326E+000
 -0.28819377E+000
 -0.28819429E+000
 -0.28819482E+000
 -0.28819538E+000
 -0.28819595E+000
 -0.28819654E+000
 -0.28819715E+000
 -0.28819777E+000
 -0.28819842E+000
 -0.28819909E+000
 -0.28819977E+000
 -0.28820048E+000
 -0.28820121E+000
 -0.28820196E+000
 -0.28820273E+000
 -0.28820353E+000
 -0.28820435E+000
 -0.28820519E+000
 -0.28820606E+000
 -0.28820695E+000
 -0.28820787E+000
 -0.28820881E+000
 -0.28820978E+000
 -0.28821078E+000
 -0.28821181E+000
 -0.28821286E+000
 -0.28821394E+000
 -0.28821505E+000
 -0.28821619E+000
 -0.28821736E+000
 -0.28821856E+000
 -0.28821979E+000
 -0.28822105E+000
 -0.28822234E+000
 -0.28822365E+000
 -0.28822500E+000
 -0.28822638E+000
 -0.28822779E+000
 -0.28822923E+000
 -0.28823070E+000
 -0.28823219E+000
 -0.28823372E+000
 -0.28823528E+000
 -0.28823686E+000
 -0.28823848E+000
 -0.28824012E+000
 -0.28824179E+000
 -0.28824349E+000
 -0.28824521E+000
 -0.28824697E+000
 -0.28824874E+000
 -0.28825055E+000
 -0.28825238E+000
 -0.28825423E+000
 -0.28825611E+000
 -0.28825801E+000
 -0.28825994E+000
 -0.28826188E+000
 -0.28826385E+000
 -0.28826584E+000
 -0.28826785E+000
 -0.28826989E+000
 -0.28827194E+000
 -0.28827401E+000
 -0.28827609E+000
 -0.28827820E+000
 -0.28828032E+000
 -0.28828246E+000
 -0.28828461E+000
 -0.28828678E+000
 -0.28828896E+000
 -0.28829115E+000
 -0.28829335E+000
 -0.28829557E+000
 -0.28829779E+000
 -0.28830003E+000
 -0.28830227E+000
 -0.28830452E+000
 -0.28830678E+000
 -0.28830905E+000
 -0.28831132E+000
 -0.28831359E+000
 -0.28831587E+000
 -0.28831815E+000
 -0.28832043E+000
 -0.28832271E+000
 -0.28832499E+000
 -0.28832727E+000
 -0.28832955E+000
 -0.28833183E+000
 -0.28833410E+000
 -0.28833637E+000
 -0.28833863E+000
 -0.28834088E+000
 -0.28834313E+000
 -0.28834537E+000
 -0.28834760E+000
 -0.28834982E+000
 -0.28835203E+000
 -0.28835423E+000
 -0.28835642E+000
 -0.28835860E+000
 -0.28836076E+000
 -0.28836290E+000
 -0.28836503E+000
 -0.28836715E+000
 -0.28836925E+000
 -0.28837133E+000
 -0.28837339E+000
 -0.28837544E+000
 -0.28837747E+000
 -0.28837947E+000
 -0.28838146E+000
 -0.28838343E+000
 -0.28838538E+000
 -0.28838730E+000
 -0.28838921E+000
 -0.28839109E+000
 -0.28839295E+000
 -0.28839479E+000
 -0.28839661E+000
 -0.28839840E+000
 -0.28840017E+000
 -0.28840192E+000
 -0.28840365E+000
 -0.28840535E+000
 -0.28840703E+000
 -0.28840869E+000
 -0.28841032E+000
 -0.28841193E+000
 -0.28841352E+000
 -0.28841509E+000
 -0.28841663E+000
 -0.28841816E+000
 -0.28841966E+000
 -0.28842114E+000
 -0.28842259E+000
 -0.28842403E+000
 -0.28842544E+000
 -0.28842683E+000
 -0.28842820E+000
 -0.28842954E+000
 -0.28843085E+000
 -0.28843213E+000
 -0.28843338E+000
 -0.28843461E+000
 -0.28843577E+000
 -0.28843693E+000
 -0.28843794E+000
 -0.28843904E+000
 -0.28843957E+000
 -0.28843779E+000
