  0.10490792E+001
  0.10490794E+001
  0.10490795E+001
  0.10490795E+001
  0.10490795E+001
  0.10490795E+001
  0.10490795E+001
  0.10490795E+001
  0.10490795E+001
  0.10490795E+001
  0.10490795E+001
  0.10490795E+001
  0.10490795E+001
  0.10490795E+001
  0.10490795E+001
  0.10490795E+001
  0.10490795E+001
  0.10490795E+001
  0.10490795E+001
  0.10490795E+001
  0.10490795E+001
  0.10490795E+001
  0.10490794E+001
  0.10490794E+001
  0.10490794E+001
  0.10490794E+001
  0.10490794E+001
  0.10490794E+001
  0.10490794E+001
  0.10490794E+001
  0.10490793E+001
  0.10490793E+001
  0.10490793E+001
  0.10490793E+001
  0.10490793E+001
  0.10490792E+001
  0.10490792E+001
  0.10490792E+001
  0.10490792E+001
  0.10490791E+001
  0.10490791E+001
  0.10490791E+001
  0.10490790E+001
  0.10490790E+001
  0.10490790E+001
  0.10490789E+001
  0.10490789E+001
  0.10490788E+001
  0.10490788E+001
  0.10490787E+001
  0.10490787E+001
  0.10490786E+001
  0.10490785E+001
  0.10490785E+001
  0.10490784E+001
  0.10490783E+001
  0.10490783E+001
  0.10490782E+001
  0.10490781E+001
  0.10490780E+001
  0.10490779E+001
  0.10490778E+001
  0.10490777E+001
  0.10490776E+001
  0.10490775E+001
  0.10490774E+001
  0.10490773E+001
  0.10490772E+001
  0.10490770E+001
  0.10490769E+001
  0.10490768E+001
  0.10490766E+001
  0.10490765E+001
  0.10490763E+001
  0.10490761E+001
  0.10490760E+001
  0.10490758E+001
  0.10490756E+001
  0.10490754E+001
  0.10490752E+001
  0.10490750E+001
  0.10490748E+001
  0.10490746E+001
  0.10490744E+001
  0.10490742E+001
  0.10490740E+001
  0.10490737E+001
  0.10490735E+001
  0.10490732E+001
  0.10490730E+001
  0.10490727E+001
  0.10490725E+001
  0.10490722E+001
  0.10490719E+001
  0.10490716E+001
  0.10490713E+001
  0.10490710E+001
  0.10490707E+001
  0.10490704E+001
  0.10490701E+001
  0.10490698E+001
  0.10490695E+001
  0.10490692E+001
  0.10490689E+001
  0.10490685E+001
  0.10490682E+001
  0.10490679E+001
  0.10490675E+001
  0.10490672E+001
  0.10490669E+001
  0.10490665E+001
  0.10490662E+001
  0.10490658E+001
  0.10490655E+001
  0.10490651E+001
  0.10490648E+001
  0.10490644E+001
  0.10490641E+001
  0.10490637E+001
  0.10490634E+001
  0.10490630E+001
  0.10490627E+001
  0.10490623E+001
  0.10490620E+001
  0.10490616E+001
  0.10490613E+001
  0.10490609E+001
  0.10490606E+001
  0.10490603E+001
  0.10490599E+001
  0.10490596E+001
  0.10490592E+001
  0.10490589E+001
  0.10490586E+001
  0.10490582E+001
  0.10490579E+001
  0.10490576E+001
  0.10490572E+001
  0.10490569E+001
  0.10490566E+001
  0.10490563E+001
  0.10490560E+001
  0.10490557E+001
  0.10490554E+001
  0.10490551E+001
  0.10490548E+001
  0.10490545E+001
  0.10490542E+001
  0.10490539E+001
  0.10490537E+001
  0.10490534E+001
  0.10490531E+001
  0.10490528E+001
  0.10490526E+001
  0.10490523E+001
  0.10490521E+001
  0.10490518E+001
  0.10490516E+001
  0.10490514E+001
  0.10490511E+001
  0.10490509E+001
  0.10490507E+001
  0.10490505E+001
  0.10490503E+001
  0.10490500E+001
  0.10490498E+001
  0.10490496E+001
  0.10490494E+001
  0.10490493E+001
  0.10490491E+001
  0.10490489E+001
  0.10490487E+001
  0.10490485E+001
  0.10490483E+001
  0.10490482E+001
  0.10490480E+001
  0.10490478E+001
  0.10490476E+001
  0.10490475E+001
  0.10490473E+001
  0.10490471E+001
  0.10490469E+001
  0.10490467E+001
  0.10490466E+001
  0.10490464E+001
  0.10490462E+001
  0.10490460E+001
  0.10490458E+001
  0.10490455E+001
  0.10490453E+001
  0.10490450E+001
  0.10490447E+001
  0.10490444E+001
  0.10490440E+001
  0.10490435E+001
  0.10490429E+001
  0.10490421E+001
  0.10490406E+001
  0.10490396E+001
  0.10490312E+001
