  0.54074902E+000
  0.54074908E+000
  0.54074910E+000
  0.54074910E+000
  0.54074910E+000
  0.54074909E+000
  0.54074908E+000
  0.54074908E+000
  0.54074907E+000
  0.54074906E+000
  0.54074906E+000
  0.54074905E+000
  0.54074904E+000
  0.54074904E+000
  0.54074903E+000
  0.54074902E+000
  0.54074901E+000
  0.54074901E+000
  0.54074900E+000
  0.54074899E+000
  0.54074898E+000
  0.54074897E+000
  0.54074896E+000
  0.54074895E+000
  0.54074894E+000
  0.54074893E+000
  0.54074892E+000
  0.54074891E+000
  0.54074890E+000
  0.54074889E+000
  0.54074888E+000
  0.54074886E+000
  0.54074885E+000
  0.54074884E+000
  0.54074882E+000
  0.54074881E+000
  0.54074879E+000
  0.54074878E+000
  0.54074876E+000
  0.54074874E+000
  0.54074872E+000
  0.54074870E+000
  0.54074868E+000
  0.54074866E+000
  0.54074863E+000
  0.54074861E+000
  0.54074858E+000
  0.54074855E+000
  0.54074853E+000
  0.54074850E+000
  0.54074846E+000
  0.54074843E+000
  0.54074840E+000
  0.54074836E+000
  0.54074832E+000
  0.54074828E+000
  0.54074824E+000
  0.54074819E+000
  0.54074815E+000
  0.54074810E+000
  0.54074805E+000
  0.54074799E+000
  0.54074794E+000
  0.54074788E+000
  0.54074782E+000
  0.54074775E+000
  0.54074769E+000
  0.54074762E+000
  0.54074755E+000
  0.54074747E+000
  0.54074739E+000
  0.54074731E+000
  0.54074723E+000
  0.54074714E+000
  0.54074705E+000
  0.54074695E+000
  0.54074685E+000
  0.54074675E+000
  0.54074665E+000
  0.54074654E+000
  0.54074643E+000
  0.54074631E+000
  0.54074619E+000
  0.54074607E+000
  0.54074594E+000
  0.54074581E+000
  0.54074567E+000
  0.54074553E+000
  0.54074539E+000
  0.54074525E+000
  0.54074510E+000
  0.54074494E+000
  0.54074479E+000
  0.54074463E+000
  0.54074446E+000
  0.54074430E+000
  0.54074413E+000
  0.54074396E+000
  0.54074378E+000
  0.54074360E+000
  0.54074342E+000
  0.54074324E+000
  0.54074306E+000
  0.54074287E+000
  0.54074268E+000
  0.54074249E+000
  0.54074230E+000
  0.54074210E+000
  0.54074191E+000
  0.54074171E+000
  0.54074151E+000
  0.54074131E+000
  0.54074111E+000
  0.54074090E+000
  0.54074070E+000
  0.54074050E+000
  0.54074029E+000
  0.54074009E+000
  0.54073988E+000
  0.54073968E+000
  0.54073947E+000
  0.54073926E+000
  0.54073906E+000
  0.54073885E+000
  0.54073865E+000
  0.54073844E+000
  0.54073824E+000
  0.54073804E+000
  0.54073784E+000
  0.54073764E+000
  0.54073744E+000
  0.54073724E+000
  0.54073704E+000
  0.54073684E+000
  0.54073665E+000
  0.54073646E+000
  0.54073627E+000
  0.54073608E+000
  0.54073589E+000
  0.54073571E+000
  0.54073552E+000
  0.54073534E+000
  0.54073517E+000
  0.54073499E+000
  0.54073482E+000
  0.54073465E+000
  0.54073448E+000
  0.54073431E+000
  0.54073415E+000
  0.54073399E+000
  0.54073383E+000
  0.54073368E+000
  0.54073353E+000
  0.54073338E+000
  0.54073323E+000
  0.54073309E+000
  0.54073295E+000
  0.54073282E+000
  0.54073268E+000
  0.54073255E+000
  0.54073243E+000
  0.54073230E+000
  0.54073218E+000
  0.54073206E+000
  0.54073194E+000
  0.54073183E+000
  0.54073172E+000
  0.54073161E+000
  0.54073151E+000
  0.54073141E+000
  0.54073131E+000
  0.54073121E+000
  0.54073112E+000
  0.54073102E+000
  0.54073093E+000
  0.54073084E+000
  0.54073076E+000
  0.54073067E+000
  0.54073059E+000
  0.54073051E+000
  0.54073043E+000
  0.54073035E+000
  0.54073027E+000
  0.54073019E+000
  0.54073012E+000
  0.54073004E+000
  0.54072996E+000
  0.54072988E+000
  0.54072980E+000
  0.54072972E+000
  0.54072963E+000
  0.54072953E+000
  0.54072941E+000
  0.54072927E+000
  0.54072911E+000
  0.54072885E+000
  0.54072856E+000
  0.54072785E+000
  0.54072741E+000
  0.54072266E+000
