  0.61464662E+000  0.10029335E+001  0.11806295E+001  0.35377221E+001
  0.61464667E+000  0.10029336E+001  0.11806299E+001  0.35377232E+001
  0.61464670E+000  0.10029336E+001  0.11806301E+001  0.35377241E+001
  0.61464673E+000  0.10029337E+001  0.11806302E+001  0.35377250E+001
  0.61464676E+000  0.10029337E+001  0.11806303E+001  0.35377258E+001
  0.61464679E+000  0.10029337E+001  0.11806304E+001  0.35377266E+001
  0.61464682E+000  0.10029337E+001  0.11806305E+001  0.35377274E+001
  0.61464685E+000  0.10029337E+001  0.11806305E+001  0.35377282E+001
  0.61464688E+000  0.10029338E+001  0.11806306E+001  0.35377290E+001
  0.61464692E+000  0.10029338E+001  0.11806307E+001  0.35377297E+001
  0.61464695E+000  0.10029338E+001  0.11806308E+001  0.35377305E+001
  0.61464699E+000  0.10029338E+001  0.11806309E+001  0.35377313E+001
  0.61464702E+000  0.10029338E+001  0.11806310E+001  0.35377321E+001
  0.61464706E+000  0.10029339E+001  0.11806311E+001  0.35377329E+001
  0.61464709E+000  0.10029339E+001  0.11806312E+001  0.35377337E+001
  0.61464713E+000  0.10029339E+001  0.11806312E+001  0.35377345E+001
  0.61464717E+000  0.10029339E+001  0.11806313E+001  0.35377353E+001
  0.61464720E+000  0.10029339E+001  0.11806314E+001  0.35377361E+001
  0.61464724E+000  0.10029340E+001  0.11806315E+001  0.35377369E+001
  0.61464728E+000  0.10029340E+001  0.11806316E+001  0.35377377E+001
  0.61464732E+000  0.10029340E+001  0.11806317E+001  0.35377386E+001
  0.61464736E+000  0.10029340E+001  0.11806318E+001  0.35377394E+001
  0.61464740E+000  0.10029341E+001  0.11806319E+001  0.35377403E+001
  0.61464744E+000  0.10029341E+001  0.11806320E+001  0.35377412E+001
  0.61464749E+000  0.10029341E+001  0.11806321E+001  0.35377421E+001
  0.61464753E+000  0.10029341E+001  0.11806322E+001  0.35377430E+001
  0.61464757E+000  0.10029342E+001  0.11806323E+001  0.35377439E+001
  0.61464762E+000  0.10029342E+001  0.11806325E+001  0.35377449E+001
  0.61464767E+000  0.10029342E+001  0.11806326E+001  0.35377459E+001
  0.61464772E+000  0.10029343E+001  0.11806327E+001  0.35377469E+001
  0.61464777E+000  0.10029343E+001  0.11806328E+001  0.35377480E+001
  0.61464782E+000  0.10029343E+001  0.11806329E+001  0.35377490E+001
  0.61464787E+000  0.10029344E+001  0.11806331E+001  0.35377501E+001
  0.61464793E+000  0.10029344E+001  0.11806332E+001  0.35377513E+001
  0.61464798E+000  0.10029344E+001  0.11806334E+001  0.35377525E+001
  0.61464804E+000  0.10029345E+001  0.11806335E+001  0.35377537E+001
  0.61464810E+000  0.10029345E+001  0.11806337E+001  0.35377549E+001
  0.61464816E+000  0.10029346E+001  0.11806338E+001  0.35377562E+001
  0.61464823E+000  0.10029346E+001  0.11806340E+001  0.35377576E+001
  0.61464830E+000  0.10029347E+001  0.11806342E+001  0.35377589E+001
  0.61464836E+000  0.10029347E+001  0.11806343E+001  0.35377604E+001
  0.61464844E+000  0.10029348E+001  0.11806345E+001  0.35377619E+001
  0.61464851E+000  0.10029348E+001  0.11806347E+001  0.35377634E+001
  0.61464858E+000  0.10029349E+001  0.11806349E+001  0.35377650E+001
  0.61464866E+000  0.10029349E+001  0.11806351E+001  0.35377666E+001
  0.61464874E+000  0.10029350E+001  0.11806353E+001  0.35377683E+001
  0.61464883E+000  0.10029350E+001  0.11806356E+001  0.35377701E+001
  0.61464891E+000  0.10029351E+001  0.11806358E+001  0.35377719E+001
  0.61464900E+000  0.10029352E+001  0.11806360E+001  0.35377738E+001
  0.61464910E+000  0.10029352E+001  0.11806363E+001  0.35377757E+001
  0.61464919E+000  0.10029353E+001  0.11806365E+001  0.35377777E+001
  0.61464929E+000  0.10029354E+001  0.11806368E+001  0.35377798E+001
  0.61464939E+000  0.10029355E+001  0.11806371E+001  0.35377820E+001
  0.61464949E+000  0.10029355E+001  0.11806374E+001  0.35377842E+001
  0.61464960E+000  0.10029356E+001  0.11806377E+001  0.35377865E+001
  0.61464971E+000  0.10029357E+001  0.11806380E+001  0.35377889E+001
  0.61464983E+000  0.10029358E+001  0.11806383E+001  0.35377913E+001
  0.61464994E+000  0.10029359E+001  0.11806386E+001  0.35377938E+001
  0.61465006E+000  0.10029359E+001  0.11806390E+001  0.35377965E+001
  0.61465019E+000  0.10029360E+001  0.11806393E+001  0.35377992E+001
  0.61465032E+000  0.10029361E+001  0.11806397E+001  0.35378019E+001
  0.61465045E+000  0.10029362E+001  0.11806401E+001  0.35378048E+001
  0.61465058E+000  0.10029363E+001  0.11806405E+001  0.35378078E+001
  0.61465072E+000  0.10029364E+001  0.11806409E+001  0.35378108E+001
  0.61465087E+000  0.10029365E+001  0.11806413E+001  0.35378140E+001
  0.61465101E+000  0.10029366E+001  0.11806418E+001  0.35378172E+001
  0.61465116E+000  0.10029367E+001  0.11806422E+001  0.35378205E+001
  0.61465132E+000  0.10029368E+001  0.11806427E+001  0.35378240E+001
  0.61465147E+000  0.10029369E+001  0.11806432E+001  0.35378275E+001
  0.61465163E+000  0.10029370E+001  0.11806437E+001  0.35378311E+001
  0.61465180E+000  0.10029371E+001  0.11806442E+001  0.35378348E+001
  0.61465197E+000  0.10029373E+001  0.11806447E+001  0.35378386E+001
  0.61465214E+000  0.10029374E+001  0.11806453E+001  0.35378425E+001
  0.61465232E+000  0.10029375E+001  0.11806459E+001  0.35378466E+001
  0.61465250E+000  0.10029376E+001  0.11806464E+001  0.35378507E+001
  0.61465268E+000  0.10029377E+001  0.11806470E+001  0.35378549E+001
  0.61465287E+000  0.10029379E+001  0.11806477E+001  0.35378592E+001
  0.61465306E+000  0.10029380E+001  0.11806483E+001  0.35378636E+001
  0.61465326E+000  0.10029381E+001  0.11806489E+001  0.35378681E+001
  0.61465346E+000  0.10029383E+001  0.11806496E+001  0.35378728E+001
  0.61465366E+000  0.10029384E+001  0.11806503E+001  0.35378775E+001
  0.61465386E+000  0.10029385E+001  0.11806510E+001  0.35378823E+001
  0.61465407E+000  0.10029387E+001  0.11806517E+001  0.35378872E+001
  0.61465429E+000  0.10029388E+001  0.11806525E+001  0.35378922E+001
  0.61465450E+000  0.10029390E+001  0.11806532E+001  0.35378974E+001
  0.61465473E+000  0.10029391E+001  0.11806540E+001  0.35379026E+001
  0.61465495E+000  0.10029393E+001  0.11806548E+001  0.35379079E+001
  0.61465518E+000  0.10029394E+001  0.11806556E+001  0.35379133E+001
  0.61465541E+000  0.10029396E+001  0.11806564E+001  0.35379188E+001
  0.61465564E+000  0.10029397E+001  0.11806572E+001  0.35379244E+001
  0.61465588E+000  0.10029399E+001  0.11806581E+001  0.35379301E+001
  0.61465612E+000  0.10029401E+001  0.11806590E+001  0.35379359E+001
  0.61465637E+000  0.10029402E+001  0.11806599E+001  0.35379418E+001
  0.61465661E+000  0.10029404E+001  0.11806608E+001  0.35379478E+001
  0.61465686E+000  0.10029406E+001  0.11806617E+001  0.35379539E+001
  0.61465712E+000  0.10029408E+001  0.11806626E+001  0.35379601E+001
  0.61465737E+000  0.10029410E+001  0.11806636E+001  0.35379663E+001
  0.61465763E+000  0.10029411E+001  0.11806645E+001  0.35379727E+001
  0.61465789E+000  0.10029413E+001  0.11806655E+001  0.35379791E+001
  0.61465816E+000  0.10029415E+001  0.11806665E+001  0.35379857E+001
  0.61465843E+000  0.10029417E+001  0.11806675E+001  0.35379923E+001
  0.61465870E+000  0.10029419E+001  0.11806685E+001  0.35379990E+001
  0.61465897E+000  0.10029421E+001  0.11806695E+001  0.35380058E+001
  0.61465924E+000  0.10029423E+001  0.11806705E+001  0.35380127E+001
  0.61465951E+000  0.10029425E+001  0.11806715E+001  0.35380196E+001
  0.61465979E+000  0.10029427E+001  0.11806726E+001  0.35380267E+001
  0.61466007E+000  0.10029429E+001  0.11806736E+001  0.35380338E+001
  0.61466035E+000  0.10029431E+001  0.11806747E+001  0.35380410E+001
  0.61466063E+000  0.10029433E+001  0.11806758E+001  0.35380483E+001
  0.61466091E+000  0.10029435E+001  0.11806768E+001  0.35380556E+001
  0.61466119E+000  0.10029437E+001  0.11806779E+001  0.35380630E+001
  0.61466148E+000  0.10029439E+001  0.11806790E+001  0.35380705E+001
  0.61466176E+000  0.10029441E+001  0.11806800E+001  0.35380781E+001
  0.61466205E+000  0.10029443E+001  0.11806811E+001  0.35380857E+001
  0.61466233E+000  0.10029445E+001  0.11806822E+001  0.35380934E+001
  0.61466261E+000  0.10029447E+001  0.11806833E+001  0.35381012E+001
  0.61466290E+000  0.10029449E+001  0.11806844E+001  0.35381090E+001
  0.61466318E+000  0.10029451E+001  0.11806855E+001  0.35381169E+001
  0.61466346E+000  0.10029453E+001  0.11806865E+001  0.35381248E+001
  0.61466375E+000  0.10029455E+001  0.11806876E+001  0.35381328E+001
  0.61466403E+000  0.10029457E+001  0.11806887E+001  0.35381408E+001
  0.61466431E+000  0.10029459E+001  0.11806898E+001  0.35381489E+001
  0.61466459E+000  0.10029461E+001  0.11806908E+001  0.35381570E+001
  0.61466486E+000  0.10029463E+001  0.11806919E+001  0.35381652E+001
  0.61466514E+000  0.10029465E+001  0.11806929E+001  0.35381734E+001
  0.61466541E+000  0.10029467E+001  0.11806940E+001  0.35381817E+001
  0.61466568E+000  0.10029469E+001  0.11806950E+001  0.35381900E+001
  0.61466595E+000  0.10029470E+001  0.11806961E+001  0.35381983E+001
  0.61466622E+000  0.10029472E+001  0.11806971E+001  0.35382066E+001
  0.61466648E+000  0.10029474E+001  0.11806981E+001  0.35382150E+001
  0.61466674E+000  0.10029476E+001  0.11806991E+001  0.35382234E+001
  0.61466700E+000  0.10029477E+001  0.11807001E+001  0.35382318E+001
  0.61466726E+000  0.10029479E+001  0.11807010E+001  0.35382403E+001
  0.61466751E+000  0.10029481E+001  0.11807020E+001  0.35382487E+001
  0.61466776E+000  0.10029482E+001  0.11807029E+001  0.35382572E+001
  0.61466800E+000  0.10029484E+001  0.11807039E+001  0.35382657E+001
  0.61466824E+000  0.10029486E+001  0.11807048E+001  0.35382742E+001
  0.61466848E+000  0.10029487E+001  0.11807057E+001  0.35382827E+001
  0.61466872E+000  0.10029488E+001  0.11807066E+001  0.35382911E+001
  0.61466894E+000  0.10029490E+001  0.11807075E+001  0.35382996E+001
  0.61466917E+000  0.10029491E+001  0.11807083E+001  0.35383081E+001
  0.61466939E+000  0.10029493E+001  0.11807091E+001  0.35383166E+001
  0.61466961E+000  0.10029494E+001  0.11807100E+001  0.35383250E+001
  0.61466982E+000  0.10029495E+001  0.11807108E+001  0.35383335E+001
  0.61467002E+000  0.10029496E+001  0.11807116E+001  0.35383419E+001
  0.61467023E+000  0.10029498E+001  0.11807123E+001  0.35383503E+001
  0.61467042E+000  0.10029499E+001  0.11807131E+001  0.35383587E+001
  0.61467061E+000  0.10029500E+001  0.11807138E+001  0.35383670E+001
  0.61467080E+000  0.10029501E+001  0.11807145E+001  0.35383753E+001
  0.61467098E+000  0.10029502E+001  0.11807152E+001  0.35383836E+001
  0.61467116E+000  0.10029503E+001  0.11807159E+001  0.35383918E+001
  0.61467133E+000  0.10029504E+001  0.11807165E+001  0.35384000E+001
  0.61467150E+000  0.10029505E+001  0.11807171E+001  0.35384082E+001
  0.61467166E+000  0.10029506E+001  0.11807177E+001  0.35384163E+001
  0.61467181E+000  0.10029507E+001  0.11807183E+001  0.35384243E+001
  0.61467196E+000  0.10029508E+001  0.11807189E+001  0.35384323E+001
  0.61467210E+000  0.10029508E+001  0.11807194E+001  0.35384402E+001
  0.61467224E+000  0.10029509E+001  0.11807200E+001  0.35384481E+001
  0.61467237E+000  0.10029510E+001  0.11807205E+001  0.35384559E+001
  0.61467250E+000  0.10029510E+001  0.11807209E+001  0.35384637E+001
  0.61467262E+000  0.10029511E+001  0.11807214E+001  0.35384713E+001
  0.61467273E+000  0.10029512E+001  0.11807218E+001  0.35384789E+001
  0.61467284E+000  0.10029512E+001  0.11807223E+001  0.35384865E+001
  0.61467294E+000  0.10029513E+001  0.11807227E+001  0.35384939E+001
  0.61467304E+000  0.10029513E+001  0.11807230E+001  0.35385012E+001
  0.61467313E+000  0.10029513E+001  0.11807234E+001  0.35385085E+001
  0.61467321E+000  0.10029514E+001  0.11807237E+001  0.35385157E+001
  0.61467329E+000  0.10029514E+001  0.11807240E+001  0.35385227E+001
  0.61467336E+000  0.10029514E+001  0.11807243E+001  0.35385297E+001
  0.61467342E+000  0.10029514E+001  0.11807245E+001  0.35385365E+001
  0.61467347E+000  0.10029515E+001  0.11807248E+001  0.35385433E+001
  0.61467352E+000  0.10029515E+001  0.11807250E+001  0.35385499E+001
  0.61467355E+000  0.10029515E+001  0.11807251E+001  0.35385564E+001
  0.61467358E+000  0.10029515E+001  0.11807253E+001  0.35385627E+001
  0.61467360E+000  0.10029515E+001  0.11807254E+001  0.35385689E+001
  0.61467361E+000  0.10029514E+001  0.11807255E+001  0.35385750E+001
  0.61467361E+000  0.10029514E+001  0.11807255E+001  0.35385809E+001
  0.61467360E+000  0.10029514E+001  0.11807255E+001  0.35385866E+001
  0.61467358E+000  0.10029513E+001  0.11807254E+001  0.35385922E+001
  0.61467354E+000  0.10029513E+001  0.11807253E+001  0.35385976E+001
  0.61467349E+000  0.10029512E+001  0.11807252E+001  0.35386027E+001
  0.61467342E+000  0.10029512E+001  0.11807250E+001  0.35386076E+001
  0.61467334E+000  0.10029511E+001  0.11807248E+001  0.35386123E+001
  0.61467324E+000  0.10029510E+001  0.11807244E+001  0.35386168E+001
  0.61467312E+000  0.10029509E+001  0.11807241E+001  0.35386209E+001
  0.61467298E+000  0.10029507E+001  0.11807236E+001  0.35386247E+001
  0.61467281E+000  0.10029506E+001  0.11807230E+001  0.35386282E+001
  0.61467262E+000  0.10029504E+001  0.11807224E+001  0.35386314E+001
  0.61467240E+000  0.10029503E+001  0.11807216E+001  0.35386341E+001
  0.61467213E+000  0.10029501E+001  0.11807208E+001  0.35386363E+001
  0.61467183E+000  0.10029498E+001  0.11807198E+001  0.35386381E+001
  0.61467147E+000  0.10029496E+001  0.11807186E+001  0.35386393E+001
  0.61467105E+000  0.10029493E+001  0.11807173E+001  0.35386399E+001
  0.61467054E+000  0.10029489E+001  0.11807157E+001  0.35386397E+001
  0.61466991E+000  0.10029485E+001  0.11807140E+001  0.35386387E+001
  0.61466910E+000  0.10029480E+001  0.11807119E+001  0.35386366E+001
  0.61466810E+000  0.10029474E+001  0.11807095E+001  0.35386334E+001
  0.61466648E+000  0.10029461E+001  0.11807062E+001  0.35386282E+001
  0.61466485E+000  0.10029452E+001  0.11807031E+001  0.35386221E+001
  0.61465916E+000  0.10029379E+001  0.11806886E+001  0.35386072E+001
