  0.15839828E+001
  0.15839832E+001
  0.15839835E+001
  0.15839838E+001
  0.15839840E+001
  0.15839843E+001
  0.15839845E+001
  0.15839847E+001
  0.15839850E+001
  0.15839852E+001
  0.15839854E+001
  0.15839856E+001
  0.15839859E+001
  0.15839861E+001
  0.15839863E+001
  0.15839866E+001
  0.15839868E+001
  0.15839871E+001
  0.15839873E+001
  0.15839875E+001
  0.15839878E+001
  0.15839880E+001
  0.15839883E+001
  0.15839886E+001
  0.15839888E+001
  0.15839891E+001
  0.15839894E+001
  0.15839897E+001
  0.15839900E+001
  0.15839903E+001
  0.15839906E+001
  0.15839909E+001
  0.15839913E+001
  0.15839916E+001
  0.15839920E+001
  0.15839923E+001
  0.15839927E+001
  0.15839931E+001
  0.15839935E+001
  0.15839939E+001
  0.15839943E+001
  0.15839948E+001
  0.15839952E+001
  0.15839957E+001
  0.15839962E+001
  0.15839967E+001
  0.15839973E+001
  0.15839978E+001
  0.15839984E+001
  0.15839990E+001
  0.15839996E+001
  0.15840002E+001
  0.15840009E+001
  0.15840015E+001
  0.15840022E+001
  0.15840030E+001
  0.15840037E+001
  0.15840045E+001
  0.15840053E+001
  0.15840061E+001
  0.15840069E+001
  0.15840078E+001
  0.15840087E+001
  0.15840096E+001
  0.15840106E+001
  0.15840115E+001
  0.15840125E+001
  0.15840136E+001
  0.15840147E+001
  0.15840158E+001
  0.15840169E+001
  0.15840180E+001
  0.15840192E+001
  0.15840204E+001
  0.15840217E+001
  0.15840230E+001
  0.15840243E+001
  0.15840256E+001
  0.15840270E+001
  0.15840284E+001
  0.15840298E+001
  0.15840313E+001
  0.15840328E+001
  0.15840343E+001
  0.15840359E+001
  0.15840375E+001
  0.15840391E+001
  0.15840408E+001
  0.15840424E+001
  0.15840442E+001
  0.15840459E+001
  0.15840477E+001
  0.15840495E+001
  0.15840513E+001
  0.15840532E+001
  0.15840550E+001
  0.15840569E+001
  0.15840589E+001
  0.15840609E+001
  0.15840628E+001
  0.15840649E+001
  0.15840669E+001
  0.15840690E+001
  0.15840711E+001
  0.15840732E+001
  0.15840753E+001
  0.15840775E+001
  0.15840797E+001
  0.15840819E+001
  0.15840841E+001
  0.15840863E+001
  0.15840886E+001
  0.15840909E+001
  0.15840932E+001
  0.15840955E+001
  0.15840978E+001
  0.15841002E+001
  0.15841025E+001
  0.15841049E+001
  0.15841073E+001
  0.15841097E+001
  0.15841121E+001
  0.15841145E+001
  0.15841170E+001
  0.15841194E+001
  0.15841218E+001
  0.15841243E+001
  0.15841267E+001
  0.15841292E+001
  0.15841316E+001
  0.15841341E+001
  0.15841366E+001
  0.15841390E+001
  0.15841415E+001
  0.15841439E+001
  0.15841464E+001
  0.15841488E+001
  0.15841513E+001
  0.15841537E+001
  0.15841561E+001
  0.15841586E+001
  0.15841610E+001
  0.15841634E+001
  0.15841658E+001
  0.15841682E+001
  0.15841705E+001
  0.15841729E+001
  0.15841752E+001
  0.15841776E+001
  0.15841799E+001
  0.15841822E+001
  0.15841845E+001
  0.15841867E+001
  0.15841889E+001
  0.15841912E+001
  0.15841934E+001
  0.15841955E+001
  0.15841977E+001
  0.15841998E+001
  0.15842019E+001
  0.15842040E+001
  0.15842061E+001
  0.15842081E+001
  0.15842101E+001
  0.15842120E+001
  0.15842140E+001
  0.15842159E+001
  0.15842177E+001
  0.15842196E+001
  0.15842214E+001
  0.15842231E+001
  0.15842248E+001
  0.15842265E+001
  0.15842282E+001
  0.15842297E+001
  0.15842313E+001
  0.15842327E+001
  0.15842342E+001
  0.15842355E+001
  0.15842368E+001
  0.15842380E+001
  0.15842392E+001
  0.15842403E+001
  0.15842412E+001
  0.15842421E+001
  0.15842429E+001
  0.15842436E+001
  0.15842441E+001
  0.15842445E+001
  0.15842447E+001
  0.15842448E+001
  0.15842446E+001
  0.15842443E+001
  0.15842436E+001
  0.15842427E+001
  0.15842413E+001
  0.15842395E+001
  0.15842366E+001
  0.15842337E+001
  0.15842231E+001
