  0.83870329E+000
  0.83870340E+000
  0.83870344E+000
  0.83870346E+000
  0.83870347E+000
  0.83870347E+000
  0.83870348E+000
  0.83870348E+000
  0.83870348E+000
  0.83870348E+000
  0.83870348E+000
  0.83870348E+000
  0.83870348E+000
  0.83870347E+000
  0.83870347E+000
  0.83870347E+000
  0.83870346E+000
  0.83870346E+000
  0.83870345E+000
  0.83870345E+000
  0.83870344E+000
  0.83870344E+000
  0.83870343E+000
  0.83870342E+000
  0.83870342E+000
  0.83870341E+000
  0.83870340E+000
  0.83870339E+000
  0.83870338E+000
  0.83870337E+000
  0.83870336E+000
  0.83870334E+000
  0.83870333E+000
  0.83870332E+000
  0.83870330E+000
  0.83870329E+000
  0.83870327E+000
  0.83870325E+000
  0.83870323E+000
  0.83870321E+000
  0.83870319E+000
  0.83870316E+000
  0.83870314E+000
  0.83870311E+000
  0.83870309E+000
  0.83870306E+000
  0.83870303E+000
  0.83870299E+000
  0.83870296E+000
  0.83870292E+000
  0.83870288E+000
  0.83870284E+000
  0.83870280E+000
  0.83870275E+000
  0.83870270E+000
  0.83870265E+000
  0.83870260E+000
  0.83870254E+000
  0.83870248E+000
  0.83870242E+000
  0.83870236E+000
  0.83870229E+000
  0.83870222E+000
  0.83870215E+000
  0.83870207E+000
  0.83870199E+000
  0.83870191E+000
  0.83870182E+000
  0.83870173E+000
  0.83870164E+000
  0.83870154E+000
  0.83870144E+000
  0.83870134E+000
  0.83870123E+000
  0.83870112E+000
  0.83870100E+000
  0.83870088E+000
  0.83870075E+000
  0.83870062E+000
  0.83870049E+000
  0.83870035E+000
  0.83870021E+000
  0.83870006E+000
  0.83869991E+000
  0.83869975E+000
  0.83869959E+000
  0.83869943E+000
  0.83869926E+000
  0.83869908E+000
  0.83869890E+000
  0.83869872E+000
  0.83869853E+000
  0.83869834E+000
  0.83869815E+000
  0.83869795E+000
  0.83869775E+000
  0.83869754E+000
  0.83869733E+000
  0.83869712E+000
  0.83869691E+000
  0.83869669E+000
  0.83869647E+000
  0.83869624E+000
  0.83869602E+000
  0.83869579E+000
  0.83869556E+000
  0.83869533E+000
  0.83869509E+000
  0.83869486E+000
  0.83869462E+000
  0.83869438E+000
  0.83869414E+000
  0.83869390E+000
  0.83869365E+000
  0.83869341E+000
  0.83869317E+000
  0.83869292E+000
  0.83869268E+000
  0.83869243E+000
  0.83869219E+000
  0.83869194E+000
  0.83869170E+000
  0.83869145E+000
  0.83869121E+000
  0.83869096E+000
  0.83869072E+000
  0.83869048E+000
  0.83869023E+000
  0.83868999E+000
  0.83868975E+000
  0.83868952E+000
  0.83868928E+000
  0.83868904E+000
  0.83868881E+000
  0.83868858E+000
  0.83868835E+000
  0.83868812E+000
  0.83868789E+000
  0.83868767E+000
  0.83868745E+000
  0.83868723E+000
  0.83868701E+000
  0.83868679E+000
  0.83868658E+000
  0.83868637E+000
  0.83868617E+000
  0.83868596E+000
  0.83868576E+000
  0.83868557E+000
  0.83868537E+000
  0.83868518E+000
  0.83868500E+000
  0.83868481E+000
  0.83868463E+000
  0.83868445E+000
  0.83868428E+000
  0.83868411E+000
  0.83868394E+000
  0.83868377E+000
  0.83868361E+000
  0.83868345E+000
  0.83868330E+000
  0.83868315E+000
  0.83868300E+000
  0.83868285E+000
  0.83868271E+000
  0.83868257E+000
  0.83868243E+000
  0.83868229E+000
  0.83868216E+000
  0.83868203E+000
  0.83868190E+000
  0.83868178E+000
  0.83868165E+000
  0.83868153E+000
  0.83868140E+000
  0.83868128E+000
  0.83868116E+000
  0.83868104E+000
  0.83868092E+000
  0.83868079E+000
  0.83868067E+000
  0.83868054E+000
  0.83868041E+000
  0.83868028E+000
  0.83868014E+000
  0.83868000E+000
  0.83867984E+000
  0.83867968E+000
  0.83867951E+000
  0.83867932E+000
  0.83867911E+000
  0.83867888E+000
  0.83867860E+000
  0.83867827E+000
  0.83867782E+000
  0.83867730E+000
  0.83867626E+000
  0.83867553E+000
  0.83866966E+000
