  0.21938893E+002
  0.21938904E+002
  0.21938915E+002
  0.21938926E+002
  0.21938936E+002
  0.21938947E+002
  0.21938958E+002
  0.21938968E+002
  0.21938979E+002
  0.21938990E+002
  0.21939001E+002
  0.21939012E+002
  0.21939023E+002
  0.21939034E+002
  0.21939045E+002
  0.21939056E+002
  0.21939068E+002
  0.21939079E+002
  0.21939091E+002
  0.21939103E+002
  0.21939115E+002
  0.21939128E+002
  0.21939141E+002
  0.21939154E+002
  0.21939167E+002
  0.21939181E+002
  0.21939195E+002
  0.21939209E+002
  0.21939224E+002
  0.21939239E+002
  0.21939255E+002
  0.21939271E+002
  0.21939288E+002
  0.21939305E+002
  0.21939323E+002
  0.21939342E+002
  0.21939361E+002
  0.21939381E+002
  0.21939402E+002
  0.21939424E+002
  0.21939446E+002
  0.21939469E+002
  0.21939493E+002
  0.21939518E+002
  0.21939544E+002
  0.21939571E+002
  0.21939599E+002
  0.21939628E+002
  0.21939658E+002
  0.21939689E+002
  0.21939721E+002
  0.21939755E+002
  0.21939790E+002
  0.21939826E+002
  0.21939863E+002
  0.21939902E+002
  0.21939942E+002
  0.21939983E+002
  0.21940026E+002
  0.21940071E+002
  0.21940117E+002
  0.21940164E+002
  0.21940213E+002
  0.21940264E+002
  0.21940316E+002
  0.21940370E+002
  0.21940426E+002
  0.21940483E+002
  0.21940542E+002
  0.21940603E+002
  0.21940666E+002
  0.21940730E+002
  0.21940797E+002
  0.21940865E+002
  0.21940935E+002
  0.21941007E+002
  0.21941080E+002
  0.21941156E+002
  0.21941234E+002
  0.21941313E+002
  0.21941394E+002
  0.21941478E+002
  0.21941563E+002
  0.21941650E+002
  0.21941739E+002
  0.21941830E+002
  0.21941923E+002
  0.21942018E+002
  0.21942114E+002
  0.21942213E+002
  0.21942313E+002
  0.21942415E+002
  0.21942519E+002
  0.21942624E+002
  0.21942732E+002
  0.21942841E+002
  0.21942951E+002
  0.21943064E+002
  0.21943177E+002
  0.21943293E+002
  0.21943410E+002
  0.21943528E+002
  0.21943648E+002
  0.21943770E+002
  0.21943892E+002
  0.21944016E+002
  0.21944142E+002
  0.21944268E+002
  0.21944396E+002
  0.21944525E+002
  0.21944655E+002
  0.21944786E+002
  0.21944918E+002
  0.21945051E+002
  0.21945185E+002
  0.21945320E+002
  0.21945456E+002
  0.21945592E+002
  0.21945729E+002
  0.21945867E+002
  0.21946005E+002
  0.21946144E+002
  0.21946283E+002
  0.21946423E+002
  0.21946563E+002
  0.21946703E+002
  0.21946843E+002
  0.21946984E+002
  0.21947125E+002
  0.21947266E+002
  0.21947407E+002
  0.21947548E+002
  0.21947688E+002
  0.21947829E+002
  0.21947969E+002
  0.21948110E+002
  0.21948249E+002
  0.21948389E+002
  0.21948528E+002
  0.21948666E+002
  0.21948804E+002
  0.21948941E+002
  0.21949078E+002
  0.21949213E+002
  0.21949348E+002
  0.21949483E+002
  0.21949616E+002
  0.21949748E+002
  0.21949880E+002
  0.21950010E+002
  0.21950140E+002
  0.21950268E+002
  0.21950395E+002
  0.21950521E+002
  0.21950646E+002
  0.21950769E+002
  0.21950891E+002
  0.21951012E+002
  0.21951131E+002
  0.21951249E+002
  0.21951365E+002
  0.21951480E+002
  0.21951593E+002
  0.21951704E+002
  0.21951814E+002
  0.21951922E+002
  0.21952028E+002
  0.21952132E+002
  0.21952234E+002
  0.21952334E+002
  0.21952433E+002
  0.21952529E+002
  0.21952622E+002
  0.21952714E+002
  0.21952803E+002
  0.21952889E+002
  0.21952973E+002
  0.21953054E+002
  0.21953131E+002
  0.21953206E+002
  0.21953277E+002
  0.21953345E+002
  0.21953408E+002
  0.21953468E+002
  0.21953522E+002
  0.21953572E+002
  0.21953616E+002
  0.21953655E+002
  0.21953687E+002
  0.21953712E+002
  0.21953729E+002
  0.21953737E+002
  0.21953735E+002
  0.21953723E+002
  0.21953697E+002
  0.21953658E+002
  0.21953601E+002
  0.21953525E+002
  0.21953420E+002
  0.21953296E+002
