  0.28914969E+000
  0.28915829E+000
  0.28915721E+000
  0.28915466E+000
  0.28915218E+000
  0.28915005E+000
  0.28914825E+000
  0.28914675E+000
  0.28914550E+000
  0.28914444E+000
  0.28914356E+000
  0.28914280E+000
  0.28914216E+000
  0.28914162E+000
  0.28914115E+000
  0.28914075E+000
  0.28914041E+000
  0.28914011E+000
  0.28913986E+000
  0.28913965E+000
  0.28913946E+000
  0.28913931E+000
  0.28913917E+000
  0.28913906E+000
  0.28913897E+000
  0.28913889E+000
  0.28913883E+000
  0.28913878E+000
  0.28913874E+000
  0.28913871E+000
  0.28913869E+000
  0.28913867E+000
  0.28913867E+000
  0.28913867E+000
  0.28913868E+000
  0.28913870E+000
  0.28913872E+000
  0.28913875E+000
  0.28913878E+000
  0.28913882E+000
  0.28913887E+000
  0.28913892E+000
  0.28913898E+000
  0.28913904E+000
  0.28913911E+000
  0.28913919E+000
  0.28913927E+000
  0.28913936E+000
  0.28913946E+000
  0.28913956E+000
  0.28913967E+000
  0.28913978E+000
  0.28913990E+000
  0.28914003E+000
  0.28914016E+000
  0.28914029E+000
  0.28914043E+000
  0.28914057E+000
  0.28914072E+000
  0.28914086E+000
  0.28914101E+000
  0.28914115E+000
  0.28914130E+000
  0.28914144E+000
  0.28914157E+000
  0.28914170E+000
  0.28914183E+000
  0.28914194E+000
  0.28914205E+000
  0.28914214E+000
  0.28914223E+000
  0.28914230E+000
  0.28914235E+000
  0.28914239E+000
  0.28914241E+000
  0.28914242E+000
  0.28914241E+000
  0.28914238E+000
  0.28914234E+000
  0.28914227E+000
  0.28914219E+000
  0.28914208E+000
  0.28914196E+000
  0.28914182E+000
  0.28914166E+000
  0.28914148E+000
  0.28914128E+000
  0.28914107E+000
  0.28914084E+000
  0.28914059E+000
  0.28914033E+000
  0.28914005E+000
  0.28913975E+000
  0.28913944E+000
  0.28913912E+000
  0.28913879E+000
  0.28913844E+000
  0.28913808E+000
  0.28913772E+000
  0.28913734E+000
  0.28913695E+000
  0.28913656E+000
  0.28913616E+000
  0.28913575E+000
  0.28913534E+000
  0.28913492E+000
  0.28913450E+000
  0.28913407E+000
  0.28913365E+000
  0.28913322E+000
  0.28913279E+000
  0.28913236E+000
  0.28913193E+000
  0.28913150E+000
  0.28913107E+000
  0.28913064E+000
  0.28913022E+000
  0.28912981E+000
  0.28912939E+000
  0.28912899E+000
  0.28912859E+000
  0.28912819E+000
  0.28912780E+000
  0.28912742E+000
  0.28912705E+000
  0.28912668E+000
  0.28912632E+000
  0.28912598E+000
  0.28912564E+000
  0.28912531E+000
  0.28912498E+000
  0.28912467E+000
  0.28912437E+000
  0.28912408E+000
  0.28912380E+000
  0.28912352E+000
  0.28912326E+000
  0.28912301E+000
  0.28912277E+000
  0.28912253E+000
  0.28912231E+000
  0.28912210E+000
  0.28912189E+000
  0.28912170E+000
  0.28912152E+000
  0.28912134E+000
  0.28912118E+000
  0.28912103E+000
  0.28912088E+000
  0.28912075E+000
  0.28912062E+000
  0.28912051E+000
  0.28912041E+000
  0.28912032E+000
  0.28912023E+000
  0.28912016E+000
  0.28912010E+000
  0.28912006E+000
  0.28912002E+000
  0.28912000E+000
  0.28911999E+000
  0.28912000E+000
  0.28912002E+000
  0.28912006E+000
  0.28912011E+000
  0.28912018E+000
  0.28912027E+000
  0.28912037E+000
  0.28912050E+000
  0.28912065E+000
  0.28912082E+000
  0.28912102E+000
  0.28912124E+000
  0.28912149E+000
  0.28912176E+000
  0.28912207E+000
  0.28912240E+000
  0.28912276E+000
  0.28912316E+000
  0.28912359E+000
  0.28912404E+000
  0.28912454E+000
  0.28912506E+000
  0.28912562E+000
  0.28912621E+000
  0.28912683E+000
  0.28912748E+000
  0.28912817E+000
  0.28912888E+000
  0.28912963E+000
  0.28913042E+000
  0.28913124E+000
  0.28913213E+000
  0.28913310E+000
  0.28913421E+000
  0.28913553E+000
  0.28913744E+000
  0.28914004E+000
  0.28914771E+000
  0.28915957E+000
