  0.14607529E+000
  0.14607754E+000
  0.14607899E+000
  0.14607995E+000
  0.14608058E+000
  0.14608101E+000
  0.14608130E+000
  0.14608151E+000
  0.14608165E+000
  0.14608176E+000
  0.14608184E+000
  0.14608190E+000
  0.14608194E+000
  0.14608198E+000
  0.14608201E+000
  0.14608204E+000
  0.14608206E+000
  0.14608207E+000
  0.14608209E+000
  0.14608210E+000
  0.14608211E+000
  0.14608212E+000
  0.14608213E+000
  0.14608213E+000
  0.14608213E+000
  0.14608214E+000
  0.14608214E+000
  0.14608214E+000
  0.14608214E+000
  0.14608214E+000
  0.14608213E+000
  0.14608213E+000
  0.14608213E+000
  0.14608212E+000
  0.14608212E+000
  0.14608211E+000
  0.14608210E+000
  0.14608210E+000
  0.14608209E+000
  0.14608208E+000
  0.14608207E+000
  0.14608206E+000
  0.14608205E+000
  0.14608204E+000
  0.14608203E+000
  0.14608202E+000
  0.14608201E+000
  0.14608200E+000
  0.14608199E+000
  0.14608197E+000
  0.14608196E+000
  0.14608195E+000
  0.14608193E+000
  0.14608192E+000
  0.14608190E+000
  0.14608189E+000
  0.14608187E+000
  0.14608185E+000
  0.14608184E+000
  0.14608182E+000
  0.14608180E+000
  0.14608179E+000
  0.14608177E+000
  0.14608175E+000
  0.14608173E+000
  0.14608171E+000
  0.14608169E+000
  0.14608167E+000
  0.14608164E+000
  0.14608162E+000
  0.14608160E+000
  0.14608157E+000
  0.14608155E+000
  0.14608152E+000
  0.14608149E+000
  0.14608146E+000
  0.14608143E+000
  0.14608140E+000
  0.14608136E+000
  0.14608133E+000
  0.14608129E+000
  0.14608125E+000
  0.14608121E+000
  0.14608116E+000
  0.14608112E+000
  0.14608107E+000
  0.14608102E+000
  0.14608097E+000
  0.14608091E+000
  0.14608086E+000
  0.14608080E+000
  0.14608074E+000
  0.14608067E+000
  0.14608061E+000
  0.14608054E+000
  0.14608048E+000
  0.14608040E+000
  0.14608033E+000
  0.14608026E+000
  0.14608018E+000
  0.14608011E+000
  0.14608003E+000
  0.14607995E+000
  0.14607986E+000
  0.14607978E+000
  0.14607970E+000
  0.14607961E+000
  0.14607952E+000
  0.14607943E+000
  0.14607934E+000
  0.14607925E+000
  0.14607916E+000
  0.14607906E+000
  0.14607897E+000
  0.14607887E+000
  0.14607878E+000
  0.14607868E+000
  0.14607858E+000
  0.14607848E+000
  0.14607838E+000
  0.14607828E+000
  0.14607817E+000
  0.14607807E+000
  0.14607797E+000
  0.14607786E+000
  0.14607776E+000
  0.14607766E+000
  0.14607755E+000
  0.14607745E+000
  0.14607734E+000
  0.14607723E+000
  0.14607713E+000
  0.14607702E+000
  0.14607692E+000
  0.14607681E+000
  0.14607671E+000
  0.14607661E+000
  0.14607650E+000
  0.14607640E+000
  0.14607630E+000
  0.14607619E+000
  0.14607609E+000
  0.14607599E+000
  0.14607589E+000
  0.14607580E+000
  0.14607570E+000
  0.14607560E+000
  0.14607551E+000
  0.14607541E+000
  0.14607532E+000
  0.14607523E+000
  0.14607514E+000
  0.14607505E+000
  0.14607496E+000
  0.14607487E+000
  0.14607478E+000
  0.14607470E+000
  0.14607461E+000
  0.14607452E+000
  0.14607444E+000
  0.14607435E+000
  0.14607427E+000
  0.14607419E+000
  0.14607410E+000
  0.14607402E+000
  0.14607393E+000
  0.14607384E+000
  0.14607376E+000
  0.14607367E+000
  0.14607358E+000
  0.14607349E+000
  0.14607340E+000
  0.14607330E+000
  0.14607321E+000
  0.14607311E+000
  0.14607301E+000
  0.14607291E+000
  0.14607280E+000
  0.14607269E+000
  0.14607258E+000
  0.14607247E+000
  0.14607235E+000
  0.14607223E+000
  0.14607211E+000
  0.14607199E+000
  0.14607186E+000
  0.14607174E+000
  0.14607161E+000
  0.14607149E+000
  0.14607137E+000
  0.14607127E+000
  0.14607120E+000
  0.14607118E+000
  0.14607123E+000
  0.14607144E+000
  0.14607191E+000
  0.14607293E+000
  0.14607476E+000
  0.14607959E+000
  0.14608765E+000
