  0.11721876E-004
  0.11721664E-004
  0.11721478E-004
  0.11721315E-004
  0.11721169E-004
  0.11721035E-004
  0.11720910E-004
  0.11720791E-004
  0.11720677E-004
  0.11720566E-004
  0.11720457E-004
  0.11720350E-004
  0.11720244E-004
  0.11720140E-004
  0.11720036E-004
  0.11719933E-004
  0.11719830E-004
  0.11719727E-004
  0.11719624E-004
  0.11719521E-004
  0.11719418E-004
  0.11719314E-004
  0.11719209E-004
  0.11719104E-004
  0.11718997E-004
  0.11718890E-004
  0.11718781E-004
  0.11718670E-004
  0.11718559E-004
  0.11718445E-004
  0.11718329E-004
  0.11718212E-004
  0.11718092E-004
  0.11717971E-004
  0.11717846E-004
  0.11717720E-004
  0.11717591E-004
  0.11717459E-004
  0.11717325E-004
  0.11717188E-004
  0.11717049E-004
  0.11716907E-004
  0.11716762E-004
  0.11716614E-004
  0.11716465E-004
  0.11716312E-004
  0.11716157E-004
  0.11716001E-004
  0.11715842E-004
  0.11715681E-004
  0.11715519E-004
  0.11715355E-004
  0.11715190E-004
  0.11715024E-004
  0.11714858E-004
  0.11714691E-004
  0.11714524E-004
  0.11714357E-004
  0.11714191E-004
  0.11714026E-004
  0.11713862E-004
  0.11713700E-004
  0.11713539E-004
  0.11713380E-004
  0.11713224E-004
  0.11713070E-004
  0.11712919E-004
  0.11712771E-004
  0.11712626E-004
  0.11712484E-004
  0.11712346E-004
  0.11712211E-004
  0.11712080E-004
  0.11711953E-004
  0.11711830E-004
  0.11711711E-004
  0.11711596E-004
  0.11711485E-004
  0.11711378E-004
  0.11711275E-004
  0.11711176E-004
  0.11711081E-004
  0.11710989E-004
  0.11710902E-004
  0.11710819E-004
  0.11710739E-004
  0.11710662E-004
  0.11710590E-004
  0.11710520E-004
  0.11710454E-004
  0.11710391E-004
  0.11710332E-004
  0.11710275E-004
  0.11710221E-004
  0.11710169E-004
  0.11710121E-004
  0.11710075E-004
  0.11710031E-004
  0.11709989E-004
  0.11709950E-004
  0.11709913E-004
  0.11709878E-004
  0.11709845E-004
  0.11709813E-004
  0.11709784E-004
  0.11709756E-004
  0.11709729E-004
  0.11709704E-004
  0.11709681E-004
  0.11709659E-004
  0.11709638E-004
  0.11709619E-004
  0.11709601E-004
  0.11709584E-004
  0.11709568E-004
  0.11709553E-004
  0.11709539E-004
  0.11709526E-004
  0.11709515E-004
  0.11709504E-004
  0.11709494E-004
  0.11709485E-004
  0.11709477E-004
  0.11709469E-004
  0.11709463E-004
  0.11709457E-004
  0.11709452E-004
  0.11709448E-004
  0.11709445E-004
  0.11709443E-004
  0.11709441E-004
  0.11709440E-004
  0.11709440E-004
  0.11709441E-004
  0.11709443E-004
  0.11709446E-004
  0.11709450E-004
  0.11709454E-004
  0.11709460E-004
  0.11709467E-004
  0.11709476E-004
  0.11709485E-004
  0.11709496E-004
  0.11709508E-004
  0.11709522E-004
  0.11709538E-004
  0.11709555E-004
  0.11709575E-004
  0.11709597E-004
  0.11709621E-004
  0.11709647E-004
  0.11709676E-004
  0.11709709E-004
  0.11709744E-004
  0.11709783E-004
  0.11709825E-004
  0.11709872E-004
  0.11709923E-004
  0.11709978E-004
  0.11710038E-004
  0.11710104E-004
  0.11710176E-004
  0.11710254E-004
  0.11710338E-004
  0.11710429E-004
  0.11710528E-004
  0.11710634E-004
  0.11710749E-004
  0.11710873E-004
  0.11711006E-004
  0.11711149E-004
  0.11711302E-004
  0.11711466E-004
  0.11711640E-004
  0.11711826E-004
  0.11712025E-004
  0.11712235E-004
  0.11712458E-004
  0.11712693E-004
  0.11712942E-004
  0.11713204E-004
  0.11713480E-004
  0.11713769E-004
  0.11714071E-004
  0.11714388E-004
  0.11714718E-004
  0.11715061E-004
  0.11715418E-004
  0.11715789E-004
  0.11716174E-004
  0.11716572E-004
  0.11716984E-004
  0.11717411E-004
  0.11717850E-004
  0.11718307E-004
  0.11718770E-004
  0.11719255E-004
  0.11719722E-004
  0.11720211E-004
  0.11720568E-004
