  0.41446056E+000
  0.41446061E+000
  0.41446067E+000
  0.41446072E+000
  0.41446077E+000
  0.41446082E+000
  0.41446087E+000
  0.41446092E+000
  0.41446097E+000
  0.41446102E+000
  0.41446106E+000
  0.41446111E+000
  0.41446116E+000
  0.41446121E+000
  0.41446125E+000
  0.41446130E+000
  0.41446135E+000
  0.41446140E+000
  0.41446145E+000
  0.41446150E+000
  0.41446155E+000
  0.41446160E+000
  0.41446165E+000
  0.41446170E+000
  0.41446176E+000
  0.41446181E+000
  0.41446187E+000
  0.41446192E+000
  0.41446198E+000
  0.41446204E+000
  0.41446210E+000
  0.41446217E+000
  0.41446223E+000
  0.41446230E+000
  0.41446237E+000
  0.41446244E+000
  0.41446251E+000
  0.41446259E+000
  0.41446267E+000
  0.41446275E+000
  0.41446283E+000
  0.41446292E+000
  0.41446300E+000
  0.41446310E+000
  0.41446319E+000
  0.41446329E+000
  0.41446339E+000
  0.41446350E+000
  0.41446360E+000
  0.41446372E+000
  0.41446383E+000
  0.41446395E+000
  0.41446408E+000
  0.41446420E+000
  0.41446434E+000
  0.41446447E+000
  0.41446461E+000
  0.41446476E+000
  0.41446491E+000
  0.41446507E+000
  0.41446523E+000
  0.41446539E+000
  0.41446556E+000
  0.41446574E+000
  0.41446592E+000
  0.41446611E+000
  0.41446630E+000
  0.41446650E+000
  0.41446670E+000
  0.41446691E+000
  0.41446713E+000
  0.41446735E+000
  0.41446757E+000
  0.41446781E+000
  0.41446804E+000
  0.41446829E+000
  0.41446854E+000
  0.41446880E+000
  0.41446906E+000
  0.41446933E+000
  0.41446960E+000
  0.41446988E+000
  0.41447017E+000
  0.41447047E+000
  0.41447077E+000
  0.41447107E+000
  0.41447138E+000
  0.41447170E+000
  0.41447202E+000
  0.41447235E+000
  0.41447269E+000
  0.41447303E+000
  0.41447338E+000
  0.41447373E+000
  0.41447409E+000
  0.41447446E+000
  0.41447483E+000
  0.41447521E+000
  0.41447559E+000
  0.41447598E+000
  0.41447638E+000
  0.41447678E+000
  0.41447719E+000
  0.41447760E+000
  0.41447802E+000
  0.41447845E+000
  0.41447888E+000
  0.41447932E+000
  0.41447976E+000
  0.41448021E+000
  0.41448066E+000
  0.41448112E+000
  0.41448159E+000
  0.41448206E+000
  0.41448253E+000
  0.41448301E+000
  0.41448350E+000
  0.41448399E+000
  0.41448449E+000
  0.41448500E+000
  0.41448550E+000
  0.41448602E+000
  0.41448653E+000
  0.41448706E+000
  0.41448758E+000
  0.41448811E+000
  0.41448865E+000
  0.41448919E+000
  0.41448973E+000
  0.41449028E+000
  0.41449083E+000
  0.41449139E+000
  0.41449195E+000
  0.41449251E+000
  0.41449307E+000
  0.41449364E+000
  0.41449421E+000
  0.41449479E+000
  0.41449536E+000
  0.41449594E+000
  0.41449652E+000
  0.41449710E+000
  0.41449768E+000
  0.41449827E+000
  0.41449885E+000
  0.41449944E+000
  0.41450002E+000
  0.41450061E+000
  0.41450120E+000
  0.41450179E+000
  0.41450237E+000
  0.41450296E+000
  0.41450354E+000
  0.41450412E+000
  0.41450471E+000
  0.41450529E+000
  0.41450586E+000
  0.41450644E+000
  0.41450702E+000
  0.41450759E+000
  0.41450816E+000
  0.41450873E+000
  0.41450929E+000
  0.41450985E+000
  0.41451041E+000
  0.41451096E+000
  0.41451151E+000
  0.41451206E+000
  0.41451260E+000
  0.41451313E+000
  0.41451367E+000
  0.41451420E+000
  0.41451472E+000
  0.41451523E+000
  0.41451573E+000
  0.41451622E+000
  0.41451672E+000
  0.41451717E+000
  0.41451765E+000
  0.41451810E+000
  0.41451856E+000
  0.41451901E+000
  0.41451956E+000
  0.41452001E+000
  0.41452043E+000
  0.41452076E+000
  0.41452115E+000
  0.41452154E+000
  0.41452189E+000
  0.41452218E+000
  0.41452254E+000
  0.41452289E+000
  0.41452314E+000
  0.41452346E+000
  0.41452371E+000
  0.41452388E+000
  0.41452413E+000
  0.41452459E+000
  0.41452492E+000
  0.41452636E+000
