  0.31113172E+000
  0.31113172E+000
  0.31113174E+000
  0.31113177E+000
  0.31113180E+000
  0.31113184E+000
  0.31113188E+000
  0.31113192E+000
  0.31113196E+000
  0.31113201E+000
  0.31113205E+000
  0.31113210E+000
  0.31113215E+000
  0.31113219E+000
  0.31113224E+000
  0.31113229E+000
  0.31113234E+000
  0.31113240E+000
  0.31113245E+000
  0.31113250E+000
  0.31113256E+000
  0.31113261E+000
  0.31113267E+000
  0.31113273E+000
  0.31113279E+000
  0.31113285E+000
  0.31113291E+000
  0.31113298E+000
  0.31113305E+000
  0.31113312E+000
  0.31113319E+000
  0.31113326E+000
  0.31113334E+000
  0.31113342E+000
  0.31113350E+000
  0.31113358E+000
  0.31113367E+000
  0.31113376E+000
  0.31113386E+000
  0.31113396E+000
  0.31113406E+000
  0.31113416E+000
  0.31113427E+000
  0.31113438E+000
  0.31113450E+000
  0.31113462E+000
  0.31113475E+000
  0.31113488E+000
  0.31113501E+000
  0.31113515E+000
  0.31113529E+000
  0.31113544E+000
  0.31113559E+000
  0.31113575E+000
  0.31113592E+000
  0.31113608E+000
  0.31113626E+000
  0.31113644E+000
  0.31113662E+000
  0.31113681E+000
  0.31113701E+000
  0.31113721E+000
  0.31113742E+000
  0.31113764E+000
  0.31113786E+000
  0.31113808E+000
  0.31113831E+000
  0.31113855E+000
  0.31113880E+000
  0.31113905E+000
  0.31113930E+000
  0.31113957E+000
  0.31113984E+000
  0.31114011E+000
  0.31114040E+000
  0.31114069E+000
  0.31114098E+000
  0.31114129E+000
  0.31114160E+000
  0.31114192E+000
  0.31114224E+000
  0.31114257E+000
  0.31114291E+000
  0.31114326E+000
  0.31114361E+000
  0.31114397E+000
  0.31114434E+000
  0.31114472E+000
  0.31114510E+000
  0.31114549E+000
  0.31114589E+000
  0.31114630E+000
  0.31114671E+000
  0.31114713E+000
  0.31114756E+000
  0.31114800E+000
  0.31114844E+000
  0.31114890E+000
  0.31114935E+000
  0.31114982E+000
  0.31115029E+000
  0.31115078E+000
  0.31115126E+000
  0.31115176E+000
  0.31115226E+000
  0.31115277E+000
  0.31115329E+000
  0.31115381E+000
  0.31115434E+000
  0.31115487E+000
  0.31115542E+000
  0.31115596E+000
  0.31115652E+000
  0.31115708E+000
  0.31115765E+000
  0.31115822E+000
  0.31115880E+000
  0.31115938E+000
  0.31115997E+000
  0.31116057E+000
  0.31116117E+000
  0.31116178E+000
  0.31116239E+000
  0.31116300E+000
  0.31116362E+000
  0.31116425E+000
  0.31116488E+000
  0.31116551E+000
  0.31116615E+000
  0.31116679E+000
  0.31116744E+000
  0.31116809E+000
  0.31116874E+000
  0.31116940E+000
  0.31117006E+000
  0.31117072E+000
  0.31117138E+000
  0.31117205E+000
  0.31117272E+000
  0.31117339E+000
  0.31117406E+000
  0.31117474E+000
  0.31117541E+000
  0.31117609E+000
  0.31117677E+000
  0.31117744E+000
  0.31117812E+000
  0.31117880E+000
  0.31117947E+000
  0.31118015E+000
  0.31118083E+000
  0.31118151E+000
  0.31118218E+000
  0.31118286E+000
  0.31118353E+000
  0.31118420E+000
  0.31118487E+000
  0.31118554E+000
  0.31118621E+000
  0.31118687E+000
  0.31118753E+000
  0.31118819E+000
  0.31118884E+000
  0.31118949E+000
  0.31119013E+000
  0.31119077E+000
  0.31119141E+000
  0.31119205E+000
  0.31119268E+000
  0.31119330E+000
  0.31119392E+000
  0.31119453E+000
  0.31119515E+000
  0.31119574E+000
  0.31119632E+000
  0.31119691E+000
  0.31119750E+000
  0.31119810E+000
  0.31119868E+000
  0.31119925E+000
  0.31119982E+000
  0.31120038E+000
  0.31120093E+000
  0.31120149E+000
  0.31120203E+000
  0.31120257E+000
  0.31120312E+000
  0.31120367E+000
  0.31120421E+000
  0.31120475E+000
  0.31120527E+000
  0.31120579E+000
  0.31120631E+000
  0.31120688E+000
  0.31120741E+000
  0.31120790E+000
  0.31120838E+000
  0.31120879E+000
  0.31120888E+000
  0.31120805E+000
