  0.86221427E+000
  0.86221456E+000
  0.86221475E+000
  0.86221489E+000
  0.86221500E+000
  0.86221509E+000
  0.86221517E+000
  0.86221525E+000
  0.86221531E+000
  0.86221538E+000
  0.86221543E+000
  0.86221549E+000
  0.86221554E+000
  0.86221559E+000
  0.86221564E+000
  0.86221569E+000
  0.86221574E+000
  0.86221579E+000
  0.86221583E+000
  0.86221588E+000
  0.86221593E+000
  0.86221597E+000
  0.86221602E+000
  0.86221607E+000
  0.86221611E+000
  0.86221616E+000
  0.86221621E+000
  0.86221626E+000
  0.86221630E+000
  0.86221636E+000
  0.86221641E+000
  0.86221646E+000
  0.86221651E+000
  0.86221657E+000
  0.86221662E+000
  0.86221668E+000
  0.86221674E+000
  0.86221680E+000
  0.86221686E+000
  0.86221693E+000
  0.86221699E+000
  0.86221706E+000
  0.86221713E+000
  0.86221721E+000
  0.86221728E+000
  0.86221736E+000
  0.86221744E+000
  0.86221752E+000
  0.86221760E+000
  0.86221769E+000
  0.86221778E+000
  0.86221787E+000
  0.86221796E+000
  0.86221806E+000
  0.86221816E+000
  0.86221826E+000
  0.86221837E+000
  0.86221848E+000
  0.86221860E+000
  0.86221871E+000
  0.86221884E+000
  0.86221896E+000
  0.86221909E+000
  0.86221923E+000
  0.86221937E+000
  0.86221951E+000
  0.86221966E+000
  0.86221981E+000
  0.86221996E+000
  0.86222012E+000
  0.86222028E+000
  0.86222045E+000
  0.86222062E+000
  0.86222079E+000
  0.86222096E+000
  0.86222114E+000
  0.86222132E+000
  0.86222149E+000
  0.86222167E+000
  0.86222185E+000
  0.86222203E+000
  0.86222221E+000
  0.86222238E+000
  0.86222255E+000
  0.86222272E+000
  0.86222289E+000
  0.86222306E+000
  0.86222322E+000
  0.86222338E+000
  0.86222353E+000
  0.86222368E+000
  0.86222383E+000
  0.86222398E+000
  0.86222412E+000
  0.86222425E+000
  0.86222438E+000
  0.86222451E+000
  0.86222464E+000
  0.86222476E+000
  0.86222488E+000
  0.86222499E+000
  0.86222511E+000
  0.86222522E+000
  0.86222532E+000
  0.86222543E+000
  0.86222553E+000
  0.86222563E+000
  0.86222573E+000
  0.86222583E+000
  0.86222592E+000
  0.86222602E+000
  0.86222611E+000
  0.86222620E+000
  0.86222629E+000
  0.86222638E+000
  0.86222647E+000
  0.86222655E+000
  0.86222664E+000
  0.86222672E+000
  0.86222680E+000
  0.86222688E+000
  0.86222697E+000
  0.86222705E+000
  0.86222712E+000
  0.86222720E+000
  0.86222728E+000
  0.86222735E+000
  0.86222743E+000
  0.86222750E+000
  0.86222757E+000
  0.86222765E+000
  0.86222772E+000
  0.86222779E+000
  0.86222785E+000
  0.86222792E+000
  0.86222798E+000
  0.86222805E+000
  0.86222811E+000
  0.86222817E+000
  0.86222823E+000
  0.86222829E+000
  0.86222835E+000
  0.86222840E+000
  0.86222846E+000
  0.86222851E+000
  0.86222856E+000
  0.86222861E+000
  0.86222866E+000
  0.86222870E+000
  0.86222875E+000
  0.86222879E+000
  0.86222883E+000
  0.86222887E+000
  0.86222891E+000
  0.86222894E+000
  0.86222898E+000
  0.86222901E+000
  0.86222904E+000
  0.86222907E+000
  0.86222910E+000
  0.86222912E+000
  0.86222915E+000
  0.86222917E+000
  0.86222919E+000
  0.86222920E+000
  0.86222922E+000
  0.86222923E+000
  0.86222924E+000
  0.86222925E+000
  0.86222926E+000
  0.86222926E+000
  0.86222926E+000
  0.86222926E+000
  0.86222926E+000
  0.86222925E+000
  0.86222924E+000
  0.86222923E+000
  0.86222921E+000
  0.86222920E+000
  0.86222917E+000
  0.86222915E+000
  0.86222912E+000
  0.86222909E+000
  0.86222906E+000
  0.86222903E+000
  0.86222899E+000
  0.86222897E+000
  0.86222894E+000
  0.86222894E+000
  0.86222895E+000
  0.86222901E+000
  0.86222912E+000
  0.86222934E+000
  0.86222973E+000
  0.86223040E+000
  0.86223151E+000
  0.86223346E+000
  0.86223657E+000
  0.86224280E+000
  0.86225127E+000
