  0.89166095E+000
  0.89166095E+000
  0.89166095E+000
  0.89166094E+000
  0.89166094E+000
  0.89166093E+000
  0.89166093E+000
  0.89166092E+000
  0.89166091E+000
  0.89166091E+000
  0.89166090E+000
  0.89166089E+000
  0.89166089E+000
  0.89166088E+000
  0.89166087E+000
  0.89166086E+000
  0.89166085E+000
  0.89166084E+000
  0.89166083E+000
  0.89166082E+000
  0.89166081E+000
  0.89166080E+000
  0.89166078E+000
  0.89166077E+000
  0.89166076E+000
  0.89166074E+000
  0.89166073E+000
  0.89166071E+000
  0.89166069E+000
  0.89166068E+000
  0.89166066E+000
  0.89166064E+000
  0.89166062E+000
  0.89166059E+000
  0.89166057E+000
  0.89166054E+000
  0.89166052E+000
  0.89166049E+000
  0.89166046E+000
  0.89166043E+000
  0.89166039E+000
  0.89166036E+000
  0.89166032E+000
  0.89166028E+000
  0.89166023E+000
  0.89166019E+000
  0.89166014E+000
  0.89166009E+000
  0.89166003E+000
  0.89165997E+000
  0.89165991E+000
  0.89165984E+000
  0.89165977E+000
  0.89165970E+000
  0.89165962E+000
  0.89165953E+000
  0.89165945E+000
  0.89165935E+000
  0.89165925E+000
  0.89165915E+000
  0.89165904E+000
  0.89165893E+000
  0.89165881E+000
  0.89165868E+000
  0.89165855E+000
  0.89165841E+000
  0.89165827E+000
  0.89165812E+000
  0.89165796E+000
  0.89165780E+000
  0.89165763E+000
  0.89165745E+000
  0.89165727E+000
  0.89165708E+000
  0.89165689E+000
  0.89165669E+000
  0.89165648E+000
  0.89165627E+000
  0.89165605E+000
  0.89165582E+000
  0.89165559E+000
  0.89165536E+000
  0.89165512E+000
  0.89165487E+000
  0.89165462E+000
  0.89165436E+000
  0.89165410E+000
  0.89165384E+000
  0.89165357E+000
  0.89165330E+000
  0.89165303E+000
  0.89165275E+000
  0.89165247E+000
  0.89165219E+000
  0.89165190E+000
  0.89165162E+000
  0.89165133E+000
  0.89165104E+000
  0.89165075E+000
  0.89165046E+000
  0.89165018E+000
  0.89164989E+000
  0.89164960E+000
  0.89164932E+000
  0.89164903E+000
  0.89164875E+000
  0.89164847E+000
  0.89164819E+000
  0.89164792E+000
  0.89164765E+000
  0.89164738E+000
  0.89164712E+000
  0.89164686E+000
  0.89164661E+000
  0.89164636E+000
  0.89164612E+000
  0.89164588E+000
  0.89164565E+000
  0.89164543E+000
  0.89164521E+000
  0.89164500E+000
  0.89164480E+000
  0.89164461E+000
  0.89164442E+000
  0.89164424E+000
  0.89164407E+000
  0.89164391E+000
  0.89164376E+000
  0.89164362E+000
  0.89164349E+000
  0.89164337E+000
  0.89164326E+000
  0.89164315E+000
  0.89164306E+000
  0.89164298E+000
  0.89164291E+000
  0.89164285E+000
  0.89164280E+000
  0.89164276E+000
  0.89164273E+000
  0.89164271E+000
  0.89164270E+000
  0.89164270E+000
  0.89164271E+000
  0.89164273E+000
  0.89164277E+000
  0.89164281E+000
  0.89164286E+000
  0.89164292E+000
  0.89164299E+000
  0.89164308E+000
  0.89164317E+000
  0.89164327E+000
  0.89164338E+000
  0.89164350E+000
  0.89164362E+000
  0.89164376E+000
  0.89164391E+000
  0.89164406E+000
  0.89164422E+000
  0.89164439E+000
  0.89164457E+000
  0.89164476E+000
  0.89164496E+000
  0.89164517E+000
  0.89164538E+000
  0.89164560E+000
  0.89164584E+000
  0.89164608E+000
  0.89164633E+000
  0.89164659E+000
  0.89164687E+000
  0.89164715E+000
  0.89164745E+000
  0.89164776E+000
  0.89164808E+000
  0.89164842E+000
  0.89164877E+000
  0.89164914E+000
  0.89164953E+000
  0.89164994E+000
  0.89165037E+000
  0.89165082E+000
  0.89165131E+000
  0.89165182E+000
  0.89165236E+000
  0.89165293E+000
  0.89165355E+000
  0.89165421E+000
  0.89165491E+000
  0.89165567E+000
  0.89165649E+000
  0.89165738E+000
  0.89165836E+000
  0.89165944E+000
  0.89166064E+000
  0.89166203E+000
  0.89166364E+000
  0.89166569E+000
  0.89166802E+000
