 -0.93401742E+000 -0.83813383E+000 -0.56492699E+000 -0.20764928E+000 -0.57295680E-002  0.84681032E-003  0.95404910E+000  0.45945677E+001  0.89465163E+001  0.16278867E+002  0.22291896E+002
 -0.93401756E+000 -0.83813400E+000 -0.56492728E+000 -0.20764978E+000 -0.57297328E-002  0.84671252E-003  0.95404680E+000  0.45945627E+001  0.89465061E+001  0.16278846E+002  0.22291873E+002
 -0.93401765E+000 -0.83813411E+000 -0.56492752E+000 -0.20765025E+000 -0.57297659E-002  0.84668726E-003  0.95404488E+000  0.45945574E+001  0.89464954E+001  0.16278825E+002  0.22291850E+002
 -0.93401768E+000 -0.83813417E+000 -0.56492773E+000 -0.20765069E+000 -0.57297672E-002  0.84668307E-003  0.95404329E+000  0.45945519E+001  0.89464844E+001  0.16278804E+002  0.22291826E+002
 -0.93401769E+000 -0.83813421E+000 -0.56492793E+000 -0.20765110E+000 -0.57297593E-002  0.84668547E-003  0.95404192E+000  0.45945464E+001  0.89464731E+001  0.16278782E+002  0.22291803E+002
 -0.93401769E+000 -0.83813423E+000 -0.56492811E+000 -0.20765148E+000 -0.57297487E-002  0.84668977E-003  0.95404070E+000  0.45945408E+001  0.89464616E+001  0.16278761E+002  0.22291779E+002
 -0.93401768E+000 -0.83813424E+000 -0.56492828E+000 -0.20765183E+000 -0.57297378E-002  0.84669435E-003  0.95403960E+000  0.45945353E+001  0.89464500E+001  0.16278740E+002  0.22291755E+002
 -0.93401767E+000 -0.83813424E+000 -0.56492844E+000 -0.20765215E+000 -0.57297274E-002  0.84669866E-003  0.95403858E+000  0.45945299E+001  0.89464384E+001  0.16278718E+002  0.22291731E+002
 -0.93401766E+000 -0.83813424E+000 -0.56492859E+000 -0.20765245E+000 -0.57297180E-002  0.84670253E-003  0.95403763E+000  0.45945246E+001  0.89464268E+001  0.16278697E+002  0.22291707E+002
 -0.93401766E+000 -0.83813424E+000 -0.56492873E+000 -0.20765273E+000 -0.57297095E-002  0.84670594E-003  0.95403672E+000  0.45945194E+001  0.89464153E+001  0.16278675E+002  0.22291682E+002
 -0.93401767E+000 -0.83813425E+000 -0.56492885E+000 -0.20765299E+000 -0.57297021E-002  0.84670893E-003  0.95403585E+000  0.45945143E+001  0.89464038E+001  0.16278654E+002  0.22291658E+002
 -0.93401768E+000 -0.83813425E+000 -0.56492897E+000 -0.20765322E+000 -0.57296956E-002  0.84671154E-003  0.95403502E+000  0.45945093E+001  0.89463923E+001  0.16278633E+002  0.22291634E+002
 -0.93401770E+000 -0.83813426E+000 -0.56492908E+000 -0.20765344E+000 -0.57296899E-002  0.84671382E-003  0.95403420E+000  0.45945043E+001  0.89463810E+001  0.16278611E+002  0.22291609E+002
 -0.93401771E+000 -0.83813427E+000 -0.56492918E+000 -0.20765365E+000 -0.57296850E-002  0.84671581E-003  0.95403340E+000  0.45944994E+001  0.89463697E+001  0.16278590E+002  0.22291585E+002
 -0.93401774E+000 -0.83813428E+000 -0.56492928E+000 -0.20765384E+000 -0.57296807E-002  0.84671754E-003  0.95403262E+000  0.45944945E+001  0.89463585E+001  0.16278568E+002  0.22291560E+002
 -0.93401776E+000 -0.83813430E+000 -0.56492937E+000 -0.20765402E+000 -0.57296770E-002  0.84671906E-003  0.95403184E+000  0.45944896E+001  0.89463474E+001  0.16278547E+002  0.22291535E+002
 -0.93401779E+000 -0.83813432E+000 -0.56492946E+000 -0.20765418E+000 -0.57296739E-002  0.84672039E-003  0.95403107E+000  0.45944848E+001  0.89463363E+001  0.16278526E+002  0.22291510E+002
 -0.93401782E+000 -0.83813433E+000 -0.56492954E+000 -0.20765433E+000 -0.57296712E-002  0.84672155E-003  0.95403030E+000  0.45944800E+001  0.89463253E+001  0.16278504E+002  0.22291485E+002
 -0.93401785E+000 -0.83813435E+000 -0.56492962E+000 -0.20765448E+000 -0.57296688E-002  0.84672258E-003  0.95402953E+000  0.45944752E+001  0.89463142E+001  0.16278483E+002  0.22291460E+002
 -0.93401788E+000 -0.83813438E+000 -0.56492970E+000 -0.20765461E+000 -0.57296668E-002  0.84672347E-003  0.95402875E+000  0.45944704E+001  0.89463032E+001  0.16278461E+002  0.22291434E+002
 -0.93401791E+000 -0.83813440E+000 -0.56492977E+000 -0.20765474E+000 -0.57296651E-002  0.84672425E-003  0.95402798E+000  0.45944656E+001  0.89462922E+001  0.16278440E+002  0.22291408E+002
 -0.93401794E+000 -0.83813442E+000 -0.56492985E+000 -0.20765486E+000 -0.57296636E-002  0.84672494E-003  0.95402719E+000  0.45944608E+001  0.89462811E+001  0.16278418E+002  0.22291382E+002
 -0.93401797E+000 -0.83813445E+000 -0.56492992E+000 -0.20765497E+000 -0.57296623E-002  0.84672553E-003  0.95402639E+000  0.45944560E+001  0.89462699E+001  0.16278396E+002  0.22291355E+002
 -0.93401801E+000 -0.83813447E+000 -0.56492999E+000 -0.20765507E+000 -0.57296612E-002  0.84672605E-003  0.95402558E+000  0.45944511E+001  0.89462587E+001  0.16278374E+002  0.22291328E+002
 -0.93401804E+000 -0.83813450E+000 -0.56493006E+000 -0.20765517E+000 -0.57296603E-002  0.84672650E-003  0.95402476E+000  0.45944463E+001  0.89462474E+001  0.16278352E+002  0.22291301E+002
 -0.93401807E+000 -0.83813452E+000 -0.56493012E+000 -0.20765526E+000 -0.57296595E-002  0.84672689E-003  0.95402392E+000  0.45944414E+001  0.89462360E+001  0.16278330E+002  0.22291273E+002
 -0.93401810E+000 -0.83813455E+000 -0.56493019E+000 -0.20765535E+000 -0.57296589E-002  0.84672721E-003  0.95402307E+000  0.45944365E+001  0.89462245E+001  0.16278307E+002  0.22291245E+002
 -0.93401813E+000 -0.83813457E+000 -0.56493026E+000 -0.20765543E+000 -0.57296583E-002  0.84672748E-003  0.95402219E+000  0.45944315E+001  0.89462128E+001  0.16278284E+002  0.22291216E+002
 -0.93401816E+000 -0.83813460E+000 -0.56493032E+000 -0.20765551E+000 -0.57296578E-002  0.84672771E-003  0.95402130E+000  0.45944265E+001  0.89462010E+001  0.16278261E+002  0.22291187E+002
 -0.93401819E+000 -0.83813462E+000 -0.56493038E+000 -0.20765559E+000 -0.57296575E-002  0.84672788E-003  0.95402038E+000  0.45944214E+001  0.89461891E+001  0.16278238E+002  0.22291157E+002
 -0.93401822E+000 -0.83813465E+000 -0.56493045E+000 -0.20765566E+000 -0.57296572E-002  0.84672801E-003  0.95401943E+000  0.45944163E+001  0.89461770E+001  0.16278215E+002  0.22291126E+002
 -0.93401824E+000 -0.83813467E+000 -0.56493051E+000 -0.20765573E+000 -0.57296569E-002  0.84672810E-003  0.95401846E+000  0.45944111E+001  0.89461647E+001  0.16278191E+002  0.22291096E+002
 -0.93401827E+000 -0.83813469E+000 -0.56493057E+000 -0.20765579E+000 -0.57296567E-002  0.84672815E-003  0.95401746E+000  0.45944059E+001  0.89461522E+001  0.16278167E+002  0.22291064E+002
 -0.93401830E+000 -0.83813472E+000 -0.56493063E+000 -0.20765586E+000 -0.57296566E-002  0.84672815E-003  0.95401643E+000  0.45944006E+001  0.89461395E+001  0.16278143E+002  0.22291032E+002
 -0.93401833E+000 -0.83813474E+000 -0.56493069E+000 -0.20765591E+000 -0.57296566E-002  0.84672812E-003  0.95401537E+000  0.45943952E+001  0.89461266E+001  0.16278118E+002  0.22290999E+002
 -0.93401835E+000 -0.83813476E+000 -0.56493074E+000 -0.20765597E+000 -0.57296566E-002  0.84672804E-003  0.95401428E+000  0.45943897E+001  0.89461135E+001  0.16278093E+002  0.22290966E+002
 -0.93401838E+000 -0.83813479E+000 -0.56493080E+000 -0.20765602E+000 -0.57296566E-002  0.84672793E-003  0.95401316E+000  0.45943841E+001  0.89461002E+001  0.16278067E+002  0.22290933E+002
 -0.93401840E+000 -0.83813481E+000 -0.56493085E+000 -0.20765607E+000 -0.57296567E-002  0.84672777E-003  0.95401200E+000  0.45943784E+001  0.89460867E+001  0.16278042E+002  0.22290898E+002
 -0.93401843E+000 -0.83813483E+000 -0.56493090E+000 -0.20765612E+000 -0.57296568E-002  0.84672758E-003  0.95401080E+000  0.45943726E+001  0.89460730E+001  0.16278015E+002  0.22290863E+002
 -0.93401845E+000 -0.83813485E+000 -0.56493096E+000 -0.20765616E+000 -0.57296570E-002  0.84672735E-003  0.95400957E+000  0.45943667E+001  0.89460591E+001  0.16277989E+002  0.22290828E+002
 -0.93401847E+000 -0.83813487E+000 -0.56493100E+000 -0.20765620E+000 -0.57296573E-002  0.84672707E-003  0.95400831E+000  0.45943607E+001  0.89460449E+001  0.16277962E+002  0.22290793E+002
 -0.93401849E+000 -0.83813489E+000 -0.56493105E+000 -0.20765624E+000 -0.57296575E-002  0.84672675E-003  0.95400700E+000  0.45943546E+001  0.89460306E+001  0.16277934E+002  0.22290756E+002
 -0.93401851E+000 -0.83813491E+000 -0.56493109E+000 -0.20765628E+000 -0.57296579E-002  0.84672639E-003  0.95400566E+000  0.45943484E+001  0.89460160E+001  0.16277907E+002  0.22290720E+002
 -0.93401853E+000 -0.83813492E+000 -0.56493113E+000 -0.20765631E+000 -0.57296583E-002  0.84672599E-003  0.95400428E+000  0.45943421E+001  0.89460012E+001  0.16277878E+002  0.22290683E+002
 -0.93401855E+000 -0.83813494E+000 -0.56493117E+000 -0.20765634E+000 -0.57296587E-002  0.84672555E-003  0.95400285E+000  0.45943357E+001  0.89459862E+001  0.16277850E+002  0.22290646E+002
 -0.93401857E+000 -0.83813496E+000 -0.56493121E+000 -0.20765636E+000 -0.57296592E-002  0.84672506E-003  0.95400139E+000  0.45943291E+001  0.89459710E+001  0.16277820E+002  0.22290609E+002
 -0.93401859E+000 -0.83813497E+000 -0.56493124E+000 -0.20765638E+000 -0.57296598E-002  0.84672453E-003  0.95399989E+000  0.45943224E+001  0.89459556E+001  0.16277791E+002  0.22290572E+002
 -0.93401860E+000 -0.83813498E+000 -0.56493126E+000 -0.20765640E+000 -0.57296604E-002  0.84672395E-003  0.95399835E+000  0.45943156E+001  0.89459399E+001  0.16277761E+002  0.22290535E+002
 -0.93401862E+000 -0.83813499E+000 -0.56493129E+000 -0.20765642E+000 -0.57296611E-002  0.84672334E-003  0.95399676E+000  0.45943086E+001  0.89459240E+001  0.16277731E+002  0.22290497E+002
 -0.93401863E+000 -0.83813500E+000 -0.56493131E+000 -0.20765643E+000 -0.57296618E-002  0.84672268E-003  0.95399514E+000  0.45943015E+001  0.89459079E+001  0.16277700E+002  0.22290460E+002
 -0.93401864E+000 -0.83813501E+000 -0.56493132E+000 -0.20765644E+000 -0.57296626E-002  0.84672198E-003  0.95399347E+000  0.45942943E+001  0.89458916E+001  0.16277669E+002  0.22290423E+002
 -0.93401866E+000 -0.83813502E+000 -0.56493133E+000 -0.20765644E+000 -0.57296635E-002  0.84672124E-003  0.95399177E+000  0.45942869E+001  0.89458750E+001  0.16277638E+002  0.22290386E+002
 -0.93401867E+000 -0.83813503E+000 -0.56493134E+000 -0.20765644E+000 -0.57296644E-002  0.84672047E-003  0.95399002E+000  0.45942794E+001  0.89458583E+001  0.16277607E+002  0.22290350E+002
 -0.93401867E+000 -0.83813503E+000 -0.56493134E+000 -0.20765644E+000 -0.57296653E-002  0.84671966E-003  0.95398822E+000  0.45942717E+001  0.89458412E+001  0.16277575E+002  0.22290313E+002
 -0.93401868E+000 -0.83813503E+000 -0.56493134E+000 -0.20765643E+000 -0.57296663E-002  0.84671882E-003  0.95398639E+000  0.45942639E+001  0.89458240E+001  0.16277543E+002  0.22290277E+002
 -0.93401869E+000 -0.83813503E+000 -0.56493133E+000 -0.20765641E+000 -0.57296673E-002  0.84671795E-003  0.95398451E+000  0.45942560E+001  0.89458065E+001  0.16277511E+002  0.22290242E+002
 -0.93401869E+000 -0.83813503E+000 -0.56493132E+000 -0.20765639E+000 -0.57296684E-002  0.84671705E-003  0.95398258E+000  0.45942478E+001  0.89457888E+001  0.16277479E+002  0.22290207E+002
 -0.93401870E+000 -0.83813502E+000 -0.56493130E+000 -0.20765637E+000 -0.57296695E-002  0.84671613E-003  0.95398061E+000  0.45942396E+001  0.89457709E+001  0.16277448E+002  0.22290172E+002
 -0.93401870E+000 -0.83813502E+000 -0.56493127E+000 -0.20765634E+000 -0.57296706E-002  0.84671519E-003  0.95397859E+000  0.45942311E+001  0.89457528E+001  0.16277416E+002  0.22290139E+002
 -0.93401870E+000 -0.83813501E+000 -0.56493124E+000 -0.20765631E+000 -0.57296717E-002  0.84671423E-003  0.95397653E+000  0.45942226E+001  0.89457345E+001  0.16277384E+002  0.22290105E+002
 -0.93401870E+000 -0.83813499E+000 -0.56493120E+000 -0.20765627E+000 -0.57296728E-002  0.84671326E-003  0.95397441E+000  0.45942138E+001  0.89457161E+001  0.16277353E+002  0.22290073E+002
 -0.93401869E+000 -0.83813498E+000 -0.56493116E+000 -0.20765623E+000 -0.57296738E-002  0.84671228E-003  0.95397225E+000  0.45942049E+001  0.89456975E+001  0.16277322E+002  0.22290041E+002
 -0.93401869E+000 -0.83813496E+000 -0.56493110E+000 -0.20765618E+000 -0.57296748E-002  0.84671130E-003  0.95397003E+000  0.45941959E+001  0.89456788E+001  0.16277292E+002  0.22290010E+002
 -0.93401868E+000 -0.83813494E+000 -0.56493105E+000 -0.20765612E+000 -0.57296758E-002  0.84671032E-003  0.95396776E+000  0.45941868E+001  0.89456601E+001  0.16277261E+002  0.22289979E+002
 -0.93401867E+000 -0.83813492E+000 -0.56493098E+000 -0.20765606E+000 -0.57296767E-002  0.84670935E-003  0.95396544E+000  0.45941775E+001  0.89456412E+001  0.16277232E+002  0.22289950E+002
 -0.93401866E+000 -0.83813489E+000 -0.56493091E+000 -0.20765599E+000 -0.57296776E-002  0.84670839E-003  0.95396307E+000  0.45941681E+001  0.89456224E+001  0.16277203E+002  0.22289921E+002
 -0.93401865E+000 -0.83813486E+000 -0.56493083E+000 -0.20765591E+000 -0.57296783E-002  0.84670744E-003  0.95396064E+000  0.45941586E+001  0.89456035E+001  0.16277174E+002  0.22289893E+002
 -0.93401864E+000 -0.83813483E+000 -0.56493074E+000 -0.20765583E+000 -0.57296789E-002  0.84670651E-003  0.95395816E+000  0.45941490E+001  0.89455847E+001  0.16277146E+002  0.22289866E+002
 -0.93401862E+000 -0.83813479E+000 -0.56493064E+000 -0.20765574E+000 -0.57296794E-002  0.84670560E-003  0.95395563E+000  0.45941394E+001  0.89455660E+001  0.16277119E+002  0.22289839E+002
 -0.93401860E+000 -0.83813475E+000 -0.56493054E+000 -0.20765564E+000 -0.57296797E-002  0.84670473E-003  0.95395305E+000  0.45941297E+001  0.89455474E+001  0.16277092E+002  0.22289813E+002
 -0.93401858E+000 -0.83813471E+000 -0.56493043E+000 -0.20765553E+000 -0.57296799E-002  0.84670389E-003  0.95395042E+000  0.45941200E+001  0.89455289E+001  0.16277066E+002  0.22289789E+002
 -0.93401856E+000 -0.83813466E+000 -0.56493030E+000 -0.20765542E+000 -0.57296799E-002  0.84670310E-003  0.95394774E+000  0.45941102E+001  0.89455106E+001  0.16277041E+002  0.22289765E+002
 -0.93401854E+000 -0.83813460E+000 -0.56493017E+000 -0.20765529E+000 -0.57296797E-002  0.84670235E-003  0.95394502E+000  0.45941005E+001  0.89454926E+001  0.16277017E+002  0.22289741E+002
 -0.93401851E+000 -0.83813454E+000 -0.56493003E+000 -0.20765516E+000 -0.57296793E-002  0.84670165E-003  0.95394227E+000  0.45940908E+001  0.89454747E+001  0.16276993E+002  0.22289719E+002
 -0.93401848E+000 -0.83813448E+000 -0.56492988E+000 -0.20765501E+000 -0.57296787E-002  0.84670101E-003  0.95393948E+000  0.45940811E+001  0.89454572E+001  0.16276971E+002  0.22289697E+002
 -0.93401845E+000 -0.83813441E+000 -0.56492971E+000 -0.20765486E+000 -0.57296779E-002  0.84670043E-003  0.95393666E+000  0.45940715E+001  0.89454399E+001  0.16276949E+002  0.22289677E+002
 -0.93401841E+000 -0.83813434E+000 -0.56492954E+000 -0.20765470E+000 -0.57296768E-002  0.84669993E-003  0.95393382E+000  0.45940620E+001  0.89454230E+001  0.16276927E+002  0.22289656E+002
 -0.93401838E+000 -0.83813426E+000 -0.56492935E+000 -0.20765452E+000 -0.57296755E-002  0.84669950E-003  0.95393095E+000  0.45940526E+001  0.89454064E+001  0.16276907E+002  0.22289637E+002
 -0.93401833E+000 -0.83813418E+000 -0.56492916E+000 -0.20765433E+000 -0.57296739E-002  0.84669915E-003  0.95392807E+000  0.45940433E+001  0.89453901E+001  0.16276887E+002  0.22289618E+002
 -0.93401829E+000 -0.83813409E+000 -0.56492895E+000 -0.20765414E+000 -0.57296720E-002  0.84669888E-003  0.95392519E+000  0.45940342E+001  0.89453743E+001  0.16276868E+002  0.22289601E+002
 -0.93401824E+000 -0.83813399E+000 -0.56492873E+000 -0.20765393E+000 -0.57296699E-002  0.84669871E-003  0.95392230E+000  0.45940251E+001  0.89453588E+001  0.16276850E+002  0.22289583E+002
 -0.93401819E+000 -0.83813389E+000 -0.56492850E+000 -0.20765371E+000 -0.57296675E-002  0.84669863E-003  0.95391940E+000  0.45940163E+001  0.89453437E+001  0.16276833E+002  0.22289567E+002
 -0.93401814E+000 -0.83813378E+000 -0.56492826E+000 -0.20765347E+000 -0.57296649E-002  0.84669865E-003  0.95391652E+000  0.45940076E+001  0.89453291E+001  0.16276816E+002  0.22289551E+002
 -0.93401808E+000 -0.83813367E+000 -0.56492800E+000 -0.20765323E+000 -0.57296619E-002  0.84669877E-003  0.95391364E+000  0.45939991E+001  0.89453148E+001  0.16276800E+002  0.22289536E+002
 -0.93401802E+000 -0.83813355E+000 -0.56492773E+000 -0.20765297E+000 -0.57296587E-002  0.84669900E-003  0.95391078E+000  0.45939908E+001  0.89453010E+001  0.16276785E+002  0.22289521E+002
 -0.93401796E+000 -0.83813342E+000 -0.56492745E+000 -0.20765270E+000 -0.57296553E-002  0.84669934E-003  0.95390794E+000  0.45939827E+001  0.89452876E+001  0.16276770E+002  0.22289507E+002
 -0.93401789E+000 -0.83813329E+000 -0.56492716E+000 -0.20765242E+000 -0.57296515E-002  0.84669979E-003  0.95390512E+000  0.45939747E+001  0.89452745E+001  0.16276756E+002  0.22289493E+002
 -0.93401782E+000 -0.83813315E+000 -0.56492685E+000 -0.20765212E+000 -0.57296475E-002  0.84670035E-003  0.95390233E+000  0.45939670E+001  0.89452619E+001  0.16276742E+002  0.22289480E+002
 -0.93401775E+000 -0.83813301E+000 -0.56492654E+000 -0.20765181E+000 -0.57296433E-002  0.84670102E-003  0.95389956E+000  0.45939594E+001  0.89452497E+001  0.16276729E+002  0.22289468E+002
 -0.93401767E+000 -0.83813285E+000 -0.56492621E+000 -0.20765149E+000 -0.57296388E-002  0.84670180E-003  0.95389682E+000  0.45939520E+001  0.89452379E+001  0.16276717E+002  0.22289456E+002
 -0.93401759E+000 -0.83813270E+000 -0.56492587E+000 -0.20765116E+000 -0.57296340E-002  0.84670270E-003  0.95389412E+000  0.45939448E+001  0.89452264E+001  0.16276705E+002  0.22289444E+002
 -0.93401751E+000 -0.83813254E+000 -0.56492551E+000 -0.20765082E+000 -0.57296290E-002  0.84670370E-003  0.95389144E+000  0.45939378E+001  0.89452153E+001  0.16276693E+002  0.22289433E+002
 -0.93401742E+000 -0.83813237E+000 -0.56492515E+000 -0.20765046E+000 -0.57296238E-002  0.84670482E-003  0.95388880E+000  0.45939310E+001  0.89452046E+001  0.16276682E+002  0.22289422E+002
 -0.93401733E+000 -0.83813219E+000 -0.56492478E+000 -0.20765009E+000 -0.57296184E-002  0.84670604E-003  0.95388619E+000  0.45939243E+001  0.89451941E+001  0.16276672E+002  0.22289412E+002
 -0.93401724E+000 -0.83813201E+000 -0.56492439E+000 -0.20764971E+000 -0.57296128E-002  0.84670737E-003  0.95388362E+000  0.45939178E+001  0.89451840E+001  0.16276661E+002  0.22289401E+002
 -0.93401714E+000 -0.83813183E+000 -0.56492400E+000 -0.20764932E+000 -0.57296070E-002  0.84670880E-003  0.95388108E+000  0.45939115E+001  0.89451742E+001  0.16276651E+002  0.22289392E+002
 -0.93401704E+000 -0.83813164E+000 -0.56492360E+000 -0.20764892E+000 -0.57296009E-002  0.84671033E-003  0.95387857E+000  0.45939053E+001  0.89451646E+001  0.16276642E+002  0.22289382E+002
 -0.93401694E+000 -0.83813145E+000 -0.56492318E+000 -0.20764851E+000 -0.57295947E-002  0.84671196E-003  0.95387609E+000  0.45938992E+001  0.89451553E+001  0.16276632E+002  0.22289373E+002
 -0.93401684E+000 -0.83813125E+000 -0.56492276E+000 -0.20764809E+000 -0.57295884E-002  0.84671368E-003  0.95387363E+000  0.45938932E+001  0.89451462E+001  0.16276623E+002  0.22289364E+002
 -0.93401673E+000 -0.83813105E+000 -0.56492233E+000 -0.20764766E+000 -0.57295818E-002  0.84671548E-003  0.95387121E+000  0.45938874E+001  0.89451373E+001  0.16276614E+002  0.22289355E+002
 -0.93401663E+000 -0.83813084E+000 -0.56492190E+000 -0.20764722E+000 -0.57295752E-002  0.84671737E-003  0.95386881E+000  0.45938816E+001  0.89451286E+001  0.16276605E+002  0.22289346E+002
 -0.93401652E+000 -0.83813063E+000 -0.56492145E+000 -0.20764678E+000 -0.57295683E-002  0.84671934E-003  0.95386644E+000  0.45938760E+001  0.89451201E+001  0.16276597E+002  0.22289338E+002
 -0.93401641E+000 -0.83813042E+000 -0.56492100E+000 -0.20764632E+000 -0.57295614E-002  0.84672139E-003  0.95386409E+000  0.45938704E+001  0.89451117E+001  0.16276589E+002  0.22289329E+002
 -0.93401629E+000 -0.83813020E+000 -0.56492054E+000 -0.20764586E+000 -0.57295543E-002  0.84672350E-003  0.95386176E+000  0.45938650E+001  0.89451035E+001  0.16276580E+002  0.22289321E+002
 -0.93401618E+000 -0.83812998E+000 -0.56492008E+000 -0.20764538E+000 -0.57295471E-002  0.84672568E-003  0.95385945E+000  0.45938596E+001  0.89450954E+001  0.16276572E+002  0.22289313E+002
 -0.93401606E+000 -0.83812976E+000 -0.56491961E+000 -0.20764491E+000 -0.57295399E-002  0.84672792E-003  0.95385715E+000  0.45938542E+001  0.89450875E+001  0.16276564E+002  0.22289305E+002
 -0.93401594E+000 -0.83812953E+000 -0.56491913E+000 -0.20764442E+000 -0.57295325E-002  0.84673022E-003  0.95385488E+000  0.45938489E+001  0.89450796E+001  0.16276557E+002  0.22289297E+002
 -0.93401582E+000 -0.83812930E+000 -0.56491865E+000 -0.20764393E+000 -0.57295251E-002  0.84673257E-003  0.95385261E+000  0.45938437E+001  0.89450718E+001  0.16276549E+002  0.22289289E+002
 -0.93401570E+000 -0.83812907E+000 -0.56491817E+000 -0.20764343E+000 -0.57295175E-002  0.84673496E-003  0.95385037E+000  0.45938385E+001  0.89450642E+001  0.16276541E+002  0.22289282E+002
 -0.93401558E+000 -0.83812884E+000 -0.56491768E+000 -0.20764293E+000 -0.57295100E-002  0.84673740E-003  0.95384813E+000  0.45938334E+001  0.89450566E+001  0.16276534E+002  0.22289274E+002
 -0.93401546E+000 -0.83812860E+000 -0.56491719E+000 -0.20764242E+000 -0.57295024E-002  0.84673987E-003  0.95384591E+000  0.45938283E+001  0.89450491E+001  0.16276526E+002  0.22289266E+002
 -0.93401533E+000 -0.83812836E+000 -0.56491670E+000 -0.20764191E+000 -0.57294947E-002  0.84674238E-003  0.95384370E+000  0.45938233E+001  0.89450416E+001  0.16276519E+002  0.22289259E+002
 -0.93401521E+000 -0.83812812E+000 -0.56491620E+000 -0.20764140E+000 -0.57294870E-002  0.84674492E-003  0.95384150E+000  0.45938183E+001  0.89450342E+001  0.16276511E+002  0.22289251E+002
 -0.93401508E+000 -0.83812788E+000 -0.56491570E+000 -0.20764088E+000 -0.57294793E-002  0.84674748E-003  0.95383931E+000  0.45938133E+001  0.89450269E+001  0.16276504E+002  0.22289244E+002
 -0.93401496E+000 -0.83812764E+000 -0.56491521E+000 -0.20764035E+000 -0.57294716E-002  0.84675006E-003  0.95383713E+000  0.45938083E+001  0.89450196E+001  0.16276497E+002  0.22289236E+002
 -0.93401483E+000 -0.83812740E+000 -0.56491471E+000 -0.20763983E+000 -0.57294639E-002  0.84675266E-003  0.95383497E+000  0.45938034E+001  0.89450123E+001  0.16276490E+002  0.22289229E+002
 -0.93401470E+000 -0.83812716E+000 -0.56491421E+000 -0.20763930E+000 -0.57294561E-002  0.84675527E-003  0.95383281E+000  0.45937985E+001  0.89450052E+001  0.16276482E+002  0.22289222E+002
 -0.93401458E+000 -0.83812691E+000 -0.56491370E+000 -0.20763877E+000 -0.57294484E-002  0.84675789E-003  0.95383067E+000  0.45937936E+001  0.89449980E+001  0.16276475E+002  0.22289214E+002
 -0.93401445E+000 -0.83812667E+000 -0.56491320E+000 -0.20763824E+000 -0.57294408E-002  0.84676052E-003  0.95382853E+000  0.45937888E+001  0.89449909E+001  0.16276468E+002  0.22289207E+002
 -0.93401432E+000 -0.83812643E+000 -0.56491271E+000 -0.20763771E+000 -0.57294331E-002  0.84676316E-003  0.95382641E+000  0.45937840E+001  0.89449839E+001  0.16276461E+002  0.22289200E+002
 -0.93401420E+000 -0.83812618E+000 -0.56491221E+000 -0.20763717E+000 -0.57294255E-002  0.84676579E-003  0.95382430E+000  0.45937792E+001  0.89449769E+001  0.16276454E+002  0.22289192E+002
 -0.93401407E+000 -0.83812594E+000 -0.56491171E+000 -0.20763664E+000 -0.57294180E-002  0.84676842E-003  0.95382221E+000  0.45937744E+001  0.89449700E+001  0.16276447E+002  0.22289185E+002
 -0.93401394E+000 -0.83812570E+000 -0.56491122E+000 -0.20763611E+000 -0.57294105E-002  0.84677105E-003  0.95382013E+000  0.45937697E+001  0.89449631E+001  0.16276441E+002  0.22289178E+002
 -0.93401382E+000 -0.83812546E+000 -0.56491073E+000 -0.20763558E+000 -0.57294030E-002  0.84677367E-003  0.95381806E+000  0.45937650E+001  0.89449562E+001  0.16276434E+002  0.22289171E+002
 -0.93401369E+000 -0.83812522E+000 -0.56491024E+000 -0.20763505E+000 -0.57293957E-002  0.84677629E-003  0.95381601E+000  0.45937604E+001  0.89449494E+001  0.16276427E+002  0.22289164E+002
 -0.93401357E+000 -0.83812498E+000 -0.56490975E+000 -0.20763452E+000 -0.57293884E-002  0.84677889E-003  0.95381398E+000  0.45937558E+001  0.89449427E+001  0.16276420E+002  0.22289157E+002
 -0.93401344E+000 -0.83812474E+000 -0.56490927E+000 -0.20763399E+000 -0.57293812E-002  0.84678149E-003  0.95381196E+000  0.45937512E+001  0.89449360E+001  0.16276414E+002  0.22289150E+002
 -0.93401332E+000 -0.83812451E+000 -0.56490880E+000 -0.20763347E+000 -0.57293740E-002  0.84678407E-003  0.95380996E+000  0.45937466E+001  0.89449294E+001  0.16276407E+002  0.22289143E+002
 -0.93401320E+000 -0.83812428E+000 -0.56490832E+000 -0.20763295E+000 -0.57293670E-002  0.84678664E-003  0.95380799E+000  0.45937421E+001  0.89449228E+001  0.16276401E+002  0.22289137E+002
 -0.93401308E+000 -0.83812405E+000 -0.56490786E+000 -0.20763243E+000 -0.57293601E-002  0.84678919E-003  0.95380603E+000  0.45937376E+001  0.89449163E+001  0.16276394E+002  0.22289130E+002
 -0.93401296E+000 -0.83812382E+000 -0.56490740E+000 -0.20763192E+000 -0.57293532E-002  0.84679173E-003  0.95380410E+000  0.45937332E+001  0.89449099E+001  0.16276388E+002  0.22289123E+002
 -0.93401284E+000 -0.83812359E+000 -0.56490694E+000 -0.20763141E+000 -0.57293465E-002  0.84679425E-003  0.95380219E+000  0.45937289E+001  0.89449035E+001  0.16276381E+002  0.22289117E+002
 -0.93401273E+000 -0.83812337E+000 -0.56490649E+000 -0.20763091E+000 -0.57293399E-002  0.84679675E-003  0.95380031E+000  0.45937245E+001  0.89448972E+001  0.16276375E+002  0.22289110E+002
 -0.93401261E+000 -0.83812315E+000 -0.56490605E+000 -0.20763041E+000 -0.57293334E-002  0.84679924E-003  0.95379845E+000  0.45937203E+001  0.89448910E+001  0.16276369E+002  0.22289104E+002
 -0.93401250E+000 -0.83812294E+000 -0.56490562E+000 -0.20762992E+000 -0.57293270E-002  0.84680170E-003  0.95379662E+000  0.45937161E+001  0.89448849E+001  0.16276363E+002  0.22289097E+002
 -0.93401239E+000 -0.83812273E+000 -0.56490519E+000 -0.20762944E+000 -0.57293207E-002  0.84680415E-003  0.95379482E+000  0.45937119E+001  0.89448788E+001  0.16276357E+002  0.22289091E+002
 -0.93401228E+000 -0.83812252E+000 -0.56490477E+000 -0.20762896E+000 -0.57293146E-002  0.84680658E-003  0.95379305E+000  0.45937078E+001  0.89448729E+001  0.16276351E+002  0.22289085E+002
 -0.93401218E+000 -0.83812232E+000 -0.56490436E+000 -0.20762849E+000 -0.57293086E-002  0.84680899E-003  0.95379130E+000  0.45937038E+001  0.89448670E+001  0.16276345E+002  0.22289078E+002
 -0.93401208E+000 -0.83812212E+000 -0.56490395E+000 -0.20762802E+000 -0.57293027E-002  0.84681138E-003  0.95378959E+000  0.45936998E+001  0.89448613E+001  0.16276340E+002  0.22289072E+002
 -0.93401197E+000 -0.83812192E+000 -0.56490356E+000 -0.20762757E+000 -0.57292970E-002  0.84681374E-003  0.95378792E+000  0.45936959E+001  0.89448556E+001  0.16276334E+002  0.22289066E+002
 -0.93401187E+000 -0.83812173E+000 -0.56490317E+000 -0.20762712E+000 -0.57292913E-002  0.84681609E-003  0.95378627E+000  0.45936920E+001  0.89448500E+001  0.16276329E+002  0.22289060E+002
 -0.93401178E+000 -0.83812155E+000 -0.56490279E+000 -0.20762668E+000 -0.57292858E-002  0.84681841E-003  0.95378466E+000  0.45936883E+001  0.89448445E+001  0.16276323E+002  0.22289055E+002
 -0.93401168E+000 -0.83812136E+000 -0.56490242E+000 -0.20762625E+000 -0.57292805E-002  0.84682071E-003  0.95378309E+000  0.45936846E+001  0.89448392E+001  0.16276318E+002  0.22289049E+002
 -0.93401159E+000 -0.83812119E+000 -0.56490206E+000 -0.20762583E+000 -0.57292753E-002  0.84682299E-003  0.95378155E+000  0.45936810E+001  0.89448339E+001  0.16276313E+002  0.22289043E+002
 -0.93401150E+000 -0.83812101E+000 -0.56490171E+000 -0.20762541E+000 -0.57292702E-002  0.84682524E-003  0.95378005E+000  0.45936774E+001  0.89448288E+001  0.16276308E+002  0.22289038E+002
 -0.93401142E+000 -0.83812085E+000 -0.56490137E+000 -0.20762501E+000 -0.57292653E-002  0.84682747E-003  0.95377858E+000  0.45936739E+001  0.89448238E+001  0.16276303E+002  0.22289033E+002
 -0.93401133E+000 -0.83812069E+000 -0.56490104E+000 -0.20762462E+000 -0.57292605E-002  0.84682967E-003  0.95377716E+000  0.45936706E+001  0.89448189E+001  0.16276298E+002  0.22289027E+002
 -0.93401125E+000 -0.83812053E+000 -0.56490072E+000 -0.20762423E+000 -0.57292558E-002  0.84683185E-003  0.95377577E+000  0.45936673E+001  0.89448141E+001  0.16276293E+002  0.22289022E+002
 -0.93401117E+000 -0.83812038E+000 -0.56490041E+000 -0.20762386E+000 -0.57292513E-002  0.84683399E-003  0.95377442E+000  0.45936641E+001  0.89448095E+001  0.16276289E+002  0.22289017E+002
 -0.93401110E+000 -0.83812023E+000 -0.56490010E+000 -0.20762350E+000 -0.57292469E-002  0.84683611E-003  0.95377312E+000  0.45936609E+001  0.89448050E+001  0.16276284E+002  0.22289013E+002
 -0.93401102E+000 -0.83812009E+000 -0.56489981E+000 -0.20762315E+000 -0.57292427E-002  0.84683820E-003  0.95377185E+000  0.45936579E+001  0.89448006E+001  0.16276280E+002  0.22289008E+002
 -0.93401095E+000 -0.83811995E+000 -0.56489953E+000 -0.20762280E+000 -0.57292386E-002  0.84684025E-003  0.95377062E+000  0.45936550E+001  0.89447964E+001  0.16276276E+002  0.22289003E+002
 -0.93401089E+000 -0.83811981E+000 -0.56489925E+000 -0.20762247E+000 -0.57292347E-002  0.84684227E-003  0.95376944E+000  0.45936521E+001  0.89447923E+001  0.16276272E+002  0.22288999E+002
 -0.93401082E+000 -0.83811969E+000 -0.56489899E+000 -0.20762215E+000 -0.57292309E-002  0.84684426E-003  0.95376829E+000  0.45936494E+001  0.89447884E+001  0.16276268E+002  0.22288995E+002
 -0.93401076E+000 -0.83811956E+000 -0.56489873E+000 -0.20762184E+000 -0.57292273E-002  0.84684621E-003  0.95376719E+000  0.45936467E+001  0.89447846E+001  0.16276265E+002  0.22288990E+002
 -0.93401070E+000 -0.83811945E+000 -0.56489849E+000 -0.20762154E+000 -0.57292238E-002  0.84684811E-003  0.95376613E+000  0.45936442E+001  0.89447810E+001  0.16276261E+002  0.22288987E+002
 -0.93401064E+000 -0.83811933E+000 -0.56489825E+000 -0.20762125E+000 -0.57292205E-002  0.84684998E-003  0.95376511E+000  0.45936417E+001  0.89447775E+001  0.16276258E+002  0.22288983E+002
 -0.93401058E+000 -0.83811922E+000 -0.56489803E+000 -0.20762097E+000 -0.57292173E-002  0.84685180E-003  0.95376414E+000  0.45936394E+001  0.89447743E+001  0.16276255E+002  0.22288979E+002
 -0.93401053E+000 -0.83811912E+000 -0.56489781E+000 -0.20762069E+000 -0.57292142E-002  0.84685358E-003  0.95376321E+000  0.45936371E+001  0.89447711E+001  0.16276252E+002  0.22288976E+002
 -0.93401048E+000 -0.83811902E+000 -0.56489760E+000 -0.20762043E+000 -0.57292114E-002  0.84685530E-003  0.95376232E+000  0.45936350E+001  0.89447682E+001  0.16276249E+002  0.22288973E+002
 -0.93401043E+000 -0.83811892E+000 -0.56489740E+000 -0.20762019E+000 -0.57292086E-002  0.84685698E-003  0.95376147E+000  0.45936330E+001  0.89447654E+001  0.16276247E+002  0.22288970E+002
 -0.93401038E+000 -0.83811883E+000 -0.56489721E+000 -0.20761995E+000 -0.57292061E-002  0.84685860E-003  0.95376067E+000  0.45936311E+001  0.89447629E+001  0.16276245E+002  0.22288967E+002
 -0.93401034E+000 -0.83811875E+000 -0.56489703E+000 -0.20761972E+000 -0.57292037E-002  0.84686016E-003  0.95375991E+000  0.45936293E+001  0.89447605E+001  0.16276243E+002  0.22288964E+002
 -0.93401030E+000 -0.83811867E+000 -0.56489686E+000 -0.20761949E+000 -0.57292015E-002  0.84686167E-003  0.95375920E+000  0.45936276E+001  0.89447583E+001  0.16276241E+002  0.22288962E+002
 -0.93401026E+000 -0.83811859E+000 -0.56489670E+000 -0.20761928E+000 -0.57291994E-002  0.84686311E-003  0.95375853E+000  0.45936261E+001  0.89447564E+001  0.16276240E+002  0.22288960E+002
 -0.93401022E+000 -0.83811851E+000 -0.56489654E+000 -0.20761908E+000 -0.57291976E-002  0.84686448E-003  0.95375791E+000  0.45936247E+001  0.89447547E+001  0.16276238E+002  0.22288958E+002
 -0.93401018E+000 -0.83811844E+000 -0.56489639E+000 -0.20761889E+000 -0.57291959E-002  0.84686579E-003  0.95375733E+000  0.45936234E+001  0.89447533E+001  0.16276238E+002  0.22288957E+002
 -0.93401015E+000 -0.83811838E+000 -0.56489626E+000 -0.20761871E+000 -0.57291944E-002  0.84686702E-003  0.95375680E+000  0.45936223E+001  0.89447521E+001  0.16276237E+002  0.22288956E+002
 -0.93401011E+000 -0.83811831E+000 -0.56489613E+000 -0.20761853E+000 -0.57291931E-002  0.84686817E-003  0.95375632E+000  0.45936213E+001  0.89447512E+001  0.16276237E+002  0.22288955E+002
 -0.93401008E+000 -0.83811825E+000 -0.56489600E+000 -0.20761837E+000 -0.57291920E-002  0.84686925E-003  0.95375589E+000  0.45936205E+001  0.89447506E+001  0.16276237E+002  0.22288955E+002
 -0.93401005E+000 -0.83811820E+000 -0.56489589E+000 -0.20761822E+000 -0.57291911E-002  0.84687024E-003  0.95375551E+000  0.45936199E+001  0.89447503E+001  0.16276238E+002  0.22288955E+002
 -0.93401003E+000 -0.83811815E+000 -0.56489578E+000 -0.20761807E+000 -0.57291904E-002  0.84687115E-003  0.95375518E+000  0.45936195E+001  0.89447504E+001  0.16276239E+002  0.22288956E+002
 -0.93401000E+000 -0.83811810E+000 -0.56489569E+000 -0.20761793E+000 -0.57291900E-002  0.84687196E-003  0.95375490E+000  0.45936192E+001  0.89447508E+001  0.16276241E+002  0.22288957E+002
 -0.93400998E+000 -0.83811805E+000 -0.56489560E+000 -0.20761780E+000 -0.57291898E-002  0.84687269E-003  0.95375468E+000  0.45936192E+001  0.89447517E+001  0.16276244E+002  0.22288959E+002
 -0.93400995E+000 -0.83811801E+000 -0.56489551E+000 -0.20761768E+000 -0.57291898E-002  0.84687332E-003  0.95375451E+000  0.45936194E+001  0.89447530E+001  0.16276247E+002  0.22288962E+002
 -0.93400993E+000 -0.83811798E+000 -0.56489544E+000 -0.20761757E+000 -0.57291901E-002  0.84687386E-003  0.95375441E+000  0.45936198E+001  0.89447548E+001  0.16276251E+002  0.22288965E+002
 -0.93400991E+000 -0.83811794E+000 -0.56489538E+000 -0.20761747E+000 -0.57291906E-002  0.84687430E-003  0.95375436E+000  0.45936205E+001  0.89447571E+001  0.16276255E+002  0.22288970E+002
 -0.93400989E+000 -0.83811791E+000 -0.56489532E+000 -0.20761737E+000 -0.57291914E-002  0.84687463E-003  0.95375438E+000  0.45936214E+001  0.89447600E+001  0.16276261E+002  0.22288975E+002
 -0.93400988E+000 -0.83811789E+000 -0.56489527E+000 -0.20761729E+000 -0.57291924E-002  0.84687487E-003  0.95375446E+000  0.45936227E+001  0.89447635E+001  0.16276268E+002  0.22288981E+002
 -0.93400986E+000 -0.83811786E+000 -0.56489524E+000 -0.20761721E+000 -0.57291938E-002  0.84687501E-003  0.95375461E+000  0.45936242E+001  0.89447677E+001  0.16276275E+002  0.22288988E+002
 -0.93400985E+000 -0.83811785E+000 -0.56489521E+000 -0.20761715E+000 -0.57291954E-002  0.84687505E-003  0.95375482E+000  0.45936260E+001  0.89447725E+001  0.16276284E+002  0.22288997E+002
 -0.93400984E+000 -0.83811783E+000 -0.56489520E+000 -0.20761709E+000 -0.57291972E-002  0.84687498E-003  0.95375511E+000  0.45936282E+001  0.89447780E+001  0.16276294E+002  0.22289007E+002
 -0.93400983E+000 -0.83811782E+000 -0.56489519E+000 -0.20761705E+000 -0.57291994E-002  0.84687482E-003  0.95375546E+000  0.45936307E+001  0.89447843E+001  0.16276305E+002  0.22289018E+002
 -0.93400983E+000 -0.83811782E+000 -0.56489521E+000 -0.20761702E+000 -0.57292018E-002  0.84687455E-003  0.95375588E+000  0.45936336E+001  0.89447913E+001  0.16276318E+002  0.22289031E+002
 -0.93400983E+000 -0.83811783E+000 -0.56489524E+000 -0.20761701E+000 -0.57292045E-002  0.84687418E-003  0.95375636E+000  0.45936368E+001  0.89447991E+001  0.16276332E+002  0.22289045E+002
 -0.93400983E+000 -0.83811784E+000 -0.56489530E+000 -0.20761701E+000 -0.57292076E-002  0.84687369E-003  0.95375688E+000  0.45936402E+001  0.89448074E+001  0.16276347E+002  0.22289061E+002
 -0.93400984E+000 -0.83811787E+000 -0.56489538E+000 -0.20761705E+000 -0.57292109E-002  0.84687308E-003  0.95375743E+000  0.45936438E+001  0.89448162E+001  0.16276364E+002  0.22289079E+002
 -0.93400987E+000 -0.83811792E+000 -0.56489552E+000 -0.20761712E+000 -0.57292146E-002  0.84687231E-003  0.95375798E+000  0.45936475E+001  0.89448253E+001  0.16276381E+002  0.22289097E+002
 -0.93400991E+000 -0.83811800E+000 -0.56489572E+000 -0.20761724E+000 -0.57292188E-002  0.84687135E-003  0.95375847E+000  0.45936511E+001  0.89448342E+001  0.16276398E+002  0.22289117E+002
 -0.93400998E+000 -0.83811811E+000 -0.56489601E+000 -0.20761744E+000 -0.57292236E-002  0.84687012E-003  0.95375883E+000  0.45936543E+001  0.89448425E+001  0.16276415E+002  0.22289137E+002
 -0.93401009E+000 -0.83811830E+000 -0.56489647E+000 -0.20761776E+000 -0.57292293E-002  0.84686849E-003  0.95375893E+000  0.45936567E+001  0.89448494E+001  0.16276431E+002  0.22289158E+002
 -0.93401027E+000 -0.83811859E+000 -0.56489717E+000 -0.20761827E+000 -0.57292362E-002  0.84686624E-003  0.95375861E+000  0.45936577E+001  0.89448538E+001  0.16276444E+002  0.22289178E+002
 -0.93401057E+000 -0.83811905E+000 -0.56489829E+000 -0.20761909E+000 -0.57292453E-002  0.84686302E-003  0.95375754E+000  0.45936563E+001  0.89448545E+001  0.16276453E+002  0.22289195E+002
 -0.93401106E+000 -0.83811979E+000 -0.56490007E+000 -0.20762041E+000 -0.57292578E-002  0.84685820E-003  0.95375529E+000  0.45936514E+001  0.89448495E+001  0.16276456E+002  0.22289210E+002
 -0.93401186E+000 -0.83812100E+000 -0.56490299E+000 -0.20762260E+000 -0.57292766E-002  0.84685051E-003  0.95375099E+000  0.45936410E+001  0.89448364E+001  0.16276450E+002  0.22289218E+002
 -0.93401319E+000 -0.83812298E+000 -0.56490775E+000 -0.20762621E+000 -0.57293056E-002  0.84683826E-003  0.95374356E+000  0.45936231E+001  0.89448126E+001  0.16276433E+002  0.22289217E+002
 -0.93401548E+000 -0.83812637E+000 -0.56491590E+000 -0.20763262E+000 -0.57293586E-002  0.84681505E-003  0.95373005E+000  0.45935935E+001  0.89447738E+001  0.16276398E+002  0.22289202E+002
 -0.93401932E+000 -0.83813196E+000 -0.56492901E+000 -0.20764309E+000 -0.57294440E-002  0.84677679E-003  0.95370872E+000  0.45935506E+001  0.89447173E+001  0.16276342E+002  0.22289167E+002
 -0.93402643E+000 -0.83814250E+000 -0.56495363E+000 -0.20766529E+000 -0.57296789E-002  0.84666579E-003  0.95366660E+000  0.45934828E+001  0.89446321E+001  0.16276252E+002  0.22289096E+002
 -0.93403823E+000 -0.83815901E+000 -0.56498846E+000 -0.20769783E+000 -0.57300600E-002  0.84648698E-003  0.95361514E+000  0.45934037E+001  0.89445281E+001  0.16276130E+002  0.22288986E+002
