  0.30917523E+000  0.33896197E+000  0.44810759E+000  0.59604286E+000  0.77955696E+000  0.86835196E+000  0.11729088E+001  0.17259029E+001  0.23580501E+001  0.35242312E+001  0.54006308E+001
  0.30917523E+000  0.33896197E+000  0.44810759E+000  0.59604286E+000  0.77955696E+000  0.86835195E+000  0.11729088E+001  0.17259028E+001  0.23580501E+001  0.35242312E+001  0.54006307E+001
  0.30917523E+000  0.33896197E+000  0.44810759E+000  0.59604286E+000  0.77955696E+000  0.86835195E+000  0.11729088E+001  0.17259028E+001  0.23580501E+001  0.35242312E+001  0.54006307E+001
  0.30917523E+000  0.33896198E+000  0.44810759E+000  0.59604286E+000  0.77955696E+000  0.86835195E+000  0.11729088E+001  0.17259028E+001  0.23580501E+001  0.35242312E+001  0.54006307E+001
  0.30917523E+000  0.33896198E+000  0.44810759E+000  0.59604286E+000  0.77955696E+000  0.86835195E+000  0.11729088E+001  0.17259028E+001  0.23580501E+001  0.35242311E+001  0.54006307E+001
  0.30917523E+000  0.33896198E+000  0.44810759E+000  0.59604286E+000  0.77955697E+000  0.86835195E+000  0.11729088E+001  0.17259028E+001  0.23580501E+001  0.35242312E+001  0.54006307E+001
  0.30917523E+000  0.33896198E+000  0.44810759E+000  0.59604286E+000  0.77955697E+000  0.86835195E+000  0.11729088E+001  0.17259028E+001  0.23580501E+001  0.35242312E+001  0.54006307E+001
  0.30917523E+000  0.33896198E+000  0.44810759E+000  0.59604286E+000  0.77955697E+000  0.86835195E+000  0.11729088E+001  0.17259028E+001  0.23580501E+001  0.35242312E+001  0.54006307E+001
  0.30917523E+000  0.33896198E+000  0.44810759E+000  0.59604286E+000  0.77955698E+000  0.86835195E+000  0.11729088E+001  0.17259029E+001  0.23580501E+001  0.35242312E+001  0.54006307E+001
  0.30917523E+000  0.33896198E+000  0.44810759E+000  0.59604286E+000  0.77955698E+000  0.86835196E+000  0.11729088E+001  0.17259029E+001  0.23580501E+001  0.35242312E+001  0.54006308E+001
  0.30917523E+000  0.33896198E+000  0.44810759E+000  0.59604286E+000  0.77955698E+000  0.86835196E+000  0.11729088E+001  0.17259029E+001  0.23580501E+001  0.35242312E+001  0.54006308E+001
  0.30917523E+000  0.33896198E+000  0.44810759E+000  0.59604286E+000  0.77955698E+000  0.86835196E+000  0.11729088E+001  0.17259029E+001  0.23580501E+001  0.35242313E+001  0.54006308E+001
  0.30917523E+000  0.33896198E+000  0.44810759E+000  0.59604286E+000  0.77955699E+000  0.86835196E+000  0.11729088E+001  0.17259030E+001  0.23580501E+001  0.35242313E+001  0.54006308E+001
  0.30917523E+000  0.33896198E+000  0.44810759E+000  0.59604286E+000  0.77955699E+000  0.86835196E+000  0.11729088E+001  0.17259030E+001  0.23580501E+001  0.35242313E+001  0.54006308E+001
  0.30917523E+000  0.33896198E+000  0.44810759E+000  0.59604286E+000  0.77955699E+000  0.86835196E+000  0.11729088E+001  0.17259030E+001  0.23580501E+001  0.35242313E+001  0.54006308E+001
  0.30917523E+000  0.33896198E+000  0.44810759E+000  0.59604286E+000  0.77955700E+000  0.86835196E+000  0.11729088E+001  0.17259031E+001  0.23580501E+001  0.35242313E+001  0.54006308E+001
  0.30917523E+000  0.33896198E+000  0.44810759E+000  0.59604286E+000  0.77955700E+000  0.86835196E+000  0.11729088E+001  0.17259031E+001  0.23580501E+001  0.35242314E+001  0.54006308E+001
  0.30917523E+000  0.33896198E+000  0.44810759E+000  0.59604286E+000  0.77955700E+000  0.86835196E+000  0.11729088E+001  0.17259031E+001  0.23580501E+001  0.35242314E+001  0.54006308E+001
  0.30917523E+000  0.33896198E+000  0.44810759E+000  0.59604286E+000  0.77955700E+000  0.86835196E+000  0.11729088E+001  0.17259031E+001  0.23580501E+001  0.35242314E+001  0.54006308E+001
  0.30917523E+000  0.33896198E+000  0.44810759E+000  0.59604286E+000  0.77955701E+000  0.86835196E+000  0.11729088E+001  0.17259032E+001  0.23580501E+001  0.35242315E+001  0.54006308E+001
  0.30917523E+000  0.33896198E+000  0.44810759E+000  0.59604286E+000  0.77955701E+000  0.86835196E+000  0.11729088E+001  0.17259032E+001  0.23580501E+001  0.35242315E+001  0.54006308E+001
  0.30917523E+000  0.33896198E+000  0.44810759E+000  0.59604286E+000  0.77955701E+000  0.86835196E+000  0.11729088E+001  0.17259032E+001  0.23580501E+001  0.35242315E+001  0.54006309E+001
  0.30917523E+000  0.33896198E+000  0.44810759E+000  0.59604286E+000  0.77955701E+000  0.86835196E+000  0.11729088E+001  0.17259033E+001  0.23580501E+001  0.35242316E+001  0.54006309E+001
  0.30917523E+000  0.33896198E+000  0.44810759E+000  0.59604286E+000  0.77955702E+000  0.86835196E+000  0.11729088E+001  0.17259033E+001  0.23580502E+001  0.35242316E+001  0.54006309E+001
  0.30917523E+000  0.33896198E+000  0.44810759E+000  0.59604286E+000  0.77955702E+000  0.86835196E+000  0.11729088E+001  0.17259034E+001  0.23580502E+001  0.35242316E+001  0.54006309E+001
  0.30917523E+000  0.33896198E+000  0.44810759E+000  0.59604286E+000  0.77955702E+000  0.86835196E+000  0.11729088E+001  0.17259034E+001  0.23580502E+001  0.35242317E+001  0.54006309E+001
  0.30917523E+000  0.33896198E+000  0.44810759E+000  0.59604286E+000  0.77955703E+000  0.86835196E+000  0.11729089E+001  0.17259034E+001  0.23580502E+001  0.35242317E+001  0.54006309E+001
  0.30917523E+000  0.33896198E+000  0.44810759E+000  0.59604286E+000  0.77955703E+000  0.86835196E+000  0.11729089E+001  0.17259035E+001  0.23580502E+001  0.35242318E+001  0.54006309E+001
  0.30917523E+000  0.33896198E+000  0.44810759E+000  0.59604286E+000  0.77955703E+000  0.86835196E+000  0.11729089E+001  0.17259035E+001  0.23580502E+001  0.35242318E+001  0.54006309E+001
  0.30917523E+000  0.33896198E+000  0.44810759E+000  0.59604286E+000  0.77955703E+000  0.86835197E+000  0.11729089E+001  0.17259035E+001  0.23580502E+001  0.35242319E+001  0.54006309E+001
  0.30917523E+000  0.33896198E+000  0.44810759E+000  0.59604286E+000  0.77955704E+000  0.86835197E+000  0.11729089E+001  0.17259036E+001  0.23580502E+001  0.35242319E+001  0.54006310E+001
  0.30917523E+000  0.33896198E+000  0.44810759E+000  0.59604286E+000  0.77955704E+000  0.86835197E+000  0.11729089E+001  0.17259036E+001  0.23580502E+001  0.35242320E+001  0.54006310E+001
  0.30917523E+000  0.33896198E+000  0.44810759E+000  0.59604286E+000  0.77955704E+000  0.86835197E+000  0.11729089E+001  0.17259037E+001  0.23580502E+001  0.35242320E+001  0.54006310E+001
  0.30917523E+000  0.33896198E+000  0.44810759E+000  0.59604286E+000  0.77955704E+000  0.86835197E+000  0.11729090E+001  0.17259037E+001  0.23580502E+001  0.35242321E+001  0.54006310E+001
  0.30917523E+000  0.33896198E+000  0.44810759E+000  0.59604286E+000  0.77955705E+000  0.86835197E+000  0.11729090E+001  0.17259038E+001  0.23580502E+001  0.35242321E+001  0.54006310E+001
  0.30917523E+000  0.33896198E+000  0.44810759E+000  0.59604286E+000  0.77955705E+000  0.86835197E+000  0.11729090E+001  0.17259038E+001  0.23580502E+001  0.35242322E+001  0.54006310E+001
  0.30917523E+000  0.33896198E+000  0.44810759E+000  0.59604286E+000  0.77955705E+000  0.86835197E+000  0.11729090E+001  0.17259039E+001  0.23580503E+001  0.35242323E+001  0.54006310E+001
  0.30917523E+000  0.33896198E+000  0.44810759E+000  0.59604286E+000  0.77955706E+000  0.86835197E+000  0.11729090E+001  0.17259040E+001  0.23580503E+001  0.35242323E+001  0.54006310E+001
  0.30917523E+000  0.33896199E+000  0.44810759E+000  0.59604286E+000  0.77955706E+000  0.86835197E+000  0.11729091E+001  0.17259040E+001  0.23580503E+001  0.35242324E+001  0.54006311E+001
  0.30917523E+000  0.33896199E+000  0.44810759E+000  0.59604286E+000  0.77955706E+000  0.86835197E+000  0.11729091E+001  0.17259041E+001  0.23580503E+001  0.35242325E+001  0.54006311E+001
  0.30917523E+000  0.33896199E+000  0.44810759E+000  0.59604286E+000  0.77955707E+000  0.86835197E+000  0.11729091E+001  0.17259041E+001  0.23580503E+001  0.35242325E+001  0.54006311E+001
  0.30917523E+000  0.33896199E+000  0.44810759E+000  0.59604286E+000  0.77955707E+000  0.86835197E+000  0.11729092E+001  0.17259042E+001  0.23580503E+001  0.35242326E+001  0.54006311E+001
  0.30917523E+000  0.33896199E+000  0.44810759E+000  0.59604286E+000  0.77955707E+000  0.86835197E+000  0.11729092E+001  0.17259043E+001  0.23580503E+001  0.35242327E+001  0.54006311E+001
  0.30917523E+000  0.33896199E+000  0.44810759E+000  0.59604286E+000  0.77955708E+000  0.86835197E+000  0.11729092E+001  0.17259044E+001  0.23580503E+001  0.35242328E+001  0.54006312E+001
  0.30917523E+000  0.33896199E+000  0.44810759E+000  0.59604286E+000  0.77955708E+000  0.86835197E+000  0.11729092E+001  0.17259044E+001  0.23580504E+001  0.35242329E+001  0.54006312E+001
  0.30917523E+000  0.33896199E+000  0.44810759E+000  0.59604286E+000  0.77955708E+000  0.86835197E+000  0.11729093E+001  0.17259045E+001  0.23580504E+001  0.35242330E+001  0.54006312E+001
  0.30917523E+000  0.33896199E+000  0.44810759E+000  0.59604286E+000  0.77955709E+000  0.86835197E+000  0.11729093E+001  0.17259046E+001  0.23580504E+001  0.35242331E+001  0.54006312E+001
  0.30917523E+000  0.33896199E+000  0.44810759E+000  0.59604286E+000  0.77955709E+000  0.86835197E+000  0.11729094E+001  0.17259047E+001  0.23580504E+001  0.35242332E+001  0.54006312E+001
  0.30917523E+000  0.33896199E+000  0.44810759E+000  0.59604286E+000  0.77955710E+000  0.86835197E+000  0.11729094E+001  0.17259048E+001  0.23580504E+001  0.35242333E+001  0.54006313E+001
  0.30917523E+000  0.33896199E+000  0.44810759E+000  0.59604286E+000  0.77955710E+000  0.86835198E+000  0.11729094E+001  0.17259049E+001  0.23580504E+001  0.35242334E+001  0.54006313E+001
  0.30917523E+000  0.33896199E+000  0.44810759E+000  0.59604286E+000  0.77955710E+000  0.86835198E+000  0.11729095E+001  0.17259050E+001  0.23580505E+001  0.35242335E+001  0.54006313E+001
  0.30917523E+000  0.33896199E+000  0.44810759E+000  0.59604286E+000  0.77955711E+000  0.86835198E+000  0.11729095E+001  0.17259051E+001  0.23580505E+001  0.35242336E+001  0.54006313E+001
  0.30917523E+000  0.33896199E+000  0.44810759E+000  0.59604286E+000  0.77955711E+000  0.86835198E+000  0.11729096E+001  0.17259052E+001  0.23580505E+001  0.35242338E+001  0.54006314E+001
  0.30917523E+000  0.33896199E+000  0.44810759E+000  0.59604286E+000  0.77955712E+000  0.86835198E+000  0.11729096E+001  0.17259053E+001  0.23580505E+001  0.35242339E+001  0.54006314E+001
  0.30917523E+000  0.33896199E+000  0.44810759E+000  0.59604286E+000  0.77955712E+000  0.86835198E+000  0.11729097E+001  0.17259054E+001  0.23580506E+001  0.35242340E+001  0.54006314E+001
  0.30917523E+000  0.33896199E+000  0.44810759E+000  0.59604286E+000  0.77955713E+000  0.86835198E+000  0.11729098E+001  0.17259056E+001  0.23580506E+001  0.35242342E+001  0.54006315E+001
  0.30917523E+000  0.33896199E+000  0.44810759E+000  0.59604286E+000  0.77955713E+000  0.86835198E+000  0.11729098E+001  0.17259057E+001  0.23580506E+001  0.35242343E+001  0.54006315E+001
  0.30917523E+000  0.33896200E+000  0.44810759E+000  0.59604286E+000  0.77955714E+000  0.86835198E+000  0.11729099E+001  0.17259058E+001  0.23580506E+001  0.35242345E+001  0.54006315E+001
  0.30917523E+000  0.33896200E+000  0.44810759E+000  0.59604286E+000  0.77955715E+000  0.86835198E+000  0.11729100E+001  0.17259060E+001  0.23580507E+001  0.35242346E+001  0.54006315E+001
  0.30917523E+000  0.33896200E+000  0.44810759E+000  0.59604286E+000  0.77955715E+000  0.86835199E+000  0.11729100E+001  0.17259061E+001  0.23580507E+001  0.35242348E+001  0.54006316E+001
  0.30917523E+000  0.33896200E+000  0.44810759E+000  0.59604286E+000  0.77955716E+000  0.86835199E+000  0.11729101E+001  0.17259063E+001  0.23580507E+001  0.35242349E+001  0.54006316E+001
  0.30917523E+000  0.33896200E+000  0.44810759E+000  0.59604286E+000  0.77955716E+000  0.86835199E+000  0.11729102E+001  0.17259064E+001  0.23580507E+001  0.35242351E+001  0.54006317E+001
  0.30917523E+000  0.33896200E+000  0.44810759E+000  0.59604286E+000  0.77955717E+000  0.86835199E+000  0.11729102E+001  0.17259066E+001  0.23580508E+001  0.35242353E+001  0.54006317E+001
  0.30917523E+000  0.33896200E+000  0.44810759E+000  0.59604286E+000  0.77955718E+000  0.86835199E+000  0.11729103E+001  0.17259068E+001  0.23580508E+001  0.35242355E+001  0.54006317E+001
  0.30917523E+000  0.33896200E+000  0.44810759E+000  0.59604286E+000  0.77955719E+000  0.86835199E+000  0.11729104E+001  0.17259070E+001  0.23580508E+001  0.35242356E+001  0.54006318E+001
  0.30917523E+000  0.33896200E+000  0.44810759E+000  0.59604286E+000  0.77955720E+000  0.86835200E+000  0.11729105E+001  0.17259072E+001  0.23580509E+001  0.35242358E+001  0.54006318E+001
  0.30917523E+000  0.33896201E+000  0.44810759E+000  0.59604286E+000  0.77955720E+000  0.86835200E+000  0.11729106E+001  0.17259073E+001  0.23580509E+001  0.35242360E+001  0.54006319E+001
  0.30917523E+000  0.33896201E+000  0.44810759E+000  0.59604286E+000  0.77955721E+000  0.86835200E+000  0.11729107E+001  0.17259075E+001  0.23580509E+001  0.35242362E+001  0.54006319E+001
  0.30917523E+000  0.33896201E+000  0.44810759E+000  0.59604286E+000  0.77955722E+000  0.86835200E+000  0.11729108E+001  0.17259078E+001  0.23580510E+001  0.35242364E+001  0.54006319E+001
  0.30917523E+000  0.33896201E+000  0.44810759E+000  0.59604286E+000  0.77955723E+000  0.86835200E+000  0.11729109E+001  0.17259080E+001  0.23580510E+001  0.35242366E+001  0.54006320E+001
  0.30917523E+000  0.33896201E+000  0.44810759E+000  0.59604286E+000  0.77955724E+000  0.86835201E+000  0.11729110E+001  0.17259082E+001  0.23580511E+001  0.35242369E+001  0.54006320E+001
  0.30917523E+000  0.33896201E+000  0.44810759E+000  0.59604286E+000  0.77955725E+000  0.86835201E+000  0.11729111E+001  0.17259084E+001  0.23580511E+001  0.35242371E+001  0.54006321E+001
  0.30917523E+000  0.33896201E+000  0.44810759E+000  0.59604286E+000  0.77955726E+000  0.86835201E+000  0.11729112E+001  0.17259087E+001  0.23580511E+001  0.35242373E+001  0.54006321E+001
  0.30917523E+000  0.33896202E+000  0.44810759E+000  0.59604286E+000  0.77955728E+000  0.86835202E+000  0.11729113E+001  0.17259089E+001  0.23580512E+001  0.35242375E+001  0.54006322E+001
  0.30917523E+000  0.33896202E+000  0.44810759E+000  0.59604286E+000  0.77955729E+000  0.86835202E+000  0.11729114E+001  0.17259092E+001  0.23580512E+001  0.35242378E+001  0.54006323E+001
  0.30917523E+000  0.33896202E+000  0.44810759E+000  0.59604286E+000  0.77955730E+000  0.86835202E+000  0.11729116E+001  0.17259094E+001  0.23580513E+001  0.35242380E+001  0.54006323E+001
  0.30917523E+000  0.33896202E+000  0.44810759E+000  0.59604286E+000  0.77955731E+000  0.86835203E+000  0.11729117E+001  0.17259097E+001  0.23580513E+001  0.35242383E+001  0.54006324E+001
  0.30917523E+000  0.33896202E+000  0.44810759E+000  0.59604286E+000  0.77955733E+000  0.86835203E+000  0.11729118E+001  0.17259100E+001  0.23580514E+001  0.35242385E+001  0.54006324E+001
  0.30917523E+000  0.33896203E+000  0.44810759E+000  0.59604286E+000  0.77955734E+000  0.86835203E+000  0.11729120E+001  0.17259102E+001  0.23580514E+001  0.35242388E+001  0.54006325E+001
  0.30917523E+000  0.33896203E+000  0.44810759E+000  0.59604286E+000  0.77955735E+000  0.86835204E+000  0.11729121E+001  0.17259105E+001  0.23580514E+001  0.35242391E+001  0.54006326E+001
  0.30917523E+000  0.33896203E+000  0.44810759E+000  0.59604286E+000  0.77955737E+000  0.86835204E+000  0.11729123E+001  0.17259108E+001  0.23580515E+001  0.35242394E+001  0.54006326E+001
  0.30917523E+000  0.33896203E+000  0.44810759E+000  0.59604286E+000  0.77955739E+000  0.86835205E+000  0.11729124E+001  0.17259112E+001  0.23580515E+001  0.35242396E+001  0.54006327E+001
  0.30917523E+000  0.33896203E+000  0.44810759E+000  0.59604286E+000  0.77955740E+000  0.86835205E+000  0.11729126E+001  0.17259115E+001  0.23580516E+001  0.35242399E+001  0.54006328E+001
  0.30917523E+000  0.33896204E+000  0.44810759E+000  0.59604286E+000  0.77955742E+000  0.86835206E+000  0.11729127E+001  0.17259118E+001  0.23580517E+001  0.35242402E+001  0.54006328E+001
  0.30917523E+000  0.33896204E+000  0.44810759E+000  0.59604286E+000  0.77955743E+000  0.86835206E+000  0.11729129E+001  0.17259121E+001  0.23580517E+001  0.35242405E+001  0.54006329E+001
  0.30917523E+000  0.33896204E+000  0.44810759E+000  0.59604286E+000  0.77955745E+000  0.86835207E+000  0.11729131E+001  0.17259125E+001  0.23580518E+001  0.35242409E+001  0.54006330E+001
  0.30917523E+000  0.33896204E+000  0.44810759E+000  0.59604286E+000  0.77955747E+000  0.86835207E+000  0.11729132E+001  0.17259128E+001  0.23580518E+001  0.35242412E+001  0.54006330E+001
  0.30917523E+000  0.33896205E+000  0.44810759E+000  0.59604286E+000  0.77955749E+000  0.86835208E+000  0.11729134E+001  0.17259132E+001  0.23580519E+001  0.35242415E+001  0.54006331E+001
  0.30917523E+000  0.33896205E+000  0.44810759E+000  0.59604286E+000  0.77955751E+000  0.86835208E+000  0.11729136E+001  0.17259136E+001  0.23580519E+001  0.35242418E+001  0.54006332E+001
  0.30917523E+000  0.33896205E+000  0.44810759E+000  0.59604286E+000  0.77955753E+000  0.86835209E+000  0.11729138E+001  0.17259139E+001  0.23580520E+001  0.35242422E+001  0.54006333E+001
  0.30917523E+000  0.33896205E+000  0.44810759E+000  0.59604286E+000  0.77955755E+000  0.86835209E+000  0.11729140E+001  0.17259143E+001  0.23580521E+001  0.35242425E+001  0.54006334E+001
  0.30917523E+000  0.33896206E+000  0.44810759E+000  0.59604286E+000  0.77955757E+000  0.86835210E+000  0.11729142E+001  0.17259147E+001  0.23580521E+001  0.35242429E+001  0.54006334E+001
  0.30917523E+000  0.33896206E+000  0.44810759E+000  0.59604286E+000  0.77955759E+000  0.86835211E+000  0.11729144E+001  0.17259151E+001  0.23580522E+001  0.35242433E+001  0.54006335E+001
  0.30917523E+000  0.33896206E+000  0.44810759E+000  0.59604286E+000  0.77955761E+000  0.86835211E+000  0.11729146E+001  0.17259155E+001  0.23580522E+001  0.35242436E+001  0.54006336E+001
  0.30917523E+000  0.33896206E+000  0.44810759E+000  0.59604286E+000  0.77955763E+000  0.86835212E+000  0.11729148E+001  0.17259159E+001  0.23580523E+001  0.35242440E+001  0.54006337E+001
  0.30917523E+000  0.33896207E+000  0.44810759E+000  0.59604286E+000  0.77955765E+000  0.86835213E+000  0.11729150E+001  0.17259164E+001  0.23580524E+001  0.35242444E+001  0.54006338E+001
  0.30917523E+000  0.33896207E+000  0.44810760E+000  0.59604286E+000  0.77955768E+000  0.86835213E+000  0.11729152E+001  0.17259168E+001  0.23580524E+001  0.35242448E+001  0.54006339E+001
  0.30917523E+000  0.33896207E+000  0.44810760E+000  0.59604286E+000  0.77955770E+000  0.86835214E+000  0.11729154E+001  0.17259172E+001  0.23580525E+001  0.35242452E+001  0.54006340E+001
  0.30917523E+000  0.33896207E+000  0.44810760E+000  0.59604286E+000  0.77955772E+000  0.86835215E+000  0.11729156E+001  0.17259177E+001  0.23580526E+001  0.35242456E+001  0.54006341E+001
  0.30917523E+000  0.33896208E+000  0.44810760E+000  0.59604286E+000  0.77955775E+000  0.86835216E+000  0.11729159E+001  0.17259181E+001  0.23580527E+001  0.35242460E+001  0.54006342E+001
  0.30917523E+000  0.33896208E+000  0.44810760E+000  0.59604286E+000  0.77955777E+000  0.86835217E+000  0.11729161E+001  0.17259185E+001  0.23580527E+001  0.35242464E+001  0.54006343E+001
  0.30917523E+000  0.33896208E+000  0.44810760E+000  0.59604286E+000  0.77955779E+000  0.86835217E+000  0.11729163E+001  0.17259190E+001  0.23580528E+001  0.35242468E+001  0.54006344E+001
  0.30917523E+000  0.33896209E+000  0.44810760E+000  0.59604286E+000  0.77955782E+000  0.86835218E+000  0.11729166E+001  0.17259195E+001  0.23580529E+001  0.35242473E+001  0.54006345E+001
  0.30917523E+000  0.33896209E+000  0.44810760E+000  0.59604286E+000  0.77955784E+000  0.86835219E+000  0.11729168E+001  0.17259199E+001  0.23580530E+001  0.35242477E+001  0.54006346E+001
  0.30917523E+000  0.33896209E+000  0.44810760E+000  0.59604286E+000  0.77955787E+000  0.86835220E+000  0.11729171E+001  0.17259204E+001  0.23580530E+001  0.35242481E+001  0.54006347E+001
  0.30917523E+000  0.33896209E+000  0.44810760E+000  0.59604286E+000  0.77955789E+000  0.86835221E+000  0.11729173E+001  0.17259209E+001  0.23580531E+001  0.35242486E+001  0.54006348E+001
  0.30917523E+000  0.33896210E+000  0.44810760E+000  0.59604286E+000  0.77955792E+000  0.86835222E+000  0.11729176E+001  0.17259213E+001  0.23580532E+001  0.35242490E+001  0.54006349E+001
  0.30917523E+000  0.33896210E+000  0.44810760E+000  0.59604286E+000  0.77955795E+000  0.86835223E+000  0.11729178E+001  0.17259218E+001  0.23580533E+001  0.35242495E+001  0.54006350E+001
  0.30917523E+000  0.33896210E+000  0.44810760E+000  0.59604286E+000  0.77955797E+000  0.86835224E+000  0.11729181E+001  0.17259223E+001  0.23580533E+001  0.35242500E+001  0.54006351E+001
  0.30917523E+000  0.33896210E+000  0.44810760E+000  0.59604286E+000  0.77955800E+000  0.86835224E+000  0.11729183E+001  0.17259228E+001  0.23580534E+001  0.35242504E+001  0.54006352E+001
  0.30917523E+000  0.33896211E+000  0.44810760E+000  0.59604286E+000  0.77955803E+000  0.86835225E+000  0.11729186E+001  0.17259233E+001  0.23580535E+001  0.35242509E+001  0.54006353E+001
  0.30917523E+000  0.33896211E+000  0.44810760E+000  0.59604286E+000  0.77955805E+000  0.86835226E+000  0.11729189E+001  0.17259238E+001  0.23580536E+001  0.35242514E+001  0.54006355E+001
  0.30917523E+000  0.33896211E+000  0.44810760E+000  0.59604286E+000  0.77955808E+000  0.86835227E+000  0.11729191E+001  0.17259243E+001  0.23580537E+001  0.35242519E+001  0.54006356E+001
  0.30917523E+000  0.33896212E+000  0.44810760E+000  0.59604286E+000  0.77955811E+000  0.86835228E+000  0.11729194E+001  0.17259248E+001  0.23580537E+001  0.35242524E+001  0.54006357E+001
  0.30917523E+000  0.33896212E+000  0.44810760E+000  0.59604286E+000  0.77955814E+000  0.86835229E+000  0.11729196E+001  0.17259253E+001  0.23580538E+001  0.35242529E+001  0.54006358E+001
  0.30917523E+000  0.33896212E+000  0.44810760E+000  0.59604286E+000  0.77955816E+000  0.86835230E+000  0.11729199E+001  0.17259258E+001  0.23580539E+001  0.35242534E+001  0.54006359E+001
  0.30917523E+000  0.33896212E+000  0.44810760E+000  0.59604286E+000  0.77955819E+000  0.86835231E+000  0.11729202E+001  0.17259263E+001  0.23580540E+001  0.35242539E+001  0.54006361E+001
  0.30917523E+000  0.33896213E+000  0.44810760E+000  0.59604286E+000  0.77955822E+000  0.86835232E+000  0.11729205E+001  0.17259268E+001  0.23580541E+001  0.35242544E+001  0.54006362E+001
  0.30917523E+000  0.33896213E+000  0.44810760E+000  0.59604286E+000  0.77955825E+000  0.86835233E+000  0.11729207E+001  0.17259273E+001  0.23580542E+001  0.35242549E+001  0.54006363E+001
  0.30917523E+000  0.33896213E+000  0.44810760E+000  0.59604286E+000  0.77955827E+000  0.86835234E+000  0.11729210E+001  0.17259278E+001  0.23580543E+001  0.35242554E+001  0.54006364E+001
  0.30917523E+000  0.33896213E+000  0.44810760E+000  0.59604286E+000  0.77955830E+000  0.86835235E+000  0.11729213E+001  0.17259283E+001  0.23580543E+001  0.35242559E+001  0.54006366E+001
  0.30917523E+000  0.33896214E+000  0.44810760E+000  0.59604286E+000  0.77955833E+000  0.86835236E+000  0.11729215E+001  0.17259288E+001  0.23580544E+001  0.35242565E+001  0.54006367E+001
  0.30917523E+000  0.33896214E+000  0.44810760E+000  0.59604286E+000  0.77955836E+000  0.86835237E+000  0.11729218E+001  0.17259293E+001  0.23580545E+001  0.35242570E+001  0.54006368E+001
  0.30917523E+000  0.33896214E+000  0.44810760E+000  0.59604286E+000  0.77955839E+000  0.86835238E+000  0.11729221E+001  0.17259298E+001  0.23580546E+001  0.35242575E+001  0.54006370E+001
  0.30917523E+000  0.33896214E+000  0.44810760E+000  0.59604286E+000  0.77955841E+000  0.86835240E+000  0.11729223E+001  0.17259303E+001  0.23580547E+001  0.35242581E+001  0.54006371E+001
  0.30917523E+000  0.33896215E+000  0.44810760E+000  0.59604286E+000  0.77955844E+000  0.86835241E+000  0.11729226E+001  0.17259308E+001  0.23580548E+001  0.35242586E+001  0.54006372E+001
  0.30917523E+000  0.33896215E+000  0.44810760E+000  0.59604286E+000  0.77955847E+000  0.86835242E+000  0.11729229E+001  0.17259313E+001  0.23580549E+001  0.35242591E+001  0.54006374E+001
  0.30917523E+000  0.33896215E+000  0.44810760E+000  0.59604286E+000  0.77955850E+000  0.86835243E+000  0.11729232E+001  0.17259318E+001  0.23580550E+001  0.35242597E+001  0.54006375E+001
  0.30917523E+000  0.33896215E+000  0.44810760E+000  0.59604286E+000  0.77955853E+000  0.86835244E+000  0.11729234E+001  0.17259323E+001  0.23580550E+001  0.35242602E+001  0.54006376E+001
  0.30917523E+000  0.33896215E+000  0.44810760E+000  0.59604286E+000  0.77955855E+000  0.86835245E+000  0.11729237E+001  0.17259328E+001  0.23580551E+001  0.35242608E+001  0.54006378E+001
  0.30917523E+000  0.33896216E+000  0.44810760E+000  0.59604286E+000  0.77955858E+000  0.86835246E+000  0.11729240E+001  0.17259333E+001  0.23580552E+001  0.35242613E+001  0.54006379E+001
  0.30917523E+000  0.33896216E+000  0.44810760E+000  0.59604286E+000  0.77955861E+000  0.86835247E+000  0.11729242E+001  0.17259338E+001  0.23580553E+001  0.35242619E+001  0.54006381E+001
  0.30917523E+000  0.33896216E+000  0.44810760E+000  0.59604286E+000  0.77955863E+000  0.86835248E+000  0.11729245E+001  0.17259343E+001  0.23580554E+001  0.35242624E+001  0.54006382E+001
  0.30917523E+000  0.33896216E+000  0.44810760E+000  0.59604286E+000  0.77955866E+000  0.86835249E+000  0.11729247E+001  0.17259348E+001  0.23580555E+001  0.35242630E+001  0.54006384E+001
  0.30917523E+000  0.33896216E+000  0.44810760E+000  0.59604286E+000  0.77955869E+000  0.86835250E+000  0.11729250E+001  0.17259353E+001  0.23580556E+001  0.35242635E+001  0.54006385E+001
  0.30917523E+000  0.33896217E+000  0.44810760E+000  0.59604286E+000  0.77955871E+000  0.86835251E+000  0.11729253E+001  0.17259358E+001  0.23580557E+001  0.35242641E+001  0.54006386E+001
  0.30917523E+000  0.33896217E+000  0.44810760E+000  0.59604286E+000  0.77955874E+000  0.86835252E+000  0.11729255E+001  0.17259363E+001  0.23580557E+001  0.35242646E+001  0.54006388E+001
  0.30917523E+000  0.33896217E+000  0.44810760E+000  0.59604286E+000  0.77955876E+000  0.86835252E+000  0.11729258E+001  0.17259367E+001  0.23580558E+001  0.35242652E+001  0.54006389E+001
  0.30917523E+000  0.33896217E+000  0.44810760E+000  0.59604286E+000  0.77955879E+000  0.86835253E+000  0.11729260E+001  0.17259372E+001  0.23580559E+001  0.35242657E+001  0.54006391E+001
  0.30917523E+000  0.33896217E+000  0.44810760E+000  0.59604286E+000  0.77955881E+000  0.86835254E+000  0.11729263E+001  0.17259377E+001  0.23580560E+001  0.35242663E+001  0.54006392E+001
  0.30917523E+000  0.33896218E+000  0.44810760E+000  0.59604286E+000  0.77955884E+000  0.86835255E+000  0.11729265E+001  0.17259382E+001  0.23580561E+001  0.35242668E+001  0.54006394E+001
  0.30917523E+000  0.33896218E+000  0.44810760E+000  0.59604286E+000  0.77955886E+000  0.86835256E+000  0.11729268E+001  0.17259386E+001  0.23580562E+001  0.35242674E+001  0.54006395E+001
  0.30917523E+000  0.33896218E+000  0.44810760E+000  0.59604286E+000  0.77955889E+000  0.86835257E+000  0.11729270E+001  0.17259391E+001  0.23580563E+001  0.35242680E+001  0.54006397E+001
  0.30917523E+000  0.33896218E+000  0.44810760E+000  0.59604286E+000  0.77955891E+000  0.86835258E+000  0.11729272E+001  0.17259396E+001  0.23580564E+001  0.35242685E+001  0.54006398E+001
  0.30917523E+000  0.33896218E+000  0.44810761E+000  0.59604286E+000  0.77955893E+000  0.86835259E+000  0.11729275E+001  0.17259400E+001  0.23580565E+001  0.35242777E+001  0.54006400E+001
  0.30917523E+000  0.33896218E+000  0.44810761E+000  0.59604286E+000  0.77955895E+000  0.86835260E+000  0.11729277E+001  0.17259405E+001  0.23580566E+001  0.35242976E+001  0.54006401E+001
  0.30917523E+000  0.33896218E+000  0.44810761E+000  0.59604286E+000  0.77955898E+000  0.86835261E+000  0.11729279E+001  0.17259409E+001  0.23580566E+001  0.35243175E+001  0.54006403E+001
  0.30917523E+000  0.33896219E+000  0.44810761E+000  0.59604286E+000  0.77955900E+000  0.86835261E+000  0.11729282E+001  0.17259414E+001  0.23580567E+001  0.35243372E+001  0.54006405E+001
  0.30917523E+000  0.33896219E+000  0.44810761E+000  0.59604286E+000  0.77955902E+000  0.86835262E+000  0.11729284E+001  0.17259418E+001  0.23580568E+001  0.35243568E+001  0.54006406E+001
  0.30917523E+000  0.33896219E+000  0.44810761E+000  0.59604286E+000  0.77955904E+000  0.86835263E+000  0.11729286E+001  0.17259422E+001  0.23580569E+001  0.35243763E+001  0.54006408E+001
  0.30917523E+000  0.33896219E+000  0.44810761E+000  0.59604286E+000  0.77955906E+000  0.86835264E+000  0.11729289E+001  0.17259427E+001  0.23580570E+001  0.35243957E+001  0.54006409E+001
  0.30917523E+000  0.33896219E+000  0.44810761E+000  0.59604286E+000  0.77955908E+000  0.86835265E+000  0.11729291E+001  0.17259431E+001  0.23580571E+001  0.35244149E+001  0.54006411E+001
  0.30917523E+000  0.33896219E+000  0.44810761E+000  0.59604286E+000  0.77955910E+000  0.86835266E+000  0.11729293E+001  0.17259435E+001  0.23580572E+001  0.35244340E+001  0.54006413E+001
  0.30917523E+000  0.33896219E+000  0.44810762E+000  0.59604286E+000  0.77955912E+000  0.86835267E+000  0.11729295E+001  0.17259439E+001  0.23580573E+001  0.35244530E+001  0.54006414E+001
  0.30917523E+000  0.33896220E+000  0.44810762E+000  0.59604286E+000  0.77955914E+000  0.86835268E+000  0.11729297E+001  0.17259444E+001  0.23580574E+001  0.35244719E+001  0.54006416E+001
  0.30917523E+000  0.33896220E+000  0.44810762E+000  0.59604286E+000  0.77955916E+000  0.86835269E+000  0.11729299E+001  0.17259448E+001  0.23580575E+001  0.35244905E+001  0.54006418E+001
  0.30917523E+000  0.33896220E+000  0.44810762E+000  0.59604286E+000  0.77955918E+000  0.86835270E+000  0.11729301E+001  0.17259452E+001  0.23580576E+001  0.35245091E+001  0.54006419E+001
  0.30917523E+000  0.33896220E+000  0.44810762E+000  0.59604286E+000  0.77955920E+000  0.86835271E+000  0.11729303E+001  0.17259456E+001  0.23580578E+001  0.35245274E+001  0.54006421E+001
  0.30917523E+000  0.33896220E+000  0.44810763E+000  0.59604286E+000  0.77955921E+000  0.86835272E+000  0.11729305E+001  0.17259460E+001  0.23580579E+001  0.35245456E+001  0.54006423E+001
  0.30917523E+000  0.33896220E+000  0.44810763E+000  0.59604286E+000  0.77955923E+000  0.86835273E+000  0.11729307E+001  0.17259464E+001  0.23580580E+001  0.35245636E+001  0.54006425E+001
  0.30917523E+000  0.33896220E+000  0.44810763E+000  0.59604286E+000  0.77955925E+000  0.86835274E+000  0.11729309E+001  0.17259467E+001  0.23580581E+001  0.35245814E+001  0.54006427E+001
  0.30917523E+000  0.33896221E+000  0.44810764E+000  0.59604286E+000  0.77955926E+000  0.86835275E+000  0.11729311E+001  0.17259471E+001  0.23580583E+001  0.35245990E+001  0.54006429E+001
  0.30917523E+000  0.33896221E+000  0.44810764E+000  0.59604286E+000  0.77955928E+000  0.86835277E+000  0.11729313E+001  0.17259475E+001  0.23580584E+001  0.35246165E+001  0.54006430E+001
  0.30917523E+000  0.33896221E+000  0.44810764E+000  0.59604286E+000  0.77955930E+000  0.86835278E+000  0.11729315E+001  0.17259479E+001  0.23580586E+001  0.35246337E+001  0.54006433E+001
  0.30917523E+000  0.33896221E+000  0.44810765E+000  0.59604286E+000  0.77955931E+000  0.86835280E+000  0.11729317E+001  0.17259483E+001  0.23580588E+001  0.35246507E+001  0.54006435E+001
  0.30917523E+000  0.33896221E+000  0.44810765E+000  0.59604286E+000  0.77955933E+000  0.86835282E+000  0.11729318E+001  0.17259486E+001  0.23580590E+001  0.35246675E+001  0.54006437E+001
  0.30917523E+000  0.33896221E+000  0.44810766E+000  0.59604286E+000  0.77955934E+000  0.86835284E+000  0.11729320E+001  0.17259490E+001  0.23580592E+001  0.35246841E+001  0.54006439E+001
  0.30917523E+000  0.33896222E+000  0.44810766E+000  0.59604286E+000  0.77955936E+000  0.86835286E+000  0.11729322E+001  0.17259494E+001  0.23580594E+001  0.35247005E+001  0.54006441E+001
  0.30917523E+000  0.33896222E+000  0.44810767E+000  0.59604286E+000  0.77955938E+000  0.86835288E+000  0.11729324E+001  0.17259497E+001  0.23580596E+001  0.35247166E+001  0.54006444E+001
  0.30917523E+000  0.33896222E+000  0.44810768E+000  0.59604286E+000  0.77955939E+000  0.86835291E+000  0.11729326E+001  0.17259501E+001  0.23580599E+001  0.35247325E+001  0.54006447E+001
  0.30917523E+000  0.33896222E+000  0.44810768E+000  0.59604286E+000  0.77955941E+000  0.86835294E+000  0.11729328E+001  0.17259505E+001  0.23580602E+001  0.35247481E+001  0.54006449E+001
  0.30917523E+000  0.33896222E+000  0.44810769E+000  0.59604286E+000  0.77955942E+000  0.86835297E+000  0.11729329E+001  0.17259508E+001  0.23580605E+001  0.35247635E+001  0.54006452E+001
  0.30917523E+000  0.33896222E+000  0.44810770E+000  0.59604286E+000  0.77955944E+000  0.86835301E+000  0.11729331E+001  0.17260750E+001  0.23580609E+001  0.35247787E+001  0.54006455E+001
  0.30917523E+000  0.33896223E+000  0.44810771E+000  0.59604286E+000  0.77955945E+000  0.86835305E+000  0.11729333E+001  0.17261268E+001  0.23580613E+001  0.35252553E+001  0.54006459E+001
  0.30917523E+000  0.33896223E+000  0.44810772E+000  0.59604286E+000  0.77955947E+000  0.86835310E+000  0.11729335E+001  0.17261526E+001  0.23580618E+001  0.35252788E+001  0.54006462E+001
  0.30917523E+000  0.33896223E+000  0.44810773E+000  0.59604286E+000  0.77955948E+000  0.86835315E+000  0.11729337E+001  0.17261573E+001  0.23580623E+001  0.35253019E+001  0.54006466E+001
  0.30917523E+000  0.33896223E+000  0.44810774E+000  0.59604286E+000  0.77955950E+000  0.86835321E+000  0.11729339E+001  0.17261619E+001  0.23580629E+001  0.35253245E+001  0.54006470E+001
  0.30917523E+000  0.33896224E+000  0.44810776E+000  0.59604286E+000  0.77955952E+000  0.86835328E+000  0.11729342E+001  0.17261662E+001  0.23580635E+001  0.35253467E+001  0.54006474E+001
  0.30917523E+000  0.33896224E+000  0.44810777E+000  0.59604286E+000  0.77955954E+000  0.86835336E+000  0.11729344E+001  0.17261703E+001  0.23580642E+001  0.35253684E+001  0.54006479E+001
  0.30917523E+000  0.33896224E+000  0.44810779E+000  0.59604286E+000  0.77955955E+000  0.86835344E+000  0.11729346E+001  0.17261742E+001  0.23580651E+001  0.35253896E+001  0.54006484E+001
  0.30917523E+000  0.33896224E+000  0.44810780E+000  0.59604286E+000  0.77955957E+000  0.86835354E+000  0.11729349E+001  0.17261779E+001  0.23580660E+001  0.35254102E+001  0.54006489E+001
  0.30917523E+000  0.33896225E+000  0.44810782E+000  0.59604286E+000  0.77955959E+000  0.86835366E+000  0.11729352E+001  0.17261813E+001  0.23580671E+001  0.35254304E+001  0.54006495E+001
  0.30917523E+000  0.33896225E+000  0.44810784E+000  0.59604286E+000  0.77955962E+000  0.86835379E+000  0.11729355E+001  0.17261844E+001  0.23580683E+001  0.35254500E+001  0.54006501E+001
  0.30917523E+000  0.33896226E+000  0.44810786E+000  0.59604286E+000  0.77955964E+000  0.86835393E+000  0.11729358E+001  0.17261872E+001  0.23580697E+001  0.35254690E+001  0.54006508E+001
  0.30917523E+000  0.33896226E+000  0.44810789E+000  0.59604286E+000  0.77955967E+000  0.86835410E+000  0.11729361E+001  0.17261897E+001  0.23580712E+001  0.35254875E+001  0.54006515E+001
  0.30917523E+000  0.33896227E+000  0.44810791E+000  0.59604286E+000  0.77955970E+000  0.86835429E+000  0.11729365E+001  0.17261919E+001  0.23580730E+001  0.35255053E+001  0.54006523E+001
  0.30917523E+000  0.33896228E+000  0.44810795E+000  0.59604286E+000  0.77955973E+000  0.86835451E+000  0.11729370E+001  0.17261936E+001  0.23580750E+001  0.35255225E+001  0.54006532E+001
  0.30917523E+000  0.33896229E+000  0.44810799E+000  0.59604286E+000  0.77955977E+000  0.86835477E+000  0.11729374E+001  0.17261950E+001  0.23580773E+001  0.35255390E+001  0.54006542E+001
  0.30917523E+000  0.33896232E+000  0.44810804E+000  0.59604286E+000  0.77955982E+000  0.86835506E+000  0.11729380E+001  0.17261959E+001  0.23580952E+001  0.35255547E+001  0.54006552E+001
  0.30917523E+000  0.33896235E+000  0.44810811E+000  0.59604286E+000  0.77955987E+000  0.86835540E+000  0.11729386E+001  0.17261962E+001  0.23580979E+001  0.35255697E+001  0.54006564E+001
  0.30917523E+000  0.33896241E+000  0.44810821E+000  0.59604286E+000  0.77955994E+000  0.86835579E+000  0.11729394E+001  0.17261960E+001  0.23581009E+001  0.35255838E+001  0.54006576E+001
  0.30917523E+000  0.33896250E+000  0.44810836E+000  0.59604286E+000  0.77956003E+000  0.86835626E+000  0.11729402E+001  0.17261951E+001  0.23581043E+001  0.35255969E+001  0.54006590E+001
  0.30917523E+000  0.33896265E+000  0.44810858E+000  0.59604286E+000  0.77956014E+000  0.86835681E+000  0.11729412E+001  0.17261933E+001  0.23581083E+001  0.35256091E+001  0.54006605E+001
  0.30917523E+000  0.33896288E+000  0.44810894E+000  0.59604286E+000  0.77956028E+000  0.86835752E+000  0.11729425E+001  0.17261907E+001  0.23581129E+001  0.35256203E+001  0.54006622E+001
  0.30917523E+000  0.33896326E+000  0.44807194E+000  0.59604286E+000  0.77956049E+000  0.86835838E+000  0.11729441E+001  0.17261872E+001  0.23581181E+001  0.35256303E+001  0.54006641E+001
  0.30917523E+000  0.33896388E+000  0.44807279E+000  0.59604286E+000  0.77956085E+000  0.86835966E+000  0.11729461E+001  0.17261826E+001  0.23581243E+001  0.35256393E+001  0.54006662E+001
  0.30917523E+000  0.33896482E+000  0.44807421E+000  0.59604286E+000  0.77956138E+000  0.86836123E+000  0.11729494E+001  0.17261073E+001  0.23581316E+001  0.35256476E+001  0.54006683E+001
  0.30917523E+000  0.33896640E+000  0.44807625E+000  0.59604286E+000  0.77956305E+000  0.86836444E+000  0.11729536E+001  0.17259864E+001  0.23581408E+001  0.35256542E+001  0.54006705E+001
  0.30917523E+000  0.33896836E+000  0.44808029E+000  0.59604286E+000  0.77956535E+000  0.86836740E+000  0.11729625E+001  0.17259906E+001  0.23581518E+001  0.35256699E+001  0.54006708E+001
  0.30917523E+000  0.33897244E+000  0.44812163E+000  0.59604286E+000  0.77958408E+000  0.86842300E+000  0.11730333E+001  0.17259997E+001  0.23581692E+001  0.35256581E+001  0.54006718E+001
