  0.00000000E+000  0.00000000E+000  0.00000000E+000  0.00000000E+000  0.89217519E-002  0.14320018E+000  0.35052330E+001  0.29841560E+002  0.74484169E+002  0.19066032E+003  0.35724372E+003
  0.00000000E+000  0.00000000E+000  0.00000000E+000  0.00000000E+000  0.89221276E-002  0.14320126E+000  0.35052421E+001  0.29841582E+002  0.74484214E+002  0.19066044E+003  0.35724394E+003
  0.00000000E+000  0.00000000E+000  0.00000000E+000  0.00000000E+000  0.89224938E-002  0.14320234E+000  0.35052512E+001  0.29841605E+002  0.74484259E+002  0.19066055E+003  0.35724416E+003
  0.00000000E+000  0.00000000E+000  0.00000000E+000  0.00000000E+000  0.89228516E-002  0.14320341E+000  0.35052602E+001  0.29841628E+002  0.74484303E+002  0.19066067E+003  0.35724437E+003
  0.00000000E+000  0.00000000E+000  0.00000000E+000  0.00000000E+000  0.89232023E-002  0.14320448E+000  0.35052693E+001  0.29841651E+002  0.74484347E+002  0.19066078E+003  0.35724459E+003
  0.00000000E+000  0.00000000E+000  0.00000000E+000  0.00000000E+000  0.89235466E-002  0.14320553E+000  0.35052784E+001  0.29841673E+002  0.74484392E+002  0.19066090E+003  0.35724480E+003
  0.00000000E+000  0.00000000E+000  0.00000000E+000  0.00000000E+000  0.89238853E-002  0.14320659E+000  0.35052875E+001  0.29841696E+002  0.74484436E+002  0.19066101E+003  0.35724502E+003
  0.00000000E+000  0.00000000E+000  0.00000000E+000  0.00000000E+000  0.89242191E-002  0.14320763E+000  0.35052966E+001  0.29841719E+002  0.74484480E+002  0.19066113E+003  0.35724523E+003
  0.00000000E+000  0.00000000E+000  0.00000000E+000  0.00000000E+000  0.89245485E-002  0.14320867E+000  0.35053058E+001  0.29841741E+002  0.74484524E+002  0.19066124E+003  0.35724545E+003
  0.00000000E+000  0.00000000E+000  0.00000000E+000  0.00000000E+000  0.89248742E-002  0.14320970E+000  0.35053150E+001  0.29841764E+002  0.74484569E+002  0.19066136E+003  0.35724566E+003
  0.00000000E+000  0.00000000E+000  0.00000000E+000  0.00000000E+000  0.89251966E-002  0.14321073E+000  0.35053242E+001  0.29841787E+002  0.74484613E+002  0.19066147E+003  0.35724588E+003
  0.00000000E+000  0.00000000E+000  0.00000000E+000  0.00000000E+000  0.89255164E-002  0.14321175E+000  0.35053335E+001  0.29841810E+002  0.74484658E+002  0.19066159E+003  0.35724610E+003
  0.00000000E+000  0.00000000E+000  0.00000000E+000  0.00000000E+000  0.89258340E-002  0.14321277E+000  0.35053428E+001  0.29841833E+002  0.74484703E+002  0.19066170E+003  0.35724632E+003
  0.00000000E+000  0.00000000E+000  0.00000000E+000  0.00000000E+000  0.89261500E-002  0.14321379E+000  0.35053523E+001  0.29841856E+002  0.74484748E+002  0.19066182E+003  0.35724654E+003
  0.00000000E+000  0.00000000E+000  0.00000000E+000  0.00000000E+000  0.89264649E-002  0.14321481E+000  0.35053618E+001  0.29841880E+002  0.74484794E+002  0.19066194E+003  0.35724676E+003
  0.00000000E+000  0.00000000E+000  0.00000000E+000  0.00000000E+000  0.89267792E-002  0.14321584E+000  0.35053714E+001  0.29841904E+002  0.74484840E+002  0.19066206E+003  0.35724699E+003
  0.00000000E+000  0.00000000E+000  0.00000000E+000  0.00000000E+000  0.89270933E-002  0.14321686E+000  0.35053811E+001  0.29841928E+002  0.74484887E+002  0.19066218E+003  0.35724722E+003
  0.00000000E+000  0.00000000E+000  0.00000000E+000  0.00000000E+000  0.89274079E-002  0.14321790E+000  0.35053910E+001  0.29841952E+002  0.74484934E+002  0.19066230E+003  0.35724745E+003
  0.00000000E+000  0.00000000E+000  0.00000000E+000  0.00000000E+000  0.89277233E-002  0.14321893E+000  0.35054010E+001  0.29841977E+002  0.74484982E+002  0.19066243E+003  0.35724768E+003
  0.00000000E+000  0.00000000E+000  0.00000000E+000  0.00000000E+000  0.89280401E-002  0.14321998E+000  0.35054112E+001  0.29842002E+002  0.74485030E+002  0.19066255E+003  0.35724792E+003
  0.00000000E+000  0.00000000E+000  0.00000000E+000  0.00000000E+000  0.89283587E-002  0.14322104E+000  0.35054216E+001  0.29842027E+002  0.74485080E+002  0.19066268E+003  0.35724816E+003
  0.00000000E+000  0.00000000E+000  0.00000000E+000  0.00000000E+000  0.89286797E-002  0.14322210E+000  0.35054321E+001  0.29842053E+002  0.74485130E+002  0.19066281E+003  0.35724841E+003
  0.00000000E+000  0.00000000E+000  0.00000000E+000  0.00000000E+000  0.89290035E-002  0.14322318E+000  0.35054429E+001  0.29842080E+002  0.74485181E+002  0.19066295E+003  0.35724866E+003
  0.00000000E+000  0.00000000E+000  0.00000000E+000  0.00000000E+000  0.89293307E-002  0.14322428E+000  0.35054539E+001  0.29842107E+002  0.74485234E+002  0.19066308E+003  0.35724892E+003
  0.00000000E+000  0.00000000E+000  0.00000000E+000  0.00000000E+000  0.89296616E-002  0.14322539E+000  0.35054651E+001  0.29842135E+002  0.74485287E+002  0.19066322E+003  0.35724919E+003
  0.00000000E+000  0.00000000E+000  0.00000000E+000  0.00000000E+000  0.89299968E-002  0.14322652E+000  0.35054766E+001  0.29842163E+002  0.74485342E+002  0.19066337E+003  0.35724946E+003
  0.00000000E+000  0.00000000E+000  0.00000000E+000  0.00000000E+000  0.89303367E-002  0.14322766E+000  0.35054884E+001  0.29842193E+002  0.74485399E+002  0.19066351E+003  0.35724974E+003
  0.00000000E+000  0.00000000E+000  0.00000000E+000  0.00000000E+000  0.89306817E-002  0.14322883E+000  0.35055005E+001  0.29842223E+002  0.74485456E+002  0.19066366E+003  0.35725002E+003
  0.00000000E+000  0.00000000E+000  0.00000000E+000  0.00000000E+000  0.89310324E-002  0.14323002E+000  0.35055129E+001  0.29842253E+002  0.74485516E+002  0.19066382E+003  0.35725032E+003
  0.00000000E+000  0.00000000E+000  0.00000000E+000  0.00000000E+000  0.89313891E-002  0.14323124E+000  0.35055257E+001  0.29842285E+002  0.74485577E+002  0.19066398E+003  0.35725062E+003
  0.00000000E+000  0.00000000E+000  0.00000000E+000  0.00000000E+000  0.89317523E-002  0.14323248E+000  0.35055388E+001  0.29842318E+002  0.74485640E+002  0.19066414E+003  0.35725093E+003
  0.00000000E+000  0.00000000E+000  0.00000000E+000  0.00000000E+000  0.89321223E-002  0.14323375E+000  0.35055523E+001  0.29842352E+002  0.74485704E+002  0.19066431E+003  0.35725125E+003
  0.00000000E+000  0.00000000E+000  0.00000000E+000  0.00000000E+000  0.89324996E-002  0.14323505E+000  0.35055662E+001  0.29842387E+002  0.74485771E+002  0.19066449E+003  0.35725158E+003
  0.00000000E+000  0.00000000E+000  0.00000000E+000  0.00000000E+000  0.89328845E-002  0.14323639E+000  0.35055806E+001  0.29842423E+002  0.74485840E+002  0.19066467E+003  0.35725193E+003
  0.00000000E+000  0.00000000E+000  0.00000000E+000  0.00000000E+000  0.89332773E-002  0.14323775E+000  0.35055954E+001  0.29842460E+002  0.74485912E+002  0.19066486E+003  0.35725228E+003
  0.00000000E+000  0.00000000E+000  0.00000000E+000  0.00000000E+000  0.89336784E-002  0.14323915E+000  0.35056106E+001  0.29842499E+002  0.74485985E+002  0.19066505E+003  0.35725265E+003
  0.00000000E+000  0.00000000E+000  0.00000000E+000  0.00000000E+000  0.89340881E-002  0.14324059E+000  0.35056264E+001  0.29842539E+002  0.74486062E+002  0.19066525E+003  0.35725303E+003
  0.00000000E+000  0.00000000E+000  0.00000000E+000  0.00000000E+000  0.89345066E-002  0.14324207E+000  0.35056426E+001  0.29842580E+002  0.74486140E+002  0.19066546E+003  0.35725343E+003
  0.00000000E+000  0.00000000E+000  0.00000000E+000  0.00000000E+000  0.89349341E-002  0.14324359E+000  0.35056594E+001  0.29842623E+002  0.74486222E+002  0.19066567E+003  0.35725383E+003
  0.00000000E+000  0.00000000E+000  0.00000000E+000  0.00000000E+000  0.89353710E-002  0.14324516E+000  0.35056768E+001  0.29842668E+002  0.74486307E+002  0.19066590E+003  0.35725426E+003
  0.00000000E+000  0.00000000E+000  0.00000000E+000  0.00000000E+000  0.89358172E-002  0.14324677E+000  0.35056947E+001  0.29842714E+002  0.74486395E+002  0.19066613E+003  0.35725470E+003
  0.00000000E+000  0.00000000E+000  0.00000000E+000  0.00000000E+000  0.89362731E-002  0.14324843E+000  0.35057132E+001  0.29842762E+002  0.74486486E+002  0.19066637E+003  0.35725515E+003
  0.00000000E+000  0.00000000E+000  0.00000000E+000  0.00000000E+000  0.89367386E-002  0.14325014E+000  0.35057323E+001  0.29842812E+002  0.74486580E+002  0.19066662E+003  0.35725563E+003
  0.00000000E+000  0.00000000E+000  0.00000000E+000  0.00000000E+000  0.89372137E-002  0.14325190E+000  0.35057520E+001  0.29842864E+002  0.74486678E+002  0.19066687E+003  0.35725612E+003
  0.00000000E+000  0.00000000E+000  0.00000000E+000  0.00000000E+000  0.89376986E-002  0.14325372E+000  0.35057724E+001  0.29842917E+002  0.74486779E+002  0.19066714E+003  0.35725663E+003
  0.00000000E+000  0.00000000E+000  0.00000000E+000  0.00000000E+000  0.89381932E-002  0.14325559E+000  0.35057935E+001  0.29842973E+002  0.74486884E+002  0.19066742E+003  0.35725715E+003
  0.00000000E+000  0.00000000E+000  0.00000000E+000  0.00000000E+000  0.89386973E-002  0.14325752E+000  0.35058153E+001  0.29843031E+002  0.74486993E+002  0.19066770E+003  0.35725770E+003
  0.00000000E+000  0.00000000E+000  0.00000000E+000  0.00000000E+000  0.89392107E-002  0.14325951E+000  0.35058377E+001  0.29843091E+002  0.74487106E+002  0.19066800E+003  0.35725827E+003
  0.00000000E+000  0.00000000E+000  0.00000000E+000  0.00000000E+000  0.89397334E-002  0.14326156E+000  0.35058609E+001  0.29843154E+002  0.74487223E+002  0.19066831E+003  0.35725886E+003
  0.00000000E+000  0.00000000E+000  0.00000000E+000  0.00000000E+000  0.89402651E-002  0.14326368E+000  0.35058848E+001  0.29843219E+002  0.74487344E+002  0.19066863E+003  0.35725947E+003
  0.00000000E+000  0.00000000E+000  0.00000000E+000  0.00000000E+000  0.89408053E-002  0.14326586E+000  0.35059095E+001  0.29843286E+002  0.74487470E+002  0.19066896E+003  0.35726011E+003
  0.00000000E+000  0.00000000E+000  0.00000000E+000  0.00000000E+000  0.89413539E-002  0.14326810E+000  0.35059349E+001  0.29843356E+002  0.74487601E+002  0.19066931E+003  0.35726077E+003
  0.00000000E+000  0.00000000E+000  0.00000000E+000  0.00000000E+000  0.89419102E-002  0.14327041E+000  0.35059612E+001  0.29843429E+002  0.74487736E+002  0.19066966E+003  0.35726145E+003
  0.00000000E+000  0.00000000E+000  0.00000000E+000  0.00000000E+000  0.89424740E-002  0.14327280E+000  0.35059882E+001  0.29843505E+002  0.74487876E+002  0.19067003E+003  0.35726216E+003
  0.00000000E+000  0.00000000E+000  0.00000000E+000  0.00000000E+000  0.89430445E-002  0.14327525E+000  0.35060160E+001  0.29843583E+002  0.74488021E+002  0.19067042E+003  0.35726289E+003
  0.00000000E+000  0.00000000E+000  0.00000000E+000  0.00000000E+000  0.89436213E-002  0.14327777E+000  0.35060447E+001  0.29843664E+002  0.74488171E+002  0.19067081E+003  0.35726365E+003
  0.00000000E+000  0.00000000E+000  0.00000000E+000  0.00000000E+000  0.89442037E-002  0.14328036E+000  0.35060742E+001  0.29843748E+002  0.74488327E+002  0.19067122E+003  0.35726444E+003
  0.00000000E+000  0.00000000E+000  0.00000000E+000  0.00000000E+000  0.89447909E-002  0.14328303E+000  0.35061046E+001  0.29843836E+002  0.74488488E+002  0.19067165E+003  0.35726525E+003
  0.00000000E+000  0.00000000E+000  0.00000000E+000  0.00000000E+000  0.89453824E-002  0.14328577E+000  0.35061358E+001  0.29843926E+002  0.74488655E+002  0.19067208E+003  0.35726610E+003
  0.00000000E+000  0.00000000E+000  0.00000000E+000  0.00000000E+000  0.89459772E-002  0.14328859E+000  0.35061679E+001  0.29844020E+002  0.74488827E+002  0.19067254E+003  0.35726697E+003
  0.00000000E+000  0.00000000E+000  0.00000000E+000  0.00000000E+000  0.89465746E-002  0.14329149E+000  0.35062009E+001  0.29844117E+002  0.74489005E+002  0.19067301E+003  0.35726787E+003
  0.00000000E+000  0.00000000E+000  0.00000000E+000  0.00000000E+000  0.89471738E-002  0.14329446E+000  0.35062348E+001  0.29844217E+002  0.74489189E+002  0.19067349E+003  0.35726880E+003
  0.00000000E+000  0.00000000E+000  0.00000000E+000  0.00000000E+000  0.89477738E-002  0.14329752E+000  0.35062696E+001  0.29844321E+002  0.74489380E+002  0.19067399E+003  0.35726977E+003
  0.00000000E+000  0.00000000E+000  0.00000000E+000  0.00000000E+000  0.89483738E-002  0.14330065E+000  0.35063053E+001  0.29844429E+002  0.74489576E+002  0.19067451E+003  0.35727076E+003
  0.00000000E+000  0.00000000E+000  0.00000000E+000  0.00000000E+000  0.89489728E-002  0.14330387E+000  0.35063419E+001  0.29844540E+002  0.74489779E+002  0.19067504E+003  0.35727179E+003
  0.00000000E+000  0.00000000E+000  0.00000000E+000  0.00000000E+000  0.89495700E-002  0.14330717E+000  0.35063794E+001  0.29844654E+002  0.74489989E+002  0.19067559E+003  0.35727285E+003
  0.00000000E+000  0.00000000E+000  0.00000000E+000  0.00000000E+000  0.89501644E-002  0.14331056E+000  0.35064179E+001  0.29844773E+002  0.74490205E+002  0.19067615E+003  0.35727394E+003
  0.00000000E+000  0.00000000E+000  0.00000000E+000  0.00000000E+000  0.89507551E-002  0.14331404E+000  0.35064574E+001  0.29844895E+002  0.74490428E+002  0.19067674E+003  0.35727507E+003
  0.00000000E+000  0.00000000E+000  0.00000000E+000  0.00000000E+000  0.89513412E-002  0.14331761E+000  0.35064978E+001  0.29845021E+002  0.74490658E+002  0.19067734E+003  0.35727623E+003
  0.00000000E+000  0.00000000E+000  0.00000000E+000  0.00000000E+000  0.89519217E-002  0.14332127E+000  0.35065391E+001  0.29845151E+002  0.74490895E+002  0.19067795E+003  0.35727743E+003
  0.00000000E+000  0.00000000E+000  0.00000000E+000  0.00000000E+000  0.89524959E-002  0.14332501E+000  0.35065814E+001  0.29845284E+002  0.74491139E+002  0.19067859E+003  0.35727867E+003
  0.00000000E+000  0.00000000E+000  0.00000000E+000  0.00000000E+000  0.89530628E-002  0.14332886E+000  0.35066246E+001  0.29845422E+002  0.74491391E+002  0.19067925E+003  0.35727994E+003
  0.00000000E+000  0.00000000E+000  0.00000000E+000  0.00000000E+000  0.89536216E-002  0.14333279E+000  0.35066688E+001  0.29845563E+002  0.74491649E+002  0.19067992E+003  0.35728125E+003
  0.00000000E+000  0.00000000E+000  0.00000000E+000  0.00000000E+000  0.89541716E-002  0.14333682E+000  0.35067139E+001  0.29845709E+002  0.74491915E+002  0.19068061E+003  0.35728259E+003
  0.00000000E+000  0.00000000E+000  0.00000000E+000  0.00000000E+000  0.89547121E-002  0.14334095E+000  0.35067599E+001  0.29845858E+002  0.74492189E+002  0.19068132E+003  0.35728397E+003
  0.00000000E+000  0.00000000E+000  0.00000000E+000  0.00000000E+000  0.89552422E-002  0.14334516E+000  0.35068069E+001  0.29846011E+002  0.74492470E+002  0.19068205E+003  0.35728539E+003
  0.00000000E+000  0.00000000E+000  0.00000000E+000  0.00000000E+000  0.89557615E-002  0.14334948E+000  0.35068549E+001  0.29846168E+002  0.74492758E+002  0.19068281E+003  0.35728685E+003
  0.00000000E+000  0.00000000E+000  0.00000000E+000  0.00000000E+000  0.89562693E-002  0.14335388E+000  0.35069038E+001  0.29846329E+002  0.74493054E+002  0.19068358E+003  0.35728835E+003
  0.00000000E+000  0.00000000E+000  0.00000000E+000  0.00000000E+000  0.89567650E-002  0.14335838E+000  0.35069536E+001  0.29846493E+002  0.74493357E+002  0.19068436E+003  0.35728989E+003
  0.00000000E+000  0.00000000E+000  0.00000000E+000  0.00000000E+000  0.89572483E-002  0.14336296E+000  0.35070043E+001  0.29846662E+002  0.74493669E+002  0.19068517E+003  0.35729147E+003
  0.00000000E+000  0.00000000E+000  0.00000000E+000  0.00000000E+000  0.89577187E-002  0.14336763E+000  0.35070560E+001  0.29846834E+002  0.74493987E+002  0.19068600E+003  0.35729309E+003
  0.00000000E+000  0.00000000E+000  0.00000000E+000  0.00000000E+000  0.89581758E-002  0.14337239E+000  0.35071085E+001  0.29847010E+002  0.74494314E+002  0.19068686E+003  0.35729475E+003
  0.00000000E+000  0.00000000E+000  0.00000000E+000  0.00000000E+000  0.89586195E-002  0.14337722E+000  0.35071620E+001  0.29847190E+002  0.74494647E+002  0.19068773E+003  0.35729645E+003
  0.00000000E+000  0.00000000E+000  0.00000000E+000  0.00000000E+000  0.89590494E-002  0.14338213E+000  0.35072164E+001  0.29847373E+002  0.74494989E+002  0.19068862E+003  0.35729819E+003
  0.00000000E+000  0.00000000E+000  0.00000000E+000  0.00000000E+000  0.89594653E-002  0.14338710E+000  0.35072717E+001  0.29847560E+002  0.74495338E+002  0.19068953E+003  0.35729998E+003
  0.00000000E+000  0.00000000E+000  0.00000000E+000  0.00000000E+000  0.89598673E-002  0.14339214E+000  0.35073279E+001  0.29847750E+002  0.74495694E+002  0.19069046E+003  0.35730181E+003
  0.00000000E+000  0.00000000E+000  0.00000000E+000  0.00000000E+000  0.89602551E-002  0.14339723E+000  0.35073849E+001  0.29847944E+002  0.74496057E+002  0.19069141E+003  0.35730368E+003
  0.00000000E+000  0.00000000E+000  0.00000000E+000  0.00000000E+000  0.89606289E-002  0.14340238E+000  0.35074429E+001  0.29848141E+002  0.74496428E+002  0.19069239E+003  0.35730559E+003
  0.00000000E+000  0.00000000E+000  0.00000000E+000  0.00000000E+000  0.89609887E-002  0.14340756E+000  0.35075017E+001  0.29848341E+002  0.74496806E+002  0.19069338E+003  0.35730754E+003
  0.00000000E+000  0.00000000E+000  0.00000000E+000  0.00000000E+000  0.89613345E-002  0.14341277E+000  0.35075614E+001  0.29848544E+002  0.74497191E+002  0.19069440E+003  0.35730954E+003
  0.00000000E+000  0.00000000E+000  0.00000000E+000  0.00000000E+000  0.89616665E-002  0.14341800E+000  0.35076219E+001  0.29848751E+002  0.74497582E+002  0.19069543E+003  0.35731158E+003
  0.00000000E+000  0.00000000E+000  0.00000000E+000  0.00000000E+000  0.89619850E-002  0.14342325E+000  0.35076832E+001  0.29848960E+002  0.74497981E+002  0.19069649E+003  0.35731366E+003
  0.00000000E+000  0.00000000E+000  0.00000000E+000  0.00000000E+000  0.89622900E-002  0.14342849E+000  0.35077454E+001  0.29849172E+002  0.74498386E+002  0.19069757E+003  0.35731579E+003
  0.00000000E+000  0.00000000E+000  0.00000000E+000  0.00000000E+000  0.89625818E-002  0.14343373E+000  0.35078084E+001  0.29849387E+002  0.74498798E+002  0.19069867E+003  0.35731796E+003
  0.00000000E+000  0.00000000E+000  0.00000000E+000  0.00000000E+000  0.89628608E-002  0.14343896E+000  0.35078722E+001  0.29849604E+002  0.74499216E+002  0.19069978E+003  0.35732017E+003
  0.00000000E+000  0.00000000E+000  0.00000000E+000  0.00000000E+000  0.89631272E-002  0.14344415E+000  0.35079368E+001  0.29849824E+002  0.74499640E+002  0.19070092E+003  0.35732243E+003
  0.00000000E+000  0.00000000E+000  0.00000000E+000  0.00000000E+000  0.89633813E-002  0.14344930E+000  0.35080022E+001  0.29850046E+002  0.74500070E+002  0.19070208E+003  0.35732473E+003
  0.00000000E+000  0.00000000E+000  0.00000000E+000  0.00000000E+000  0.89636235E-002  0.14345441E+000  0.35080682E+001  0.29850271E+002  0.74500506E+002  0.19070326E+003  0.35732707E+003
  0.00000000E+000  0.00000000E+000  0.00000000E+000  0.00000000E+000  0.89638540E-002  0.14345945E+000  0.35081350E+001  0.29850498E+002  0.74500948E+002  0.19070446E+003  0.35732946E+003
  0.00000000E+000  0.00000000E+000  0.00000000E+000  0.00000000E+000  0.89640734E-002  0.14346442E+000  0.35082026E+001  0.29850726E+002  0.74501395E+002  0.19070568E+003  0.35733189E+003
  0.00000000E+000  0.00000000E+000  0.00000000E+000  0.00000000E+000  0.89642819E-002  0.14346932E+000  0.35082707E+001  0.29850957E+002  0.74501847E+002  0.19070691E+003  0.35733436E+003
  0.00000000E+000  0.00000000E+000  0.00000000E+000  0.00000000E+000  0.89644798E-002  0.14347413E+000  0.35083396E+001  0.29851190E+002  0.74502304E+002  0.19070817E+003  0.35733687E+003
  0.00000000E+000  0.00000000E+000  0.00000000E+000  0.00000000E+000  0.89646677E-002  0.14347884E+000  0.35084090E+001  0.29851424E+002  0.74502767E+002  0.19070944E+003  0.35733943E+003
  0.00000000E+000  0.00000000E+000  0.00000000E+000  0.00000000E+000  0.89648457E-002  0.14348345E+000  0.35084791E+001  0.29851659E+002  0.74503233E+002  0.19071073E+003  0.35734203E+003
  0.00000000E+000  0.00000000E+000  0.00000000E+000  0.00000000E+000  0.89650144E-002  0.14348794E+000  0.35085497E+001  0.29851897E+002  0.74503705E+002  0.19071204E+003  0.35734467E+003
  0.00000000E+000  0.00000000E+000  0.00000000E+000  0.00000000E+000  0.89651740E-002  0.14349232E+000  0.35086208E+001  0.29852135E+002  0.74504180E+002  0.19071337E+003  0.35734736E+003
  0.00000000E+000  0.00000000E+000  0.00000000E+000  0.00000000E+000  0.89653249E-002  0.14349658E+000  0.35086924E+001  0.29852375E+002  0.74504659E+002  0.19071472E+003  0.35735008E+003
  0.00000000E+000  0.00000000E+000  0.00000000E+000  0.00000000E+000  0.89654675E-002  0.14350070E+000  0.35087644E+001  0.29852615E+002  0.74505142E+002  0.19071608E+003  0.35735285E+003
  0.00000000E+000  0.00000000E+000  0.00000000E+000  0.00000000E+000  0.89656021E-002  0.14350470E+000  0.35088368E+001  0.29852857E+002  0.74505629E+002  0.19071746E+003  0.35735565E+003
  0.00000000E+000  0.00000000E+000  0.00000000E+000  0.00000000E+000  0.89657291E-002  0.14350856E+000  0.35089096E+001  0.29853100E+002  0.74506118E+002  0.19071885E+003  0.35735850E+003
  0.00000000E+000  0.00000000E+000  0.00000000E+000  0.00000000E+000  0.89658487E-002  0.14351228E+000  0.35089826E+001  0.29853343E+002  0.74506611E+002  0.19072026E+003  0.35736139E+003
  0.00000000E+000  0.00000000E+000  0.00000000E+000  0.00000000E+000  0.89659612E-002  0.14351586E+000  0.35090559E+001  0.29853587E+002  0.74507107E+002  0.19072169E+003  0.35736431E+003
  0.00000000E+000  0.00000000E+000  0.00000000E+000  0.00000000E+000  0.89660670E-002  0.14351930E+000  0.35091293E+001  0.29853831E+002  0.74507604E+002  0.19072313E+003  0.35736727E+003
  0.00000000E+000  0.00000000E+000  0.00000000E+000  0.00000000E+000  0.89661664E-002  0.14352259E+000  0.35092029E+001  0.29854076E+002  0.74508104E+002  0.19072458E+003  0.35737028E+003
  0.00000000E+000  0.00000000E+000  0.00000000E+000  0.00000000E+000  0.89662596E-002  0.14352575E+000  0.35092765E+001  0.29854321E+002  0.74508607E+002  0.19072605E+003  0.35737331E+003
  0.00000000E+000  0.00000000E+000  0.00000000E+000  0.00000000E+000  0.89663469E-002  0.14352877E+000  0.35093501E+001  0.29854567E+002  0.74509110E+002  0.19072752E+003  0.35737639E+003
  0.00000000E+000  0.00000000E+000  0.00000000E+000  0.00000000E+000  0.89664285E-002  0.14353164E+000  0.35094236E+001  0.29854812E+002  0.74509616E+002  0.19072902E+003  0.35737950E+003
  0.00000000E+000  0.00000000E+000  0.00000000E+000  0.00000000E+000  0.89665047E-002  0.14353438E+000  0.35094969E+001  0.29855058E+002  0.74510122E+002  0.19073052E+003  0.35738264E+003
  0.00000000E+000  0.00000000E+000  0.00000000E+000  0.00000000E+000  0.89665757E-002  0.14353699E+000  0.35095699E+001  0.29855303E+002  0.74510630E+002  0.19073203E+003  0.35738582E+003
  0.00000000E+000  0.00000000E+000  0.00000000E+000  0.00000000E+000  0.89666417E-002  0.14353946E+000  0.35096426E+001  0.29855548E+002  0.74511138E+002  0.19073356E+003  0.35738903E+003
  0.00000000E+000  0.00000000E+000  0.00000000E+000  0.00000000E+000  0.89667029E-002  0.14354181E+000  0.35097149E+001  0.29855793E+002  0.74511647E+002  0.19073509E+003  0.35739228E+003
  0.00000000E+000  0.00000000E+000  0.00000000E+000  0.00000000E+000  0.89667596E-002  0.14354403E+000  0.35097867E+001  0.29856037E+002  0.74512156E+002  0.19073664E+003  0.35739556E+003
  0.00000000E+000  0.00000000E+000  0.00000000E+000  0.00000000E+000  0.89668118E-002  0.14354612E+000  0.35098579E+001  0.29856281E+002  0.74512665E+002  0.19073819E+003  0.35739886E+003
  0.00000000E+000  0.00000000E+000  0.00000000E+000  0.00000000E+000  0.89668597E-002  0.14354810E+000  0.35099285E+001  0.29856525E+002  0.74513174E+002  0.19073975E+003  0.35740220E+003
  0.00000000E+000  0.00000000E+000  0.00000000E+000  0.00000000E+000  0.89669035E-002  0.14354997E+000  0.35099982E+001  0.29856768E+002  0.74513682E+002  0.19074131E+003  0.35740556E+003
  0.00000000E+000  0.00000000E+000  0.00000000E+000  0.00000000E+000  0.89669434E-002  0.14355172E+000  0.35100672E+001  0.29857010E+002  0.74514190E+002  0.19074289E+003  0.35740895E+003
  0.00000000E+000  0.00000000E+000  0.00000000E+000  0.00000000E+000  0.89669793E-002  0.14355337E+000  0.35101352E+001  0.29857251E+002  0.74514697E+002  0.19074447E+003  0.35741237E+003
  0.00000000E+000  0.00000000E+000  0.00000000E+000  0.00000000E+000  0.89670115E-002  0.14355492E+000  0.35102022E+001  0.29857491E+002  0.74515203E+002  0.19074605E+003  0.35741581E+003
  0.00000000E+000  0.00000000E+000  0.00000000E+000  0.00000000E+000  0.89670400E-002  0.14355637E+000  0.35102681E+001  0.29857730E+002  0.74515708E+002  0.19074764E+003  0.35741927E+003
  0.00000000E+000  0.00000000E+000  0.00000000E+000  0.00000000E+000  0.89670649E-002  0.14355773E+000  0.35103328E+001  0.29857969E+002  0.74516211E+002  0.19074923E+003  0.35742276E+003
  0.00000000E+000  0.00000000E+000  0.00000000E+000  0.00000000E+000  0.89670863E-002  0.14355900E+000  0.35103963E+001  0.29858206E+002  0.74516712E+002  0.19075083E+003  0.35742627E+003
  0.00000000E+000  0.00000000E+000  0.00000000E+000  0.00000000E+000  0.89671041E-002  0.14356018E+000  0.35104585E+001  0.29858441E+002  0.74517212E+002  0.19075242E+003  0.35742980E+003
  0.00000000E+000  0.00000000E+000  0.00000000E+000  0.00000000E+000  0.89671184E-002  0.14356128E+000  0.35105194E+001  0.29858675E+002  0.74517709E+002  0.19075402E+003  0.35743334E+003
  0.00000000E+000  0.00000000E+000  0.00000000E+000  0.00000000E+000  0.89671292E-002  0.14356231E+000  0.35105788E+001  0.29858908E+002  0.74518204E+002  0.19075562E+003  0.35743691E+003
  0.00000000E+000  0.00000000E+000  0.00000000E+000  0.00000000E+000  0.89671365E-002  0.14356326E+000  0.35106367E+001  0.29859139E+002  0.74518697E+002  0.19075722E+003  0.35744049E+003
  0.00000000E+000  0.00000000E+000  0.00000000E+000  0.00000000E+000  0.89671402E-002  0.14356413E+000  0.35106931E+001  0.29859369E+002  0.74519187E+002  0.19075882E+003  0.35744408E+003
  0.00000000E+000  0.00000000E+000  0.00000000E+000  0.00000000E+000  0.89671403E-002  0.14356495E+000  0.35107479E+001  0.29859597E+002  0.74519674E+002  0.19076041E+003  0.35744768E+003
  0.00000000E+000  0.00000000E+000  0.00000000E+000  0.00000000E+000  0.89671367E-002  0.14356569E+000  0.35108010E+001  0.29859822E+002  0.74520158E+002  0.19076201E+003  0.35745130E+003
  0.00000000E+000  0.00000000E+000  0.00000000E+000  0.00000000E+000  0.89671292E-002  0.14356638E+000  0.35108526E+001  0.29860046E+002  0.74520639E+002  0.19076360E+003  0.35745493E+003
  0.00000000E+000  0.00000000E+000  0.00000000E+000  0.00000000E+000  0.89671177E-002  0.14356701E+000  0.35109024E+001  0.29860268E+002  0.74521116E+002  0.19076519E+003  0.35745856E+003
  0.00000000E+000  0.00000000E+000  0.00000000E+000  0.00000000E+000  0.89671022E-002  0.14356758E+000  0.35109506E+001  0.29860487E+002  0.74521590E+002  0.19076677E+003  0.35746220E+003
  0.00000000E+000  0.00000000E+000  0.00000000E+000  0.00000000E+000  0.89670822E-002  0.14356809E+000  0.35109970E+001  0.29860704E+002  0.74522061E+002  0.19076835E+003  0.35746585E+003
  0.00000000E+000  0.00000000E+000  0.00000000E+000  0.00000000E+000  0.89670577E-002  0.14356855E+000  0.35110418E+001  0.29860919E+002  0.74522527E+002  0.19076992E+003  0.35746949E+003
  0.00000000E+000  0.00000000E+000  0.00000000E+000  0.00000000E+000  0.89670283E-002  0.14356896E+000  0.35110847E+001  0.29861131E+002  0.74522990E+002  0.19077149E+003  0.35747315E+003
  0.00000000E+000  0.00000000E+000  0.00000000E+000  0.00000000E+000  0.89669938E-002  0.14356933E+000  0.35111260E+001  0.29861340E+002  0.74523448E+002  0.19077305E+003  0.35747680E+003
  0.00000000E+000  0.00000000E+000  0.00000000E+000  0.00000000E+000  0.89669538E-002  0.14356964E+000  0.35111656E+001  0.29861546E+002  0.74523903E+002  0.19077460E+003  0.35748045E+003
  0.00000000E+000  0.00000000E+000  0.00000000E+000  0.00000000E+000  0.89669079E-002  0.14356991E+000  0.35112034E+001  0.29861750E+002  0.74524352E+002  0.19077615E+003  0.35748409E+003
  0.00000000E+000  0.00000000E+000  0.00000000E+000  0.00000000E+000  0.89668558E-002  0.14357012E+000  0.35112395E+001  0.29861950E+002  0.74524797E+002  0.19077768E+003  0.35748774E+003
  0.00000000E+000  0.00000000E+000  0.00000000E+000  0.00000000E+000  0.89667968E-002  0.14357030E+000  0.35112739E+001  0.29862148E+002  0.74525238E+002  0.19077921E+003  0.35749138E+003
  0.00000000E+000  0.00000000E+000  0.00000000E+000  0.00000000E+000  0.89667306E-002  0.14357042E+000  0.35113067E+001  0.29862342E+002  0.74525673E+002  0.19078072E+003  0.35749500E+003
  0.00000000E+000  0.00000000E+000  0.00000000E+000  0.00000000E+000  0.89666565E-002  0.14357050E+000  0.35113378E+001  0.29862532E+002  0.74526104E+002  0.19078223E+003  0.35749863E+003
  0.00000000E+000  0.00000000E+000  0.00000000E+000  0.00000000E+000  0.89665739E-002  0.14357052E+000  0.35113673E+001  0.29862719E+002  0.74526529E+002  0.19078373E+003  0.35750224E+003
  0.00000000E+000  0.00000000E+000  0.00000000E+000  0.00000000E+000  0.89664820E-002  0.14357050E+000  0.35113952E+001  0.29862902E+002  0.74526949E+002  0.19078521E+003  0.35750583E+003
  0.00000000E+000  0.00000000E+000  0.00000000E+000  0.00000000E+000  0.89663803E-002  0.14357043E+000  0.35114215E+001  0.29863082E+002  0.74527363E+002  0.19078668E+003  0.35750942E+003
  0.00000000E+000  0.00000000E+000  0.00000000E+000  0.00000000E+000  0.89662678E-002  0.14357030E+000  0.35114463E+001  0.29863258E+002  0.74527772E+002  0.19078814E+003  0.35751299E+003
  0.00000000E+000  0.00000000E+000  0.00000000E+000  0.00000000E+000  0.89661437E-002  0.14357012E+000  0.35114696E+001  0.29863429E+002  0.74528175E+002  0.19078959E+003  0.35751654E+003
  0.00000000E+000  0.00000000E+000  0.00000000E+000  0.00000000E+000  0.89660070E-002  0.14356987E+000  0.35114913E+001  0.29863597E+002  0.74528572E+002  0.19079102E+003  0.35752008E+003
  0.00000000E+000  0.00000000E+000  0.00000000E+000  0.00000000E+000  0.89658567E-002  0.14356957E+000  0.35115115E+001  0.29863761E+002  0.74528963E+002  0.19079244E+003  0.35752360E+003
  0.00000000E+000  0.00000000E+000  0.00000000E+000  0.00000000E+000  0.89656917E-002  0.14356920E+000  0.35115303E+001  0.29863920E+002  0.74529347E+002  0.19079384E+003  0.35752709E+003
  0.00000000E+000  0.00000000E+000  0.00000000E+000  0.00000000E+000  0.89655109E-002  0.14356875E+000  0.35115476E+001  0.29864075E+002  0.74529725E+002  0.19079523E+003  0.35753057E+003
  0.00000000E+000  0.00000000E+000  0.00000000E+000  0.00000000E+000  0.89653130E-002  0.14356823E+000  0.35115635E+001  0.29864225E+002  0.74530097E+002  0.19079661E+003  0.35753402E+003
  0.00000000E+000  0.00000000E+000  0.00000000E+000  0.00000000E+000  0.89650967E-002  0.14356763E+000  0.35115780E+001  0.29864371E+002  0.74530462E+002  0.19079797E+003  0.35753744E+003
  0.00000000E+000  0.00000000E+000  0.00000000E+000  0.00000000E+000  0.89648606E-002  0.14356694E+000  0.35115910E+001  0.29864513E+002  0.74530819E+002  0.19079931E+003  0.35754084E+003
  0.00000000E+000  0.00000000E+000  0.00000000E+000  0.00000000E+000  0.89646033E-002  0.14356615E+000  0.35116025E+001  0.29864650E+002  0.74531170E+002  0.19080063E+003  0.35754421E+003
  0.00000000E+000  0.00000000E+000  0.00000000E+000  0.00000000E+000  0.89643233E-002  0.14356525E+000  0.35116127E+001  0.29864781E+002  0.74531513E+002  0.19080194E+003  0.35754756E+003
  0.00000000E+000  0.00000000E+000  0.00000000E+000  0.00000000E+000  0.89640189E-002  0.14356424E+000  0.35116213E+001  0.29864909E+002  0.74531849E+002  0.19080323E+003  0.35755087E+003
  0.00000000E+000  0.00000000E+000  0.00000000E+000  0.00000000E+000  0.89636885E-002  0.14356311E+000  0.35116284E+001  0.29865031E+002  0.74532178E+002  0.19080450E+003  0.35755416E+003
  0.00000000E+000  0.00000000E+000  0.00000000E+000  0.00000000E+000  0.89633304E-002  0.14356184E+000  0.35116340E+001  0.29865148E+002  0.74532498E+002  0.19080575E+003  0.35755741E+003
  0.00000000E+000  0.00000000E+000  0.00000000E+000  0.00000000E+000  0.89629428E-002  0.14356042E+000  0.35116379E+001  0.29865260E+002  0.74532810E+002  0.19080699E+003  0.35756063E+003
  0.00000000E+000  0.00000000E+000  0.00000000E+000  0.00000000E+000  0.89625240E-002  0.14355885E+000  0.35116402E+001  0.29865366E+002  0.74533114E+002  0.19080820E+003  0.35756381E+003
  0.00000000E+000  0.00000000E+000  0.00000000E+000  0.00000000E+000  0.89620721E-002  0.14355710E+000  0.35116407E+001  0.29865468E+002  0.74533409E+002  0.19080939E+003  0.35756696E+003
  0.00000000E+000  0.00000000E+000  0.00000000E+000  0.00000000E+000  0.89615853E-002  0.14355516E+000  0.35116394E+001  0.29865563E+002  0.74533696E+002  0.19081057E+003  0.35757006E+003
  0.00000000E+000  0.00000000E+000  0.00000000E+000  0.00000000E+000  0.89610618E-002  0.14355302E+000  0.35116361E+001  0.29865653E+002  0.74533973E+002  0.19081172E+003  0.35757314E+003
  0.00000000E+000  0.00000000E+000  0.00000000E+000  0.00000000E+000  0.89604997E-002  0.14355067E+000  0.35116307E+001  0.29865737E+002  0.74534241E+002  0.19081285E+003  0.35757617E+003
  0.00000000E+000  0.00000000E+000  0.00000000E+000  0.00000000E+000  0.89598974E-002  0.14354807E+000  0.35116230E+001  0.29865815E+002  0.74534499E+002  0.19081395E+003  0.35757916E+003
  0.00000000E+000  0.00000000E+000  0.00000000E+000  0.00000000E+000  0.89592531E-002  0.14354522E+000  0.35116129E+001  0.29865886E+002  0.74534746E+002  0.19081503E+003  0.35758211E+003
  0.00000000E+000  0.00000000E+000  0.00000000E+000  0.00000000E+000  0.89585651E-002  0.14354209E+000  0.35116001E+001  0.29865951E+002  0.74534983E+002  0.19081609E+003  0.35758501E+003
  0.00000000E+000  0.00000000E+000  0.00000000E+000  0.00000000E+000  0.89578319E-002  0.14353867E+000  0.35115844E+001  0.29866008E+002  0.74535208E+002  0.19081712E+003  0.35758787E+003
  0.00000000E+000  0.00000000E+000  0.00000000E+000  0.00000000E+000  0.89570520E-002  0.14353493E+000  0.35115656E+001  0.29866058E+002  0.74535422E+002  0.19081813E+003  0.35759068E+003
  0.00000000E+000  0.00000000E+000  0.00000000E+000  0.00000000E+000  0.89562243E-002  0.14353086E+000  0.35115434E+001  0.29866100E+002  0.74535622E+002  0.19081911E+003  0.35759345E+003
  0.00000000E+000  0.00000000E+000  0.00000000E+000  0.00000000E+000  0.89553474E-002  0.14352643E+000  0.35115174E+001  0.29866134E+002  0.74535810E+002  0.19082005E+003  0.35759616E+003
  0.00000000E+000  0.00000000E+000  0.00000000E+000  0.00000000E+000  0.89544206E-002  0.14352162E+000  0.35114873E+001  0.29866158E+002  0.74535983E+002  0.19082097E+003  0.35759882E+003
  0.00000000E+000  0.00000000E+000  0.00000000E+000  0.00000000E+000  0.89534429E-002  0.14351641E+000  0.35114528E+001  0.29866172E+002  0.74536140E+002  0.19082186E+003  0.35760143E+003
  0.00000000E+000  0.00000000E+000  0.00000000E+000  0.00000000E+000  0.89524137E-002  0.14351079E+000  0.35114133E+001  0.29866175E+002  0.74536281E+002  0.19082271E+003  0.35760397E+003
  0.00000000E+000  0.00000000E+000  0.00000000E+000  0.00000000E+000  0.89513327E-002  0.14350472E+000  0.35113686E+001  0.29866166E+002  0.74536404E+002  0.19082352E+003  0.35760646E+003
  0.00000000E+000  0.00000000E+000  0.00000000E+000  0.00000000E+000  0.89501997E-002  0.14349821E+000  0.35113180E+001  0.29866144E+002  0.74536507E+002  0.19082429E+003  0.35760889E+003
  0.00000000E+000  0.00000000E+000  0.00000000E+000  0.00000000E+000  0.89490144E-002  0.14349122E+000  0.35112612E+001  0.29866108E+002  0.74536589E+002  0.19082503E+003  0.35761125E+003
  0.00000000E+000  0.00000000E+000  0.00000000E+000  0.00000000E+000  0.89477772E-002  0.14348374E+000  0.35111975E+001  0.29866055E+002  0.74536647E+002  0.19082571E+003  0.35761354E+003
  0.00000000E+000  0.00000000E+000  0.00000000E+000  0.00000000E+000  0.89464881E-002  0.14347577E+000  0.35111266E+001  0.29865985E+002  0.74536678E+002  0.19082635E+003  0.35761575E+003
  0.00000000E+000  0.00000000E+000  0.00000000E+000  0.00000000E+000  0.89451476E-002  0.14346730E+000  0.35110479E+001  0.29865895E+002  0.74536680E+002  0.19082693E+003  0.35761788E+003
  0.00000000E+000  0.00000000E+000  0.00000000E+000  0.00000000E+000  0.89437555E-002  0.14345831E+000  0.35109609E+001  0.29865783E+002  0.74536650E+002  0.19082745E+003  0.35761993E+003
  0.00000000E+000  0.00000000E+000  0.00000000E+000  0.00000000E+000  0.89423131E-002  0.14344881E+000  0.35108651E+001  0.29865646E+002  0.74536583E+002  0.19082790E+003  0.35762188E+003
  0.00000000E+000  0.00000000E+000  0.00000000E+000  0.00000000E+000  0.89408186E-002  0.14343881E+000  0.35107601E+001  0.29865482E+002  0.74536475E+002  0.19082828E+003  0.35762373E+003
  0.00000000E+000  0.00000000E+000  0.00000000E+000  0.00000000E+000  0.89392764E-002  0.14342831E+000  0.35106454E+001  0.29865287E+002  0.74536321E+002  0.19082858E+003  0.35762547E+003
  0.00000000E+000  0.00000000E+000  0.00000000E+000  0.00000000E+000  0.89376784E-002  0.14341733E+000  0.35105205E+001  0.29865057E+002  0.74536115E+002  0.19082879E+003  0.35762709E+003
  0.00000000E+000  0.00000000E+000  0.00000000E+000  0.00000000E+000  0.89360414E-002  0.14340590E+000  0.35103855E+001  0.29864790E+002  0.74535850E+002  0.19082890E+003  0.35762857E+003
  0.00000000E+000  0.00000000E+000  0.00000000E+000  0.00000000E+000  0.89343350E-002  0.14339403E+000  0.35102394E+001  0.29864478E+002  0.74535516E+002  0.19082888E+003  0.35762989E+003
  0.00000000E+000  0.00000000E+000  0.00000000E+000  0.00000000E+000  0.89326250E-002  0.14338187E+000  0.35100832E+001  0.29864123E+002  0.74535112E+002  0.19082875E+003  0.35763106E+003
  0.00000000E+000  0.00000000E+000  0.00000000E+000  0.00000000E+000  0.89308013E-002  0.14336930E+000  0.35099139E+001  0.29863704E+002  0.74534607E+002  0.19082844E+003  0.35763202E+003
  0.00000000E+000  0.00000000E+000  0.00000000E+000  0.00000000E+000  0.89291105E-002  0.14335687E+000  0.35097383E+001  0.29863249E+002  0.74534036E+002  0.19082801E+003  0.35763281E+003
