  0.20319412E+002
  0.20319592E+002
  0.20319762E+002
  0.20319916E+002
  0.20320052E+002
  0.20320173E+002
  0.20320280E+002
  0.20320374E+002
  0.20320458E+002
  0.20320532E+002
  0.20320599E+002
  0.20320660E+002
  0.20320714E+002
  0.20320764E+002
  0.20320810E+002
  0.20320852E+002
  0.20320892E+002
  0.20320929E+002
  0.20320963E+002
  0.20320996E+002
  0.20321028E+002
  0.20321058E+002
  0.20321087E+002
  0.20321116E+002
  0.20321144E+002
  0.20321171E+002
  0.20321198E+002
  0.20321225E+002
  0.20321252E+002
  0.20321279E+002
  0.20321306E+002
  0.20321333E+002
  0.20321360E+002
  0.20321388E+002
  0.20321416E+002
  0.20321445E+002
  0.20321474E+002
  0.20321504E+002
  0.20321534E+002
  0.20321565E+002
  0.20321597E+002
  0.20321629E+002
  0.20321663E+002
  0.20321697E+002
  0.20321732E+002
  0.20321768E+002
  0.20321805E+002
  0.20321843E+002
  0.20321882E+002
  0.20321921E+002
  0.20321962E+002
  0.20322004E+002
  0.20322047E+002
  0.20322092E+002
  0.20322137E+002
  0.20322184E+002
  0.20322232E+002
  0.20322281E+002
  0.20322331E+002
  0.20322383E+002
  0.20322436E+002
  0.20322490E+002
  0.20322546E+002
  0.20322603E+002
  0.20322661E+002
  0.20322721E+002
  0.20322783E+002
  0.20322846E+002
  0.20322910E+002
  0.20322976E+002
  0.20323044E+002
  0.20323113E+002
  0.20323183E+002
  0.20323256E+002
  0.20323329E+002
  0.20323405E+002
  0.20323481E+002
  0.20323560E+002
  0.20323640E+002
  0.20323721E+002
  0.20323804E+002
  0.20323889E+002
  0.20323975E+002
  0.20324063E+002
  0.20324152E+002
  0.20324243E+002
  0.20324335E+002
  0.20324429E+002
  0.20324524E+002
  0.20324621E+002
  0.20324719E+002
  0.20324818E+002
  0.20324919E+002
  0.20325022E+002
  0.20325125E+002
  0.20325230E+002
  0.20325337E+002
  0.20325444E+002
  0.20325553E+002
  0.20325664E+002
  0.20325775E+002
  0.20325888E+002
  0.20326002E+002
  0.20326117E+002
  0.20326233E+002
  0.20326350E+002
  0.20326468E+002
  0.20326588E+002
  0.20326708E+002
  0.20326829E+002
  0.20326951E+002
  0.20327074E+002
  0.20327197E+002
  0.20327322E+002
  0.20327447E+002
  0.20327573E+002
  0.20327699E+002
  0.20327826E+002
  0.20327953E+002
  0.20328081E+002
  0.20328209E+002
  0.20328338E+002
  0.20328467E+002
  0.20328596E+002
  0.20328725E+002
  0.20328855E+002
  0.20328984E+002
  0.20329114E+002
  0.20329243E+002
  0.20329372E+002
  0.20329501E+002
  0.20329630E+002
  0.20329759E+002
  0.20329887E+002
  0.20330015E+002
  0.20330143E+002
  0.20330270E+002
  0.20330396E+002
  0.20330522E+002
  0.20330647E+002
  0.20330771E+002
  0.20330895E+002
  0.20331018E+002
  0.20331139E+002
  0.20331260E+002
  0.20331380E+002
  0.20331499E+002
  0.20331617E+002
  0.20331734E+002
  0.20331850E+002
  0.20331964E+002
  0.20332077E+002
  0.20332189E+002
  0.20332300E+002
  0.20332409E+002
  0.20332517E+002
  0.20332623E+002
  0.20332728E+002
  0.20332832E+002
  0.20332934E+002
  0.20333034E+002
  0.20333133E+002
  0.20333230E+002
  0.20333325E+002
  0.20333419E+002
  0.20333511E+002
  0.20333601E+002
  0.20333689E+002
  0.20333775E+002
  0.20333859E+002
  0.20333942E+002
  0.20334022E+002
  0.20334099E+002
  0.20334175E+002
  0.20334248E+002
  0.20334319E+002
  0.20334387E+002
  0.20334453E+002
  0.20334515E+002
  0.20334575E+002
  0.20334631E+002
  0.20334684E+002
  0.20334733E+002
  0.20334778E+002
  0.20334819E+002
  0.20334855E+002
  0.20334886E+002
  0.20334912E+002
  0.20334931E+002
  0.20334945E+002
  0.20334951E+002
  0.20334949E+002
  0.20334940E+002
  0.20334920E+002
  0.20334891E+002
  0.20334851E+002
  0.20334798E+002
  0.20334732E+002
  0.20334651E+002
  0.20334557E+002
