  0.21503135E-001  0.20337940E+000  0.17619700E+001  0.79290806E+002
  0.21469588E-001  0.20357612E+000  0.17616514E+001  0.79291680E+002
  0.21442723E-001  0.20355423E+000  0.17615782E+001  0.79292483E+002
  0.21421163E-001  0.20350937E+000  0.17615500E+001  0.79293193E+002
  0.21404019E-001  0.20347669E+000  0.17615273E+001  0.79293811E+002
  0.21390546E-001  0.20345122E+000  0.17615115E+001  0.79294349E+002
  0.21380125E-001  0.20343162E+000  0.17615013E+001  0.79294815E+002
  0.21372286E-001  0.20341678E+000  0.17614956E+001  0.79295221E+002
  0.21366719E-001  0.20340578E+000  0.17614932E+001  0.79295575E+002
  0.21363031E-001  0.20339797E+000  0.17614936E+001  0.79295884E+002
  0.21360893E-001  0.20339285E+000  0.17614960E+001  0.79296157E+002
  0.21360032E-001  0.20338999E+000  0.17615000E+001  0.79296398E+002
  0.21360223E-001  0.20338905E+000  0.17615051E+001  0.79296613E+002
  0.21361275E-001  0.20338973E+000  0.17615112E+001  0.79296804E+002
  0.21363033E-001  0.20339177E+000  0.17615179E+001  0.79296977E+002
  0.21365365E-001  0.20339498E+000  0.17615252E+001  0.79297134E+002
  0.21368162E-001  0.20339917E+000  0.17615327E+001  0.79297276E+002
  0.21371335E-001  0.20340420E+000  0.17615405E+001  0.79297408E+002
  0.21374806E-001  0.20340993E+000  0.17615484E+001  0.79297530E+002
  0.21378498E-001  0.20341628E+000  0.17615564E+001  0.79297644E+002
  0.21382361E-001  0.20342314E+000  0.17615644E+001  0.79297751E+002
  0.21386353E-001  0.20343045E+000  0.17615725E+001  0.79297852E+002
  0.21390438E-001  0.20343811E+000  0.17615805E+001  0.79297950E+002
  0.21394586E-001  0.20344609E+000  0.17615885E+001  0.79298044E+002
  0.21398772E-001  0.20345431E+000  0.17615964E+001  0.79298135E+002
  0.21402974E-001  0.20346275E+000  0.17616043E+001  0.79298224E+002
  0.21407174E-001  0.20347136E+000  0.17616121E+001  0.79298312E+002
  0.21411356E-001  0.20348010E+000  0.17616198E+001  0.79298398E+002
  0.21415508E-001  0.20348894E+000  0.17616274E+001  0.79298485E+002
  0.21419616E-001  0.20349785E+000  0.17616350E+001  0.79298572E+002
  0.21423673E-001  0.20350681E+000  0.17616425E+001  0.79298659E+002
  0.21427670E-001  0.20351580E+000  0.17616500E+001  0.79298747E+002
  0.21431599E-001  0.20352479E+000  0.17616574E+001  0.79298836E+002
  0.21435457E-001  0.20353376E+000  0.17616647E+001  0.79298927E+002
  0.21439237E-001  0.20354270E+000  0.17616721E+001  0.79299020E+002
  0.21442937E-001  0.20355158E+000  0.17616794E+001  0.79299115E+002
  0.21446555E-001  0.20356039E+000  0.17616867E+001  0.79299212E+002
  0.21450087E-001  0.20356911E+000  0.17616941E+001  0.79299311E+002
  0.21453534E-001  0.20357773E+000  0.17617014E+001  0.79299413E+002
  0.21456893E-001  0.20358624E+000  0.17617088E+001  0.79299518E+002
  0.21460166E-001  0.20359461E+000  0.17617163E+001  0.79299626E+002
  0.21463352E-001  0.20360285E+000  0.17617238E+001  0.79299738E+002
  0.21466451E-001  0.20361093E+000  0.17617314E+001  0.79299852E+002
  0.21469464E-001  0.20361885E+000  0.17617390E+001  0.79299970E+002
  0.21472391E-001  0.20362659E+000  0.17617468E+001  0.79300092E+002
  0.21475233E-001  0.20363416E+000  0.17617546E+001  0.79300218E+002
  0.21477989E-001  0.20364154E+000  0.17617626E+001  0.79300347E+002
  0.21480661E-001  0.20364873E+000  0.17617707E+001  0.79300480E+002
  0.21483249E-001  0.20365572E+000  0.17617790E+001  0.79300618E+002
  0.21485751E-001  0.20365262E+000  0.17617973E+001  0.79300760E+002
  0.21488168E-001  0.20364243E+000  0.17618226E+001  0.79300906E+002
  0.21490500E-001  0.20363285E+000  0.17618473E+001  0.79301056E+002
  0.21492747E-001  0.20362391E+000  0.17618714E+001  0.79301212E+002
  0.21494907E-001  0.20361559E+000  0.17618948E+001  0.79301371E+002
  0.21496980E-001  0.20360791E+000  0.17619176E+001  0.79301536E+002
  0.21498967E-001  0.20360084E+000  0.17619397E+001  0.79301705E+002
  0.21500866E-001  0.20359441E+000  0.17619613E+001  0.79301880E+002
  0.21502678E-001  0.20358858E+000  0.17619822E+001  0.79302059E+002
  0.21504403E-001  0.20358337E+000  0.17620027E+001  0.79302243E+002
  0.21506041E-001  0.20357876E+000  0.17620225E+001  0.79302433E+002
  0.21507594E-001  0.20357473E+000  0.17620419E+001  0.79302628E+002
  0.21509061E-001  0.20357127E+000  0.17620608E+001  0.79302829E+002
  0.21510444E-001  0.20356836E+000  0.17620792E+001  0.79303035E+002
  0.21511745E-001  0.20356599E+000  0.17620971E+001  0.79303246E+002
  0.21512965E-001  0.20356414E+000  0.17621147E+001  0.79303464E+002
  0.21514108E-001  0.20356278E+000  0.17621318E+001  0.79303687E+002
  0.21515175E-001  0.20356190E+000  0.17621486E+001  0.79303916E+002
  0.21516169E-001  0.20356146E+000  0.17621650E+001  0.79304150E+002
  0.21517093E-001  0.20356145E+000  0.17621811E+001  0.79304391E+002
  0.21517950E-001  0.20356184E+000  0.17621969E+001  0.79304638E+002
  0.21518743E-001  0.20356261E+000  0.17622124E+001  0.79304891E+002
  0.21519477E-001  0.20356372E+000  0.17622276E+001  0.79305150E+002
  0.21520154E-001  0.20356516E+000  0.17622426E+001  0.79305415E+002
  0.21520778E-001  0.20356690E+000  0.17622574E+001  0.79305687E+002
  0.21521353E-001  0.20356891E+000  0.17622719E+001  0.79305965E+002
  0.21521882E-001  0.20357118E+000  0.17622862E+001  0.79306249E+002
  0.21522368E-001  0.20357367E+000  0.17623003E+001  0.79306539E+002
  0.21522814E-001  0.20357638E+000  0.17623142E+001  0.79306836E+002
  0.21523225E-001  0.20357927E+000  0.17623279E+001  0.79307139E+002
  0.21523602E-001  0.20358233E+000  0.17623414E+001  0.79307448E+002
  0.21523948E-001  0.20358554E+000  0.17623548E+001  0.79307763E+002
  0.21524267E-001  0.20358889E+000  0.17623680E+001  0.79308085E+002
  0.21524560E-001  0.20359235E+000  0.17623810E+001  0.79308413E+002
  0.21524830E-001  0.20359592E+000  0.17623939E+001  0.79308747E+002
  0.21525078E-001  0.20359957E+000  0.17624067E+001  0.79309087E+002
  0.21525307E-001  0.20360330E+000  0.17624193E+001  0.79309433E+002
  0.21525517E-001  0.20360710E+000  0.17624318E+001  0.79309786E+002
  0.21525711E-001  0.20361095E+000  0.17624442E+001  0.79310144E+002
  0.21525889E-001  0.20361484E+000  0.17624565E+001  0.79310509E+002
  0.21526053E-001  0.20361876E+000  0.17624687E+001  0.79310879E+002
  0.21526203E-001  0.20362271E+000  0.17624808E+001  0.79311255E+002
  0.21526341E-001  0.20362666E+000  0.17624928E+001  0.79311637E+002
  0.21526467E-001  0.20363062E+000  0.17625048E+001  0.79312025E+002
  0.21526582E-001  0.20363458E+000  0.17625167E+001  0.79312418E+002
  0.21526686E-001  0.20363851E+000  0.17625286E+001  0.79312817E+002
  0.21526781E-001  0.20364243E+000  0.17625404E+001  0.79313222E+002
  0.21526865E-001  0.20364632E+000  0.17625521E+001  0.79313631E+002
  0.21526941E-001  0.20365017E+000  0.17625638E+001  0.79314047E+002
  0.21527008E-001  0.20365397E+000  0.17625755E+001  0.79314467E+002
  0.21527066E-001  0.20365772E+000  0.17625871E+001  0.79314893E+002
  0.21527116E-001  0.20366142E+000  0.17625986E+001  0.79315323E+002
  0.21527158E-001  0.20366505E+000  0.17626101E+001  0.79315759E+002
  0.21527193E-001  0.20366861E+000  0.17626215E+001  0.79316200E+002
  0.21527221E-001  0.20367210E+000  0.17626329E+001  0.79316645E+002
  0.21527243E-001  0.20367550E+000  0.17626441E+001  0.79317095E+002
  0.21527258E-001  0.20367883E+000  0.17626552E+001  0.79317549E+002
  0.21527267E-001  0.20368206E+000  0.17626663E+001  0.79318008E+002
  0.21527270E-001  0.20368520E+000  0.17626771E+001  0.79318471E+002
  0.21527268E-001  0.20368825E+000  0.17626878E+001  0.79318938E+002
  0.21527261E-001  0.20369121E+000  0.17626984E+001  0.79319409E+002
  0.21527249E-001  0.20369406E+000  0.17627088E+001  0.79319884E+002
  0.21527234E-001  0.20369681E+000  0.17627189E+001  0.79320362E+002
  0.21527214E-001  0.20369947E+000  0.17627288E+001  0.79320844E+002
  0.21527191E-001  0.20370202E+000  0.17627385E+001  0.79321330E+002
  0.21527165E-001  0.20370447E+000  0.17627479E+001  0.79321818E+002
  0.21527136E-001  0.20370682E+000  0.17627571E+001  0.79322310E+002
  0.21527105E-001  0.20370907E+000  0.17627659E+001  0.79322804E+002
  0.21527072E-001  0.20371123E+000  0.17627744E+001  0.79323301E+002
  0.21527036E-001  0.20371328E+000  0.17627826E+001  0.79323800E+002
  0.21526999E-001  0.20371525E+000  0.17627904E+001  0.79324302E+002
  0.21526961E-001  0.20371712E+000  0.17627979E+001  0.79324806E+002
  0.21526921E-001  0.20371890E+000  0.17628050E+001  0.79325311E+002
  0.21526881E-001  0.20372059E+000  0.17628118E+001  0.79325818E+002
  0.21526840E-001  0.20372220E+000  0.17628182E+001  0.79326327E+002
  0.21526798E-001  0.20372372E+000  0.17628242E+001  0.79326836E+002
  0.21526757E-001  0.20372517E+000  0.17628298E+001  0.79327347E+002
  0.21526715E-001  0.20372654E+000  0.17628350E+001  0.79327858E+002
  0.21526673E-001  0.20372784E+000  0.17628398E+001  0.79328370E+002
  0.21526631E-001  0.20372906E+000  0.17628442E+001  0.79328882E+002
  0.21526589E-001  0.20373022E+000  0.17628483E+001  0.79329394E+002
  0.21526548E-001  0.20373132E+000  0.17628520E+001  0.79329906E+002
  0.21526506E-001  0.20373235E+000  0.17628553E+001  0.79330417E+002
  0.21526465E-001  0.20373332E+000  0.17628583E+001  0.79330928E+002
  0.21526425E-001  0.20373423E+000  0.17628610E+001  0.79331437E+002
  0.21526384E-001  0.20373509E+000  0.17628633E+001  0.79331946E+002
  0.21526344E-001  0.20373589E+000  0.17628653E+001  0.79332453E+002
  0.21526304E-001  0.20373665E+000  0.17628670E+001  0.79332958E+002
  0.21526264E-001  0.20373735E+000  0.17628684E+001  0.79333461E+002
  0.21526224E-001  0.20373801E+000  0.17628696E+001  0.79333963E+002
  0.21526184E-001  0.20373862E+000  0.17628705E+001  0.79334462E+002
  0.21526144E-001  0.20373919E+000  0.17628712E+001  0.79334958E+002
  0.21526104E-001  0.20373971E+000  0.17628716E+001  0.79335451E+002
  0.21526063E-001  0.20374019E+000  0.17628719E+001  0.79335942E+002
  0.21526021E-001  0.20374063E+000  0.17628719E+001  0.79336429E+002
  0.21525978E-001  0.20374102E+000  0.17628718E+001  0.79336913E+002
  0.21525935E-001  0.20374138E+000  0.17628715E+001  0.79337393E+002
  0.21525890E-001  0.20374170E+000  0.17628711E+001  0.79337869E+002
  0.21525843E-001  0.20374197E+000  0.17628705E+001  0.79338341E+002
  0.21525795E-001  0.20374220E+000  0.17628698E+001  0.79338808E+002
  0.21525744E-001  0.20374240E+000  0.17628690E+001  0.79339272E+002
  0.21525691E-001  0.20374255E+000  0.17628680E+001  0.79339730E+002
  0.21525635E-001  0.20374265E+000  0.17628670E+001  0.79340184E+002
  0.21525576E-001  0.20374272E+000  0.17628659E+001  0.79340633E+002
  0.21525514E-001  0.20374274E+000  0.17628647E+001  0.79341077E+002
  0.21525447E-001  0.20374270E+000  0.17628634E+001  0.79341515E+002
  0.21525376E-001  0.20374262E+000  0.17628620E+001  0.79341948E+002
  0.21525300E-001  0.20374249E+000  0.17628605E+001  0.79342375E+002
  0.21525218E-001  0.20374230E+000  0.17628590E+001  0.79342797E+002
  0.21525131E-001  0.20374206E+000  0.17628574E+001  0.79343213E+002
  0.21525037E-001  0.20374175E+000  0.17628557E+001  0.79343623E+002
  0.21524935E-001  0.20374137E+000  0.17628538E+001  0.79344026E+002
  0.21524826E-001  0.20374093E+000  0.17628519E+001  0.79344423E+002
  0.21524707E-001  0.20374040E+000  0.17628499E+001  0.79344814E+002
  0.21524580E-001  0.20373980E+000  0.17628478E+001  0.79345199E+002
  0.21524442E-001  0.20373910E+000  0.17628455E+001  0.79345576E+002
  0.21524294E-001  0.20373831E+000  0.17628431E+001  0.79345947E+002
  0.21524133E-001  0.20373742E+000  0.17628405E+001  0.79346311E+002
  0.21523960E-001  0.20373641E+000  0.17628377E+001  0.79346667E+002
  0.21523773E-001  0.20373529E+000  0.17628347E+001  0.79347016E+002
  0.21523572E-001  0.20373403E+000  0.17628315E+001  0.79347358E+002
  0.21523356E-001  0.20373263E+000  0.17628281E+001  0.79347692E+002
  0.21523122E-001  0.20373108E+000  0.17628243E+001  0.79348018E+002
  0.21522872E-001  0.20372936E+000  0.17628202E+001  0.79348335E+002
  0.21522603E-001  0.20372746E+000  0.17628158E+001  0.79348644E+002
  0.21522315E-001  0.20372537E+000  0.17628109E+001  0.79348944E+002
  0.21522006E-001  0.20372307E+000  0.17628057E+001  0.79349235E+002
  0.21521676E-001  0.20372055E+000  0.17627999E+001  0.79349517E+002
  0.21521324E-001  0.20371778E+000  0.17627936E+001  0.79349788E+002
  0.21520949E-001  0.20371476E+000  0.17627868E+001  0.79350048E+002
  0.21520549E-001  0.20371147E+000  0.17627793E+001  0.79350297E+002
  0.21520126E-001  0.20370788E+000  0.17627711E+001  0.79350535E+002
  0.21519677E-001  0.20370397E+000  0.17627622E+001  0.79350759E+002
  0.21519202E-001  0.20369974E+000  0.17627524E+001  0.79350970E+002
  0.21518701E-001  0.20369515E+000  0.17627419E+001  0.79351166E+002
  0.21518174E-001  0.20369020E+000  0.17627303E+001  0.79351346E+002
  0.21517620E-001  0.20368485E+000  0.17627179E+001  0.79351509E+002
  0.21517039E-001  0.20367908E+000  0.17627044E+001  0.79351653E+002
  0.21516431E-001  0.20367289E+000  0.17626898E+001  0.79351777E+002
  0.21515797E-001  0.20366624E+000  0.17626742E+001  0.79351879E+002
  0.21515136E-001  0.20365912E+000  0.17626574E+001  0.79351957E+002
  0.21514448E-001  0.20365150E+000  0.17626395E+001  0.79352008E+002
  0.21513734E-001  0.20364336E+000  0.17626205E+001  0.79352030E+002
  0.21512995E-001  0.20363466E+000  0.17626005E+001  0.79352020E+002
  0.21512238E-001  0.20362534E+000  0.17625796E+001  0.79351974E+002
  0.21511472E-001  0.20361525E+000  0.17625581E+001  0.79351889E+002
  0.21510723E-001  0.20360424E+000  0.17625364E+001  0.79351761E+002
  0.21510005E-001  0.20359193E+000  0.17625154E+001  0.79351582E+002
  0.21509329E-001  0.20357847E+000  0.17624951E+001  0.79351356E+002
  0.21508684E-001  0.20356225E+000  0.17624785E+001  0.79351063E+002
  0.21508344E-001  0.20354434E+000  0.17624650E+001  0.79350720E+002
