  0.69076099E-001
  0.69051950E-001
  0.69057592E-001
  0.69070346E-001
  0.69084183E-001
  0.69097212E-001
  0.69108908E-001
  0.69119199E-001
  0.69128143E-001
  0.69135872E-001
  0.69142534E-001
  0.69148272E-001
  0.69153216E-001
  0.69157474E-001
  0.69161143E-001
  0.69164304E-001
  0.69167036E-001
  0.69169398E-001
  0.69171436E-001
  0.69173195E-001
  0.69174717E-001
  0.69176036E-001
  0.69177183E-001
  0.69178180E-001
  0.69179050E-001
  0.69179809E-001
  0.69180475E-001
  0.69181060E-001
  0.69181576E-001
  0.69182034E-001
  0.69182442E-001
  0.69182807E-001
  0.69183137E-001
  0.69183436E-001
  0.69183711E-001
  0.69183965E-001
  0.69184202E-001
  0.69184425E-001
  0.69184636E-001
  0.69184839E-001
  0.69185034E-001
  0.69185224E-001
  0.69185410E-001
  0.69185592E-001
  0.69185773E-001
  0.69185952E-001
  0.69186131E-001
  0.69186310E-001
  0.69186489E-001
  0.69186669E-001
  0.69186850E-001
  0.69187032E-001
  0.69187217E-001
  0.69187403E-001
  0.69187592E-001
  0.69187782E-001
  0.69187976E-001
  0.69188172E-001
  0.69188371E-001
  0.69188574E-001
  0.69188779E-001
  0.69188989E-001
  0.69189201E-001
  0.69189418E-001
  0.69189639E-001
  0.69189864E-001
  0.69190094E-001
  0.69190329E-001
  0.69190568E-001
  0.69190812E-001
  0.69191061E-001
  0.69191316E-001
  0.69191575E-001
  0.69191841E-001
  0.69192111E-001
  0.69192387E-001
  0.69192669E-001
  0.69192956E-001
  0.69193249E-001
  0.69193546E-001
  0.69193850E-001
  0.69194158E-001
  0.69194472E-001
  0.69194790E-001
  0.69195114E-001
  0.69195443E-001
  0.69195777E-001
  0.69196115E-001
  0.69196458E-001
  0.69196806E-001
  0.69197158E-001
  0.69197515E-001
  0.69197877E-001
  0.69198242E-001
  0.69198613E-001
  0.69198987E-001
  0.69199366E-001
  0.69199749E-001
  0.69200136E-001
  0.69200528E-001
  0.69200924E-001
  0.69201324E-001
  0.69201728E-001
  0.69202136E-001
  0.69202547E-001
  0.69202963E-001
  0.69203383E-001
  0.69203806E-001
  0.69204234E-001
  0.69204664E-001
  0.69205098E-001
  0.69205536E-001
  0.69205977E-001
  0.69206421E-001
  0.69206868E-001
  0.69207318E-001
  0.69207771E-001
  0.69208226E-001
  0.69208684E-001
  0.69209145E-001
  0.69209607E-001
  0.69210072E-001
  0.69210538E-001
  0.69211006E-001
  0.69211476E-001
  0.69211947E-001
  0.69212419E-001
  0.69212893E-001
  0.69213367E-001
  0.69213842E-001
  0.69214317E-001
  0.69214793E-001
  0.69215268E-001
  0.69215744E-001
  0.69216219E-001
  0.69216694E-001
  0.69217168E-001
  0.69217640E-001
  0.69218112E-001
  0.69218583E-001
  0.69219051E-001
  0.69219519E-001
  0.69219984E-001
  0.69220447E-001
  0.69220907E-001
  0.69221365E-001
  0.69221820E-001
  0.69222273E-001
  0.69222722E-001
  0.69223168E-001
  0.69223610E-001
  0.69224049E-001
  0.69224483E-001
  0.69224914E-001
  0.69225340E-001
  0.69225763E-001
  0.69226180E-001
  0.69226593E-001
  0.69227001E-001
  0.69227404E-001
  0.69227802E-001
  0.69228195E-001
  0.69228582E-001
  0.69228963E-001
  0.69229339E-001
  0.69229709E-001
  0.69230073E-001
  0.69230431E-001
  0.69230783E-001
  0.69231128E-001
  0.69231467E-001
  0.69231799E-001
  0.69232123E-001
  0.69232441E-001
  0.69232752E-001
  0.69233055E-001
  0.69233350E-001
  0.69233637E-001
  0.69233916E-001
  0.69234187E-001
  0.69234450E-001
  0.69234703E-001
  0.69234947E-001
  0.69235182E-001
  0.69235408E-001
  0.69235624E-001
  0.69235831E-001
  0.69236027E-001
  0.69236214E-001
  0.69236392E-001
  0.69236561E-001
  0.69236722E-001
  0.69236875E-001
  0.69237024E-001
  0.69237161E-001
  0.69237298E-001
  0.69237409E-001
  0.69237604E-001
  0.69237711E-001
  0.69237255E-001
