  0.95643818E+000  0.62925432E+000  0.88848977E+000  0.40037432E+001
  0.95883170E+000  0.62831920E+000  0.88938031E+000  0.40041741E+001
  0.96172482E+000  0.62652595E+000  0.88959509E+000  0.40049864E+001
  0.96228569E+000  0.62682550E+000  0.88989934E+000  0.40054843E+001
  0.96277554E+000  0.62822298E+000  0.88898537E+000  0.40058160E+001
  0.96427093E+000  0.62765494E+000  0.88884674E+000  0.40060479E+001
  0.96903166E+000  0.62441995E+000  0.88794657E+000  0.40062119E+001
  0.96926693E+000  0.62451243E+000  0.88810518E+000  0.40063260E+001
  0.96945342E+000  0.62528610E+000  0.88751417E+000  0.40064015E+001
  0.96958607E+000  0.62548946E+000  0.88744934E+000  0.40064460E+001
  0.96968774E+000  0.62616072E+000  0.88686592E+000  0.40064657E+001
  0.96974850E+000  0.63070519E+000  0.88238222E+000  0.40064651E+001
  0.97191932E+000  0.62854615E+000  0.88243541E+000  0.40064479E+001
  0.97193896E+000  0.62852813E+000  0.88245176E+000  0.40064172E+001
  0.97192971E+000  0.63181930E+000  0.87914883E+000  0.40063756E+001
  0.97190420E+000  0.63179635E+000  0.87914398E+000  0.40063249E+001
  0.97186506E+000  0.63176802E+000  0.87913148E+000  0.40062670E+001
  0.97181450E+000  0.63173533E+000  0.87911274E+000  0.40062032E+001
  0.97176738E+000  0.63168610E+000  0.87908898E+000  0.40061346E+001
  0.97169922E+000  0.63164707E+000  0.87906119E+000  0.40060620E+001
  0.97162435E+000  0.63160581E+000  0.87903024E+000  0.40059863E+001
  0.97723801E+000  0.62586869E+000  0.87899682E+000  0.40059081E+001
  0.97716343E+000  0.62581385E+000  0.87896153E+000  0.40058279E+001
  0.97707433E+000  0.62640058E+000  0.87829303E+000  0.40057461E+001
  0.97698204E+000  0.62689305E+000  0.87771717E+000  0.40056630E+001
  0.97688717E+000  0.62684681E+000  0.87767898E+000  0.40055790E+001
  0.97679021E+000  0.62680037E+000  0.87764047E+000  0.40054942E+001
  0.97669159E+000  0.62675392E+000  0.87760187E+000  0.40054089E+001
  0.97659171E+000  0.62670760E+000  0.87756337E+000  0.40053233E+001
  0.97649088E+000  0.62666157E+000  0.87752514E+000  0.40052375E+001
  0.97638941E+000  0.62661594E+000  0.87748730E+000  0.40051516E+001
  0.97628755E+000  0.62657081E+000  0.87744996E+000  0.40050657E+001
  0.97618556E+000  0.62655699E+000  0.87738249E+000  0.40049800E+001
  0.97608363E+000  0.62651314E+000  0.87734637E+000  0.40048945E+001
  0.97598197E+000  0.62647004E+000  0.87731094E+000  0.40048092E+001
  0.97588076E+000  0.62642776E+000  0.87727622E+000  0.40047244E+001
  0.97578017E+000  0.62638634E+000  0.87724223E+000  0.40046399E+001
  0.97568036E+000  0.62634585E+000  0.87720898E+000  0.40045559E+001
  0.97558149E+000  0.62630632E+000  0.87717645E+000  0.40044725E+001
  0.97548369E+000  0.62626779E+000  0.87714464E+000  0.40043896E+001
  0.97538712E+000  0.62623029E+000  0.87711352E+000  0.40043074E+001
  0.97529190E+000  0.62619385E+000  0.87708309E+000  0.40042260E+001
  0.97519816E+000  0.62615849E+000  0.87705331E+000  0.40041452E+001
  0.97510604E+000  0.62612423E+000  0.87702415E+000  0.40040654E+001
  0.97501565E+000  0.62609107E+000  0.87699560E+000  0.40039864E+001
  0.97492711E+000  0.62605903E+000  0.87696762E+000  0.40039083E+001
  0.97484053E+000  0.62602812E+000  0.87694020E+000  0.40038313E+001
  0.97475602E+000  0.62599833E+000  0.87691330E+000  0.40037553E+001
  0.97467369E+000  0.62596967E+000  0.87688692E+000  0.40036805E+001
  0.97459362E+000  0.62594213E+000  0.87686105E+000  0.40036068E+001
  0.97451590E+000  0.62591570E+000  0.87683567E+000  0.40035344E+001
  0.97444063E+000  0.62589038E+000  0.87681077E+000  0.40034633E+001
  0.97436786E+000  0.62586615E+000  0.87678636E+000  0.40033935E+001
  0.97429767E+000  0.62584301E+000  0.87676243E+000  0.40033251E+001
  0.97423010E+000  0.62582093E+000  0.87673899E+000  0.40032583E+001
  0.97416521E+000  0.62579990E+000  0.87671606E+000  0.40031929E+001
  0.97410303E+000  0.62577991E+000  0.87669363E+000  0.40031291E+001
  0.97404358E+000  0.62576092E+000  0.87667174E+000  0.40030669E+001
  0.97398687E+000  0.62574291E+000  0.87665038E+000  0.40030063E+001
  0.97393291E+000  0.62572588E+000  0.87662959E+000  0.40029474E+001
  0.97388169E+000  0.62570978E+000  0.87660938E+000  0.40028903E+001
  0.97383318E+000  0.62569459E+000  0.87658977E+000  0.40028348E+001
  0.97378737E+000  0.62568029E+000  0.87657080E+000  0.40027811E+001
  0.97374419E+000  0.62566685E+000  0.87655247E+000  0.40027292E+001
  0.97370361E+000  0.62565424E+000  0.87653481E+000  0.40026791E+001
  0.97366556E+000  0.62564243E+000  0.87651785E+000  0.40026307E+001
  0.97362997E+000  0.62563139E+000  0.87650161E+000  0.40025841E+001
  0.97359676E+000  0.62562109E+000  0.87648610E+000  0.40025393E+001
  0.97356585E+000  0.62561150E+000  0.87647134E+000  0.40024963E+001
  0.97353713E+000  0.62560259E+000  0.87645735E+000  0.40024551E+001
  0.97351052E+000  0.62559432E+000  0.87644413E+000  0.40024155E+001
  0.97348590E+000  0.62558667E+000  0.87643170E+000  0.40023777E+001
  0.97346317E+000  0.62557960E+000  0.87642006E+000  0.40023417E+001
  0.97344223E+000  0.62557309E+000  0.87640921E+000  0.40023072E+001
  0.97342295E+000  0.62556709E+000  0.87639915E+000  0.40022744E+001
  0.97340524E+000  0.62556159E+000  0.87638987E+000  0.40022433E+001
  0.97338897E+000  0.62555654E+000  0.87638136E+000  0.40022136E+001
  0.97337405E+000  0.62555193E+000  0.87637361E+000  0.40021855E+001
  0.97336037E+000  0.62554772E+000  0.87636660E+000  0.40021589E+001
  0.97334783E+000  0.62554388E+000  0.87636031E+000  0.40021337E+001
  0.97333633E+000  0.62554040E+000  0.87635473E+000  0.40021099E+001
  0.97332578E+000  0.62553724E+000  0.87634982E+000  0.40020875E+001
  0.97331610E+000  0.62553437E+000  0.87634556E+000  0.40020663E+001
  0.97330720E+000  0.62553179E+000  0.87634193E+000  0.40020463E+001
  0.97329900E+000  0.62552946E+000  0.87633889E+000  0.40020275E+001
  0.97329145E+000  0.62552736E+000  0.87633642E+000  0.40020098E+001
  0.97328446E+000  0.62552548E+000  0.87633447E+000  0.40019932E+001
  0.97327799E+000  0.62552379E+000  0.87633303E+000  0.40019775E+001
  0.97327198E+000  0.62552228E+000  0.87633207E+000  0.40019628E+001
  0.97326637E+000  0.62552093E+000  0.87633154E+000  0.40019489E+001
  0.97326113E+000  0.62551973E+000  0.87633142E+000  0.40019359E+001
  0.97325622E+000  0.62551866E+000  0.87633168E+000  0.40019235E+001
  0.97325160E+000  0.62551770E+000  0.87633230E+000  0.40019118E+001
  0.97324723E+000  0.62551685E+000  0.87633324E+000  0.40019008E+001
  0.97324310E+000  0.62551609E+000  0.87633448E+000  0.40018903E+001
  0.97323917E+000  0.62551541E+000  0.87633599E+000  0.40018803E+001
  0.97323543E+000  0.62551481E+000  0.87633775E+000  0.40018708E+001
  0.97323185E+000  0.62551426E+000  0.87633974E+000  0.40018616E+001
  0.97322843E+000  0.62551377E+000  0.87634193E+000  0.40018529E+001
  0.97322514E+000  0.62551333E+000  0.87634432E+000  0.40018444E+001
  0.97322198E+000  0.62551292E+000  0.87634687E+000  0.40018363E+001
  0.97321893E+000  0.62551254E+000  0.87634958E+000  0.40018284E+001
  0.97321598E+000  0.62551219E+000  0.87635242E+000  0.40018208E+001
  0.97321314E+000  0.62551185E+000  0.87635539E+000  0.40018133E+001
  0.97321039E+000  0.62551153E+000  0.87635848E+000  0.40018060E+001
  0.97320773E+000  0.62551122E+000  0.87636166E+000  0.40017989E+001
  0.97320514E+000  0.62551091E+000  0.87636494E+000  0.40017919E+001
  0.97320264E+000  0.62551060E+000  0.87636829E+000  0.40017850E+001
  0.97320022E+000  0.62551029E+000  0.87637172E+000  0.40017783E+001
  0.97319787E+000  0.62550997E+000  0.87637522E+000  0.40017716E+001
  0.97319559E+000  0.62550964E+000  0.87637877E+000  0.40017650E+001
  0.97319338E+000  0.62550931E+000  0.87638238E+000  0.40017585E+001
  0.97319124E+000  0.62550896E+000  0.87638603E+000  0.40017521E+001
  0.97318917E+000  0.62550859E+000  0.87638973E+000  0.40017457E+001
  0.97318716E+000  0.62550821E+000  0.87639346E+000  0.40017394E+001
  0.97318522E+000  0.62550781E+000  0.87639722E+000  0.40017332E+001
  0.97318335E+000  0.62550740E+000  0.87640101E+000  0.40017270E+001
  0.97318154E+000  0.62550696E+000  0.87640483E+000  0.40017208E+001
  0.97317980E+000  0.62550651E+000  0.87640866E+000  0.40017147E+001
  0.97317813E+000  0.62550605E+000  0.87641252E+000  0.40017087E+001
  0.97317651E+000  0.62550556E+000  0.87641638E+000  0.40017027E+001
  0.97317496E+000  0.62550506E+000  0.87642026E+000  0.40016968E+001
  0.97317348E+000  0.62550455E+000  0.87642415E+000  0.40016909E+001
  0.97317205E+000  0.62550402E+000  0.87642805E+000  0.40016850E+001
  0.97317068E+000  0.62550348E+000  0.87643194E+000  0.40016792E+001
  0.97316938E+000  0.62550292E+000  0.87643584E+000  0.40016734E+001
  0.97316813E+000  0.62550236E+000  0.87643974E+000  0.40016677E+001
  0.97316693E+000  0.62550179E+000  0.87644363E+000  0.40016621E+001
  0.97316579E+000  0.62550121E+000  0.87644751E+000  0.40016565E+001
  0.97316471E+000  0.62550062E+000  0.87645138E+000  0.40016509E+001
  0.97316367E+000  0.62550004E+000  0.87645523E+000  0.40016454E+001
  0.97316268E+000  0.62549945E+000  0.87645907E+000  0.40016399E+001
  0.97316174E+000  0.62549886E+000  0.87646289E+000  0.40016345E+001
  0.97316085E+000  0.62549827E+000  0.87646669E+000  0.40016292E+001
  0.97316000E+000  0.62549768E+000  0.87647046E+000  0.40016239E+001
  0.97315919E+000  0.62549710E+000  0.87647421E+000  0.40016187E+001
  0.97315842E+000  0.62549652E+000  0.87647792E+000  0.40016135E+001
  0.97315768E+000  0.62549595E+000  0.87648160E+000  0.40016084E+001
  0.97315698E+000  0.62549539E+000  0.87648524E+000  0.40016033E+001
  0.97315632E+000  0.62549484E+000  0.87648885E+000  0.40015983E+001
  0.97315569E+000  0.62549430E+000  0.87649241E+000  0.40015934E+001
  0.97315509E+000  0.62549377E+000  0.87649594E+000  0.40015886E+001
  0.97315452E+000  0.62549325E+000  0.87649941E+000  0.40015838E+001
  0.97315397E+000  0.62549275E+000  0.87650284E+000  0.40015791E+001
  0.97315345E+000  0.62549226E+000  0.87650621E+000  0.40015744E+001
  0.97315296E+000  0.62549179E+000  0.87650953E+000  0.40015698E+001
  0.97315249E+000  0.62549132E+000  0.87651280E+000  0.40015654E+001
  0.97315205E+000  0.62549088E+000  0.87651601E+000  0.40015610E+001
  0.97315162E+000  0.62549045E+000  0.87651916E+000  0.40015566E+001
  0.97315122E+000  0.62549004E+000  0.87652225E+000  0.40015524E+001
  0.97315084E+000  0.62548964E+000  0.87652527E+000  0.40015482E+001
  0.97315049E+000  0.62548926E+000  0.87652823E+000  0.40015442E+001
  0.97315015E+000  0.62548889E+000  0.87653112E+000  0.40015402E+001
  0.97314983E+000  0.62548854E+000  0.87653395E+000  0.40015363E+001
  0.97314953E+000  0.62548821E+000  0.87653670E+000  0.40015326E+001
  0.97314926E+000  0.62548789E+000  0.87653939E+000  0.40015289E+001
  0.97314900E+000  0.62548758E+000  0.87654200E+000  0.40015253E+001
  0.97314877E+000  0.62548730E+000  0.87654454E+000  0.40015219E+001
  0.97314856E+000  0.62548703E+000  0.87654701E+000  0.40015185E+001
  0.97314838E+000  0.62548677E+000  0.87654940E+000  0.40015153E+001
  0.97314822E+000  0.62548653E+000  0.87655171E+000  0.40015122E+001
  0.97314808E+000  0.62548630E+000  0.87655395E+000  0.40015092E+001
  0.97314798E+000  0.62548610E+000  0.87655611E+000  0.40015063E+001
  0.97314790E+000  0.62548590E+000  0.87655819E+000  0.40015036E+001
  0.97314786E+000  0.62548572E+000  0.87656019E+000  0.40015010E+001
  0.97314786E+000  0.62548556E+000  0.87656211E+000  0.40014985E+001
  0.97314789E+000  0.62548541E+000  0.87656395E+000  0.40014962E+001
  0.97314796E+000  0.62548528E+000  0.87656571E+000  0.40014940E+001
  0.97314808E+000  0.62548517E+000  0.87656739E+000  0.40014920E+001
  0.97314825E+000  0.62548507E+000  0.87656899E+000  0.40014902E+001
  0.97314847E+000  0.62548500E+000  0.87657050E+000  0.40014885E+001
  0.97314876E+000  0.62548494E+000  0.87657193E+000  0.40014870E+001
  0.97314911E+000  0.62548490E+000  0.87657327E+000  0.40014858E+001
  0.97314953E+000  0.62548488E+000  0.87657453E+000  0.40014848E+001
  0.97315003E+000  0.62548488E+000  0.87657569E+000  0.40014839E+001
  0.97315062E+000  0.62548490E+000  0.87657677E+000  0.40014834E+001
  0.97315131E+000  0.62548495E+000  0.87657775E+000  0.40014831E+001
  0.97315210E+000  0.62548502E+000  0.87657863E+000  0.40014831E+001
  0.97315300E+000  0.62548512E+000  0.87657942E+000  0.40014834E+001
  0.97315403E+000  0.62548525E+000  0.87658010E+000  0.40014841E+001
  0.97315520E+000  0.62548541E+000  0.87658067E+000  0.40014851E+001
  0.97315652E+000  0.62548560E+000  0.87658113E+000  0.40014865E+001
  0.97315800E+000  0.62548582E+000  0.87658145E+000  0.40014884E+001
  0.97315965E+000  0.62548608E+000  0.87658164E+000  0.40014906E+001
  0.97316148E+000  0.62548637E+000  0.87658167E+000  0.40014933E+001
  0.97316349E+000  0.62548669E+000  0.87658153E+000  0.40014964E+001
  0.97316570E+000  0.62548703E+000  0.87658119E+000  0.40014999E+001
  0.97316810E+000  0.62548740E+000  0.87658061E+000  0.40015038E+001
  0.97317067E+000  0.62548779E+000  0.87657974E+000  0.40015080E+001
  0.97317342E+000  0.62548818E+000  0.87657854E+000  0.40015125E+001
  0.97317629E+000  0.62548856E+000  0.87657693E+000  0.40015169E+001
  0.97317924E+000  0.62548890E+000  0.87657478E+000  0.40015210E+001
  0.97318209E+000  0.62548914E+000  0.87657196E+000  0.40015245E+001
  0.97318458E+000  0.62548918E+000  0.87656822E+000  0.40015265E+001
  0.97318610E+000  0.62548872E+000  0.87656316E+000  0.40015259E+001
  0.97318598E+000  0.62548751E+000  0.87655635E+000  0.40015211E+001
  0.97318283E+000  0.62548460E+000  0.87654688E+000  0.40015100E+001
  0.97317740E+000  0.62548060E+000  0.87653485E+000  0.40014903E+001
  0.97316618E+000  0.62547151E+000  0.87651675E+000  0.40014574E+001
  0.97314977E+000  0.62546100E+000  0.87649468E+000  0.40014056E+001
