 -0.17162812E+000  0.12896463E+000  0.18736487E+001  0.46469403E+001
 -0.17116719E+000  0.12934921E+000  0.18750195E+001  0.46475038E+001
 -0.17080712E+000  0.12982198E+000  0.18759269E+001  0.46478906E+001
 -0.17052512E+000  0.13021805E+000  0.18766253E+001  0.46481767E+001
 -0.17030554E+000  0.13052303E+000  0.18771868E+001  0.46483957E+001
 -0.17013645E+000  0.13075742E+000  0.18776340E+001  0.46485656E+001
 -0.17000852E+000  0.13093449E+000  0.18779866E+001  0.46486976E+001
 -0.16991425E+000  0.13106463E+000  0.18782608E+001  0.46487994E+001
 -0.16984775E+000  0.13115634E+000  0.18784700E+001  0.46488766E+001
 -0.16980400E+000  0.13121646E+000  0.18786251E+001  0.46489334E+001
 -0.16977890E+000  0.13125064E+000  0.18787353E+001  0.46489732E+001
 -0.16976905E+000  0.13126354E+000  0.18788079E+001  0.46489987E+001
 -0.16977166E+000  0.13125898E+000  0.18788493E+001  0.46490123E+001
 -0.16978443E+000  0.13124013E+000  0.18788646E+001  0.46490159E+001
 -0.16980543E+000  0.13120969E+000  0.18788583E+001  0.46490110E+001
 -0.16983308E+000  0.13116987E+000  0.18788339E+001  0.46489989E+001
 -0.16986605E+000  0.13112252E+000  0.18787944E+001  0.46489807E+001
 -0.16990328E+000  0.13106911E+000  0.18787425E+001  0.46489575E+001
 -0.16994384E+000  0.13101088E+000  0.18786801E+001  0.46489299E+001
 -0.16998699E+000  0.13094888E+000  0.18786091E+001  0.46488986E+001
 -0.17003209E+000  0.13088399E+000  0.18785309E+001  0.46488640E+001
 -0.17007862E+000  0.13081695E+000  0.18784466E+001  0.46488268E+001
 -0.17012615E+000  0.13074835E+000  0.18783575E+001  0.46487871E+001
 -0.17017433E+000  0.13067871E+000  0.18782643E+001  0.46487454E+001
 -0.17022286E+000  0.13060846E+000  0.18781678E+001  0.46487019E+001
 -0.17027148E+000  0.13053795E+000  0.18780688E+001  0.46486568E+001
 -0.17031997E+000  0.13046749E+000  0.18779676E+001  0.46486102E+001
 -0.17036817E+000  0.13039733E+000  0.18778648E+001  0.46485624E+001
 -0.17041593E+000  0.13032770E+000  0.18777609E+001  0.46485134E+001
 -0.17046311E+000  0.13025879E+000  0.18776561E+001  0.46484634E+001
 -0.17050962E+000  0.13019075E+000  0.18775509E+001  0.46484123E+001
 -0.17055537E+000  0.13012374E+000  0.18774454E+001  0.46483603E+001
 -0.17060028E+000  0.13005788E+000  0.18773400E+001  0.46483075E+001
 -0.17064430E+000  0.12999328E+000  0.18772349E+001  0.46482538E+001
 -0.17068738E+000  0.12993005E+000  0.18771302E+001  0.46481994E+001
 -0.17072949E+000  0.12986826E+000  0.18770262E+001  0.46481442E+001
 -0.17077060E+000  0.12980799E+000  0.18769230E+001  0.46480883E+001
 -0.17081068E+000  0.12974931E+000  0.18768208E+001  0.46480317E+001
 -0.17084972E+000  0.12969228E+000  0.18767198E+001  0.46479745E+001
 -0.17088772E+000  0.12963696E+000  0.18766200E+001  0.46479166E+001
 -0.17092466E+000  0.12958338E+000  0.18765215E+001  0.46478582E+001
 -0.17096054E+000  0.12953159E+000  0.18764247E+001  0.46477992E+001
 -0.17099537E+000  0.12948162E+000  0.18763294E+001  0.46477396E+001
 -0.17102914E+000  0.12943350E+000  0.18762359E+001  0.46476796E+001
 -0.17106185E+000  0.12938725E+000  0.18761442E+001  0.46476192E+001
 -0.17109350E+000  0.12934288E+000  0.18760544E+001  0.46475583E+001
 -0.17112410E+000  0.12930041E+000  0.18759667E+001  0.46474972E+001
 -0.17115364E+000  0.12925983E+000  0.18758812E+001  0.46474357E+001
 -0.17118212E+000  0.12922115E+000  0.18757978E+001  0.46473740E+001
 -0.17120955E+000  0.12919433E+000  0.18757068E+001  0.46473121E+001
 -0.17123591E+000  0.12917634E+000  0.18756112E+001  0.46472501E+001
 -0.17126122E+000  0.12915939E+000  0.18755190E+001  0.46471880E+001
 -0.17128546E+000  0.12914344E+000  0.18754300E+001  0.46471259E+001
 -0.17130864E+000  0.12912848E+000  0.18753445E+001  0.46470640E+001
 -0.17133076E+000  0.12911447E+000  0.18752625E+001  0.46470022E+001
 -0.17135181E+000  0.12910138E+000  0.18751840E+001  0.46469406E+001
 -0.17137181E+000  0.12908919E+000  0.18751091E+001  0.46468793E+001
 -0.17139075E+000  0.12907786E+000  0.18750377E+001  0.46468184E+001
 -0.17140865E+000  0.12906737E+000  0.18749699E+001  0.46467580E+001
 -0.17142552E+000  0.12905767E+000  0.18749057E+001  0.46466981E+001
 -0.17144137E+000  0.12904874E+000  0.18748450E+001  0.46466388E+001
 -0.17145622E+000  0.12904053E+000  0.18747879E+001  0.46465802E+001
 -0.17147009E+000  0.12903303E+000  0.18747343E+001  0.46465224E+001
 -0.17148301E+000  0.12902618E+000  0.18746842E+001  0.46464654E+001
 -0.17149501E+000  0.12901996E+000  0.18746375E+001  0.46464093E+001
 -0.17150610E+000  0.12901434E+000  0.18745942E+001  0.46463542E+001
 -0.17151634E+000  0.12900927E+000  0.18745541E+001  0.46463001E+001
 -0.17152574E+000  0.12900473E+000  0.18745172E+001  0.46462471E+001
 -0.17153436E+000  0.12900067E+000  0.18744835E+001  0.46461953E+001
 -0.17154223E+000  0.12899708E+000  0.18744527E+001  0.46461446E+001
 -0.17154939E+000  0.12899390E+000  0.18744249E+001  0.46460952E+001
 -0.17155588E+000  0.12899112E+000  0.18743998E+001  0.46460471E+001
 -0.17156176E+000  0.12898870E+000  0.18743774E+001  0.46460002E+001
 -0.17156705E+000  0.12898661E+000  0.18743576E+001  0.46459547E+001
 -0.17157180E+000  0.12898481E+000  0.18743403E+001  0.46459104E+001
 -0.17157606E+000  0.12898329E+000  0.18743252E+001  0.46458676E+001
 -0.17157986E+000  0.12898202E+000  0.18743124E+001  0.46458260E+001
 -0.17158325E+000  0.12898096E+000  0.18743017E+001  0.46457858E+001
 -0.17158626E+000  0.12898011E+000  0.18742929E+001  0.46457469E+001
 -0.17158892E+000  0.12897943E+000  0.18742860E+001  0.46457093E+001
 -0.17159128E+000  0.12897891E+000  0.18742809E+001  0.46456730E+001
 -0.17159335E+000  0.12897853E+000  0.18742773E+001  0.46456379E+001
 -0.17159518E+000  0.12897828E+000  0.18742753E+001  0.46456039E+001
 -0.17159678E+000  0.12897813E+000  0.18742748E+001  0.46455712E+001
 -0.17159818E+000  0.12897808E+000  0.18742755E+001  0.46455395E+001
 -0.17159940E+000  0.12897812E+000  0.18742775E+001  0.46455089E+001
 -0.17160046E+000  0.12897824E+000  0.18742807E+001  0.46454792E+001
 -0.17160137E+000  0.12897842E+000  0.18742849E+001  0.46454505E+001
 -0.17160216E+000  0.12897867E+000  0.18742901E+001  0.46454226E+001
 -0.17160284E+000  0.12897897E+000  0.18742962E+001  0.46453956E+001
 -0.17160341E+000  0.12897932E+000  0.18743031E+001  0.46453692E+001
 -0.17160390E+000  0.12897972E+000  0.18743108E+001  0.46453435E+001
 -0.17160430E+000  0.12898015E+000  0.18743193E+001  0.46453184E+001
 -0.17160463E+000  0.12898063E+000  0.18743284E+001  0.46452938E+001
 -0.17160490E+000  0.12898113E+000  0.18743381E+001  0.46452696E+001
 -0.17160510E+000  0.12898167E+000  0.18743485E+001  0.46452459E+001
 -0.17160526E+000  0.12898224E+000  0.18743593E+001  0.46452225E+001
 -0.17160536E+000  0.12898284E+000  0.18743707E+001  0.46451994E+001
 -0.17160542E+000  0.12898346E+000  0.18743825E+001  0.46451766E+001
 -0.17160544E+000  0.12898410E+000  0.18743947E+001  0.46451539E+001
 -0.17160542E+000  0.12898476E+000  0.18744074E+001  0.46451314E+001
 -0.17160537E+000  0.12898545E+000  0.18744204E+001  0.46451090E+001
 -0.17160529E+000  0.12898615E+000  0.18744339E+001  0.46450867E+001
 -0.17160518E+000  0.12898687E+000  0.18744476E+001  0.46450644E+001
 -0.17160504E+000  0.12898760E+000  0.18744617E+001  0.46450422E+001
 -0.17160489E+000  0.12898835E+000  0.18744761E+001  0.46450200E+001
 -0.17160471E+000  0.12898910E+000  0.18744908E+001  0.46449978E+001
 -0.17160451E+000  0.12898987E+000  0.18745058E+001  0.46449755E+001
 -0.17160430E+000  0.12899064E+000  0.18745210E+001  0.46449533E+001
 -0.17160408E+000  0.12899142E+000  0.18745364E+001  0.46449310E+001
 -0.17160384E+000  0.12899220E+000  0.18745521E+001  0.46449086E+001
 -0.17160359E+000  0.12899297E+000  0.18745681E+001  0.46448862E+001
 -0.17160333E+000  0.12899375E+000  0.18745842E+001  0.46448638E+001
 -0.17160307E+000  0.12899453E+000  0.18746005E+001  0.46448413E+001
 -0.17160279E+000  0.12899530E+000  0.18746169E+001  0.46448189E+001
 -0.17160252E+000  0.12899607E+000  0.18746336E+001  0.46447964E+001
 -0.17160224E+000  0.12899683E+000  0.18746503E+001  0.46447739E+001
 -0.17160195E+000  0.12899758E+000  0.18746672E+001  0.46447514E+001
 -0.17160167E+000  0.12899832E+000  0.18746841E+001  0.46447290E+001
 -0.17160138E+000  0.12899904E+000  0.18747012E+001  0.46447066E+001
 -0.17160109E+000  0.12899976E+000  0.18747183E+001  0.46446843E+001
 -0.17160081E+000  0.12900046E+000  0.18747354E+001  0.46446621E+001
 -0.17160052E+000  0.12900114E+000  0.18747525E+001  0.46446399E+001
 -0.17160024E+000  0.12900181E+000  0.18747697E+001  0.46446179E+001
 -0.17159996E+000  0.12900247E+000  0.18747868E+001  0.46445961E+001
 -0.17159968E+000  0.12900310E+000  0.18748038E+001  0.46445744E+001
 -0.17159941E+000  0.12900372E+000  0.18748208E+001  0.46445530E+001
 -0.17159914E+000  0.12900432E+000  0.18748376E+001  0.46445317E+001
 -0.17159888E+000  0.12900491E+000  0.18748543E+001  0.46445107E+001
 -0.17159862E+000  0.12900547E+000  0.18748709E+001  0.46444899E+001
 -0.17159837E+000  0.12900601E+000  0.18748873E+001  0.46444695E+001
 -0.17159813E+000  0.12900654E+000  0.18749035E+001  0.46444493E+001
 -0.17159789E+000  0.12900704E+000  0.18749194E+001  0.46444295E+001
 -0.17159766E+000  0.12900753E+000  0.18749352E+001  0.46444101E+001
 -0.17159744E+000  0.12900800E+000  0.18749506E+001  0.46443910E+001
 -0.17159723E+000  0.12900845E+000  0.18749658E+001  0.46443722E+001
 -0.17159702E+000  0.12900888E+000  0.18749806E+001  0.46443539E+001
 -0.17159682E+000  0.12900929E+000  0.18749952E+001  0.46443361E+001
 -0.17159663E+000  0.12900968E+000  0.18750094E+001  0.46443186E+001
 -0.17159645E+000  0.12901006E+000  0.18750232E+001  0.46443016E+001
 -0.17159628E+000  0.12901042E+000  0.18750367E+001  0.46442850E+001
 -0.17159612E+000  0.12901076E+000  0.18750498E+001  0.46442690E+001
 -0.17159596E+000  0.12901108E+000  0.18750625E+001  0.46442534E+001
 -0.17159581E+000  0.12901139E+000  0.18750749E+001  0.46442382E+001
 -0.17159568E+000  0.12901169E+000  0.18750868E+001  0.46442236E+001
 -0.17159555E+000  0.12901196E+000  0.18750983E+001  0.46442095E+001
 -0.17159543E+000  0.12901223E+000  0.18751094E+001  0.46441958E+001
 -0.17159531E+000  0.12901247E+000  0.18751201E+001  0.46441827E+001
 -0.17159521E+000  0.12901271E+000  0.18751304E+001  0.46441700E+001
 -0.17159511E+000  0.12901293E+000  0.18751403E+001  0.46441579E+001
 -0.17159503E+000  0.12901314E+000  0.18751497E+001  0.46441462E+001
 -0.17159495E+000  0.12901333E+000  0.18751588E+001  0.46441351E+001
 -0.17159488E+000  0.12901352E+000  0.18751674E+001  0.46441244E+001
 -0.17159482E+000  0.12901369E+000  0.18751757E+001  0.46441142E+001
 -0.17159476E+000  0.12901385E+000  0.18751835E+001  0.46441045E+001
 -0.17159471E+000  0.12901400E+000  0.18751910E+001  0.46440953E+001
 -0.17159467E+000  0.12901413E+000  0.18751981E+001  0.46440865E+001
 -0.17159464E+000  0.12901426E+000  0.18752047E+001  0.46440782E+001
 -0.17159462E+000  0.12901438E+000  0.18752111E+001  0.46440704E+001
 -0.17159460E+000  0.12901449E+000  0.18752170E+001  0.46440630E+001
 -0.17159459E+000  0.12901459E+000  0.18752226E+001  0.46440561E+001
 -0.17159459E+000  0.12901468E+000  0.18752278E+001  0.46440497E+001
 -0.17159460E+000  0.12901476E+000  0.18752327E+001  0.46440437E+001
 -0.17159462E+000  0.12901483E+000  0.18752373E+001  0.46440382E+001
 -0.17159464E+000  0.12901489E+000  0.18752415E+001  0.46440331E+001
 -0.17159467E+000  0.12901495E+000  0.18752453E+001  0.46440285E+001
 -0.17159471E+000  0.12901499E+000  0.18752488E+001  0.46440244E+001
 -0.17159475E+000  0.12901503E+000  0.18752520E+001  0.46440207E+001
 -0.17159481E+000  0.12901506E+000  0.18752549E+001  0.46440176E+001
 -0.17159488E+000  0.12901508E+000  0.18752574E+001  0.46440150E+001
 -0.17159495E+000  0.12901509E+000  0.18752595E+001  0.46440129E+001
 -0.17159504E+000  0.12901510E+000  0.18752613E+001  0.46440113E+001
 -0.17159513E+000  0.12901509E+000  0.18752628E+001  0.46440104E+001
 -0.17159524E+000  0.12901507E+000  0.18752638E+001  0.46440101E+001
 -0.17159536E+000  0.12901505E+000  0.18752645E+001  0.46440104E+001
 -0.17159549E+000  0.12901501E+000  0.18752647E+001  0.46440115E+001
 -0.17159564E+000  0.12901495E+000  0.18752645E+001  0.46440133E+001
 -0.17159580E+000  0.12901489E+000  0.18752638E+001  0.46440160E+001
 -0.17159598E+000  0.12901481E+000  0.18752626E+001  0.46440196E+001
 -0.17159617E+000  0.12901471E+000  0.18752609E+001  0.46440242E+001
 -0.17159638E+000  0.12901460E+000  0.18752585E+001  0.46440298E+001
 -0.17159662E+000  0.12901446E+000  0.18752554E+001  0.46440366E+001
 -0.17159687E+000  0.12901430E+000  0.18752515E+001  0.46440447E+001
 -0.17159715E+000  0.12901412E+000  0.18752469E+001  0.46440542E+001
 -0.17159745E+000  0.12901390E+000  0.18752412E+001  0.46440652E+001
 -0.17159779E+000  0.12901365E+000  0.18752345E+001  0.46440779E+001
 -0.17159816E+000  0.12901335E+000  0.18752265E+001  0.46440922E+001
 -0.17159857E+000  0.12901300E+000  0.18752171E+001  0.46441085E+001
 -0.17159902E+000  0.12901259E+000  0.18752061E+001  0.46441266E+001
 -0.17159951E+000  0.12901212E+000  0.18751933E+001  0.46441468E+001
 -0.17160005E+000  0.12901156E+000  0.18751782E+001  0.46441690E+001
 -0.17160064E+000  0.12901092E+000  0.18751605E+001  0.46441932E+001
 -0.17160131E+000  0.12901013E+000  0.18751396E+001  0.46442193E+001
 -0.17160212E+000  0.12900914E+000  0.18751147E+001  0.46442468E+001
 -0.17160324E+000  0.12900774E+000  0.18750840E+001  0.46442755E+001
 -0.17160493E+000  0.12900564E+000  0.18750460E+001  0.46443043E+001
 -0.17160752E+000  0.12900227E+000  0.18749971E+001  0.46443325E+001
 -0.17161074E+000  0.12899763E+000  0.18749374E+001  0.46443589E+001
 -0.17161511E+000  0.12898946E+000  0.18748553E+001  0.46443823E+001
 -0.17162280E+000  0.12897728E+000  0.18747572E+001  0.46443994E+001
