  0.16717354E+001
  0.16722847E+001
  0.16727034E+001
  0.16730313E+001
  0.16732899E+001
  0.16734937E+001
  0.16736529E+001
  0.16737755E+001
  0.16738678E+001
  0.16739350E+001
  0.16739813E+001
  0.16740101E+001
  0.16740244E+001
  0.16740267E+001
  0.16740189E+001
  0.16740028E+001
  0.16739797E+001
  0.16739508E+001
  0.16739170E+001
  0.16738793E+001
  0.16738383E+001
  0.16737946E+001
  0.16737486E+001
  0.16737008E+001
  0.16736515E+001
  0.16736010E+001
  0.16735495E+001
  0.16734974E+001
  0.16734447E+001
  0.16733916E+001
  0.16733382E+001
  0.16732847E+001
  0.16732312E+001
  0.16731778E+001
  0.16731245E+001
  0.16730715E+001
  0.16730188E+001
  0.16729665E+001
  0.16729146E+001
  0.16728632E+001
  0.16728123E+001
  0.16727621E+001
  0.16727125E+001
  0.16726636E+001
  0.16726154E+001
  0.16725681E+001
  0.16725215E+001
  0.16724759E+001
  0.16724311E+001
  0.16723873E+001
  0.16723445E+001
  0.16723026E+001
  0.16722619E+001
  0.16722222E+001
  0.16721835E+001
  0.16721461E+001
  0.16721097E+001
  0.16720745E+001
  0.16720405E+001
  0.16720077E+001
  0.16719761E+001
  0.16719457E+001
  0.16719165E+001
  0.16718885E+001
  0.16718617E+001
  0.16718361E+001
  0.16718117E+001
  0.16717885E+001
  0.16717665E+001
  0.16717455E+001
  0.16717257E+001
  0.16717070E+001
  0.16716894E+001
  0.16716728E+001
  0.16716571E+001
  0.16716425E+001
  0.16716288E+001
  0.16716160E+001
  0.16716040E+001
  0.16715929E+001
  0.16715826E+001
  0.16715730E+001
  0.16715641E+001
  0.16715558E+001
  0.16715482E+001
  0.16715412E+001
  0.16715347E+001
  0.16715288E+001
  0.16715233E+001
  0.16715182E+001
  0.16715135E+001
  0.16715092E+001
  0.16715053E+001
  0.16715016E+001
  0.16714982E+001
  0.16714951E+001
  0.16714922E+001
  0.16714895E+001
  0.16714870E+001
  0.16714846E+001
  0.16714824E+001
  0.16714803E+001
  0.16714783E+001
  0.16714764E+001
  0.16714747E+001
  0.16714729E+001
  0.16714713E+001
  0.16714697E+001
  0.16714682E+001
  0.16714668E+001
  0.16714654E+001
  0.16714640E+001
  0.16714626E+001
  0.16714613E+001
  0.16714601E+001
  0.16714588E+001
  0.16714576E+001
  0.16714565E+001
  0.16714553E+001
  0.16714542E+001
  0.16714531E+001
  0.16714520E+001
  0.16714510E+001
  0.16714499E+001
  0.16714489E+001
  0.16714479E+001
  0.16714470E+001
  0.16714460E+001
  0.16714451E+001
  0.16714442E+001
  0.16714433E+001
  0.16714425E+001
  0.16714417E+001
  0.16714408E+001
  0.16714400E+001
  0.16714393E+001
  0.16714385E+001
  0.16714378E+001
  0.16714371E+001
  0.16714363E+001
  0.16714357E+001
  0.16714350E+001
  0.16714344E+001
  0.16714337E+001
  0.16714331E+001
  0.16714325E+001
  0.16714319E+001
  0.16714314E+001
  0.16714308E+001
  0.16714303E+001
  0.16714298E+001
  0.16714293E+001
  0.16714288E+001
  0.16714284E+001
  0.16714279E+001
  0.16714275E+001
  0.16714271E+001
  0.16714267E+001
  0.16714264E+001
  0.16714260E+001
  0.16714257E+001
  0.16714254E+001
  0.16714251E+001
  0.16714249E+001
  0.16714247E+001
  0.16714245E+001
  0.16714243E+001
  0.16714242E+001
  0.16714241E+001
  0.16714241E+001
  0.16714241E+001
  0.16714241E+001
  0.16714242E+001
  0.16714244E+001
  0.16714246E+001
  0.16714249E+001
  0.16714252E+001
  0.16714256E+001
  0.16714262E+001
  0.16714268E+001
  0.16714275E+001
  0.16714284E+001
  0.16714293E+001
  0.16714304E+001
  0.16714316E+001
  0.16714330E+001
  0.16714344E+001
  0.16714359E+001
  0.16714375E+001
  0.16714391E+001
  0.16714406E+001
  0.16714420E+001
  0.16714430E+001
  0.16714432E+001
  0.16714422E+001
  0.16714393E+001
  0.16714332E+001
  0.16714236E+001
  0.16714068E+001
  0.16713837E+001
