  0.11481388E+001
  0.11480472E+001
  0.11479280E+001
  0.11478168E+001
  0.11477190E+001
  0.11476343E+001
  0.11475611E+001
  0.11474979E+001
  0.11474431E+001
  0.11473956E+001
  0.11473542E+001
  0.11473182E+001
  0.11472867E+001
  0.11472590E+001
  0.11472347E+001
  0.11472132E+001
  0.11471942E+001
  0.11471773E+001
  0.11471623E+001
  0.11471488E+001
  0.11471366E+001
  0.11471257E+001
  0.11471158E+001
  0.11471067E+001
  0.11470984E+001
  0.11470908E+001
  0.11470837E+001
  0.11470772E+001
  0.11470710E+001
  0.11470653E+001
  0.11470599E+001
  0.11470548E+001
  0.11470500E+001
  0.11470453E+001
  0.11470409E+001
  0.11470367E+001
  0.11470326E+001
  0.11470287E+001
  0.11470249E+001
  0.11470212E+001
  0.11470177E+001
  0.11470143E+001
  0.11470109E+001
  0.11470077E+001
  0.11470046E+001
  0.11470016E+001
  0.11469987E+001
  0.11469958E+001
  0.11469931E+001
  0.11469905E+001
  0.11469880E+001
  0.11469855E+001
  0.11469832E+001
  0.11469810E+001
  0.11469789E+001
  0.11469769E+001
  0.11469750E+001
  0.11469732E+001
  0.11469715E+001
  0.11469699E+001
  0.11469684E+001
  0.11469670E+001
  0.11469657E+001
  0.11469645E+001
  0.11469634E+001
  0.11469624E+001
  0.11469615E+001
  0.11469607E+001
  0.11469599E+001
  0.11469593E+001
  0.11469588E+001
  0.11469583E+001
  0.11469579E+001
  0.11469576E+001
  0.11469574E+001
  0.11469572E+001
  0.11469572E+001
  0.11469571E+001
  0.11469572E+001
  0.11469573E+001
  0.11469575E+001
  0.11469578E+001
  0.11469581E+001
  0.11469585E+001
  0.11469589E+001
  0.11469594E+001
  0.11469600E+001
  0.11469606E+001
  0.11469612E+001
  0.11469619E+001
  0.11469626E+001
  0.11469634E+001
  0.11469643E+001
  0.11469651E+001
  0.11469661E+001
  0.11469670E+001
  0.11469680E+001
  0.11469690E+001
  0.11469701E+001
  0.11469712E+001
  0.11469723E+001
  0.11469734E+001
  0.11469746E+001
  0.11469758E+001
  0.11469770E+001
  0.11469783E+001
  0.11469796E+001
  0.11469808E+001
  0.11469821E+001
  0.11469835E+001
  0.11469848E+001
  0.11469862E+001
  0.11469875E+001
  0.11469889E+001
  0.11469903E+001
  0.11469917E+001
  0.11469931E+001
  0.11469946E+001
  0.11469960E+001
  0.11469974E+001
  0.11469989E+001
  0.11470003E+001
  0.11470018E+001
  0.11470032E+001
  0.11470047E+001
  0.11470062E+001
  0.11470076E+001
  0.11470091E+001
  0.11470106E+001
  0.11470120E+001
  0.11470135E+001
  0.11470149E+001
  0.11470164E+001
  0.11470178E+001
  0.11470193E+001
  0.11470207E+001
  0.11470222E+001
  0.11470236E+001
  0.11470250E+001
  0.11470264E+001
  0.11470278E+001
  0.11470292E+001
  0.11470306E+001
  0.11470320E+001
  0.11470334E+001
  0.11470347E+001
  0.11470361E+001
  0.11470374E+001
  0.11470387E+001
  0.11470401E+001
  0.11470414E+001
  0.11470427E+001
  0.11470440E+001
  0.11470452E+001
  0.11470465E+001
  0.11470477E+001
  0.11470490E+001
  0.11470502E+001
  0.11470514E+001
  0.11470526E+001
  0.11470538E+001
  0.11470550E+001
  0.11470561E+001
  0.11470573E+001
  0.11470584E+001
  0.11470595E+001
  0.11470606E+001
  0.11470617E+001
  0.11470628E+001
  0.11470639E+001
  0.11470649E+001
  0.11470660E+001
  0.11470670E+001
  0.11470680E+001
  0.11470690E+001
  0.11470700E+001
  0.11470709E+001
  0.11470719E+001
  0.11470728E+001
  0.11470737E+001
  0.11470747E+001
  0.11470756E+001
  0.11470764E+001
  0.11470773E+001
  0.11470782E+001
  0.11470790E+001
  0.11470799E+001
  0.11470807E+001
  0.11470815E+001
  0.11470823E+001
  0.11470831E+001
  0.11470840E+001
  0.11470848E+001
  0.11470856E+001
  0.11470865E+001
  0.11470875E+001
  0.11470886E+001
  0.11470901E+001
  0.11470912E+001
  0.11470989E+001
