  0.18781721E+001
  0.18480826E+001
  0.18440579E+001
  0.18453537E+001
  0.18477690E+001
  0.18501849E+001
  0.18524220E+001
  0.18544324E+001
  0.18562317E+001
  0.18578676E+001
  0.18593735E+001
  0.18607796E+001
  0.18621203E+001
  0.18634155E+001
  0.18645760E+001
  0.18656086E+001
  0.18665579E+001
  0.18674884E+001
  0.18683746E+001
  0.18692000E+001
  0.18699618E+001
  0.18706587E+001
  0.18712905E+001
  0.18718588E+001
  0.18723666E+001
  0.18728176E+001
  0.18732159E+001
  0.18735662E+001
  0.18738729E+001
  0.18741407E+001
  0.18743736E+001
  0.18745759E+001
  0.18747513E+001
  0.18749032E+001
  0.18750348E+001
  0.18751491E+001
  0.18752485E+001
  0.18753352E+001
  0.18754112E+001
  0.18754783E+001
  0.18755378E+001
  0.18755910E+001
  0.18756389E+001
  0.18756825E+001
  0.18757223E+001
  0.18757591E+001
  0.18757932E+001
  0.18758251E+001
  0.18758550E+001
  0.18758832E+001
  0.18759098E+001
  0.18759349E+001
  0.18759587E+001
  0.18759812E+001
  0.18760026E+001
  0.18760228E+001
  0.18760419E+001
  0.18760599E+001
  0.18760769E+001
  0.18760929E+001
  0.18761079E+001
  0.18761219E+001
  0.18761350E+001
  0.18761473E+001
  0.18761586E+001
  0.18761691E+001
  0.18761788E+001
  0.18761878E+001
  0.18761960E+001
  0.18762036E+001
  0.18762105E+001
  0.18762169E+001
  0.18762227E+001
  0.18762280E+001
  0.18762328E+001
  0.18762373E+001
  0.18762414E+001
  0.18762451E+001
  0.18762486E+001
  0.18762518E+001
  0.18762548E+001
  0.18762576E+001
  0.18762602E+001
  0.18762627E+001
  0.18762650E+001
  0.18762672E+001
  0.18762693E+001
  0.18762713E+001
  0.18762732E+001
  0.18762751E+001
  0.18762769E+001
  0.18762786E+001
  0.18762803E+001
  0.18762820E+001
  0.18762836E+001
  0.18762851E+001
  0.18762867E+001
  0.18762882E+001
  0.18762897E+001
  0.18762911E+001
  0.18762925E+001
  0.18762939E+001
  0.18762953E+001
  0.18762967E+001
  0.18762980E+001
  0.18762993E+001
  0.18763006E+001
  0.18763019E+001
  0.18763032E+001
  0.18763045E+001
  0.18763058E+001
  0.18763070E+001
  0.18763083E+001
  0.18763096E+001
  0.18763108E+001
  0.18763121E+001
  0.18763134E+001
  0.18763146E+001
  0.18763159E+001
  0.18763172E+001
  0.18763185E+001
  0.18763197E+001
  0.18763210E+001
  0.18763223E+001
  0.18763237E+001
  0.18763250E+001
  0.18763263E+001
  0.18763277E+001
  0.18763290E+001
  0.18763304E+001
  0.18763318E+001
  0.18763332E+001
  0.18763346E+001
  0.18763361E+001
  0.18763375E+001
  0.18763390E+001
  0.18763405E+001
  0.18763420E+001
  0.18763435E+001
  0.18763451E+001
  0.18763467E+001
  0.18763482E+001
  0.18763499E+001
  0.18763515E+001
  0.18763531E+001
  0.18763548E+001
  0.18763565E+001
  0.18763582E+001
  0.18763600E+001
  0.18763617E+001
  0.18763635E+001
  0.18763653E+001
  0.18763671E+001
  0.18763690E+001
  0.18763708E+001
  0.18763727E+001
  0.18763746E+001
  0.18763766E+001
  0.18763785E+001
  0.18763805E+001
  0.18763825E+001
  0.18763845E+001
  0.18763866E+001
  0.18763887E+001
  0.18763908E+001
  0.18763929E+001
  0.18763951E+001
  0.18763974E+001
  0.18763996E+001
  0.18764019E+001
  0.18764043E+001
  0.18764067E+001
  0.18764091E+001
  0.18764116E+001
  0.18764142E+001
  0.18764168E+001
  0.18764195E+001
  0.18764222E+001
  0.18764250E+001
  0.18764279E+001
  0.18764308E+001
  0.18764338E+001
  0.18764369E+001
  0.18764400E+001
  0.18764432E+001
  0.18764465E+001
  0.18764499E+001
  0.18764534E+001
  0.18764570E+001
  0.18764607E+001
  0.18764644E+001
  0.18764680E+001
  0.18764715E+001
  0.18764748E+001
  0.18764787E+001
  0.18764856E+001
  0.18764996E+001
  0.18765185E+001
  0.18765167E+001
  0.18765268E+001
