  0.64925919E+000  0.85834109E+000  0.95142244E+000  0.21335328E+001
  0.64922358E+000  0.85806423E+000  0.95134148E+000  0.21335596E+001
  0.64922740E+000  0.85775529E+000  0.95118180E+000  0.21335478E+001
  0.64913603E+000  0.85757987E+000  0.95103625E+000  0.21335154E+001
  0.64906078E+000  0.85751686E+000  0.95082064E+000  0.21334780E+001
  0.64903494E+000  0.85737125E+000  0.95068958E+000  0.21334419E+001
  0.64925099E+000  0.85707848E+000  0.95050657E+000  0.21334088E+001
  0.64919874E+000  0.85698686E+000  0.95042697E+000  0.21333793E+001
  0.64915286E+000  0.85694801E+000  0.95031869E+000  0.21333531E+001
  0.64911201E+000  0.85688510E+000  0.95025529E+000  0.21333301E+001
  0.64907593E+000  0.85686341E+000  0.95016787E+000  0.21333100E+001
  0.64904312E+000  0.85702272E+000  0.94991496E+000  0.21332922E+001
  0.64910900E+000  0.85687304E+000  0.94988837E+000  0.21332765E+001
  0.64908338E+000  0.85683565E+000  0.94985474E+000  0.21332626E+001
  0.64906009E+000  0.85697732E+000  0.94965147E+000  0.21332502E+001
  0.64903904E+000  0.85694935E+000  0.94962562E+000  0.21332392E+001
  0.64901994E+000  0.85692497E+000  0.94960296E+000  0.21332293E+001
  0.64900253E+000  0.85690366E+000  0.94958299E+000  0.21332204E+001
  0.64899008E+000  0.85688149E+000  0.94956537E+000  0.21332123E+001
  0.64897543E+000  0.85686507E+000  0.94954977E+000  0.21332051E+001
  0.64896188E+000  0.85685059E+000  0.94953591E+000  0.21331985E+001
  0.64933342E+000  0.85645364E+000  0.94952356E+000  0.21331924E+001
  0.64932196E+000  0.85644194E+000  0.94951252E+000  0.21331869E+001
  0.64931092E+000  0.85645124E+000  0.94948315E+000  0.21331817E+001
  0.64930050E+000  0.85647214E+000  0.94944424E+000  0.21331770E+001
  0.64929063E+000  0.85646394E+000  0.94943620E+000  0.21331726E+001
  0.64928123E+000  0.85645652E+000  0.94942893E+000  0.21331684E+001
  0.64927224E+000  0.85644977E+000  0.94942233E+000  0.21331646E+001
  0.64926362E+000  0.85644361E+000  0.94941631E+000  0.21331609E+001
  0.64925530E+000  0.85643794E+000  0.94941082E+000  0.21331574E+001
  0.64924727E+000  0.85643270E+000  0.94940577E+000  0.21331542E+001
  0.64923948E+000  0.85642783E+000  0.94940114E+000  0.21331510E+001
  0.64923190E+000  0.85642393E+000  0.94939621E+000  0.21331480E+001
  0.64922452E+000  0.85641965E+000  0.94939224E+000  0.21331452E+001
  0.64921732E+000  0.85641562E+000  0.94938855E+000  0.21331424E+001
  0.64921027E+000  0.85641179E+000  0.94938511E+000  0.21331398E+001
  0.64920337E+000  0.85640814E+000  0.94938189E+000  0.21331373E+001
  0.64919661E+000  0.85640466E+000  0.94937887E+000  0.21331349E+001
  0.64918998E+000  0.85640132E+000  0.94937602E+000  0.21331325E+001
  0.64918348E+000  0.85639812E+000  0.94937334E+000  0.21331303E+001
  0.64917710E+000  0.85639503E+000  0.94937079E+000  0.21331281E+001
  0.64917085E+000  0.85639205E+000  0.94936837E+000  0.21331260E+001
  0.64916473E+000  0.85638918E+000  0.94936607E+000  0.21331240E+001
  0.64915873E+000  0.85638640E+000  0.94936388E+000  0.21331221E+001
  0.64915286E+000  0.85638372E+000  0.94936178E+000  0.21331203E+001
  0.64914713E+000  0.85638113E+000  0.94935977E+000  0.21331185E+001
  0.64914153E+000  0.85637863E+000  0.94935783E+000  0.21331169E+001
  0.64913608E+000  0.85637621E+000  0.94935597E+000  0.21331153E+001
  0.64913077E+000  0.85637388E+000  0.94935419E+000  0.21331139E+001
  0.64912561E+000  0.85637164E+000  0.94935246E+000  0.21331125E+001
  0.64912061E+000  0.85636947E+000  0.94935080E+000  0.21331113E+001
  0.64911577E+000  0.85636739E+000  0.94934919E+000  0.21331101E+001
  0.64911108E+000  0.85636540E+000  0.94934765E+000  0.21331090E+001
  0.64910657E+000  0.85636348E+000  0.94934615E+000  0.21331081E+001
  0.64910222E+000  0.85636164E+000  0.94934472E+000  0.21331073E+001
  0.64909804E+000  0.85635988E+000  0.94934333E+000  0.21331065E+001
  0.64909404E+000  0.85635820E+000  0.94934200E+000  0.21331059E+001
  0.64909021E+000  0.85635660E+000  0.94934072E+000  0.21331054E+001
  0.64908655E+000  0.85635507E+000  0.94933949E+000  0.21331050E+001
  0.64908306E+000  0.85635362E+000  0.94933831E+000  0.21331047E+001
  0.64907975E+000  0.85635223E+000  0.94933719E+000  0.21331045E+001
  0.64907661E+000  0.85635092E+000  0.94933612E+000  0.21331045E+001
  0.64907363E+000  0.85634967E+000  0.94933509E+000  0.21331046E+001
  0.64907082E+000  0.85634849E+000  0.94933412E+000  0.21331047E+001
  0.64906817E+000  0.85634737E+000  0.94933321E+000  0.21331050E+001
  0.64906567E+000  0.85634631E+000  0.94933234E+000  0.21331055E+001
  0.64906333E+000  0.85634531E+000  0.94933152E+000  0.21331060E+001
  0.64906113E+000  0.85634436E+000  0.94933076E+000  0.21331067E+001
  0.64905907E+000  0.85634347E+000  0.94933004E+000  0.21331074E+001
  0.64905715E+000  0.85634263E+000  0.94932938E+000  0.21331083E+001
  0.64905536E+000  0.85634184E+000  0.94932876E+000  0.21331094E+001
  0.64905368E+000  0.85634109E+000  0.94932819E+000  0.21331105E+001
  0.64905213E+000  0.85634039E+000  0.94932768E+000  0.21331117E+001
  0.64905069E+000  0.85633973E+000  0.94932721E+000  0.21331131E+001
  0.64904935E+000  0.85633911E+000  0.94932679E+000  0.21331146E+001
  0.64904811E+000  0.85633854E+000  0.94932642E+000  0.21331161E+001
  0.64904696E+000  0.85633799E+000  0.94932610E+000  0.21331178E+001
  0.64904590E+000  0.85633749E+000  0.94932582E+000  0.21331196E+001
  0.64904492E+000  0.85633702E+000  0.94932560E+000  0.21331216E+001
  0.64904401E+000  0.85633658E+000  0.94932542E+000  0.21331236E+001
  0.64904318E+000  0.85633618E+000  0.94932529E+000  0.21331257E+001
  0.64904241E+000  0.85633581E+000  0.94932520E+000  0.21331280E+001
  0.64904171E+000  0.85633547E+000  0.94932516E+000  0.21331303E+001
  0.64904107E+000  0.85633516E+000  0.94932516E+000  0.21331328E+001
  0.64904048E+000  0.85633487E+000  0.94932521E+000  0.21331354E+001
  0.64903994E+000  0.85633462E+000  0.94932531E+000  0.21331380E+001
  0.64903945E+000  0.85633439E+000  0.94932544E+000  0.21331408E+001
  0.64903900E+000  0.85633418E+000  0.94932562E+000  0.21331437E+001
  0.64903860E+000  0.85633401E+000  0.94932584E+000  0.21331466E+001
  0.64903823E+000  0.85633385E+000  0.94932609E+000  0.21331497E+001
  0.64903790E+000  0.85633372E+000  0.94932639E+000  0.21331528E+001
  0.64903761E+000  0.85633360E+000  0.94932672E+000  0.21331561E+001
  0.64903734E+000  0.85633351E+000  0.94932708E+000  0.21331594E+001
  0.64903711E+000  0.85633344E+000  0.94932748E+000  0.21331628E+001
  0.64903690E+000  0.85633338E+000  0.94932791E+000  0.21331663E+001
  0.64903672E+000  0.85633335E+000  0.94932836E+000  0.21331699E+001
  0.64903656E+000  0.85633332E+000  0.94932885E+000  0.21331735E+001
  0.64903642E+000  0.85633332E+000  0.94932936E+000  0.21331773E+001
  0.64903631E+000  0.85633332E+000  0.94932990E+000  0.21331811E+001
  0.64903621E+000  0.85633334E+000  0.94933047E+000  0.21331849E+001
  0.64903613E+000  0.85633337E+000  0.94933105E+000  0.21331889E+001
  0.64903607E+000  0.85633342E+000  0.94933166E+000  0.21331929E+001
  0.64903603E+000  0.85633347E+000  0.94933228E+000  0.21331969E+001
  0.64903600E+000  0.85633353E+000  0.94933292E+000  0.21332011E+001
  0.64903598E+000  0.85633360E+000  0.94933358E+000  0.21332053E+001
  0.64903597E+000  0.85633367E+000  0.94933426E+000  0.21332095E+001
  0.64903598E+000  0.85633376E+000  0.94933494E+000  0.21332138E+001
  0.64903600E+000  0.85633384E+000  0.94933564E+000  0.21332181E+001
  0.64903603E+000  0.85633393E+000  0.94933635E+000  0.21332225E+001
  0.64903606E+000  0.85633403E+000  0.94933707E+000  0.21332270E+001
  0.64903611E+000  0.85633413E+000  0.94933780E+000  0.21332315E+001
  0.64903616E+000  0.85633423E+000  0.94933854E+000  0.21332360E+001
  0.64903622E+000  0.85633433E+000  0.94933928E+000  0.21332406E+001
  0.64903628E+000  0.85633443E+000  0.94934003E+000  0.21332452E+001
  0.64903635E+000  0.85633454E+000  0.94934078E+000  0.21332499E+001
  0.64903642E+000  0.85633464E+000  0.94934154E+000  0.21332545E+001
  0.64903650E+000  0.85633474E+000  0.94934230E+000  0.21332593E+001
  0.64903658E+000  0.85633485E+000  0.94934306E+000  0.21332640E+001
  0.64903667E+000  0.85633495E+000  0.94934382E+000  0.21332688E+001
  0.64903675E+000  0.85633505E+000  0.94934458E+000  0.21332736E+001
  0.64903684E+000  0.85633514E+000  0.94934534E+000  0.21332785E+001
  0.64903693E+000  0.85633524E+000  0.94934610E+000  0.21332833E+001
  0.64903702E+000  0.85633533E+000  0.94934686E+000  0.21332882E+001
  0.64903711E+000  0.85633542E+000  0.94934761E+000  0.21332931E+001
  0.64903720E+000  0.85633550E+000  0.94934836E+000  0.21332980E+001
  0.64903729E+000  0.85633558E+000  0.94934910E+000  0.21333030E+001
  0.64903738E+000  0.85633566E+000  0.94934983E+000  0.21333079E+001
  0.64903747E+000  0.85633573E+000  0.94935057E+000  0.21333129E+001
  0.64903755E+000  0.85633580E+000  0.94935129E+000  0.21333178E+001
  0.64903764E+000  0.85633587E+000  0.94935200E+000  0.21333228E+001
  0.64903772E+000  0.85633593E+000  0.94935271E+000  0.21333278E+001
  0.64903780E+000  0.85633598E+000  0.94935341E+000  0.21333328E+001
  0.64903787E+000  0.85633604E+000  0.94935410E+000  0.21333378E+001
  0.64903795E+000  0.85633609E+000  0.94935478E+000  0.21333428E+001
  0.64903802E+000  0.85633613E+000  0.94935545E+000  0.21333478E+001
  0.64903808E+000  0.85633617E+000  0.94935611E+000  0.21333528E+001
  0.64903815E+000  0.85633621E+000  0.94935675E+000  0.21333578E+001
  0.64903821E+000  0.85633624E+000  0.94935739E+000  0.21333627E+001
  0.64903826E+000  0.85633627E+000  0.94935801E+000  0.21333677E+001
  0.64903832E+000  0.85633629E+000  0.94935862E+000  0.21333727E+001
  0.64903837E+000  0.85633631E+000  0.94935922E+000  0.21333776E+001
  0.64903841E+000  0.85633633E+000  0.94935981E+000  0.21333826E+001
  0.64903846E+000  0.85633635E+000  0.94936038E+000  0.21333875E+001
  0.64903850E+000  0.85633636E+000  0.94936094E+000  0.21333924E+001
  0.64903853E+000  0.85633637E+000  0.94936149E+000  0.21333973E+001
  0.64903857E+000  0.85633638E+000  0.94936203E+000  0.21334022E+001
  0.64903860E+000  0.85633638E+000  0.94936255E+000  0.21334070E+001
  0.64903863E+000  0.85633639E+000  0.94936305E+000  0.21334119E+001
  0.64903865E+000  0.85633639E+000  0.94936355E+000  0.21334167E+001
  0.64903868E+000  0.85633639E+000  0.94936403E+000  0.21334214E+001
  0.64903870E+000  0.85633639E+000  0.94936449E+000  0.21334262E+001
  0.64903871E+000  0.85633638E+000  0.94936495E+000  0.21334309E+001
  0.64903873E+000  0.85633638E+000  0.94936539E+000  0.21334356E+001
  0.64903875E+000  0.85633637E+000  0.94936581E+000  0.21334403E+001
  0.64903876E+000  0.85633637E+000  0.94936623E+000  0.21334449E+001
  0.64903877E+000  0.85633636E+000  0.94936663E+000  0.21334495E+001
  0.64903878E+000  0.85633635E+000  0.94936701E+000  0.21334541E+001
  0.64903879E+000  0.85633634E+000  0.94936739E+000  0.21334586E+001
  0.64903880E+000  0.85633634E+000  0.94936775E+000  0.21334631E+001
  0.64903881E+000  0.85633633E+000  0.94936810E+000  0.21334675E+001
  0.64903882E+000  0.85633632E+000  0.94936843E+000  0.21334719E+001
  0.64903883E+000  0.85633631E+000  0.94936876E+000  0.21334763E+001
  0.64903884E+000  0.85633630E+000  0.94936907E+000  0.21334806E+001
  0.64903885E+000  0.85633630E+000  0.94936936E+000  0.21334849E+001
  0.64903886E+000  0.85633629E+000  0.94936965E+000  0.21334892E+001
  0.64903887E+000  0.85633628E+000  0.94936993E+000  0.21334933E+001
  0.64903888E+000  0.85633628E+000  0.94937019E+000  0.21334975E+001
  0.64903890E+000  0.85633628E+000  0.94937044E+000  0.21335016E+001
  0.64903892E+000  0.85633627E+000  0.94937068E+000  0.21335057E+001
  0.64903893E+000  0.85633627E+000  0.94937091E+000  0.21335097E+001
  0.64903895E+000  0.85633627E+000  0.94937113E+000  0.21335136E+001
  0.64903898E+000  0.85633627E+000  0.94937133E+000  0.21335175E+001
  0.64903900E+000  0.85633627E+000  0.94937153E+000  0.21335214E+001
  0.64903903E+000  0.85633627E+000  0.94937171E+000  0.21335252E+001
  0.64903907E+000  0.85633627E+000  0.94937188E+000  0.21335290E+001
  0.64903910E+000  0.85633628E+000  0.94937204E+000  0.21335327E+001
  0.64903914E+000  0.85633628E+000  0.94937218E+000  0.21335364E+001
  0.64903919E+000  0.85633629E+000  0.94937232E+000  0.21335400E+001
  0.64903924E+000  0.85633629E+000  0.94937244E+000  0.21335436E+001
  0.64903930E+000  0.85633630E+000  0.94937254E+000  0.21335471E+001
  0.64903936E+000  0.85633631E+000  0.94937264E+000  0.21335506E+001
  0.64903943E+000  0.85633632E+000  0.94937272E+000  0.21335540E+001
  0.64903950E+000  0.85633633E+000  0.94937278E+000  0.21335574E+001
  0.64903958E+000  0.85633634E+000  0.94937283E+000  0.21335608E+001
  0.64903967E+000  0.85633635E+000  0.94937286E+000  0.21335641E+001
  0.64903977E+000  0.85633637E+000  0.94937288E+000  0.21335674E+001
  0.64903988E+000  0.85633638E+000  0.94937288E+000  0.21335706E+001
  0.64904000E+000  0.85633640E+000  0.94937286E+000  0.21335738E+001
  0.64904014E+000  0.85633642E+000  0.94937282E+000  0.21335770E+001
  0.64904028E+000  0.85633644E+000  0.94937276E+000  0.21335801E+001
  0.64904044E+000  0.85633647E+000  0.94937269E+000  0.21335833E+001
  0.64904062E+000  0.85633650E+000  0.94937259E+000  0.21335864E+001
  0.64904082E+000  0.85633654E+000  0.94937248E+000  0.21335895E+001
  0.64904105E+000  0.85633659E+000  0.94937236E+000  0.21335927E+001
  0.64904132E+000  0.85633666E+000  0.94937222E+000  0.21335960E+001
  0.64904171E+000  0.85633686E+000  0.94937222E+000  0.21335994E+001
  0.64904216E+000  0.85633714E+000  0.94937220E+000  0.21336030E+001
  0.64904292E+000  0.85633807E+000  0.94937266E+000  0.21336071E+001
  0.64904347E+000  0.85633803E+000  0.94937211E+000  0.21336113E+001
  0.64904780E+000  0.85634383E+000  0.94938185E+000  0.21336225E+001
