  0.69220070E+000  0.85108301E+000  0.10132342E+001  0.20360376E+001
  0.69197405E+000  0.85084425E+000  0.10132619E+001  0.20361087E+001
  0.69179784E+000  0.85059376E+000  0.10132559E+001  0.20360648E+001
  0.69165351E+000  0.85037398E+000  0.10132393E+001  0.20360008E+001
  0.69153170E+000  0.85018866E+000  0.10132184E+001  0.20359376E+001
  0.69142669E+000  0.85003315E+000  0.10131972E+001  0.20358806E+001
  0.69133482E+000  0.84990318E+000  0.10131762E+001  0.20358306E+001
  0.69125401E+000  0.84979499E+000  0.10131554E+001  0.20357874E+001
  0.69118221E+000  0.84970524E+000  0.10131348E+001  0.20357504E+001
  0.69111815E+000  0.84963097E+000  0.10131147E+001  0.20357187E+001
  0.69106077E+000  0.84956972E+000  0.10130951E+001  0.20356916E+001
  0.69100920E+000  0.84951942E+000  0.10130759E+001  0.20356685E+001
  0.69096268E+000  0.84947837E+000  0.10130571E+001  0.20356487E+001
  0.69092059E+000  0.84944512E+000  0.10130388E+001  0.20356318E+001
  0.69088236E+000  0.84941832E+000  0.10130209E+001  0.20356175E+001
  0.69084753E+000  0.84939692E+000  0.10130035E+001  0.20356052E+001
  0.69081567E+000  0.84938018E+000  0.10129865E+001  0.20355948E+001
  0.69078641E+000  0.84936731E+000  0.10129699E+001  0.20355859E+001
  0.69075945E+000  0.84935766E+000  0.10129538E+001  0.20355784E+001
  0.69073453E+000  0.84935069E+000  0.10129381E+001  0.20355720E+001
  0.69071140E+000  0.84934594E+000  0.10129229E+001  0.20355666E+001
  0.69068985E+000  0.84934305E+000  0.10129081E+001  0.20355620E+001
  0.69066971E+000  0.84934167E+000  0.10128937E+001  0.20355582E+001
  0.69065083E+000  0.84934155E+000  0.10128798E+001  0.20355549E+001
  0.69063305E+000  0.84934246E+000  0.10128662E+001  0.20355522E+001
  0.69061627E+000  0.84934420E+000  0.10128530E+001  0.20355499E+001
  0.69060037E+000  0.84934661E+000  0.10128402E+001  0.20355479E+001
  0.69058528E+000  0.84934956E+000  0.10128277E+001  0.20355463E+001
  0.69057090E+000  0.84935292E+000  0.10128156E+001  0.20355450E+001
  0.69055717E+000  0.84935660E+000  0.10128038E+001  0.20355439E+001
  0.69054403E+000  0.84936052E+000  0.10127923E+001  0.20355430E+001
  0.69053143E+000  0.84936462E+000  0.10127812E+001  0.20355423E+001
  0.69051932E+000  0.84936882E+000  0.10127703E+001  0.20355417E+001
  0.69050766E+000  0.84937309E+000  0.10127597E+001  0.20355412E+001
  0.69049642E+000  0.84937738E+000  0.10127493E+001  0.20355408E+001
  0.69048557E+000  0.84938167E+000  0.10127392E+001  0.20355405E+001
  0.69047508E+000  0.84938592E+000  0.10127294E+001  0.20355403E+001
  0.69046494E+000  0.84939012E+000  0.10127198E+001  0.20355402E+001
  0.69045513E+000  0.84939424E+000  0.10127104E+001  0.20355401E+001
  0.69044563E+000  0.84939826E+000  0.10127012E+001  0.20355401E+001
  0.69043643E+000  0.84940219E+000  0.10126923E+001  0.20355401E+001
  0.69042753E+000  0.84940600E+000  0.10126836E+001  0.20355402E+001
  0.69041891E+000  0.84940968E+000  0.10126751E+001  0.20355403E+001
  0.69041056E+000  0.84941324E+000  0.10126668E+001  0.20355405E+001
  0.69040250E+000  0.84941665E+000  0.10126588E+001  0.20355407E+001
  0.69039470E+000  0.84941993E+000  0.10126510E+001  0.20355409E+001
  0.69038716E+000  0.84942306E+000  0.10126434E+001  0.20355412E+001
  0.69037990E+000  0.84942604E+000  0.10126361E+001  0.20355415E+001
  0.69037290E+000  0.84942888E+000  0.10126290E+001  0.20355419E+001
  0.69036616E+000  0.84942952E+000  0.10126243E+001  0.20355423E+001
  0.69035968E+000  0.84942858E+000  0.10126212E+001  0.20355427E+001
  0.69035347E+000  0.84942766E+000  0.10126181E+001  0.20355432E+001
  0.69034753E+000  0.84942676E+000  0.10126152E+001  0.20355437E+001
  0.69034185E+000  0.84942588E+000  0.10126124E+001  0.20355442E+001
  0.69033643E+000  0.84942502E+000  0.10126096E+001  0.20355448E+001
  0.69033127E+000  0.84942418E+000  0.10126069E+001  0.20355454E+001
  0.69032637E+000  0.84942337E+000  0.10126044E+001  0.20355460E+001
  0.69032173E+000  0.84942258E+000  0.10126019E+001  0.20355467E+001
  0.69031735E+000  0.84942182E+000  0.10125995E+001  0.20355474E+001
  0.69031321E+000  0.84942108E+000  0.10125973E+001  0.20355481E+001
  0.69030933E+000  0.84942038E+000  0.10125951E+001  0.20355489E+001
  0.69030569E+000  0.84941970E+000  0.10125930E+001  0.20355497E+001
  0.69030228E+000  0.84941905E+000  0.10125910E+001  0.20355506E+001
  0.69029910E+000  0.84941843E+000  0.10125892E+001  0.20355515E+001
  0.69029615E+000  0.84941784E+000  0.10125874E+001  0.20355524E+001
  0.69029341E+000  0.84941728E+000  0.10125857E+001  0.20355534E+001
  0.69029088E+000  0.84941675E+000  0.10125841E+001  0.20355544E+001
  0.69028855E+000  0.84941625E+000  0.10125826E+001  0.20355555E+001
  0.69028640E+000  0.84941577E+000  0.10125812E+001  0.20355566E+001
  0.69028444E+000  0.84941533E+000  0.10125799E+001  0.20355578E+001
  0.69028264E+000  0.84941492E+000  0.10125787E+001  0.20355590E+001
  0.69028100E+000  0.84941454E+000  0.10125776E+001  0.20355603E+001
  0.69027951E+000  0.84941419E+000  0.10125766E+001  0.20355616E+001
  0.69027816E+000  0.84941387E+000  0.10125757E+001  0.20355630E+001
  0.69027695E+000  0.84941358E+000  0.10125748E+001  0.20355644E+001
  0.69027585E+000  0.84941332E+000  0.10125741E+001  0.20355659E+001
  0.69027487E+000  0.84941309E+000  0.10125735E+001  0.20355674E+001
  0.69027400E+000  0.84941290E+000  0.10125729E+001  0.20355690E+001
  0.69027322E+000  0.84941273E+000  0.10125724E+001  0.20355707E+001
  0.69027253E+000  0.84941260E+000  0.10125721E+001  0.20355724E+001
  0.69027193E+000  0.84941250E+000  0.10125718E+001  0.20355742E+001
  0.69027140E+000  0.84941243E+000  0.10125715E+001  0.20355760E+001
  0.69027095E+000  0.84941240E+000  0.10125714E+001  0.20355779E+001
  0.69027056E+000  0.84941240E+000  0.10125713E+001  0.20355799E+001
  0.69027023E+000  0.84941243E+000  0.10125714E+001  0.20355819E+001
  0.69026995E+000  0.84941249E+000  0.10125715E+001  0.20355840E+001
  0.69026973E+000  0.84941258E+000  0.10125716E+001  0.20355861E+001
  0.69026956E+000  0.84941271E+000  0.10125719E+001  0.20355883E+001
  0.69026942E+000  0.84941287E+000  0.10125722E+001  0.20355906E+001
  0.69026933E+000  0.84941306E+000  0.10125725E+001  0.20355929E+001
  0.69026927E+000  0.84941327E+000  0.10125730E+001  0.20355953E+001
  0.69026925E+000  0.84941352E+000  0.10125734E+001  0.20355978E+001
  0.69026926E+000  0.84941380E+000  0.10125740E+001  0.20356003E+001
  0.69026930E+000  0.84941411E+000  0.10125746E+001  0.20356028E+001
  0.69026936E+000  0.84941444E+000  0.10125752E+001  0.20356055E+001
  0.69026945E+000  0.84941480E+000  0.10125759E+001  0.20356081E+001
  0.69026956E+000  0.84941518E+000  0.10125767E+001  0.20356109E+001
  0.69026969E+000  0.84941559E+000  0.10125774E+001  0.20356136E+001
  0.69026984E+000  0.84941602E+000  0.10125783E+001  0.20356164E+001
  0.69027000E+000  0.84941648E+000  0.10125791E+001  0.20356193E+001
  0.69027018E+000  0.84941695E+000  0.10125801E+001  0.20356222E+001
  0.69027038E+000  0.84941744E+000  0.10125810E+001  0.20356252E+001
  0.69027058E+000  0.84941795E+000  0.10125820E+001  0.20356282E+001
  0.69027080E+000  0.84941847E+000  0.10125830E+001  0.20356312E+001
  0.69027102E+000  0.84941900E+000  0.10125840E+001  0.20356343E+001
  0.69027126E+000  0.84941955E+000  0.10125851E+001  0.20356375E+001
  0.69027149E+000  0.84942011E+000  0.10125862E+001  0.20356406E+001
  0.69027174E+000  0.84942067E+000  0.10125874E+001  0.20356438E+001
  0.69027199E+000  0.84942124E+000  0.10125886E+001  0.20356470E+001
  0.69027224E+000  0.84942182E+000  0.10125898E+001  0.20356503E+001
  0.69027249E+000  0.84942240E+000  0.10125910E+001  0.20356536E+001
  0.69027275E+000  0.84942298E+000  0.10125923E+001  0.20356569E+001
  0.69027300E+000  0.84942355E+000  0.10125935E+001  0.20356603E+001
  0.69027326E+000  0.84942413E+000  0.10125948E+001  0.20356637E+001
  0.69027351E+000  0.84942470E+000  0.10125962E+001  0.20356671E+001
  0.69027376E+000  0.84942527E+000  0.10125975E+001  0.20356706E+001
  0.69027401E+000  0.84942583E+000  0.10125989E+001  0.20356741E+001
  0.69027425E+000  0.84942638E+000  0.10126003E+001  0.20356776E+001
  0.69027449E+000  0.84942692E+000  0.10126017E+001  0.20356811E+001
  0.69027473E+000  0.84942745E+000  0.10126031E+001  0.20356847E+001
  0.69027496E+000  0.84942797E+000  0.10126045E+001  0.20356883E+001
  0.69027518E+000  0.84942848E+000  0.10126060E+001  0.20356919E+001
  0.69027540E+000  0.84942897E+000  0.10126074E+001  0.20356956E+001
  0.69027561E+000  0.84942944E+000  0.10126089E+001  0.20356993E+001
  0.69027581E+000  0.84942991E+000  0.10126104E+001  0.20357030E+001
  0.69027601E+000  0.84943035E+000  0.10126118E+001  0.20357067E+001
  0.69027620E+000  0.84943078E+000  0.10126133E+001  0.20357105E+001
  0.69027638E+000  0.84943120E+000  0.10126148E+001  0.20357143E+001
  0.69027656E+000  0.84943159E+000  0.10126162E+001  0.20357181E+001
  0.69027672E+000  0.84943197E+000  0.10126177E+001  0.20357219E+001
  0.69027688E+000  0.84943234E+000  0.10126191E+001  0.20357258E+001
  0.69027703E+000  0.84943268E+000  0.10126205E+001  0.20357297E+001
  0.69027717E+000  0.84943301E+000  0.10126220E+001  0.20357336E+001
  0.69027731E+000  0.84943332E+000  0.10126234E+001  0.20357376E+001
  0.69027743E+000  0.84943362E+000  0.10126247E+001  0.20357416E+001
  0.69027755E+000  0.84943389E+000  0.10126261E+001  0.20357456E+001
  0.69027766E+000  0.84943416E+000  0.10126274E+001  0.20357496E+001
  0.69027776E+000  0.84943440E+000  0.10126287E+001  0.20357537E+001
  0.69027785E+000  0.84943463E+000  0.10126300E+001  0.20357578E+001
  0.69027794E+000  0.84943485E+000  0.10126312E+001  0.20357619E+001
  0.69027802E+000  0.84943505E+000  0.10126325E+001  0.20357660E+001
  0.69027809E+000  0.84943524E+000  0.10126336E+001  0.20357702E+001
  0.69027815E+000  0.84943541E+000  0.10126348E+001  0.20357743E+001
  0.69027821E+000  0.84943557E+000  0.10126359E+001  0.20357785E+001
  0.69027826E+000  0.84943572E+000  0.10126370E+001  0.20357827E+001
  0.69027831E+000  0.84943586E+000  0.10126380E+001  0.20357869E+001
  0.69027835E+000  0.84943599E+000  0.10126391E+001  0.20357912E+001
  0.69027838E+000  0.84943610E+000  0.10126400E+001  0.20357954E+001
  0.69027841E+000  0.84943621E+000  0.10126410E+001  0.20357996E+001
  0.69027843E+000  0.84943631E+000  0.10126419E+001  0.20358039E+001
  0.69027845E+000  0.84943639E+000  0.10126427E+001  0.20358082E+001
  0.69027847E+000  0.84943647E+000  0.10126436E+001  0.20358124E+001
  0.69027848E+000  0.84943654E+000  0.10126444E+001  0.20358167E+001
  0.69027849E+000  0.84943660E+000  0.10126451E+001  0.20358210E+001
  0.69027849E+000  0.84943666E+000  0.10126459E+001  0.20358252E+001
  0.69027849E+000  0.84943671E+000  0.10126466E+001  0.20358295E+001
  0.69027849E+000  0.84943675E+000  0.10126472E+001  0.20358337E+001
  0.69027848E+000  0.84943679E+000  0.10126479E+001  0.20358380E+001
  0.69027848E+000  0.84943682E+000  0.10126485E+001  0.20358422E+001
  0.69027847E+000  0.84943684E+000  0.10126490E+001  0.20358464E+001
  0.69027846E+000  0.84943686E+000  0.10126496E+001  0.20358506E+001
  0.69027844E+000  0.84943687E+000  0.10126501E+001  0.20358548E+001
  0.69027843E+000  0.84943688E+000  0.10126506E+001  0.20358590E+001
  0.69027841E+000  0.84943689E+000  0.10126510E+001  0.20358631E+001
  0.69027839E+000  0.84943688E+000  0.10126514E+001  0.20358672E+001
  0.69027837E+000  0.84943688E+000  0.10126518E+001  0.20358713E+001
  0.69027835E+000  0.84943687E+000  0.10126522E+001  0.20358754E+001
  0.69027832E+000  0.84943685E+000  0.10126525E+001  0.20358795E+001
  0.69027829E+000  0.84943683E+000  0.10126529E+001  0.20358835E+001
  0.69027827E+000  0.84943680E+000  0.10126532E+001  0.20358875E+001
  0.69027824E+000  0.84943677E+000  0.10126534E+001  0.20358915E+001
  0.69027820E+000  0.84943673E+000  0.10126537E+001  0.20358955E+001
  0.69027817E+000  0.84943668E+000  0.10126539E+001  0.20358994E+001
  0.69027813E+000  0.84943663E+000  0.10126541E+001  0.20359034E+001
  0.69027808E+000  0.84943656E+000  0.10126543E+001  0.20359073E+001
  0.69027804E+000  0.84943649E+000  0.10126544E+001  0.20359112E+001
  0.69027798E+000  0.84943642E+000  0.10126545E+001  0.20359151E+001
  0.69027793E+000  0.84943633E+000  0.10126546E+001  0.20359189E+001
  0.69027786E+000  0.84943623E+000  0.10126547E+001  0.20359228E+001
  0.69027779E+000  0.84943612E+000  0.10126547E+001  0.20359267E+001
  0.69027771E+000  0.84943600E+000  0.10126547E+001  0.20359305E+001
  0.69027762E+000  0.84943586E+000  0.10126546E+001  0.20359344E+001
  0.69027752E+000  0.84943571E+000  0.10126545E+001  0.20359383E+001
  0.69027741E+000  0.84943555E+000  0.10126543E+001  0.20359422E+001
  0.69027728E+000  0.84943537E+000  0.10126541E+001  0.20359462E+001
  0.69027714E+000  0.84943517E+000  0.10126538E+001  0.20359502E+001
  0.69027698E+000  0.84943495E+000  0.10126535E+001  0.20359543E+001
  0.69027681E+000  0.84943471E+000  0.10126531E+001  0.20359585E+001
  0.69027661E+000  0.84943445E+000  0.10126526E+001  0.20359627E+001
  0.69027639E+000  0.84943417E+000  0.10126520E+001  0.20359670E+001
  0.69027616E+000  0.84943387E+000  0.10126513E+001  0.20359715E+001
  0.69027589E+000  0.84943354E+000  0.10126505E+001  0.20359761E+001
  0.69027559E+000  0.84943320E+000  0.10126496E+001  0.20359810E+001
  0.69027524E+000  0.84943285E+000  0.10126486E+001  0.20359860E+001
  0.69027482E+000  0.84943252E+000  0.10126475E+001  0.20359913E+001
  0.69027435E+000  0.84943233E+000  0.10126465E+001  0.20359970E+001
  0.69027384E+000  0.84943231E+000  0.10126454E+001  0.20360030E+001
  0.69027342E+000  0.84943282E+000  0.10126448E+001  0.20360097E+001
  0.69027263E+000  0.84943295E+000  0.10126433E+001  0.20360161E+001
  0.69027426E+000  0.84943973E+000  0.10126508E+001  0.20360312E+001
