 -0.28780651E+000
 -0.28772509E+000
 -0.28774561E+000
 -0.28779033E+000
 -0.28783864E+000
 -0.28788407E+000
 -0.28792487E+000
 -0.28796078E+000
 -0.28799203E+000
 -0.28801909E+000
 -0.28804247E+000
 -0.28806266E+000
 -0.28808011E+000
 -0.28809521E+000
 -0.28810827E+000
 -0.28811958E+000
 -0.28812941E+000
 -0.28813797E+000
 -0.28814540E+000
 -0.28815188E+000
 -0.28815754E+000
 -0.28816251E+000
 -0.28816687E+000
 -0.28817072E+000
 -0.28817414E+000
 -0.28817717E+000
 -0.28817988E+000
 -0.28818231E+000
 -0.28818450E+000
 -0.28818649E+000
 -0.28818831E+000
 -0.28818998E+000
 -0.28819153E+000
 -0.28819298E+000
 -0.28819434E+000
 -0.28819563E+000
 -0.28819686E+000
 -0.28819804E+000
 -0.28819918E+000
 -0.28820029E+000
 -0.28820138E+000
 -0.28820244E+000
 -0.28820349E+000
 -0.28820453E+000
 -0.28820555E+000
 -0.28820657E+000
 -0.28820759E+000
 -0.28820860E+000
 -0.28820961E+000
 -0.28821062E+000
 -0.28821163E+000
 -0.28821264E+000
 -0.28821365E+000
 -0.28821466E+000
 -0.28821567E+000
 -0.28821669E+000
 -0.28821771E+000
 -0.28821874E+000
 -0.28821977E+000
 -0.28822081E+000
 -0.28822185E+000
 -0.28822290E+000
 -0.28822396E+000
 -0.28822503E+000
 -0.28822612E+000
 -0.28822721E+000
 -0.28822831E+000
 -0.28822944E+000
 -0.28823057E+000
 -0.28823172E+000
 -0.28823289E+000
 -0.28823408E+000
 -0.28823528E+000
 -0.28823651E+000
 -0.28823775E+000
 -0.28823902E+000
 -0.28824031E+000
 -0.28824162E+000
 -0.28824295E+000
 -0.28824430E+000
 -0.28824567E+000
 -0.28824706E+000
 -0.28824848E+000
 -0.28824992E+000
 -0.28825138E+000
 -0.28825286E+000
 -0.28825436E+000
 -0.28825588E+000
 -0.28825742E+000
 -0.28825898E+000
 -0.28826056E+000
 -0.28826216E+000
 -0.28826378E+000
 -0.28826542E+000
 -0.28826708E+000
 -0.28826875E+000
 -0.28827045E+000
 -0.28827216E+000
 -0.28827389E+000
 -0.28827564E+000
 -0.28827741E+000
 -0.28827920E+000
 -0.28828100E+000
 -0.28828283E+000
 -0.28828466E+000
 -0.28828652E+000
 -0.28828839E+000
 -0.28829028E+000
 -0.28829218E+000
 -0.28829410E+000
 -0.28829604E+000
 -0.28829798E+000
 -0.28829995E+000
 -0.28830192E+000
 -0.28830391E+000
 -0.28830591E+000
 -0.28830792E+000
 -0.28830994E+000
 -0.28831198E+000
 -0.28831402E+000
 -0.28831607E+000
 -0.28831813E+000
 -0.28832020E+000
 -0.28832227E+000
 -0.28832435E+000
 -0.28832644E+000
 -0.28832853E+000
 -0.28833062E+000
 -0.28833271E+000
 -0.28833481E+000
 -0.28833691E+000
 -0.28833901E+000
 -0.28834111E+000
 -0.28834320E+000
 -0.28834529E+000
 -0.28834738E+000
 -0.28834947E+000
 -0.28835155E+000
 -0.28835363E+000
 -0.28835569E+000
 -0.28835775E+000
 -0.28835980E+000
 -0.28836184E+000
 -0.28836388E+000
 -0.28836590E+000
 -0.28836790E+000
 -0.28836990E+000
 -0.28837188E+000
 -0.28837385E+000
 -0.28837580E+000
 -0.28837774E+000
 -0.28837965E+000
 -0.28838156E+000
 -0.28838344E+000
 -0.28838531E+000
 -0.28838716E+000
 -0.28838898E+000
 -0.28839079E+000
 -0.28839258E+000
 -0.28839434E+000
 -0.28839609E+000
 -0.28839781E+000
 -0.28839951E+000
 -0.28840119E+000
 -0.28840285E+000
 -0.28840448E+000
 -0.28840609E+000
 -0.28840768E+000
 -0.28840925E+000
 -0.28841079E+000
 -0.28841230E+000
 -0.28841380E+000
 -0.28841527E+000
 -0.28841672E+000
 -0.28841814E+000
 -0.28841955E+000
 -0.28842093E+000
 -0.28842229E+000
 -0.28842362E+000
 -0.28842494E+000
 -0.28842623E+000
 -0.28842751E+000
 -0.28842876E+000
 -0.28842999E+000
 -0.28843120E+000
 -0.28843240E+000
 -0.28843357E+000
 -0.28843472E+000
 -0.28843585E+000
 -0.28843696E+000
 -0.28843805E+000
 -0.28843911E+000
 -0.28844015E+000
 -0.28844116E+000
 -0.28844212E+000
 -0.28844307E+000
 -0.28844387E+000
 -0.28844494E+000
 -0.28844552E+000
 -0.28844382E+000
