  0.10478234E+001
  0.10479359E+001
  0.10480648E+001
  0.10481815E+001
  0.10482828E+001
  0.10483699E+001
  0.10484448E+001
  0.10485093E+001
  0.10485651E+001
  0.10486135E+001
  0.10486554E+001
  0.10486920E+001
  0.10487239E+001
  0.10487519E+001
  0.10487765E+001
  0.10487982E+001
  0.10488173E+001
  0.10488344E+001
  0.10488495E+001
  0.10488631E+001
  0.10488753E+001
  0.10488862E+001
  0.10488962E+001
  0.10489052E+001
  0.10489135E+001
  0.10489211E+001
  0.10489281E+001
  0.10489346E+001
  0.10489406E+001
  0.10489463E+001
  0.10489516E+001
  0.10489567E+001
  0.10489614E+001
  0.10489660E+001
  0.10489703E+001
  0.10489744E+001
  0.10489784E+001
  0.10489823E+001
  0.10489860E+001
  0.10489896E+001
  0.10489930E+001
  0.10489964E+001
  0.10489996E+001
  0.10490028E+001
  0.10490059E+001
  0.10490088E+001
  0.10490117E+001
  0.10490145E+001
  0.10490172E+001
  0.10490198E+001
  0.10490224E+001
  0.10490248E+001
  0.10490272E+001
  0.10490294E+001
  0.10490316E+001
  0.10490337E+001
  0.10490357E+001
  0.10490376E+001
  0.10490395E+001
  0.10490412E+001
  0.10490429E+001
  0.10490445E+001
  0.10490459E+001
  0.10490474E+001
  0.10490487E+001
  0.10490499E+001
  0.10490511E+001
  0.10490522E+001
  0.10490533E+001
  0.10490542E+001
  0.10490551E+001
  0.10490559E+001
  0.10490567E+001
  0.10490574E+001
  0.10490581E+001
  0.10490587E+001
  0.10490592E+001
  0.10490597E+001
  0.10490601E+001
  0.10490605E+001
  0.10490609E+001
  0.10490612E+001
  0.10490615E+001
  0.10490617E+001
  0.10490619E+001
  0.10490620E+001
  0.10490621E+001
  0.10490622E+001
  0.10490622E+001
  0.10490623E+001
  0.10490622E+001
  0.10490622E+001
  0.10490621E+001
  0.10490620E+001
  0.10490619E+001
  0.10490618E+001
  0.10490616E+001
  0.10490614E+001
  0.10490612E+001
  0.10490610E+001
  0.10490608E+001
  0.10490606E+001
  0.10490603E+001
  0.10490600E+001
  0.10490598E+001
  0.10490595E+001
  0.10490592E+001
  0.10490589E+001
  0.10490586E+001
  0.10490583E+001
  0.10490579E+001
  0.10490576E+001
  0.10490573E+001
  0.10490570E+001
  0.10490566E+001
  0.10490563E+001
  0.10490559E+001
  0.10490556E+001
  0.10490553E+001
  0.10490549E+001
  0.10490546E+001
  0.10490543E+001
  0.10490539E+001
  0.10490536E+001
  0.10490533E+001
  0.10490530E+001
  0.10490526E+001
  0.10490523E+001
  0.10490520E+001
  0.10490517E+001
  0.10490514E+001
  0.10490511E+001
  0.10490508E+001
  0.10490505E+001
  0.10490502E+001
  0.10490500E+001
  0.10490497E+001
  0.10490494E+001
  0.10490492E+001
  0.10490489E+001
  0.10490487E+001
  0.10490484E+001
  0.10490482E+001
  0.10490480E+001
  0.10490477E+001
  0.10490475E+001
  0.10490473E+001
  0.10490471E+001
  0.10490469E+001
  0.10490467E+001
  0.10490465E+001
  0.10490463E+001
  0.10490461E+001
  0.10490460E+001
  0.10490458E+001
  0.10490456E+001
  0.10490455E+001
  0.10490453E+001
  0.10490451E+001
  0.10490450E+001
  0.10490448E+001
  0.10490447E+001
  0.10490445E+001
  0.10490444E+001
  0.10490443E+001
  0.10490441E+001
  0.10490440E+001
  0.10490439E+001
  0.10490437E+001
  0.10490436E+001
  0.10490435E+001
  0.10490433E+001
  0.10490432E+001
  0.10490431E+001
  0.10490430E+001
  0.10490428E+001
  0.10490427E+001
  0.10490426E+001
  0.10490425E+001
  0.10490423E+001
  0.10490422E+001
  0.10490421E+001
  0.10490419E+001
  0.10490418E+001
  0.10490416E+001
  0.10490415E+001
  0.10490413E+001
  0.10490411E+001
  0.10490409E+001
  0.10490407E+001
  0.10490405E+001
  0.10490403E+001
  0.10490400E+001
  0.10490397E+001
  0.10490393E+001
  0.10490388E+001
  0.10490381E+001
  0.10490369E+001
  0.10490364E+001
  0.10490289E+001
