 -0.15012498E+000  0.33234403E+000  0.36356188E+001  0.83937747E+002
 -0.14969760E+000  0.33292533E+000  0.36366709E+001  0.83939184E+002
 -0.14936439E+000  0.33337622E+000  0.36375050E+001  0.83940374E+002
 -0.14910395E+000  0.33372742E+000  0.36381752E+001  0.83941370E+002
 -0.14890153E+000  0.33399971E+000  0.36387141E+001  0.83942207E+002
 -0.14874590E+000  0.33420865E+000  0.36391455E+001  0.83942914E+002
 -0.14862840E+000  0.33436610E+000  0.36394879E+001  0.83943513E+002
 -0.14854197E+000  0.33448141E+000  0.36397564E+001  0.83944020E+002
 -0.14848103E+000  0.33456211E+000  0.36399633E+001  0.83944451E+002
 -0.14844097E+000  0.33461443E+000  0.36401187E+001  0.83944818E+002
 -0.14841801E+000  0.33464349E+000  0.36402313E+001  0.83945130E+002
 -0.14840902E+000  0.33465353E+000  0.36403079E+001  0.83945397E+002
 -0.14841144E+000  0.33464803E+000  0.36403544E+001  0.83945625E+002
 -0.14842315E+000  0.33462986E+000  0.36403758E+001  0.83945820E+002
 -0.14844240E+000  0.33460146E+000  0.36403762E+001  0.83945988E+002
 -0.14846771E+000  0.33456485E+000  0.36403590E+001  0.83946132E+002
 -0.14849789E+000  0.33452169E+000  0.36403271E+001  0.83946257E+002
 -0.14853194E+000  0.33447330E+000  0.36402830E+001  0.83946365E+002
 -0.14856904E+000  0.33442081E+000  0.36402285E+001  0.83946460E+002
 -0.14860849E+000  0.33436516E+000  0.36401655E+001  0.83946542E+002
 -0.14864972E+000  0.33430714E+000  0.36400953E+001  0.83946615E+002
 -0.14869227E+000  0.33424739E+000  0.36400191E+001  0.83946679E+002
 -0.14873572E+000  0.33418646E+000  0.36399380E+001  0.83946737E+002
 -0.14877975E+000  0.33412480E+000  0.36398528E+001  0.83946789E+002
 -0.14882409E+000  0.33406278E+000  0.36397642E+001  0.83946837E+002
 -0.14886850E+000  0.33400070E+000  0.36396730E+001  0.83946881E+002
 -0.14891280E+000  0.33393885E+000  0.36395796E+001  0.83946922E+002
 -0.14895682E+000  0.33387743E+000  0.36394846E+001  0.83946961E+002
 -0.14900042E+000  0.33381664E+000  0.36393883E+001  0.83946998E+002
 -0.14904350E+000  0.33375664E+000  0.36392911E+001  0.83947035E+002
 -0.14908595E+000  0.33369757E+000  0.36391934E+001  0.83947071E+002
 -0.14912770E+000  0.33363954E+000  0.36390954E+001  0.83947107E+002
 -0.14916868E+000  0.33358267E+000  0.36389974E+001  0.83947144E+002
 -0.14920885E+000  0.33352705E+000  0.36388996E+001  0.83947181E+002
 -0.14924815E+000  0.33347275E+000  0.36388023E+001  0.83947219E+002
 -0.14928656E+000  0.33341983E+000  0.36387056E+001  0.83947259E+002
 -0.14932404E+000  0.33336838E+000  0.36386097E+001  0.83947300E+002
 -0.14936059E+000  0.33331842E+000  0.36385149E+001  0.83947343E+002
 -0.14939619E+000  0.33327001E+000  0.36384212E+001  0.83947388E+002
 -0.14943083E+000  0.33322319E+000  0.36383288E+001  0.83947435E+002
 -0.14946449E+000  0.33317799E+000  0.36382378E+001  0.83947485E+002
 -0.14949719E+000  0.33313444E+000  0.36381484E+001  0.83947537E+002
 -0.14952892E+000  0.33309255E+000  0.36380607E+001  0.83947592E+002
 -0.14955967E+000  0.33305235E+000  0.36379749E+001  0.83947650E+002
 -0.14958945E+000  0.33301384E+000  0.36378910E+001  0.83947711E+002
 -0.14961827E+000  0.33297704E+000  0.36378091E+001  0.83947776E+002
 -0.14964611E+000  0.33294195E+000  0.36377294E+001  0.83947844E+002
 -0.14967298E+000  0.33290856E+000  0.36376519E+001  0.83947916E+002
 -0.14969887E+000  0.33287687E+000  0.36375768E+001  0.83947992E+002
 -0.14972380E+000  0.33284695E+000  0.36375041E+001  0.83948072E+002
 -0.14974775E+000  0.33281877E+000  0.36374339E+001  0.83948156E+002
 -0.14977072E+000  0.33279224E+000  0.36373663E+001  0.83948244E+002
 -0.14979272E+000  0.33276735E+000  0.36373014E+001  0.83948338E+002
 -0.14981373E+000  0.33274407E+000  0.36372393E+001  0.83948435E+002
 -0.14983378E+000  0.33272237E+000  0.36371801E+001  0.83948538E+002
 -0.14985284E+000  0.33270222E+000  0.36371237E+001  0.83948646E+002
 -0.14987094E+000  0.33268360E+000  0.36370703E+001  0.83948759E+002
 -0.14988807E+000  0.33266645E+000  0.36370199E+001  0.83948877E+002
 -0.14990425E+000  0.33265074E+000  0.36369725E+001  0.83949001E+002
 -0.14991948E+000  0.33263643E+000  0.36369282E+001  0.83949131E+002
 -0.14993378E+000  0.33262346E+000  0.36368869E+001  0.83949267E+002
 -0.14994716E+000  0.33261180E+000  0.36368487E+001  0.83949409E+002
 -0.14995965E+000  0.33260139E+000  0.36368135E+001  0.83949557E+002
 -0.14997127E+000  0.33259218E+000  0.36367814E+001  0.83949712E+002
 -0.14998204E+000  0.33258410E+000  0.36367522E+001  0.83949873E+002
 -0.14999200E+000  0.33257712E+000  0.36367260E+001  0.83950041E+002
 -0.15000116E+000  0.33257117E+000  0.36367027E+001  0.83950216E+002
 -0.15000958E+000  0.33256619E+000  0.36366823E+001  0.83950398E+002
 -0.15001727E+000  0.33256213E+000  0.36366646E+001  0.83950587E+002
 -0.15002428E+000  0.33255892E+000  0.36366496E+001  0.83950783E+002
 -0.15003065E+000  0.33255651E+000  0.36366373E+001  0.83950986E+002
 -0.15003641E+000  0.33255484E+000  0.36366274E+001  0.83951197E+002
 -0.15004160E+000  0.33255386E+000  0.36366200E+001  0.83951416E+002
 -0.15004627E+000  0.33255350E+000  0.36366150E+001  0.83951642E+002
 -0.15005045E+000  0.33255372E+000  0.36366121E+001  0.83951875E+002
 -0.15005418E+000  0.33255447E+000  0.36366114E+001  0.83952116E+002
 -0.15005749E+000  0.33255569E+000  0.36366127E+001  0.83952365E+002
 -0.15006043E+000  0.33255734E+000  0.36366159E+001  0.83952622E+002
 -0.15006303E+000  0.33255938E+000  0.36366208E+001  0.83952885E+002
 -0.15006532E+000  0.33256176E+000  0.36366274E+001  0.83953157E+002
 -0.15006733E+000  0.33256445E+000  0.36366357E+001  0.83953436E+002
 -0.15006909E+000  0.33256742E+000  0.36366453E+001  0.83953723E+002
 -0.15007062E+000  0.33257062E+000  0.36366564E+001  0.83954017E+002
 -0.15007195E+000  0.33257405E+000  0.36366687E+001  0.83954318E+002
 -0.15007310E+000  0.33257766E+000  0.36366822E+001  0.83954627E+002
 -0.15007409E+000  0.33258143E+000  0.36366968E+001  0.83954942E+002
 -0.15007494E+000  0.33258534E+000  0.36367125E+001  0.83955265E+002
 -0.15007566E+000  0.33258938E+000  0.36367291E+001  0.83955595E+002
 -0.15007627E+000  0.33259351E+000  0.36367466E+001  0.83955931E+002
 -0.15007679E+000  0.33259774E+000  0.36367649E+001  0.83956275E+002
 -0.15007721E+000  0.33260203E+000  0.36367839E+001  0.83956624E+002
 -0.15007756E+000  0.33260638E+000  0.36368037E+001  0.83956981E+002
 -0.15007784E+000  0.33261078E+000  0.36368241E+001  0.83957343E+002
 -0.15007805E+000  0.33261520E+000  0.36368451E+001  0.83957712E+002
 -0.15007821E+000  0.33261965E+000  0.36368667E+001  0.83958087E+002
 -0.15007832E+000  0.33262410E+000  0.36368888E+001  0.83958468E+002
 -0.15007839E+000  0.33262856E+000  0.36369114E+001  0.83958854E+002
 -0.15007842E+000  0.33263300E+000  0.36369345E+001  0.83959246E+002
 -0.15007841E+000  0.33263743E+000  0.36369580E+001  0.83959644E+002
 -0.15007837E+000  0.33264182E+000  0.36369818E+001  0.83960047E+002
 -0.15007830E+000  0.33264618E+000  0.36370060E+001  0.83960455E+002
 -0.15007821E+000  0.33265050E+000  0.36370306E+001  0.83960868E+002
 -0.15007809E+000  0.33265476E+000  0.36370554E+001  0.83961286E+002
 -0.15007796E+000  0.33265897E+000  0.36370805E+001  0.83961709E+002
 -0.15007780E+000  0.33266311E+000  0.36371058E+001  0.83962137E+002
 -0.15007763E+000  0.33266718E+000  0.36371313E+001  0.83962569E+002
 -0.15007744E+000  0.33267117E+000  0.36371570E+001  0.83963005E+002
 -0.15007724E+000  0.33267507E+000  0.36371829E+001  0.83963446E+002
 -0.15007704E+000  0.33267889E+000  0.36372088E+001  0.83963891E+002
 -0.15007682E+000  0.33268262E+000  0.36372348E+001  0.83964340E+002
 -0.15007659E+000  0.33268625E+000  0.36372609E+001  0.83964792E+002
 -0.15007636E+000  0.33268979E+000  0.36372870E+001  0.83965248E+002
 -0.15007612E+000  0.33269322E+000  0.36373130E+001  0.83965708E+002
 -0.15007588E+000  0.33269655E+000  0.36373390E+001  0.83966171E+002
 -0.15007563E+000  0.33269977E+000  0.36373649E+001  0.83966637E+002
 -0.15007538E+000  0.33270289E+000  0.36373906E+001  0.83967106E+002
 -0.15007513E+000  0.33270590E+000  0.36374162E+001  0.83967578E+002
 -0.15007488E+000  0.33270880E+000  0.36374416E+001  0.83968052E+002
 -0.15007463E+000  0.33271160E+000  0.36374667E+001  0.83968529E+002
 -0.15007438E+000  0.33271429E+000  0.36374916E+001  0.83969009E+002
 -0.15007413E+000  0.33271687E+000  0.36375162E+001  0.83969490E+002
 -0.15007388E+000  0.33271935E+000  0.36375404E+001  0.83969973E+002
 -0.15007364E+000  0.33272173E+000  0.36375643E+001  0.83970458E+002
 -0.15007340E+000  0.33272401E+000  0.36375878E+001  0.83970944E+002
 -0.15007316E+000  0.33272619E+000  0.36376109E+001  0.83971432E+002
 -0.15007293E+000  0.33272828E+000  0.36376336E+001  0.83971921E+002
 -0.15007270E+000  0.33273026E+000  0.36376557E+001  0.83972411E+002
 -0.15007247E+000  0.33273216E+000  0.36376774E+001  0.83972901E+002
 -0.15007225E+000  0.33273397E+000  0.36376986E+001  0.83973392E+002
 -0.15007204E+000  0.33273569E+000  0.36377192E+001  0.83973884E+002
 -0.15007183E+000  0.33273733E+000  0.36377393E+001  0.83974375E+002
 -0.15007162E+000  0.33273889E+000  0.36377588E+001  0.83974866E+002
 -0.15007143E+000  0.33274036E+000  0.36377778E+001  0.83975357E+002
 -0.15007124E+000  0.33274176E+000  0.36377961E+001  0.83975847E+002
 -0.15007106E+000  0.33274309E+000  0.36378139E+001  0.83976337E+002
 -0.15007088E+000  0.33274434E+000  0.36378311E+001  0.83976825E+002
 -0.15007072E+000  0.33274553E+000  0.36378477E+001  0.83977312E+002
 -0.15007056E+000  0.33274664E+000  0.36378636E+001  0.83977798E+002
 -0.15007041E+000  0.33274769E+000  0.36378790E+001  0.83978281E+002
 -0.15007027E+000  0.33274868E+000  0.36378937E+001  0.83978763E+002
 -0.15007014E+000  0.33274960E+000  0.36379079E+001  0.83979243E+002
 -0.15007001E+000  0.33275047E+000  0.36379214E+001  0.83979720E+002
 -0.15006990E+000  0.33275127E+000  0.36379344E+001  0.83980195E+002
 -0.15006979E+000  0.33275202E+000  0.36379468E+001  0.83980667E+002
 -0.15006970E+000  0.33275271E+000  0.36379586E+001  0.83981136E+002
 -0.15006961E+000  0.33275334E+000  0.36379698E+001  0.83981602E+002
 -0.15006954E+000  0.33275392E+000  0.36379805E+001  0.83982064E+002
 -0.15006947E+000  0.33275444E+000  0.36379906E+001  0.83982523E+002
 -0.15006942E+000  0.33275491E+000  0.36380002E+001  0.83982978E+002
 -0.15006937E+000  0.33275533E+000  0.36380092E+001  0.83983430E+002
 -0.15006934E+000  0.33275568E+000  0.36380178E+001  0.83983876E+002
 -0.15006931E+000  0.33275599E+000  0.36380258E+001  0.83984319E+002
 -0.15006930E+000  0.33275623E+000  0.36380333E+001  0.83984757E+002
 -0.15006930E+000  0.33275642E+000  0.36380404E+001  0.83985191E+002
 -0.15006931E+000  0.33275655E+000  0.36380469E+001  0.83985620E+002
 -0.15006934E+000  0.33275662E+000  0.36380530E+001  0.83986043E+002
 -0.15006937E+000  0.33275663E+000  0.36380586E+001  0.83986462E+002
 -0.15006942E+000  0.33275657E+000  0.36380637E+001  0.83986875E+002
 -0.15006949E+000  0.33275644E+000  0.36380684E+001  0.83987283E+002
 -0.15006957E+000  0.33275624E+000  0.36380727E+001  0.83987686E+002
 -0.15006966E+000  0.33275596E+000  0.36380764E+001  0.83988082E+002
 -0.15006977E+000  0.33275560E+000  0.36380798E+001  0.83988473E+002
 -0.15006989E+000  0.33275516E+000  0.36380826E+001  0.83988858E+002
 -0.15007004E+000  0.33275463E+000  0.36380850E+001  0.83989237E+002
 -0.15007020E+000  0.33275400E+000  0.36380870E+001  0.83989609E+002
 -0.15007037E+000  0.33275326E+000  0.36380884E+001  0.83989975E+002
 -0.15007057E+000  0.33275241E+000  0.36380893E+001  0.83990335E+002
 -0.15007079E+000  0.33275145E+000  0.36380897E+001  0.83990688E+002
 -0.15007104E+000  0.33275035E+000  0.36380896E+001  0.83991034E+002
 -0.15007130E+000  0.33274911E+000  0.36380889E+001  0.83991373E+002
 -0.15007160E+000  0.33274772E+000  0.36380876E+001  0.83991705E+002
 -0.15007191E+000  0.33274617E+000  0.36380856E+001  0.83992029E+002
 -0.15007226E+000  0.33274445E+000  0.36380830E+001  0.83992346E+002
 -0.15007264E+000  0.33274253E+000  0.36380796E+001  0.83992654E+002
 -0.15007305E+000  0.33274041E+000  0.36380754E+001  0.83992955E+002
 -0.15007349E+000  0.33273808E+000  0.36380704E+001  0.83993247E+002
 -0.15007396E+000  0.33273550E+000  0.36380645E+001  0.83993530E+002
 -0.15007448E+000  0.33273267E+000  0.36380575E+001  0.83993804E+002
 -0.15007503E+000  0.33272957E+000  0.36380494E+001  0.83994068E+002
 -0.15007562E+000  0.33272618E+000  0.36380401E+001  0.83994322E+002
 -0.15007626E+000  0.33272247E+000  0.36380296E+001  0.83994564E+002
 -0.15007694E+000  0.33271843E+000  0.36380176E+001  0.83994796E+002
 -0.15007767E+000  0.33271404E+000  0.36380040E+001  0.83995015E+002
 -0.15007845E+000  0.33270927E+000  0.36379887E+001  0.83995220E+002
 -0.15007928E+000  0.33270409E+000  0.36379716E+001  0.83995411E+002
 -0.15008017E+000  0.33269849E+000  0.36379523E+001  0.83995587E+002
 -0.15008112E+000  0.33269243E+000  0.36379309E+001  0.83995746E+002
 -0.15008214E+000  0.33268589E+000  0.36379069E+001  0.83995886E+002
 -0.15008322E+000  0.33267883E+000  0.36378803E+001  0.83996006E+002
 -0.15008438E+000  0.33267124E+000  0.36378507E+001  0.83996104E+002
 -0.15008560E+000  0.33266306E+000  0.36378177E+001  0.83996177E+002
 -0.15008691E+000  0.33265428E+000  0.36377811E+001  0.83996223E+002
 -0.15008831E+000  0.33264480E+000  0.36377401E+001  0.83996239E+002
 -0.15008988E+000  0.33263448E+000  0.36376943E+001  0.83996221E+002
 -0.15009177E+000  0.33262299E+000  0.36376421E+001  0.83996165E+002
 -0.15009421E+000  0.33260988E+000  0.36375825E+001  0.83996065E+002
 -0.15009751E+000  0.33259420E+000  0.36375124E+001  0.83995915E+002
 -0.15010141E+000  0.33257610E+000  0.36374325E+001  0.83995715E+002
 -0.15010643E+000  0.33255170E+000  0.36373338E+001  0.83995446E+002
 -0.15011446E+000  0.33252162E+000  0.36372222E+001  0.83995119E+002
