  0.57752891E+000
  0.57759091E+000
  0.57766195E+000
  0.57772627E+000
  0.57778210E+000
  0.57783008E+000
  0.57787138E+000
  0.57790696E+000
  0.57793772E+000
  0.57796436E+000
  0.57798749E+000
  0.57800763E+000
  0.57802523E+000
  0.57804065E+000
  0.57805420E+000
  0.57806616E+000
  0.57807673E+000
  0.57808611E+000
  0.57809447E+000
  0.57810194E+000
  0.57810864E+000
  0.57811469E+000
  0.57812018E+000
  0.57812516E+000
  0.57812972E+000
  0.57813391E+000
  0.57813777E+000
  0.57814135E+000
  0.57814469E+000
  0.57814781E+000
  0.57815075E+000
  0.57815352E+000
  0.57815614E+000
  0.57815864E+000
  0.57816103E+000
  0.57816332E+000
  0.57816551E+000
  0.57816763E+000
  0.57816967E+000
  0.57817165E+000
  0.57817356E+000
  0.57817541E+000
  0.57817720E+000
  0.57817895E+000
  0.57818063E+000
  0.57818227E+000
  0.57818386E+000
  0.57818540E+000
  0.57818690E+000
  0.57818834E+000
  0.57818973E+000
  0.57819108E+000
  0.57819238E+000
  0.57819363E+000
  0.57819483E+000
  0.57819599E+000
  0.57819709E+000
  0.57819815E+000
  0.57819916E+000
  0.57820012E+000
  0.57820104E+000
  0.57820190E+000
  0.57820273E+000
  0.57820350E+000
  0.57820424E+000
  0.57820493E+000
  0.57820558E+000
  0.57820618E+000
  0.57820675E+000
  0.57820728E+000
  0.57820778E+000
  0.57820824E+000
  0.57820866E+000
  0.57820905E+000
  0.57820941E+000
  0.57820974E+000
  0.57821004E+000
  0.57821031E+000
  0.57821055E+000
  0.57821077E+000
  0.57821096E+000
  0.57821113E+000
  0.57821128E+000
  0.57821140E+000
  0.57821150E+000
  0.57821158E+000
  0.57821164E+000
  0.57821169E+000
  0.57821171E+000
  0.57821172E+000
  0.57821171E+000
  0.57821168E+000
  0.57821165E+000
  0.57821159E+000
  0.57821153E+000
  0.57821145E+000
  0.57821137E+000
  0.57821127E+000
  0.57821116E+000
  0.57821104E+000
  0.57821092E+000
  0.57821078E+000
  0.57821064E+000
  0.57821050E+000
  0.57821034E+000
  0.57821019E+000
  0.57821002E+000
  0.57820986E+000
  0.57820969E+000
  0.57820951E+000
  0.57820934E+000
  0.57820916E+000
  0.57820898E+000
  0.57820879E+000
  0.57820861E+000
  0.57820842E+000
  0.57820824E+000
  0.57820805E+000
  0.57820787E+000
  0.57820768E+000
  0.57820750E+000
  0.57820731E+000
  0.57820713E+000
  0.57820695E+000
  0.57820677E+000
  0.57820659E+000
  0.57820641E+000
  0.57820624E+000
  0.57820607E+000
  0.57820590E+000
  0.57820573E+000
  0.57820557E+000
  0.57820541E+000
  0.57820525E+000
  0.57820510E+000
  0.57820494E+000
  0.57820480E+000
  0.57820465E+000
  0.57820451E+000
  0.57820437E+000
  0.57820423E+000
  0.57820410E+000
  0.57820397E+000
  0.57820384E+000
  0.57820372E+000
  0.57820360E+000
  0.57820348E+000
  0.57820337E+000
  0.57820326E+000
  0.57820315E+000
  0.57820304E+000
  0.57820294E+000
  0.57820284E+000
  0.57820274E+000
  0.57820264E+000
  0.57820255E+000
  0.57820246E+000
  0.57820237E+000
  0.57820228E+000
  0.57820220E+000
  0.57820212E+000
  0.57820203E+000
  0.57820196E+000
  0.57820188E+000
  0.57820180E+000
  0.57820172E+000
  0.57820165E+000
  0.57820158E+000
  0.57820151E+000
  0.57820143E+000
  0.57820136E+000
  0.57820129E+000
  0.57820122E+000
  0.57820116E+000
  0.57820109E+000
  0.57820102E+000
  0.57820095E+000
  0.57820088E+000
  0.57820081E+000
  0.57820073E+000
  0.57820066E+000
  0.57820058E+000
  0.57820051E+000
  0.57820043E+000
  0.57820034E+000
  0.57820026E+000
  0.57820017E+000
  0.57820007E+000
  0.57819996E+000
  0.57819985E+000
  0.57819973E+000
  0.57819959E+000
  0.57819945E+000
  0.57819927E+000
  0.57819907E+000
  0.57819878E+000
  0.57819843E+000
  0.57819777E+000
  0.57819747E+000
  0.57819331E+000
