  0.84264543E+000
  0.84191116E+000
  0.84135479E+000
  0.84090756E+000
  0.84054072E+000
  0.84023602E+000
  0.83998152E+000
  0.83976819E+000
  0.83958903E+000
  0.83943848E+000
  0.83931184E+000
  0.83920535E+000
  0.83911584E+000
  0.83904068E+000
  0.83897766E+000
  0.83892492E+000
  0.83888083E+000
  0.83884407E+000
  0.83881353E+000
  0.83878826E+000
  0.83876745E+000
  0.83875042E+000
  0.83873659E+000
  0.83872545E+000
  0.83871657E+000
  0.83870961E+000
  0.83870424E+000
  0.83870021E+000
  0.83869728E+000
  0.83869525E+000
  0.83869397E+000
  0.83869328E+000
  0.83869306E+000
  0.83869321E+000
  0.83869364E+000
  0.83869428E+000
  0.83869506E+000
  0.83869593E+000
  0.83869686E+000
  0.83869781E+000
  0.83869875E+000
  0.83869966E+000
  0.83870054E+000
  0.83870136E+000
  0.83870212E+000
  0.83870283E+000
  0.83870346E+000
  0.83870403E+000
  0.83870454E+000
  0.83870498E+000
  0.83870537E+000
  0.83870569E+000
  0.83870597E+000
  0.83870620E+000
  0.83870638E+000
  0.83870652E+000
  0.83870662E+000
  0.83870668E+000
  0.83870671E+000
  0.83870672E+000
  0.83870669E+000
  0.83870664E+000
  0.83870657E+000
  0.83870648E+000
  0.83870636E+000
  0.83870623E+000
  0.83870607E+000
  0.83870590E+000
  0.83870571E+000
  0.83870551E+000
  0.83870529E+000
  0.83870505E+000
  0.83870480E+000
  0.83870454E+000
  0.83870426E+000
  0.83870398E+000
  0.83870369E+000
  0.83870339E+000
  0.83870308E+000
  0.83870278E+000
  0.83870246E+000
  0.83870215E+000
  0.83870184E+000
  0.83870153E+000
  0.83870123E+000
  0.83870093E+000
  0.83870063E+000
  0.83870034E+000
  0.83870006E+000
  0.83869978E+000
  0.83869952E+000
  0.83869926E+000
  0.83869901E+000
  0.83869877E+000
  0.83869854E+000
  0.83869831E+000
  0.83869810E+000
  0.83869789E+000
  0.83869769E+000
  0.83869750E+000
  0.83869732E+000
  0.83869715E+000
  0.83869698E+000
  0.83869682E+000
  0.83869666E+000
  0.83869651E+000
  0.83869637E+000
  0.83869622E+000
  0.83869609E+000
  0.83869595E+000
  0.83869582E+000
  0.83869569E+000
  0.83869556E+000
  0.83869543E+000
  0.83869531E+000
  0.83869518E+000
  0.83869506E+000
  0.83869493E+000
  0.83869480E+000
  0.83869468E+000
  0.83869455E+000
  0.83869442E+000
  0.83869429E+000
  0.83869415E+000
  0.83869401E+000
  0.83869387E+000
  0.83869373E+000
  0.83869359E+000
  0.83869344E+000
  0.83869329E+000
  0.83869313E+000
  0.83869297E+000
  0.83869281E+000
  0.83869265E+000
  0.83869249E+000
  0.83869232E+000
  0.83869215E+000
  0.83869197E+000
  0.83869180E+000
  0.83869162E+000
  0.83869144E+000
  0.83869126E+000
  0.83869108E+000
  0.83869090E+000
  0.83869072E+000
  0.83869054E+000
  0.83869035E+000
  0.83869017E+000
  0.83868999E+000
  0.83868981E+000
  0.83868963E+000
  0.83868945E+000
  0.83868928E+000
  0.83868910E+000
  0.83868893E+000
  0.83868876E+000
  0.83868859E+000
  0.83868842E+000
  0.83868826E+000
  0.83868810E+000
  0.83868795E+000
  0.83868780E+000
  0.83868765E+000
  0.83868750E+000
  0.83868736E+000
  0.83868722E+000
  0.83868708E+000
  0.83868695E+000
  0.83868682E+000
  0.83868670E+000
  0.83868657E+000
  0.83868645E+000
  0.83868634E+000
  0.83868622E+000
  0.83868611E+000
  0.83868600E+000
  0.83868589E+000
  0.83868578E+000
  0.83868568E+000
  0.83868557E+000
  0.83868546E+000
  0.83868535E+000
  0.83868524E+000
  0.83868513E+000
  0.83868501E+000
  0.83868489E+000
  0.83868477E+000
  0.83868463E+000
  0.83868449E+000
  0.83868435E+000
  0.83868419E+000
  0.83868401E+000
  0.83868379E+000
  0.83868350E+000
  0.83868312E+000
  0.83868263E+000
  0.83868229E+000
  0.83868192E+000
  0.83868073E+000
  0.83867241E+000
