  0.21938893E+002
  0.21939768E+002
  0.21940470E+002
  0.21941039E+002
  0.21941502E+002
  0.21941878E+002
  0.21942182E+002
  0.21942426E+002
  0.21942621E+002
  0.21942775E+002
  0.21942894E+002
  0.21942985E+002
  0.21943051E+002
  0.21943098E+002
  0.21943128E+002
  0.21943145E+002
  0.21943149E+002
  0.21943145E+002
  0.21943132E+002
  0.21943113E+002
  0.21943089E+002
  0.21943061E+002
  0.21943029E+002
  0.21942994E+002
  0.21942957E+002
  0.21942919E+002
  0.21942879E+002
  0.21942839E+002
  0.21942798E+002
  0.21942757E+002
  0.21942716E+002
  0.21942676E+002
  0.21942636E+002
  0.21942597E+002
  0.21942559E+002
  0.21942522E+002
  0.21942486E+002
  0.21942451E+002
  0.21942418E+002
  0.21942386E+002
  0.21942356E+002
  0.21942328E+002
  0.21942301E+002
  0.21942277E+002
  0.21942254E+002
  0.21942233E+002
  0.21942215E+002
  0.21942198E+002
  0.21942184E+002
  0.21942172E+002
  0.21942163E+002
  0.21942155E+002
  0.21942151E+002
  0.21942149E+002
  0.21942149E+002
  0.21942152E+002
  0.21942158E+002
  0.21942166E+002
  0.21942178E+002
  0.21942192E+002
  0.21942208E+002
  0.21942228E+002
  0.21942251E+002
  0.21942276E+002
  0.21942304E+002
  0.21942335E+002
  0.21942370E+002
  0.21942407E+002
  0.21942446E+002
  0.21942489E+002
  0.21942535E+002
  0.21942583E+002
  0.21942634E+002
  0.21942688E+002
  0.21942745E+002
  0.21942804E+002
  0.21942866E+002
  0.21942931E+002
  0.21942998E+002
  0.21943068E+002
  0.21943140E+002
  0.21943214E+002
  0.21943291E+002
  0.21943370E+002
  0.21943451E+002
  0.21943534E+002
  0.21943619E+002
  0.21943707E+002
  0.21943796E+002
  0.21943888E+002
  0.21943981E+002
  0.21944076E+002
  0.21944172E+002
  0.21944271E+002
  0.21944371E+002
  0.21944473E+002
  0.21944576E+002
  0.21944681E+002
  0.21944788E+002
  0.21944895E+002
  0.21945005E+002
  0.21945115E+002
  0.21945227E+002
  0.21945340E+002
  0.21945454E+002
  0.21945570E+002
  0.21945686E+002
  0.21945804E+002
  0.21945923E+002
  0.21946043E+002
  0.21946163E+002
  0.21946285E+002
  0.21946407E+002
  0.21946530E+002
  0.21946654E+002
  0.21946778E+002
  0.21946904E+002
  0.21947029E+002
  0.21947156E+002
  0.21947282E+002
  0.21947410E+002
  0.21947537E+002
  0.21947665E+002
  0.21947793E+002
  0.21947921E+002
  0.21948050E+002
  0.21948178E+002
  0.21948307E+002
  0.21948436E+002
  0.21948564E+002
  0.21948692E+002
  0.21948820E+002
  0.21948948E+002
  0.21949076E+002
  0.21949203E+002
  0.21949330E+002
  0.21949456E+002
  0.21949582E+002
  0.21949707E+002
  0.21949831E+002
  0.21949955E+002
  0.21950078E+002
  0.21950200E+002
  0.21950321E+002
  0.21950442E+002
  0.21950561E+002
  0.21950680E+002
  0.21950797E+002
  0.21950913E+002
  0.21951029E+002
  0.21951143E+002
  0.21951255E+002
  0.21951367E+002
  0.21951477E+002
  0.21951586E+002
  0.21951693E+002
  0.21951799E+002
  0.21951904E+002
  0.21952007E+002
  0.21952109E+002
  0.21952209E+002
  0.21952307E+002
  0.21952404E+002
  0.21952499E+002
  0.21952592E+002
  0.21952684E+002
  0.21952774E+002
  0.21952862E+002
  0.21952948E+002
  0.21953032E+002
  0.21953115E+002
  0.21953195E+002
  0.21953273E+002
  0.21953348E+002
  0.21953422E+002
  0.21953493E+002
  0.21953561E+002
  0.21953627E+002
  0.21953690E+002
  0.21953750E+002
  0.21953807E+002
  0.21953861E+002
  0.21953911E+002
  0.21953957E+002
  0.21953999E+002
  0.21954037E+002
  0.21954069E+002
  0.21954097E+002
  0.21954118E+002
  0.21954133E+002
  0.21954140E+002
  0.21954140E+002
  0.21954131E+002
  0.21954112E+002
  0.21954082E+002
  0.21954038E+002
  0.21953978E+002
  0.21953903E+002
  0.21953804E+002
  0.21953685E+002
