  0.28914969E+000
  0.28053447E+000
  0.27968451E+000
  0.28035794E+000
  0.28128376E+000
  0.28213694E+000
  0.28288364E+000
  0.28352289E+000
  0.28407070E+000
  0.28455060E+000
  0.28497908E+000
  0.28536979E+000
  0.28573629E+000
  0.28608675E+000
  0.28639427E+000
  0.28666235E+000
  0.28690620E+000
  0.28714630E+000
  0.28737488E+000
  0.28758654E+000
  0.28778066E+000
  0.28795689E+000
  0.28811525E+000
  0.28825622E+000
  0.28838063E+000
  0.28848955E+000
  0.28858420E+000
  0.28866585E+000
  0.28873580E+000
  0.28879533E+000
  0.28884567E+000
  0.28888796E+000
  0.28892327E+000
  0.28895260E+000
  0.28897685E+000
  0.28899681E+000
  0.28901320E+000
  0.28902665E+000
  0.28903770E+000
  0.28904682E+000
  0.28905440E+000
  0.28906077E+000
  0.28906621E+000
  0.28907093E+000
  0.28907511E+000
  0.28907889E+000
  0.28908238E+000
  0.28908564E+000
  0.28908874E+000
  0.28909171E+000
  0.28909457E+000
  0.28909734E+000
  0.28910002E+000
  0.28910262E+000
  0.28910513E+000
  0.28910756E+000
  0.28910989E+000
  0.28911212E+000
  0.28911425E+000
  0.28911628E+000
  0.28911820E+000
  0.28912001E+000
  0.28912171E+000
  0.28912329E+000
  0.28912476E+000
  0.28912611E+000
  0.28912736E+000
  0.28912849E+000
  0.28912952E+000
  0.28913045E+000
  0.28913129E+000
  0.28913204E+000
  0.28913270E+000
  0.28913328E+000
  0.28913379E+000
  0.28913423E+000
  0.28913462E+000
  0.28913495E+000
  0.28913522E+000
  0.28913545E+000
  0.28913564E+000
  0.28913580E+000
  0.28913591E+000
  0.28913599E+000
  0.28913605E+000
  0.28913607E+000
  0.28913607E+000
  0.28913604E+000
  0.28913600E+000
  0.28913593E+000
  0.28913584E+000
  0.28913574E+000
  0.28913561E+000
  0.28913547E+000
  0.28913532E+000
  0.28913515E+000
  0.28913496E+000
  0.28913477E+000
  0.28913456E+000
  0.28913433E+000
  0.28913410E+000
  0.28913385E+000
  0.28913360E+000
  0.28913333E+000
  0.28913306E+000
  0.28913278E+000
  0.28913249E+000
  0.28913219E+000
  0.28913189E+000
  0.28913158E+000
  0.28913127E+000
  0.28913096E+000
  0.28913065E+000
  0.28913033E+000
  0.28913001E+000
  0.28912969E+000
  0.28912937E+000
  0.28912905E+000
  0.28912873E+000
  0.28912841E+000
  0.28912810E+000
  0.28912778E+000
  0.28912747E+000
  0.28912717E+000
  0.28912686E+000
  0.28912657E+000
  0.28912627E+000
  0.28912598E+000
  0.28912570E+000
  0.28912542E+000
  0.28912515E+000
  0.28912488E+000
  0.28912462E+000
  0.28912437E+000
  0.28912413E+000
  0.28912389E+000
  0.28912366E+000
  0.28912344E+000
  0.28912322E+000
  0.28912302E+000
  0.28912282E+000
  0.28912264E+000
  0.28912246E+000
  0.28912229E+000
  0.28912213E+000
  0.28912197E+000
  0.28912183E+000
  0.28912170E+000
  0.28912158E+000
  0.28912146E+000
  0.28912136E+000
  0.28912127E+000
  0.28912119E+000
  0.28912112E+000
  0.28912106E+000
  0.28912101E+000
  0.28912097E+000
  0.28912095E+000
  0.28912093E+000
  0.28912093E+000
  0.28912095E+000
  0.28912098E+000
  0.28912102E+000
  0.28912108E+000
  0.28912115E+000
  0.28912124E+000
  0.28912135E+000
  0.28912148E+000
  0.28912162E+000
  0.28912179E+000
  0.28912198E+000
  0.28912219E+000
  0.28912242E+000
  0.28912268E+000
  0.28912296E+000
  0.28912327E+000
  0.28912361E+000
  0.28912398E+000
  0.28912437E+000
  0.28912479E+000
  0.28912525E+000
  0.28912573E+000
  0.28912624E+000
  0.28912679E+000
  0.28912736E+000
  0.28912796E+000
  0.28912860E+000
  0.28912927E+000
  0.28912997E+000
  0.28913071E+000
  0.28913146E+000
  0.28913220E+000
  0.28913288E+000
  0.28913350E+000
  0.28913421E+000
  0.28913554E+000
  0.28913848E+000
  0.28914234E+000
  0.28914085E+000
  0.28913890E+000
