  0.14607529E+000
  0.14524350E+000
  0.14470942E+000
  0.14437645E+000
  0.14418030E+000
  0.14408309E+000
  0.14405290E+000
  0.14407022E+000
  0.14411974E+000
  0.14418947E+000
  0.14427108E+000
  0.14435889E+000
  0.14444901E+000
  0.14453884E+000
  0.14462895E+000
  0.14471748E+000
  0.14480204E+000
  0.14488143E+000
  0.14495604E+000
  0.14502672E+000
  0.14509346E+000
  0.14515629E+000
  0.14521532E+000
  0.14527074E+000
  0.14532271E+000
  0.14537145E+000
  0.14541716E+000
  0.14546004E+000
  0.14550026E+000
  0.14553802E+000
  0.14557346E+000
  0.14560672E+000
  0.14563796E+000
  0.14566727E+000
  0.14569479E+000
  0.14572060E+000
  0.14574480E+000
  0.14576748E+000
  0.14578873E+000
  0.14580862E+000
  0.14582723E+000
  0.14584464E+000
  0.14586090E+000
  0.14587610E+000
  0.14589031E+000
  0.14590358E+000
  0.14591598E+000
  0.14592757E+000
  0.14593840E+000
  0.14594854E+000
  0.14595802E+000
  0.14596690E+000
  0.14597521E+000
  0.14598299E+000
  0.14599027E+000
  0.14599709E+000
  0.14600347E+000
  0.14600943E+000
  0.14601500E+000
  0.14602021E+000
  0.14602505E+000
  0.14602956E+000
  0.14603376E+000
  0.14603765E+000
  0.14604125E+000
  0.14604458E+000
  0.14604765E+000
  0.14605047E+000
  0.14605307E+000
  0.14605545E+000
  0.14605763E+000
  0.14605963E+000
  0.14606145E+000
  0.14606312E+000
  0.14606463E+000
  0.14606601E+000
  0.14606727E+000
  0.14606841E+000
  0.14606946E+000
  0.14607040E+000
  0.14607127E+000
  0.14607205E+000
  0.14607277E+000
  0.14607342E+000
  0.14607402E+000
  0.14607456E+000
  0.14607505E+000
  0.14607550E+000
  0.14607591E+000
  0.14607629E+000
  0.14607663E+000
  0.14607694E+000
  0.14607722E+000
  0.14607747E+000
  0.14607770E+000
  0.14607791E+000
  0.14607809E+000
  0.14607826E+000
  0.14607841E+000
  0.14607854E+000
  0.14607865E+000
  0.14607875E+000
  0.14607883E+000
  0.14607889E+000
  0.14607895E+000
  0.14607899E+000
  0.14607902E+000
  0.14607904E+000
  0.14607904E+000
  0.14607904E+000
  0.14607903E+000
  0.14607901E+000
  0.14607898E+000
  0.14607894E+000
  0.14607889E+000
  0.14607884E+000
  0.14607878E+000
  0.14607872E+000
  0.14607864E+000
  0.14607857E+000
  0.14607848E+000
  0.14607840E+000
  0.14607830E+000
  0.14607821E+000
  0.14607811E+000
  0.14607800E+000
  0.14607789E+000
  0.14607778E+000
  0.14607767E+000
  0.14607756E+000
  0.14607744E+000
  0.14607732E+000
  0.14607721E+000
  0.14607709E+000
  0.14607697E+000
  0.14607685E+000
  0.14607673E+000
  0.14607662E+000
  0.14607650E+000
  0.14607639E+000
  0.14607628E+000
  0.14607616E+000
  0.14607606E+000
  0.14607595E+000
  0.14607584E+000
  0.14607574E+000
  0.14607564E+000
  0.14607555E+000
  0.14607545E+000
  0.14607536E+000
  0.14607527E+000
  0.14607518E+000
  0.14607510E+000
  0.14607502E+000
  0.14607494E+000
  0.14607486E+000
  0.14607479E+000
  0.14607472E+000
  0.14607464E+000
  0.14607457E+000
  0.14607451E+000
  0.14607444E+000
  0.14607437E+000
  0.14607431E+000
  0.14607424E+000
  0.14607418E+000
  0.14607411E+000
  0.14607405E+000
  0.14607398E+000
  0.14607391E+000
  0.14607385E+000
  0.14607378E+000
  0.14607370E+000
  0.14607363E+000
  0.14607355E+000
  0.14607348E+000
  0.14607339E+000
  0.14607331E+000
  0.14607322E+000
  0.14607312E+000
  0.14607303E+000
  0.14607293E+000
  0.14607282E+000
  0.14607271E+000
  0.14607260E+000
  0.14607248E+000
  0.14607236E+000
  0.14607224E+000
  0.14607213E+000
  0.14607201E+000
  0.14607190E+000
  0.14607177E+000
  0.14607162E+000
  0.14607149E+000
  0.14607147E+000
  0.14607180E+000
  0.14607290E+000
  0.14607449E+000
  0.14607522E+000
  0.14607765E+000
