  0.18640641E+000
  0.17796431E+000
  0.17712445E+000
  0.17776050E+000
  0.17863910E+000
  0.17944801E+000
  0.18015712E+000
  0.18076603E+000
  0.18129020E+000
  0.18175224E+000
  0.18216773E+000
  0.18254947E+000
  0.18291025E+000
  0.18325766E+000
  0.18356427E+000
  0.18383316E+000
  0.18407921E+000
  0.18432261E+000
  0.18455535E+000
  0.18477183E+000
  0.18497129E+000
  0.18515325E+000
  0.18531762E+000
  0.18546479E+000
  0.18559552E+000
  0.18571082E+000
  0.18581185E+000
  0.18589985E+000
  0.18597608E+000
  0.18604180E+000
  0.18609819E+000
  0.18614639E+000
  0.18618746E+000
  0.18622236E+000
  0.18625200E+000
  0.18627715E+000
  0.18629853E+000
  0.18631676E+000
  0.18633237E+000
  0.18634584E+000
  0.18635756E+000
  0.18636787E+000
  0.18637703E+000
  0.18638529E+000
  0.18639282E+000
  0.18639976E+000
  0.18640624E+000
  0.18641232E+000
  0.18641808E+000
  0.18642356E+000
  0.18642880E+000
  0.18643380E+000
  0.18643858E+000
  0.18644316E+000
  0.18644754E+000
  0.18645171E+000
  0.18645568E+000
  0.18645944E+000
  0.18646300E+000
  0.18646636E+000
  0.18646952E+000
  0.18647247E+000
  0.18647523E+000
  0.18647779E+000
  0.18648015E+000
  0.18648233E+000
  0.18648432E+000
  0.18648614E+000
  0.18648780E+000
  0.18648929E+000
  0.18649064E+000
  0.18649184E+000
  0.18649291E+000
  0.18649387E+000
  0.18649471E+000
  0.18649545E+000
  0.18649609E+000
  0.18649665E+000
  0.18649714E+000
  0.18649755E+000
  0.18649790E+000
  0.18649820E+000
  0.18649844E+000
  0.18649864E+000
  0.18649879E+000
  0.18649891E+000
  0.18649899E+000
  0.18649904E+000
  0.18649906E+000
  0.18649905E+000
  0.18649902E+000
  0.18649897E+000
  0.18649890E+000
  0.18649881E+000
  0.18649871E+000
  0.18649858E+000
  0.18649845E+000
  0.18649830E+000
  0.18649813E+000
  0.18649796E+000
  0.18649777E+000
  0.18649757E+000
  0.18649736E+000
  0.18649715E+000
  0.18649692E+000
  0.18649669E+000
  0.18649645E+000
  0.18649620E+000
  0.18649595E+000
  0.18649569E+000
  0.18649544E+000
  0.18649517E+000
  0.18649491E+000
  0.18649464E+000
  0.18649437E+000
  0.18649410E+000
  0.18649383E+000
  0.18649355E+000
  0.18649328E+000
  0.18649301E+000
  0.18649273E+000
  0.18649246E+000
  0.18649219E+000
  0.18649192E+000
  0.18649164E+000
  0.18649138E+000
  0.18649111E+000
  0.18649084E+000
  0.18649058E+000
  0.18649031E+000
  0.18649005E+000
  0.18648979E+000
  0.18648953E+000
  0.18648927E+000
  0.18648901E+000
  0.18648876E+000
  0.18648850E+000
  0.18648824E+000
  0.18648798E+000
  0.18648773E+000
  0.18648747E+000
  0.18648720E+000
  0.18648694E+000
  0.18648667E+000
  0.18648640E+000
  0.18648612E+000
  0.18648583E+000
  0.18648554E+000
  0.18648524E+000
  0.18648493E+000
  0.18648461E+000
  0.18648427E+000
  0.18648392E+000
  0.18648356E+000
  0.18648317E+000
  0.18648277E+000
  0.18648234E+000
  0.18648189E+000
  0.18648142E+000
  0.18648091E+000
  0.18648038E+000
  0.18647980E+000
  0.18647920E+000
  0.18647855E+000
  0.18647786E+000
  0.18647712E+000
  0.18647634E+000
  0.18647550E+000
  0.18647461E+000
  0.18647366E+000
  0.18647265E+000
  0.18647158E+000
  0.18647044E+000
  0.18646923E+000
  0.18646795E+000
  0.18646659E+000
  0.18646516E+000
  0.18646365E+000
  0.18646206E+000
  0.18646039E+000
  0.18645863E+000
  0.18645678E+000
  0.18645485E+000
  0.18645283E+000
  0.18645072E+000
  0.18644852E+000
  0.18644624E+000
  0.18644387E+000
  0.18644142E+000
  0.18643888E+000
  0.18643623E+000
  0.18643345E+000
  0.18643047E+000
  0.18642732E+000
  0.18642411E+000
  0.18642143E+000
  0.18642015E+000
  0.18641987E+000
  0.18641400E+000
  0.18640869E+000
