  0.86221427E+000
  0.86192917E+000
  0.86172024E+000
  0.86156232E+000
  0.86144234E+000
  0.86135188E+000
  0.86128490E+000
  0.86123680E+000
  0.86120402E+000
  0.86118365E+000
  0.86117336E+000
  0.86117124E+000
  0.86117576E+000
  0.86118563E+000
  0.86119982E+000
  0.86121747E+000
  0.86123782E+000
  0.86126032E+000
  0.86128447E+000
  0.86130990E+000
  0.86133628E+000
  0.86136331E+000
  0.86139079E+000
  0.86141852E+000
  0.86144634E+000
  0.86147413E+000
  0.86150178E+000
  0.86152919E+000
  0.86155628E+000
  0.86158301E+000
  0.86160930E+000
  0.86163512E+000
  0.86166043E+000
  0.86168520E+000
  0.86170941E+000
  0.86173302E+000
  0.86175604E+000
  0.86177844E+000
  0.86180022E+000
  0.86182137E+000
  0.86184190E+000
  0.86186178E+000
  0.86188104E+000
  0.86189966E+000
  0.86191765E+000
  0.86193501E+000
  0.86195175E+000
  0.86196787E+000
  0.86198337E+000
  0.86199825E+000
  0.86201253E+000
  0.86202620E+000
  0.86203928E+000
  0.86205176E+000
  0.86206366E+000
  0.86207498E+000
  0.86208573E+000
  0.86209592E+000
  0.86210556E+000
  0.86211465E+000
  0.86212322E+000
  0.86213128E+000
  0.86213884E+000
  0.86214592E+000
  0.86215252E+000
  0.86215869E+000
  0.86216442E+000
  0.86216974E+000
  0.86217467E+000
  0.86217923E+000
  0.86218344E+000
  0.86218732E+000
  0.86219089E+000
  0.86219417E+000
  0.86219719E+000
  0.86219995E+000
  0.86220248E+000
  0.86220480E+000
  0.86220693E+000
  0.86220887E+000
  0.86221065E+000
  0.86221228E+000
  0.86221376E+000
  0.86221512E+000
  0.86221637E+000
  0.86221751E+000
  0.86221855E+000
  0.86221950E+000
  0.86222037E+000
  0.86222117E+000
  0.86222190E+000
  0.86222257E+000
  0.86222318E+000
  0.86222375E+000
  0.86222426E+000
  0.86222474E+000
  0.86222517E+000
  0.86222557E+000
  0.86222594E+000
  0.86222628E+000
  0.86222659E+000
  0.86222688E+000
  0.86222714E+000
  0.86222738E+000
  0.86222761E+000
  0.86222781E+000
  0.86222801E+000
  0.86222818E+000
  0.86222835E+000
  0.86222850E+000
  0.86222864E+000
  0.86222876E+000
  0.86222888E+000
  0.86222899E+000
  0.86222910E+000
  0.86222919E+000
  0.86222928E+000
  0.86222936E+000
  0.86222943E+000
  0.86222950E+000
  0.86222956E+000
  0.86222961E+000
  0.86222966E+000
  0.86222971E+000
  0.86222975E+000
  0.86222979E+000
  0.86222982E+000
  0.86222985E+000
  0.86222988E+000
  0.86222991E+000
  0.86222993E+000
  0.86222995E+000
  0.86222997E+000
  0.86222998E+000
  0.86222999E+000
  0.86223001E+000
  0.86223002E+000
  0.86223003E+000
  0.86223004E+000
  0.86223005E+000
  0.86223006E+000
  0.86223007E+000
  0.86223007E+000
  0.86223008E+000
  0.86223009E+000
  0.86223010E+000
  0.86223011E+000
  0.86223012E+000
  0.86223012E+000
  0.86223013E+000
  0.86223014E+000
  0.86223015E+000
  0.86223016E+000
  0.86223017E+000
  0.86223019E+000
  0.86223020E+000
  0.86223021E+000
  0.86223022E+000
  0.86223023E+000
  0.86223024E+000
  0.86223026E+000
  0.86223027E+000
  0.86223028E+000
  0.86223029E+000
  0.86223030E+000
  0.86223031E+000
  0.86223032E+000
  0.86223032E+000
  0.86223033E+000
  0.86223034E+000
  0.86223034E+000
  0.86223034E+000
  0.86223034E+000
  0.86223034E+000
  0.86223033E+000
  0.86223033E+000
  0.86223032E+000
  0.86223030E+000
  0.86223029E+000
  0.86223027E+000
  0.86223024E+000
  0.86223021E+000
  0.86223018E+000
  0.86223015E+000
  0.86223011E+000
  0.86223008E+000
  0.86223004E+000
  0.86223001E+000
  0.86222999E+000
  0.86222997E+000
  0.86222997E+000
  0.86223000E+000
  0.86223007E+000
  0.86223025E+000
  0.86223065E+000
  0.86223146E+000
  0.86223298E+000
  0.86223512E+000
  0.86223871E+000
  0.86224432E+000
