  0.89166095E+000
  0.89163571E+000
  0.89161572E+000
  0.89159994E+000
  0.89158753E+000
  0.89157784E+000
  0.89157037E+000
  0.89156471E+000
  0.89156056E+000
  0.89155764E+000
  0.89155575E+000
  0.89155469E+000
  0.89155433E+000
  0.89155454E+000
  0.89155521E+000
  0.89155628E+000
  0.89155765E+000
  0.89155928E+000
  0.89156111E+000
  0.89156311E+000
  0.89156524E+000
  0.89156747E+000
  0.89156978E+000
  0.89157215E+000
  0.89157456E+000
  0.89157700E+000
  0.89157945E+000
  0.89158191E+000
  0.89158436E+000
  0.89158681E+000
  0.89158923E+000
  0.89159163E+000
  0.89159401E+000
  0.89159635E+000
  0.89159866E+000
  0.89160092E+000
  0.89160315E+000
  0.89160533E+000
  0.89160747E+000
  0.89160956E+000
  0.89161159E+000
  0.89161358E+000
  0.89161552E+000
  0.89161740E+000
  0.89161923E+000
  0.89162100E+000
  0.89162271E+000
  0.89162437E+000
  0.89162597E+000
  0.89162751E+000
  0.89162899E+000
  0.89163041E+000
  0.89163177E+000
  0.89163307E+000
  0.89163431E+000
  0.89163549E+000
  0.89163661E+000
  0.89163767E+000
  0.89163867E+000
  0.89163960E+000
  0.89164048E+000
  0.89164130E+000
  0.89164206E+000
  0.89164277E+000
  0.89164342E+000
  0.89164402E+000
  0.89164457E+000
  0.89164507E+000
  0.89164552E+000
  0.89164592E+000
  0.89164628E+000
  0.89164660E+000
  0.89164687E+000
  0.89164712E+000
  0.89164732E+000
  0.89164749E+000
  0.89164764E+000
  0.89164775E+000
  0.89164784E+000
  0.89164790E+000
  0.89164794E+000
  0.89164796E+000
  0.89164797E+000
  0.89164795E+000
  0.89164792E+000
  0.89164788E+000
  0.89164782E+000
  0.89164776E+000
  0.89164768E+000
  0.89164760E+000
  0.89164750E+000
  0.89164740E+000
  0.89164730E+000
  0.89164719E+000
  0.89164707E+000
  0.89164696E+000
  0.89164683E+000
  0.89164671E+000
  0.89164658E+000
  0.89164646E+000
  0.89164633E+000
  0.89164620E+000
  0.89164607E+000
  0.89164594E+000
  0.89164581E+000
  0.89164569E+000
  0.89164556E+000
  0.89164544E+000
  0.89164531E+000
  0.89164520E+000
  0.89164508E+000
  0.89164496E+000
  0.89164485E+000
  0.89164475E+000
  0.89164464E+000
  0.89164455E+000
  0.89164445E+000
  0.89164436E+000
  0.89164428E+000
  0.89164420E+000
  0.89164412E+000
  0.89164405E+000
  0.89164399E+000
  0.89164393E+000
  0.89164388E+000
  0.89164384E+000
  0.89164380E+000
  0.89164377E+000
  0.89164374E+000
  0.89164373E+000
  0.89164371E+000
  0.89164371E+000
  0.89164371E+000
  0.89164373E+000
  0.89164374E+000
  0.89164377E+000
  0.89164380E+000
  0.89164384E+000
  0.89164389E+000
  0.89164395E+000
  0.89164401E+000
  0.89164408E+000
  0.89164416E+000
  0.89164424E+000
  0.89164433E+000
  0.89164443E+000
  0.89164454E+000
  0.89164465E+000
  0.89164477E+000
  0.89164489E+000
  0.89164502E+000
  0.89164516E+000
  0.89164531E+000
  0.89164546E+000
  0.89164562E+000
  0.89164578E+000
  0.89164595E+000
  0.89164612E+000
  0.89164630E+000
  0.89164649E+000
  0.89164668E+000
  0.89164688E+000
  0.89164708E+000
  0.89164729E+000
  0.89164751E+000
  0.89164773E+000
  0.89164796E+000
  0.89164819E+000
  0.89164843E+000
  0.89164868E+000
  0.89164894E+000
  0.89164920E+000
  0.89164948E+000
  0.89164976E+000
  0.89165005E+000
  0.89165035E+000
  0.89165067E+000
  0.89165100E+000
  0.89165134E+000
  0.89165170E+000
  0.89165208E+000
  0.89165248E+000
  0.89165290E+000
  0.89165334E+000
  0.89165381E+000
  0.89165430E+000
  0.89165483E+000
  0.89165539E+000
  0.89165600E+000
  0.89165664E+000
  0.89165734E+000
  0.89165808E+000
  0.89165889E+000
  0.89165977E+000
  0.89166075E+000
  0.89166184E+000
  0.89166310E+000
  0.89166452E+000
  0.89166623E+000
  0.89166821E+000
