  0.31057286E+000
  0.31063712E+000
  0.31070038E+000
  0.31075308E+000
  0.31079932E+000
  0.31083846E+000
  0.31087184E+000
  0.31090039E+000
  0.31092535E+000
  0.31094752E+000
  0.31096569E+000
  0.31098202E+000
  0.31099667E+000
  0.31100863E+000
  0.31101988E+000
  0.31102955E+000
  0.31103832E+000
  0.31104562E+000
  0.31105304E+000
  0.31105822E+000
  0.31106331E+000
  0.31106819E+000
  0.31107251E+000
  0.31107637E+000
  0.31107993E+000
  0.31108314E+000
  0.31108609E+000
  0.31108884E+000
  0.31109142E+000
  0.31109371E+000
  0.31109592E+000
  0.31109792E+000
  0.31109988E+000
  0.31110171E+000
  0.31110348E+000
  0.31110516E+000
  0.31110678E+000
  0.31110833E+000
  0.31110986E+000
  0.31111130E+000
  0.31111270E+000
  0.31111404E+000
  0.31111527E+000
  0.31111655E+000
  0.31111779E+000
  0.31111900E+000
  0.31112017E+000
  0.31112130E+000
  0.31112241E+000
  0.31112349E+000
  0.31112453E+000
  0.31112555E+000
  0.31112655E+000
  0.31112746E+000
  0.31112838E+000
  0.31112928E+000
  0.31113015E+000
  0.31113099E+000
  0.31113181E+000
  0.31113260E+000
  0.31113336E+000
  0.31113411E+000
  0.31113483E+000
  0.31113552E+000
  0.31113618E+000
  0.31113675E+000
  0.31113737E+000
  0.31113798E+000
  0.31113857E+000
  0.31113915E+000
  0.31113972E+000
  0.31114014E+000
  0.31114070E+000
  0.31114123E+000
  0.31114175E+000
  0.31114227E+000
  0.31114278E+000
  0.31114328E+000
  0.31114379E+000
  0.31114428E+000
  0.31114478E+000
  0.31114526E+000
  0.31114574E+000
  0.31114623E+000
  0.31114672E+000
  0.31114720E+000
  0.31114769E+000
  0.31114818E+000
  0.31114863E+000
  0.31114912E+000
  0.31114961E+000
  0.31115010E+000
  0.31115059E+000
  0.31115109E+000
  0.31115159E+000
  0.31115209E+000
  0.31115260E+000
  0.31115311E+000
  0.31115363E+000
  0.31115415E+000
  0.31115467E+000
  0.31115519E+000
  0.31115572E+000
  0.31115625E+000
  0.31115679E+000
  0.31115733E+000
  0.31115787E+000
  0.31115842E+000
  0.31115897E+000
  0.31115953E+000
  0.31116009E+000
  0.31116065E+000
  0.31116123E+000
  0.31116181E+000
  0.31116238E+000
  0.31116296E+000
  0.31116355E+000
  0.31116414E+000
  0.31116473E+000
  0.31116533E+000
  0.31116593E+000
  0.31116653E+000
  0.31116714E+000
  0.31116776E+000
  0.31116837E+000
  0.31116899E+000
  0.31116962E+000
  0.31117025E+000
  0.31117088E+000
  0.31117151E+000
  0.31117215E+000
  0.31117280E+000
  0.31117344E+000
  0.31117409E+000
  0.31117474E+000
  0.31117539E+000
  0.31117604E+000
  0.31117669E+000
  0.31117735E+000
  0.31117800E+000
  0.31117866E+000
  0.31117932E+000
  0.31117997E+000
  0.31118063E+000
  0.31118129E+000
  0.31118194E+000
  0.31118259E+000
  0.31118325E+000
  0.31118390E+000
  0.31118455E+000
  0.31118520E+000
  0.31118584E+000
  0.31118648E+000
  0.31118712E+000
  0.31118776E+000
  0.31118839E+000
  0.31118902E+000
  0.31118965E+000
  0.31119027E+000
  0.31119089E+000
  0.31119150E+000
  0.31119211E+000
  0.31119271E+000
  0.31119330E+000
  0.31119389E+000
  0.31119448E+000
  0.31119506E+000
  0.31119563E+000
  0.31119619E+000
  0.31119675E+000
  0.31119731E+000
  0.31119786E+000
  0.31119840E+000
  0.31119893E+000
  0.31119946E+000
  0.31119998E+000
  0.31120049E+000
  0.31120100E+000
  0.31120150E+000
  0.31120199E+000
  0.31120249E+000
  0.31120296E+000
  0.31120344E+000
  0.31120391E+000
  0.31120438E+000
  0.31120487E+000
  0.31120534E+000
  0.31120579E+000
  0.31120622E+000
  0.31120669E+000
  0.31120713E+000
  0.31120758E+000
  0.31120803E+000
  0.31120850E+000
  0.31120887E+000
  0.31120939E+000
  0.31120980E+000
  0.31121019E+000
  0.31121032E+000
  0.31120986E+000
