  0.41487953E+000
  0.41482819E+000
  0.41478043E+000
  0.41474011E+000
  0.41470500E+000
  0.41467631E+000
  0.41465202E+000
  0.41463197E+000
  0.41461248E+000
  0.41459672E+000
  0.41458301E+000
  0.41457084E+000
  0.41456080E+000
  0.41455219E+000
  0.41454484E+000
  0.41453683E+000
  0.41453102E+000
  0.41452619E+000
  0.41452118E+000
  0.41451744E+000
  0.41451401E+000
  0.41450996E+000
  0.41450735E+000
  0.41450487E+000
  0.41450277E+000
  0.41450087E+000
  0.41449914E+000
  0.41449697E+000
  0.41449544E+000
  0.41449414E+000
  0.41449287E+000
  0.41449167E+000
  0.41449055E+000
  0.41448952E+000
  0.41448853E+000
  0.41448761E+000
  0.41448671E+000
  0.41448586E+000
  0.41448504E+000
  0.41448425E+000
  0.41448354E+000
  0.41448283E+000
  0.41448222E+000
  0.41448158E+000
  0.41448098E+000
  0.41448039E+000
  0.41447982E+000
  0.41447932E+000
  0.41447885E+000
  0.41447837E+000
  0.41447790E+000
  0.41447745E+000
  0.41447704E+000
  0.41447666E+000
  0.41447629E+000
  0.41447601E+000
  0.41447573E+000
  0.41447545E+000
  0.41447514E+000
  0.41447493E+000
  0.41447470E+000
  0.41447453E+000
  0.41447433E+000
  0.41447418E+000
  0.41447407E+000
  0.41447400E+000
  0.41447395E+000
  0.41447388E+000
  0.41447391E+000
  0.41447393E+000
  0.41447393E+000
  0.41447400E+000
  0.41447406E+000
  0.41447416E+000
  0.41447428E+000
  0.41447441E+000
  0.41447456E+000
  0.41447471E+000
  0.41447488E+000
  0.41447510E+000
  0.41447531E+000
  0.41447554E+000
  0.41447579E+000
  0.41447604E+000
  0.41447615E+000
  0.41447643E+000
  0.41447672E+000
  0.41447704E+000
  0.41447736E+000
  0.41447770E+000
  0.41447803E+000
  0.41447838E+000
  0.41447877E+000
  0.41447914E+000
  0.41447951E+000
  0.41447989E+000
  0.41448019E+000
  0.41448060E+000
  0.41448101E+000
  0.41448143E+000
  0.41448185E+000
  0.41448229E+000
  0.41448273E+000
  0.41448318E+000
  0.41448364E+000
  0.41448411E+000
  0.41448458E+000
  0.41448506E+000
  0.41448570E+000
  0.41448619E+000
  0.41448669E+000
  0.41448727E+000
  0.41448778E+000
  0.41448829E+000
  0.41448881E+000
  0.41448934E+000
  0.41448986E+000
  0.41449039E+000
  0.41449093E+000
  0.41449147E+000
  0.41449202E+000
  0.41449257E+000
  0.41449308E+000
  0.41449364E+000
  0.41449419E+000
  0.41449476E+000
  0.41449532E+000
  0.41449588E+000
  0.41449644E+000
  0.41449701E+000
  0.41449757E+000
  0.41449814E+000
  0.41449871E+000
  0.41449928E+000
  0.41449985E+000
  0.41450042E+000
  0.41450099E+000
  0.41450155E+000
  0.41450212E+000
  0.41450269E+000
  0.41450325E+000
  0.41450382E+000
  0.41450438E+000
  0.41450494E+000
  0.41450550E+000
  0.41450606E+000
  0.41450662E+000
  0.41450717E+000
  0.41450772E+000
  0.41450827E+000
  0.41450881E+000
  0.41450936E+000
  0.41450990E+000
  0.41451043E+000
  0.41451096E+000
  0.41451150E+000
  0.41451202E+000
  0.41451254E+000
  0.41451306E+000
  0.41451357E+000
  0.41451408E+000
  0.41451459E+000
  0.41451509E+000
  0.41451558E+000
  0.41451607E+000
  0.41451656E+000
  0.41451705E+000
  0.41451754E+000
  0.41451801E+000
  0.41451848E+000
  0.41451894E+000
  0.41451939E+000
  0.41451984E+000
  0.41452028E+000
  0.41452072E+000
  0.41452115E+000
  0.41452157E+000
  0.41452198E+000
  0.41452239E+000
  0.41452279E+000
  0.41452315E+000
  0.41452352E+000
  0.41452390E+000
  0.41452425E+000
  0.41452463E+000
  0.41452488E+000
  0.41452523E+000
  0.41452552E+000
  0.41452582E+000
  0.41452605E+000
  0.41452631E+000
  0.41452660E+000
  0.41452681E+000
  0.41452697E+000
  0.41452713E+000
  0.41452735E+000
  0.41452754E+000
  0.41452783E+000
  0.41452789E+000
  0.41452898E+000
