  0.10916905E+000
  0.10835604E+000
  0.10770945E+000
  0.10718053E+000
  0.10674278E+000
  0.10637714E+000
  0.10607019E+000
  0.10581167E+000
  0.10559345E+000
  0.10540907E+000
  0.10525306E+000
  0.10512098E+000
  0.10500911E+000
  0.10491437E+000
  0.10483415E+000
  0.10476622E+000
  0.10470870E+000
  0.10466003E+000
  0.10461887E+000
  0.10458412E+000
  0.10455479E+000
  0.10453008E+000
  0.10450928E+000
  0.10449181E+000
  0.10447715E+000
  0.10446486E+000
  0.10445459E+000
  0.10444601E+000
  0.10443884E+000
  0.10443285E+000
  0.10442784E+000
  0.10442363E+000
  0.10442008E+000
  0.10441705E+000
  0.10441445E+000
  0.10441218E+000
  0.10441017E+000
  0.10440836E+000
  0.10440669E+000
  0.10440513E+000
  0.10440365E+000
  0.10440221E+000
  0.10440081E+000
  0.10439942E+000
  0.10439803E+000
  0.10439665E+000
  0.10439527E+000
  0.10439388E+000
  0.10439250E+000
  0.10439111E+000
  0.10438972E+000
  0.10438834E+000
  0.10438696E+000
  0.10438560E+000
  0.10438425E+000
  0.10438293E+000
  0.10438162E+000
  0.10438035E+000
  0.10437910E+000
  0.10437788E+000
  0.10437669E+000
  0.10437554E+000
  0.10437442E+000
  0.10437334E+000
  0.10437230E+000
  0.10437129E+000
  0.10437031E+000
  0.10436936E+000
  0.10436845E+000
  0.10436757E+000
  0.10436673E+000
  0.10436591E+000
  0.10436512E+000
  0.10436436E+000
  0.10436363E+000
  0.10436293E+000
  0.10436225E+000
  0.10436161E+000
  0.10436100E+000
  0.10436041E+000
  0.10435986E+000
  0.10435933E+000
  0.10435884E+000
  0.10435837E+000
  0.10435794E+000
  0.10435753E+000
  0.10435716E+000
  0.10435682E+000
  0.10435650E+000
  0.10435622E+000
  0.10435596E+000
  0.10435573E+000
  0.10435553E+000
  0.10435536E+000
  0.10435521E+000
  0.10435508E+000
  0.10435498E+000
  0.10435490E+000
  0.10435484E+000
  0.10435480E+000
  0.10435477E+000
  0.10435477E+000
  0.10435478E+000
  0.10435480E+000
  0.10435484E+000
  0.10435489E+000
  0.10435495E+000
  0.10435502E+000
  0.10435510E+000
  0.10435519E+000
  0.10435528E+000
  0.10435538E+000
  0.10435548E+000
  0.10435558E+000
  0.10435569E+000
  0.10435580E+000
  0.10435591E+000
  0.10435602E+000
  0.10435613E+000
  0.10435624E+000
  0.10435634E+000
  0.10435645E+000
  0.10435655E+000
  0.10435664E+000
  0.10435673E+000
  0.10435682E+000
  0.10435690E+000
  0.10435698E+000
  0.10435705E+000
  0.10435711E+000
  0.10435717E+000
  0.10435722E+000
  0.10435726E+000
  0.10435730E+000
  0.10435733E+000
  0.10435735E+000
  0.10435737E+000
  0.10435738E+000
  0.10435739E+000
  0.10435739E+000
  0.10435738E+000
  0.10435737E+000
  0.10435736E+000
  0.10435734E+000
  0.10435731E+000
  0.10435728E+000
  0.10435725E+000
  0.10435721E+000
  0.10435717E+000
  0.10435713E+000
  0.10435708E+000
  0.10435704E+000
  0.10435699E+000
  0.10435694E+000
  0.10435689E+000
  0.10435683E+000
  0.10435678E+000
  0.10435673E+000
  0.10435668E+000
  0.10435663E+000
  0.10435658E+000
  0.10435653E+000
  0.10435648E+000
  0.10435643E+000
  0.10435639E+000
  0.10435634E+000
  0.10435630E+000
  0.10435626E+000
  0.10435623E+000
  0.10435619E+000
  0.10435616E+000
  0.10435613E+000
  0.10435610E+000
  0.10435607E+000
  0.10435605E+000
  0.10435602E+000
  0.10435600E+000
  0.10435599E+000
  0.10435597E+000
  0.10435595E+000
  0.10435594E+000
  0.10435593E+000
  0.10435592E+000
  0.10435590E+000
  0.10435589E+000
  0.10435588E+000
  0.10435587E+000
  0.10435586E+000
  0.10435586E+000
  0.10435585E+000
  0.10435585E+000
  0.10435584E+000
  0.10435581E+000
  0.10435574E+000
  0.10435562E+000
  0.10435551E+000
  0.10435560E+000
  0.10435608E+000
  0.10435525E+000
  0.10435222E+000
