 -0.86061505E+000 -0.71419507E+000 -0.34402679E+000 -0.10753133E-001  0.25196834E-001  0.10672595E+001  0.81094639E+001  0.43449398E+002  0.79490320E+002  0.21963295E+003  0.43290761E+003
 -0.86061045E+000 -0.71413123E+000 -0.34296492E+000 -0.10531606E-001  0.25198241E-001  0.10689035E+001  0.81103711E+001  0.43450101E+002  0.79492416E+002  0.21963318E+003  0.43290837E+003
 -0.86060690E+000 -0.71407960E+000 -0.34211639E+000 -0.10372286E-001  0.25199184E-001  0.10692742E+001  0.81111164E+001  0.43450740E+002  0.79494201E+002  0.21963327E+003  0.43290866E+003
 -0.86060417E+000 -0.71403800E+000 -0.34143960E+000 -0.10258337E-001  0.25199837E-001  0.10694015E+001  0.81117284E+001  0.43451299E+002  0.79495685E+002  0.21963328E+003  0.43290871E+003
 -0.86060209E+000 -0.71400481E+000 -0.34090206E+000 -0.10178028E-001  0.25200292E-001  0.10695007E+001  0.81122307E+001  0.43451782E+002  0.79496907E+002  0.21963326E+003  0.43290865E+003
 -0.86060054E+000 -0.71397864E+000 -0.34047868E+000 -0.10122828E-001  0.25200608E-001  0.10695787E+001  0.81126420E+001  0.43452196E+002  0.79497908E+002  0.21963323E+003  0.43290854E+003
 -0.86059940E+000 -0.71395847E+000 -0.34014953E+000 -0.10086580E-001  0.25200820E-001  0.10696394E+001  0.81129773E+001  0.43452551E+002  0.79498726E+002  0.21963320E+003  0.43290842E+003
 -0.86059860E+000 -0.71394330E+000 -0.33989765E+000 -0.10064786E-001  0.25200954E-001  0.10696856E+001  0.81132487E+001  0.43452854E+002  0.79499393E+002  0.21963316E+003  0.43290831E+003
 -0.86059806E+000 -0.71393230E+000 -0.33971004E+000 -0.10054131E-001  0.25201026E-001  0.10697199E+001  0.81134663E+001  0.43453113E+002  0.79499935E+002  0.21963313E+003  0.43290821E+003
 -0.86059773E+000 -0.71392469E+000 -0.33957608E+000 -0.10052050E-001  0.25201051E-001  0.10697442E+001  0.81136384E+001  0.43453335E+002  0.79500374E+002  0.21963311E+003  0.43290812E+003
 -0.86059757E+000 -0.71391984E+000 -0.33948692E+000 -0.10056564E-001  0.25201038E-001  0.10697603E+001  0.81137721E+001  0.43453526E+002  0.79500728E+002  0.21963308E+003  0.43290804E+003
 -0.86059754E+000 -0.71391726E+000 -0.33943526E+000 -0.10066146E-001  0.25200997E-001  0.10697694E+001  0.81138733E+001  0.43453691E+002  0.79501013E+002  0.21963306E+003  0.43290798E+003
 -0.86059760E+000 -0.71391652E+000 -0.33941496E+000 -0.10079602E-001  0.25200934E-001  0.10697728E+001  0.81139471E+001  0.43453834E+002  0.79501241E+002  0.21963305E+003  0.43290792E+003
 -0.86059774E+000 -0.71391726E+000 -0.33942087E+000 -0.10095990E-001  0.25200853E-001  0.10697713E+001  0.81139979E+001  0.43453958E+002  0.79501422E+002  0.21963303E+003  0.43290787E+003
 -0.86059795E+000 -0.71391918E+000 -0.33944867E+000 -0.10114564E-001  0.25200759E-001  0.10697659E+001  0.81140291E+001  0.43454067E+002  0.79501564E+002  0.21963302E+003  0.43290783E+003
 -0.86059819E+000 -0.71392205E+000 -0.33949470E+000 -0.10134727E-001  0.25200656E-001  0.10697571E+001  0.81140439E+001  0.43454162E+002  0.79501676E+002  0.21963301E+003  0.43290780E+003
 -0.86059847E+000 -0.71392566E+000 -0.33955585E+000 -0.10156007E-001  0.25200546E-001  0.10697457E+001  0.81140448E+001  0.43454246E+002  0.79501762E+002  0.21963300E+003  0.43290777E+003
 -0.86059878E+000 -0.71392985E+000 -0.33962954E+000 -0.10178029E-001  0.25200431E-001  0.10697319E+001  0.81140340E+001  0.43454321E+002  0.79501827E+002  0.21963299E+003  0.43290775E+003
 -0.86059910E+000 -0.71393450E+000 -0.33971353E+000 -0.10200492E-001  0.25200313E-001  0.10697163E+001  0.81140134E+001  0.43454387E+002  0.79501876E+002  0.21963299E+003  0.43290773E+003
 -0.86059944E+000 -0.71393951E+000 -0.33980595E+000 -0.10223155E-001  0.25200193E-001  0.10696993E+001  0.81139845E+001  0.43454447E+002  0.79501913E+002  0.21963298E+003  0.43290771E+003
 -0.86059978E+000 -0.71394479E+000 -0.33990519E+000 -0.10245823E-001  0.25200073E-001  0.10696810E+001  0.81139483E+001  0.43454501E+002  0.79501940E+002  0.21963298E+003  0.43290770E+003
 -0.86060013E+000 -0.71395028E+000 -0.34000988E+000 -0.10268344E-001  0.25199952E-001  0.10696618E+001  0.81139059E+001  0.43454550E+002  0.79501959E+002  0.21963297E+003  0.43290769E+003
 -0.86060048E+000 -0.71395593E+000 -0.34011887E+000 -0.10290597E-001  0.25199833E-001  0.10696418E+001  0.81138583E+001  0.43454596E+002  0.79501973E+002  0.21963297E+003  0.43290768E+003
 -0.86060084E+000 -0.71396168E+000 -0.34023114E+000 -0.10312483E-001  0.25199715E-001  0.10696212E+001  0.81138062E+001  0.43454638E+002  0.79501983E+002  0.21963297E+003  0.43290767E+003
 -0.86060119E+000 -0.71396752E+000 -0.34034586E+000 -0.10333923E-001  0.25199600E-001  0.10696003E+001  0.81137503E+001  0.43454677E+002  0.79501991E+002  0.21963297E+003  0.43290766E+003
 -0.86060155E+000 -0.71397341E+000 -0.34046228E+000 -0.10354856E-001  0.25199486E-001  0.10695790E+001  0.81136911E+001  0.43454714E+002  0.79501999E+002  0.21963296E+003  0.43290766E+003
 -0.86060190E+000 -0.71397934E+000 -0.34057976E+000 -0.10375231E-001  0.25199376E-001  0.10695575E+001  0.81136291E+001  0.43454750E+002  0.79502007E+002  0.21963296E+003  0.43290765E+003
 -0.86060225E+000 -0.71398529E+000 -0.34069777E+000 -0.10395006E-001  0.25199268E-001  0.10695360E+001  0.81135647E+001  0.43454784E+002  0.79502016E+002  0.21963296E+003  0.43290765E+003
 -0.86060260E+000 -0.71399125E+000 -0.34081583E+000 -0.10414150E-001  0.25199164E-001  0.10695144E+001  0.81134982E+001  0.43454816E+002  0.79502027E+002  0.21963296E+003  0.43290765E+003
 -0.86060295E+000 -0.71399721E+000 -0.34093353E+000 -0.10432637E-001  0.25199063E-001  0.10694929E+001  0.81134300E+001  0.43454848E+002  0.79502041E+002  0.21963296E+003  0.43290764E+003
 -0.86060329E+000 -0.71400316E+000 -0.34105051E+000 -0.10450447E-001  0.25198965E-001  0.10694714E+001  0.81133604E+001  0.43454879E+002  0.79502059E+002  0.21963296E+003  0.43290764E+003
 -0.86060364E+000 -0.71400909E+000 -0.34116648E+000 -0.10467566E-001  0.25198872E-001  0.10694502E+001  0.81132896E+001  0.43454910E+002  0.79502081E+002  0.21963296E+003  0.43290764E+003
 -0.86060398E+000 -0.71401502E+000 -0.34128117E+000 -0.10483985E-001  0.25198781E-001  0.10694291E+001  0.81132179E+001  0.43454941E+002  0.79502107E+002  0.21963296E+003  0.43290764E+003
 -0.86060432E+000 -0.71402092E+000 -0.34139434E+000 -0.10499698E-001  0.25198695E-001  0.10694083E+001  0.81131455E+001  0.43454972E+002  0.79502137E+002  0.21963296E+003  0.43290764E+003
 -0.86060466E+000 -0.71402681E+000 -0.34150581E+000 -0.10514703E-001  0.25198612E-001  0.10693878E+001  0.81130726E+001  0.43455002E+002  0.79502174E+002  0.21963296E+003  0.43290764E+003
 -0.86060500E+000 -0.71403267E+000 -0.34161539E+000 -0.10529004E-001  0.25198534E-001  0.10693676E+001  0.81129995E+001  0.43455033E+002  0.79502215E+002  0.21963296E+003  0.43290764E+003
 -0.86060534E+000 -0.71403850E+000 -0.34172295E+000 -0.10542608E-001  0.25198459E-001  0.10693478E+001  0.81129264E+001  0.43455064E+002  0.79502262E+002  0.21963296E+003  0.43290764E+003
 -0.86060567E+000 -0.71404430E+000 -0.34182836E+000 -0.10555524E-001  0.25198387E-001  0.10693284E+001  0.81128534E+001  0.43455096E+002  0.79502315E+002  0.21963296E+003  0.43290764E+003
 -0.86060601E+000 -0.71405008E+000 -0.34193150E+000 -0.10567766E-001  0.25198320E-001  0.10693093E+001  0.81127808E+001  0.43455128E+002  0.79502375E+002  0.21963296E+003  0.43290764E+003
 -0.86060634E+000 -0.71405581E+000 -0.34203228E+000 -0.10579350E-001  0.25198256E-001  0.10692907E+001  0.81127087E+001  0.43455160E+002  0.79502440E+002  0.21963296E+003  0.43290765E+003
 -0.86060668E+000 -0.71406150E+000 -0.34213061E+000 -0.10590296E-001  0.25198196E-001  0.10692726E+001  0.81126372E+001  0.43455193E+002  0.79502512E+002  0.21963296E+003  0.43290765E+003
 -0.86060701E+000 -0.71406714E+000 -0.34222642E+000 -0.10600626E-001  0.25198140E-001  0.10692549E+001  0.81125665E+001  0.43455227E+002  0.79502590E+002  0.21963296E+003  0.43290765E+003
 -0.86060735E+000 -0.71407273E+000 -0.34231964E+000 -0.10610363E-001  0.25198087E-001  0.10692378E+001  0.81124968E+001  0.43455262E+002  0.79502674E+002  0.21963296E+003  0.43290765E+003
 -0.86060768E+000 -0.71407826E+000 -0.34241021E+000 -0.10619533E-001  0.25198038E-001  0.10692211E+001  0.81124281E+001  0.43455297E+002  0.79502765E+002  0.21963296E+003  0.43290765E+003
 -0.86060801E+000 -0.71408371E+000 -0.34249808E+000 -0.10628161E-001  0.25197991E-001  0.10692050E+001  0.81123606E+001  0.43455332E+002  0.79502863E+002  0.21963296E+003  0.43290765E+003
 -0.86060833E+000 -0.71408909E+000 -0.34258319E+000 -0.10636275E-001  0.25197948E-001  0.10691895E+001  0.81122943E+001  0.43455369E+002  0.79502967E+002  0.21963296E+003  0.43290766E+003
 -0.86060866E+000 -0.71409438E+000 -0.34266551E+000 -0.10643901E-001  0.25197908E-001  0.10691745E+001  0.81122293E+001  0.43455406E+002  0.79503077E+002  0.21963296E+003  0.43290766E+003
 -0.86060898E+000 -0.71409958E+000 -0.34274499E+000 -0.10651065E-001  0.25197871E-001  0.10691601E+001  0.81121658E+001  0.43455444E+002  0.79503194E+002  0.21963296E+003  0.43290766E+003
 -0.86060929E+000 -0.71410466E+000 -0.34282159E+000 -0.10657793E-001  0.25197837E-001  0.10691464E+001  0.81121037E+001  0.43455483E+002  0.79503318E+002  0.21963296E+003  0.43290766E+003
 -0.86060960E+000 -0.71410963E+000 -0.34289530E+000 -0.10664109E-001  0.25197805E-001  0.10690828E+001  0.81120432E+001  0.43455522E+002  0.79503448E+002  0.21963296E+003  0.43290766E+003
 -0.86060991E+000 -0.71411448E+000 -0.34296607E+000 -0.10670036E-001  0.25197776E-001  0.10689848E+001  0.81119843E+001  0.43455562E+002  0.79503585E+002  0.21963296E+003  0.43290766E+003
 -0.86061021E+000 -0.71411919E+000 -0.34303390E+000 -0.10675595E-001  0.25197749E-001  0.10688917E+001  0.81119271E+001  0.43455604E+002  0.79503728E+002  0.21963296E+003  0.43290767E+003
 -0.86061050E+000 -0.71412376E+000 -0.34309876E+000 -0.10680807E-001  0.25197724E-001  0.10688034E+001  0.81118717E+001  0.43455646E+002  0.79503878E+002  0.21963296E+003  0.43290767E+003
 -0.86061078E+000 -0.71412818E+000 -0.34316066E+000 -0.10685689E-001  0.25197702E-001  0.10687200E+001  0.81118180E+001  0.43455689E+002  0.79504034E+002  0.21963296E+003  0.43290767E+003
 -0.86061106E+000 -0.71413243E+000 -0.34321959E+000 -0.10690259E-001  0.25197682E-001  0.10686415E+001  0.81117663E+001  0.43455733E+002  0.79504197E+002  0.21963296E+003  0.43290767E+003
 -0.86061132E+000 -0.71413653E+000 -0.34327556E+000 -0.10694532E-001  0.25197663E-001  0.10685678E+001  0.81117165E+001  0.43455778E+002  0.79504366E+002  0.21963296E+003  0.43290768E+003
 -0.86061157E+000 -0.71414045E+000 -0.34332858E+000 -0.10698523E-001  0.25197647E-001  0.10684989E+001  0.81116688E+001  0.43455825E+002  0.79504542E+002  0.21963296E+003  0.43290768E+003
 -0.86061182E+000 -0.71414419E+000 -0.34337869E+000 -0.10702244E-001  0.25197632E-001  0.10684348E+001  0.81116232E+001  0.43455873E+002  0.79504725E+002  0.21963296E+003  0.43290768E+003
 -0.86061205E+000 -0.71414776E+000 -0.34342591E+000 -0.10705709E-001  0.25197619E-001  0.10683753E+001  0.81115797E+001  0.43455922E+002  0.79504914E+002  0.21963296E+003  0.43290768E+003
 -0.86061227E+000 -0.71415114E+000 -0.34347029E+000 -0.10708928E-001  0.25197607E-001  0.10683204E+001  0.81115385E+001  0.43455973E+002  0.79505109E+002  0.21963297E+003  0.43290769E+003
 -0.86061248E+000 -0.71415434E+000 -0.34351188E+000 -0.10711914E-001  0.25197596E-001  0.10682700E+001  0.81114996E+001  0.43456025E+002  0.79505311E+002  0.21963297E+003  0.43290769E+003
 -0.86061267E+000 -0.71415735E+000 -0.34355074E+000 -0.10714676E-001  0.25197587E-001  0.10682240E+001  0.81114630E+001  0.43456080E+002  0.79505520E+002  0.21963297E+003  0.43290769E+003
 -0.86061286E+000 -0.71416018E+000 -0.34358693E+000 -0.10717226E-001  0.25197579E-001  0.10681823E+001  0.81114288E+001  0.43456136E+002  0.79505735E+002  0.21963297E+003  0.43290770E+003
 -0.86061303E+000 -0.71416283E+000 -0.34362054E+000 -0.10719573E-001  0.25197572E-001  0.10681447E+001  0.81113971E+001  0.43456194E+002  0.79505957E+002  0.21963297E+003  0.43290770E+003
 -0.86061319E+000 -0.71416530E+000 -0.34365165E+000 -0.10721728E-001  0.25197566E-001  0.10681111E+001  0.81113678E+001  0.43456254E+002  0.79506185E+002  0.21963297E+003  0.43290770E+003
 -0.86061334E+000 -0.71416760E+000 -0.34368034E+000 -0.10723700E-001  0.25197561E-001  0.10680814E+001  0.81113410E+001  0.43456317E+002  0.79506419E+002  0.21963297E+003  0.43290770E+003
 -0.86061347E+000 -0.71416972E+000 -0.34370673E+000 -0.10725499E-001  0.25197557E-001  0.10680553E+001  0.81113168E+001  0.43456382E+002  0.79506660E+002  0.21963297E+003  0.43290771E+003
 -0.86061360E+000 -0.71417169E+000 -0.34373091E+000 -0.10727135E-001  0.25197554E-001  0.10680328E+001  0.81112951E+001  0.43456449E+002  0.79506907E+002  0.21963297E+003  0.43290771E+003
 -0.86061371E+000 -0.71417349E+000 -0.34375299E+000 -0.10728617E-001  0.25197551E-001  0.10680137E+001  0.81112759E+001  0.43456519E+002  0.79507160E+002  0.21963297E+003  0.43290772E+003
 -0.86061381E+000 -0.71417514E+000 -0.34377309E+000 -0.10729956E-001  0.25197549E-001  0.10679978E+001  0.81112593E+001  0.43456591E+002  0.79507420E+002  0.21963297E+003  0.43290772E+003
 -0.86061391E+000 -0.71417665E+000 -0.34379132E+000 -0.10731160E-001  0.25197548E-001  0.10679848E+001  0.81112452E+001  0.43456666E+002  0.79507686E+002  0.21963297E+003  0.43290772E+003
 -0.86061399E+000 -0.71417801E+000 -0.34380780E+000 -0.10732240E-001  0.25197547E-001  0.10679748E+001  0.81112336E+001  0.43456744E+002  0.79507958E+002  0.21963297E+003  0.43290773E+003
 -0.86061407E+000 -0.71417926E+000 -0.34382265E+000 -0.10733203E-001  0.25197546E-001  0.10679674E+001  0.81112245E+001  0.43456824E+002  0.79508236E+002  0.21963297E+003  0.43290773E+003
 -0.86061414E+000 -0.71418038E+000 -0.34383599E+000 -0.10734059E-001  0.25197546E-001  0.10679625E+001  0.81112179E+001  0.43456906E+002  0.79508520E+002  0.21963297E+003  0.43290773E+003
 -0.86061420E+000 -0.71418138E+000 -0.34384793E+000 -0.10734817E-001  0.25197547E-001  0.10679599E+001  0.81112137E+001  0.43456992E+002  0.79508810E+002  0.21963297E+003  0.43290774E+003
 -0.86061425E+000 -0.71418229E+000 -0.34385859E+000 -0.10735484E-001  0.25197547E-001  0.10679594E+001  0.81112118E+001  0.43457080E+002  0.79509107E+002  0.21963297E+003  0.43290774E+003
 -0.86061430E+000 -0.71418309E+000 -0.34386807E+000 -0.10736069E-001  0.25197548E-001  0.10679609E+001  0.81112123E+001  0.43457171E+002  0.79509409E+002  0.21963297E+003  0.43290775E+003
 -0.86061434E+000 -0.71418382E+000 -0.34387649E+000 -0.10736579E-001  0.25197549E-001  0.10679642E+001  0.81112150E+001  0.43457264E+002  0.79509717E+002  0.21963298E+003  0.43290775E+003
 -0.86061438E+000 -0.71418446E+000 -0.34388393E+000 -0.10737022E-001  0.25197550E-001  0.10679692E+001  0.81112198E+001  0.43457360E+002  0.79510030E+002  0.21963298E+003  0.43290776E+003
 -0.86061441E+000 -0.71418502E+000 -0.34389050E+000 -0.10737403E-001  0.25197552E-001  0.10679758E+001  0.81112269E+001  0.43457458E+002  0.79510350E+002  0.21963298E+003  0.43290776E+003
 -0.86061444E+000 -0.71418553E+000 -0.34389628E+000 -0.10737728E-001  0.25197553E-001  0.10679837E+001  0.81112359E+001  0.43457559E+002  0.79510675E+002  0.21963298E+003  0.43290777E+003
 -0.86061447E+000 -0.71418597E+000 -0.34390134E+000 -0.10738004E-001  0.25197555E-001  0.10679929E+001  0.81112470E+001  0.43457663E+002  0.79511006E+002  0.21963298E+003  0.43290777E+003
 -0.86061449E+000 -0.71418636E+000 -0.34390578E+000 -0.10738235E-001  0.25197556E-001  0.10680032E+001  0.81112599E+001  0.43457768E+002  0.79511342E+002  0.21963298E+003  0.43290778E+003
 -0.86061451E+000 -0.71418670E+000 -0.34390964E+000 -0.10738425E-001  0.25197558E-001  0.10680146E+001  0.81112747E+001  0.43457876E+002  0.79511684E+002  0.21963298E+003  0.43290778E+003
 -0.86061453E+000 -0.71418700E+000 -0.34391299E+000 -0.10738580E-001  0.25197559E-001  0.10680270E+001  0.81112911E+001  0.43457987E+002  0.79512031E+002  0.21963298E+003  0.43290779E+003
 -0.86061454E+000 -0.71418727E+000 -0.34391590E+000 -0.10738703E-001  0.25197561E-001  0.10680402E+001  0.81113093E+001  0.43458099E+002  0.79512384E+002  0.21963298E+003  0.43290779E+003
 -0.86061456E+000 -0.71418750E+000 -0.34391840E+000 -0.10738797E-001  0.25197563E-001  0.10680542E+001  0.81113290E+001  0.43458213E+002  0.79512742E+002  0.21963298E+003  0.43290780E+003
 -0.86061457E+000 -0.71418770E+000 -0.34392054E+000 -0.10738865E-001  0.25197565E-001  0.10680690E+001  0.81113503E+001  0.43458330E+002  0.79513104E+002  0.21963298E+003  0.43290781E+003
 -0.86061458E+000 -0.71418787E+000 -0.34392237E+000 -0.10738910E-001  0.25197566E-001  0.10680844E+001  0.81113729E+001  0.43458448E+002  0.79513472E+002  0.21963298E+003  0.43290781E+003
 -0.86061459E+000 -0.71418803E+000 -0.34392391E+000 -0.10738935E-001  0.25197568E-001  0.10681004E+001  0.81113969E+001  0.43458568E+002  0.79513844E+002  0.21963299E+003  0.43290782E+003
 -0.86061460E+000 -0.71418816E+000 -0.34392520E+000 -0.10738941E-001  0.25197570E-001  0.10681169E+001  0.81114221E+001  0.43458690E+002  0.79514222E+002  0.21963299E+003  0.43290782E+003
 -0.86061460E+000 -0.71418828E+000 -0.34392627E+000 -0.10738931E-001  0.25197571E-001  0.10681340E+001  0.81114486E+001  0.43458813E+002  0.79514603E+002  0.21963299E+003  0.43290783E+003
 -0.86061461E+000 -0.71418837E+000 -0.34392714E+000 -0.10738906E-001  0.25197573E-001  0.10681514E+001  0.81114761E+001  0.43458938E+002  0.79514989E+002  0.21963299E+003  0.43290784E+003
 -0.86061461E+000 -0.71418846E+000 -0.34392782E+000 -0.10738868E-001  0.25197575E-001  0.10681693E+001  0.81115047E+001  0.43459065E+002  0.79515380E+002  0.21963299E+003  0.43290784E+003
 -0.86061462E+000 -0.71418853E+000 -0.34392835E+000 -0.10738818E-001  0.25197576E-001  0.10681875E+001  0.81115343E+001  0.43459192E+002  0.79515774E+002  0.21963299E+003  0.43290785E+003
 -0.86061462E+000 -0.71418860E+000 -0.34392873E+000 -0.10738757E-001  0.25197578E-001  0.10682061E+001  0.81115649E+001  0.43459321E+002  0.79516172E+002  0.21963299E+003  0.43290786E+003
 -0.86061463E+000 -0.71418865E+000 -0.34392899E+000 -0.10738687E-001  0.25197579E-001  0.10682249E+001  0.81115963E+001  0.43459451E+002  0.79516574E+002  0.21963299E+003  0.43290786E+003
 -0.86061463E+000 -0.71418869E+000 -0.34392912E+000 -0.10738608E-001  0.25197581E-001  0.10682440E+001  0.81116285E+001  0.43459582E+002  0.79516979E+002  0.21963299E+003  0.43290787E+003
 -0.86061463E+000 -0.71418873E+000 -0.34392916E+000 -0.10738521E-001  0.25197582E-001  0.10682633E+001  0.81116615E+001  0.43459715E+002  0.79517387E+002  0.21963299E+003  0.43290788E+003
 -0.86061463E+000 -0.71418876E+000 -0.34392909E+000 -0.10738428E-001  0.25197584E-001  0.10682827E+001  0.81116952E+001  0.43459848E+002  0.79517799E+002  0.21963300E+003  0.43290789E+003
 -0.86061464E+000 -0.71418878E+000 -0.34392895E+000 -0.10738329E-001  0.25197585E-001  0.10683022E+001  0.81117296E+001  0.43459982E+002  0.79518213E+002  0.21963300E+003  0.43290789E+003
 -0.86061464E+000 -0.71418880E+000 -0.34392872E+000 -0.10738224E-001  0.25197587E-001  0.10683219E+001  0.81117647E+001  0.43460117E+002  0.79518629E+002  0.21963300E+003  0.43290790E+003
 -0.86061464E+000 -0.71418881E+000 -0.34392843E+000 -0.10738114E-001  0.25197589E-001  0.10683416E+001  0.81118003E+001  0.43460253E+002  0.79519048E+002  0.21963300E+003  0.43290791E+003
 -0.86061464E+000 -0.71418882E+000 -0.34392808E+000 -0.10738001E-001  0.25197590E-001  0.10683613E+001  0.81118365E+001  0.43460389E+002  0.79519470E+002  0.21963300E+003  0.43290792E+003
 -0.86061464E+000 -0.71418883E+000 -0.34392767E+000 -0.10737884E-001  0.25197591E-001  0.10683809E+001  0.81118733E+001  0.43460526E+002  0.79519893E+002  0.21963300E+003  0.43290792E+003
 -0.86061464E+000 -0.71418882E+000 -0.34392722E+000 -0.10737764E-001  0.25197593E-001  0.10684005E+001  0.81119106E+001  0.43460664E+002  0.79520318E+002  0.21963300E+003  0.43290793E+003
 -0.86061464E+000 -0.71418882E+000 -0.34392672E+000 -0.10737642E-001  0.25197594E-001  0.10684200E+001  0.81119483E+001  0.43460803E+002  0.79520744E+002  0.21963300E+003  0.43290794E+003
 -0.86061464E+000 -0.71418881E+000 -0.34392618E+000 -0.10737518E-001  0.25197596E-001  0.10684394E+001  0.81119864E+001  0.43460942E+002  0.79521172E+002  0.21963300E+003  0.43290795E+003
 -0.86061464E+000 -0.71418880E+000 -0.34392562E+000 -0.10737393E-001  0.25197597E-001  0.10684585E+001  0.81120250E+001  0.43461082E+002  0.79521601E+002  0.21963301E+003  0.43290796E+003
 -0.86061464E+000 -0.71418879E+000 -0.34392502E+000 -0.10737266E-001  0.25197599E-001  0.10684774E+001  0.81120639E+001  0.43461222E+002  0.79522030E+002  0.21963301E+003  0.43290797E+003
 -0.86061464E+000 -0.71418878E+000 -0.34392441E+000 -0.10737140E-001  0.25197600E-001  0.10684961E+001  0.81121031E+001  0.43461363E+002  0.79522461E+002  0.21963301E+003  0.43290797E+003
 -0.86061464E+000 -0.71418876E+000 -0.34392377E+000 -0.10737013E-001  0.25197602E-001  0.10685145E+001  0.81121427E+001  0.43461504E+002  0.79522892E+002  0.21963301E+003  0.43290798E+003
 -0.86061464E+000 -0.71418874E+000 -0.34392312E+000 -0.10736887E-001  0.25197603E-001  0.10685326E+001  0.81121825E+001  0.43461646E+002  0.79523324E+002  0.21963301E+003  0.43290799E+003
 -0.86061464E+000 -0.71418872E+000 -0.34392246E+000 -0.10736761E-001  0.25197604E-001  0.10685503E+001  0.81122225E+001  0.43461788E+002  0.79523755E+002  0.21963301E+003  0.43290800E+003
 -0.86061464E+000 -0.71418870E+000 -0.34392179E+000 -0.10736636E-001  0.25197606E-001  0.10685676E+001  0.81122627E+001  0.43461931E+002  0.79524187E+002  0.21963301E+003  0.43290801E+003
 -0.86061463E+000 -0.71418868E+000 -0.34392111E+000 -0.10736512E-001  0.25197607E-001  0.10685845E+001  0.81123030E+001  0.43462073E+002  0.79524619E+002  0.21963301E+003  0.43290802E+003
 -0.86061463E+000 -0.71418865E+000 -0.34392043E+000 -0.10736389E-001  0.25197608E-001  0.10686011E+001  0.81123435E+001  0.43462217E+002  0.79525050E+002  0.21963301E+003  0.43290803E+003
 -0.86061463E+000 -0.71418863E+000 -0.34391975E+000 -0.10736268E-001  0.25197610E-001  0.10686171E+001  0.81123840E+001  0.43462360E+002  0.79525481E+002  0.21963302E+003  0.43290804E+003
 -0.86061463E+000 -0.71418860E+000 -0.34391906E+000 -0.10736149E-001  0.25197611E-001  0.10686328E+001  0.81124245E+001  0.43462504E+002  0.79525912E+002  0.21963302E+003  0.43290805E+003
 -0.86061463E+000 -0.71418858E+000 -0.34391838E+000 -0.10736031E-001  0.25197612E-001  0.10686479E+001  0.81124650E+001  0.43462649E+002  0.79526342E+002  0.21963302E+003  0.43290805E+003
 -0.86061463E+000 -0.71418855E+000 -0.34391770E+000 -0.10735916E-001  0.25197613E-001  0.10686626E+001  0.81125055E+001  0.43462793E+002  0.79526771E+002  0.21963302E+003  0.43290806E+003
 -0.86061463E+000 -0.71418852E+000 -0.34391703E+000 -0.10735803E-001  0.25197614E-001  0.10686768E+001  0.81125458E+001  0.43462938E+002  0.79527199E+002  0.21963302E+003  0.43290807E+003
 -0.86061463E+000 -0.71418849E+000 -0.34391637E+000 -0.10735692E-001  0.25197616E-001  0.10686905E+001  0.81125860E+001  0.43463083E+002  0.79527626E+002  0.21963302E+003  0.43290808E+003
 -0.86061463E+000 -0.71418847E+000 -0.34391571E+000 -0.10735583E-001  0.25197617E-001  0.10687036E+001  0.81126259E+001  0.43463228E+002  0.79528052E+002  0.21963302E+003  0.43290809E+003
 -0.86061462E+000 -0.71418844E+000 -0.34391506E+000 -0.10735477E-001  0.25197618E-001  0.10687163E+001  0.81126656E+001  0.43463373E+002  0.79528477E+002  0.21963302E+003  0.43290810E+003
 -0.86061462E+000 -0.71418841E+000 -0.34391442E+000 -0.10735374E-001  0.25197619E-001  0.10687285E+001  0.81127050E+001  0.43463518E+002  0.79528901E+002  0.21963303E+003  0.43290811E+003
 -0.86061462E+000 -0.71418838E+000 -0.34391380E+000 -0.10735274E-001  0.25197620E-001  0.10687402E+001  0.81127440E+001  0.43463663E+002  0.79529322E+002  0.21963303E+003  0.43290812E+003
 -0.86061462E+000 -0.71418835E+000 -0.34391318E+000 -0.10735176E-001  0.25197621E-001  0.10687514E+001  0.81127826E+001  0.43463808E+002  0.79529743E+002  0.21963303E+003  0.43290813E+003
 -0.86061462E+000 -0.71418833E+000 -0.34391258E+000 -0.10735081E-001  0.25197622E-001  0.10687621E+001  0.81128207E+001  0.43463953E+002  0.79530162E+002  0.21963303E+003  0.43290814E+003
 -0.86061462E+000 -0.71418830E+000 -0.34391200E+000 -0.10734989E-001  0.25197623E-001  0.10687724E+001  0.81128583E+001  0.43464098E+002  0.79530579E+002  0.21963303E+003  0.43290815E+003
 -0.86061462E+000 -0.71418827E+000 -0.34391143E+000 -0.10734900E-001  0.25197623E-001  0.10687821E+001  0.81128954E+001  0.43464243E+002  0.79530994E+002  0.21963303E+003  0.43290816E+003
 -0.86061461E+000 -0.71418825E+000 -0.34391088E+000 -0.10734814E-001  0.25197624E-001  0.10687915E+001  0.81129319E+001  0.43464387E+002  0.79531407E+002  0.21963303E+003  0.43290817E+003
 -0.86061461E+000 -0.71418822E+000 -0.34391034E+000 -0.10734731E-001  0.25197625E-001  0.10688003E+001  0.81129677E+001  0.43464532E+002  0.79531818E+002  0.21963303E+003  0.43290818E+003
 -0.86061461E+000 -0.71418820E+000 -0.34390983E+000 -0.10734651E-001  0.25197626E-001  0.10688087E+001  0.81130029E+001  0.43464675E+002  0.79532227E+002  0.21963303E+003  0.43290819E+003
 -0.86061461E+000 -0.71418817E+000 -0.34390933E+000 -0.10734574E-001  0.25197626E-001  0.10688167E+001  0.81130373E+001  0.43464818E+002  0.79532634E+002  0.21963304E+003  0.43290820E+003
 -0.86061461E+000 -0.71418815E+000 -0.34390885E+000 -0.10734500E-001  0.25197627E-001  0.10688243E+001  0.81130710E+001  0.43464961E+002  0.79533039E+002  0.21963304E+003  0.43290821E+003
 -0.86061461E+000 -0.71418813E+000 -0.34390839E+000 -0.10734430E-001  0.25197627E-001  0.10688315E+001  0.81131039E+001  0.43465102E+002  0.79533441E+002  0.21963304E+003  0.43290822E+003
 -0.86061461E+000 -0.71418810E+000 -0.34390796E+000 -0.10734363E-001  0.25197628E-001  0.10688383E+001  0.81131360E+001  0.43465243E+002  0.79533841E+002  0.21963304E+003  0.43290823E+003
 -0.86061461E+000 -0.71418808E+000 -0.34390754E+000 -0.10734299E-001  0.25197628E-001  0.10688447E+001  0.81131673E+001  0.43465384E+002  0.79534238E+002  0.21963304E+003  0.43290824E+003
 -0.86061460E+000 -0.71418806E+000 -0.34390715E+000 -0.10734238E-001  0.25197628E-001  0.10688508E+001  0.81131976E+001  0.43465523E+002  0.79534632E+002  0.21963304E+003  0.43290825E+003
 -0.86061460E+000 -0.71418805E+000 -0.34390678E+000 -0.10734181E-001  0.25197629E-001  0.10688565E+001  0.81132271E+001  0.43465661E+002  0.79535023E+002  0.21963304E+003  0.43290826E+003
 -0.86061460E+000 -0.71418803E+000 -0.34390643E+000 -0.10734126E-001  0.25197629E-001  0.10688619E+001  0.81132557E+001  0.43465798E+002  0.79535412E+002  0.21963304E+003  0.43290827E+003
 -0.86061460E+000 -0.71418801E+000 -0.34390610E+000 -0.10734075E-001  0.25197629E-001  0.10688669E+001  0.81132834E+001  0.43465933E+002  0.79535798E+002  0.21963304E+003  0.43290827E+003
 -0.86061460E+000 -0.71418800E+000 -0.34390580E+000 -0.10734028E-001  0.25197629E-001  0.10688717E+001  0.81133101E+001  0.43466067E+002  0.79536180E+002  0.21963305E+003  0.43290828E+003
 -0.86061460E+000 -0.71418799E+000 -0.34390552E+000 -0.10733983E-001  0.25197629E-001  0.10688761E+001  0.81133359E+001  0.43466200E+002  0.79536559E+002  0.21963305E+003  0.43290829E+003
 -0.86061460E+000 -0.71418797E+000 -0.34390526E+000 -0.10733942E-001  0.25197629E-001  0.10688803E+001  0.81133607E+001  0.43466331E+002  0.79536935E+002  0.21963305E+003  0.43290830E+003
 -0.86061460E+000 -0.71418796E+000 -0.34390503E+000 -0.10733904E-001  0.25197628E-001  0.10688841E+001  0.81133846E+001  0.43466460E+002  0.79537307E+002  0.21963305E+003  0.43290831E+003
 -0.86061460E+000 -0.71418795E+000 -0.34390482E+000 -0.10733869E-001  0.25197628E-001  0.10688877E+001  0.81134075E+001  0.43466588E+002  0.79537676E+002  0.21963305E+003  0.43290832E+003
 -0.86061460E+000 -0.71418795E+000 -0.34390463E+000 -0.10733838E-001  0.25197627E-001  0.10688910E+001  0.81134295E+001  0.43466713E+002  0.79538041E+002  0.21963305E+003  0.43290833E+003
 -0.86061460E+000 -0.71418794E+000 -0.34390447E+000 -0.10733810E-001  0.25197627E-001  0.10688940E+001  0.81134505E+001  0.43466837E+002  0.79538402E+002  0.21963305E+003  0.43290834E+003
 -0.86061460E+000 -0.71418794E+000 -0.34390434E+000 -0.10733785E-001  0.25197626E-001  0.10688968E+001  0.81134706E+001  0.43466958E+002  0.79538759E+002  0.21963305E+003  0.43290835E+003
 -0.86061460E+000 -0.71418793E+000 -0.34390422E+000 -0.10733764E-001  0.25197625E-001  0.10688994E+001  0.81134898E+001  0.43467077E+002  0.79539112E+002  0.21963305E+003  0.43290836E+003
 -0.86061460E+000 -0.71418793E+000 -0.34390414E+000 -0.10733746E-001  0.25197624E-001  0.10689017E+001  0.81135081E+001  0.43467194E+002  0.79539461E+002  0.21963305E+003  0.43290837E+003
 -0.86061460E+000 -0.71418793E+000 -0.34390408E+000 -0.10733731E-001  0.25197623E-001  0.10689037E+001  0.81135254E+001  0.43467308E+002  0.79539805E+002  0.21963306E+003  0.43290837E+003
 -0.86061460E+000 -0.71418794E+000 -0.34390404E+000 -0.10733720E-001  0.25197621E-001  0.10689055E+001  0.81135418E+001  0.43467420E+002  0.79540144E+002  0.21963306E+003  0.43290838E+003
 -0.86061460E+000 -0.71418794E+000 -0.34390404E+000 -0.10733712E-001  0.25197620E-001  0.10689071E+001  0.81135573E+001  0.43467529E+002  0.79540479E+002  0.21963306E+003  0.43290839E+003
 -0.86061460E+000 -0.71418794E+000 -0.34390406E+000 -0.10733708E-001  0.25197618E-001  0.10689084E+001  0.81135720E+001  0.43467636E+002  0.79540809E+002  0.21963306E+003  0.43290840E+003
 -0.86061460E+000 -0.71418795E+000 -0.34390410E+000 -0.10733708E-001  0.25197616E-001  0.10689095E+001  0.81135857E+001  0.43467739E+002  0.79541133E+002  0.21963306E+003  0.43290841E+003
 -0.86061460E+000 -0.71418796E+000 -0.34390418E+000 -0.10733711E-001  0.25197614E-001  0.10689103E+001  0.81135986E+001  0.43467840E+002  0.79541453E+002  0.21963306E+003  0.43290842E+003
 -0.86061460E+000 -0.71418797E+000 -0.34390428E+000 -0.10733718E-001  0.25197611E-001  0.10689109E+001  0.81136106E+001  0.43467938E+002  0.79541767E+002  0.21963306E+003  0.43290842E+003
 -0.86061460E+000 -0.71418799E+000 -0.34390441E+000 -0.10733729E-001  0.25197608E-001  0.10689112E+001  0.81136218E+001  0.43468033E+002  0.79542075E+002  0.21963306E+003  0.43290843E+003
 -0.86061460E+000 -0.71418800E+000 -0.34390458E+000 -0.10733745E-001  0.25197605E-001  0.10689112E+001  0.81136322E+001  0.43468125E+002  0.79542378E+002  0.21963306E+003  0.43290844E+003
 -0.86061460E+000 -0.71418802E+000 -0.34390477E+000 -0.10733765E-001  0.25197602E-001  0.10689110E+001  0.81136417E+001  0.43468214E+002  0.79542675E+002  0.21963306E+003  0.43290845E+003
 -0.86061461E+000 -0.71418804E+000 -0.34390500E+000 -0.10733789E-001  0.25197598E-001  0.10689104E+001  0.81136503E+001  0.43468300E+002  0.79542965E+002  0.21963307E+003  0.43290846E+003
 -0.86061461E+000 -0.71418806E+000 -0.34390526E+000 -0.10733818E-001  0.25197594E-001  0.10689096E+001  0.81136581E+001  0.43468382E+002  0.79543250E+002  0.21963307E+003  0.43290846E+003
 -0.86061461E+000 -0.71418809E+000 -0.34390556E+000 -0.10733852E-001  0.25197590E-001  0.10689084E+001  0.81136651E+001  0.43468462E+002  0.79543527E+002  0.21963307E+003  0.43290847E+003
 -0.86061461E+000 -0.71418812E+000 -0.34390590E+000 -0.10733892E-001  0.25197585E-001  0.10689069E+001  0.81136712E+001  0.43468537E+002  0.79543798E+002  0.21963307E+003  0.43290848E+003
 -0.86061461E+000 -0.71418815E+000 -0.34390628E+000 -0.10733937E-001  0.25197580E-001  0.10689050E+001  0.81136764E+001  0.43468610E+002  0.79544062E+002  0.21963307E+003  0.43290849E+003
 -0.86061462E+000 -0.71418818E+000 -0.34390670E+000 -0.10733989E-001  0.25197575E-001  0.10689027E+001  0.81136807E+001  0.43468678E+002  0.79544319E+002  0.21963307E+003  0.43290849E+003
 -0.86061462E+000 -0.71418822E+000 -0.34390716E+000 -0.10734046E-001  0.25197568E-001  0.10688999E+001  0.81136840E+001  0.43468744E+002  0.79544569E+002  0.21963307E+003  0.43290850E+003
 -0.86061462E+000 -0.71418826E+000 -0.34390768E+000 -0.10734111E-001  0.25197562E-001  0.10688967E+001  0.81136864E+001  0.43468805E+002  0.79544811E+002  0.21963307E+003  0.43290851E+003
 -0.86061462E+000 -0.71418830E+000 -0.34390824E+000 -0.10734183E-001  0.25197555E-001  0.10688930E+001  0.81136878E+001  0.43468863E+002  0.79545044E+002  0.21963307E+003  0.43290851E+003
 -0.86061463E+000 -0.71418835E+000 -0.34390885E+000 -0.10734263E-001  0.25197547E-001  0.10688887E+001  0.81136881E+001  0.43468916E+002  0.79545270E+002  0.21963307E+003  0.43290852E+003
 -0.86061463E+000 -0.71418840E+000 -0.34390953E+000 -0.10734352E-001  0.25197539E-001  0.10688839E+001  0.81136873E+001  0.43468966E+002  0.79545486E+002  0.21963307E+003  0.43290853E+003
 -0.86061463E+000 -0.71418846E+000 -0.34391026E+000 -0.10734449E-001  0.25197530E-001  0.10688783E+001  0.81136853E+001  0.43469011E+002  0.79545694E+002  0.21963307E+003  0.43290853E+003
 -0.86061464E+000 -0.71418852E+000 -0.34391105E+000 -0.10734556E-001  0.25197520E-001  0.10688721E+001  0.81136820E+001  0.43469052E+002  0.79545892E+002  0.21963307E+003  0.43290854E+003
 -0.86061464E+000 -0.71418858E+000 -0.34391191E+000 -0.10734674E-001  0.25197510E-001  0.10688652E+001  0.81136773E+001  0.43469088E+002  0.79546080E+002  0.21963307E+003  0.43290855E+003
 -0.86061465E+000 -0.71418865E+000 -0.34391285E+000 -0.10734803E-001  0.25197499E-001  0.10688574E+001  0.81136712E+001  0.43469119E+002  0.79546257E+002  0.21963308E+003  0.43290855E+003
 -0.86061465E+000 -0.71418873E+000 -0.34391385E+000 -0.10734943E-001  0.25197487E-001  0.10688487E+001  0.81136633E+001  0.43469144E+002  0.79546424E+002  0.21963308E+003  0.43290856E+003
 -0.86061466E+000 -0.71418881E+000 -0.34391494E+000 -0.10735096E-001  0.25197475E-001  0.10688391E+001  0.81136538E+001  0.43469164E+002  0.79546578E+002  0.21963308E+003  0.43290857E+003
 -0.86061466E+000 -0.71418889E+000 -0.34391612E+000 -0.10735263E-001  0.25197461E-001  0.10688284E+001  0.81136422E+001  0.43469177E+002  0.79546719E+002  0.21963308E+003  0.43290857E+003
 -0.86061467E+000 -0.71418898E+000 -0.34391738E+000 -0.10735444E-001  0.25197447E-001  0.10688165E+001  0.81136286E+001  0.43469184E+002  0.79546846E+002  0.21963308E+003  0.43290858E+003
 -0.86061468E+000 -0.71418908E+000 -0.34391874E+000 -0.10735641E-001  0.25197432E-001  0.10688034E+001  0.81136125E+001  0.43469184E+002  0.79546958E+002  0.21963308E+003  0.43290858E+003
 -0.86061468E+000 -0.71418918E+000 -0.34392020E+000 -0.10735854E-001  0.25197416E-001  0.10687890E+001  0.81135939E+001  0.43469175E+002  0.79547054E+002  0.21963308E+003  0.43290859E+003
 -0.86061469E+000 -0.71418929E+000 -0.34392178E+000 -0.10736085E-001  0.25197400E-001  0.10687732E+001  0.81135725E+001  0.43469157E+002  0.79547132E+002  0.21963308E+003  0.43290859E+003
 -0.86061470E+000 -0.71418941E+000 -0.34392347E+000 -0.10736335E-001  0.25197382E-001  0.10687558E+001  0.81135478E+001  0.43469130E+002  0.79547190E+002  0.21963308E+003  0.43290860E+003
 -0.86061470E+000 -0.71418953E+000 -0.34392530E+000 -0.10736607E-001  0.25197363E-001  0.10687367E+001  0.81135197E+001  0.43469091E+002  0.79547226E+002  0.21963308E+003  0.43290860E+003
 -0.86061471E+000 -0.71418966E+000 -0.34392727E+000 -0.10736900E-001  0.25197344E-001  0.10687158E+001  0.81134876E+001  0.43469041E+002  0.79547238E+002  0.21963308E+003  0.43290861E+003
 -0.86061472E+000 -0.71418981E+000 -0.34392939E+000 -0.10737218E-001  0.25197324E-001  0.10686930E+001  0.81134512E+001  0.43468977E+002  0.79547223E+002  0.21963308E+003  0.43290861E+003
 -0.86061473E+000 -0.71418996E+000 -0.34393166E+000 -0.10737561E-001  0.25197302E-001  0.10686680E+001  0.81134100E+001  0.43468898E+002  0.79547178E+002  0.21963308E+003  0.43290862E+003
 -0.86061474E+000 -0.71419011E+000 -0.34393411E+000 -0.10737930E-001  0.25197280E-001  0.10686408E+001  0.81133634E+001  0.43468802E+002  0.79547100E+002  0.21963308E+003  0.43290862E+003
 -0.86061475E+000 -0.71419028E+000 -0.34393674E+000 -0.10738323E-001  0.25197257E-001  0.10686112E+001  0.81133106E+001  0.43468687E+002  0.79546983E+002  0.21963308E+003  0.43290863E+003
 -0.86061476E+000 -0.71419046E+000 -0.34393963E+000 -0.10738747E-001  0.25197233E-001  0.10685787E+001  0.81132509E+001  0.43468550E+002  0.79546824E+002  0.21963308E+003  0.43290863E+003
 -0.86061478E+000 -0.71419067E+000 -0.34394299E+000 -0.10739217E-001  0.25197207E-001  0.10685428E+001  0.81131833E+001  0.43468389E+002  0.79546616E+002  0.21963308E+003  0.43290863E+003
 -0.86061479E+000 -0.71419093E+000 -0.34394726E+000 -0.10739783E-001  0.25197181E-001  0.10685022E+001  0.81131059E+001  0.43468201E+002  0.79546353E+002  0.21963308E+003  0.43290864E+003
 -0.86061481E+000 -0.71419127E+000 -0.34395309E+000 -0.10740536E-001  0.25197152E-001  0.10684556E+001  0.81130175E+001  0.43467982E+002  0.79546028E+002  0.21963308E+003  0.43290864E+003
 -0.86061484E+000 -0.71419174E+000 -0.34396137E+000 -0.10741630E-001  0.25197120E-001  0.10683997E+001  0.81129149E+001  0.43467726E+002  0.79545627E+002  0.21963308E+003  0.43290864E+003
 -0.86061486E+000 -0.71419229E+000 -0.34397155E+000 -0.10742965E-001  0.25197087E-001  0.10683347E+001  0.81127988E+001  0.43467433E+002  0.79545153E+002  0.21963308E+003  0.43290864E+003
 -0.86061489E+000 -0.71419294E+000 -0.34398550E+000 -0.10744538E-001  0.25197049E-001  0.10682476E+001  0.81126603E+001  0.43467087E+002  0.79544575E+002  0.21963308E+003  0.43290865E+003
 -0.86061494E+000 -0.71419411E+000 -0.34400797E+000 -0.10747113E-001  0.25197006E-001  0.10681441E+001  0.81125060E+001  0.43466703E+002  0.79543913E+002  0.21963308E+003  0.43290865E+003
