 -0.93401742E+000 -0.83813383E+000 -0.56492699E+000 -0.20764928E+000 -0.57295680E-002  0.84681032E-003  0.95404910E+000  0.45945677E+001  0.89465163E+001  0.16278867E+002  0.22291896E+002
 -0.93346056E+000 -0.83740876E+000 -0.56378266E+000 -0.20628352E+000 -0.56043240E-002  0.89684683E-003  0.95514906E+000  0.45958444E+001  0.89478969E+001  0.16280246E+002  0.22293044E+002
 -0.93302977E+000 -0.83683413E+000 -0.56286004E+000 -0.20521624E+000 -0.55770942E-002  0.90753113E-003  0.95601658E+000  0.45968878E+001  0.89490310E+001  0.16281373E+002  0.22293979E+002
 -0.93269875E+000 -0.83638198E+000 -0.56211817E+000 -0.20438146E+000 -0.55745597E-002  0.90813552E-003  0.95670208E+000  0.45977437E+001  0.89499690E+001  0.16282300E+002  0.22294747E+002
 -0.93244815E+000 -0.83603092E+000 -0.56152603E+000 -0.20373398E+000 -0.55794136E-002  0.90554294E-003  0.95724210E+000  0.45984440E+001  0.89507462E+001  0.16283063E+002  0.22295378E+002
 -0.93226144E+000 -0.83576377E+000 -0.56105865E+000 -0.20323809E+000 -0.55865071E-002  0.90202800E-003  0.95766455E+000  0.45990134E+001  0.89513900E+001  0.16283691E+002  0.22295897E+002
 -0.93212651E+000 -0.83556555E+000 -0.56069472E+000 -0.20286686E+000 -0.55944157E-002  0.89833082E-003  0.95799094E+000  0.45994720E+001  0.89519213E+001  0.16284205E+002  0.22296323E+002
 -0.93203305E+000 -0.83542317E+000 -0.56041661E+000 -0.20259854E+000 -0.56025149E-002  0.89474304E-003  0.95823832E+000  0.45998372E+001  0.89523575E+001  0.16284624E+002  0.22296672E+002
 -0.93197232E+000 -0.83532644E+000 -0.56021035E+000 -0.20241530E+000 -0.56105185E-002  0.89135472E-003  0.95842042E+000  0.46001236E+001  0.89527124E+001  0.16284964E+002  0.22296955E+002
 -0.93193743E+000 -0.83526639E+000 -0.56006384E+000 -0.20230243E+000 -0.56183326E-002  0.88818255E-003  0.95854845E+000  0.46003436E+001  0.89529977E+001  0.16285236E+002  0.22297182E+002
 -0.93192278E+000 -0.83523560E+000 -0.55996702E+000 -0.20224762E+000 -0.56258948E-002  0.88522133E-003  0.95863166E+000  0.46005077E+001  0.89532232E+001  0.16285450E+002  0.22297363E+002
 -0.93192369E+000 -0.83522807E+000 -0.55991152E+000 -0.20224065E+000 -0.56331902E-002  0.88245082E-003  0.95867766E+000  0.46006247E+001  0.89533973E+001  0.16285616E+002  0.22297503E+002
 -0.93193653E+000 -0.83523898E+000 -0.55989034E+000 -0.20227295E+000 -0.56402582E-002  0.87985423E-003  0.95869278E+000  0.46007022E+001  0.89535270E+001  0.16285741E+002  0.22297610E+002
 -0.93195859E+000 -0.83526422E+000 -0.55989764E+000 -0.20233732E+000 -0.56471143E-002  0.87740972E-003  0.95868228E+000  0.46007465E+001  0.89536185E+001  0.16285830E+002  0.22297688E+002
 -0.93198768E+000 -0.83530053E+000 -0.55992850E+000 -0.20242775E+000 -0.56534689E-002  0.87517681E-003  0.95865058E+000  0.46007626E+001  0.89536771E+001  0.16285889E+002  0.22297742E+002
 -0.93202208E+000 -0.83534526E+000 -0.55997874E+000 -0.20253916E+000 -0.56593085E-002  0.87314116E-003  0.95860135E+000  0.46007551E+001  0.89537074E+001  0.16285921E+002  0.22297774E+002
 -0.93206051E+000 -0.83539625E+000 -0.56004488E+000 -0.20266727E+000 -0.56647366E-002  0.87126732E-003  0.95853768E+000  0.46007275E+001  0.89537134E+001  0.16285931E+002  0.22297787E+002
 -0.93210188E+000 -0.83545187E+000 -0.56012400E+000 -0.20280846E+000 -0.56699519E-002  0.86950089E-003  0.95846216E+000  0.46006828E+001  0.89536983E+001  0.16285921E+002  0.22297785E+002
 -0.93214537E+000 -0.83551080E+000 -0.56021363E+000 -0.20295979E+000 -0.56748785E-002  0.86784194E-003  0.95837696E+000  0.46006237E+001  0.89536652E+001  0.16285894E+002  0.22297768E+002
 -0.93219032E+000 -0.83557199E+000 -0.56031172E+000 -0.20311874E+000 -0.56794829E-002  0.86629318E-003  0.95828390E+000  0.46005521E+001  0.89536164E+001  0.16285851E+002  0.22297740E+002
 -0.93223623E+000 -0.83563467E+000 -0.56041651E+000 -0.20328318E+000 -0.56837593E-002  0.86485057E-003  0.95818453E+000  0.46004698E+001  0.89535541E+001  0.16285796E+002  0.22297700E+002
 -0.93228271E+000 -0.83569823E+000 -0.56052655E+000 -0.20345133E+000 -0.56877062E-002  0.86351116E-003  0.95808016E+000  0.46003784E+001  0.89534802E+001  0.16285728E+002  0.22297651E+002
 -0.93232942E+000 -0.83576221E+000 -0.56064062E+000 -0.20362166E+000 -0.56913290E-002  0.86227172E-003  0.95797188E+000  0.46002792E+001  0.89533960E+001  0.16285650E+002  0.22297593E+002
 -0.93237619E+000 -0.83582624E+000 -0.56075770E+000 -0.20379288E+000 -0.56946391E-002  0.86112808E-003  0.95786062E+000  0.46001732E+001  0.89533029E+001  0.16285562E+002  0.22297527E+002
 -0.93242288E+000 -0.83589012E+000 -0.56087692E+000 -0.20396388E+000 -0.56976531E-002  0.86007518E-003  0.95774718E+000  0.46000616E+001  0.89532019E+001  0.16285465E+002  0.22297453E+002
 -0.93246935E+000 -0.83595366E+000 -0.56099758E+000 -0.20413371E+000 -0.57003901E-002  0.85910739E-003  0.95763223E+000  0.45999451E+001  0.89530940E+001  0.16285361E+002  0.22297373E+002
 -0.93251553E+000 -0.83601675E+000 -0.56111909E+000 -0.20430154E+000 -0.57028707E-002  0.85821876E-003  0.95751634E+000  0.45998245E+001  0.89529799E+001  0.16285249E+002  0.22297286E+002
 -0.93256134E+000 -0.83607930E+000 -0.56124095E+000 -0.20446668E+000 -0.57051160E-002  0.85740324E-003  0.95739999E+000  0.45997004E+001  0.89528602E+001  0.16285131E+002  0.22297194E+002
 -0.93260675E+000 -0.83614128E+000 -0.56136274E+000 -0.20462852E+000 -0.57071469E-002  0.85665482E-003  0.95728360E+000  0.45995735E+001  0.89527354E+001  0.16285006E+002  0.22297095E+002
 -0.93265171E+000 -0.83620267E+000 -0.56148414E+000 -0.20478655E+000 -0.57089834E-002  0.85596772E-003  0.95716754E+000  0.45994442E+001  0.89526059E+001  0.16284876E+002  0.22296991E+002
 -0.93269621E+000 -0.83626347E+000 -0.56160486E+000 -0.20494032E+000 -0.57106445E-002  0.85533639E-003  0.95705210E+000  0.45993129E+001  0.89524722E+001  0.16284740E+002  0.22296882E+002
 -0.93274024E+000 -0.83632371E+000 -0.56172468E+000 -0.20508948E+000 -0.57121480E-002  0.85475563E-003  0.95693756E+000  0.45991801E+001  0.89523344E+001  0.16284599E+002  0.22296767E+002
 -0.93278380E+000 -0.83638339E+000 -0.56184342E+000 -0.20523372E+000 -0.57135099E-002  0.85422066E-003  0.95682413E+000  0.45990461E+001  0.89521929E+001  0.16284454E+002  0.22296647E+002
 -0.93282688E+000 -0.83644256E+000 -0.56196090E+000 -0.20537280E+000 -0.57147453E-002  0.85372697E-003  0.95671202E+000  0.45989111E+001  0.89520477E+001  0.16284304E+002  0.22296522E+002
 -0.93286948E+000 -0.83650124E+000 -0.56207702E+000 -0.20550655E+000 -0.57158678E-002  0.85327046E-003  0.95660140E+000  0.45987755E+001  0.89518993E+001  0.16284150E+002  0.22296391E+002
 -0.93291161E+000 -0.83655947E+000 -0.56219167E+000 -0.20563483E+000 -0.57168896E-002  0.85284741E-003  0.95649241E+000  0.45986395E+001  0.89517476E+001  0.16283993E+002  0.22296255E+002
 -0.93295328E+000 -0.83661726E+000 -0.56230475E+000 -0.20575759E+000 -0.57178218E-002  0.85245450E-003  0.95638519E+000  0.45985033E+001  0.89515929E+001  0.16283831E+002  0.22296115E+002
 -0.93299448E+000 -0.83667463E+000 -0.56241619E+000 -0.20587479E+000 -0.57186739E-002  0.85208874E-003  0.95627984E+000  0.45983671E+001  0.89514354E+001  0.16283667E+002  0.22295969E+002
 -0.93303521E+000 -0.83673159E+000 -0.56252592E+000 -0.20598645E+000 -0.57194547E-002  0.85174750E-003  0.95617648E+000  0.45982309E+001  0.89512752E+001  0.16283500E+002  0.22295818E+002
 -0.93307548E+000 -0.83678815E+000 -0.56263386E+000 -0.20609263E+000 -0.57201720E-002  0.85142842E-003  0.95607519E+000  0.45980951E+001  0.89511125E+001  0.16283329E+002  0.22295662E+002
 -0.93311529E+000 -0.83684430E+000 -0.56273995E+000 -0.20619341E+000 -0.57208323E-002  0.85112945E-003  0.95597605E+000  0.45979597E+001  0.89509477E+001  0.16283157E+002  0.22295502E+002
 -0.93315461E+000 -0.83690000E+000 -0.56284411E+000 -0.20628892E+000 -0.57214419E-002  0.85084878E-003  0.95587913E+000  0.45978248E+001  0.89507808E+001  0.16282981E+002  0.22295337E+002
 -0.93319343E+000 -0.83695523E+000 -0.56294628E+000 -0.20637931E+000 -0.57220058E-002  0.85058484E-003  0.95578451E+000  0.45976905E+001  0.89506122E+001  0.16282804E+002  0.22295167E+002
 -0.93323174E+000 -0.83700994E+000 -0.56304637E+000 -0.20646474E+000 -0.57225288E-002  0.85033627E-003  0.95569224E+000  0.45975571E+001  0.89504422E+001  0.16282624E+002  0.22294994E+002
 -0.93326952E+000 -0.83706407E+000 -0.56314430E+000 -0.20654539E+000 -0.57230149E-002  0.85010188E-003  0.95560238E+000  0.45974245E+001  0.89502711E+001  0.16282443E+002  0.22294817E+002
 -0.93330672E+000 -0.83711754E+000 -0.56323998E+000 -0.20662144E+000 -0.57234676E-002  0.84988064E-003  0.95551498E+000  0.45972929E+001  0.89500991E+001  0.16282260E+002  0.22294637E+002
 -0.93334332E+000 -0.83717029E+000 -0.56333332E+000 -0.20669311E+000 -0.57238901E-002  0.84967169E-003  0.95543009E+000  0.45971625E+001  0.89499267E+001  0.16282076E+002  0.22294454E+002
 -0.93337927E+000 -0.83722222E+000 -0.56342422E+000 -0.20676058E+000 -0.57242851E-002  0.84947426E-003  0.95534774E+000  0.45970333E+001  0.89497541E+001  0.16281890E+002  0.22294269E+002
 -0.93341453E+000 -0.83727323E+000 -0.56351260E+000 -0.20682405E+000 -0.57246548E-002  0.84928768E-003  0.95526797E+000  0.45969056E+001  0.89495817E+001  0.16281703E+002  0.22294082E+002
 -0.93344904E+000 -0.83732321E+000 -0.56359835E+000 -0.20688372E+000 -0.57250014E-002  0.84911140E-003  0.95519080E+000  0.45967793E+001  0.89494098E+001  0.16281516E+002  0.22293894E+002
 -0.93348276E+000 -0.83737207E+000 -0.56368137E+000 -0.20693977E+000 -0.57253267E-002  0.84894489E-003  0.95511628E+000  0.45966546E+001  0.89492387E+001  0.16281327E+002  0.22293705E+002
 -0.93351562E+000 -0.83741970E+000 -0.56376158E+000 -0.20699237E+000 -0.57256321E-002  0.84878771E-003  0.95504440E+000  0.45965317E+001  0.89490687E+001  0.16281138E+002  0.22293515E+002
 -0.93354758E+000 -0.83746598E+000 -0.56383889E+000 -0.20704171E+000 -0.57259190E-002  0.84863944E-003  0.95497518E+000  0.45964107E+001  0.89489001E+001  0.16280950E+002  0.22293327E+002
 -0.93357856E+000 -0.83751082E+000 -0.56391323E+000 -0.20708795E+000 -0.57261886E-002  0.84849973E-003  0.95490863E+000  0.45962918E+001  0.89487331E+001  0.16280761E+002  0.22293139E+002
 -0.93360852E+000 -0.83755412E+000 -0.56398452E+000 -0.20713124E+000 -0.57264419E-002  0.84836819E-003  0.95484475E+000  0.45961750E+001  0.89485681E+001  0.16280572E+002  0.22292952E+002
 -0.93363741E+000 -0.83759578E+000 -0.56405271E+000 -0.20717173E+000 -0.57266799E-002  0.84824451E-003  0.95478353E+000  0.45960605E+001  0.89484053E+001  0.16280385E+002  0.22292768E+002
 -0.93366517E+000 -0.83763573E+000 -0.56411776E+000 -0.20720956E+000 -0.57269032E-002  0.84812838E-003  0.95472495E+000  0.45959483E+001  0.89482448E+001  0.16280199E+002  0.22292586E+002
 -0.93369176E+000 -0.83767391E+000 -0.56417962E+000 -0.20724487E+000 -0.57271126E-002  0.84801948E-003  0.95466898E+000  0.45958387E+001  0.89480869E+001  0.16280014E+002  0.22292406E+002
 -0.93371714E+000 -0.83771024E+000 -0.56423829E+000 -0.20727778E+000 -0.57273087E-002  0.84791754E-003  0.95461561E+000  0.45957318E+001  0.89479319E+001  0.16279832E+002  0.22292230E+002
 -0.93374129E+000 -0.83774470E+000 -0.56429376E+000 -0.20730842E+000 -0.57274922E-002  0.84782224E-003  0.95456479E+000  0.45956276E+001  0.89477799E+001  0.16279652E+002  0.22292058E+002
 -0.93376418E+000 -0.83777725E+000 -0.56434605E+000 -0.20733691E+000 -0.57276635E-002  0.84773333E-003  0.95451647E+000  0.45955262E+001  0.89476311E+001  0.16279475E+002  0.22291890E+002
 -0.93378580E+000 -0.83780788E+000 -0.56439517E+000 -0.20736334E+000 -0.57278232E-002  0.84765050E-003  0.95447062E+000  0.45954277E+001  0.89474857E+001  0.16279301E+002  0.22291726E+002
 -0.93380613E+000 -0.83783660E+000 -0.56444118E+000 -0.20738784E+000 -0.57279718E-002  0.84757350E-003  0.95442718E+000  0.45953323E+001  0.89473440E+001  0.16279131E+002  0.22291567E+002
 -0.93382519E+000 -0.83786342E+000 -0.56448412E+000 -0.20741051E+000 -0.57281097E-002  0.84750205E-003  0.95438607E+000  0.45952400E+001  0.89472061E+001  0.16278965E+002  0.22291414E+002
 -0.93384298E+000 -0.83788836E+000 -0.56452408E+000 -0.20743144E+000 -0.57282374E-002  0.84743587E-003  0.95434724E+000  0.45951508E+001  0.89470722E+001  0.16278804E+002  0.22291265E+002
 -0.93385952E+000 -0.83791148E+000 -0.56456114E+000 -0.20745074E+000 -0.57283554E-002  0.84737469E-003  0.95431062E+000  0.45950648E+001  0.89469424E+001  0.16278648E+002  0.22291122E+002
 -0.93387485E+000 -0.83793282E+000 -0.56459539E+000 -0.20746849E+000 -0.57284642E-002  0.84731824E-003  0.95427612E+000  0.45949821E+001  0.89468170E+001  0.16278497E+002  0.22290985E+002
 -0.93388899E+000 -0.83795245E+000 -0.56462695E+000 -0.20748480E+000 -0.57285643E-002  0.84726625E-003  0.95424367E+000  0.45949028E+001  0.89466960E+001  0.16278352E+002  0.22290854E+002
 -0.93390199E+000 -0.83797044E+000 -0.56465593E+000 -0.20749974E+000 -0.57286562E-002  0.84721845E-003  0.95421318E+000  0.45948267E+001  0.89465797E+001  0.16278212E+002  0.22290729E+002
 -0.93391390E+000 -0.83798687E+000 -0.56468245E+000 -0.20751342E+000 -0.57287402E-002  0.84717458E-003  0.95418456E+000  0.45947540E+001  0.89464680E+001  0.16278079E+002  0.22290611E+002
 -0.93392476E+000 -0.83800183E+000 -0.56470666E+000 -0.20752591E+000 -0.57288170E-002  0.84713437E-003  0.95415774E+000  0.45946846E+001  0.89463611E+001  0.16277952E+002  0.22290498E+002
 -0.93393464E+000 -0.83801540E+000 -0.56472868E+000 -0.20753730E+000 -0.57288871E-002  0.84709757E-003  0.95413263E+000  0.45946186E+001  0.89462591E+001  0.16277831E+002  0.22290391E+002
 -0.93394358E+000 -0.83802767E+000 -0.56474866E+000 -0.20754767E+000 -0.57289508E-002  0.84706392E-003  0.95410913E+000  0.45945559E+001  0.89461620E+001  0.16277717E+002  0.22290291E+002
 -0.93395166E+000 -0.83803874E+000 -0.56476673E+000 -0.20755710E+000 -0.57290087E-002  0.84703317E-003  0.95408716E+000  0.45944965E+001  0.89460698E+001  0.16277609E+002  0.22290197E+002
 -0.93395893E+000 -0.83804870E+000 -0.56478304E+000 -0.20756565E+000 -0.57290613E-002  0.84700512E-003  0.95406664E+000  0.45944403E+001  0.89459824E+001  0.16277508E+002  0.22290108E+002
 -0.93396546E+000 -0.83805764E+000 -0.56479773E+000 -0.20757341E+000 -0.57291089E-002  0.84697951E-003  0.95404749E+000  0.45943874E+001  0.89459000E+001  0.16277413E+002  0.22290026E+002
 -0.93397130E+000 -0.83806564E+000 -0.56481092E+000 -0.20758043E+000 -0.57291521E-002  0.84695616E-003  0.95402962E+000  0.45943375E+001  0.89458224E+001  0.16277324E+002  0.22289949E+002
 -0.93397652E+000 -0.83807279E+000 -0.56482276E+000 -0.20758679E+000 -0.57291912E-002  0.84693486E-003  0.95401297E+000  0.45942908E+001  0.89457495E+001  0.16277241E+002  0.22289878E+002
 -0.93398117E+000 -0.83807918E+000 -0.56483335E+000 -0.20759254E+000 -0.57292265E-002  0.84691545E-003  0.95399745E+000  0.45942469E+001  0.89456812E+001  0.16277164E+002  0.22289811E+002
 -0.93398531E+000 -0.83808487E+000 -0.56484283E+000 -0.20759774E+000 -0.57292584E-002  0.84689775E-003  0.95398299E+000  0.45942060E+001  0.89456174E+001  0.16277093E+002  0.22289750E+002
 -0.93398899E+000 -0.83808994E+000 -0.56485129E+000 -0.20760243E+000 -0.57292872E-002  0.84688162E-003  0.95396954E+000  0.45941678E+001  0.89455580E+001  0.16277028E+002  0.22289694E+002
 -0.93399225E+000 -0.83809445E+000 -0.56485884E+000 -0.20760668E+000 -0.57293132E-002  0.84686691E-003  0.95395703E+000  0.45941323E+001  0.89455027E+001  0.16276967E+002  0.22289642E+002
 -0.93399514E+000 -0.83809846E+000 -0.56486558E+000 -0.20761051E+000 -0.57293366E-002  0.84685353E-003  0.95394539E+000  0.45940993E+001  0.89454515E+001  0.16276912E+002  0.22289594E+002
 -0.93399771E+000 -0.83810202E+000 -0.56487159E+000 -0.20761396E+000 -0.57293577E-002  0.84684133E-003  0.95393458E+000  0.45940688E+001  0.89454042E+001  0.16276861E+002  0.22289550E+002
 -0.93399998E+000 -0.83810519E+000 -0.56487694E+000 -0.20761709E+000 -0.57293767E-002  0.84683024E-003  0.95392453E+000  0.45940405E+001  0.89453604E+001  0.16276814E+002  0.22289510E+002
 -0.93400200E+000 -0.83810802E+000 -0.56488172E+000 -0.20761990E+000 -0.57293937E-002  0.84682016E-003  0.95391520E+000  0.45940144E+001  0.89453201E+001  0.16276772E+002  0.22289474E+002
 -0.93400379E+000 -0.83811053E+000 -0.56488598E+000 -0.20762244E+000 -0.57294090E-002  0.84681102E-003  0.95390655E+000  0.45939903E+001  0.89452831E+001  0.16276733E+002  0.22289440E+002
 -0.93400538E+000 -0.83811276E+000 -0.56488978E+000 -0.20762473E+000 -0.57294227E-002  0.84680273E-003  0.95389851E+000  0.45939682E+001  0.89452491E+001  0.16276698E+002  0.22289410E+002
 -0.93400680E+000 -0.83811476E+000 -0.56489317E+000 -0.20762679E+000 -0.57294348E-002  0.84679523E-003  0.95389105E+000  0.45939478E+001  0.89452178E+001  0.16276665E+002  0.22289382E+002
 -0.93400806E+000 -0.83811654E+000 -0.56489619E+000 -0.20762865E+000 -0.57294456E-002  0.84678847E-003  0.95388412E+000  0.45939291E+001  0.89451892E+001  0.16276636E+002  0.22289356E+002
 -0.93400918E+000 -0.83811812E+000 -0.56489889E+000 -0.20763032E+000 -0.57294552E-002  0.84678238E-003  0.95387769E+000  0.45939118E+001  0.89451630E+001  0.16276609E+002  0.22289333E+002
 -0.93401019E+000 -0.83811954E+000 -0.56490130E+000 -0.20763182E+000 -0.57294636E-002  0.84677692E-003  0.95387172E+000  0.45938960E+001  0.89451389E+001  0.16276585E+002  0.22289312E+002
 -0.93401109E+000 -0.83812080E+000 -0.56490345E+000 -0.20763316E+000 -0.57294709E-002  0.84677205E-003  0.95386616E+000  0.45938815E+001  0.89451169E+001  0.16276563E+002  0.22289292E+002
 -0.93401189E+000 -0.83812193E+000 -0.56490537E+000 -0.20763436E+000 -0.57294772E-002  0.84676772E-003  0.95386099E+000  0.45938681E+001  0.89450967E+001  0.16276542E+002  0.22289274E+002
 -0.93401261E+000 -0.83812294E+000 -0.56490707E+000 -0.20763542E+000 -0.57294826E-002  0.84676389E-003  0.95385618E+000  0.45938557E+001  0.89450781E+001  0.16276524E+002  0.22289257E+002
 -0.93401326E+000 -0.83812384E+000 -0.56490859E+000 -0.20763637E+000 -0.57294871E-002  0.84676053E-003  0.95385168E+000  0.45938443E+001  0.89450610E+001  0.16276507E+002  0.22289242E+002
 -0.93401384E+000 -0.83812463E+000 -0.56490993E+000 -0.20763720E+000 -0.57294908E-002  0.84675761E-003  0.95384747E+000  0.45938338E+001  0.89450453E+001  0.16276491E+002  0.22289228E+002
 -0.93401435E+000 -0.83812534E+000 -0.56491112E+000 -0.20763792E+000 -0.57294938E-002  0.84675511E-003  0.95384353E+000  0.45938240E+001  0.89450307E+001  0.16276476E+002  0.22289215E+002
 -0.93401481E+000 -0.83812597E+000 -0.56491216E+000 -0.20763855E+000 -0.57294960E-002  0.84675298E-003  0.95383983E+000  0.45938150E+001  0.89450172E+001  0.16276463E+002  0.22289202E+002
 -0.93401522E+000 -0.83812652E+000 -0.56491306E+000 -0.20763909E+000 -0.57294975E-002  0.84675121E-003  0.95383635E+000  0.45938065E+001  0.89450046E+001  0.16276450E+002  0.22289190E+002
 -0.93401559E+000 -0.83812700E+000 -0.56491385E+000 -0.20763954E+000 -0.57294983E-002  0.84674978E-003  0.95383307E+000  0.45937986E+001  0.89449928E+001  0.16276438E+002  0.22289179E+002
 -0.93401591E+000 -0.83812741E+000 -0.56491452E+000 -0.20763992E+000 -0.57294986E-002  0.84674866E-003  0.95382996E+000  0.45937912E+001  0.89449818E+001  0.16276427E+002  0.22289169E+002
 -0.93401619E+000 -0.83812777E+000 -0.56491509E+000 -0.20764022E+000 -0.57294983E-002  0.84674783E-003  0.95382701E+000  0.45937842E+001  0.89449715E+001  0.16276416E+002  0.22289159E+002
 -0.93401644E+000 -0.83812807E+000 -0.56491556E+000 -0.20764045E+000 -0.57294974E-002  0.84674727E-003  0.95382420E+000  0.45937775E+001  0.89449617E+001  0.16276406E+002  0.22289150E+002
 -0.93401665E+000 -0.83812832E+000 -0.56491594E+000 -0.20764061E+000 -0.57294960E-002  0.84674697E-003  0.95382152E+000  0.45937712E+001  0.89449524E+001  0.16276397E+002  0.22289141E+002
 -0.93401683E+000 -0.83812852E+000 -0.56491624E+000 -0.20764071E+000 -0.57294942E-002  0.84674690E-003  0.95381895E+000  0.45937653E+001  0.89449435E+001  0.16276388E+002  0.22289132E+002
 -0.93401698E+000 -0.83812868E+000 -0.56491646E+000 -0.20764076E+000 -0.57294918E-002  0.84674704E-003  0.95381649E+000  0.45937595E+001  0.89449350E+001  0.16276379E+002  0.22289123E+002
 -0.93401710E+000 -0.83812880E+000 -0.56491661E+000 -0.20764076E+000 -0.57294891E-002  0.84674739E-003  0.95381412E+000  0.45937541E+001  0.89449269E+001  0.16276371E+002  0.22289115E+002
 -0.93401720E+000 -0.83812888E+000 -0.56491669E+000 -0.20764070E+000 -0.57294860E-002  0.84674793E-003  0.95381184E+000  0.45937488E+001  0.89449191E+001  0.16276363E+002  0.22289107E+002
 -0.93401727E+000 -0.83812893E+000 -0.56491671E+000 -0.20764060E+000 -0.57294825E-002  0.84674864E-003  0.95380963E+000  0.45937437E+001  0.89449116E+001  0.16276355E+002  0.22289100E+002
 -0.93401733E+000 -0.83812894E+000 -0.56491667E+000 -0.20764045E+000 -0.57294787E-002  0.84674950E-003  0.95380749E+000  0.45937388E+001  0.89449043E+001  0.16276347E+002  0.22289092E+002
 -0.93401736E+000 -0.83812892E+000 -0.56491658E+000 -0.20764027E+000 -0.57294745E-002  0.84675051E-003  0.95380541E+000  0.45937340E+001  0.89448972E+001  0.16276340E+002  0.22289085E+002
 -0.93401737E+000 -0.83812888E+000 -0.56491645E+000 -0.20764005E+000 -0.57294701E-002  0.84675166E-003  0.95380339E+000  0.45937293E+001  0.89448903E+001  0.16276333E+002  0.22289077E+002
 -0.93401736E+000 -0.83812880E+000 -0.56491626E+000 -0.20763979E+000 -0.57294654E-002  0.84675294E-003  0.95380143E+000  0.45937248E+001  0.89448836E+001  0.16276326E+002  0.22289070E+002
 -0.93401734E+000 -0.83812871E+000 -0.56491604E+000 -0.20763950E+000 -0.57294604E-002  0.84675434E-003  0.95379951E+000  0.45937204E+001  0.89448771E+001  0.16276319E+002  0.22289064E+002
 -0.93401730E+000 -0.83812859E+000 -0.56491577E+000 -0.20763918E+000 -0.57294553E-002  0.84675585E-003  0.95379764E+000  0.45937161E+001  0.89448707E+001  0.16276312E+002  0.22289057E+002
 -0.93401725E+000 -0.83812845E+000 -0.56491547E+000 -0.20763884E+000 -0.57294499E-002  0.84675746E-003  0.95379582E+000  0.45937119E+001  0.89448645E+001  0.16276306E+002  0.22289050E+002
 -0.93401718E+000 -0.83812829E+000 -0.56491514E+000 -0.20763846E+000 -0.57294443E-002  0.84675918E-003  0.95379403E+000  0.45937078E+001  0.89448584E+001  0.16276300E+002  0.22289044E+002
 -0.93401710E+000 -0.83812812E+000 -0.56491477E+000 -0.20763807E+000 -0.57294385E-002  0.84676098E-003  0.95379229E+000  0.45937038E+001  0.89448524E+001  0.16276293E+002  0.22289037E+002
 -0.93401701E+000 -0.83812793E+000 -0.56491438E+000 -0.20763765E+000 -0.57294326E-002  0.84676286E-003  0.95379059E+000  0.45936998E+001  0.89448466E+001  0.16276287E+002  0.22289031E+002
 -0.93401691E+000 -0.83812772E+000 -0.56491396E+000 -0.20763721E+000 -0.57294265E-002  0.84676483E-003  0.95378893E+000  0.45936960E+001  0.89448408E+001  0.16276281E+002  0.22289025E+002
 -0.93401680E+000 -0.83812750E+000 -0.56491353E+000 -0.20763676E+000 -0.57294203E-002  0.84676686E-003  0.95378730E+000  0.45936922E+001  0.89448352E+001  0.16276276E+002  0.22289019E+002
 -0.93401668E+000 -0.83812727E+000 -0.56491307E+000 -0.20763628E+000 -0.57294140E-002  0.84676897E-003  0.95378571E+000  0.45936885E+001  0.89448297E+001  0.16276270E+002  0.22289013E+002
 -0.93401655E+000 -0.83812703E+000 -0.56491259E+000 -0.20763580E+000 -0.57294076E-002  0.84677113E-003  0.95378415E+000  0.45936848E+001  0.89448244E+001  0.16276265E+002  0.22289007E+002
 -0.93401641E+000 -0.83812678E+000 -0.56491210E+000 -0.20763530E+000 -0.57294011E-002  0.84677336E-003  0.95378263E+000  0.45936813E+001  0.89448191E+001  0.16276259E+002  0.22289001E+002
 -0.93401627E+000 -0.83812652E+000 -0.56491159E+000 -0.20763479E+000 -0.57293945E-002  0.84677563E-003  0.95378114E+000  0.45936778E+001  0.89448139E+001  0.16276254E+002  0.22288996E+002
 -0.93401612E+000 -0.83812626E+000 -0.56491108E+000 -0.20763427E+000 -0.57293879E-002  0.84677795E-003  0.95377968E+000  0.45936744E+001  0.89448089E+001  0.16276249E+002  0.22288990E+002
 -0.93401597E+000 -0.83812599E+000 -0.56491056E+000 -0.20763375E+000 -0.57293813E-002  0.84678030E-003  0.95377826E+000  0.45936710E+001  0.89448039E+001  0.16276244E+002  0.22288985E+002
 -0.93401581E+000 -0.83812572E+000 -0.56491003E+000 -0.20763322E+000 -0.57293747E-002  0.84678270E-003  0.95377687E+000  0.45936677E+001  0.89447991E+001  0.16276239E+002  0.22288980E+002
 -0.93401565E+000 -0.83812544E+000 -0.56490949E+000 -0.20763268E+000 -0.57293680E-002  0.84678512E-003  0.95377551E+000  0.45936645E+001  0.89447943E+001  0.16276235E+002  0.22288975E+002
 -0.93401549E+000 -0.83812516E+000 -0.56490896E+000 -0.20763215E+000 -0.57293614E-002  0.84678756E-003  0.95377418E+000  0.45936613E+001  0.89447897E+001  0.16276230E+002  0.22288970E+002
 -0.93401533E+000 -0.83812488E+000 -0.56490842E+000 -0.20763162E+000 -0.57293549E-002  0.84679002E-003  0.95377289E+000  0.45936582E+001  0.89447852E+001  0.16276226E+002  0.22288965E+002
 -0.93401516E+000 -0.83812460E+000 -0.56490789E+000 -0.20763108E+000 -0.57293483E-002  0.84679249E-003  0.95377162E+000  0.45936552E+001  0.89447807E+001  0.16276221E+002  0.22288960E+002
 -0.93401500E+000 -0.83812433E+000 -0.56490736E+000 -0.20763055E+000 -0.57293419E-002  0.84679497E-003  0.95377038E+000  0.45936522E+001  0.89447764E+001  0.16276217E+002  0.22288955E+002
 -0.93401483E+000 -0.83812405E+000 -0.56490684E+000 -0.20763003E+000 -0.57293355E-002  0.84679746E-003  0.95376918E+000  0.45936493E+001  0.89447722E+001  0.16276213E+002  0.22288951E+002
 -0.93401467E+000 -0.83812378E+000 -0.56490632E+000 -0.20762951E+000 -0.57293292E-002  0.84679994E-003  0.95376800E+000  0.45936464E+001  0.89447680E+001  0.16276209E+002  0.22288946E+002
 -0.93401451E+000 -0.83812352E+000 -0.56490581E+000 -0.20762900E+000 -0.57293230E-002  0.84680242E-003  0.95376685E+000  0.45936436E+001  0.89447640E+001  0.16276205E+002  0.22288942E+002
 -0.93401435E+000 -0.83812325E+000 -0.56490531E+000 -0.20762849E+000 -0.57293169E-002  0.84680488E-003  0.95376573E+000  0.45936409E+001  0.89447600E+001  0.16276201E+002  0.22288938E+002
 -0.93401420E+000 -0.83812300E+000 -0.56490482E+000 -0.20762800E+000 -0.57293110E-002  0.84680733E-003  0.95376464E+000  0.45936382E+001  0.89447562E+001  0.16276198E+002  0.22288934E+002
 -0.93401405E+000 -0.83812275E+000 -0.56490435E+000 -0.20762751E+000 -0.57293052E-002  0.84680976E-003  0.95376357E+000  0.45936356E+001  0.89447524E+001  0.16276194E+002  0.22288930E+002
 -0.93401390E+000 -0.83812251E+000 -0.56490389E+000 -0.20762704E+000 -0.57292995E-002  0.84681217E-003  0.95376253E+000  0.45936330E+001  0.89447487E+001  0.16276191E+002  0.22288926E+002
 -0.93401376E+000 -0.83812227E+000 -0.56490344E+000 -0.20762658E+000 -0.57292940E-002  0.84681454E-003  0.95376152E+000  0.45936305E+001  0.89447451E+001  0.16276187E+002  0.22288922E+002
 -0.93401362E+000 -0.83812205E+000 -0.56490300E+000 -0.20762613E+000 -0.57292887E-002  0.84681689E-003  0.95376054E+000  0.45936281E+001  0.89447417E+001  0.16276184E+002  0.22288918E+002
 -0.93401348E+000 -0.83812183E+000 -0.56490259E+000 -0.20762570E+000 -0.57292835E-002  0.84681921E-003  0.95375958E+000  0.45936257E+001  0.89447383E+001  0.16276181E+002  0.22288915E+002
 -0.93401335E+000 -0.83812162E+000 -0.56490219E+000 -0.20762528E+000 -0.57292784E-002  0.84682148E-003  0.95375865E+000  0.45936234E+001  0.89447350E+001  0.16276178E+002  0.22288911E+002
 -0.93401323E+000 -0.83812142E+000 -0.56490180E+000 -0.20762487E+000 -0.57292736E-002  0.84682372E-003  0.95375774E+000  0.45936211E+001  0.89447318E+001  0.16276175E+002  0.22288908E+002
 -0.93401311E+000 -0.83812123E+000 -0.56490143E+000 -0.20762448E+000 -0.57292690E-002  0.84682591E-003  0.95375686E+000  0.45936189E+001  0.89447287E+001  0.16276173E+002  0.22288904E+002
 -0.93401300E+000 -0.83812105E+000 -0.56490108E+000 -0.20762411E+000 -0.57292645E-002  0.84682805E-003  0.95375601E+000  0.45936168E+001  0.89447256E+001  0.16276170E+002  0.22288901E+002
 -0.93401289E+000 -0.83812088E+000 -0.56490075E+000 -0.20762375E+000 -0.57292602E-002  0.84683014E-003  0.95375518E+000  0.45936147E+001  0.89447227E+001  0.16276167E+002  0.22288898E+002
 -0.93401279E+000 -0.83812071E+000 -0.56490044E+000 -0.20762341E+000 -0.57292561E-002  0.84683218E-003  0.95375437E+000  0.45936126E+001  0.89447199E+001  0.16276165E+002  0.22288895E+002
 -0.93401270E+000 -0.83812056E+000 -0.56490014E+000 -0.20762308E+000 -0.57292522E-002  0.84683417E-003  0.95375360E+000  0.45936107E+001  0.89447172E+001  0.16276162E+002  0.22288892E+002
 -0.93401261E+000 -0.83812042E+000 -0.56489986E+000 -0.20762277E+000 -0.57292485E-002  0.84683610E-003  0.95375284E+000  0.45936088E+001  0.89447145E+001  0.16276160E+002  0.22288889E+002
 -0.93401253E+000 -0.83812029E+000 -0.56489960E+000 -0.20762247E+000 -0.57292450E-002  0.84683797E-003  0.95375212E+000  0.45936069E+001  0.89447120E+001  0.16276158E+002  0.22288886E+002
 -0.93401245E+000 -0.83812016E+000 -0.56489935E+000 -0.20762219E+000 -0.57292417E-002  0.84683978E-003  0.95375141E+000  0.45936051E+001  0.89447095E+001  0.16276156E+002  0.22288884E+002
 -0.93401238E+000 -0.83812005E+000 -0.56489912E+000 -0.20762192E+000 -0.57292386E-002  0.84684153E-003  0.95375074E+000  0.45936034E+001  0.89447072E+001  0.16276154E+002  0.22288881E+002
 -0.93401232E+000 -0.83811994E+000 -0.56489891E+000 -0.20762167E+000 -0.57292356E-002  0.84684321E-003  0.95375008E+000  0.45936017E+001  0.89447050E+001  0.16276152E+002  0.22288879E+002
 -0.93401226E+000 -0.83811984E+000 -0.56489872E+000 -0.20762144E+000 -0.57292329E-002  0.84684483E-003  0.95374946E+000  0.45936001E+001  0.89447029E+001  0.16276150E+002  0.22288877E+002
 -0.93401221E+000 -0.83811975E+000 -0.56489854E+000 -0.20762121E+000 -0.57292304E-002  0.84684637E-003  0.95374886E+000  0.45935986E+001  0.89447009E+001  0.16276149E+002  0.22288874E+002
 -0.93401216E+000 -0.83811967E+000 -0.56489837E+000 -0.20762101E+000 -0.57292281E-002  0.84684785E-003  0.95374828E+000  0.45935972E+001  0.89446990E+001  0.16276147E+002  0.22288872E+002
 -0.93401211E+000 -0.83811960E+000 -0.56489822E+000 -0.20762081E+000 -0.57292259E-002  0.84684926E-003  0.95374774E+000  0.45935958E+001  0.89446972E+001  0.16276146E+002  0.22288870E+002
 -0.93401208E+000 -0.83811953E+000 -0.56489808E+000 -0.20762063E+000 -0.57292240E-002  0.84685059E-003  0.95374721E+000  0.45935945E+001  0.89446956E+001  0.16276145E+002  0.22288869E+002
 -0.93401204E+000 -0.83811947E+000 -0.56489796E+000 -0.20762047E+000 -0.57292222E-002  0.84685186E-003  0.95374672E+000  0.45935933E+001  0.89446941E+001  0.16276144E+002  0.22288867E+002
 -0.93401201E+000 -0.83811942E+000 -0.56489785E+000 -0.20762031E+000 -0.57292206E-002  0.84685304E-003  0.95374626E+000  0.45935921E+001  0.89446928E+001  0.16276143E+002  0.22288866E+002
 -0.93401199E+000 -0.83811938E+000 -0.56489775E+000 -0.20762017E+000 -0.57292192E-002  0.84685415E-003  0.95374582E+000  0.45935911E+001  0.89446916E+001  0.16276142E+002  0.22288865E+002
 -0.93401196E+000 -0.83811934E+000 -0.56489767E+000 -0.20762004E+000 -0.57292181E-002  0.84685519E-003  0.95374541E+000  0.45935901E+001  0.89446905E+001  0.16276142E+002  0.22288864E+002
 -0.93401195E+000 -0.83811930E+000 -0.56489759E+000 -0.20761992E+000 -0.57292171E-002  0.84685614E-003  0.95374503E+000  0.45935893E+001  0.89446897E+001  0.16276142E+002  0.22288863E+002
 -0.93401193E+000 -0.83811927E+000 -0.56489753E+000 -0.20761981E+000 -0.57292163E-002  0.84685702E-003  0.95374469E+000  0.45935885E+001  0.89446890E+001  0.16276142E+002  0.22288862E+002
 -0.93401192E+000 -0.83811925E+000 -0.56489747E+000 -0.20761971E+000 -0.57292156E-002  0.84685781E-003  0.95374438E+000  0.45935879E+001  0.89446886E+001  0.16276142E+002  0.22288862E+002
 -0.93401191E+000 -0.83811923E+000 -0.56489743E+000 -0.20761962E+000 -0.57292152E-002  0.84685852E-003  0.95374410E+000  0.45935874E+001  0.89446884E+001  0.16276143E+002  0.22288862E+002
 -0.93401190E+000 -0.83811922E+000 -0.56489739E+000 -0.20761953E+000 -0.57292150E-002  0.84685915E-003  0.95374386E+000  0.45935870E+001  0.89446884E+001  0.16276144E+002  0.22288863E+002
 -0.93401190E+000 -0.83811921E+000 -0.56489736E+000 -0.20761946E+000 -0.57292150E-002  0.84685970E-003  0.95374365E+000  0.45935867E+001  0.89446887E+001  0.16276145E+002  0.22288864E+002
 -0.93401190E+000 -0.83811920E+000 -0.56489734E+000 -0.20761939E+000 -0.57292151E-002  0.84686016E-003  0.95374349E+000  0.45935866E+001  0.89446893E+001  0.16276147E+002  0.22288865E+002
 -0.93401190E+000 -0.83811919E+000 -0.56489732E+000 -0.20761933E+000 -0.57292155E-002  0.84686053E-003  0.95374337E+000  0.45935867E+001  0.89446902E+001  0.16276149E+002  0.22288867E+002
 -0.93401190E+000 -0.83811919E+000 -0.56489731E+000 -0.20761928E+000 -0.57292161E-002  0.84686082E-003  0.95374329E+000  0.45935869E+001  0.89446915E+001  0.16276152E+002  0.22288869E+002
 -0.93401190E+000 -0.83811919E+000 -0.56489731E+000 -0.20761924E+000 -0.57292169E-002  0.84686103E-003  0.95374325E+000  0.45935874E+001  0.89446932E+001  0.16276156E+002  0.22288872E+002
 -0.93401190E+000 -0.83811920E+000 -0.56489731E+000 -0.20761920E+000 -0.57292179E-002  0.84686115E-003  0.95374327E+000  0.45935880E+001  0.89446953E+001  0.16276160E+002  0.22288876E+002
 -0.93401190E+000 -0.83811920E+000 -0.56489732E+000 -0.20761916E+000 -0.57292191E-002  0.84686118E-003  0.95374334E+000  0.45935889E+001  0.89446979E+001  0.16276165E+002  0.22288880E+002
 -0.93401191E+000 -0.83811920E+000 -0.56489733E+000 -0.20761913E+000 -0.57292205E-002  0.84686113E-003  0.95374347E+000  0.45935901E+001  0.89447010E+001  0.16276170E+002  0.22288885E+002
 -0.93401191E+000 -0.83811921E+000 -0.56489734E+000 -0.20761910E+000 -0.57292221E-002  0.84686101E-003  0.95374365E+000  0.45935915E+001  0.89447047E+001  0.16276177E+002  0.22288892E+002
 -0.93401191E+000 -0.83811922E+000 -0.56489736E+000 -0.20761908E+000 -0.57292240E-002  0.84686080E-003  0.95374390E+000  0.45935932E+001  0.89447090E+001  0.16276185E+002  0.22288899E+002
 -0.93401191E+000 -0.83811923E+000 -0.56489738E+000 -0.20761907E+000 -0.57292260E-002  0.84686053E-003  0.95374421E+000  0.45935952E+001  0.89447140E+001  0.16276194E+002  0.22288907E+002
 -0.93401192E+000 -0.83811924E+000 -0.56489741E+000 -0.20761905E+000 -0.57292282E-002  0.84686019E-003  0.95374460E+000  0.45935975E+001  0.89447197E+001  0.16276204E+002  0.22288917E+002
 -0.93401192E+000 -0.83811925E+000 -0.56489744E+000 -0.20761905E+000 -0.57292306E-002  0.84685978E-003  0.95374504E+000  0.45936002E+001  0.89447261E+001  0.16276215E+002  0.22288929E+002
 -0.93401192E+000 -0.83811926E+000 -0.56489748E+000 -0.20761905E+000 -0.57292333E-002  0.84685929E-003  0.95374556E+000  0.45936032E+001  0.89447333E+001  0.16276228E+002  0.22288942E+002
 -0.93401192E+000 -0.83811927E+000 -0.56489753E+000 -0.20761906E+000 -0.57292361E-002  0.84685874E-003  0.95374614E+000  0.45936065E+001  0.89447414E+001  0.16276242E+002  0.22288956E+002
 -0.93401193E+000 -0.83811930E+000 -0.56489760E+000 -0.20761908E+000 -0.57292392E-002  0.84685808E-003  0.95374677E+000  0.45936102E+001  0.89447501E+001  0.16276258E+002  0.22288973E+002
 -0.93401194E+000 -0.83811933E+000 -0.56489769E+000 -0.20761913E+000 -0.57292427E-002  0.84685731E-003  0.95374745E+000  0.45936142E+001  0.89447595E+001  0.16276275E+002  0.22288991E+002
 -0.93401196E+000 -0.83811937E+000 -0.56489780E+000 -0.20761919E+000 -0.57292465E-002  0.84685638E-003  0.95374814E+000  0.45936183E+001  0.89447695E+001  0.16276294E+002  0.22289011E+002
 -0.93401199E+000 -0.83811943E+000 -0.56489795E+000 -0.20761929E+000 -0.57292508E-002  0.84685528E-003  0.95374883E+000  0.45936226E+001  0.89447798E+001  0.16276314E+002  0.22289033E+002
 -0.93401202E+000 -0.83811950E+000 -0.56489814E+000 -0.20761943E+000 -0.57292554E-002  0.84685401E-003  0.95374948E+000  0.45936267E+001  0.89447899E+001  0.16276334E+002  0.22289056E+002
 -0.93401204E+000 -0.83811957E+000 -0.56489836E+000 -0.20761959E+000 -0.57292601E-002  0.84685269E-003  0.95375001E+000  0.45936305E+001  0.89447995E+001  0.16276354E+002  0.22289080E+002
 -0.93401205E+000 -0.83811965E+000 -0.56489864E+000 -0.20761979E+000 -0.57292643E-002  0.84685154E-003  0.95375034E+000  0.45936334E+001  0.89448077E+001  0.16276373E+002  0.22289105E+002
 -0.93401207E+000 -0.83811975E+000 -0.56489906E+000 -0.20762008E+000 -0.57292675E-002  0.84685076E-003  0.95375022E+000  0.45936348E+001  0.89448134E+001  0.16276390E+002  0.22289130E+002
 -0.93401214E+000 -0.83811997E+000 -0.56489983E+000 -0.20762062E+000 -0.57292702E-002  0.84685005E-003  0.95374928E+000  0.45936335E+001  0.89448150E+001  0.16276403E+002  0.22289152E+002
 -0.93401244E+000 -0.83812051E+000 -0.56490145E+000 -0.20762185E+000 -0.57292775E-002  0.84684717E-003  0.95374662E+000  0.45936279E+001  0.89448102E+001  0.16276409E+002  0.22289171E+002
 -0.93401322E+000 -0.83812175E+000 -0.56490466E+000 -0.20762443E+000 -0.57293025E-002  0.84683652E-003  0.95374119E+000  0.45936159E+001  0.89447963E+001  0.16276405E+002  0.22289182E+002
 -0.93401462E+000 -0.83812402E+000 -0.56491037E+000 -0.20762940E+000 -0.57293692E-002  0.84680750E-003  0.95373060E+000  0.45935941E+001  0.89447697E+001  0.16276387E+002  0.22289182E+002
 -0.93401597E+000 -0.83812682E+000 -0.56491803E+000 -0.20763613E+000 -0.57294614E-002  0.84676691E-003  0.95371488E+000  0.45935624E+001  0.89447293E+001  0.16276351E+002  0.22289164E+002
 -0.93401679E+000 -0.83812994E+000 -0.56492949E+000 -0.20764669E+000 -0.57294674E-002  0.84675283E-003  0.95368516E+000  0.45935122E+001  0.89446669E+001  0.16276288E+002  0.22289117E+002
 -0.93402186E+000 -0.83813807E+000 -0.56495066E+000 -0.20766628E+000 -0.57295209E-002  0.84671275E-003  0.95364607E+000  0.45934493E+001  0.89445837E+001  0.16276190E+002  0.22289028E+002
