  0.00000000E+000  0.00000000E+000  0.00000000E+000  0.00000000E+000  0.89217519E-002  0.14320018E+000  0.35052330E+001  0.29841560E+002  0.74484169E+002  0.19066032E+003  0.35724372E+003
  0.00000000E+000  0.00000000E+000  0.00000000E+000  0.00000000E+000  0.89241368E-002  0.14320418E+000  0.35053236E+001  0.29842097E+002  0.74485119E+002  0.19066188E+003  0.35724568E+003
  0.00000000E+000  0.00000000E+000  0.00000000E+000  0.00000000E+000  0.89262829E-002  0.14320822E+000  0.35054091E+001  0.29842612E+002  0.74486023E+002  0.19066336E+003  0.35724754E+003
  0.00000000E+000  0.00000000E+000  0.00000000E+000  0.00000000E+000  0.89282142E-002  0.14321222E+000  0.35054879E+001  0.29843078E+002  0.74486832E+002  0.19066471E+003  0.35724923E+003
  0.00000000E+000  0.00000000E+000  0.00000000E+000  0.00000000E+000  0.89299571E-002  0.14321615E+000  0.35055602E+001  0.29843490E+002  0.74487542E+002  0.19066591E+003  0.35725076E+003
  0.00000000E+000  0.00000000E+000  0.00000000E+000  0.00000000E+000  0.89315359E-002  0.14321999E+000  0.35056265E+001  0.29843853E+002  0.74488161E+002  0.19066698E+003  0.35725211E+003
  0.00000000E+000  0.00000000E+000  0.00000000E+000  0.00000000E+000  0.89329720E-002  0.14322374E+000  0.35056875E+001  0.29844171E+002  0.74488702E+002  0.19066792E+003  0.35725332E+003
  0.00000000E+000  0.00000000E+000  0.00000000E+000  0.00000000E+000  0.89342840E-002  0.14322739E+000  0.35057437E+001  0.29844451E+002  0.74489174E+002  0.19066875E+003  0.35725439E+003
  0.00000000E+000  0.00000000E+000  0.00000000E+000  0.00000000E+000  0.89354879E-002  0.14323094E+000  0.35057956E+001  0.29844697E+002  0.74489587E+002  0.19066948E+003  0.35725535E+003
  0.00000000E+000  0.00000000E+000  0.00000000E+000  0.00000000E+000  0.89365974E-002  0.14323439E+000  0.35058438E+001  0.29844915E+002  0.74489952E+002  0.19067013E+003  0.35725620E+003
  0.00000000E+000  0.00000000E+000  0.00000000E+000  0.00000000E+000  0.89376244E-002  0.14323775E+000  0.35058885E+001  0.29845108E+002  0.74490274E+002  0.19067070E+003  0.35725697E+003
  0.00000000E+000  0.00000000E+000  0.00000000E+000  0.00000000E+000  0.89385789E-002  0.14324102E+000  0.35059303E+001  0.29845281E+002  0.74490561E+002  0.19067122E+003  0.35725766E+003
  0.00000000E+000  0.00000000E+000  0.00000000E+000  0.00000000E+000  0.89394698E-002  0.14324420E+000  0.35059695E+001  0.29845436E+002  0.74490818E+002  0.19067169E+003  0.35725829E+003
  0.00000000E+000  0.00000000E+000  0.00000000E+000  0.00000000E+000  0.89403047E-002  0.14324728E+000  0.35060064E+001  0.29845576E+002  0.74491050E+002  0.19067211E+003  0.35725887E+003
  0.00000000E+000  0.00000000E+000  0.00000000E+000  0.00000000E+000  0.89410902E-002  0.14325029E+000  0.35060413E+001  0.29845704E+002  0.74491259E+002  0.19067249E+003  0.35725941E+003
  0.00000000E+000  0.00000000E+000  0.00000000E+000  0.00000000E+000  0.89418320E-002  0.14325322E+000  0.35060745E+001  0.29845820E+002  0.74491450E+002  0.19067285E+003  0.35725991E+003
  0.00000000E+000  0.00000000E+000  0.00000000E+000  0.00000000E+000  0.89425351E-002  0.14325607E+000  0.35061062E+001  0.29845926E+002  0.74491625E+002  0.19067318E+003  0.35726038E+003
  0.00000000E+000  0.00000000E+000  0.00000000E+000  0.00000000E+000  0.89432039E-002  0.14325887E+000  0.35061365E+001  0.29846025E+002  0.74491787E+002  0.19067348E+003  0.35726082E+003
  0.00000000E+000  0.00000000E+000  0.00000000E+000  0.00000000E+000  0.89438422E-002  0.14326159E+000  0.35061658E+001  0.29846116E+002  0.74491938E+002  0.19067377E+003  0.35726124E+003
  0.00000000E+000  0.00000000E+000  0.00000000E+000  0.00000000E+000  0.89444532E-002  0.14326426E+000  0.35061940E+001  0.29846201E+002  0.74492079E+002  0.19067404E+003  0.35726165E+003
  0.00000000E+000  0.00000000E+000  0.00000000E+000  0.00000000E+000  0.89450401E-002  0.14326687E+000  0.35062214E+001  0.29846282E+002  0.74492213E+002  0.19067430E+003  0.35726204E+003
  0.00000000E+000  0.00000000E+000  0.00000000E+000  0.00000000E+000  0.89456052E-002  0.14326943E+000  0.35062481E+001  0.29846358E+002  0.74492339E+002  0.19067455E+003  0.35726243E+003
  0.00000000E+000  0.00000000E+000  0.00000000E+000  0.00000000E+000  0.89461510E-002  0.14327194E+000  0.35062742E+001  0.29846431E+002  0.74492460E+002  0.19067480E+003  0.35726280E+003
  0.00000000E+000  0.00000000E+000  0.00000000E+000  0.00000000E+000  0.89466793E-002  0.14327441E+000  0.35062998E+001  0.29846500E+002  0.74492577E+002  0.19067503E+003  0.35726318E+003
  0.00000000E+000  0.00000000E+000  0.00000000E+000  0.00000000E+000  0.89471921E-002  0.14327684E+000  0.35063250E+001  0.29846568E+002  0.74492690E+002  0.19067526E+003  0.35726355E+003
  0.00000000E+000  0.00000000E+000  0.00000000E+000  0.00000000E+000  0.89476908E-002  0.14327924E+000  0.35063499E+001  0.29846633E+002  0.74492800E+002  0.19067549E+003  0.35726392E+003
  0.00000000E+000  0.00000000E+000  0.00000000E+000  0.00000000E+000  0.89481769E-002  0.14328162E+000  0.35063745E+001  0.29846696E+002  0.74492908E+002  0.19067572E+003  0.35726429E+003
  0.00000000E+000  0.00000000E+000  0.00000000E+000  0.00000000E+000  0.89486516E-002  0.14328397E+000  0.35063989E+001  0.29846759E+002  0.74493014E+002  0.19067595E+003  0.35726466E+003
  0.00000000E+000  0.00000000E+000  0.00000000E+000  0.00000000E+000  0.89491160E-002  0.14328629E+000  0.35064232E+001  0.29846820E+002  0.74493120E+002  0.19067618E+003  0.35726504E+003
  0.00000000E+000  0.00000000E+000  0.00000000E+000  0.00000000E+000  0.89495710E-002  0.14328861E+000  0.35064474E+001  0.29846881E+002  0.74493224E+002  0.19067641E+003  0.35726543E+003
  0.00000000E+000  0.00000000E+000  0.00000000E+000  0.00000000E+000  0.89500176E-002  0.14329091E+000  0.35064715E+001  0.29846941E+002  0.74493329E+002  0.19067664E+003  0.35726582E+003
  0.00000000E+000  0.00000000E+000  0.00000000E+000  0.00000000E+000  0.89504564E-002  0.14329320E+000  0.35064957E+001  0.29847001E+002  0.74493434E+002  0.19067688E+003  0.35726622E+003
  0.00000000E+000  0.00000000E+000  0.00000000E+000  0.00000000E+000  0.89508881E-002  0.14329549E+000  0.35065199E+001  0.29847062E+002  0.74493540E+002  0.19067712E+003  0.35726663E+003
  0.00000000E+000  0.00000000E+000  0.00000000E+000  0.00000000E+000  0.89513133E-002  0.14329778E+000  0.35065441E+001  0.29847122E+002  0.74493647E+002  0.19067736E+003  0.35726705E+003
  0.00000000E+000  0.00000000E+000  0.00000000E+000  0.00000000E+000  0.89517325E-002  0.14330007E+000  0.35065685E+001  0.29847182E+002  0.74493755E+002  0.19067761E+003  0.35726749E+003
  0.00000000E+000  0.00000000E+000  0.00000000E+000  0.00000000E+000  0.89521462E-002  0.14330237E+000  0.35065930E+001  0.29847243E+002  0.74493865E+002  0.19067787E+003  0.35726794E+003
  0.00000000E+000  0.00000000E+000  0.00000000E+000  0.00000000E+000  0.89525547E-002  0.14330468E+000  0.35066177E+001  0.29847305E+002  0.74493977E+002  0.19067814E+003  0.35726840E+003
  0.00000000E+000  0.00000000E+000  0.00000000E+000  0.00000000E+000  0.89529582E-002  0.14330699E+000  0.35066425E+001  0.29847368E+002  0.74494090E+002  0.19067841E+003  0.35726887E+003
  0.00000000E+000  0.00000000E+000  0.00000000E+000  0.00000000E+000  0.89533571E-002  0.14330932E+000  0.35066676E+001  0.29847431E+002  0.74494207E+002  0.19067869E+003  0.35726937E+003
  0.00000000E+000  0.00000000E+000  0.00000000E+000  0.00000000E+000  0.89537515E-002  0.14331166E+000  0.35066928E+001  0.29847495E+002  0.74494325E+002  0.19067898E+003  0.35726988E+003
  0.00000000E+000  0.00000000E+000  0.00000000E+000  0.00000000E+000  0.89541417E-002  0.14331402E+000  0.35067183E+001  0.29847561E+002  0.74494446E+002  0.19067927E+003  0.35727041E+003
  0.00000000E+000  0.00000000E+000  0.00000000E+000  0.00000000E+000  0.89545276E-002  0.14331640E+000  0.35067441E+001  0.29847627E+002  0.74494571E+002  0.19067958E+003  0.35727095E+003
  0.00000000E+000  0.00000000E+000  0.00000000E+000  0.00000000E+000  0.89549093E-002  0.14331879E+000  0.35067701E+001  0.29847695E+002  0.74494698E+002  0.19067990E+003  0.35727152E+003
  0.00000000E+000  0.00000000E+000  0.00000000E+000  0.00000000E+000  0.89552868E-002  0.14332120E+000  0.35067964E+001  0.29847764E+002  0.74494828E+002  0.19068023E+003  0.35727211E+003
  0.00000000E+000  0.00000000E+000  0.00000000E+000  0.00000000E+000  0.89556602E-002  0.14332363E+000  0.35068230E+001  0.29847834E+002  0.74494962E+002  0.19068056E+003  0.35727271E+003
  0.00000000E+000  0.00000000E+000  0.00000000E+000  0.00000000E+000  0.89560293E-002  0.14332608E+000  0.35068499E+001  0.29847906E+002  0.74495099E+002  0.19068091E+003  0.35727334E+003
  0.00000000E+000  0.00000000E+000  0.00000000E+000  0.00000000E+000  0.89563940E-002  0.14332854E+000  0.35068771E+001  0.29847980E+002  0.74495240E+002  0.19068128E+003  0.35727400E+003
  0.00000000E+000  0.00000000E+000  0.00000000E+000  0.00000000E+000  0.89567543E-002  0.14333103E+000  0.35069045E+001  0.29848055E+002  0.74495385E+002  0.19068165E+003  0.35727467E+003
  0.00000000E+000  0.00000000E+000  0.00000000E+000  0.00000000E+000  0.89571099E-002  0.14333353E+000  0.35069323E+001  0.29848131E+002  0.74495534E+002  0.19068204E+003  0.35727537E+003
  0.00000000E+000  0.00000000E+000  0.00000000E+000  0.00000000E+000  0.89574607E-002  0.14333605E+000  0.35069604E+001  0.29848209E+002  0.74495686E+002  0.19068243E+003  0.35727610E+003
  0.00000000E+000  0.00000000E+000  0.00000000E+000  0.00000000E+000  0.89578064E-002  0.14333858E+000  0.35069889E+001  0.29848290E+002  0.74495843E+002  0.19068285E+003  0.35727685E+003
  0.00000000E+000  0.00000000E+000  0.00000000E+000  0.00000000E+000  0.89581469E-002  0.14334113E+000  0.35070176E+001  0.29848372E+002  0.74496004E+002  0.19068327E+003  0.35727763E+003
  0.00000000E+000  0.00000000E+000  0.00000000E+000  0.00000000E+000  0.89584819E-002  0.14334370E+000  0.35070467E+001  0.29848455E+002  0.74496170E+002  0.19068371E+003  0.35727844E+003
  0.00000000E+000  0.00000000E+000  0.00000000E+000  0.00000000E+000  0.89588112E-002  0.14334628E+000  0.35070761E+001  0.29848541E+002  0.74496340E+002  0.19068416E+003  0.35727927E+003
  0.00000000E+000  0.00000000E+000  0.00000000E+000  0.00000000E+000  0.89591345E-002  0.14334888E+000  0.35071058E+001  0.29848629E+002  0.74496514E+002  0.19068463E+003  0.35728014E+003
  0.00000000E+000  0.00000000E+000  0.00000000E+000  0.00000000E+000  0.89594515E-002  0.14335150E+000  0.35071359E+001  0.29848719E+002  0.74496694E+002  0.19068512E+003  0.35728103E+003
  0.00000000E+000  0.00000000E+000  0.00000000E+000  0.00000000E+000  0.89597621E-002  0.14335415E+000  0.35071663E+001  0.29848811E+002  0.74496878E+002  0.19068561E+003  0.35728195E+003
  0.00000000E+000  0.00000000E+000  0.00000000E+000  0.00000000E+000  0.89600659E-002  0.14335682E+000  0.35071970E+001  0.29848905E+002  0.74497068E+002  0.19068613E+003  0.35728291E+003
  0.00000000E+000  0.00000000E+000  0.00000000E+000  0.00000000E+000  0.89603627E-002  0.14335952E+000  0.35072282E+001  0.29849001E+002  0.74497262E+002  0.19068666E+003  0.35728390E+003
  0.00000000E+000  0.00000000E+000  0.00000000E+000  0.00000000E+000  0.89606523E-002  0.14336225E+000  0.35072597E+001  0.29849099E+002  0.74497461E+002  0.19068721E+003  0.35728492E+003
  0.00000000E+000  0.00000000E+000  0.00000000E+000  0.00000000E+000  0.89609344E-002  0.14336502E+000  0.35072915E+001  0.29849200E+002  0.74497666E+002  0.19068777E+003  0.35728597E+003
  0.00000000E+000  0.00000000E+000  0.00000000E+000  0.00000000E+000  0.89612088E-002  0.14336783E+000  0.35073238E+001  0.29849303E+002  0.74497877E+002  0.19068835E+003  0.35728706E+003
  0.00000000E+000  0.00000000E+000  0.00000000E+000  0.00000000E+000  0.89614754E-002  0.14337068E+000  0.35073565E+001  0.29849408E+002  0.74498092E+002  0.19068895E+003  0.35728819E+003
  0.00000000E+000  0.00000000E+000  0.00000000E+000  0.00000000E+000  0.89617338E-002  0.14337359E+000  0.35073896E+001  0.29849516E+002  0.74498313E+002  0.19068956E+003  0.35728935E+003
  0.00000000E+000  0.00000000E+000  0.00000000E+000  0.00000000E+000  0.89619840E-002  0.14337655E+000  0.35074231E+001  0.29849626E+002  0.74498540E+002  0.19069019E+003  0.35729055E+003
  0.00000000E+000  0.00000000E+000  0.00000000E+000  0.00000000E+000  0.89622259E-002  0.14337957E+000  0.35074571E+001  0.29849739E+002  0.74498773E+002  0.19069084E+003  0.35729178E+003
  0.00000000E+000  0.00000000E+000  0.00000000E+000  0.00000000E+000  0.89624592E-002  0.14338266E+000  0.35074915E+001  0.29849854E+002  0.74499011E+002  0.19069151E+003  0.35729306E+003
  0.00000000E+000  0.00000000E+000  0.00000000E+000  0.00000000E+000  0.89626838E-002  0.14338581E+000  0.35075264E+001  0.29849971E+002  0.74499255E+002  0.19069220E+003  0.35729437E+003
  0.00000000E+000  0.00000000E+000  0.00000000E+000  0.00000000E+000  0.89628998E-002  0.14338904E+000  0.35075617E+001  0.29850091E+002  0.74499505E+002  0.19069291E+003  0.35729572E+003
  0.00000000E+000  0.00000000E+000  0.00000000E+000  0.00000000E+000  0.89631070E-002  0.14339234E+000  0.35075976E+001  0.29850213E+002  0.74499761E+002  0.19069363E+003  0.35729711E+003
  0.00000000E+000  0.00000000E+000  0.00000000E+000  0.00000000E+000  0.89633055E-002  0.14339572E+000  0.35076339E+001  0.29850338E+002  0.74500023E+002  0.19069438E+003  0.35729854E+003
  0.00000000E+000  0.00000000E+000  0.00000000E+000  0.00000000E+000  0.89634952E-002  0.14339918E+000  0.35076707E+001  0.29850465E+002  0.74500290E+002  0.19069514E+003  0.35730002E+003
  0.00000000E+000  0.00000000E+000  0.00000000E+000  0.00000000E+000  0.89636761E-002  0.14340271E+000  0.35077081E+001  0.29850594E+002  0.74500563E+002  0.19069593E+003  0.35730153E+003
  0.00000000E+000  0.00000000E+000  0.00000000E+000  0.00000000E+000  0.89638483E-002  0.14340633E+000  0.35077460E+001  0.29850725E+002  0.74500842E+002  0.19069673E+003  0.35730309E+003
  0.00000000E+000  0.00000000E+000  0.00000000E+000  0.00000000E+000  0.89640120E-002  0.14341003E+000  0.35077845E+001  0.29850859E+002  0.74501127E+002  0.19069755E+003  0.35730469E+003
  0.00000000E+000  0.00000000E+000  0.00000000E+000  0.00000000E+000  0.89641672E-002  0.14341380E+000  0.35078235E+001  0.29850995E+002  0.74501418E+002  0.19069840E+003  0.35730634E+003
  0.00000000E+000  0.00000000E+000  0.00000000E+000  0.00000000E+000  0.89643141E-002  0.14341764E+000  0.35078631E+001  0.29851133E+002  0.74501714E+002  0.19069926E+003  0.35730803E+003
  0.00000000E+000  0.00000000E+000  0.00000000E+000  0.00000000E+000  0.89644528E-002  0.14342156E+000  0.35079034E+001  0.29851273E+002  0.74502015E+002  0.19070015E+003  0.35730976E+003
  0.00000000E+000  0.00000000E+000  0.00000000E+000  0.00000000E+000  0.89645836E-002  0.14342554E+000  0.35079442E+001  0.29851415E+002  0.74502323E+002  0.19070106E+003  0.35731154E+003
  0.00000000E+000  0.00000000E+000  0.00000000E+000  0.00000000E+000  0.89647067E-002  0.14342958E+000  0.35079857E+001  0.29851558E+002  0.74502635E+002  0.19070198E+003  0.35731336E+003
  0.00000000E+000  0.00000000E+000  0.00000000E+000  0.00000000E+000  0.89648224E-002  0.14343368E+000  0.35080279E+001  0.29851704E+002  0.74502953E+002  0.19070293E+003  0.35731523E+003
  0.00000000E+000  0.00000000E+000  0.00000000E+000  0.00000000E+000  0.89649309E-002  0.14343783E+000  0.35080707E+001  0.29851851E+002  0.74503275E+002  0.19070390E+003  0.35731715E+003
  0.00000000E+000  0.00000000E+000  0.00000000E+000  0.00000000E+000  0.89650325E-002  0.14344201E+000  0.35081143E+001  0.29852000E+002  0.74503603E+002  0.19070489E+003  0.35731911E+003
  0.00000000E+000  0.00000000E+000  0.00000000E+000  0.00000000E+000  0.89651276E-002  0.14344622E+000  0.35081586E+001  0.29852151E+002  0.74503935E+002  0.19070589E+003  0.35732112E+003
  0.00000000E+000  0.00000000E+000  0.00000000E+000  0.00000000E+000  0.89652165E-002  0.14345046E+000  0.35082035E+001  0.29852303E+002  0.74504272E+002  0.19070692E+003  0.35732318E+003
  0.00000000E+000  0.00000000E+000  0.00000000E+000  0.00000000E+000  0.89652995E-002  0.14345471E+000  0.35082493E+001  0.29852456E+002  0.74504614E+002  0.19070797E+003  0.35732528E+003
  0.00000000E+000  0.00000000E+000  0.00000000E+000  0.00000000E+000  0.89653770E-002  0.14345896E+000  0.35082958E+001  0.29852611E+002  0.74504960E+002  0.19070904E+003  0.35732743E+003
  0.00000000E+000  0.00000000E+000  0.00000000E+000  0.00000000E+000  0.89654493E-002  0.14346321E+000  0.35083430E+001  0.29852767E+002  0.74505310E+002  0.19071013E+003  0.35732963E+003
  0.00000000E+000  0.00000000E+000  0.00000000E+000  0.00000000E+000  0.89655167E-002  0.14346743E+000  0.35083910E+001  0.29852924E+002  0.74505664E+002  0.19071124E+003  0.35733188E+003
  0.00000000E+000  0.00000000E+000  0.00000000E+000  0.00000000E+000  0.89655798E-002  0.14347163E+000  0.35084398E+001  0.29853082E+002  0.74506022E+002  0.19071237E+003  0.35733417E+003
  0.00000000E+000  0.00000000E+000  0.00000000E+000  0.00000000E+000  0.89656386E-002  0.14347579E+000  0.35084894E+001  0.29853242E+002  0.74506384E+002  0.19071351E+003  0.35733651E+003
  0.00000000E+000  0.00000000E+000  0.00000000E+000  0.00000000E+000  0.89656937E-002  0.14347990E+000  0.35085397E+001  0.29853403E+002  0.74506749E+002  0.19071468E+003  0.35733890E+003
  0.00000000E+000  0.00000000E+000  0.00000000E+000  0.00000000E+000  0.89657454E-002  0.14348396E+000  0.35085908E+001  0.29853564E+002  0.74507118E+002  0.19071586E+003  0.35734134E+003
  0.00000000E+000  0.00000000E+000  0.00000000E+000  0.00000000E+000  0.89657939E-002  0.14348794E+000  0.35086426E+001  0.29853727E+002  0.74507490E+002  0.19071706E+003  0.35734382E+003
  0.00000000E+000  0.00000000E+000  0.00000000E+000  0.00000000E+000  0.89658395E-002  0.14349185E+000  0.35086952E+001  0.29853890E+002  0.74507865E+002  0.19071828E+003  0.35734635E+003
  0.00000000E+000  0.00000000E+000  0.00000000E+000  0.00000000E+000  0.89658826E-002  0.14349568E+000  0.35087485E+001  0.29854055E+002  0.74508243E+002  0.19071952E+003  0.35734893E+003
  0.00000000E+000  0.00000000E+000  0.00000000E+000  0.00000000E+000  0.89659235E-002  0.14349941E+000  0.35088026E+001  0.29854220E+002  0.74508624E+002  0.19072078E+003  0.35735155E+003
  0.00000000E+000  0.00000000E+000  0.00000000E+000  0.00000000E+000  0.89659623E-002  0.14350304E+000  0.35088573E+001  0.29854387E+002  0.74509007E+002  0.19072205E+003  0.35735423E+003
  0.00000000E+000  0.00000000E+000  0.00000000E+000  0.00000000E+000  0.89659994E-002  0.14350657E+000  0.35089128E+001  0.29854554E+002  0.74509393E+002  0.19072333E+003  0.35735694E+003
  0.00000000E+000  0.00000000E+000  0.00000000E+000  0.00000000E+000  0.89660348E-002  0.14350999E+000  0.35089688E+001  0.29854722E+002  0.74509781E+002  0.19072463E+003  0.35735970E+003
  0.00000000E+000  0.00000000E+000  0.00000000E+000  0.00000000E+000  0.89660689E-002  0.14351329E+000  0.35090256E+001  0.29854891E+002  0.74510171E+002  0.19072595E+003  0.35736251E+003
  0.00000000E+000  0.00000000E+000  0.00000000E+000  0.00000000E+000  0.89661019E-002  0.14351647E+000  0.35090829E+001  0.29855060E+002  0.74510563E+002  0.19072728E+003  0.35736536E+003
  0.00000000E+000  0.00000000E+000  0.00000000E+000  0.00000000E+000  0.89661337E-002  0.14351953E+000  0.35091408E+001  0.29855231E+002  0.74510957E+002  0.19072863E+003  0.35736826E+003
  0.00000000E+000  0.00000000E+000  0.00000000E+000  0.00000000E+000  0.89661647E-002  0.14352247E+000  0.35091992E+001  0.29855402E+002  0.74511353E+002  0.19072998E+003  0.35737119E+003
  0.00000000E+000  0.00000000E+000  0.00000000E+000  0.00000000E+000  0.89661950E-002  0.14352528E+000  0.35092582E+001  0.29855574E+002  0.74511750E+002  0.19073135E+003  0.35737417E+003
  0.00000000E+000  0.00000000E+000  0.00000000E+000  0.00000000E+000  0.89662245E-002  0.14352797E+000  0.35093175E+001  0.29855746E+002  0.74512148E+002  0.19073273E+003  0.35737719E+003
  0.00000000E+000  0.00000000E+000  0.00000000E+000  0.00000000E+000  0.89662535E-002  0.14353054E+000  0.35093774E+001  0.29855919E+002  0.74512547E+002  0.19073413E+003  0.35738026E+003
  0.00000000E+000  0.00000000E+000  0.00000000E+000  0.00000000E+000  0.89662820E-002  0.14353298E+000  0.35094375E+001  0.29856093E+002  0.74512947E+002  0.19073553E+003  0.35738336E+003
  0.00000000E+000  0.00000000E+000  0.00000000E+000  0.00000000E+000  0.89663100E-002  0.14353530E+000  0.35094980E+001  0.29856268E+002  0.74513349E+002  0.19073695E+003  0.35738649E+003
  0.00000000E+000  0.00000000E+000  0.00000000E+000  0.00000000E+000  0.89663376E-002  0.14353751E+000  0.35095587E+001  0.29856443E+002  0.74513750E+002  0.19073837E+003  0.35738967E+003
  0.00000000E+000  0.00000000E+000  0.00000000E+000  0.00000000E+000  0.89663648E-002  0.14353959E+000  0.35096197E+001  0.29856619E+002  0.74514153E+002  0.19073980E+003  0.35739288E+003
  0.00000000E+000  0.00000000E+000  0.00000000E+000  0.00000000E+000  0.89663917E-002  0.14354157E+000  0.35096807E+001  0.29856796E+002  0.74514555E+002  0.19074124E+003  0.35739613E+003
  0.00000000E+000  0.00000000E+000  0.00000000E+000  0.00000000E+000  0.89664182E-002  0.14354343E+000  0.35097418E+001  0.29856973E+002  0.74514958E+002  0.19074268E+003  0.35739941E+003
  0.00000000E+000  0.00000000E+000  0.00000000E+000  0.00000000E+000  0.89664443E-002  0.14354520E+000  0.35098029E+001  0.29857151E+002  0.74515361E+002  0.19074414E+003  0.35740272E+003
  0.00000000E+000  0.00000000E+000  0.00000000E+000  0.00000000E+000  0.89664701E-002  0.14354686E+000  0.35098640E+001  0.29857329E+002  0.74515764E+002  0.19074559E+003  0.35740606E+003
  0.00000000E+000  0.00000000E+000  0.00000000E+000  0.00000000E+000  0.89664955E-002  0.14354842E+000  0.35099248E+001  0.29857508E+002  0.74516167E+002  0.19074706E+003  0.35740943E+003
  0.00000000E+000  0.00000000E+000  0.00000000E+000  0.00000000E+000  0.89665205E-002  0.14354989E+000  0.35099855E+001  0.29857688E+002  0.74516569E+002  0.19074852E+003  0.35741283E+003
  0.00000000E+000  0.00000000E+000  0.00000000E+000  0.00000000E+000  0.89665450E-002  0.14355128E+000  0.35100458E+001  0.29857868E+002  0.74516972E+002  0.19074999E+003  0.35741626E+003
  0.00000000E+000  0.00000000E+000  0.00000000E+000  0.00000000E+000  0.89665690E-002  0.14355258E+000  0.35101057E+001  0.29858048E+002  0.74517373E+002  0.19075146E+003  0.35741971E+003
  0.00000000E+000  0.00000000E+000  0.00000000E+000  0.00000000E+000  0.89665925E-002  0.14355380E+000  0.35101652E+001  0.29858229E+002  0.74517774E+002  0.19075294E+003  0.35742319E+003
  0.00000000E+000  0.00000000E+000  0.00000000E+000  0.00000000E+000  0.89666153E-002  0.14355495E+000  0.35102241E+001  0.29858410E+002  0.74518174E+002  0.19075441E+003  0.35742668E+003
  0.00000000E+000  0.00000000E+000  0.00000000E+000  0.00000000E+000  0.89666374E-002  0.14355603E+000  0.35102823E+001  0.29858591E+002  0.74518573E+002  0.19075589E+003  0.35743020E+003
  0.00000000E+000  0.00000000E+000  0.00000000E+000  0.00000000E+000  0.89666588E-002  0.14355704E+000  0.35103398E+001  0.29858773E+002  0.74518972E+002  0.19075737E+003  0.35743373E+003
  0.00000000E+000  0.00000000E+000  0.00000000E+000  0.00000000E+000  0.89666793E-002  0.14355799E+000  0.35103965E+001  0.29858955E+002  0.74519369E+002  0.19075884E+003  0.35743728E+003
  0.00000000E+000  0.00000000E+000  0.00000000E+000  0.00000000E+000  0.89666989E-002  0.14355888E+000  0.35104524E+001  0.29859138E+002  0.74519765E+002  0.19076031E+003  0.35744085E+003
  0.00000000E+000  0.00000000E+000  0.00000000E+000  0.00000000E+000  0.89667174E-002  0.14355971E+000  0.35105073E+001  0.29859320E+002  0.74520160E+002  0.19076178E+003  0.35744442E+003
  0.00000000E+000  0.00000000E+000  0.00000000E+000  0.00000000E+000  0.89667347E-002  0.14356050E+000  0.35105612E+001  0.29859502E+002  0.74520553E+002  0.19076325E+003  0.35744801E+003
  0.00000000E+000  0.00000000E+000  0.00000000E+000  0.00000000E+000  0.89667509E-002  0.14356123E+000  0.35106139E+001  0.29859685E+002  0.74520945E+002  0.19076471E+003  0.35745161E+003
  0.00000000E+000  0.00000000E+000  0.00000000E+000  0.00000000E+000  0.89667656E-002  0.14356192E+000  0.35106656E+001  0.29859867E+002  0.74521336E+002  0.19076617E+003  0.35745521E+003
  0.00000000E+000  0.00000000E+000  0.00000000E+000  0.00000000E+000  0.89667788E-002  0.14356257E+000  0.35107160E+001  0.29860049E+002  0.74521725E+002  0.19076763E+003  0.35745882E+003
  0.00000000E+000  0.00000000E+000  0.00000000E+000  0.00000000E+000  0.89667904E-002  0.14356318E+000  0.35107652E+001  0.29860231E+002  0.74522112E+002  0.19076908E+003  0.35746244E+003
  0.00000000E+000  0.00000000E+000  0.00000000E+000  0.00000000E+000  0.89668002E-002  0.14356375E+000  0.35108130E+001  0.29860412E+002  0.74522497E+002  0.19077052E+003  0.35746605E+003
  0.00000000E+000  0.00000000E+000  0.00000000E+000  0.00000000E+000  0.89668081E-002  0.14356428E+000  0.35108595E+001  0.29860593E+002  0.74522881E+002  0.19077195E+003  0.35746967E+003
  0.00000000E+000  0.00000000E+000  0.00000000E+000  0.00000000E+000  0.89668139E-002  0.14356477E+000  0.35109047E+001  0.29860774E+002  0.74523263E+002  0.19077338E+003  0.35747328E+003
  0.00000000E+000  0.00000000E+000  0.00000000E+000  0.00000000E+000  0.89668174E-002  0.14356524E+000  0.35109484E+001  0.29860953E+002  0.74523642E+002  0.19077480E+003  0.35747689E+003
  0.00000000E+000  0.00000000E+000  0.00000000E+000  0.00000000E+000  0.89668185E-002  0.14356567E+000  0.35109907E+001  0.29861132E+002  0.74524020E+002  0.19077622E+003  0.35748049E+003
  0.00000000E+000  0.00000000E+000  0.00000000E+000  0.00000000E+000  0.89668170E-002  0.14356607E+000  0.35110315E+001  0.29861310E+002  0.74524395E+002  0.19077762E+003  0.35748409E+003
  0.00000000E+000  0.00000000E+000  0.00000000E+000  0.00000000E+000  0.89668126E-002  0.14356644E+000  0.35110709E+001  0.29861487E+002  0.74524769E+002  0.19077902E+003  0.35748767E+003
  0.00000000E+000  0.00000000E+000  0.00000000E+000  0.00000000E+000  0.89668051E-002  0.14356678E+000  0.35111088E+001  0.29861662E+002  0.74525139E+002  0.19078040E+003  0.35749125E+003
  0.00000000E+000  0.00000000E+000  0.00000000E+000  0.00000000E+000  0.89667943E-002  0.14356709E+000  0.35111452E+001  0.29861837E+002  0.74525508E+002  0.19078178E+003  0.35749481E+003
  0.00000000E+000  0.00000000E+000  0.00000000E+000  0.00000000E+000  0.89667799E-002  0.14356738E+000  0.35111801E+001  0.29862009E+002  0.74525874E+002  0.19078314E+003  0.35749836E+003
  0.00000000E+000  0.00000000E+000  0.00000000E+000  0.00000000E+000  0.89667618E-002  0.14356763E+000  0.35112136E+001  0.29862181E+002  0.74526237E+002  0.19078450E+003  0.35750190E+003
  0.00000000E+000  0.00000000E+000  0.00000000E+000  0.00000000E+000  0.89667394E-002  0.14356786E+000  0.35112456E+001  0.29862350E+002  0.74526597E+002  0.19078584E+003  0.35750542E+003
  0.00000000E+000  0.00000000E+000  0.00000000E+000  0.00000000E+000  0.89667126E-002  0.14356806E+000  0.35112762E+001  0.29862518E+002  0.74526955E+002  0.19078717E+003  0.35750891E+003
  0.00000000E+000  0.00000000E+000  0.00000000E+000  0.00000000E+000  0.89666810E-002  0.14356823E+000  0.35113054E+001  0.29862683E+002  0.74527309E+002  0.19078850E+003  0.35751239E+003
  0.00000000E+000  0.00000000E+000  0.00000000E+000  0.00000000E+000  0.89666442E-002  0.14356838E+000  0.35113331E+001  0.29862846E+002  0.74527661E+002  0.19078980E+003  0.35751585E+003
  0.00000000E+000  0.00000000E+000  0.00000000E+000  0.00000000E+000  0.89666018E-002  0.14356849E+000  0.35113595E+001  0.29863007E+002  0.74528009E+002  0.19079110E+003  0.35751928E+003
  0.00000000E+000  0.00000000E+000  0.00000000E+000  0.00000000E+000  0.89665533E-002  0.14356857E+000  0.35113845E+001  0.29863166E+002  0.74528354E+002  0.19079238E+003  0.35752269E+003
  0.00000000E+000  0.00000000E+000  0.00000000E+000  0.00000000E+000  0.89664983E-002  0.14356862E+000  0.35114082E+001  0.29863322E+002  0.74528695E+002  0.19079366E+003  0.35752608E+003
  0.00000000E+000  0.00000000E+000  0.00000000E+000  0.00000000E+000  0.89664362E-002  0.14356864E+000  0.35114306E+001  0.29863475E+002  0.74529033E+002  0.19079491E+003  0.35752943E+003
  0.00000000E+000  0.00000000E+000  0.00000000E+000  0.00000000E+000  0.89663665E-002  0.14356862E+000  0.35114518E+001  0.29863625E+002  0.74529367E+002  0.19079616E+003  0.35753277E+003
  0.00000000E+000  0.00000000E+000  0.00000000E+000  0.00000000E+000  0.89662886E-002  0.14356857E+000  0.35114717E+001  0.29863773E+002  0.74529698E+002  0.19079739E+003  0.35753607E+003
  0.00000000E+000  0.00000000E+000  0.00000000E+000  0.00000000E+000  0.89662018E-002  0.14356848E+000  0.35114903E+001  0.29863917E+002  0.74530024E+002  0.19079861E+003  0.35753934E+003
  0.00000000E+000  0.00000000E+000  0.00000000E+000  0.00000000E+000  0.89661054E-002  0.14356834E+000  0.35115078E+001  0.29864058E+002  0.74530346E+002  0.19079981E+003  0.35754258E+003
  0.00000000E+000  0.00000000E+000  0.00000000E+000  0.00000000E+000  0.89659986E-002  0.14356816E+000  0.35115241E+001  0.29864196E+002  0.74530664E+002  0.19080101E+003  0.35754579E+003
  0.00000000E+000  0.00000000E+000  0.00000000E+000  0.00000000E+000  0.89658805E-002  0.14356794E+000  0.35115393E+001  0.29864330E+002  0.74530978E+002  0.19080218E+003  0.35754897E+003
  0.00000000E+000  0.00000000E+000  0.00000000E+000  0.00000000E+000  0.89657504E-002  0.14356766E+000  0.35115533E+001  0.29864461E+002  0.74531286E+002  0.19080334E+003  0.35755212E+003
  0.00000000E+000  0.00000000E+000  0.00000000E+000  0.00000000E+000  0.89656071E-002  0.14356733E+000  0.35115663E+001  0.29864589E+002  0.74531591E+002  0.19080449E+003  0.35755523E+003
  0.00000000E+000  0.00000000E+000  0.00000000E+000  0.00000000E+000  0.89654498E-002  0.14356693E+000  0.35115781E+001  0.29864712E+002  0.74531890E+002  0.19080562E+003  0.35755831E+003
  0.00000000E+000  0.00000000E+000  0.00000000E+000  0.00000000E+000  0.89652772E-002  0.14356648E+000  0.35115888E+001  0.29864832E+002  0.74532184E+002  0.19080674E+003  0.35756135E+003
  0.00000000E+000  0.00000000E+000  0.00000000E+000  0.00000000E+000  0.89650883E-002  0.14356595E+000  0.35115985E+001  0.29864949E+002  0.74532473E+002  0.19080785E+003  0.35756435E+003
  0.00000000E+000  0.00000000E+000  0.00000000E+000  0.00000000E+000  0.89648818E-002  0.14356535E+000  0.35116071E+001  0.29865061E+002  0.74532756E+002  0.19080893E+003  0.35756732E+003
  0.00000000E+000  0.00000000E+000  0.00000000E+000  0.00000000E+000  0.89646564E-002  0.14356467E+000  0.35116146E+001  0.29865169E+002  0.74533034E+002  0.19081001E+003  0.35757026E+003
  0.00000000E+000  0.00000000E+000  0.00000000E+000  0.00000000E+000  0.89644107E-002  0.14356389E+000  0.35116210E+001  0.29865274E+002  0.74533307E+002  0.19081106E+003  0.35757315E+003
  0.00000000E+000  0.00000000E+000  0.00000000E+000  0.00000000E+000  0.89641432E-002  0.14356302E+000  0.35116263E+001  0.29865374E+002  0.74533573E+002  0.19081210E+003  0.35757601E+003
  0.00000000E+000  0.00000000E+000  0.00000000E+000  0.00000000E+000  0.89638524E-002  0.14356204E+000  0.35116304E+001  0.29865470E+002  0.74533833E+002  0.19081313E+003  0.35757883E+003
  0.00000000E+000  0.00000000E+000  0.00000000E+000  0.00000000E+000  0.89635368E-002  0.14356095E+000  0.35116334E+001  0.29865562E+002  0.74534087E+002  0.19081414E+003  0.35758162E+003
  0.00000000E+000  0.00000000E+000  0.00000000E+000  0.00000000E+000  0.89631947E-002  0.14355973E+000  0.35116351E+001  0.29865649E+002  0.74534335E+002  0.19081513E+003  0.35758436E+003
  0.00000000E+000  0.00000000E+000  0.00000000E+000  0.00000000E+000  0.89628244E-002  0.14355837E+000  0.35116355E+001  0.29865732E+002  0.74534576E+002  0.19081610E+003  0.35758706E+003
  0.00000000E+000  0.00000000E+000  0.00000000E+000  0.00000000E+000  0.89624243E-002  0.14355686E+000  0.35116346E+001  0.29865811E+002  0.74534810E+002  0.19081706E+003  0.35758973E+003
  0.00000000E+000  0.00000000E+000  0.00000000E+000  0.00000000E+000  0.89619924E-002  0.14355519E+000  0.35116322E+001  0.29865885E+002  0.74535037E+002  0.19081800E+003  0.35759235E+003
  0.00000000E+000  0.00000000E+000  0.00000000E+000  0.00000000E+000  0.89615271E-002  0.14355335E+000  0.35116282E+001  0.29865954E+002  0.74535256E+002  0.19081892E+003  0.35759493E+003
  0.00000000E+000  0.00000000E+000  0.00000000E+000  0.00000000E+000  0.89610265E-002  0.14355131E+000  0.35116226E+001  0.29866019E+002  0.74535468E+002  0.19081982E+003  0.35759747E+003
  0.00000000E+000  0.00000000E+000  0.00000000E+000  0.00000000E+000  0.89604889E-002  0.14354906E+000  0.35116151E+001  0.29866078E+002  0.74535672E+002  0.19082071E+003  0.35759997E+003
  0.00000000E+000  0.00000000E+000  0.00000000E+000  0.00000000E+000  0.89599125E-002  0.14354659E+000  0.35116057E+001  0.29866133E+002  0.74535867E+002  0.19082157E+003  0.35760243E+003
  0.00000000E+000  0.00000000E+000  0.00000000E+000  0.00000000E+000  0.89592956E-002  0.14354387E+000  0.35115942E+001  0.29866181E+002  0.74536054E+002  0.19082242E+003  0.35760484E+003
  0.00000000E+000  0.00000000E+000  0.00000000E+000  0.00000000E+000  0.89586365E-002  0.14354090E+000  0.35115803E+001  0.29866224E+002  0.74536232E+002  0.19082324E+003  0.35760722E+003
  0.00000000E+000  0.00000000E+000  0.00000000E+000  0.00000000E+000  0.89579336E-002  0.14353764E+000  0.35115639E+001  0.29866261E+002  0.74536400E+002  0.19082404E+003  0.35760954E+003
  0.00000000E+000  0.00000000E+000  0.00000000E+000  0.00000000E+000  0.89571855E-002  0.14353409E+000  0.35115446E+001  0.29866292E+002  0.74536558E+002  0.19082482E+003  0.35761182E+003
  0.00000000E+000  0.00000000E+000  0.00000000E+000  0.00000000E+000  0.89563908E-002  0.14353021E+000  0.35115223E+001  0.29866316E+002  0.74536706E+002  0.19082558E+003  0.35761406E+003
  0.00000000E+000  0.00000000E+000  0.00000000E+000  0.00000000E+000  0.89555483E-002  0.14352600E+000  0.35114965E+001  0.29866332E+002  0.74536841E+002  0.19082631E+003  0.35761625E+003
  0.00000000E+000  0.00000000E+000  0.00000000E+000  0.00000000E+000  0.89546569E-002  0.14352142E+000  0.35114669E+001  0.29866340E+002  0.74536965E+002  0.19082702E+003  0.35761838E+003
  0.00000000E+000  0.00000000E+000  0.00000000E+000  0.00000000E+000  0.89537157E-002  0.14351646E+000  0.35114333E+001  0.29866339E+002  0.74537075E+002  0.19082769E+003  0.35762047E+003
  0.00000000E+000  0.00000000E+000  0.00000000E+000  0.00000000E+000  0.89527239E-002  0.14351109E+000  0.35113951E+001  0.29866329E+002  0.74537171E+002  0.19082834E+003  0.35762251E+003
  0.00000000E+000  0.00000000E+000  0.00000000E+000  0.00000000E+000  0.89516811E-002  0.14350531E+000  0.35113519E+001  0.29866308E+002  0.74537251E+002  0.19082896E+003  0.35762449E+003
  0.00000000E+000  0.00000000E+000  0.00000000E+000  0.00000000E+000  0.89505868E-002  0.14349908E+000  0.35113034E+001  0.29866276E+002  0.74537313E+002  0.19082954E+003  0.35762642E+003
  0.00000000E+000  0.00000000E+000  0.00000000E+000  0.00000000E+000  0.89494408E-002  0.14349240E+000  0.35112489E+001  0.29866230E+002  0.74537357E+002  0.19083009E+003  0.35762829E+003
  0.00000000E+000  0.00000000E+000  0.00000000E+000  0.00000000E+000  0.89482432E-002  0.14348524E+000  0.35111880E+001  0.29866170E+002  0.74537380E+002  0.19083060E+003  0.35763009E+003
  0.00000000E+000  0.00000000E+000  0.00000000E+000  0.00000000E+000  0.89469939E-002  0.14347760E+000  0.35111202E+001  0.29866094E+002  0.74537379E+002  0.19083106E+003  0.35763183E+003
  0.00000000E+000  0.00000000E+000  0.00000000E+000  0.00000000E+000  0.89456934E-002  0.14346947E+000  0.35110449E+001  0.29866000E+002  0.74537353E+002  0.19083148E+003  0.35763350E+003
  0.00000000E+000  0.00000000E+000  0.00000000E+000  0.00000000E+000  0.89443412E-002  0.14346083E+000  0.35109617E+001  0.29865886E+002  0.74537297E+002  0.19083184E+003  0.35763509E+003
  0.00000000E+000  0.00000000E+000  0.00000000E+000  0.00000000E+000  0.89429386E-002  0.14345168E+000  0.35108701E+001  0.29865750E+002  0.74537209E+002  0.19083215E+003  0.35763661E+003
  0.00000000E+000  0.00000000E+000  0.00000000E+000  0.00000000E+000  0.89414830E-002  0.14344203E+000  0.35107695E+001  0.29865588E+002  0.74537083E+002  0.19083239E+003  0.35763803E+003
  0.00000000E+000  0.00000000E+000  0.00000000E+000  0.00000000E+000  0.89399783E-002  0.14343188E+000  0.35106595E+001  0.29865398E+002  0.74536915E+002  0.19083256E+003  0.35763935E+003
  0.00000000E+000  0.00000000E+000  0.00000000E+000  0.00000000E+000  0.89384153E-002  0.14342123E+000  0.35105396E+001  0.29865175E+002  0.74536699E+002  0.19083265E+003  0.35764057E+003
  0.00000000E+000  0.00000000E+000  0.00000000E+000  0.00000000E+000  0.89368108E-002  0.14341012E+000  0.35104096E+001  0.29864917E+002  0.74536430E+002  0.19083264E+003  0.35764167E+003
  0.00000000E+000  0.00000000E+000  0.00000000E+000  0.00000000E+000  0.89351364E-002  0.14339853E+000  0.35102687E+001  0.29864616E+002  0.74536095E+002  0.19083253E+003  0.35764263E+003
  0.00000000E+000  0.00000000E+000  0.00000000E+000  0.00000000E+000  0.89334605E-002  0.14338664E+000  0.35101180E+001  0.29864275E+002  0.74535697E+002  0.19083231E+003  0.35764345E+003
  0.00000000E+000  0.00000000E+000  0.00000000E+000  0.00000000E+000  0.89316532E-002  0.14337427E+000  0.35099544E+001  0.29863876E+002  0.74535209E+002  0.19083193E+003  0.35764409E+003
  0.00000000E+000  0.00000000E+000  0.00000000E+000  0.00000000E+000  0.89299300E-002  0.14336197E+000  0.35097837E+001  0.29863440E+002  0.74534653E+002  0.19083144E+003  0.35764456E+003
