  0.16349284E+000  0.20809327E+000  0.39126595E+000  0.58375773E+000  0.91104402E+000  0.10438316E+001  0.15021551E+001  0.27091277E+001  0.47000039E+001  0.66747974E+001  0.96064091E+001
  0.16356855E+000  0.20813541E+000  0.39128764E+000  0.58376448E+000  0.91153457E+000  0.10442942E+001  0.15022341E+001  0.27091610E+001  0.47000497E+001  0.66748511E+001  0.96064122E+001
  0.16363843E+000  0.20820276E+000  0.39134328E+000  0.58377001E+000  0.91194683E+000  0.10447500E+001  0.15022540E+001  0.27091889E+001  0.47001122E+001  0.66748963E+001  0.96064149E+001
  0.16369656E+000  0.20827333E+000  0.39143582E+000  0.58377456E+000  0.91226653E+000  0.10450206E+001  0.15022714E+001  0.27092123E+001  0.47001716E+001  0.66749346E+001  0.96064173E+001
  0.16374511E+000  0.20834592E+000  0.39144072E+000  0.58377835E+000  0.91254935E+000  0.10453502E+001  0.15022874E+001  0.27092319E+001  0.47002104E+001  0.66749671E+001  0.96064193E+001
  0.16378623E+000  0.20839280E+000  0.39144369E+000  0.58378151E+000  0.91276695E+000  0.10455869E+001  0.15023018E+001  0.27091866E+001  0.47002173E+001  0.66749948E+001  0.96064211E+001
  0.16382348E+000  0.20842337E+000  0.39144632E+000  0.58378418E+000  0.91296603E+000  0.10457581E+001  0.15023146E+001  0.27091970E+001  0.47002217E+001  0.66750185E+001  0.96064227E+001
  0.16385039E+000  0.20843512E+000  0.39147190E+000  0.58378645E+000  0.91310916E+000  0.10458833E+001  0.15023259E+001  0.27092058E+001  0.47002255E+001  0.66750389E+001  0.96064240E+001
  0.16387639E+000  0.20845287E+000  0.39147648E+000  0.58378839E+000  0.91325922E+000  0.10460263E+001  0.15023359E+001  0.27092133E+001  0.47002287E+001  0.66750564E+001  0.96064252E+001
  0.16389855E+000  0.20852434E+000  0.39147860E+000  0.58379006E+000  0.91336135E+000  0.10461742E+001  0.15023446E+001  0.27092197E+001  0.47002314E+001  0.66750716E+001  0.96064263E+001
  0.16391747E+000  0.20853291E+000  0.39148041E+000  0.58400719E+000  0.91347630E+000  0.10462849E+001  0.15023522E+001  0.27092251E+001  0.47002336E+001  0.66750847E+001  0.96064273E+001
  0.16393363E+000  0.20854125E+000  0.39148200E+000  0.58400995E+000  0.91355850E+000  0.10463795E+001  0.15023589E+001  0.27092994E+001  0.47002355E+001  0.66750962E+001  0.96064281E+001
  0.16394707E+000  0.20854925E+000  0.39148340E+000  0.58401230E+000  0.91362896E+000  0.10464252E+001  0.15023647E+001  0.27093027E+001  0.47002371E+001  0.66751061E+001  0.96064288E+001
  0.16395891E+000  0.20859865E+000  0.39148466E+000  0.58401431E+000  0.91369195E+000  0.10465106E+001  0.15023699E+001  0.27093056E+001  0.47002384E+001  0.66751148E+001  0.96064295E+001
  0.16396906E+000  0.20860535E+000  0.39148580E+000  0.58401602E+000  0.91373635E+000  0.10465516E+001  0.15023744E+001  0.27093080E+001  0.47002395E+001  0.66751224E+001  0.96064301E+001
  0.16397779E+000  0.20861845E+000  0.39148684E+000  0.58401749E+000  0.91377398E+000  0.10465864E+001  0.15023783E+001  0.27093101E+001  0.47002405E+001  0.66751290E+001  0.96064307E+001
  0.16398529E+000  0.20862221E+000  0.39148780E+000  0.58401874E+000  0.91380586E+000  0.10466159E+001  0.15023818E+001  0.27093119E+001  0.47002413E+001  0.66751348E+001  0.96064312E+001
  0.16399043E+000  0.20862564E+000  0.39148870E+000  0.58401982E+000  0.91383286E+000  0.10466409E+001  0.15023849E+001  0.27093134E+001  0.47002421E+001  0.66751399E+001  0.96064316E+001
  0.16399513E+000  0.20863779E+000  0.39148953E+000  0.58402074E+000  0.91387582E+000  0.10466620E+001  0.15023877E+001  0.27093147E+001  0.47002452E+001  0.66751445E+001  0.96064320E+001
  0.16399981E+000  0.20863944E+000  0.39149032E+000  0.58402153E+000  0.91389509E+000  0.10466798E+001  0.15023901E+001  0.27093157E+001  0.47002483E+001  0.66774107E+001  0.96064324E+001
  0.16400376E+000  0.20864093E+000  0.39149106E+000  0.58402222E+000  0.91391137E+000  0.10466948E+001  0.15023924E+001  0.27093167E+001  0.47002510E+001  0.66774110E+001  0.96064328E+001
  0.16400717E+000  0.20864226E+000  0.39149177E+000  0.58402281E+000  0.91393118E+000  0.10467075E+001  0.15023944E+001  0.27093174E+001  0.47002532E+001  0.66774115E+001  0.96064332E+001
  0.16401010E+000  0.20864345E+000  0.39149245E+000  0.58402333E+000  0.91394406E+000  0.10467182E+001  0.15023962E+001  0.27093181E+001  0.47002551E+001  0.66774120E+001  0.96064335E+001
  0.16401261E+000  0.20864450E+000  0.39149311E+000  0.58402378E+000  0.91395365E+000  0.10467694E+001  0.15023979E+001  0.27093187E+001  0.47002568E+001  0.66774125E+001  0.96064338E+001
  0.16401478E+000  0.20864542E+000  0.39149374E+000  0.58402417E+000  0.91396170E+000  0.10467844E+001  0.15023994E+001  0.27093192E+001  0.47002582E+001  0.66774131E+001  0.96064341E+001
  0.16401686E+000  0.20864624E+000  0.39149436E+000  0.58402452E+000  0.91396845E+000  0.10467867E+001  0.15024009E+001  0.27093196E+001  0.47002595E+001  0.66774136E+001  0.96064344E+001
  0.16401868E+000  0.20864696E+000  0.39149496E+000  0.58402483E+000  0.91397410E+000  0.10467887E+001  0.15024023E+001  0.27093199E+001  0.47002606E+001  0.66774142E+001  0.96064347E+001
  0.16402027E+000  0.20864760E+000  0.39149555E+000  0.58402510E+000  0.91397883E+000  0.10467904E+001  0.15024036E+001  0.27093203E+001  0.47002616E+001  0.66774148E+001  0.96064350E+001
  0.16402168E+000  0.20864816E+000  0.39149613E+000  0.58402536E+000  0.91398278E+000  0.10467919E+001  0.15024048E+001  0.27093205E+001  0.47002625E+001  0.66774154E+001  0.96064353E+001
  0.16402294E+000  0.20866522E+000  0.39149671E+000  0.58402558E+000  0.91398609E+000  0.10467932E+001  0.15024060E+001  0.27093208E+001  0.47002633E+001  0.66774160E+001  0.96064357E+001
  0.16402408E+000  0.20866544E+000  0.39149727E+000  0.58402580E+000  0.91398887E+000  0.10467943E+001  0.15024071E+001  0.27093210E+001  0.47002641E+001  0.66774166E+001  0.96064360E+001
  0.16402512E+000  0.20866563E+000  0.39149784E+000  0.58402600E+000  0.91399120E+000  0.10467953E+001  0.15024083E+001  0.27093212E+001  0.47002648E+001  0.66774172E+001  0.96064363E+001
  0.16402605E+000  0.20866581E+000  0.39149840E+000  0.58402618E+000  0.91399317E+000  0.10468211E+001  0.15024094E+001  0.27093213E+001  0.47002654E+001  0.66774179E+001  0.96064366E+001
  0.16402690E+000  0.20866597E+000  0.39149896E+000  0.58402636E+000  0.91399486E+000  0.10468215E+001  0.15024105E+001  0.27093215E+001  0.47002660E+001  0.66774185E+001  0.96064370E+001
  0.16402772E+000  0.20866612E+000  0.39149952E+000  0.58402653E+000  0.91399632E+000  0.10468219E+001  0.15024116E+001  0.27093216E+001  0.47002665E+001  0.66774192E+001  0.96064373E+001
  0.16402850E+000  0.20866626E+000  0.39150008E+000  0.58402670E+000  0.91399759E+000  0.10468223E+001  0.15024127E+001  0.27093218E+001  0.47002670E+001  0.66774199E+001  0.96064377E+001
  0.16402926E+000  0.20866639E+000  0.39150064E+000  0.58402687E+000  0.91399872E+000  0.10468226E+001  0.15024138E+001  0.27093219E+001  0.47002674E+001  0.66774206E+001  0.96064380E+001
  0.16403001E+000  0.20866652E+000  0.39150120E+000  0.58402703E+000  0.91399974E+000  0.10468228E+001  0.15024149E+001  0.27093220E+001  0.47002678E+001  0.66774214E+001  0.96064384E+001
  0.16403074E+000  0.20866664E+000  0.39150243E+000  0.58402720E+000  0.91400068E+000  0.10468231E+001  0.15024160E+001  0.27093221E+001  0.47002682E+001  0.66774222E+001  0.96064388E+001
  0.16403147E+000  0.20866676E+000  0.39150405E+000  0.58402736E+000  0.91400157E+000  0.10468234E+001  0.15024172E+001  0.27093223E+001  0.47002685E+001  0.66774230E+001  0.96064392E+001
  0.16403220E+000  0.20866688E+000  0.39152895E+000  0.58402752E+000  0.91400241E+000  0.10468236E+001  0.15024183E+001  0.27093224E+001  0.47002697E+001  0.66774238E+001  0.96064397E+001
  0.16403293E+000  0.20866700E+000  0.39152988E+000  0.58402769E+000  0.91400323E+000  0.10468238E+001  0.15024194E+001  0.27093225E+001  0.47002710E+001  0.66774247E+001  0.96064401E+001
  0.16403365E+000  0.20866712E+000  0.39153081E+000  0.58402785E+000  0.91400402E+000  0.10468240E+001  0.15024206E+001  0.27093226E+001  0.47002723E+001  0.66774256E+001  0.96064406E+001
  0.16403438E+000  0.20866724E+000  0.39153172E+000  0.58402801E+000  0.91400481E+000  0.10468243E+001  0.15024218E+001  0.27093227E+001  0.47002736E+001  0.66774265E+001  0.96064410E+001
  0.16403511E+000  0.20866737E+000  0.39153262E+000  0.58402818E+000  0.91400560E+000  0.10468245E+001  0.15024229E+001  0.27093229E+001  0.47002750E+001  0.66774275E+001  0.96064416E+001
  0.16403585E+000  0.20866749E+000  0.39153350E+000  0.58402834E+000  0.91400638E+000  0.10468247E+001  0.15024241E+001  0.27093230E+001  0.47002764E+001  0.66774285E+001  0.96064421E+001
  0.16403658E+000  0.20866761E+000  0.39153437E+000  0.58402851E+000  0.91400717E+000  0.10468249E+001  0.15024253E+001  0.27093231E+001  0.47002779E+001  0.66774295E+001  0.96064426E+001
  0.16403766E+000  0.20866774E+000  0.39153523E+000  0.58402868E+000  0.91400796E+000  0.10468251E+001  0.15024265E+001  0.27093232E+001  0.47002794E+001  0.66774306E+001  0.96064432E+001
  0.16403876E+000  0.20866786E+000  0.39153606E+000  0.58402884E+000  0.91400875E+000  0.10468254E+001  0.15024276E+001  0.27093233E+001  0.47002821E+001  0.66774317E+001  0.96064438E+001
  0.16403986E+000  0.20866799E+000  0.39153688E+000  0.58402900E+000  0.91400954E+000  0.10468256E+001  0.15024288E+001  0.27093235E+001  0.47002907E+001  0.66774329E+001  0.96064444E+001
  0.16404093E+000  0.20866811E+000  0.39153767E+000  0.58402917E+000  0.91401032E+000  0.10468258E+001  0.15024300E+001  0.27093236E+001  0.47002996E+001  0.66774340E+001  0.96064450E+001
  0.16404199E+000  0.20866824E+000  0.39153845E+000  0.58402933E+000  0.91401111E+000  0.10468260E+001  0.15024311E+001  0.27093237E+001  0.47003088E+001  0.66774353E+001  0.96064457E+001
  0.16404303E+000  0.20866836E+000  0.39153921E+000  0.58402949E+000  0.91401189E+000  0.10468262E+001  0.15024323E+001  0.27093238E+001  0.47003182E+001  0.66774366E+001  0.96064464E+001
  0.16404405E+000  0.20866849E+000  0.39153994E+000  0.58402965E+000  0.91401266E+000  0.10468265E+001  0.15024335E+001  0.27093239E+001  0.47003279E+001  0.66774379E+001  0.96064471E+001
  0.16404504E+000  0.20866861E+000  0.39154065E+000  0.58402981E+000  0.91401342E+000  0.10468267E+001  0.15024346E+001  0.27093241E+001  0.47003800E+001  0.66774392E+001  0.96064478E+001
  0.16404601E+000  0.20866873E+000  0.39154134E+000  0.58402996E+000  0.91401418E+000  0.10468269E+001  0.15024357E+001  0.27093242E+001  0.47003971E+001  0.66774406E+001  0.96064486E+001
  0.16404694E+000  0.20866885E+000  0.39154200E+000  0.58403011E+000  0.91401492E+000  0.10468271E+001  0.15024368E+001  0.27093243E+001  0.47004145E+001  0.66774420E+001  0.96064494E+001
  0.16404785E+000  0.20866897E+000  0.39154264E+000  0.58403026E+000  0.91401564E+000  0.10468273E+001  0.15024379E+001  0.27093244E+001  0.47004321E+001  0.66774435E+001  0.96064502E+001
  0.16404872E+000  0.20866908E+000  0.39154326E+000  0.58403041E+000  0.91401636E+000  0.10468275E+001  0.15024389E+001  0.27093245E+001  0.47004500E+001  0.66774450E+001  0.96064511E+001
  0.16404955E+000  0.20866920E+000  0.39154385E+000  0.58403055E+000  0.91401708E+000  0.10468277E+001  0.15024400E+001  0.27093246E+001  0.47004635E+001  0.66774466E+001  0.96064520E+001
  0.16405035E+000  0.20866931E+000  0.39154442E+000  0.58403069E+000  0.91401778E+000  0.10468279E+001  0.15024410E+001  0.27093247E+001  0.47004640E+001  0.66774482E+001  0.96064529E+001
  0.16405112E+000  0.20866942E+000  0.39154497E+000  0.58403082E+000  0.91401846E+000  0.10468281E+001  0.15024420E+001  0.27093248E+001  0.47004647E+001  0.66774498E+001  0.96064539E+001
  0.16405185E+000  0.20866952E+000  0.39154550E+000  0.58403095E+000  0.91401912E+000  0.10468283E+001  0.15024429E+001  0.27093249E+001  0.47004655E+001  0.66774515E+001  0.96064549E+001
  0.16405254E+000  0.20866962E+000  0.39154600E+000  0.58403108E+000  0.91401976E+000  0.10468284E+001  0.15024439E+001  0.27093250E+001  0.47004665E+001  0.66774532E+001  0.96064559E+001
  0.16405320E+000  0.20866972E+000  0.39154648E+000  0.58403121E+000  0.91402038E+000  0.10468286E+001  0.15024448E+001  0.27093251E+001  0.47004676E+001  0.66774549E+001  0.96064570E+001
  0.16405383E+000  0.20866982E+000  0.39154694E+000  0.58403133E+000  0.91402098E+000  0.10468288E+001  0.15024457E+001  0.27093252E+001  0.47004689E+001  0.66774567E+001  0.96064581E+001
  0.16405443E+000  0.20866991E+000  0.39154738E+000  0.58403145E+000  0.91402156E+000  0.10468289E+001  0.15024465E+001  0.27093253E+001  0.47004703E+001  0.66774585E+001  0.96064593E+001
  0.16405499E+000  0.20867000E+000  0.39154780E+000  0.58403156E+000  0.91402212E+000  0.10468291E+001  0.15024474E+001  0.27093254E+001  0.47004719E+001  0.66774603E+001  0.96064605E+001
  0.16405553E+000  0.20867009E+000  0.39154821E+000  0.58403167E+000  0.91402266E+000  0.10468292E+001  0.15024482E+001  0.27093255E+001  0.47004737E+001  0.66774622E+001  0.96064617E+001
  0.16405604E+000  0.20867018E+000  0.39154859E+000  0.58403178E+000  0.91402318E+000  0.10468294E+001  0.15024489E+001  0.27093256E+001  0.47004756E+001  0.66774642E+001  0.96064630E+001
  0.16405652E+000  0.20867026E+000  0.39154896E+000  0.58403188E+000  0.91402368E+000  0.10468295E+001  0.15024497E+001  0.27093256E+001  0.47004777E+001  0.66774661E+001  0.96064643E+001
  0.16405698E+000  0.20867034E+000  0.39154932E+000  0.58403198E+000  0.91402416E+000  0.10468297E+001  0.15024504E+001  0.27093257E+001  0.47004799E+001  0.66774681E+001  0.96064657E+001
  0.16405741E+000  0.20867042E+000  0.39154966E+000  0.58403208E+000  0.91402463E+000  0.10468298E+001  0.15024511E+001  0.27093258E+001  0.47004822E+001  0.66774701E+001  0.96064671E+001
  0.16405782E+000  0.20867050E+000  0.39154999E+000  0.58403217E+000  0.91402508E+000  0.10468299E+001  0.15024517E+001  0.27093259E+001  0.47004915E+001  0.66780376E+001  0.96064685E+001
  0.16405821E+000  0.20867057E+000  0.39155031E+000  0.58403226E+000  0.91402551E+000  0.10468300E+001  0.15024524E+001  0.27093259E+001  0.47005384E+001  0.66780379E+001  0.96064700E+001
  0.16405858E+000  0.20867064E+000  0.39155062E+000  0.58403234E+000  0.91402593E+000  0.10468301E+001  0.15024530E+001  0.27093260E+001  0.47005859E+001  0.66780382E+001  0.96064715E+001
  0.16405892E+000  0.20867071E+000  0.39155092E+000  0.58403243E+000  0.91402633E+000  0.10468303E+001  0.15024535E+001  0.27093261E+001  0.47006342E+001  0.66780385E+001  0.96064731E+001
  0.16405925E+000  0.20867078E+000  0.39155121E+000  0.58403250E+000  0.91402671E+000  0.10468304E+001  0.15024541E+001  0.27093261E+001  0.47006832E+001  0.66780388E+001  0.96064747E+001
  0.16405956E+000  0.20867085E+000  0.39155149E+000  0.58403258E+000  0.91402707E+000  0.10468305E+001  0.15024546E+001  0.27093262E+001  0.47007392E+001  0.66780391E+001  0.96064764E+001
  0.16405985E+000  0.20867091E+000  0.39155177E+000  0.58403265E+000  0.91402741E+000  0.10468306E+001  0.15024551E+001  0.27093262E+001  0.47008061E+001  0.66780393E+001  0.96064781E+001
  0.16406012E+000  0.20867097E+000  0.39155205E+000  0.58403271E+000  0.91402774E+000  0.10468307E+001  0.15024556E+001  0.27093263E+001  0.47008743E+001  0.66780395E+001  0.96064798E+001
  0.16406037E+000  0.20867102E+000  0.39155232E+000  0.58403277E+000  0.91402805E+000  0.10468307E+001  0.15024561E+001  0.27093263E+001  0.47009437E+001  0.66780397E+001  0.96064824E+001
  0.16406061E+000  0.20867108E+000  0.39155259E+000  0.58403283E+000  0.91402834E+000  0.10468308E+001  0.15024565E+001  0.27093264E+001  0.47009661E+001  0.66780399E+001  0.96064854E+001
  0.16406083E+000  0.20867113E+000  0.39155285E+000  0.58403288E+000  0.91402862E+000  0.10468309E+001  0.15024570E+001  0.27093264E+001  0.47009704E+001  0.66780401E+001  0.96064885E+001
  0.16406104E+000  0.20867118E+000  0.39155312E+000  0.58403293E+000  0.91402887E+000  0.10468310E+001  0.15024574E+001  0.27093265E+001  0.47009749E+001  0.66780402E+001  0.96064917E+001
  0.16406122E+000  0.20867123E+000  0.39155338E+000  0.58403298E+000  0.91402911E+000  0.10468310E+001  0.15024578E+001  0.27093265E+001  0.47009795E+001  0.66780404E+001  0.96064950E+001
  0.16406140E+000  0.20867128E+000  0.39155364E+000  0.58403302E+000  0.91402933E+000  0.10468311E+001  0.15024581E+001  0.27093265E+001  0.47009842E+001  0.66780405E+001  0.96064983E+001
  0.16406156E+000  0.20867132E+000  0.39155391E+000  0.58403306E+000  0.91402953E+000  0.10468312E+001  0.15024585E+001  0.27093266E+001  0.47009890E+001  0.66780406E+001  0.96065017E+001
  0.16406170E+000  0.20867136E+000  0.39155418E+000  0.58403310E+000  0.91402971E+000  0.10468312E+001  0.15024588E+001  0.27093266E+001  0.47009938E+001  0.66780407E+001  0.96065052E+001
  0.16406183E+000  0.20867140E+000  0.39155444E+000  0.58403313E+000  0.91402988E+000  0.10468313E+001  0.15024592E+001  0.27093266E+001  0.47009988E+001  0.66780407E+001  0.96065088E+001
  0.16406195E+000  0.20867143E+000  0.39155471E+000  0.58403316E+000  0.91403003E+000  0.10468313E+001  0.15024595E+001  0.27093266E+001  0.47010038E+001  0.66780408E+001  0.96065124E+001
  0.16406205E+000  0.20867147E+000  0.39155499E+000  0.58403318E+000  0.91403016E+000  0.10468313E+001  0.15024598E+001  0.27093267E+001  0.47010824E+001  0.66780408E+001  0.96065161E+001
  0.16406214E+000  0.20867150E+000  0.39155526E+000  0.58403320E+000  0.91403028E+000  0.10468314E+001  0.15024601E+001  0.27093267E+001  0.47011502E+001  0.66780409E+001  0.96065200E+001
  0.16406222E+000  0.20867153E+000  0.39155554E+000  0.58403322E+000  0.91403038E+000  0.10468314E+001  0.15024603E+001  0.27093267E+001  0.47011512E+001  0.66780409E+001  0.96065238E+001
  0.16406229E+000  0.20867156E+000  0.39155582E+000  0.58403324E+000  0.91403046E+000  0.10468314E+001  0.15024606E+001  0.27093267E+001  0.47011521E+001  0.66780409E+001  0.96065278E+001
  0.16406234E+000  0.20867159E+000  0.39155611E+000  0.58403325E+000  0.91403053E+000  0.10468315E+001  0.15024609E+001  0.27093267E+001  0.47011530E+001  0.66780409E+001  0.96065318E+001
  0.16406239E+000  0.20867161E+000  0.39155640E+000  0.58403326E+000  0.91403059E+000  0.10468315E+001  0.15024611E+001  0.27093267E+001  0.47011540E+001  0.66780409E+001  0.96065360E+001
  0.16406243E+000  0.20867163E+000  0.39155669E+000  0.58403327E+000  0.91403064E+000  0.10468315E+001  0.15024614E+001  0.27093267E+001  0.47011549E+001  0.66780409E+001  0.96065401E+001
  0.16406246E+000  0.20867165E+000  0.39155699E+000  0.58403328E+000  0.91403067E+000  0.10468315E+001  0.15024616E+001  0.27093267E+001  0.47011559E+001  0.66780408E+001  0.96065444E+001
  0.16406248E+000  0.20867167E+000  0.39155729E+000  0.58403328E+000  0.91403069E+000  0.10468315E+001  0.15024618E+001  0.27093267E+001  0.47011569E+001  0.66780408E+001  0.96065488E+001
  0.16406249E+000  0.20867169E+000  0.39155760E+000  0.58403328E+000  0.91403070E+000  0.10468315E+001  0.15024620E+001  0.27093267E+001  0.47011579E+001  0.66780407E+001  0.96065532E+001
  0.16406249E+000  0.20867171E+000  0.39155791E+000  0.58403328E+000  0.91403070E+000  0.10468315E+001  0.15024623E+001  0.27093267E+001  0.47011588E+001  0.66780407E+001  0.96065577E+001
  0.16406249E+000  0.20867173E+000  0.39155822E+000  0.58403328E+000  0.91403069E+000  0.10468315E+001  0.15024625E+001  0.27093267E+001  0.47011598E+001  0.66793244E+001  0.96065623E+001
  0.16406248E+000  0.20867174E+000  0.39155854E+000  0.58403328E+000  0.91403068E+000  0.10468315E+001  0.15024627E+001  0.27093267E+001  0.47011608E+001  0.66793371E+001  0.96065669E+001
  0.16406246E+000  0.20867176E+000  0.39155887E+000  0.58403328E+000  0.91403065E+000  0.10468315E+001  0.15024629E+001  0.27093267E+001  0.47011618E+001  0.66793500E+001  0.96065716E+001
  0.16406242E+000  0.20867177E+000  0.39155919E+000  0.58403327E+000  0.91403062E+000  0.10468315E+001  0.15024631E+001  0.27093267E+001  0.47011629E+001  0.66793629E+001  0.96065764E+001
  0.16406239E+000  0.20867178E+000  0.39155952E+000  0.58403327E+000  0.91403058E+000  0.10468315E+001  0.15024633E+001  0.27093267E+001  0.47011639E+001  0.66793760E+001  0.96065813E+001
  0.16406235E+000  0.20867179E+000  0.39155986E+000  0.58403326E+000  0.91403054E+000  0.10468315E+001  0.15024635E+001  0.27093267E+001  0.47011649E+001  0.66793893E+001  0.96065862E+001
  0.16406231E+000  0.20867180E+000  0.39156020E+000  0.58403326E+000  0.91403049E+000  0.10468315E+001  0.15024637E+001  0.27093267E+001  0.47011659E+001  0.66794026E+001  0.96065912E+001
  0.16406226E+000  0.20867181E+000  0.39156054E+000  0.58403325E+000  0.91403044E+000  0.10468314E+001  0.15024638E+001  0.27093267E+001  0.47011670E+001  0.66794161E+001  0.96065962E+001
  0.16406221E+000  0.20867182E+000  0.39156088E+000  0.58403324E+000  0.91403038E+000  0.10468314E+001  0.15024640E+001  0.27093267E+001  0.47011680E+001  0.66794297E+001  0.96066014E+001
  0.16406216E+000  0.20867183E+000  0.39156123E+000  0.58403323E+000  0.91403032E+000  0.10468314E+001  0.15024642E+001  0.27093267E+001  0.47011691E+001  0.66794434E+001  0.96066066E+001
  0.16406211E+000  0.20867184E+000  0.39156158E+000  0.58403323E+000  0.91403026E+000  0.10468314E+001  0.15024644E+001  0.27093267E+001  0.47011701E+001  0.66794573E+001  0.96066118E+001
  0.16406206E+000  0.20867185E+000  0.39156193E+000  0.58403322E+000  0.91403020E+000  0.10468314E+001  0.15024646E+001  0.27093267E+001  0.47011711E+001  0.66794712E+001  0.96066171E+001
  0.16406201E+000  0.20867186E+000  0.39156228E+000  0.58403321E+000  0.91403013E+000  0.10468314E+001  0.15024648E+001  0.27093267E+001  0.47011722E+001  0.66794853E+001  0.96066225E+001
  0.16406196E+000  0.20867186E+000  0.39156264E+000  0.58403320E+000  0.91403006E+000  0.10468314E+001  0.15024650E+001  0.27093267E+001  0.47011732E+001  0.66794994E+001  0.96066279E+001
  0.16406191E+000  0.20867187E+000  0.39156300E+000  0.58403320E+000  0.91403000E+000  0.10468313E+001  0.15024652E+001  0.27093267E+001  0.47011743E+001  0.66795136E+001  0.96066333E+001
  0.16406186E+000  0.20867188E+000  0.39156336E+000  0.58403319E+000  0.91402993E+000  0.10468313E+001  0.15024653E+001  0.27093267E+001  0.47011754E+001  0.66795279E+001  0.96066389E+001
  0.16406181E+000  0.20867188E+000  0.39156372E+000  0.58403318E+000  0.91402987E+000  0.10468313E+001  0.15024655E+001  0.27093267E+001  0.47011764E+001  0.66795423E+001  0.96066444E+001
  0.16406176E+000  0.20867189E+000  0.39156409E+000  0.58403318E+000  0.91402980E+000  0.10468313E+001  0.15024657E+001  0.27093267E+001  0.47011775E+001  0.66795567E+001  0.96066500E+001
  0.16406171E+000  0.20867190E+000  0.39156445E+000  0.58403317E+000  0.91402974E+000  0.10468313E+001  0.15024659E+001  0.27093267E+001  0.47011785E+001  0.66795712E+001  0.96066557E+001
  0.16406167E+000  0.20867190E+000  0.39156481E+000  0.58403317E+000  0.91402968E+000  0.10468313E+001  0.15024661E+001  0.27093267E+001  0.47011796E+001  0.66795858E+001  0.96066614E+001
  0.16406163E+000  0.20867191E+000  0.39156518E+000  0.58403317E+000  0.91402962E+000  0.10468312E+001  0.15024663E+001  0.27093267E+001  0.47011806E+001  0.66796004E+001  0.96066671E+001
  0.16406159E+000  0.20867192E+000  0.39156554E+000  0.58403316E+000  0.91402956E+000  0.10468312E+001  0.15024665E+001  0.27093266E+001  0.47011817E+001  0.66796150E+001  0.96066729E+001
  0.16406155E+000  0.20867192E+000  0.39156591E+000  0.58403316E+000  0.91402951E+000  0.10468312E+001  0.15024668E+001  0.27093266E+001  0.47011828E+001  0.66796297E+001  0.96066787E+001
  0.16406151E+000  0.20867193E+000  0.39156627E+000  0.58403316E+000  0.91402946E+000  0.10468312E+001  0.15024670E+001  0.27093266E+001  0.47011838E+001  0.66796444E+001  0.96066845E+001
  0.16406148E+000  0.20867194E+000  0.39156663E+000  0.58403316E+000  0.91402941E+000  0.10468312E+001  0.15024672E+001  0.27093267E+001  0.47011849E+001  0.66796591E+001  0.96066904E+001
  0.16406145E+000  0.20867194E+000  0.39156699E+000  0.58403316E+000  0.91402936E+000  0.10468312E+001  0.15024674E+001  0.27093267E+001  0.47011859E+001  0.66796739E+001  0.96066963E+001
  0.16406143E+000  0.20867195E+000  0.39156735E+000  0.58403316E+000  0.91402932E+000  0.10468312E+001  0.15024676E+001  0.27093267E+001  0.47011870E+001  0.66796886E+001  0.96067022E+001
  0.16406140E+000  0.20867196E+000  0.39156771E+000  0.58403317E+000  0.91402929E+000  0.10468312E+001  0.15024679E+001  0.27093267E+001  0.47011880E+001  0.66797034E+001  0.96067081E+001
  0.16406138E+000  0.20867197E+000  0.39156806E+000  0.58403317E+000  0.91402925E+000  0.10468311E+001  0.15024681E+001  0.27093267E+001  0.47011979E+001  0.66797181E+001  0.96067141E+001
  0.16406137E+000  0.20867198E+000  0.39156841E+000  0.58403318E+000  0.91402922E+000  0.10468311E+001  0.15024683E+001  0.27093267E+001  0.47012084E+001  0.66797328E+001  0.96067200E+001
  0.16406135E+000  0.20867199E+000  0.39156876E+000  0.58403318E+000  0.91402920E+000  0.10468311E+001  0.15024686E+001  0.27093267E+001  0.47012275E+001  0.66797475E+001  0.96067260E+001
  0.16406134E+000  0.20867200E+000  0.39156910E+000  0.58403319E+000  0.91402918E+000  0.10468311E+001  0.15024688E+001  0.27093267E+001  0.47012531E+001  0.66797621E+001  0.96067319E+001
  0.16406133E+000  0.20867200E+000  0.39156944E+000  0.58403320E+000  0.91402916E+000  0.10468311E+001  0.15024690E+001  0.27093267E+001  0.47012786E+001  0.66797768E+001  0.96067379E+001
  0.16406133E+000  0.20867201E+000  0.39156978E+000  0.58403321E+000  0.91402915E+000  0.10468311E+001  0.15024693E+001  0.27093267E+001  0.47013040E+001  0.66797913E+001  0.96067439E+001
  0.16406133E+000  0.20867202E+000  0.39157011E+000  0.58403322E+000  0.91402914E+000  0.10468311E+001  0.15024695E+001  0.27093267E+001  0.47013292E+001  0.66798059E+001  0.96067498E+001
  0.16406133E+000  0.20867203E+000  0.39157043E+000  0.58403323E+000  0.91402913E+000  0.10468311E+001  0.15024698E+001  0.27093267E+001  0.47013542E+001  0.66798203E+001  0.96067558E+001
  0.16406133E+000  0.20867204E+000  0.39157075E+000  0.58403324E+000  0.91402913E+000  0.10468311E+001  0.15024700E+001  0.27093267E+001  0.47013791E+001  0.66798347E+001  0.96067617E+001
  0.16406134E+000  0.20867205E+000  0.39157107E+000  0.58403325E+000  0.91402913E+000  0.10468311E+001  0.15024703E+001  0.27093267E+001  0.47014038E+001  0.66798491E+001  0.96067676E+001
  0.16406135E+000  0.20867207E+000  0.39157138E+000  0.58403326E+000  0.91402914E+000  0.10468311E+001  0.15024705E+001  0.27093268E+001  0.47014280E+001  0.66798633E+001  0.96067736E+001
  0.16406136E+000  0.20867208E+000  0.39157168E+000  0.58403328E+000  0.91402914E+000  0.10468311E+001  0.15024708E+001  0.27093268E+001  0.47014520E+001  0.66798775E+001  0.96067795E+001
  0.16406137E+000  0.20867209E+000  0.39157197E+000  0.58403329E+000  0.91402915E+000  0.10468311E+001  0.15024710E+001  0.27093268E+001  0.47014735E+001  0.66798915E+001  0.96067853E+001
  0.16406139E+000  0.20867210E+000  0.39157226E+000  0.58403330E+000  0.91402917E+000  0.10468311E+001  0.15024713E+001  0.27093268E+001  0.47014930E+001  0.66799055E+001  0.96067912E+001
  0.16406141E+000  0.20867211E+000  0.39157254E+000  0.58403332E+000  0.91402919E+000  0.10468311E+001  0.15024715E+001  0.27093268E+001  0.47015123E+001  0.66799194E+001  0.96067970E+001
  0.16406143E+000  0.20867212E+000  0.39157281E+000  0.58403333E+000  0.91402920E+000  0.10468311E+001  0.15024717E+001  0.27093268E+001  0.47015314E+001  0.66799332E+001  0.96068028E+001
  0.16406145E+000  0.20867213E+000  0.39157307E+000  0.58403335E+000  0.91402923E+000  0.10468311E+001  0.15024720E+001  0.27093268E+001  0.47015503E+001  0.66799468E+001  0.96068086E+001
  0.16406147E+000  0.20867214E+000  0.39157333E+000  0.58403336E+000  0.91402925E+000  0.10468312E+001  0.15024722E+001  0.27093268E+001  0.47015691E+001  0.66799604E+001  0.96068143E+001
  0.16406149E+000  0.20867215E+000  0.39157358E+000  0.58403338E+000  0.91402927E+000  0.10468312E+001  0.15024725E+001  0.27093269E+001  0.47015877E+001  0.66799738E+001  0.96068200E+001
  0.16406152E+000  0.20867216E+000  0.39157382E+000  0.58403339E+000  0.91402930E+000  0.10468312E+001  0.15024727E+001  0.27093269E+001  0.47016061E+001  0.66799871E+001  0.96068257E+001
  0.16406154E+000  0.20867218E+000  0.39157405E+000  0.58403341E+000  0.91402933E+000  0.10468312E+001  0.15024729E+001  0.27093269E+001  0.47016242E+001  0.66800002E+001  0.96068313E+001
  0.16406157E+000  0.20867219E+000  0.39157427E+000  0.58403342E+000  0.91402936E+000  0.10468312E+001  0.15024732E+001  0.27093269E+001  0.47016422E+001  0.66800133E+001  0.96068369E+001
  0.16406159E+000  0.20867220E+000  0.39157448E+000  0.58403344E+000  0.91402939E+000  0.10468312E+001  0.15024734E+001  0.27093269E+001  0.47016600E+001  0.66800261E+001  0.96068424E+001
  0.16406162E+000  0.20867221E+000  0.39157469E+000  0.58403345E+000  0.91402942E+000  0.10468312E+001  0.15024736E+001  0.27093269E+001  0.47016776E+001  0.66800389E+001  0.96068479E+001
  0.16406165E+000  0.20867222E+000  0.39157488E+000  0.58403347E+000  0.91402945E+000  0.10468312E+001  0.15024738E+001  0.27093269E+001  0.47016949E+001  0.66800515E+001  0.96068534E+001
  0.16406167E+000  0.20867223E+000  0.39157507E+000  0.58403348E+000  0.91402948E+000  0.10468312E+001  0.15024740E+001  0.27093270E+001  0.47017121E+001  0.66800639E+001  0.96068587E+001
  0.16406170E+000  0.20867224E+000  0.39157525E+000  0.58403349E+000  0.91402951E+000  0.10468312E+001  0.15024742E+001  0.27093270E+001  0.47017130E+001  0.66800762E+001  0.96068641E+001
  0.16406172E+000  0.20867224E+000  0.39157542E+000  0.58403351E+000  0.91402954E+000  0.10468312E+001  0.15024744E+001  0.27093270E+001  0.47017135E+001  0.66800883E+001  0.96068694E+001
  0.16406175E+000  0.20867225E+000  0.39157558E+000  0.58403352E+000  0.91402958E+000  0.10468312E+001  0.15024746E+001  0.27093270E+001  0.47017139E+001  0.66801003E+001  0.96068746E+001
  0.16406177E+000  0.20867226E+000  0.39157572E+000  0.58403353E+000  0.91402961E+000  0.10468312E+001  0.15024748E+001  0.27093270E+001  0.47017144E+001  0.66801120E+001  0.96068798E+001
  0.16406180E+000  0.20867227E+000  0.39157587E+000  0.58403354E+000  0.91402964E+000  0.10468313E+001  0.15024750E+001  0.27093270E+001  0.47017148E+001  0.66801356E+001  0.96068849E+001
  0.16406182E+000  0.20867227E+000  0.39157600E+000  0.58403355E+000  0.91402967E+000  0.10468313E+001  0.15024752E+001  0.27093270E+001  0.47017152E+001  0.66801854E+001  0.96068899E+001
  0.16406184E+000  0.20867228E+000  0.39157612E+000  0.58403356E+000  0.91402969E+000  0.10468313E+001  0.15024753E+001  0.27093270E+001  0.47017157E+001  0.66802344E+001  0.96068949E+001
  0.16406186E+000  0.20867229E+000  0.39157623E+000  0.58403357E+000  0.91402972E+000  0.10468313E+001  0.15024755E+001  0.27093270E+001  0.47017161E+001  0.66802828E+001  0.96068998E+001
  0.16406188E+000  0.20867229E+000  0.39157633E+000  0.58403358E+000  0.91402975E+000  0.10468313E+001  0.15024756E+001  0.27093270E+001  0.47017165E+001  0.66803304E+001  0.96069047E+001
  0.16406190E+000  0.20867230E+000  0.39157642E+000  0.58403359E+000  0.91402977E+000  0.10468313E+001  0.15024758E+001  0.27093270E+001  0.47017169E+001  0.66803773E+001  0.96069095E+001
  0.16406192E+000  0.20867230E+000  0.39157650E+000  0.58403359E+000  0.91402980E+000  0.10468313E+001  0.15024759E+001  0.27093270E+001  0.47017173E+001  0.66804235E+001  0.96069143E+001
  0.16406194E+000  0.20867230E+000  0.39157657E+000  0.58403360E+000  0.91402982E+000  0.10468313E+001  0.15024760E+001  0.27093270E+001  0.47017177E+001  0.66804689E+001  0.96069189E+001
  0.16406195E+000  0.20867230E+000  0.39157662E+000  0.58403360E+000  0.91402984E+000  0.10468313E+001  0.15024761E+001  0.27093270E+001  0.47017181E+001  0.66805135E+001  0.96069235E+001
  0.16406197E+000  0.20867231E+000  0.39157667E+000  0.58403360E+000  0.91402986E+000  0.10468313E+001  0.15024762E+001  0.27093270E+001  0.47017185E+001  0.66805574E+001  0.96069281E+001
  0.16406198E+000  0.20867231E+000  0.39157670E+000  0.58403360E+000  0.91402988E+000  0.10468313E+001  0.15024763E+001  0.27093270E+001  0.47017188E+001  0.66806005E+001  0.96069326E+001
  0.16406199E+000  0.20867231E+000  0.39157672E+000  0.58403360E+000  0.91402990E+000  0.10468313E+001  0.15024764E+001  0.27093269E+001  0.47017192E+001  0.66806428E+001  0.96069370E+001
  0.16406200E+000  0.20867231E+000  0.39157673E+000  0.58403360E+000  0.91402991E+000  0.10468313E+001  0.15024764E+001  0.27093269E+001  0.47017196E+001  0.66806842E+001  0.96069413E+001
  0.16406201E+000  0.20867230E+000  0.39157672E+000  0.58403359E+000  0.91402993E+000  0.10468313E+001  0.15024765E+001  0.27093269E+001  0.47017199E+001  0.66807248E+001  0.96069455E+001
  0.16406202E+000  0.20867230E+000  0.39157670E+000  0.58403359E+000  0.91402994E+000  0.10468313E+001  0.15024765E+001  0.27093269E+001  0.47017203E+001  0.66807645E+001  0.96069497E+001
  0.16406203E+000  0.20867230E+000  0.39157666E+000  0.58403358E+000  0.91402995E+000  0.10468313E+001  0.15024765E+001  0.27093268E+001  0.47017206E+001  0.66808034E+001  0.96069538E+001
  0.16406203E+000  0.20867229E+000  0.39157661E+000  0.58403357E+000  0.91402996E+000  0.10468313E+001  0.15024765E+001  0.27093268E+001  0.47017209E+001  0.66808413E+001  0.96069578E+001
  0.16406204E+000  0.20867229E+000  0.39157653E+000  0.58403356E+000  0.91402997E+000  0.10468313E+001  0.15024765E+001  0.27093267E+001  0.47017212E+001  0.66808782E+001  0.96069618E+001
  0.16406204E+000  0.20867228E+000  0.39157644E+000  0.58403354E+000  0.91402997E+000  0.10468313E+001  0.15024764E+001  0.27093266E+001  0.47017215E+001  0.66809141E+001  0.96069657E+001
  0.16406204E+000  0.20867227E+000  0.39157632E+000  0.58403352E+000  0.91402998E+000  0.10468313E+001  0.15024764E+001  0.27093266E+001  0.47017218E+001  0.66809490E+001  0.96069694E+001
  0.16406204E+000  0.20867226E+000  0.39157618E+000  0.58403350E+000  0.91402998E+000  0.10468313E+001  0.15024763E+001  0.27093265E+001  0.47017235E+001  0.66809828E+001  0.96069731E+001
  0.16406204E+000  0.20867225E+000  0.39157602E+000  0.58403347E+000  0.91402999E+000  0.10468313E+001  0.15024761E+001  0.27093264E+001  0.47017230E+001  0.66810155E+001  0.96069767E+001
  0.16406204E+000  0.20867224E+000  0.39157583E+000  0.58403344E+000  0.91402999E+000  0.10468313E+001  0.15024760E+001  0.27093262E+001  0.47017225E+001  0.66810469E+001  0.96069803E+001
  0.16406204E+000  0.20867223E+000  0.39157561E+000  0.58403340E+000  0.91402999E+000  0.10468313E+001  0.15024758E+001  0.27093261E+001  0.47017219E+001  0.66810771E+001  0.96069837E+001
  0.16406204E+000  0.20867221E+000  0.39157535E+000  0.58403336E+000  0.91402999E+000  0.10468313E+001  0.15024756E+001  0.27093259E+001  0.47017213E+001  0.66811059E+001  0.96084516E+001
  0.16406204E+000  0.20867220E+000  0.39157507E+000  0.58403331E+000  0.91402999E+000  0.10468313E+001  0.15024753E+001  0.27093257E+001  0.47017207E+001  0.66811332E+001  0.96085295E+001
  0.16406204E+000  0.20867218E+000  0.39157474E+000  0.58403325E+000  0.91402999E+000  0.10468312E+001  0.15024749E+001  0.27093255E+001  0.47017200E+001  0.66811589E+001  0.96086047E+001
  0.16406203E+000  0.20867215E+000  0.39157437E+000  0.58403318E+000  0.91402998E+000  0.10468312E+001  0.15024746E+001  0.27093252E+001  0.47017198E+001  0.66811829E+001  0.96086771E+001
  0.16406203E+000  0.20867213E+000  0.39157395E+000  0.58403309E+000  0.91402998E+000  0.10468312E+001  0.15024741E+001  0.27093249E+001  0.47017200E+001  0.66812051E+001  0.96087465E+001
  0.16406202E+000  0.20867210E+000  0.39157348E+000  0.58403300E+000  0.91402997E+000  0.10468312E+001  0.15024735E+001  0.27093246E+001  0.47017201E+001  0.66812252E+001  0.96088128E+001
  0.16406202E+000  0.20867207E+000  0.39157296E+000  0.58403289E+000  0.91402995E+000  0.10468312E+001  0.15024728E+001  0.27093241E+001  0.47017202E+001  0.66812430E+001  0.96088757E+001
  0.16406203E+000  0.20867204E+000  0.39157236E+000  0.58403275E+000  0.91402993E+000  0.10468312E+001  0.15024720E+001  0.27093237E+001  0.47017203E+001  0.66812582E+001  0.96089349E+001
  0.16406205E+000  0.20867201E+000  0.39157168E+000  0.58403259E+000  0.91402991E+000  0.10468312E+001  0.15024709E+001  0.27093231E+001  0.47017204E+001  0.66812706E+001  0.96089903E+001
  0.16406208E+000  0.20867197E+000  0.39157091E+000  0.58403238E+000  0.91402989E+000  0.10468311E+001  0.15024695E+001  0.27093225E+001  0.47017204E+001  0.66812796E+001  0.96090414E+001
  0.16406207E+000  0.20867192E+000  0.39157001E+000  0.58403210E+000  0.91402988E+000  0.10468312E+001  0.15024676E+001  0.27093217E+001  0.47017204E+001  0.66812847E+001  0.96090878E+001
  0.16406200E+000  0.20867185E+000  0.39156896E+000  0.58403171E+000  0.91402979E+000  0.10468312E+001  0.15024650E+001  0.27093208E+001  0.47017203E+001  0.66812851E+001  0.96091291E+001
  0.16406199E+000  0.20867171E+000  0.39156767E+000  0.58403119E+000  0.91402955E+000  0.10468312E+001  0.15024614E+001  0.27093198E+001  0.47017202E+001  0.66812799E+001  0.96091646E+001
  0.16406237E+000  0.20867166E+000  0.39156615E+000  0.58403049E+000  0.91402891E+000  0.10468311E+001  0.15024560E+001  0.27093185E+001  0.47017200E+001  0.66812669E+001  0.96091941E+001
  0.16406296E+000  0.20867129E+000  0.39156355E+000  0.58402938E+000  0.91402910E+000  0.10468312E+001  0.15024504E+001  0.27093175E+001  0.47017198E+001  0.66812477E+001  0.96092167E+001
  0.16406126E+000  0.20867042E+000  0.39156189E+000  0.58402776E+000  0.91402967E+000  0.10468318E+001  0.15024356E+001  0.27093138E+001  0.47017195E+001  0.66811964E+001  0.96092319E+001
