  0.12681208E+001  0.78149014E+000  0.56352937E+001  0.73592754E+002
  0.12655485E+001  0.78553083E+000  0.56305508E+001  0.73596236E+002
  0.12620911E+001  0.79223888E+000  0.56244331E+001  0.73599306E+002
  0.12580352E+001  0.79636332E+000  0.56211057E+001  0.73602758E+002
  0.12579442E+001  0.79766608E+000  0.56194255E+001  0.73603412E+002
  0.12579395E+001  0.79776658E+000  0.56184770E+001  0.73604445E+002
  0.12576472E+001  0.80061654E+000  0.56047197E+001  0.73615821E+002
  0.12546424E+001  0.80370733E+000  0.55007714E+001  0.73719857E+002
  0.12542211E+001  0.80267838E+000  0.55017017E+001  0.73720548E+002
  0.12541740E+001  0.80240902E+000  0.55016200E+001  0.73721115E+002
  0.12540523E+001  0.80225861E+000  0.54837556E+001  0.73739418E+002
  0.12540595E+001  0.80213136E+000  0.54835671E+001  0.73739892E+002
  0.12540566E+001  0.80294854E+000  0.54826282E+001  0.73740180E+002
  0.12538650E+001  0.80314515E+000  0.54822686E+001  0.73740696E+002
  0.12538674E+001  0.80314243E+000  0.54821989E+001  0.73740927E+002
  0.12538056E+001  0.80319974E+000  0.54821459E+001  0.73741144E+002
  0.12543681E+001  0.80257672E+000  0.54821598E+001  0.73741349E+002
  0.12543678E+001  0.80256688E+000  0.54821324E+001  0.73741545E+002
  0.12543670E+001  0.80255576E+000  0.54821146E+001  0.73741732E+002
  0.12543658E+001  0.80254372E+000  0.54821046E+001  0.73741913E+002
  0.12543661E+001  0.80252912E+000  0.54821010E+001  0.73742089E+002
  0.12543642E+001  0.80251599E+000  0.54821029E+001  0.73742260E+002
  0.12543622E+001  0.80250261E+000  0.54821093E+001  0.73742428E+002
  0.12543600E+001  0.80248909E+000  0.54821195E+001  0.73742593E+002
  0.12543317E+001  0.80250164E+000  0.54821330E+001  0.73742755E+002
  0.12543294E+001  0.80248356E+000  0.54821537E+001  0.73742916E+002
  0.12543203E+001  0.80247695E+000  0.54821721E+001  0.73743077E+002
  0.12543181E+001  0.80246379E+000  0.54821923E+001  0.73743236E+002
  0.12543159E+001  0.80245086E+000  0.54822142E+001  0.73743395E+002
  0.12543138E+001  0.80243820E+000  0.54822373E+001  0.73743555E+002
  0.12543118E+001  0.80242585E+000  0.54822615E+001  0.73743715E+002
  0.12543099E+001  0.80241383E+000  0.54822866E+001  0.73743876E+002
  0.12543082E+001  0.80240215E+000  0.54823123E+001  0.73744038E+002
  0.12543066E+001  0.80239085E+000  0.54823384E+001  0.73744202E+002
  0.12543051E+001  0.80237993E+000  0.54823650E+001  0.73744368E+002
  0.12543039E+001  0.80236941E+000  0.54823920E+001  0.73744535E+002
  0.12543028E+001  0.80235930E+000  0.54824192E+001  0.73744705E+002
  0.12543020E+001  0.80234962E+000  0.54824465E+001  0.73744877E+002
  0.12543013E+001  0.80234038E+000  0.54824741E+001  0.73745052E+002
  0.12543008E+001  0.80233159E+000  0.54825016E+001  0.73745229E+002
  0.12543005E+001  0.80232327E+000  0.54825293E+001  0.73745410E+002
  0.12543005E+001  0.80231542E+000  0.54825569E+001  0.73745593E+002
  0.12543006E+001  0.80230805E+000  0.54825845E+001  0.73745780E+002
  0.12543009E+001  0.80230118E+000  0.54826120E+001  0.73745970E+002
  0.12543014E+001  0.80229481E+000  0.54826394E+001  0.73746163E+002
  0.12543021E+001  0.80228895E+000  0.54826667E+001  0.73746361E+002
  0.12543030E+001  0.80228360E+000  0.54826938E+001  0.73746562E+002
  0.12543041E+001  0.80227877E+000  0.54827207E+001  0.73746768E+002
  0.12543054E+001  0.80227446E+000  0.54827474E+001  0.73746978E+002
  0.12543067E+001  0.80227067E+000  0.54827738E+001  0.73747192E+002
  0.12543083E+001  0.80226739E+000  0.54828000E+001  0.73747412E+002
  0.12543099E+001  0.80226462E+000  0.54828258E+001  0.73747636E+002
  0.12543117E+001  0.80226235E+000  0.54828513E+001  0.73747866E+002
  0.12543136E+001  0.80226057E+000  0.54828765E+001  0.73748101E+002
  0.12543155E+001  0.80225927E+000  0.54829014E+001  0.73748341E+002
  0.12543175E+001  0.80225842E+000  0.54829258E+001  0.73748588E+002
  0.12543196E+001  0.80225800E+000  0.54829499E+001  0.73748840E+002
  0.12543216E+001  0.80225801E+000  0.54829737E+001  0.73749099E+002
  0.12543236E+001  0.80225840E+000  0.54829971E+001  0.73749364E+002
  0.12543257E+001  0.80225916E+000  0.54830201E+001  0.73749636E+002
  0.12543276E+001  0.80226024E+000  0.54830428E+001  0.73749915E+002
  0.12543295E+001  0.80226162E+000  0.54830651E+001  0.73750201E+002
  0.12543314E+001  0.80226325E+000  0.54830872E+001  0.73750494E+002
  0.12543331E+001  0.80226511E+000  0.54831091E+001  0.73750793E+002
  0.12543348E+001  0.80226714E+000  0.54831306E+001  0.73751100E+002
  0.12543363E+001  0.80226932E+000  0.54831520E+001  0.73751415E+002
  0.12543377E+001  0.80227160E+000  0.54831733E+001  0.73751736E+002
  0.12543389E+001  0.80227395E+000  0.54831943E+001  0.73752064E+002
  0.12543401E+001  0.80227634E+000  0.54832153E+001  0.73752400E+002
  0.12543411E+001  0.80227873E+000  0.54832361E+001  0.73752742E+002
  0.12543419E+001  0.80228110E+000  0.54832568E+001  0.73753092E+002
  0.12543426E+001  0.80228342E+000  0.54832775E+001  0.73753447E+002
  0.12543432E+001  0.80228570E+000  0.54832981E+001  0.73753810E+002
  0.12543437E+001  0.80228790E+000  0.54833186E+001  0.73754178E+002
  0.12543440E+001  0.80229003E+000  0.54833390E+001  0.73754552E+002
  0.12543365E+001  0.80229983E+000  0.54833593E+001  0.73754932E+002
  0.12543367E+001  0.80230182E+000  0.54833795E+001  0.73755318E+002
  0.12543368E+001  0.80230375E+000  0.54833996E+001  0.73755708E+002
  0.12543368E+001  0.80230563E+000  0.54834196E+001  0.73756103E+002
  0.12543368E+001  0.80230746E+000  0.54834395E+001  0.73756503E+002
  0.12543367E+001  0.80230927E+000  0.54834592E+001  0.73756907E+002
  0.12543367E+001  0.80231105E+000  0.54834787E+001  0.73757316E+002
  0.12543366E+001  0.80231283E+000  0.54834982E+001  0.73757728E+002
  0.12543366E+001  0.80231461E+000  0.54835175E+001  0.73758143E+002
  0.12543366E+001  0.80231641E+000  0.54835367E+001  0.73758562E+002
  0.12543366E+001  0.80231823E+000  0.54835558E+001  0.73758985E+002
  0.12543367E+001  0.80232008E+000  0.54835749E+001  0.73759410E+002
  0.12543369E+001  0.80232197E+000  0.54835939E+001  0.73759839E+002
  0.12543372E+001  0.80232389E+000  0.54836129E+001  0.73760271E+002
  0.12543375E+001  0.80232586E+000  0.54836319E+001  0.73760705E+002
  0.12543380E+001  0.80232786E+000  0.54836509E+001  0.73761143E+002
  0.12543386E+001  0.80232991E+000  0.54836700E+001  0.73761583E+002
  0.12543393E+001  0.80233200E+000  0.54836892E+001  0.73762027E+002
  0.12543402E+001  0.80233412E+000  0.54837085E+001  0.73762473E+002
  0.12543411E+001  0.80233627E+000  0.54837279E+001  0.73762923E+002
  0.12543422E+001  0.80233846E+000  0.54837475E+001  0.73763376E+002
  0.12543434E+001  0.80234066E+000  0.54837673E+001  0.73763831E+002
  0.12543448E+001  0.80234289E+000  0.54837872E+001  0.73764290E+002
  0.12543463E+001  0.80234512E+000  0.54838074E+001  0.73764752E+002
  0.12543480E+001  0.80234736E+000  0.54838277E+001  0.73765217E+002
  0.12543498E+001  0.80234961E+000  0.54838483E+001  0.73765685E+002
  0.12543517E+001  0.80235185E+000  0.54838691E+001  0.73766157E+002
  0.12543538E+001  0.80235409E+000  0.54838901E+001  0.73766631E+002
  0.12543560E+001  0.80235631E+000  0.54839114E+001  0.73767109E+002
  0.12543584E+001  0.80235851E+000  0.54839328E+001  0.73767590E+002
  0.12543608E+001  0.80236069E+000  0.54839545E+001  0.73768073E+002
  0.12543634E+001  0.80236284E+000  0.54839764E+001  0.73768560E+002
  0.12543661E+001  0.80236497E+000  0.54839985E+001  0.73769050E+002
  0.12543690E+001  0.80236706E+000  0.54840208E+001  0.73769543E+002
  0.12543719E+001  0.80236911E+000  0.54840433E+001  0.73770038E+002
  0.12543749E+001  0.80237112E+000  0.54840658E+001  0.73770536E+002
  0.12543780E+001  0.80237310E+000  0.54840886E+001  0.73771037E+002
  0.12543812E+001  0.80237502E+000  0.54841114E+001  0.73771540E+002
  0.12543845E+001  0.80237690E+000  0.54841343E+001  0.73772046E+002
  0.12543879E+001  0.80237873E+000  0.54841573E+001  0.73772554E+002
  0.12543913E+001  0.80238052E+000  0.54841802E+001  0.73773063E+002
  0.12543947E+001  0.80238225E+000  0.54842032E+001  0.73773575E+002
  0.12543982E+001  0.80238392E+000  0.54842261E+001  0.73774089E+002
  0.12544017E+001  0.80238555E+000  0.54842490E+001  0.73774604E+002
  0.12544052E+001  0.80238712E+000  0.54842717E+001  0.73775121E+002
  0.12544087E+001  0.80238864E+000  0.54842942E+001  0.73775639E+002
  0.12544123E+001  0.80239010E+000  0.54843166E+001  0.73776158E+002
  0.12544157E+001  0.80239151E+000  0.54843387E+001  0.73776678E+002
  0.12544192E+001  0.80239287E+000  0.54843606E+001  0.73777199E+002
  0.12544226E+001  0.80239417E+000  0.54843822E+001  0.73777720E+002
  0.12544260E+001  0.80239542E+000  0.54844034E+001  0.73778242E+002
  0.12544293E+001  0.80239663E+000  0.54844242E+001  0.73778764E+002
  0.12544326E+001  0.80239778E+000  0.54844445E+001  0.73779286E+002
  0.12544358E+001  0.80239888E+000  0.54844644E+001  0.73779808E+002
  0.12544388E+001  0.80239994E+000  0.54844838E+001  0.73780329E+002
  0.12544418E+001  0.80240095E+000  0.54845027E+001  0.73780850E+002
  0.12544447E+001  0.80240191E+000  0.54845210E+001  0.73781369E+002
  0.12544474E+001  0.80240283E+000  0.54845387E+001  0.73781888E+002
  0.12544501E+001  0.80240371E+000  0.54845558E+001  0.73782405E+002
  0.12544526E+001  0.80240454E+000  0.54845722E+001  0.73782921E+002
  0.12544550E+001  0.80240534E+000  0.54845880E+001  0.73783435E+002
  0.12544572E+001  0.80240609E+000  0.54846031E+001  0.73783946E+002
  0.12544593E+001  0.80240681E+000  0.54846174E+001  0.73784456E+002
  0.12544612E+001  0.80240748E+000  0.54846310E+001  0.73784963E+002
  0.12544630E+001  0.80240811E+000  0.54846439E+001  0.73785467E+002
  0.12544647E+001  0.80240871E+000  0.54846561E+001  0.73785968E+002
  0.12544662E+001  0.80240927E+000  0.54846675E+001  0.73786466E+002
  0.12544675E+001  0.80240978E+000  0.54846782E+001  0.73786960E+002
  0.12544687E+001  0.80241026E+000  0.54846882E+001  0.73787451E+002
  0.12544698E+001  0.80241069E+000  0.54846974E+001  0.73787938E+002
  0.12544707E+001  0.80241109E+000  0.54847058E+001  0.73788420E+002
  0.12544715E+001  0.80241144E+000  0.54847136E+001  0.73788898E+002
  0.12544721E+001  0.80241175E+000  0.54847206E+001  0.73789372E+002
  0.12544726E+001  0.80241201E+000  0.54847270E+001  0.73789841E+002
  0.12544729E+001  0.80241223E+000  0.54847326E+001  0.73790304E+002
  0.12544731E+001  0.80241241E+000  0.54847377E+001  0.73790763E+002
  0.12544732E+001  0.80241253E+000  0.54847420E+001  0.73791216E+002
  0.12544732E+001  0.80241260E+000  0.54847458E+001  0.73791663E+002
  0.12544730E+001  0.80241263E+000  0.54847489E+001  0.73792104E+002
  0.12544728E+001  0.80241259E+000  0.54847514E+001  0.73792539E+002
  0.12544724E+001  0.80241251E+000  0.54847534E+001  0.73792969E+002
  0.12544719E+001  0.80241236E+000  0.54847548E+001  0.73793391E+002
  0.12544713E+001  0.80241216E+000  0.54847557E+001  0.73793808E+002
  0.12544706E+001  0.80241190E+000  0.54847561E+001  0.73794217E+002
  0.12544699E+001  0.80241157E+000  0.54847560E+001  0.73794620E+002
  0.12544690E+001  0.80241117E+000  0.54847554E+001  0.73795015E+002
  0.12544680E+001  0.80241070E+000  0.54847544E+001  0.73795404E+002
  0.12544670E+001  0.80241016E+000  0.54847528E+001  0.73795785E+002
  0.12544659E+001  0.80240955E+000  0.54847509E+001  0.73796159E+002
  0.12544646E+001  0.80240885E+000  0.54847485E+001  0.73796526E+002
  0.12544633E+001  0.80240807E+000  0.54847456E+001  0.73796884E+002
  0.12544619E+001  0.80240719E+000  0.54847423E+001  0.73797235E+002
  0.12544604E+001  0.80240623E+000  0.54847385E+001  0.73797578E+002
  0.12544588E+001  0.80240515E+000  0.54847343E+001  0.73797913E+002
  0.12544571E+001  0.80240398E+000  0.54847295E+001  0.73798240E+002
  0.12544553E+001  0.80240268E+000  0.54847243E+001  0.73798558E+002
  0.12544534E+001  0.80240126E+000  0.54847186E+001  0.73798868E+002
  0.12544513E+001  0.80239971E+000  0.54847122E+001  0.73799169E+002
  0.12544491E+001  0.80239801E+000  0.54847053E+001  0.73799461E+002
  0.12544468E+001  0.80239616E+000  0.54846977E+001  0.73799744E+002
  0.12544442E+001  0.80239415E+000  0.54846894E+001  0.73800017E+002
  0.12544415E+001  0.80239195E+000  0.54846804E+001  0.73800281E+002
  0.12544386E+001  0.80238956E+000  0.54846705E+001  0.73800534E+002
  0.12544354E+001  0.80238696E+000  0.54846597E+001  0.73800777E+002
  0.12544320E+001  0.80238414E+000  0.54846478E+001  0.73801010E+002
  0.12544283E+001  0.80238107E+000  0.54846349E+001  0.73801230E+002
  0.12544243E+001  0.80237774E+000  0.54846207E+001  0.73801439E+002
  0.12544199E+001  0.80237412E+000  0.54846052E+001  0.73801635E+002
  0.12544152E+001  0.80237019E+000  0.54845881E+001  0.73801817E+002
  0.12544100E+001  0.80236593E+000  0.54845694E+001  0.73801985E+002
  0.12544044E+001  0.80236131E+000  0.54845489E+001  0.73802138E+002
  0.12543983E+001  0.80235630E+000  0.54845265E+001  0.73802274E+002
  0.12543916E+001  0.80235089E+000  0.54845018E+001  0.73802392E+002
  0.12543843E+001  0.80234502E+000  0.54844748E+001  0.73802490E+002
  0.12543764E+001  0.80233868E+000  0.54844453E+001  0.73802568E+002
  0.12543677E+001  0.80233182E+000  0.54844129E+001  0.73802622E+002
  0.12543583E+001  0.80232441E+000  0.54843776E+001  0.73802652E+002
  0.12543481E+001  0.80231640E+000  0.54843391E+001  0.73802654E+002
  0.12543369E+001  0.80230776E+000  0.54842971E+001  0.73802625E+002
  0.12543248E+001  0.80229841E+000  0.54842514E+001  0.73802564E+002
  0.12543117E+001  0.80228834E+000  0.54842020E+001  0.73802467E+002
  0.12542974E+001  0.80227735E+000  0.54841487E+001  0.73802328E+002
  0.12542819E+001  0.80226555E+000  0.54840916E+001  0.73802149E+002
  0.12542648E+001  0.80225189E+000  0.54840278E+001  0.73801917E+002
  0.12542467E+001  0.80223728E+000  0.54839543E+001  0.73801658E+002
