  0.97272605E+000  0.62220727E+000  0.87573144E+000  0.40072608E+001
  0.97240783E+000  0.62411389E+000  0.87275705E+000  0.40155549E+001
  0.97223671E+000  0.62667989E+000  0.87265935E+000  0.40185160E+001
  0.97247607E+000  0.62997922E+000  0.86719612E+000  0.40245059E+001
  0.97253985E+000  0.63087078E+000  0.86743939E+000  0.40264757E+001
  0.97299501E+000  0.63137092E+000  0.86736450E+000  0.40280597E+001
  0.97253778E+000  0.63264522E+000  0.86789357E+000  0.40286184E+001
  0.97192817E+000  0.63371230E+000  0.87816367E+000  0.40193450E+001
  0.97219849E+000  0.63353287E+000  0.87859454E+000  0.40199111E+001
  0.97239949E+000  0.63406797E+000  0.87825155E+000  0.40203059E+001
  0.97253907E+000  0.63409353E+000  0.87965704E+000  0.40192773E+001
  0.97267511E+000  0.63392057E+000  0.87986873E+000  0.40194427E+001
  0.97277135E+000  0.63342098E+000  0.88038061E+000  0.40195080E+001
  0.97263394E+000  0.63360734E+000  0.88030278E+000  0.40195737E+001
  0.97267927E+000  0.63357282E+000  0.88028620E+000  0.40195033E+001
  0.97270539E+000  0.63352547E+000  0.88025799E+000  0.40193835E+001
  0.97840848E+000  0.62770141E+000  0.88029324E+000  0.40192235E+001
  0.97839522E+000  0.62764342E+000  0.88024868E+000  0.40190303E+001
  0.97836766E+000  0.62758050E+000  0.88019843E+000  0.40188099E+001
  0.97832784E+000  0.62751374E+000  0.88014380E+000  0.40185670E+001
  0.97811988E+000  0.62760163E+000  0.88008589E+000  0.40183055E+001
  0.97806063E+000  0.62752963E+000  0.88002560E+000  0.40180287E+001
  0.97799369E+000  0.62745606E+000  0.87996364E+000  0.40177393E+001
  0.97792019E+000  0.62738146E+000  0.87990062E+000  0.40174394E+001
  0.97783613E+000  0.62731121E+000  0.87983705E+000  0.40171309E+001
  0.97775224E+000  0.62777500E+000  0.87923418E+000  0.40168154E+001
  0.97765954E+000  0.62770445E+000  0.87917075E+000  0.40164940E+001
  0.97756814E+000  0.62762954E+000  0.87910779E+000  0.40161679E+001
  0.97747382E+000  0.62755527E+000  0.87904553E+000  0.40158380E+001
  0.97737704E+000  0.62748183E+000  0.87898412E+000  0.40155050E+001
  0.97727820E+000  0.62740937E+000  0.87892366E+000  0.40151696E+001
  0.97717765E+000  0.62733804E+000  0.87886423E+000  0.40148323E+001
  0.97707567E+000  0.62726795E+000  0.87880585E+000  0.40144937E+001
  0.97697255E+000  0.62719919E+000  0.87874853E+000  0.40141541E+001
  0.97686851E+000  0.62713185E+000  0.87869225E+000  0.40138140E+001
  0.97676377E+000  0.62706599E+000  0.87863697E+000  0.40134737E+001
  0.97665854E+000  0.62700168E+000  0.87858264E+000  0.40131337E+001
  0.97655299E+000  0.62693895E+000  0.87852921E+000  0.40127944E+001
  0.97644731E+000  0.62687784E+000  0.87847657E+000  0.40124560E+001
  0.97634165E+000  0.62681838E+000  0.87842467E+000  0.40121190E+001
  0.97623618E+000  0.62676059E+000  0.87837339E+000  0.40117836E+001
  0.97613106E+000  0.62670446E+000  0.87832266E+000  0.40114504E+001
  0.97602642E+000  0.62665002E+000  0.87827238E+000  0.40111196E+001
  0.97592243E+000  0.62659724E+000  0.87822245E+000  0.40107915E+001
  0.97581924E+000  0.62654613E+000  0.87817280E+000  0.40104666E+001
  0.97571698E+000  0.62649667E+000  0.87812334E+000  0.40101453E+001
  0.97561581E+000  0.62644885E+000  0.87807400E+000  0.40098278E+001
  0.97551586E+000  0.62640265E+000  0.87802470E+000  0.40095145E+001
  0.97541729E+000  0.62635805E+000  0.87797540E+000  0.40092057E+001
  0.97532021E+000  0.62631502E+000  0.87792603E+000  0.40089018E+001
  0.97522476E+000  0.62627355E+000  0.87787656E+000  0.40086031E+001
  0.97513107E+000  0.62623360E+000  0.87782697E+000  0.40083099E+001
  0.97503925E+000  0.62619515E+000  0.87777722E+000  0.40080223E+001
  0.97494941E+000  0.62615817E+000  0.87772731E+000  0.40077407E+001
  0.97486166E+000  0.62612264E+000  0.87767724E+000  0.40074652E+001
  0.97477609E+000  0.62608851E+000  0.87762702E+000  0.40071960E+001
  0.97469279E+000  0.62605577E+000  0.87757670E+000  0.40069333E+001
  0.97461184E+000  0.62602436E+000  0.87752630E+000  0.40066772E+001
  0.97453331E+000  0.62599426E+000  0.87747588E+000  0.40064277E+001
  0.97445726E+000  0.62596542E+000  0.87742552E+000  0.40061849E+001
  0.97438374E+000  0.62593781E+000  0.87737529E+000  0.40059489E+001
  0.97431282E+000  0.62591138E+000  0.87732528E+000  0.40057197E+001
  0.97424451E+000  0.62588608E+000  0.87727562E+000  0.40054973E+001
  0.97417885E+000  0.62586189E+000  0.87722641E+000  0.40052817E+001
  0.97411585E+000  0.62583876E+000  0.87717778E+000  0.40050728E+001
  0.97405554E+000  0.62581664E+000  0.87712987E+000  0.40048707E+001
  0.97399791E+000  0.62579552E+000  0.87708282E+000  0.40046754E+001
  0.97394295E+000  0.62577535E+000  0.87703678E+000  0.40044868E+001
  0.97389066E+000  0.62575612E+000  0.87699189E+000  0.40043050E+001
  0.97384101E+000  0.62573780E+000  0.87694829E+000  0.40041299E+001
  0.97379397E+000  0.62572037E+000  0.87690612E+000  0.40039616E+001
  0.97374951E+000  0.62570382E+000  0.87686551E+000  0.40038002E+001
  0.97370758E+000  0.62568814E+000  0.87682659E+000  0.40036457E+001
  0.97366813E+000  0.62567332E+000  0.87678945E+000  0.40034982E+001
  0.97363111E+000  0.62565935E+000  0.87675419E+000  0.40033576E+001
  0.97359648E+000  0.62564620E+000  0.87672090E+000  0.40032241E+001
  0.97356411E+000  0.62563390E+000  0.87668963E+000  0.40030977E+001
  0.97353397E+000  0.62562243E+000  0.87666042E+000  0.40029784E+001
  0.97350597E+000  0.62561176E+000  0.87663331E+000  0.40028663E+001
  0.97348002E+000  0.62560188E+000  0.87660830E+000  0.40027612E+001
  0.97345602E+000  0.62559276E+000  0.87658537E+000  0.40026632E+001
  0.97343390E+000  0.62558439E+000  0.87656450E+000  0.40025722E+001
  0.97341354E+000  0.62557674E+000  0.87654565E+000  0.40024879E+001
  0.97339484E+000  0.62556977E+000  0.87652876E+000  0.40024103E+001
  0.97337769E+000  0.62556346E+000  0.87651375E+000  0.40023391E+001
  0.97336200E+000  0.62555776E+000  0.87650054E+000  0.40022740E+001
  0.97334766E+000  0.62555264E+000  0.87648905E+000  0.40022148E+001
  0.97333456E+000  0.62554806E+000  0.87647917E+000  0.40021612E+001
  0.97332260E+000  0.62554399E+000  0.87647079E+000  0.40021128E+001
  0.97331169E+000  0.62554037E+000  0.87646381E+000  0.40020692E+001
  0.97330173E+000  0.62553718E+000  0.87645811E+000  0.40020301E+001
  0.97329262E+000  0.62553438E+000  0.87645359E+000  0.40019951E+001
  0.97328430E+000  0.62553193E+000  0.87645014E+000  0.40019638E+001
  0.97327668E+000  0.62552978E+000  0.87644765E+000  0.40019360E+001
  0.97326969E+000  0.62552792E+000  0.87644602E+000  0.40019112E+001
  0.97326326E+000  0.62552630E+000  0.87644515E+000  0.40018891E+001
  0.97325733E+000  0.62552490E+000  0.87644495E+000  0.40018694E+001
  0.97325185E+000  0.62552369E+000  0.87644534E+000  0.40018518E+001
  0.97324678E+000  0.62552264E+000  0.87644624E+000  0.40018360E+001
  0.97324206E+000  0.62552173E+000  0.87644758E+000  0.40018219E+001
  0.97323767E+000  0.62552094E+000  0.87644928E+000  0.40018092E+001
  0.97323357E+000  0.62552025E+000  0.87645130E+000  0.40017977E+001
  0.97322973E+000  0.62551964E+000  0.87645359E+000  0.40017873E+001
  0.97322613E+000  0.62551910E+000  0.87645609E+000  0.40017777E+001
  0.97322275E+000  0.62551860E+000  0.87645878E+000  0.40017690E+001
  0.97321956E+000  0.62551815E+000  0.87646160E+000  0.40017609E+001
  0.97321656E+000  0.62551773E+000  0.87646455E+000  0.40017534E+001
  0.97321373E+000  0.62551733E+000  0.87646758E+000  0.40017464E+001
  0.97321107E+000  0.62551694E+000  0.87647069E+000  0.40017398E+001
  0.97320856E+000  0.62551656E+000  0.87647385E+000  0.40017336E+001
  0.97320619E+000  0.62551618E+000  0.87647705E+000  0.40017278E+001
  0.97320395E+000  0.62551580E+000  0.87648028E+000  0.40017222E+001
  0.97320185E+000  0.62551541E+000  0.87648352E+000  0.40017169E+001
  0.97319988E+000  0.62551500E+000  0.87648678E+000  0.40017119E+001
  0.97319802E+000  0.62551459E+000  0.87649004E+000  0.40017070E+001
  0.97319628E+000  0.62551416E+000  0.87649330E+000  0.40017024E+001
  0.97319466E+000  0.62551372E+000  0.87649655E+000  0.40016979E+001
  0.97319313E+000  0.62551325E+000  0.87649980E+000  0.40016936E+001
  0.97319171E+000  0.62551277E+000  0.87650304E+000  0.40016894E+001
  0.97319039E+000  0.62551228E+000  0.87650626E+000  0.40016853E+001
  0.97318916E+000  0.62551177E+000  0.87650947E+000  0.40016814E+001
  0.97318802E+000  0.62551124E+000  0.87651267E+000  0.40016775E+001
  0.97318696E+000  0.62551070E+000  0.87651585E+000  0.40016737E+001
  0.97318598E+000  0.62551015E+000  0.87651901E+000  0.40016700E+001
  0.97318507E+000  0.62550958E+000  0.87652216E+000  0.40016664E+001
  0.97318423E+000  0.62550901E+000  0.87652528E+000  0.40016628E+001
  0.97318346E+000  0.62550843E+000  0.87652838E+000  0.40016593E+001
  0.97318275E+000  0.62550784E+000  0.87653146E+000  0.40016559E+001
  0.97318209E+000  0.62550725E+000  0.87653451E+000  0.40016524E+001
  0.97318148E+000  0.62550666E+000  0.87653754E+000  0.40016490E+001
  0.97318092E+000  0.62550607E+000  0.87654054E+000  0.40016456E+001
  0.97318041E+000  0.62550548E+000  0.87654351E+000  0.40016423E+001
  0.97317993E+000  0.62550490E+000  0.87654645E+000  0.40016389E+001
  0.97317948E+000  0.62550432E+000  0.87654936E+000  0.40016356E+001
  0.97317907E+000  0.62550375E+000  0.87655223E+000  0.40016323E+001
  0.97317869E+000  0.62550319E+000  0.87655507E+000  0.40016289E+001
  0.97317833E+000  0.62550264E+000  0.87655787E+000  0.40016256E+001
  0.97317799E+000  0.62550210E+000  0.87656064E+000  0.40016223E+001
  0.97317767E+000  0.62550158E+000  0.87656336E+000  0.40016190E+001
  0.97317736E+000  0.62550107E+000  0.87656604E+000  0.40016157E+001
  0.97317708E+000  0.62550057E+000  0.87656868E+000  0.40016124E+001
  0.97317680E+000  0.62550009E+000  0.87657127E+000  0.40016091E+001
  0.97317654E+000  0.62549963E+000  0.87657381E+000  0.40016059E+001
  0.97317628E+000  0.62549918E+000  0.87657630E+000  0.40016026E+001
  0.97317603E+000  0.62549875E+000  0.87657875E+000  0.40015994E+001
  0.97317580E+000  0.62549833E+000  0.87658114E+000  0.40015962E+001
  0.97317556E+000  0.62549794E+000  0.87658348E+000  0.40015930E+001
  0.97317534E+000  0.62549756E+000  0.87658577E+000  0.40015898E+001
  0.97317512E+000  0.62549720E+000  0.87658800E+000  0.40015867E+001
  0.97317491E+000  0.62549685E+000  0.87659018E+000  0.40015836E+001
  0.97317470E+000  0.62549652E+000  0.87659230E+000  0.40015805E+001
  0.97317450E+000  0.62549621E+000  0.87659436E+000  0.40015775E+001
  0.97317431E+000  0.62549591E+000  0.87659636E+000  0.40015746E+001
  0.97317412E+000  0.62549563E+000  0.87659830E+000  0.40015717E+001
  0.97317395E+000  0.62549537E+000  0.87660019E+000  0.40015688E+001
  0.97317378E+000  0.62549512E+000  0.87660201E+000  0.40015661E+001
  0.97317363E+000  0.62549488E+000  0.87660377E+000  0.40015634E+001
  0.97317349E+000  0.62549466E+000  0.87660548E+000  0.40015608E+001
  0.97317337E+000  0.62549445E+000  0.87660712E+000  0.40015583E+001
  0.97317326E+000  0.62549426E+000  0.87660869E+000  0.40015558E+001
  0.97317317E+000  0.62549408E+000  0.87661021E+000  0.40015535E+001
  0.97317310E+000  0.62549392E+000  0.87661167E+000  0.40015512E+001
  0.97317305E+000  0.62549377E+000  0.87661306E+000  0.40015491E+001
  0.97317303E+000  0.62549364E+000  0.87661439E+000  0.40015471E+001
  0.97317303E+000  0.62549352E+000  0.87661566E+000  0.40015452E+001
  0.97317307E+000  0.62549341E+000  0.87661687E+000  0.40015434E+001
  0.97317314E+000  0.62549332E+000  0.87661801E+000  0.40015418E+001
  0.97317325E+000  0.62549324E+000  0.87661909E+000  0.40015403E+001
  0.97317341E+000  0.62549318E+000  0.87662011E+000  0.40015390E+001
  0.97317361E+000  0.62549313E+000  0.87662107E+000  0.40015378E+001
  0.97317386E+000  0.62549310E+000  0.87662197E+000  0.40015368E+001
  0.97317417E+000  0.62549309E+000  0.87662280E+000  0.40015360E+001
  0.97317454E+000  0.62549309E+000  0.87662356E+000  0.40015353E+001
  0.97317498E+000  0.62549312E+000  0.87662426E+000  0.40015349E+001
  0.97317550E+000  0.62549316E+000  0.87662490E+000  0.40015347E+001
  0.97317610E+000  0.62549323E+000  0.87662546E+000  0.40015348E+001
  0.97317679E+000  0.62549332E+000  0.87662596E+000  0.40015351E+001
  0.97317759E+000  0.62549343E+000  0.87662639E+000  0.40015357E+001
  0.97317849E+000  0.62549358E+000  0.87662674E+000  0.40015366E+001
  0.97317952E+000  0.62549374E+000  0.87662701E+000  0.40015378E+001
  0.97318068E+000  0.62549394E+000  0.87662719E+000  0.40015394E+001
  0.97318199E+000  0.62549417E+000  0.87662729E+000  0.40015414E+001
  0.97318345E+000  0.62549444E+000  0.87662729E+000  0.40015438E+001
  0.97318509E+000  0.62549473E+000  0.87662719E+000  0.40015466E+001
  0.97318690E+000  0.62549506E+000  0.87662696E+000  0.40015499E+001
  0.97318890E+000  0.62549543E+000  0.87662660E+000  0.40015537E+001
  0.97319110E+000  0.62549583E+000  0.87662608E+000  0.40015580E+001
  0.97319350E+000  0.62549626E+000  0.87662537E+000  0.40015627E+001
  0.97319608E+000  0.62549672E+000  0.87662444E+000  0.40015680E+001
  0.97319882E+000  0.62549718E+000  0.87662323E+000  0.40015736E+001
  0.97320168E+000  0.62549763E+000  0.87662168E+000  0.40015795E+001
  0.97320456E+000  0.62549803E+000  0.87661968E+000  0.40015856E+001
  0.97320734E+000  0.62549831E+000  0.87661711E+000  0.40015915E+001
  0.97320981E+000  0.62549841E+000  0.87661381E+000  0.40015970E+001
  0.97321165E+000  0.62549815E+000  0.87660953E+000  0.40016016E+001
  0.97321250E+000  0.62549745E+000  0.87660408E+000  0.40016048E+001
  0.97321164E+000  0.62549581E+000  0.87659695E+000  0.40016061E+001
  0.97320856E+000  0.62549311E+000  0.87658796E+000  0.40016039E+001
  0.97319981E+000  0.62548624E+000  0.87657443E+000  0.40015928E+001
  0.97318722E+000  0.62547682E+000  0.87655789E+000  0.40015739E+001
