  0.11491579E+001
  0.11489883E+001
  0.11487506E+001
  0.11485327E+001
  0.11483482E+001
  0.11481921E+001
  0.11480591E+001
  0.11479459E+001
  0.11478493E+001
  0.11477669E+001
  0.11476960E+001
  0.11476350E+001
  0.11475822E+001
  0.11475362E+001
  0.11474959E+001
  0.11474604E+001
  0.11474291E+001
  0.11474011E+001
  0.11473761E+001
  0.11473535E+001
  0.11473331E+001
  0.11473145E+001
  0.11472975E+001
  0.11472819E+001
  0.11472675E+001
  0.11472541E+001
  0.11472416E+001
  0.11472299E+001
  0.11472189E+001
  0.11472085E+001
  0.11471986E+001
  0.11471892E+001
  0.11471802E+001
  0.11471716E+001
  0.11471633E+001
  0.11471553E+001
  0.11471476E+001
  0.11471402E+001
  0.11471330E+001
  0.11471260E+001
  0.11471193E+001
  0.11471127E+001
  0.11471063E+001
  0.11471002E+001
  0.11470942E+001
  0.11470884E+001
  0.11470827E+001
  0.11470773E+001
  0.11470720E+001
  0.11470668E+001
  0.11470618E+001
  0.11470570E+001
  0.11470523E+001
  0.11470478E+001
  0.11470435E+001
  0.11470393E+001
  0.11470352E+001
  0.11470313E+001
  0.11470275E+001
  0.11470239E+001
  0.11470204E+001
  0.11470170E+001
  0.11470138E+001
  0.11470107E+001
  0.11470078E+001
  0.11470050E+001
  0.11470023E+001
  0.11469998E+001
  0.11469974E+001
  0.11469951E+001
  0.11469930E+001
  0.11469911E+001
  0.11469893E+001
  0.11469876E+001
  0.11469861E+001
  0.11469847E+001
  0.11469834E+001
  0.11469823E+001
  0.11469814E+001
  0.11469805E+001
  0.11469799E+001
  0.11469793E+001
  0.11469789E+001
  0.11469786E+001
  0.11469785E+001
  0.11469784E+001
  0.11469785E+001
  0.11469787E+001
  0.11469790E+001
  0.11469794E+001
  0.11469798E+001
  0.11469804E+001
  0.11469811E+001
  0.11469818E+001
  0.11469826E+001
  0.11469835E+001
  0.11469844E+001
  0.11469854E+001
  0.11469864E+001
  0.11469875E+001
  0.11469886E+001
  0.11469898E+001
  0.11469911E+001
  0.11469923E+001
  0.11469936E+001
  0.11469949E+001
  0.11469963E+001
  0.11469976E+001
  0.11469991E+001
  0.11470005E+001
  0.11470019E+001
  0.11470034E+001
  0.11470049E+001
  0.11470064E+001
  0.11470079E+001
  0.11470094E+001
  0.11470110E+001
  0.11470125E+001
  0.11470141E+001
  0.11470157E+001
  0.11470172E+001
  0.11470188E+001
  0.11470204E+001
  0.11470220E+001
  0.11470236E+001
  0.11470252E+001
  0.11470268E+001
  0.11470284E+001
  0.11470300E+001
  0.11470316E+001
  0.11470332E+001
  0.11470348E+001
  0.11470364E+001
  0.11470380E+001
  0.11470395E+001
  0.11470411E+001
  0.11470427E+001
  0.11470442E+001
  0.11470458E+001
  0.11470473E+001
  0.11470488E+001
  0.11470503E+001
  0.11470518E+001
  0.11470533E+001
  0.11470548E+001
  0.11470562E+001
  0.11470577E+001
  0.11470591E+001
  0.11470606E+001
  0.11470620E+001
  0.11470634E+001
  0.11470647E+001
  0.11470661E+001
  0.11470674E+001
  0.11470688E+001
  0.11470701E+001
  0.11470714E+001
  0.11470727E+001
  0.11470739E+001
  0.11470752E+001
  0.11470764E+001
  0.11470776E+001
  0.11470788E+001
  0.11470800E+001
  0.11470812E+001
  0.11470823E+001
  0.11470834E+001
  0.11470845E+001
  0.11470856E+001
  0.11470867E+001
  0.11470877E+001
  0.11470888E+001
  0.11470898E+001
  0.11470908E+001
  0.11470918E+001
  0.11470927E+001
  0.11470937E+001
  0.11470946E+001
  0.11470955E+001
  0.11470964E+001
  0.11470972E+001
  0.11470981E+001
  0.11470989E+001
  0.11470998E+001
  0.11471005E+001
  0.11471013E+001
  0.11471021E+001
  0.11471028E+001
  0.11471036E+001
  0.11471043E+001
  0.11471050E+001
  0.11471057E+001
  0.11471064E+001
  0.11471071E+001
  0.11471078E+001
  0.11471086E+001
  0.11471094E+001
  0.11471106E+001
  0.11471119E+001
  0.11471156E+001
