  0.59846773E+000
  0.59672326E+000
  0.59573378E+000
  0.59529390E+000
  0.59519671E+000
  0.59517421E+000
  0.59520277E+000
  0.59526314E+000
  0.59534131E+000
  0.59542863E+000
  0.59551945E+000
  0.59561098E+000
  0.59570184E+000
  0.59579127E+000
  0.59587890E+000
  0.59596441E+000
  0.59604761E+000
  0.59612832E+000
  0.59620726E+000
  0.59628921E+000
  0.59637155E+000
  0.59644957E+000
  0.59652241E+000
  0.59659104E+000
  0.59665597E+000
  0.59671740E+000
  0.59677545E+000
  0.59683016E+000
  0.59688157E+000
  0.59692971E+000
  0.59697465E+000
  0.59701640E+000
  0.59705510E+000
  0.59709082E+000
  0.59712366E+000
  0.59715372E+000
  0.59718111E+000
  0.59720597E+000
  0.59722841E+000
  0.59724860E+000
  0.59726666E+000
  0.59728276E+000
  0.59729704E+000
  0.59730965E+000
  0.59732075E+000
  0.59733047E+000
  0.59733896E+000
  0.59734634E+000
  0.59735274E+000
  0.59735827E+000
  0.59736303E+000
  0.59736711E+000
  0.59737060E+000
  0.59737358E+000
  0.59737612E+000
  0.59737826E+000
  0.59738007E+000
  0.59738159E+000
  0.59738286E+000
  0.59738392E+000
  0.59738480E+000
  0.59738553E+000
  0.59738613E+000
  0.59738664E+000
  0.59738707E+000
  0.59738744E+000
  0.59738776E+000
  0.59738806E+000
  0.59738834E+000
  0.59738861E+000
  0.59738889E+000
  0.59738917E+000
  0.59738947E+000
  0.59738978E+000
  0.59739011E+000
  0.59739046E+000
  0.59739082E+000
  0.59739120E+000
  0.59739158E+000
  0.59739198E+000
  0.59739238E+000
  0.59739278E+000
  0.59739317E+000
  0.59739356E+000
  0.59739394E+000
  0.59739431E+000
  0.59739466E+000
  0.59739499E+000
  0.59739531E+000
  0.59739560E+000
  0.59739588E+000
  0.59739613E+000
  0.59739636E+000
  0.59739658E+000
  0.59739678E+000
  0.59739696E+000
  0.59739712E+000
  0.59739728E+000
  0.59739742E+000
  0.59739756E+000
  0.59739768E+000
  0.59739780E+000
  0.59739792E+000
  0.59739803E+000
  0.59739814E+000
  0.59739825E+000
  0.59739836E+000
  0.59739847E+000
  0.59739858E+000
  0.59739869E+000
  0.59739879E+000
  0.59739890E+000
  0.59739901E+000
  0.59739912E+000
  0.59739922E+000
  0.59739933E+000
  0.59739943E+000
  0.59739953E+000
  0.59739963E+000
  0.59739973E+000
  0.59739983E+000
  0.59739992E+000
  0.59740001E+000
  0.59740010E+000
  0.59740018E+000
  0.59740026E+000
  0.59740033E+000
  0.59740040E+000
  0.59740047E+000
  0.59740053E+000
  0.59740059E+000
  0.59740064E+000
  0.59740069E+000
  0.59740074E+000
  0.59740078E+000
  0.59740081E+000
  0.59740085E+000
  0.59740088E+000
  0.59740090E+000
  0.59740092E+000
  0.59740094E+000
  0.59740095E+000
  0.59740096E+000
  0.59740097E+000
  0.59740097E+000
  0.59740097E+000
  0.59740097E+000
  0.59740097E+000
  0.59740096E+000
  0.59740095E+000
  0.59740094E+000
  0.59740092E+000
  0.59740090E+000
  0.59740088E+000
  0.59740086E+000
  0.59740084E+000
  0.59740081E+000
  0.59740078E+000
  0.59740075E+000
  0.59740072E+000
  0.59740069E+000
  0.59740065E+000
  0.59740061E+000
  0.59740057E+000
  0.59740052E+000
  0.59740047E+000
  0.59740042E+000
  0.59740037E+000
  0.59740031E+000
  0.59740024E+000
  0.59740018E+000
  0.59740010E+000
  0.59740003E+000
  0.59739994E+000
  0.59739986E+000
  0.59739976E+000
  0.59739966E+000
  0.59739955E+000
  0.59739943E+000
  0.59739931E+000
  0.59739917E+000
  0.59739903E+000
  0.59739887E+000
  0.59739871E+000
  0.59739853E+000
  0.59739834E+000
  0.59739814E+000
  0.59739793E+000
  0.59739770E+000
  0.59739747E+000
  0.59739723E+000
  0.59739699E+000
  0.59739677E+000
  0.59739661E+000
  0.59739655E+000
  0.59739665E+000
  0.59739689E+000
  0.59739758E+000
  0.59740084E+000
  0.59741035E+000
