  0.65038182E+000  0.85954454E+000  0.95235590E+000  0.21343497E+001
  0.65014474E+000  0.85922915E+000  0.95213350E+000  0.21344460E+001
  0.64991751E+000  0.85898044E+000  0.95170539E+000  0.21343992E+001
  0.64976471E+000  0.85876952E+000  0.95112505E+000  0.21344717E+001
  0.64964444E+000  0.85850182E+000  0.95080553E+000  0.21344411E+001
  0.64956264E+000  0.85826557E+000  0.95053147E+000  0.21344088E+001
  0.64946466E+000  0.85812401E+000  0.95029605E+000  0.21343521E+001
  0.64936308E+000  0.85798359E+000  0.95051753E+000  0.21339198E+001
  0.64931489E+000  0.85781217E+000  0.95038488E+000  0.21338855E+001
  0.64927117E+000  0.85770220E+000  0.95024017E+000  0.21338542E+001
  0.64923359E+000  0.85759141E+000  0.95019446E+000  0.21337648E+001
  0.64920387E+000  0.85748990E+000  0.95010592E+000  0.21337404E+001
  0.64917745E+000  0.85737109E+000  0.95006464E+000  0.21337157E+001
  0.64914851E+000  0.85730736E+000  0.94999441E+000  0.21336947E+001
  0.64912746E+000  0.85724793E+000  0.94993534E+000  0.21336731E+001
  0.64910853E+000  0.85719652E+000  0.94988405E+000  0.21336529E+001
  0.64947529E+000  0.85676451E+000  0.94984259E+000  0.21336341E+001
  0.64945919E+000  0.85672581E+000  0.94980336E+000  0.21336163E+001
  0.64944423E+000  0.85669197E+000  0.94976888E+000  0.21335995E+001
  0.64943026E+000  0.85666224E+000  0.94973836E+000  0.21335835E+001
  0.64941225E+000  0.85664097E+000  0.94971125E+000  0.21335681E+001
  0.64939986E+000  0.85661782E+000  0.94968719E+000  0.21335534E+001
  0.64938811E+000  0.85659725E+000  0.94966572E+000  0.21335393E+001
  0.64937690E+000  0.85657889E+000  0.94964648E+000  0.21335256E+001
  0.64936417E+000  0.85656445E+000  0.94962919E+000  0.21335124E+001
  0.64935387E+000  0.85657970E+000  0.94958354E+000  0.21334996E+001
  0.64934379E+000  0.85656645E+000  0.94956943E+000  0.21334871E+001
  0.64933418E+000  0.85655427E+000  0.94955662E+000  0.21334749E+001
  0.64932486E+000  0.85654312E+000  0.94954494E+000  0.21334630E+001
  0.64931579E+000  0.85653287E+000  0.94953427E+000  0.21334514E+001
  0.64930695E+000  0.85652341E+000  0.94952449E+000  0.21334400E+001
  0.64929830E+000  0.85651459E+000  0.94951548E+000  0.21334288E+001
  0.64928984E+000  0.85650636E+000  0.94950715E+000  0.21334178E+001
  0.64928155E+000  0.85649865E+000  0.94949944E+000  0.21334070E+001
  0.64927341E+000  0.85649139E+000  0.94949229E+000  0.21333964E+001
  0.64926542E+000  0.85648455E+000  0.94948563E+000  0.21333860E+001
  0.64925758E+000  0.85647807E+000  0.94947941E+000  0.21333757E+001
  0.64924986E+000  0.85647192E+000  0.94947359E+000  0.21333657E+001
  0.64924228E+000  0.85646608E+000  0.94946812E+000  0.21333557E+001
  0.64923482E+000  0.85646051E+000  0.94946297E+000  0.21333460E+001
  0.64922750E+000  0.85645520E+000  0.94945811E+000  0.21333365E+001
  0.64922030E+000  0.85645013E+000  0.94945351E+000  0.21333271E+001
  0.64921324E+000  0.85644528E+000  0.94944914E+000  0.21333180E+001
  0.64920630E+000  0.85644065E+000  0.94944498E+000  0.21333090E+001
  0.64919950E+000  0.85643622E+000  0.94944102E+000  0.21333002E+001
  0.64919284E+000  0.85643198E+000  0.94943722E+000  0.21332917E+001
  0.64918631E+000  0.85642791E+000  0.94943358E+000  0.21332834E+001
  0.64917993E+000  0.85642402E+000  0.94943008E+000  0.21332753E+001
  0.64917369E+000  0.85642029E+000  0.94942671E+000  0.21332674E+001
  0.64916761E+000  0.85641671E+000  0.94942344E+000  0.21332598E+001
  0.64916167E+000  0.85641328E+000  0.94942028E+000  0.21332524E+001
  0.64915589E+000  0.85640998E+000  0.94941721E+000  0.21332452E+001
  0.64915027E+000  0.85640681E+000  0.94941422E+000  0.21332384E+001
  0.64914480E+000  0.85640376E+000  0.94941130E+000  0.21332317E+001
  0.64913949E+000  0.85640083E+000  0.94940845E+000  0.21332254E+001
  0.64913435E+000  0.85639800E+000  0.94940567E+000  0.21332193E+001
  0.64912937E+000  0.85639528E+000  0.94940294E+000  0.21332134E+001
  0.64912455E+000  0.85639265E+000  0.94940027E+000  0.21332079E+001
  0.64911990E+000  0.85639011E+000  0.94939765E+000  0.21332026E+001
  0.64911541E+000  0.85638766E+000  0.94939508E+000  0.21331975E+001
  0.64911109E+000  0.85638529E+000  0.94939256E+000  0.21331927E+001
  0.64910693E+000  0.85638300E+000  0.94939009E+000  0.21331882E+001
  0.64910294E+000  0.85638078E+000  0.94938767E+000  0.21331840E+001
  0.64909911E+000  0.85637864E+000  0.94938530E+000  0.21331800E+001
  0.64909544E+000  0.85637657E+000  0.94938299E+000  0.21331763E+001
  0.64909194E+000  0.85637457E+000  0.94938073E+000  0.21331729E+001
  0.64908859E+000  0.85637264E+000  0.94937854E+000  0.21331697E+001
  0.64908540E+000  0.85637078E+000  0.94937642E+000  0.21331667E+001
  0.64908237E+000  0.85636899E+000  0.94937437E+000  0.21331641E+001
  0.64907949E+000  0.85636727E+000  0.94937240E+000  0.21331617E+001
  0.64907677E+000  0.85636562E+000  0.94937051E+000  0.21331595E+001
  0.64907419E+000  0.85636404E+000  0.94936871E+000  0.21331576E+001
  0.64907175E+000  0.85636254E+000  0.94936700E+000  0.21331560E+001
  0.64906946E+000  0.85636111E+000  0.94936539E+000  0.21331546E+001
  0.64906731E+000  0.85635975E+000  0.94936388E+000  0.21331535E+001
  0.64906527E+000  0.85635850E+000  0.94936247E+000  0.21331527E+001
  0.64906338E+000  0.85635729E+000  0.94936118E+000  0.21331521E+001
  0.64906162E+000  0.85635616E+000  0.94935998E+000  0.21331518E+001
  0.64905998E+000  0.85635510E+000  0.94935890E+000  0.21331517E+001
  0.64905845E+000  0.85635412E+000  0.94935793E+000  0.21331519E+001
  0.64905704E+000  0.85635320E+000  0.94935706E+000  0.21331524E+001
  0.64905573E+000  0.85635235E+000  0.94935630E+000  0.21331531E+001
  0.64905453E+000  0.85635157E+000  0.94935564E+000  0.21331541E+001
  0.64905342E+000  0.85635085E+000  0.94935509E+000  0.21331554E+001
  0.64905240E+000  0.85635019E+000  0.94935463E+000  0.21331569E+001
  0.64905147E+000  0.85634959E+000  0.94935427E+000  0.21331586E+001
  0.64905062E+000  0.85634905E+000  0.94935399E+000  0.21331606E+001
  0.64904984E+000  0.85634855E+000  0.94935380E+000  0.21331628E+001
  0.64904913E+000  0.85634810E+000  0.94935369E+000  0.21331652E+001
  0.64904849E+000  0.85634770E+000  0.94935366E+000  0.21331678E+001
  0.64904790E+000  0.85634734E+000  0.94935370E+000  0.21331707E+001
  0.64904737E+000  0.85634701E+000  0.94935380E+000  0.21331737E+001
  0.64904689E+000  0.85634673E+000  0.94935396E+000  0.21331769E+001
  0.64904646E+000  0.85634648E+000  0.94935417E+000  0.21331803E+001
  0.64904607E+000  0.85634626E+000  0.94935444E+000  0.21331838E+001
  0.64904571E+000  0.85634607E+000  0.94935475E+000  0.21331876E+001
  0.64904540E+000  0.85634590E+000  0.94935510E+000  0.21331914E+001
  0.64904511E+000  0.85634576E+000  0.94935549E+000  0.21331954E+001
  0.64904486E+000  0.85634565E+000  0.94935591E+000  0.21331995E+001
  0.64904463E+000  0.85634555E+000  0.94935637E+000  0.21332038E+001
  0.64904443E+000  0.85634547E+000  0.94935684E+000  0.21332081E+001
  0.64904426E+000  0.85634542E+000  0.94935734E+000  0.21332126E+001
  0.64904410E+000  0.85634537E+000  0.94935786E+000  0.21332171E+001
  0.64904397E+000  0.85634535E+000  0.94935840E+000  0.21332218E+001
  0.64904385E+000  0.85634533E+000  0.94935896E+000  0.21332265E+001
  0.64904375E+000  0.85634533E+000  0.94935952E+000  0.21332313E+001
  0.64904367E+000  0.85634534E+000  0.94936010E+000  0.21332362E+001
  0.64904360E+000  0.85634536E+000  0.94936069E+000  0.21332412E+001
  0.64904354E+000  0.85634539E+000  0.94936128E+000  0.21332463E+001
  0.64904350E+000  0.85634542E+000  0.94936188E+000  0.21332514E+001
  0.64904347E+000  0.85634546E+000  0.94936249E+000  0.21332565E+001
  0.64904346E+000  0.85634551E+000  0.94936310E+000  0.21332618E+001
  0.64904345E+000  0.85634556E+000  0.94936371E+000  0.21332671E+001
  0.64904345E+000  0.85634562E+000  0.94936433E+000  0.21332724E+001
  0.64904346E+000  0.85634568E+000  0.94936494E+000  0.21332778E+001
  0.64904348E+000  0.85634574E+000  0.94936556E+000  0.21332832E+001
  0.64904350E+000  0.85634580E+000  0.94936617E+000  0.21332887E+001
  0.64904353E+000  0.85634586E+000  0.94936679E+000  0.21332942E+001
  0.64904357E+000  0.85634592E+000  0.94936740E+000  0.21332997E+001
  0.64904362E+000  0.85634599E+000  0.94936801E+000  0.21333053E+001
  0.64904366E+000  0.85634605E+000  0.94936861E+000  0.21333109E+001
  0.64904372E+000  0.85634611E+000  0.94936921E+000  0.21333165E+001
  0.64904377E+000  0.85634617E+000  0.94936981E+000  0.21333222E+001
  0.64904383E+000  0.85634623E+000  0.94937040E+000  0.21333279E+001
  0.64904389E+000  0.85634628E+000  0.94937098E+000  0.21333336E+001
  0.64904395E+000  0.85634633E+000  0.94937156E+000  0.21333393E+001
  0.64904401E+000  0.85634638E+000  0.94937213E+000  0.21333450E+001
  0.64904408E+000  0.85634643E+000  0.94937269E+000  0.21333507E+001
  0.64904414E+000  0.85634647E+000  0.94937325E+000  0.21333565E+001
  0.64904420E+000  0.85634651E+000  0.94937379E+000  0.21333622E+001
  0.64904427E+000  0.85634655E+000  0.94937433E+000  0.21333679E+001
  0.64904433E+000  0.85634658E+000  0.94937486E+000  0.21333737E+001
  0.64904439E+000  0.85634661E+000  0.94937538E+000  0.21333794E+001
  0.64904445E+000  0.85634664E+000  0.94937589E+000  0.21333851E+001
  0.64904451E+000  0.85634666E+000  0.94937639E+000  0.21333909E+001
  0.64904456E+000  0.85634668E+000  0.94937687E+000  0.21333966E+001
  0.64904461E+000  0.85634669E+000  0.94937735E+000  0.21334023E+001
  0.64904466E+000  0.85634671E+000  0.94937782E+000  0.21334079E+001
  0.64904471E+000  0.85634672E+000  0.94937827E+000  0.21334136E+001
  0.64904476E+000  0.85634672E+000  0.94937872E+000  0.21334192E+001
  0.64904480E+000  0.85634673E+000  0.94937915E+000  0.21334248E+001
  0.64904484E+000  0.85634673E+000  0.94937957E+000  0.21334304E+001
  0.64904488E+000  0.85634673E+000  0.94937998E+000  0.21334360E+001
  0.64904491E+000  0.85634673E+000  0.94938038E+000  0.21334415E+001
  0.64904494E+000  0.85634672E+000  0.94938077E+000  0.21334470E+001
  0.64904497E+000  0.85634672E+000  0.94938114E+000  0.21334524E+001
  0.64904500E+000  0.85634671E+000  0.94938151E+000  0.21334578E+001
  0.64904503E+000  0.85634670E+000  0.94938186E+000  0.21334632E+001
  0.64904505E+000  0.85634669E+000  0.94938220E+000  0.21334685E+001
  0.64904507E+000  0.85634668E+000  0.94938253E+000  0.21334738E+001
  0.64904509E+000  0.85634667E+000  0.94938285E+000  0.21334791E+001
  0.64904511E+000  0.85634666E+000  0.94938316E+000  0.21334843E+001
  0.64904512E+000  0.85634665E+000  0.94938345E+000  0.21334894E+001
  0.64904514E+000  0.85634663E+000  0.94938374E+000  0.21334945E+001
  0.64904515E+000  0.85634662E+000  0.94938402E+000  0.21334996E+001
  0.64904516E+000  0.85634661E+000  0.94938428E+000  0.21335046E+001
  0.64904517E+000  0.85634660E+000  0.94938454E+000  0.21335095E+001
  0.64904518E+000  0.85634659E+000  0.94938478E+000  0.21335144E+001
  0.64904520E+000  0.85634657E+000  0.94938502E+000  0.21335192E+001
  0.64904521E+000  0.85634656E+000  0.94938524E+000  0.21335240E+001
  0.64904522E+000  0.85634656E+000  0.94938546E+000  0.21335287E+001
  0.64904523E+000  0.85634655E+000  0.94938567E+000  0.21335333E+001
  0.64904524E+000  0.85634654E+000  0.94938587E+000  0.21335379E+001
  0.64904525E+000  0.85634653E+000  0.94938606E+000  0.21335424E+001
  0.64904526E+000  0.85634653E+000  0.94938624E+000  0.21335469E+001
  0.64904528E+000  0.85634653E+000  0.94938641E+000  0.21335512E+001
  0.64904529E+000  0.85634652E+000  0.94938658E+000  0.21335556E+001
  0.64904531E+000  0.85634652E+000  0.94938674E+000  0.21335598E+001
  0.64904533E+000  0.85634652E+000  0.94938688E+000  0.21335640E+001
  0.64904535E+000  0.85634653E+000  0.94938703E+000  0.21335681E+001
  0.64904538E+000  0.85634653E+000  0.94938716E+000  0.21335722E+001
  0.64904540E+000  0.85634653E+000  0.94938728E+000  0.21335761E+001
  0.64904543E+000  0.85634654E+000  0.94938740E+000  0.21335800E+001
  0.64904546E+000  0.85634655E+000  0.94938750E+000  0.21335839E+001
  0.64904550E+000  0.85634656E+000  0.94938760E+000  0.21335876E+001
  0.64904554E+000  0.85634656E+000  0.94938769E+000  0.21335914E+001
  0.64904558E+000  0.85634657E+000  0.94938777E+000  0.21335950E+001
  0.64904562E+000  0.85634659E+000  0.94938784E+000  0.21335986E+001
  0.64904567E+000  0.85634660E+000  0.94938790E+000  0.21336021E+001
  0.64904573E+000  0.85634661E+000  0.94938795E+000  0.21336055E+001
  0.64904579E+000  0.85634662E+000  0.94938799E+000  0.21336089E+001
  0.64904585E+000  0.85634663E+000  0.94938801E+000  0.21336122E+001
  0.64904592E+000  0.85634664E+000  0.94938802E+000  0.21336154E+001
  0.64904600E+000  0.85634665E+000  0.94938802E+000  0.21336186E+001
  0.64904608E+000  0.85634666E+000  0.94938801E+000  0.21336217E+001
  0.64904618E+000  0.85634667E+000  0.94938797E+000  0.21336248E+001
  0.64904627E+000  0.85634668E+000  0.94938792E+000  0.21336278E+001
  0.64904638E+000  0.85634668E+000  0.94938785E+000  0.21336307E+001
  0.64904650E+000  0.85634668E+000  0.94938776E+000  0.21336336E+001
  0.64904663E+000  0.85634668E+000  0.94938764E+000  0.21336364E+001
  0.64904677E+000  0.85634668E+000  0.94938751E+000  0.21336392E+001
  0.64904693E+000  0.85634668E+000  0.94938736E+000  0.21336420E+001
  0.64904711E+000  0.85634670E+000  0.94938719E+000  0.21336447E+001
  0.64904733E+000  0.85634673E+000  0.94938703E+000  0.21336474E+001
  0.64904759E+000  0.85634681E+000  0.94938686E+000  0.21336501E+001
  0.64904794E+000  0.85634698E+000  0.94938676E+000  0.21336528E+001
  0.64904836E+000  0.85634720E+000  0.94938660E+000  0.21336556E+001
  0.64904910E+000  0.85634773E+000  0.94938689E+000  0.21336587E+001
  0.64904999E+000  0.85634857E+000  0.94938736E+000  0.21336620E+001
  0.64905238E+000  0.85635230E+000  0.94939169E+000  0.21336665E+001
