  0.10842051E+001
  0.10767754E+001
  0.10712630E+001
  0.10670569E+001
  0.10637534E+001
  0.10611173E+001
  0.10589850E+001
  0.10572453E+001
  0.10558164E+001
  0.10546402E+001
  0.10536677E+001
  0.10528616E+001
  0.10521924E+001
  0.10516360E+001
  0.10511735E+001
  0.10507888E+001
  0.10504685E+001
  0.10502018E+001
  0.10499801E+001
  0.10497958E+001
  0.10496436E+001
  0.10495180E+001
  0.10494148E+001
  0.10493304E+001
  0.10492619E+001
  0.10492066E+001
  0.10491624E+001
  0.10491274E+001
  0.10491000E+001
  0.10490787E+001
  0.10490626E+001
  0.10490504E+001
  0.10490415E+001
  0.10490354E+001
  0.10490314E+001
  0.10490292E+001
  0.10490283E+001
  0.10490284E+001
  0.10490294E+001
  0.10490309E+001
  0.10490330E+001
  0.10490354E+001
  0.10490381E+001
  0.10490409E+001
  0.10490439E+001
  0.10490469E+001
  0.10490500E+001
  0.10490531E+001
  0.10490562E+001
  0.10490592E+001
  0.10490621E+001
  0.10490650E+001
  0.10490678E+001
  0.10490704E+001
  0.10490729E+001
  0.10490752E+001
  0.10490774E+001
  0.10490794E+001
  0.10490812E+001
  0.10490829E+001
  0.10490843E+001
  0.10490856E+001
  0.10490866E+001
  0.10490875E+001
  0.10490883E+001
  0.10490888E+001
  0.10490892E+001
  0.10490895E+001
  0.10490897E+001
  0.10490898E+001
  0.10490898E+001
  0.10490897E+001
  0.10490896E+001
  0.10490895E+001
  0.10490893E+001
  0.10490891E+001
  0.10490889E+001
  0.10490887E+001
  0.10490885E+001
  0.10490883E+001
  0.10490880E+001
  0.10490878E+001
  0.10490876E+001
  0.10490873E+001
  0.10490871E+001
  0.10490868E+001
  0.10490865E+001
  0.10490863E+001
  0.10490860E+001
  0.10490857E+001
  0.10490853E+001
  0.10490850E+001
  0.10490847E+001
  0.10490844E+001
  0.10490840E+001
  0.10490837E+001
  0.10490833E+001
  0.10490830E+001
  0.10490827E+001
  0.10490823E+001
  0.10490820E+001
  0.10490817E+001
  0.10490813E+001
  0.10490810E+001
  0.10490807E+001
  0.10490804E+001
  0.10490801E+001
  0.10490799E+001
  0.10490796E+001
  0.10490793E+001
  0.10490791E+001
  0.10490788E+001
  0.10490786E+001
  0.10490784E+001
  0.10490781E+001
  0.10490779E+001
  0.10490777E+001
  0.10490775E+001
  0.10490772E+001
  0.10490770E+001
  0.10490768E+001
  0.10490766E+001
  0.10490764E+001
  0.10490762E+001
  0.10490760E+001
  0.10490758E+001
  0.10490755E+001
  0.10490753E+001
  0.10490751E+001
  0.10490749E+001
  0.10490747E+001
  0.10490745E+001
  0.10490742E+001
  0.10490740E+001
  0.10490738E+001
  0.10490736E+001
  0.10490733E+001
  0.10490731E+001
  0.10490729E+001
  0.10490727E+001
  0.10490724E+001
  0.10490722E+001
  0.10490720E+001
  0.10490718E+001
  0.10490716E+001
  0.10490713E+001
  0.10490711E+001
  0.10490709E+001
  0.10490707E+001
  0.10490705E+001
  0.10490703E+001
  0.10490701E+001
  0.10490699E+001
  0.10490697E+001
  0.10490695E+001
  0.10490693E+001
  0.10490692E+001
  0.10490690E+001
  0.10490688E+001
  0.10490687E+001
  0.10490685E+001
  0.10490684E+001
  0.10490682E+001
  0.10490681E+001
  0.10490679E+001
  0.10490678E+001
  0.10490677E+001
  0.10490676E+001
  0.10490675E+001
  0.10490673E+001
  0.10490672E+001
  0.10490671E+001
  0.10490670E+001
  0.10490669E+001
  0.10490668E+001
  0.10490667E+001
  0.10490666E+001
  0.10490665E+001
  0.10490664E+001
  0.10490663E+001
  0.10490662E+001
  0.10490661E+001
  0.10490660E+001
  0.10490659E+001
  0.10490658E+001
  0.10490657E+001
  0.10490655E+001
  0.10490653E+001
  0.10490652E+001
  0.10490650E+001
  0.10490647E+001
  0.10490644E+001
  0.10490641E+001
  0.10490638E+001
  0.10490635E+001
  0.10490633E+001
  0.10490630E+001
  0.10490613E+001
  0.10490608E+001
  0.10490658E+001
