 -0.15012498E+000  0.33234403E+000  0.36356188E+001  0.83937747E+002
 -0.14941766E+000  0.33365616E+000  0.36381368E+001  0.83940325E+002
 -0.14896371E+000  0.33461498E+000  0.36400895E+001  0.83942421E+002
 -0.14866168E+000  0.33532271E+000  0.36416164E+001  0.83944142E+002
 -0.14845611E+000  0.33584367E+000  0.36428152E+001  0.83945571E+002
 -0.14831745E+000  0.33622145E+000  0.36437514E+001  0.83946763E+002
 -0.14822662E+000  0.33648856E+000  0.36444754E+001  0.83947763E+002
 -0.14817108E+000  0.33666910E+000  0.36450273E+001  0.83948603E+002
 -0.14814236E+000  0.33678141E+000  0.36454387E+001  0.83949309E+002
 -0.14813454E+000  0.33683958E+000  0.36457349E+001  0.83949904E+002
 -0.14814316E+000  0.33685491E+000  0.36459369E+001  0.83950404E+002
 -0.14816479E+000  0.33683631E+000  0.36460622E+001  0.83950824E+002
 -0.14819669E+000  0.33679090E+000  0.36461248E+001  0.83951176E+002
 -0.14823662E+000  0.33672442E+000  0.36461360E+001  0.83951470E+002
 -0.14828273E+000  0.33664149E+000  0.36461051E+001  0.83951714E+002
 -0.14833351E+000  0.33654586E+000  0.36460397E+001  0.83951916E+002
 -0.14838770E+000  0.33644056E+000  0.36459459E+001  0.83952082E+002
 -0.14844427E+000  0.33632802E+000  0.36458289E+001  0.83952218E+002
 -0.14850241E+000  0.33621020E+000  0.36456926E+001  0.83952327E+002
 -0.14856143E+000  0.33608874E+000  0.36455404E+001  0.83952413E+002
 -0.14862080E+000  0.33596495E+000  0.36453752E+001  0.83952479E+002
 -0.14868005E+000  0.33583991E+000  0.36451993E+001  0.83952529E+002
 -0.14873882E+000  0.33571444E+000  0.36450146E+001  0.83952565E+002
 -0.14879682E+000  0.33558923E+000  0.36448229E+001  0.83952588E+002
 -0.14885380E+000  0.33546488E+000  0.36446255E+001  0.83952601E+002
 -0.14890958E+000  0.33534185E+000  0.36444237E+001  0.83952605E+002
 -0.14896401E+000  0.33522053E+000  0.36442184E+001  0.83952600E+002
 -0.14901697E+000  0.33510122E+000  0.36440107E+001  0.83952589E+002
 -0.14906837E+000  0.33498419E+000  0.36438011E+001  0.83952573E+002
 -0.14911815E+000  0.33486962E+000  0.36435906E+001  0.83952551E+002
 -0.14916627E+000  0.33475768E+000  0.36433796E+001  0.83952525E+002
 -0.14921270E+000  0.33464850E+000  0.36431687E+001  0.83952495E+002
 -0.14925745E+000  0.33454217E+000  0.36429583E+001  0.83952462E+002
 -0.14930051E+000  0.33443878E+000  0.36427489E+001  0.83952426E+002
 -0.14934191E+000  0.33433839E+000  0.36425408E+001  0.83952388E+002
 -0.14938166E+000  0.33424106E+000  0.36423344E+001  0.83952348E+002
 -0.14941980E+000  0.33414684E+000  0.36421300E+001  0.83952307E+002
 -0.14945636E+000  0.33405577E+000  0.36419278E+001  0.83952265E+002
 -0.14949137E+000  0.33396788E+000  0.36417281E+001  0.83952222E+002
 -0.14952489E+000  0.33388321E+000  0.36415311E+001  0.83952178E+002
 -0.14955696E+000  0.33380175E+000  0.36413370E+001  0.83952136E+002
 -0.14958761E+000  0.33372354E+000  0.36411459E+001  0.83952093E+002
 -0.14961691E+000  0.33364856E+000  0.36409581E+001  0.83952052E+002
 -0.14964489E+000  0.33357683E+000  0.36407737E+001  0.83952013E+002
 -0.14967159E+000  0.33350834E+000  0.36405929E+001  0.83951975E+002
 -0.14969706E+000  0.33344307E+000  0.36404158E+001  0.83951940E+002
 -0.14972134E+000  0.33338101E+000  0.36402426E+001  0.83951908E+002
 -0.14974446E+000  0.33332213E+000  0.36400735E+001  0.83951879E+002
 -0.14976645E+000  0.33326641E+000  0.36399087E+001  0.83951854E+002
 -0.14978735E+000  0.33321379E+000  0.36397482E+001  0.83951833E+002
 -0.14980720E+000  0.33316424E+000  0.36395923E+001  0.83951817E+002
 -0.14982602E+000  0.33311769E+000  0.36394412E+001  0.83951806E+002
 -0.14984383E+000  0.33307409E+000  0.36392949E+001  0.83951801E+002
 -0.14986068E+000  0.33303337E+000  0.36391537E+001  0.83951801E+002
 -0.14987658E+000  0.33299545E+000  0.36390176E+001  0.83951808E+002
 -0.14989156E+000  0.33296026E+000  0.36388869E+001  0.83951822E+002
 -0.14990566E+000  0.33292769E+000  0.36387615E+001  0.83951844E+002
 -0.14991890E+000  0.33289766E+000  0.36386416E+001  0.83951873E+002
 -0.14993130E+000  0.33287008E+000  0.36385272E+001  0.83951909E+002
 -0.14994291E+000  0.33284483E+000  0.36384184E+001  0.83951955E+002
 -0.14995375E+000  0.33282182E+000  0.36383153E+001  0.83952009E+002
 -0.14996385E+000  0.33280105E+000  0.36382176E+001  0.83952072E+002
 -0.14997324E+000  0.33278228E+000  0.36381255E+001  0.83952145E+002
 -0.14998196E+000  0.33276540E+000  0.36380389E+001  0.83952228E+002
 -0.14999004E+000  0.33275029E+000  0.36379579E+001  0.83952321E+002
 -0.14999751E+000  0.33273686E+000  0.36378822E+001  0.83952424E+002
 -0.15000441E+000  0.33272498E+000  0.36378119E+001  0.83952538E+002
 -0.15001076E+000  0.33271454E+000  0.36377468E+001  0.83952664E+002
 -0.15001661E+000  0.33270545E+000  0.36376868E+001  0.83952800E+002
 -0.15002198E+000  0.33269761E+000  0.36376317E+001  0.83952949E+002
 -0.15002690E+000  0.33269090E+000  0.36375815E+001  0.83953109E+002
 -0.15003140E+000  0.33268526E+000  0.36375359E+001  0.83953281E+002
 -0.15003551E+000  0.33268058E+000  0.36374949E+001  0.83953465E+002
 -0.15003925E+000  0.33267679E+000  0.36374581E+001  0.83953662E+002
 -0.15004266E+000  0.33267381E+000  0.36374256E+001  0.83953872E+002
 -0.15004574E+000  0.33267157E+000  0.36373971E+001  0.83954093E+002
 -0.15004854E+000  0.33267002E+000  0.36373724E+001  0.83954328E+002
 -0.15005105E+000  0.33266907E+000  0.36373514E+001  0.83954575E+002
 -0.15005332E+000  0.33266869E+000  0.36373338E+001  0.83954834E+002
 -0.15005535E+000  0.33266882E+000  0.36373195E+001  0.83955106E+002
 -0.15005717E+000  0.33266941E+000  0.36373082E+001  0.83955390E+002
 -0.15005878E+000  0.33267041E+000  0.36372998E+001  0.83955686E+002
 -0.15006022E+000  0.33267178E+000  0.36372942E+001  0.83955994E+002
 -0.15006148E+000  0.33267349E+000  0.36372910E+001  0.83956313E+002
 -0.15006260E+000  0.33267550E+000  0.36372902E+001  0.83956644E+002
 -0.15006358E+000  0.33267776E+000  0.36372916E+001  0.83956985E+002
 -0.15006443E+000  0.33268026E+000  0.36372949E+001  0.83957336E+002
 -0.15006516E+000  0.33268295E+000  0.36373000E+001  0.83957698E+002
 -0.15006580E+000  0.33268582E+000  0.36373069E+001  0.83958069E+002
 -0.15006635E+000  0.33268882E+000  0.36373152E+001  0.83958449E+002
 -0.15006681E+000  0.33269195E+000  0.36373250E+001  0.83958837E+002
 -0.15006720E+000  0.33269516E+000  0.36373360E+001  0.83959234E+002
 -0.15006753E+000  0.33269845E+000  0.36373481E+001  0.83959639E+002
 -0.15006780E+000  0.33270179E+000  0.36373613E+001  0.83960052E+002
 -0.15006802E+000  0.33270516E+000  0.36373755E+001  0.83960471E+002
 -0.15006820E+000  0.33270855E+000  0.36373905E+001  0.83960897E+002
 -0.15006834E+000  0.33271193E+000  0.36374063E+001  0.83961330E+002
 -0.15006845E+000  0.33271529E+000  0.36374228E+001  0.83961769E+002
 -0.15006853E+000  0.33271862E+000  0.36374399E+001  0.83962213E+002
 -0.15006858E+000  0.33272191E+000  0.36374576E+001  0.83962663E+002
 -0.15006862E+000  0.33272514E+000  0.36374759E+001  0.83963118E+002
 -0.15006863E+000  0.33272831E+000  0.36374946E+001  0.83963578E+002
 -0.15006863E+000  0.33273140E+000  0.36375138E+001  0.83964044E+002
 -0.15006862E+000  0.33273440E+000  0.36375333E+001  0.83964513E+002
 -0.15006859E+000  0.33273732E+000  0.36375532E+001  0.83964987E+002
 -0.15006855E+000  0.33274014E+000  0.36375734E+001  0.83965465E+002
 -0.15006851E+000  0.33274286E+000  0.36375938E+001  0.83965948E+002
 -0.15006846E+000  0.33274547E+000  0.36376144E+001  0.83966434E+002
 -0.15006840E+000  0.33274798E+000  0.36376352E+001  0.83966924E+002
 -0.15006834E+000  0.33275038E+000  0.36376562E+001  0.83967418E+002
 -0.15006827E+000  0.33275266E+000  0.36376772E+001  0.83967915E+002
 -0.15006820E+000  0.33275484E+000  0.36376983E+001  0.83968415E+002
 -0.15006813E+000  0.33275691E+000  0.36377194E+001  0.83968918E+002
 -0.15006805E+000  0.33275886E+000  0.36377404E+001  0.83969425E+002
 -0.15006797E+000  0.33276071E+000  0.36377613E+001  0.83969934E+002
 -0.15006789E+000  0.33276245E+000  0.36377822E+001  0.83970446E+002
 -0.15006781E+000  0.33276409E+000  0.36378029E+001  0.83970960E+002
 -0.15006772E+000  0.33276563E+000  0.36378233E+001  0.83971476E+002
 -0.15006764E+000  0.33276707E+000  0.36378435E+001  0.83971995E+002
 -0.15006755E+000  0.33276842E+000  0.36378635E+001  0.83972515E+002
 -0.15006747E+000  0.33276968E+000  0.36378831E+001  0.83973037E+002
 -0.15006739E+000  0.33277085E+000  0.36379023E+001  0.83973561E+002
 -0.15006730E+000  0.33277194E+000  0.36379212E+001  0.83974086E+002
 -0.15006722E+000  0.33277295E+000  0.36379396E+001  0.83974612E+002
 -0.15006714E+000  0.33277388E+000  0.36379576E+001  0.83975139E+002
 -0.15006706E+000  0.33277475E+000  0.36379751E+001  0.83975666E+002
 -0.15006698E+000  0.33277555E+000  0.36379921E+001  0.83976194E+002
 -0.15006690E+000  0.33277629E+000  0.36380085E+001  0.83976722E+002
 -0.15006683E+000  0.33277697E+000  0.36380244E+001  0.83977249E+002
 -0.15006676E+000  0.33277759E+000  0.36380398E+001  0.83977776E+002
 -0.15006669E+000  0.33277817E+000  0.36380545E+001  0.83978303E+002
 -0.15006662E+000  0.33277869E+000  0.36380687E+001  0.83978829E+002
 -0.15006656E+000  0.33277917E+000  0.36380823E+001  0.83979353E+002
 -0.15006650E+000  0.33277961E+000  0.36380953E+001  0.83979876E+002
 -0.15006644E+000  0.33278001E+000  0.36381077E+001  0.83980397E+002
 -0.15006639E+000  0.33278037E+000  0.36381195E+001  0.83980916E+002
 -0.15006634E+000  0.33278069E+000  0.36381307E+001  0.83981433E+002
 -0.15006629E+000  0.33278098E+000  0.36381413E+001  0.83981947E+002
 -0.15006625E+000  0.33278124E+000  0.36381514E+001  0.83982459E+002
 -0.15006621E+000  0.33278147E+000  0.36381609E+001  0.83982967E+002
 -0.15006618E+000  0.33278166E+000  0.36381698E+001  0.83983472E+002
 -0.15006615E+000  0.33278183E+000  0.36381782E+001  0.83983973E+002
 -0.15006613E+000  0.33278197E+000  0.36381860E+001  0.83984471E+002
 -0.15006611E+000  0.33278208E+000  0.36381934E+001  0.83984964E+002
 -0.15006610E+000  0.33278216E+000  0.36382002E+001  0.83985453E+002
 -0.15006609E+000  0.33278222E+000  0.36382066E+001  0.83985937E+002
 -0.15006609E+000  0.33278224E+000  0.36382125E+001  0.83986417E+002
 -0.15006610E+000  0.33278224E+000  0.36382179E+001  0.83986892E+002
 -0.15006611E+000  0.33278221E+000  0.36382229E+001  0.83987361E+002
 -0.15006613E+000  0.33278215E+000  0.36382275E+001  0.83987825E+002
 -0.15006615E+000  0.33278206E+000  0.36382317E+001  0.83988283E+002
 -0.15006619E+000  0.33278194E+000  0.36382355E+001  0.83988735E+002
 -0.15006623E+000  0.33278178E+000  0.36382389E+001  0.83989182E+002
 -0.15006628E+000  0.33278159E+000  0.36382420E+001  0.83989622E+002
 -0.15006633E+000  0.33278136E+000  0.36382447E+001  0.83990056E+002
 -0.15006640E+000  0.33278109E+000  0.36382471E+001  0.83990483E+002
 -0.15006647E+000  0.33278078E+000  0.36382491E+001  0.83990903E+002
 -0.15006655E+000  0.33278043E+000  0.36382508E+001  0.83991317E+002
 -0.15006665E+000  0.33278003E+000  0.36382522E+001  0.83991724E+002
 -0.15006675E+000  0.33277957E+000  0.36382533E+001  0.83992124E+002
 -0.15006687E+000  0.33277906E+000  0.36382540E+001  0.83992517E+002
 -0.15006700E+000  0.33277849E+000  0.36382545E+001  0.83992902E+002
 -0.15006714E+000  0.33277785E+000  0.36382546E+001  0.83993280E+002
 -0.15006729E+000  0.33277714E+000  0.36382544E+001  0.83993650E+002
 -0.15006746E+000  0.33277636E+000  0.36382539E+001  0.83994013E+002
 -0.15006765E+000  0.33277549E+000  0.36382530E+001  0.83994368E+002
 -0.15006785E+000  0.33277452E+000  0.36382518E+001  0.83994715E+002
 -0.15006807E+000  0.33277346E+000  0.36382502E+001  0.83995054E+002
 -0.15006831E+000  0.33277228E+000  0.36382482E+001  0.83995386E+002
 -0.15006857E+000  0.33277099E+000  0.36382458E+001  0.83995709E+002
 -0.15006886E+000  0.33276957E+000  0.36382429E+001  0.83996023E+002
 -0.15006916E+000  0.33276800E+000  0.36382395E+001  0.83996330E+002
 -0.15006949E+000  0.33276628E+000  0.36382355E+001  0.83996627E+002
 -0.15006985E+000  0.33276440E+000  0.36382310E+001  0.83996916E+002
 -0.15007024E+000  0.33276233E+000  0.36382258E+001  0.83997196E+002
 -0.15007066E+000  0.33276006E+000  0.36382200E+001  0.83997466E+002
 -0.15007111E+000  0.33275758E+000  0.36382133E+001  0.83997727E+002
 -0.15007159E+000  0.33275487E+000  0.36382058E+001  0.83997978E+002
 -0.15007211E+000  0.33275191E+000  0.36381974E+001  0.83998219E+002
 -0.15007267E+000  0.33274868E+000  0.36381879E+001  0.83998449E+002
 -0.15007327E+000  0.33274516E+000  0.36381773E+001  0.83998667E+002
 -0.15007391E+000  0.33274134E+000  0.36381654E+001  0.83998874E+002
 -0.15007460E+000  0.33273718E+000  0.36381522E+001  0.83999069E+002
 -0.15007533E+000  0.33273267E+000  0.36381374E+001  0.83999250E+002
 -0.15007611E+000  0.33272778E+000  0.36381209E+001  0.83999417E+002
 -0.15007695E+000  0.33272249E+000  0.36381026E+001  0.83999570E+002
 -0.15007784E+000  0.33271678E+000  0.36380823E+001  0.83999705E+002
 -0.15007879E+000  0.33271061E+000  0.36380597E+001  0.83999823E+002
 -0.15007981E+000  0.33270395E+000  0.36380346E+001  0.83999922E+002
 -0.15008091E+000  0.33269677E+000  0.36380068E+001  0.83999999E+002
 -0.15008209E+000  0.33268901E+000  0.36379759E+001  0.84000053E+002
 -0.15008339E+000  0.33268062E+000  0.36379415E+001  0.84000082E+002
 -0.15008484E+000  0.33267149E+000  0.36379032E+001  0.84000082E+002
 -0.15008649E+000  0.33266153E+000  0.36378603E+001  0.84000052E+002
 -0.15008843E+000  0.33265053E+000  0.36378122E+001  0.83999986E+002
 -0.15009076E+000  0.33263832E+000  0.36377580E+001  0.83999883E+002
 -0.15009369E+000  0.33262437E+000  0.36376964E+001  0.83999736E+002
 -0.15009743E+000  0.33260820E+000  0.36376266E+001  0.83999545E+002
 -0.15010358E+000  0.33258589E+000  0.36375413E+001  0.83999292E+002
 -0.15011210E+000  0.33255844E+000  0.36374473E+001  0.83998999E+002
