  0.61971530E+000  0.10125132E+001  0.11916122E+001  0.35586839E+001
  0.61872155E+000  0.10104412E+001  0.11890515E+001  0.35546015E+001
  0.61795994E+000  0.10089527E+001  0.11873499E+001  0.35514269E+001
  0.61736672E+000  0.10078246E+001  0.11860931E+001  0.35489536E+001
  0.61689127E+000  0.10069379E+001  0.11851058E+001  0.35469771E+001
  0.61650540E+000  0.10062309E+001  0.11843148E+001  0.35453803E+001
  0.61618900E+000  0.10056590E+001  0.11836722E+001  0.35440756E+001
  0.61592782E+000  0.10051915E+001  0.11831462E+001  0.35430020E+001
  0.61571137E+000  0.10048061E+001  0.11827123E+001  0.35421149E+001
  0.61553199E+000  0.10044875E+001  0.11823551E+001  0.35413803E+001
  0.61538295E+000  0.10042230E+001  0.11820595E+001  0.35407710E+001
  0.61525901E+000  0.10040029E+001  0.11818144E+001  0.35402639E+001
  0.61515593E+000  0.10038198E+001  0.11816114E+001  0.35398414E+001
  0.61507009E+000  0.10036673E+001  0.11814430E+001  0.35394892E+001
  0.61499871E+000  0.10035405E+001  0.11813036E+001  0.35391959E+001
  0.61493936E+000  0.10034352E+001  0.11811882E+001  0.35389516E+001
  0.61489001E+000  0.10033478E+001  0.11810928E+001  0.35387478E+001
  0.61484901E+000  0.10032752E+001  0.11810140E+001  0.35385779E+001
  0.61481501E+000  0.10032152E+001  0.11809491E+001  0.35384366E+001
  0.61478681E+000  0.10031656E+001  0.11808957E+001  0.35383191E+001
  0.61476364E+000  0.10031249E+001  0.11808523E+001  0.35382222E+001
  0.61474464E+000  0.10030917E+001  0.11808171E+001  0.35381424E+001
  0.61472916E+000  0.10030648E+001  0.11807887E+001  0.35380770E+001
  0.61471664E+000  0.10030431E+001  0.11807661E+001  0.35380238E+001
  0.61470660E+000  0.10030258E+001  0.11807483E+001  0.35379809E+001
  0.61469865E+000  0.10030122E+001  0.11807345E+001  0.35379466E+001
  0.61469244E+000  0.10030017E+001  0.11807240E+001  0.35379196E+001
  0.61468766E+000  0.10029936E+001  0.11807161E+001  0.35378985E+001
  0.61468405E+000  0.10029877E+001  0.11807104E+001  0.35378824E+001
  0.61468138E+000  0.10029833E+001  0.11807064E+001  0.35378704E+001
  0.61467954E+000  0.10029804E+001  0.11807039E+001  0.35378619E+001
  0.61467826E+000  0.10029785E+001  0.11807023E+001  0.35378558E+001
  0.61467748E+000  0.10029774E+001  0.11807015E+001  0.35378520E+001
  0.61467711E+000  0.10029769E+001  0.11807013E+001  0.35378500E+001
  0.61467704E+000  0.10029770E+001  0.11807016E+001  0.35378495E+001
  0.61467722E+000  0.10029775E+001  0.11807022E+001  0.35378501E+001
  0.61467759E+000  0.10029782E+001  0.11807031E+001  0.35378517E+001
  0.61467808E+000  0.10029791E+001  0.11807041E+001  0.35378540E+001
  0.61467867E+000  0.10029801E+001  0.11807051E+001  0.35378568E+001
  0.61467932E+000  0.10029812E+001  0.11807062E+001  0.35378601E+001
  0.61468001E+000  0.10029823E+001  0.11807073E+001  0.35378636E+001
  0.61468071E+000  0.10029834E+001  0.11807083E+001  0.35378675E+001
  0.61468142E+000  0.10029844E+001  0.11807093E+001  0.35378714E+001
  0.61468212E+000  0.10029854E+001  0.11807102E+001  0.35378755E+001
  0.61468280E+000  0.10029863E+001  0.11807111E+001  0.35378797E+001
  0.61468345E+000  0.10029871E+001  0.11807118E+001  0.35378839E+001
  0.61468407E+000  0.10029879E+001  0.11807125E+001  0.35378881E+001
  0.61468466E+000  0.10029885E+001  0.11807132E+001  0.35378924E+001
  0.61468520E+000  0.10029891E+001  0.11807137E+001  0.35378965E+001
  0.61468569E+000  0.10029895E+001  0.11807142E+001  0.35379007E+001
  0.61468613E+000  0.10029899E+001  0.11807146E+001  0.35379048E+001
  0.61468653E+000  0.10029901E+001  0.11807149E+001  0.35379088E+001
  0.61468687E+000  0.10029903E+001  0.11807152E+001  0.35379127E+001
  0.61468715E+000  0.10029903E+001  0.11807154E+001  0.35379165E+001
  0.61468738E+000  0.10029902E+001  0.11807155E+001  0.35379203E+001
  0.61468755E+000  0.10029901E+001  0.11807155E+001  0.35379240E+001
  0.61468767E+000  0.10029898E+001  0.11807155E+001  0.35379276E+001
  0.61468773E+000  0.10029895E+001  0.11807155E+001  0.35379311E+001
  0.61468774E+000  0.10029891E+001  0.11807153E+001  0.35379345E+001
  0.61468769E+000  0.10029886E+001  0.11807151E+001  0.35379378E+001
  0.61468760E+000  0.10029880E+001  0.11807149E+001  0.35379411E+001
  0.61468745E+000  0.10029873E+001  0.11807146E+001  0.35379443E+001
  0.61468726E+000  0.10029866E+001  0.11807143E+001  0.35379475E+001
  0.61468703E+000  0.10029858E+001  0.11807139E+001  0.35379507E+001
  0.61468676E+000  0.10029850E+001  0.11807136E+001  0.35379538E+001
  0.61468646E+000  0.10029842E+001  0.11807132E+001  0.35379570E+001
  0.61468614E+000  0.10029833E+001  0.11807128E+001  0.35379602E+001
  0.61468579E+000  0.10029824E+001  0.11807124E+001  0.35379634E+001
  0.61468543E+000  0.10029814E+001  0.11807120E+001  0.35379667E+001
  0.61468505E+000  0.10029805E+001  0.11807116E+001  0.35379701E+001
  0.61468467E+000  0.10029796E+001  0.11807113E+001  0.35379736E+001
  0.61468429E+000  0.10029787E+001  0.11807110E+001  0.35379772E+001
  0.61468392E+000  0.10029778E+001  0.11807107E+001  0.35379809E+001
  0.61468355E+000  0.10029769E+001  0.11807105E+001  0.35379847E+001
  0.61468320E+000  0.10029761E+001  0.11807103E+001  0.35379887E+001
  0.61468285E+000  0.10029753E+001  0.11807102E+001  0.35379929E+001
  0.61468253E+000  0.10029746E+001  0.11807102E+001  0.35379972E+001
  0.61468222E+000  0.10029739E+001  0.11807101E+001  0.35380017E+001
  0.61468192E+000  0.10029732E+001  0.11807102E+001  0.35380063E+001
  0.61468165E+000  0.10029726E+001  0.11807103E+001  0.35380110E+001
  0.61468140E+000  0.10029720E+001  0.11807104E+001  0.35380159E+001
  0.61468117E+000  0.10029714E+001  0.11807106E+001  0.35380210E+001
  0.61468095E+000  0.10029709E+001  0.11807109E+001  0.35380262E+001
  0.61468076E+000  0.10029705E+001  0.11807112E+001  0.35380315E+001
  0.61468058E+000  0.10029700E+001  0.11807115E+001  0.35380369E+001
  0.61468042E+000  0.10029697E+001  0.11807118E+001  0.35380425E+001
  0.61468027E+000  0.10029693E+001  0.11807122E+001  0.35380482E+001
  0.61468015E+000  0.10029690E+001  0.11807126E+001  0.35380540E+001
  0.61468004E+000  0.10029687E+001  0.11807131E+001  0.35380599E+001
  0.61467995E+000  0.10029685E+001  0.11807135E+001  0.35380659E+001
  0.61467987E+000  0.10029682E+001  0.11807140E+001  0.35380720E+001
  0.61467980E+000  0.10029680E+001  0.11807145E+001  0.35380783E+001
  0.61467976E+000  0.10029679E+001  0.11807151E+001  0.35380846E+001
  0.61467972E+000  0.10029677E+001  0.11807156E+001  0.35380911E+001
  0.61467971E+000  0.10029676E+001  0.11807162E+001  0.35380977E+001
  0.61467970E+000  0.10029675E+001  0.11807168E+001  0.35381044E+001
  0.61467971E+000  0.10029675E+001  0.11807174E+001  0.35381112E+001
  0.61467974E+000  0.10029674E+001  0.11807180E+001  0.35381182E+001
  0.61467977E+000  0.10029674E+001  0.11807186E+001  0.35381253E+001
  0.61467982E+000  0.10029674E+001  0.11807192E+001  0.35381324E+001
  0.61467989E+000  0.10029674E+001  0.11807199E+001  0.35381397E+001
  0.61467996E+000  0.10029675E+001  0.11807205E+001  0.35381472E+001
  0.61468005E+000  0.10029675E+001  0.11807212E+001  0.35381547E+001
  0.61468015E+000  0.10029676E+001  0.11807219E+001  0.35381624E+001
  0.61468026E+000  0.10029677E+001  0.11807226E+001  0.35381701E+001
  0.61468038E+000  0.10029678E+001  0.11807233E+001  0.35381780E+001
  0.61468051E+000  0.10029679E+001  0.11807240E+001  0.35381860E+001
  0.61468065E+000  0.10029680E+001  0.11807248E+001  0.35381941E+001
  0.61468080E+000  0.10029682E+001  0.11807255E+001  0.35382023E+001
  0.61468096E+000  0.10029683E+001  0.11807262E+001  0.35382106E+001
  0.61468112E+000  0.10029685E+001  0.11807270E+001  0.35382190E+001
  0.61468129E+000  0.10029686E+001  0.11807277E+001  0.35382275E+001
  0.61468146E+000  0.10029688E+001  0.11807285E+001  0.35382361E+001
  0.61468164E+000  0.10029690E+001  0.11807292E+001  0.35382447E+001
  0.61468183E+000  0.10029692E+001  0.11807300E+001  0.35382534E+001
  0.61468202E+000  0.10029693E+001  0.11807307E+001  0.35382622E+001
  0.61468221E+000  0.10029695E+001  0.11807315E+001  0.35382710E+001
  0.61468240E+000  0.10029697E+001  0.11807322E+001  0.35382799E+001
  0.61468259E+000  0.10029699E+001  0.11807330E+001  0.35382889E+001
  0.61468279E+000  0.10029701E+001  0.11807337E+001  0.35382979E+001
  0.61468298E+000  0.10029703E+001  0.11807344E+001  0.35383069E+001
  0.61468318E+000  0.10029704E+001  0.11807352E+001  0.35383159E+001
  0.61468337E+000  0.10029706E+001  0.11807359E+001  0.35383250E+001
  0.61468356E+000  0.10029708E+001  0.11807366E+001  0.35383341E+001
  0.61468375E+000  0.10029710E+001  0.11807373E+001  0.35383432E+001
  0.61468394E+000  0.10029711E+001  0.11807380E+001  0.35383524E+001
  0.61468412E+000  0.10029713E+001  0.11807386E+001  0.35383615E+001
  0.61468430E+000  0.10029714E+001  0.11807393E+001  0.35383706E+001
  0.61468448E+000  0.10029716E+001  0.11807399E+001  0.35383797E+001
  0.61468465E+000  0.10029717E+001  0.11807406E+001  0.35383888E+001
  0.61468482E+000  0.10029718E+001  0.11807412E+001  0.35383979E+001
  0.61468498E+000  0.10029719E+001  0.11807418E+001  0.35384070E+001
  0.61468514E+000  0.10029720E+001  0.11807424E+001  0.35384161E+001
  0.61468529E+000  0.10029721E+001  0.11807430E+001  0.35384251E+001
  0.61468544E+000  0.10029722E+001  0.11807435E+001  0.35384341E+001
  0.61468558E+000  0.10029723E+001  0.11807440E+001  0.35384430E+001
  0.61468572E+000  0.10029724E+001  0.11807446E+001  0.35384519E+001
  0.61468585E+000  0.10029725E+001  0.11807451E+001  0.35384608E+001
  0.61468598E+000  0.10029726E+001  0.11807456E+001  0.35384696E+001
  0.61468610E+000  0.10029726E+001  0.11807460E+001  0.35384783E+001
  0.61468621E+000  0.10029727E+001  0.11807465E+001  0.35384870E+001
  0.61468632E+000  0.10029727E+001  0.11807469E+001  0.35384956E+001
  0.61468643E+000  0.10029728E+001  0.11807474E+001  0.35385042E+001
  0.61468653E+000  0.10029728E+001  0.11807478E+001  0.35385127E+001
  0.61468662E+000  0.10029728E+001  0.11807481E+001  0.35385211E+001
  0.61468671E+000  0.10029728E+001  0.11807485E+001  0.35385294E+001
  0.61468680E+000  0.10029729E+001  0.11807489E+001  0.35385377E+001
  0.61468687E+000  0.10029729E+001  0.11807492E+001  0.35385459E+001
  0.61468695E+000  0.10029729E+001  0.11807495E+001  0.35385540E+001
  0.61468702E+000  0.10029729E+001  0.11807499E+001  0.35385620E+001
  0.61468709E+000  0.10029729E+001  0.11807502E+001  0.35385699E+001
  0.61468715E+000  0.10029729E+001  0.11807504E+001  0.35385778E+001
  0.61468720E+000  0.10029729E+001  0.11807507E+001  0.35385855E+001
  0.61468726E+000  0.10029729E+001  0.11807510E+001  0.35385931E+001
  0.61468731E+000  0.10029729E+001  0.11807512E+001  0.35386007E+001
  0.61468736E+000  0.10029729E+001  0.11807514E+001  0.35386081E+001
  0.61468740E+000  0.10029729E+001  0.11807516E+001  0.35386154E+001
  0.61468744E+000  0.10029729E+001  0.11807518E+001  0.35386227E+001
  0.61468748E+000  0.10029729E+001  0.11807520E+001  0.35386298E+001
  0.61468751E+000  0.10029728E+001  0.11807522E+001  0.35386368E+001
  0.61468754E+000  0.10029728E+001  0.11807524E+001  0.35386437E+001
  0.61468757E+000  0.10029728E+001  0.11807525E+001  0.35386505E+001
  0.61468759E+000  0.10029728E+001  0.11807527E+001  0.35386571E+001
  0.61468762E+000  0.10029728E+001  0.11807528E+001  0.35386637E+001
  0.61468764E+000  0.10029728E+001  0.11807529E+001  0.35386701E+001
  0.61468765E+000  0.10029728E+001  0.11807530E+001  0.35386764E+001
  0.61468766E+000  0.10029727E+001  0.11807531E+001  0.35386826E+001
  0.61468767E+000  0.10029727E+001  0.11807532E+001  0.35386886E+001
  0.61468768E+000  0.10029727E+001  0.11807533E+001  0.35386945E+001
  0.61468768E+000  0.10029727E+001  0.11807533E+001  0.35387003E+001
  0.61468768E+000  0.10029727E+001  0.11807534E+001  0.35387059E+001
  0.61468768E+000  0.10029726E+001  0.11807534E+001  0.35387114E+001
  0.61468767E+000  0.10029726E+001  0.11807534E+001  0.35387167E+001
  0.61468765E+000  0.10029726E+001  0.11807534E+001  0.35387219E+001
  0.61468763E+000  0.10029725E+001  0.11807533E+001  0.35387270E+001
  0.61468761E+000  0.10029725E+001  0.11807533E+001  0.35387318E+001
  0.61468757E+000  0.10029725E+001  0.11807532E+001  0.35387365E+001
  0.61468753E+000  0.10029724E+001  0.11807531E+001  0.35387411E+001
  0.61468748E+000  0.10029724E+001  0.11807529E+001  0.35387454E+001
  0.61468743E+000  0.10029723E+001  0.11807527E+001  0.35387495E+001
  0.61468736E+000  0.10029722E+001  0.11807525E+001  0.35387535E+001
  0.61468727E+000  0.10029722E+001  0.11807523E+001  0.35387572E+001
  0.61468718E+000  0.10029721E+001  0.11807520E+001  0.35387607E+001
  0.61468707E+000  0.10029720E+001  0.11807516E+001  0.35387639E+001
  0.61468694E+000  0.10029719E+001  0.11807512E+001  0.35387669E+001
  0.61468679E+000  0.10029717E+001  0.11807507E+001  0.35387696E+001
  0.61468662E+000  0.10029716E+001  0.11807501E+001  0.35387719E+001
  0.61468643E+000  0.10029714E+001  0.11807495E+001  0.35387740E+001
  0.61468620E+000  0.10029712E+001  0.11807487E+001  0.35387756E+001
  0.61468594E+000  0.10029710E+001  0.11807479E+001  0.35387768E+001
  0.61468564E+000  0.10029708E+001  0.11807469E+001  0.35387776E+001
  0.61468529E+000  0.10029705E+001  0.11807458E+001  0.35387779E+001
  0.61468489E+000  0.10029701E+001  0.11807445E+001  0.35387777E+001
  0.61468443E+000  0.10029698E+001  0.11807431E+001  0.35387768E+001
  0.61468390E+000  0.10029694E+001  0.11807415E+001  0.35387754E+001
  0.61468329E+000  0.10029690E+001  0.11807398E+001  0.35387734E+001
  0.61468257E+000  0.10029686E+001  0.11807379E+001  0.35387706E+001
  0.61468136E+000  0.10029675E+001  0.11807349E+001  0.35387660E+001
  0.61468037E+000  0.10029670E+001  0.11807323E+001  0.35387618E+001
  0.61468021E+000  0.10029679E+001  0.11807304E+001  0.35387630E+001
