  0.86329141E+000
  0.85809058E+000
  0.85423195E+000
  0.85128762E+000
  0.84897522E+000
  0.84712991E+000
  0.84563733E+000
  0.84441952E+000
  0.84341929E+000
  0.84259594E+000
  0.84191522E+000
  0.84135095E+000
  0.84088252E+000
  0.84049301E+000
  0.84016926E+000
  0.83989996E+000
  0.83967577E+000
  0.83948910E+000
  0.83933389E+000
  0.83920489E+000
  0.83909834E+000
  0.83901040E+000
  0.83893814E+000
  0.83887909E+000
  0.83883112E+000
  0.83879245E+000
  0.83876151E+000
  0.83873702E+000
  0.83871779E+000
  0.83870287E+000
  0.83869164E+000
  0.83868309E+000
  0.83867690E+000
  0.83867259E+000
  0.83866980E+000
  0.83866822E+000
  0.83866760E+000
  0.83866771E+000
  0.83866837E+000
  0.83866948E+000
  0.83867092E+000
  0.83867260E+000
  0.83867446E+000
  0.83867644E+000
  0.83867852E+000
  0.83868065E+000
  0.83868281E+000
  0.83868498E+000
  0.83868713E+000
  0.83868925E+000
  0.83869132E+000
  0.83869333E+000
  0.83869526E+000
  0.83869710E+000
  0.83869885E+000
  0.83870049E+000
  0.83870202E+000
  0.83870342E+000
  0.83870469E+000
  0.83870583E+000
  0.83870684E+000
  0.83870772E+000
  0.83870847E+000
  0.83870909E+000
  0.83870959E+000
  0.83870999E+000
  0.83871028E+000
  0.83871049E+000
  0.83871061E+000
  0.83871067E+000
  0.83871067E+000
  0.83871063E+000
  0.83871055E+000
  0.83871045E+000
  0.83871033E+000
  0.83871019E+000
  0.83871005E+000
  0.83870990E+000
  0.83870975E+000
  0.83870959E+000
  0.83870944E+000
  0.83870927E+000
  0.83870911E+000
  0.83870894E+000
  0.83870876E+000
  0.83870858E+000
  0.83870839E+000
  0.83870819E+000
  0.83870799E+000
  0.83870778E+000
  0.83870756E+000
  0.83870734E+000
  0.83870711E+000
  0.83870687E+000
  0.83870664E+000
  0.83870640E+000
  0.83870616E+000
  0.83870592E+000
  0.83870568E+000
  0.83870545E+000
  0.83870521E+000
  0.83870498E+000
  0.83870476E+000
  0.83870454E+000
  0.83870433E+000
  0.83870412E+000
  0.83870392E+000
  0.83870372E+000
  0.83870353E+000
  0.83870335E+000
  0.83870317E+000
  0.83870300E+000
  0.83870283E+000
  0.83870266E+000
  0.83870250E+000
  0.83870234E+000
  0.83870219E+000
  0.83870204E+000
  0.83870188E+000
  0.83870173E+000
  0.83870159E+000
  0.83870144E+000
  0.83870129E+000
  0.83870114E+000
  0.83870099E+000
  0.83870084E+000
  0.83870069E+000
  0.83870054E+000
  0.83870039E+000
  0.83870024E+000
  0.83870009E+000
  0.83869994E+000
  0.83869978E+000
  0.83869963E+000
  0.83869947E+000
  0.83869931E+000
  0.83869916E+000
  0.83869900E+000
  0.83869884E+000
  0.83869869E+000
  0.83869853E+000
  0.83869837E+000
  0.83869822E+000
  0.83869806E+000
  0.83869791E+000
  0.83869776E+000
  0.83869761E+000
  0.83869746E+000
  0.83869731E+000
  0.83869717E+000
  0.83869702E+000
  0.83869689E+000
  0.83869675E+000
  0.83869662E+000
  0.83869649E+000
  0.83869636E+000
  0.83869624E+000
  0.83869612E+000
  0.83869600E+000
  0.83869589E+000
  0.83869578E+000
  0.83869567E+000
  0.83869557E+000
  0.83869547E+000
  0.83869538E+000
  0.83869529E+000
  0.83869520E+000
  0.83869511E+000
  0.83869503E+000
  0.83869495E+000
  0.83869488E+000
  0.83869481E+000
  0.83869473E+000
  0.83869466E+000
  0.83869460E+000
  0.83869453E+000
  0.83869446E+000
  0.83869440E+000
  0.83869433E+000
  0.83869426E+000
  0.83869419E+000
  0.83869412E+000
  0.83869404E+000
  0.83869396E+000
  0.83869387E+000
  0.83869378E+000
  0.83869367E+000
  0.83869356E+000
  0.83869343E+000
  0.83869328E+000
  0.83869312E+000
  0.83869292E+000
  0.83869271E+000
  0.83869248E+000
  0.83869227E+000
  0.83869211E+000
  0.83869192E+000
  0.83869071E+000
  0.83869036E+000
  0.83869384E+000
