  0.20669794E+000
  0.20663709E+000
  0.20657821E+000
  0.20652774E+000
  0.20648608E+000
  0.20645273E+000
  0.20642643E+000
  0.20640575E+000
  0.20638938E+000
  0.20637629E+000
  0.20636568E+000
  0.20635699E+000
  0.20634979E+000
  0.20634379E+000
  0.20633878E+000
  0.20633459E+000
  0.20633110E+000
  0.20632821E+000
  0.20632585E+000
  0.20632395E+000
  0.20632247E+000
  0.20632135E+000
  0.20632057E+000
  0.20632009E+000
  0.20631988E+000
  0.20631992E+000
  0.20632020E+000
  0.20632068E+000
  0.20632137E+000
  0.20632225E+000
  0.20632330E+000
  0.20632451E+000
  0.20632588E+000
  0.20632740E+000
  0.20632906E+000
  0.20633086E+000
  0.20633278E+000
  0.20633482E+000
  0.20633698E+000
  0.20633924E+000
  0.20634161E+000
  0.20634408E+000
  0.20634663E+000
  0.20634927E+000
  0.20635199E+000
  0.20635478E+000
  0.20635764E+000
  0.20636056E+000
  0.20636353E+000
  0.20636654E+000
  0.20636960E+000
  0.20637269E+000
  0.20637580E+000
  0.20637894E+000
  0.20638209E+000
  0.20638525E+000
  0.20638841E+000
  0.20639157E+000
  0.20639472E+000
  0.20639786E+000
  0.20640097E+000
  0.20640407E+000
  0.20640713E+000
  0.20641016E+000
  0.20641315E+000
  0.20641610E+000
  0.20641901E+000
  0.20642186E+000
  0.20642467E+000
  0.20642741E+000
  0.20643010E+000
  0.20643273E+000
  0.20643529E+000
  0.20643778E+000
  0.20644019E+000
  0.20644254E+000
  0.20644481E+000
  0.20644700E+000
  0.20644911E+000
  0.20645114E+000
  0.20645309E+000
  0.20645496E+000
  0.20645674E+000
  0.20645845E+000
  0.20646007E+000
  0.20646161E+000
  0.20646307E+000
  0.20646446E+000
  0.20646577E+000
  0.20646700E+000
  0.20646817E+000
  0.20646926E+000
  0.20647029E+000
  0.20647126E+000
  0.20647216E+000
  0.20647301E+000
  0.20647380E+000
  0.20647453E+000
  0.20647522E+000
  0.20647586E+000
  0.20647645E+000
  0.20647700E+000
  0.20647751E+000
  0.20647798E+000
  0.20647841E+000
  0.20647881E+000
  0.20647918E+000
  0.20647952E+000
  0.20647983E+000
  0.20648011E+000
  0.20648037E+000
  0.20648060E+000
  0.20648082E+000
  0.20648101E+000
  0.20648119E+000
  0.20648134E+000
  0.20648149E+000
  0.20648162E+000
  0.20648173E+000
  0.20648184E+000
  0.20648193E+000
  0.20648202E+000
  0.20648209E+000
  0.20648217E+000
  0.20648223E+000
  0.20648229E+000
  0.20648235E+000
  0.20648241E+000
  0.20648247E+000
  0.20648253E+000
  0.20648258E+000
  0.20648265E+000
  0.20648271E+000
  0.20648279E+000
  0.20648286E+000
  0.20648295E+000
  0.20648304E+000
  0.20648315E+000
  0.20648327E+000
  0.20648339E+000
  0.20648354E+000
  0.20648370E+000
  0.20648388E+000
  0.20648407E+000
  0.20648429E+000
  0.20648453E+000
  0.20648479E+000
  0.20648509E+000
  0.20648541E+000
  0.20648576E+000
  0.20648615E+000
  0.20648658E+000
  0.20648704E+000
  0.20648755E+000
  0.20648811E+000
  0.20648872E+000
  0.20648939E+000
  0.20649012E+000
  0.20649091E+000
  0.20649178E+000
  0.20649272E+000
  0.20649374E+000
  0.20649485E+000
  0.20649605E+000
  0.20649735E+000
  0.20649877E+000
  0.20650029E+000
  0.20650194E+000
  0.20650372E+000
  0.20650564E+000
  0.20650770E+000
  0.20650992E+000
  0.20651230E+000
  0.20651485E+000
  0.20651757E+000
  0.20652049E+000
  0.20652359E+000
  0.20652690E+000
  0.20653041E+000
  0.20653413E+000
  0.20653807E+000
  0.20654224E+000
  0.20654663E+000
  0.20655125E+000
  0.20655610E+000
  0.20656119E+000
  0.20656652E+000
  0.20657208E+000
  0.20657789E+000
  0.20658393E+000
  0.20659022E+000
  0.20659675E+000
  0.20660353E+000
  0.20661055E+000
  0.20661785E+000
  0.20662533E+000
  0.20663321E+000
  0.20664112E+000
  0.20664975E+000
  0.20665724E+000
