  0.28914969E+000
  0.25112111E+000
  0.24566762E+000
  0.24997407E+000
  0.25613306E+000
  0.26271192E+000
  0.26852699E+000
  0.27315978E+000
  0.27665483E+000
  0.27918666E+000
  0.28099496E+000
  0.28229180E+000
  0.28323936E+000
  0.28395348E+000
  0.28451509E+000
  0.28497780E+000
  0.28538420E+000
  0.28575394E+000
  0.28609648E+000
  0.28639067E+000
  0.28664750E+000
  0.28688458E+000
  0.28711602E+000
  0.28733673E+000
  0.28754305E+000
  0.28773273E+000
  0.28790452E+000
  0.28805819E+000
  0.28819411E+000
  0.28831327E+000
  0.28841704E+000
  0.28850618E+000
  0.28858299E+000
  0.28864864E+000
  0.28870448E+000
  0.28875185E+000
  0.28879193E+000
  0.28882584E+000
  0.28885455E+000
  0.28887900E+000
  0.28889991E+000
  0.28891791E+000
  0.28893356E+000
  0.28894732E+000
  0.28895956E+000
  0.28897053E+000
  0.28898051E+000
  0.28898964E+000
  0.28899807E+000
  0.28900593E+000
  0.28901327E+000
  0.28902018E+000
  0.28902667E+000
  0.28903284E+000
  0.28903867E+000
  0.28904418E+000
  0.28904942E+000
  0.28905436E+000
  0.28905907E+000
  0.28906353E+000
  0.28906777E+000
  0.28907178E+000
  0.28907561E+000
  0.28907925E+000
  0.28908270E+000
  0.28908601E+000
  0.28908916E+000
  0.28909215E+000
  0.28909501E+000
  0.28909773E+000
  0.28910032E+000
  0.28910277E+000
  0.28910510E+000
  0.28910728E+000
  0.28910934E+000
  0.28911126E+000
  0.28911304E+000
  0.28911469E+000
  0.28911619E+000
  0.28911757E+000
  0.28911881E+000
  0.28911991E+000
  0.28912091E+000
  0.28912177E+000
  0.28912253E+000
  0.28912319E+000
  0.28912375E+000
  0.28912421E+000
  0.28912461E+000
  0.28912492E+000
  0.28912518E+000
  0.28912537E+000
  0.28912551E+000
  0.28912561E+000
  0.28912566E+000
  0.28912568E+000
  0.28912566E+000
  0.28912562E+000
  0.28912555E+000
  0.28912547E+000
  0.28912536E+000
  0.28912524E+000
  0.28912510E+000
  0.28912495E+000
  0.28912479E+000
  0.28912462E+000
  0.28912443E+000
  0.28912424E+000
  0.28912404E+000
  0.28912384E+000
  0.28912363E+000
  0.28912341E+000
  0.28912319E+000
  0.28912296E+000
  0.28912273E+000
  0.28912250E+000
  0.28912226E+000
  0.28912202E+000
  0.28912179E+000
  0.28912155E+000
  0.28912131E+000
  0.28912108E+000
  0.28912084E+000
  0.28912061E+000
  0.28912039E+000
  0.28912016E+000
  0.28911994E+000
  0.28911973E+000
  0.28911952E+000
  0.28911932E+000
  0.28911912E+000
  0.28911893E+000
  0.28911874E+000
  0.28911856E+000
  0.28911839E+000
  0.28911823E+000
  0.28911807E+000
  0.28911792E+000
  0.28911778E+000
  0.28911764E+000
  0.28911752E+000
  0.28911740E+000
  0.28911729E+000
  0.28911719E+000
  0.28911710E+000
  0.28911702E+000
  0.28911695E+000
  0.28911688E+000
  0.28911683E+000
  0.28911678E+000
  0.28911674E+000
  0.28911671E+000
  0.28911669E+000
  0.28911668E+000
  0.28911668E+000
  0.28911669E+000
  0.28911671E+000
  0.28911674E+000
  0.28911678E+000
  0.28911683E+000
  0.28911690E+000
  0.28911697E+000
  0.28911706E+000
  0.28911716E+000
  0.28911727E+000
  0.28911740E+000
  0.28911754E+000
  0.28911770E+000
  0.28911787E+000
  0.28911806E+000
  0.28911827E+000
  0.28911850E+000
  0.28911875E+000
  0.28911902E+000
  0.28911931E+000
  0.28911963E+000
  0.28911996E+000
  0.28912033E+000
  0.28912072E+000
  0.28912113E+000
  0.28912157E+000
  0.28912203E+000
  0.28912252E+000
  0.28912304E+000
  0.28912358E+000
  0.28912414E+000
  0.28912473E+000
  0.28912534E+000
  0.28912596E+000
  0.28912660E+000
  0.28912727E+000
  0.28912798E+000
  0.28912875E+000
  0.28912968E+000
  0.28913085E+000
  0.28913232E+000
  0.28913386E+000
  0.28913437E+000
  0.28914260E+000
  0.28916793E+000
