  0.18640641E+000
  0.16633573E+000
  0.16415473E+000
  0.16585496E+000
  0.16842009E+000
  0.17107518E+000
  0.17348650E+000
  0.17551027E+000
  0.17715833E+000
  0.17845312E+000
  0.17946654E+000
  0.18026831E+000
  0.18091498E+000
  0.18144996E+000
  0.18190689E+000
  0.18230980E+000
  0.18268317E+000
  0.18303582E+000
  0.18337076E+000
  0.18366307E+000
  0.18392148E+000
  0.18416235E+000
  0.18439896E+000
  0.18462575E+000
  0.18483872E+000
  0.18503539E+000
  0.18521437E+000
  0.18537531E+000
  0.18551847E+000
  0.18564477E+000
  0.18575550E+000
  0.18585141E+000
  0.18593471E+000
  0.18600655E+000
  0.18606826E+000
  0.18612114E+000
  0.18616639E+000
  0.18620509E+000
  0.18623824E+000
  0.18626674E+000
  0.18629135E+000
  0.18631269E+000
  0.18633133E+000
  0.18634774E+000
  0.18636230E+000
  0.18637528E+000
  0.18638699E+000
  0.18639756E+000
  0.18640717E+000
  0.18641596E+000
  0.18642400E+000
  0.18643140E+000
  0.18643817E+000
  0.18644442E+000
  0.18645016E+000
  0.18645542E+000
  0.18646025E+000
  0.18646465E+000
  0.18646870E+000
  0.18647237E+000
  0.18647572E+000
  0.18647876E+000
  0.18648153E+000
  0.18648404E+000
  0.18648631E+000
  0.18648839E+000
  0.18649027E+000
  0.18649197E+000
  0.18649351E+000
  0.18649490E+000
  0.18649615E+000
  0.18649727E+000
  0.18649827E+000
  0.18649915E+000
  0.18649991E+000
  0.18650057E+000
  0.18650112E+000
  0.18650156E+000
  0.18650190E+000
  0.18650214E+000
  0.18650230E+000
  0.18650236E+000
  0.18650235E+000
  0.18650226E+000
  0.18650211E+000
  0.18650190E+000
  0.18650164E+000
  0.18650133E+000
  0.18650099E+000
  0.18650062E+000
  0.18650023E+000
  0.18649982E+000
  0.18649940E+000
  0.18649897E+000
  0.18649853E+000
  0.18649810E+000
  0.18649766E+000
  0.18649723E+000
  0.18649681E+000
  0.18649639E+000
  0.18649598E+000
  0.18649558E+000
  0.18649519E+000
  0.18649480E+000
  0.18649442E+000
  0.18649406E+000
  0.18649370E+000
  0.18649335E+000
  0.18649300E+000
  0.18649267E+000
  0.18649234E+000
  0.18649201E+000
  0.18649170E+000
  0.18649139E+000
  0.18649108E+000
  0.18649078E+000
  0.18649048E+000
  0.18649019E+000
  0.18648991E+000
  0.18648963E+000
  0.18648936E+000
  0.18648909E+000
  0.18648883E+000
  0.18648857E+000
  0.18648831E+000
  0.18648807E+000
  0.18648782E+000
  0.18648758E+000
  0.18648735E+000
  0.18648712E+000
  0.18648689E+000
  0.18648667E+000
  0.18648645E+000
  0.18648624E+000
  0.18648603E+000
  0.18648582E+000
  0.18648561E+000
  0.18648540E+000
  0.18648520E+000
  0.18648499E+000
  0.18648479E+000
  0.18648458E+000
  0.18648437E+000
  0.18648416E+000
  0.18648395E+000
  0.18648373E+000
  0.18648351E+000
  0.18648328E+000
  0.18648304E+000
  0.18648279E+000
  0.18648254E+000
  0.18648227E+000
  0.18648199E+000
  0.18648169E+000
  0.18648138E+000
  0.18648104E+000
  0.18648069E+000
  0.18648031E+000
  0.18647991E+000
  0.18647948E+000
  0.18647901E+000
  0.18647852E+000
  0.18647799E+000
  0.18647742E+000
  0.18647681E+000
  0.18647615E+000
  0.18647545E+000
  0.18647469E+000
  0.18647388E+000
  0.18647302E+000
  0.18647209E+000
  0.18647110E+000
  0.18647004E+000
  0.18646891E+000
  0.18646771E+000
  0.18646643E+000
  0.18646508E+000
  0.18646364E+000
  0.18646213E+000
  0.18646052E+000
  0.18645883E+000
  0.18645705E+000
  0.18645517E+000
  0.18645321E+000
  0.18645114E+000
  0.18644898E+000
  0.18644672E+000
  0.18644436E+000
  0.18644189E+000
  0.18643932E+000
  0.18643665E+000
  0.18643390E+000
  0.18643108E+000
  0.18642830E+000
  0.18642561E+000
  0.18642314E+000
  0.18642054E+000
  0.18641708E+000
  0.18642081E+000
  0.18644211E+000
