  0.11721876E-004
  0.96730777E-005
  0.92997222E-005
  0.95970634E-005
  0.10007083E-004
  0.10454741E-004
  0.10843073E-004
  0.11140732E-004
  0.11351454E-004
  0.11492587E-004
  0.11583274E-004
  0.11639756E-004
  0.11674083E-004
  0.11694522E-004
  0.11706465E-004
  0.11713288E-004
  0.11717055E-004
  0.11719005E-004
  0.11719873E-004
  0.11720087E-004
  0.11719907E-004
  0.11719475E-004
  0.11718884E-004
  0.11718191E-004
  0.11717432E-004
  0.11716634E-004
  0.11715814E-004
  0.11714985E-004
  0.11714159E-004
  0.11713344E-004
  0.11712550E-004
  0.11711777E-004
  0.11711037E-004
  0.11710331E-004
  0.11709662E-004
  0.11709032E-004
  0.11708443E-004
  0.11707896E-004
  0.11707391E-004
  0.11706927E-004
  0.11706506E-004
  0.11706125E-004
  0.11705785E-004
  0.11705482E-004
  0.11705217E-004
  0.11704987E-004
  0.11704790E-004
  0.11704626E-004
  0.11704491E-004
  0.11704385E-004
  0.11704305E-004
  0.11704250E-004
  0.11704218E-004
  0.11704208E-004
  0.11704218E-004
  0.11704247E-004
  0.11704293E-004
  0.11704355E-004
  0.11704431E-004
  0.11704521E-004
  0.11704622E-004
  0.11704733E-004
  0.11704853E-004
  0.11704982E-004
  0.11705117E-004
  0.11705257E-004
  0.11705402E-004
  0.11705550E-004
  0.11705701E-004
  0.11705853E-004
  0.11706005E-004
  0.11706157E-004
  0.11706308E-004
  0.11706457E-004
  0.11706604E-004
  0.11706749E-004
  0.11706890E-004
  0.11707027E-004
  0.11707160E-004
  0.11707289E-004
  0.11707413E-004
  0.11707532E-004
  0.11707646E-004
  0.11707755E-004
  0.11707859E-004
  0.11707958E-004
  0.11708051E-004
  0.11708140E-004
  0.11708223E-004
  0.11708301E-004
  0.11708375E-004
  0.11708444E-004
  0.11708508E-004
  0.11708568E-004
  0.11708624E-004
  0.11708676E-004
  0.11708723E-004
  0.11708768E-004
  0.11708809E-004
  0.11708847E-004
  0.11708881E-004
  0.11708913E-004
  0.11708942E-004
  0.11708969E-004
  0.11708993E-004
  0.11709015E-004
  0.11709036E-004
  0.11709054E-004
  0.11709070E-004
  0.11709085E-004
  0.11709099E-004
  0.11709111E-004
  0.11709122E-004
  0.11709131E-004
  0.11709140E-004
  0.11709148E-004
  0.11709154E-004
  0.11709160E-004
  0.11709166E-004
  0.11709171E-004
  0.11709175E-004
  0.11709179E-004
  0.11709182E-004
  0.11709185E-004
  0.11709188E-004
  0.11709191E-004
  0.11709194E-004
  0.11709196E-004
  0.11709199E-004
  0.11709202E-004
  0.11709205E-004
  0.11709209E-004
  0.11709213E-004
  0.11709217E-004
  0.11709221E-004
  0.11709227E-004
  0.11709232E-004
  0.11709239E-004
  0.11709246E-004
  0.11709255E-004
  0.11709264E-004
  0.11709274E-004
  0.11709285E-004
  0.11709298E-004
  0.11709312E-004
  0.11709327E-004
  0.11709344E-004
  0.11709363E-004
  0.11709384E-004
  0.11709406E-004
  0.11709431E-004
  0.11709459E-004
  0.11709489E-004
  0.11709521E-004
  0.11709557E-004
  0.11709596E-004
  0.11709639E-004
  0.11709685E-004
  0.11709736E-004
  0.11709791E-004
  0.11709851E-004
  0.11709916E-004
  0.11709986E-004
  0.11710063E-004
  0.11710145E-004
  0.11710235E-004
  0.11710331E-004
  0.11710436E-004
  0.11710548E-004
  0.11710669E-004
  0.11710798E-004
  0.11710937E-004
  0.11711086E-004
  0.11711246E-004
  0.11711416E-004
  0.11711598E-004
  0.11711791E-004
  0.11711996E-004
  0.11712213E-004
  0.11712444E-004
  0.11712687E-004
  0.11712943E-004
  0.11713213E-004
  0.11713496E-004
  0.11713793E-004
  0.11714104E-004
  0.11714429E-004
  0.11714768E-004
  0.11715120E-004
  0.11715487E-004
  0.11715868E-004
  0.11716262E-004
  0.11716673E-004
  0.11717096E-004
  0.11717536E-004
  0.11717985E-004
  0.11718458E-004
  0.11718911E-004
  0.11719424E-004
  0.11719884E-004
