  0.31022859E+000
  0.31032883E+000
  0.31044516E+000
  0.31054912E+000
  0.31063687E+000
  0.31070892E+000
  0.31076924E+000
  0.31081962E+000
  0.31086220E+000
  0.31089808E+000
  0.31092862E+000
  0.31095457E+000
  0.31097703E+000
  0.31099685E+000
  0.31101215E+000
  0.31102621E+000
  0.31103869E+000
  0.31104861E+000
  0.31105778E+000
  0.31106588E+000
  0.31107301E+000
  0.31107896E+000
  0.31108442E+000
  0.31108928E+000
  0.31109430E+000
  0.31109749E+000
  0.31110096E+000
  0.31110382E+000
  0.31110654E+000
  0.31110899E+000
  0.31111122E+000
  0.31111329E+000
  0.31111518E+000
  0.31111686E+000
  0.31111839E+000
  0.31111981E+000
  0.31112111E+000
  0.31112227E+000
  0.31112331E+000
  0.31112428E+000
  0.31112519E+000
  0.31112606E+000
  0.31112686E+000
  0.31112755E+000
  0.31112820E+000
  0.31112887E+000
  0.31112939E+000
  0.31112992E+000
  0.31113049E+000
  0.31113098E+000
  0.31113162E+000
  0.31113215E+000
  0.31113256E+000
  0.31113294E+000
  0.31113329E+000
  0.31113361E+000
  0.31113397E+000
  0.31113432E+000
  0.31113467E+000
  0.31113499E+000
  0.31113532E+000
  0.31113561E+000
  0.31113588E+000
  0.31113618E+000
  0.31113648E+000
  0.31113680E+000
  0.31113715E+000
  0.31113748E+000
  0.31113779E+000
  0.31113812E+000
  0.31113847E+000
  0.31113881E+000
  0.31113913E+000
  0.31113946E+000
  0.31113982E+000
  0.31114018E+000
  0.31114054E+000
  0.31114096E+000
  0.31114134E+000
  0.31114173E+000
  0.31114213E+000
  0.31114253E+000
  0.31114296E+000
  0.31114339E+000
  0.31114385E+000
  0.31114428E+000
  0.31114479E+000
  0.31114526E+000
  0.31114576E+000
  0.31114626E+000
  0.31114678E+000
  0.31114731E+000
  0.31114785E+000
  0.31114840E+000
  0.31114897E+000
  0.31114954E+000
  0.31115010E+000
  0.31115070E+000
  0.31115130E+000
  0.31115191E+000
  0.31115254E+000
  0.31115317E+000
  0.31115380E+000
  0.31115444E+000
  0.31115508E+000
  0.31115573E+000
  0.31115639E+000
  0.31115703E+000
  0.31115770E+000
  0.31115838E+000
  0.31115906E+000
  0.31115975E+000
  0.31116044E+000
  0.31116114E+000
  0.31116184E+000
  0.31116255E+000
  0.31116327E+000
  0.31116399E+000
  0.31116472E+000
  0.31116545E+000
  0.31116620E+000
  0.31116694E+000
  0.31116769E+000
  0.31116843E+000
  0.31116918E+000
  0.31116993E+000
  0.31117069E+000
  0.31117144E+000
  0.31117220E+000
  0.31117296E+000
  0.31117373E+000
  0.31117450E+000
  0.31117527E+000
  0.31117604E+000
  0.31117681E+000
  0.31117758E+000
  0.31117836E+000
  0.31117913E+000
  0.31117990E+000
  0.31118067E+000
  0.31118144E+000
  0.31118221E+000
  0.31118297E+000
  0.31118374E+000
  0.31118450E+000
  0.31118525E+000
  0.31118601E+000
  0.31118676E+000
  0.31118750E+000
  0.31118825E+000
  0.31118897E+000
  0.31118971E+000
  0.31119043E+000
  0.31119115E+000
  0.31119186E+000
  0.31119257E+000
  0.31119326E+000
  0.31119396E+000
  0.31119464E+000
  0.31119531E+000
  0.31119598E+000
  0.31119663E+000
  0.31119729E+000
  0.31119793E+000
  0.31119854E+000
  0.31119916E+000
  0.31119977E+000
  0.31120037E+000
  0.31120097E+000
  0.31120155E+000
  0.31120214E+000
  0.31120270E+000
  0.31120324E+000
  0.31120378E+000
  0.31120432E+000
  0.31120485E+000
  0.31120538E+000
  0.31120586E+000
  0.31120636E+000
  0.31120687E+000
  0.31120735E+000
  0.31120782E+000
  0.31120829E+000
  0.31120874E+000
  0.31120918E+000
  0.31120966E+000
  0.31121007E+000
  0.31121048E+000
  0.31121087E+000
  0.31121128E+000
  0.31121168E+000
  0.31121208E+000
  0.31121240E+000
  0.31121274E+000
  0.31121307E+000
  0.31121335E+000
  0.31121366E+000
  0.31121397E+000
  0.31121393E+000
  0.31121343E+000
