  0.89166095E+000
  0.89160708E+000
  0.89156689E+000
  0.89153671E+000
  0.89151392E+000
  0.89149679E+000
  0.89148405E+000
  0.89147479E+000
  0.89146829E+000
  0.89146402E+000
  0.89146154E+000
  0.89146050E+000
  0.89146064E+000
  0.89146171E+000
  0.89146355E+000
  0.89146599E+000
  0.89146891E+000
  0.89147222E+000
  0.89147583E+000
  0.89147968E+000
  0.89148370E+000
  0.89148786E+000
  0.89149211E+000
  0.89149642E+000
  0.89150077E+000
  0.89150514E+000
  0.89150950E+000
  0.89151384E+000
  0.89151815E+000
  0.89152242E+000
  0.89152664E+000
  0.89153081E+000
  0.89153491E+000
  0.89153894E+000
  0.89154290E+000
  0.89154679E+000
  0.89155061E+000
  0.89155434E+000
  0.89155799E+000
  0.89156156E+000
  0.89156505E+000
  0.89156845E+000
  0.89157176E+000
  0.89157498E+000
  0.89157812E+000
  0.89158116E+000
  0.89158412E+000
  0.89158698E+000
  0.89158975E+000
  0.89159242E+000
  0.89159500E+000
  0.89159749E+000
  0.89159988E+000
  0.89160217E+000
  0.89160437E+000
  0.89160648E+000
  0.89160849E+000
  0.89161041E+000
  0.89161224E+000
  0.89161397E+000
  0.89161562E+000
  0.89161718E+000
  0.89161866E+000
  0.89162005E+000
  0.89162136E+000
  0.89162259E+000
  0.89162375E+000
  0.89162483E+000
  0.89162585E+000
  0.89162679E+000
  0.89162767E+000
  0.89162849E+000
  0.89162924E+000
  0.89162994E+000
  0.89163058E+000
  0.89163117E+000
  0.89163171E+000
  0.89163221E+000
  0.89163265E+000
  0.89163306E+000
  0.89163342E+000
  0.89163375E+000
  0.89163404E+000
  0.89163430E+000
  0.89163454E+000
  0.89163474E+000
  0.89163492E+000
  0.89163508E+000
  0.89163522E+000
  0.89163534E+000
  0.89163544E+000
  0.89163553E+000
  0.89163561E+000
  0.89163568E+000
  0.89163575E+000
  0.89163580E+000
  0.89163585E+000
  0.89163590E+000
  0.89163594E+000
  0.89163598E+000
  0.89163602E+000
  0.89163606E+000
  0.89163610E+000
  0.89163613E+000
  0.89163618E+000
  0.89163622E+000
  0.89163626E+000
  0.89163631E+000
  0.89163636E+000
  0.89163641E+000
  0.89163647E+000
  0.89163653E+000
  0.89163659E+000
  0.89163666E+000
  0.89163673E+000
  0.89163681E+000
  0.89163689E+000
  0.89163698E+000
  0.89163707E+000
  0.89163716E+000
  0.89163726E+000
  0.89163737E+000
  0.89163748E+000
  0.89163760E+000
  0.89163773E+000
  0.89163786E+000
  0.89163799E+000
  0.89163813E+000
  0.89163828E+000
  0.89163843E+000
  0.89163859E+000
  0.89163876E+000
  0.89163893E+000
  0.89163911E+000
  0.89163929E+000
  0.89163948E+000
  0.89163968E+000
  0.89163988E+000
  0.89164009E+000
  0.89164030E+000
  0.89164051E+000
  0.89164074E+000
  0.89164096E+000
  0.89164119E+000
  0.89164143E+000
  0.89164167E+000
  0.89164191E+000
  0.89164216E+000
  0.89164242E+000
  0.89164267E+000
  0.89164293E+000
  0.89164319E+000
  0.89164346E+000
  0.89164372E+000
  0.89164399E+000
  0.89164427E+000
  0.89164454E+000
  0.89164482E+000
  0.89164509E+000
  0.89164537E+000
  0.89164566E+000
  0.89164594E+000
  0.89164622E+000
  0.89164651E+000
  0.89164680E+000
  0.89164709E+000
  0.89164739E+000
  0.89164768E+000
  0.89164798E+000
  0.89164828E+000
  0.89164859E+000
  0.89164889E+000
  0.89164921E+000
  0.89164953E+000
  0.89164985E+000
  0.89165018E+000
  0.89165052E+000
  0.89165087E+000
  0.89165123E+000
  0.89165160E+000
  0.89165199E+000
  0.89165239E+000
  0.89165280E+000
  0.89165324E+000
  0.89165369E+000
  0.89165418E+000
  0.89165468E+000
  0.89165522E+000
  0.89165579E+000
  0.89165640E+000
  0.89165706E+000
  0.89165776E+000
  0.89165852E+000
  0.89165935E+000
  0.89166025E+000
  0.89166125E+000
  0.89166237E+000
  0.89166362E+000
  0.89166516E+000
  0.89166691E+000
