  0.86221427E+000
  0.86170902E+000
  0.86136469E+000
  0.86112386E+000
  0.86095266E+000
  0.86083176E+000
  0.86074845E+000
  0.86069396E+000
  0.86066189E+000
  0.86064753E+000
  0.86064711E+000
  0.86065769E+000
  0.86067694E+000
  0.86070297E+000
  0.86073428E+000
  0.86076962E+000
  0.86080800E+000
  0.86084862E+000
  0.86089083E+000
  0.86093412E+000
  0.86097805E+000
  0.86102224E+000
  0.86106641E+000
  0.86111032E+000
  0.86115379E+000
  0.86119665E+000
  0.86123877E+000
  0.86128005E+000
  0.86132042E+000
  0.86135980E+000
  0.86139816E+000
  0.86143545E+000
  0.86147166E+000
  0.86150677E+000
  0.86154077E+000
  0.86157365E+000
  0.86160543E+000
  0.86163609E+000
  0.86166566E+000
  0.86169414E+000
  0.86172154E+000
  0.86174789E+000
  0.86177319E+000
  0.86179746E+000
  0.86182073E+000
  0.86184301E+000
  0.86186432E+000
  0.86188467E+000
  0.86190410E+000
  0.86192261E+000
  0.86194024E+000
  0.86195700E+000
  0.86197291E+000
  0.86198800E+000
  0.86200231E+000
  0.86201585E+000
  0.86202865E+000
  0.86204074E+000
  0.86205216E+000
  0.86206294E+000
  0.86207311E+000
  0.86208270E+000
  0.86209175E+000
  0.86210029E+000
  0.86210836E+000
  0.86211599E+000
  0.86212321E+000
  0.86213005E+000
  0.86213653E+000
  0.86214269E+000
  0.86214853E+000
  0.86215409E+000
  0.86215937E+000
  0.86216440E+000
  0.86216918E+000
  0.86217372E+000
  0.86217802E+000
  0.86218210E+000
  0.86218596E+000
  0.86218959E+000
  0.86219300E+000
  0.86219620E+000
  0.86219918E+000
  0.86220196E+000
  0.86220453E+000
  0.86220689E+000
  0.86220907E+000
  0.86221105E+000
  0.86221286E+000
  0.86221449E+000
  0.86221597E+000
  0.86221730E+000
  0.86221848E+000
  0.86221954E+000
  0.86222048E+000
  0.86222132E+000
  0.86222206E+000
  0.86222271E+000
  0.86222328E+000
  0.86222379E+000
  0.86222423E+000
  0.86222463E+000
  0.86222497E+000
  0.86222528E+000
  0.86222555E+000
  0.86222579E+000
  0.86222600E+000
  0.86222619E+000
  0.86222635E+000
  0.86222650E+000
  0.86222663E+000
  0.86222675E+000
  0.86222685E+000
  0.86222694E+000
  0.86222702E+000
  0.86222709E+000
  0.86222715E+000
  0.86222721E+000
  0.86222725E+000
  0.86222729E+000
  0.86222733E+000
  0.86222736E+000
  0.86222738E+000
  0.86222740E+000
  0.86222741E+000
  0.86222743E+000
  0.86222743E+000
  0.86222744E+000
  0.86222744E+000
  0.86222745E+000
  0.86222745E+000
  0.86222745E+000
  0.86222744E+000
  0.86222744E+000
  0.86222744E+000
  0.86222744E+000
  0.86222743E+000
  0.86222743E+000
  0.86222743E+000
  0.86222743E+000
  0.86222743E+000
  0.86222743E+000
  0.86222743E+000
  0.86222743E+000
  0.86222743E+000
  0.86222744E+000
  0.86222744E+000
  0.86222745E+000
  0.86222746E+000
  0.86222746E+000
  0.86222747E+000
  0.86222748E+000
  0.86222749E+000
  0.86222750E+000
  0.86222751E+000
  0.86222753E+000
  0.86222754E+000
  0.86222755E+000
  0.86222756E+000
  0.86222758E+000
  0.86222759E+000
  0.86222760E+000
  0.86222761E+000
  0.86222762E+000
  0.86222763E+000
  0.86222764E+000
  0.86222764E+000
  0.86222765E+000
  0.86222765E+000
  0.86222765E+000
  0.86222765E+000
  0.86222765E+000
  0.86222765E+000
  0.86222764E+000
  0.86222763E+000
  0.86222761E+000
  0.86222759E+000
  0.86222757E+000
  0.86222755E+000
  0.86222752E+000
  0.86222748E+000
  0.86222744E+000
  0.86222740E+000
  0.86222735E+000
  0.86222730E+000
  0.86222724E+000
  0.86222719E+000
  0.86222713E+000
  0.86222707E+000
  0.86222703E+000
  0.86222701E+000
  0.86222704E+000
  0.86222713E+000
  0.86222734E+000
  0.86222772E+000
  0.86222836E+000
  0.86222942E+000
  0.86223108E+000
  0.86223456E+000
  0.86223979E+000
