  0.31088214E+000  0.33911863E+000  0.44836624E+000  0.59993430E+000  0.78084941E+000  0.87083339E+000  0.11742050E+001  0.17263385E+001  0.23590457E+001  0.35265386E+001  0.53993839E+001
  0.31054476E+000  0.33910786E+000  0.44831189E+000  0.59921370E+000  0.78066373E+000  0.87052268E+000  0.11740943E+001  0.17262425E+001  0.23589518E+001  0.35259739E+001  0.53994563E+001
  0.31031881E+000  0.33915968E+000  0.44828523E+000  0.59864319E+000  0.78051804E+000  0.87015029E+000  0.11739122E+001  0.17261814E+001  0.23587858E+001  0.35259285E+001  0.54001602E+001
  0.31012365E+000  0.33916030E+000  0.44827046E+000  0.59819508E+000  0.78039910E+000  0.86987000E+000  0.11737913E+001  0.17261316E+001  0.23587133E+001  0.35257047E+001  0.54002481E+001
  0.30963637E+000  0.33915909E+000  0.44825636E+000  0.59783572E+000  0.78029601E+000  0.86963010E+000  0.11736997E+001  0.17261090E+001  0.23586522E+001  0.35254889E+001  0.54003191E+001
  0.30983924E+000  0.33915688E+000  0.44824332E+000  0.59754409E+000  0.78020481E+000  0.86942895E+000  0.11736101E+001  0.17261055E+001  0.23585852E+001  0.35253316E+001  0.54003770E+001
  0.30973438E+000  0.33915415E+000  0.44822739E+000  0.59730473E+000  0.78012731E+000  0.86927802E+000  0.11735352E+001  0.17264842E+001  0.23585212E+001  0.35252012E+001  0.54004245E+001
  0.30964764E+000  0.33915121E+000  0.44821167E+000  0.59710574E+000  0.78006279E+000  0.86914576E+000  0.11734723E+001  0.17265412E+001  0.23584774E+001  0.35250941E+001  0.54004637E+001
  0.30957552E+000  0.33914823E+000  0.44820088E+000  0.59694273E+000  0.78000795E+000  0.86903159E+000  0.11734196E+001  0.17273606E+001  0.23584227E+001  0.35250026E+001  0.54004961E+001
  0.30951551E+000  0.33914533E+000  0.44819427E+000  0.59680623E+000  0.77996164E+000  0.86894652E+000  0.11733752E+001  0.17274353E+001  0.23583918E+001  0.35249246E+001  0.54005229E+001
  0.30946540E+000  0.33914258E+000  0.44818164E+000  0.59669232E+000  0.77992205E+000  0.86886120E+000  0.11733377E+001  0.17274783E+001  0.23583653E+001  0.35248611E+001  0.54005451E+001
  0.30942345E+000  0.33914003E+000  0.44817573E+000  0.59659708E+000  0.77989039E+000  0.86878602E+000  0.11733060E+001  0.17276063E+001  0.23583427E+001  0.35248525E+001  0.54005636E+001
  0.30938831E+000  0.33913770E+000  0.44817061E+000  0.59651732E+000  0.77985968E+000  0.86874791E+000  0.11732792E+001  0.17276067E+001  0.23583234E+001  0.35248508E+001  0.54005790E+001
  0.30935879E+000  0.33913560E+000  0.44816618E+000  0.59645039E+000  0.77983446E+000  0.86869934E+000  0.11732564E+001  0.17276069E+001  0.23583069E+001  0.35248512E+001  0.54005918E+001
  0.30923434E+000  0.33913374E+000  0.44816235E+000  0.59638076E+000  0.77981218E+000  0.86866090E+000  0.11732370E+001  0.17276069E+001  0.23582927E+001  0.35248506E+001  0.54006024E+001
  0.30922078E+000  0.33913209E+000  0.44815902E+000  0.59634701E+000  0.77979281E+000  0.86861207E+000  0.11732205E+001  0.17276067E+001  0.23582805E+001  0.35248477E+001  0.54006113E+001
  0.30920932E+000  0.33913064E+000  0.44815614E+000  0.59622568E+000  0.77978388E+000  0.86859315E+000  0.11732064E+001  0.17276065E+001  0.23582700E+001  0.35248416E+001  0.54006187E+001
  0.30919963E+000  0.33907626E+000  0.44815363E+000  0.59627374E+000  0.77976221E+000  0.86857738E+000  0.11731944E+001  0.17274102E+001  0.23582609E+001  0.35248324E+001  0.54006248E+001
  0.30926821E+000  0.33907381E+000  0.44815145E+000  0.59624547E+000  0.77974924E+000  0.86854160E+000  0.11731840E+001  0.17274028E+001  0.23582530E+001  0.35248199E+001  0.54006298E+001
  0.30925761E+000  0.33907116E+000  0.44814954E+000  0.59622158E+000  0.77973783E+000  0.86853030E+000  0.11731752E+001  0.17273962E+001  0.23582462E+001  0.35248045E+001  0.54006340E+001
  0.30924869E+000  0.33906836E+000  0.44814787E+000  0.59620147E+000  0.77972777E+000  0.86852085E+000  0.11731675E+001  0.17273905E+001  0.23582268E+001  0.35247866E+001  0.54006374E+001
  0.30924115E+000  0.33906543E+000  0.44814640E+000  0.59618452E+000  0.77971775E+000  0.86851296E+000  0.11731609E+001  0.17273856E+001  0.23582219E+001  0.35247664E+001  0.54006402E+001
  0.30923479E+000  0.33906239E+000  0.44814510E+000  0.59617023E+000  0.77970867E+000  0.86850638E+000  0.11731544E+001  0.17273814E+001  0.23582176E+001  0.35247444E+001  0.54006424E+001
  0.30922942E+000  0.33905928E+000  0.44814394E+000  0.59615819E+000  0.77970049E+000  0.86846977E+000  0.11731472E+001  0.17273777E+001  0.23582137E+001  0.35247208E+001  0.54006443E+001
  0.30922489E+000  0.33905612E+000  0.44814290E+000  0.59607379E+000  0.77969309E+000  0.86846470E+000  0.11731412E+001  0.17273745E+001  0.23582102E+001  0.35246959E+001  0.54006457E+001
  0.30922107E+000  0.33905294E+000  0.44814196E+000  0.59613953E+000  0.77968637E+000  0.86846040E+000  0.11731361E+001  0.17273717E+001  0.23582071E+001  0.35246700E+001  0.54006468E+001
  0.30921784E+000  0.33904974E+000  0.44814110E+000  0.59613235E+000  0.77968025E+000  0.86845672E+000  0.11731318E+001  0.17273693E+001  0.23582042E+001  0.35246433E+001  0.54006477E+001
  0.30921512E+000  0.33904654E+000  0.44814031E+000  0.59612629E+000  0.77967465E+000  0.86845357E+000  0.11731282E+001  0.17273671E+001  0.23582015E+001  0.35246159E+001  0.54006484E+001
  0.30921280E+000  0.33904337E+000  0.44813958E+000  0.59612115E+000  0.77966951E+000  0.86845084E+000  0.11731251E+001  0.17273651E+001  0.23581990E+001  0.35245881E+001  0.54006489E+001
  0.30921081E+000  0.33904023E+000  0.44813889E+000  0.59611678E+000  0.77966477E+000  0.86844846E+000  0.11731225E+001  0.17273633E+001  0.23581967E+001  0.35245600E+001  0.54006492E+001
  0.30920912E+000  0.33903713E+000  0.44813825E+000  0.59611307E+000  0.77966039E+000  0.86844637E+000  0.11731202E+001  0.17273617E+001  0.23581945E+001  0.35245316E+001  0.54006494E+001
  0.30920764E+000  0.33903409E+000  0.44813763E+000  0.59610984E+000  0.77965633E+000  0.86844451E+000  0.11731183E+001  0.17273602E+001  0.23581924E+001  0.35245030E+001  0.54006495E+001
  0.30920635E+000  0.33903110E+000  0.44813704E+000  0.59610705E+000  0.77965254E+000  0.86844285E+000  0.11731166E+001  0.17273588E+001  0.23581904E+001  0.35244744E+001  0.54006496E+001
  0.30920522E+000  0.33902818E+000  0.44813648E+000  0.59610460E+000  0.77964901E+000  0.86844135E+000  0.11731152E+001  0.17273575E+001  0.23581884E+001  0.35244646E+001  0.54006495E+001
  0.30920422E+000  0.33902532E+000  0.44813593E+000  0.59610244E+000  0.77964569E+000  0.86843999E+000  0.11731140E+001  0.17273563E+001  0.23581865E+001  0.35244602E+001  0.54006494E+001
  0.30920332E+000  0.33902254E+000  0.44813539E+000  0.59610052E+000  0.77964257E+000  0.86843873E+000  0.11731129E+001  0.17273551E+001  0.23581846E+001  0.35244559E+001  0.54006493E+001
  0.30920250E+000  0.33901982E+000  0.44813486E+000  0.59609878E+000  0.77963962E+000  0.86843756E+000  0.11731120E+001  0.17273540E+001  0.23581828E+001  0.35244518E+001  0.54006491E+001
  0.30920175E+000  0.33901718E+000  0.44813435E+000  0.59609720E+000  0.77963683E+000  0.86843646E+000  0.11731112E+001  0.17273529E+001  0.23581809E+001  0.35244477E+001  0.54006489E+001
  0.30920105E+000  0.33901461E+000  0.44813384E+000  0.59609574E+000  0.77963418E+000  0.86843542E+000  0.11731105E+001  0.17273518E+001  0.23581791E+001  0.35244437E+001  0.54006487E+001
  0.30920040E+000  0.33901211E+000  0.44813333E+000  0.59609437E+000  0.77963165E+000  0.86843443E+000  0.11731099E+001  0.17273507E+001  0.23581773E+001  0.35244398E+001  0.54006484E+001
  0.30919978E+000  0.33900968E+000  0.44813283E+000  0.59609309E+000  0.77962924E+000  0.86843348E+000  0.11730717E+001  0.17273496E+001  0.23581756E+001  0.35244358E+001  0.54006481E+001
  0.30919920E+000  0.33900731E+000  0.44813233E+000  0.59609188E+000  0.77962692E+000  0.86843257E+000  0.11730694E+001  0.17273486E+001  0.23581738E+001  0.35244320E+001  0.54006479E+001
  0.30919863E+000  0.33900501E+000  0.44813184E+000  0.59609071E+000  0.77962470E+000  0.86843169E+000  0.11730673E+001  0.17273464E+001  0.23581720E+001  0.35244281E+001  0.54006476E+001
  0.30919809E+000  0.33900276E+000  0.44813135E+000  0.59608959E+000  0.77962256E+000  0.86843083E+000  0.11730653E+001  0.17273409E+001  0.23581702E+001  0.35244243E+001  0.54006472E+001
  0.30919756E+000  0.33900057E+000  0.44813086E+000  0.59608851E+000  0.77962050E+000  0.86843000E+000  0.11730634E+001  0.17273351E+001  0.23581685E+001  0.35244204E+001  0.54006469E+001
  0.30919704E+000  0.33899844E+000  0.44813037E+000  0.59608746E+000  0.77961850E+000  0.86842918E+000  0.11730616E+001  0.17273292E+001  0.23581667E+001  0.35244166E+001  0.54006466E+001
  0.30919654E+000  0.33899636E+000  0.44812988E+000  0.59608643E+000  0.77961657E+000  0.86842839E+000  0.11730599E+001  0.17273231E+001  0.23581649E+001  0.35244128E+001  0.54006463E+001
  0.30919605E+000  0.33899433E+000  0.44812939E+000  0.59608543E+000  0.77961469E+000  0.86842761E+000  0.11730583E+001  0.17273168E+001  0.23581632E+001  0.35244089E+001  0.54006459E+001
  0.30919556E+000  0.33899234E+000  0.44812890E+000  0.59608444E+000  0.77961286E+000  0.86842684E+000  0.11730567E+001  0.17273103E+001  0.23581614E+001  0.35244051E+001  0.54006456E+001
  0.30919508E+000  0.33899041E+000  0.44812842E+000  0.59608347E+000  0.77961108E+000  0.86842608E+000  0.11730552E+001  0.17273037E+001  0.23581596E+001  0.35244012E+001  0.54006453E+001
  0.30919461E+000  0.33898852E+000  0.44812793E+000  0.59608251E+000  0.77960934E+000  0.86842534E+000  0.11730538E+001  0.17272970E+001  0.23581579E+001  0.35243973E+001  0.54006449E+001
  0.30913896E+000  0.33898668E+000  0.44812744E+000  0.59608157E+000  0.77960765E+000  0.86842460E+000  0.11730524E+001  0.17272902E+001  0.23581561E+001  0.35243934E+001  0.54006446E+001
  0.30913852E+000  0.33898488E+000  0.44812696E+000  0.59608062E+000  0.77960655E+000  0.86842387E+000  0.11730510E+001  0.17272832E+001  0.23581543E+001  0.35243895E+001  0.54006443E+001
  0.30913808E+000  0.33898314E+000  0.44812647E+000  0.59607969E+000  0.77960546E+000  0.86842315E+000  0.11730497E+001  0.17268528E+001  0.23581526E+001  0.35243855E+001  0.54006440E+001
  0.30913765E+000  0.33898144E+000  0.44812599E+000  0.59607876E+000  0.77960437E+000  0.86842244E+000  0.11730484E+001  0.17266345E+001  0.23581509E+001  0.35243816E+001  0.54006437E+001
  0.30913721E+000  0.33897979E+000  0.44812551E+000  0.59607783E+000  0.77960328E+000  0.86842173E+000  0.11730472E+001  0.17264603E+001  0.23581491E+001  0.35243777E+001  0.54006433E+001
  0.30913679E+000  0.33897820E+000  0.44812503E+000  0.59607690E+000  0.77960219E+000  0.86842103E+000  0.11730459E+001  0.17264410E+001  0.23581474E+001  0.35243738E+001  0.54006431E+001
  0.30913636E+000  0.33897666E+000  0.44812455E+000  0.59607598E+000  0.77960111E+000  0.86842034E+000  0.11730447E+001  0.17264220E+001  0.23581457E+001  0.35243699E+001  0.54006428E+001
  0.30913594E+000  0.33897517E+000  0.44812408E+000  0.59607506E+000  0.77960003E+000  0.86841965E+000  0.11730436E+001  0.17264034E+001  0.23581440E+001  0.35243661E+001  0.54006425E+001
  0.30913552E+000  0.33897472E+000  0.44812361E+000  0.59607414E+000  0.77959895E+000  0.86841897E+000  0.11730424E+001  0.17263066E+001  0.23581423E+001  0.35243623E+001  0.54006422E+001
  0.30913511E+000  0.33897434E+000  0.44812315E+000  0.59607322E+000  0.77959787E+000  0.86841829E+000  0.11730413E+001  0.17262805E+001  0.23581407E+001  0.35243586E+001  0.54006420E+001
  0.30913470E+000  0.33897397E+000  0.44812269E+000  0.59607231E+000  0.77959681E+000  0.86841763E+000  0.11730402E+001  0.17262545E+001  0.23581391E+001  0.35243550E+001  0.54006417E+001
  0.30918912E+000  0.33897360E+000  0.44812224E+000  0.59607140E+000  0.77959575E+000  0.86841697E+000  0.11730391E+001  0.17262285E+001  0.23581375E+001  0.35243514E+001  0.54006415E+001
  0.30918868E+000  0.33897324E+000  0.44812180E+000  0.59607049E+000  0.77959471E+000  0.86841632E+000  0.11730380E+001  0.17261726E+001  0.23581359E+001  0.35243480E+001  0.54006413E+001
  0.30918824E+000  0.33897289E+000  0.44812137E+000  0.59606960E+000  0.77959368E+000  0.86841569E+000  0.11730370E+001  0.17259871E+001  0.23581344E+001  0.35243447E+001  0.54006411E+001
  0.30918780E+000  0.33897255E+000  0.44812095E+000  0.59606871E+000  0.77959267E+000  0.86841507E+000  0.11730360E+001  0.17259846E+001  0.23581330E+001  0.35243415E+001  0.54006409E+001
  0.30918738E+000  0.33897222E+000  0.44812054E+000  0.59606784E+000  0.77959169E+000  0.86841446E+000  0.11730351E+001  0.17259821E+001  0.23581315E+001  0.35243385E+001  0.54006407E+001
  0.30918696E+000  0.33897190E+000  0.44812014E+000  0.59606698E+000  0.77959072E+000  0.86841387E+000  0.11730331E+001  0.17259797E+001  0.23581302E+001  0.35243356E+001  0.54006405E+001
  0.30918655E+000  0.33897159E+000  0.44811975E+000  0.59606614E+000  0.77958979E+000  0.86841330E+000  0.11730322E+001  0.17259775E+001  0.23581288E+001  0.35243329E+001  0.54006403E+001
  0.30918615E+000  0.33897129E+000  0.44811938E+000  0.59606532E+000  0.77958888E+000  0.86841274E+000  0.11730313E+001  0.17259753E+001  0.23581276E+001  0.35243302E+001  0.54006402E+001
  0.30918576E+000  0.33897100E+000  0.44811903E+000  0.59606452E+000  0.77958800E+000  0.86841220E+000  0.11730305E+001  0.17259732E+001  0.23581263E+001  0.35243278E+001  0.54006401E+001
  0.30918538E+000  0.33897073E+000  0.44811868E+000  0.59606375E+000  0.77958716E+000  0.86841169E+000  0.11730229E+001  0.17259713E+001  0.23581252E+001  0.35243255E+001  0.54006399E+001
  0.30918502E+000  0.33897046E+000  0.44811836E+000  0.59606301E+000  0.77958635E+000  0.86841120E+000  0.11730221E+001  0.17259694E+001  0.23581241E+001  0.35243233E+001  0.54006398E+001
  0.30918467E+000  0.33897021E+000  0.44811804E+000  0.59606230E+000  0.77958136E+000  0.86841073E+000  0.11730214E+001  0.17259677E+001  0.23581230E+001  0.35243213E+001  0.54006397E+001
  0.30918434E+000  0.33896998E+000  0.44811775E+000  0.59606162E+000  0.77958056E+000  0.86841028E+000  0.11730206E+001  0.17259660E+001  0.23581220E+001  0.35243194E+001  0.54006396E+001
  0.30918402E+000  0.33896975E+000  0.44811747E+000  0.59606097E+000  0.77957980E+000  0.86840985E+000  0.11730200E+001  0.17259645E+001  0.23581210E+001  0.35243177E+001  0.54006395E+001
  0.30918372E+000  0.33896954E+000  0.44811720E+000  0.59606035E+000  0.77957909E+000  0.86840945E+000  0.11730193E+001  0.17259631E+001  0.23581201E+001  0.35243161E+001  0.54006394E+001
  0.30918344E+000  0.33896934E+000  0.44811695E+000  0.59605977E+000  0.77957842E+000  0.86840907E+000  0.11730187E+001  0.17259618E+001  0.23581193E+001  0.35243146E+001  0.54006394E+001
  0.30918317E+000  0.33896915E+000  0.44811671E+000  0.59605922E+000  0.77957780E+000  0.86840872E+000  0.11730182E+001  0.17259606E+001  0.23581185E+001  0.35243133E+001  0.54006393E+001
  0.30918292E+000  0.33896897E+000  0.44811649E+000  0.59605870E+000  0.77957721E+000  0.86840838E+000  0.11730176E+001  0.17259595E+001  0.23581178E+001  0.35243120E+001  0.54006393E+001
  0.30918268E+000  0.33896881E+000  0.44811628E+000  0.59605821E+000  0.77957666E+000  0.86840807E+000  0.11730171E+001  0.17259585E+001  0.23581171E+001  0.35243109E+001  0.54006393E+001
  0.30918246E+000  0.33896865E+000  0.44811609E+000  0.59605776E+000  0.77957615E+000  0.86840777E+000  0.11730167E+001  0.17259577E+001  0.23581164E+001  0.35243099E+001  0.54006392E+001
  0.30918225E+000  0.33896851E+000  0.44811591E+000  0.59605733E+000  0.77957568E+000  0.86837061E+000  0.11730162E+001  0.17259569E+001  0.23581158E+001  0.35243091E+001  0.54006392E+001
  0.30918205E+000  0.33896837E+000  0.44811574E+000  0.59605693E+000  0.77957524E+000  0.86837019E+000  0.11730159E+001  0.17259562E+001  0.23581153E+001  0.35243083E+001  0.54006392E+001
  0.30918187E+000  0.33896825E+000  0.44811558E+000  0.59605656E+000  0.77957484E+000  0.86836980E+000  0.11730155E+001  0.17259557E+001  0.23581147E+001  0.35243076E+001  0.54006392E+001
  0.30918170E+000  0.33896813E+000  0.44811543E+000  0.59605622E+000  0.77957446E+000  0.86836944E+000  0.11730152E+001  0.17259552E+001  0.23581143E+001  0.35243070E+001  0.54006392E+001
  0.30918155E+000  0.33896802E+000  0.44811530E+000  0.59605590E+000  0.77957412E+000  0.86836911E+000  0.11730148E+001  0.17259548E+001  0.23581138E+001  0.35243065E+001  0.54006393E+001
  0.30918140E+000  0.33896792E+000  0.44811517E+000  0.59605561E+000  0.77957380E+000  0.86836881E+000  0.11730146E+001  0.17259545E+001  0.23581134E+001  0.35243061E+001  0.54006393E+001
  0.30918127E+000  0.33896783E+000  0.44811506E+000  0.59605533E+000  0.77957352E+000  0.86836852E+000  0.11730143E+001  0.17259543E+001  0.23581131E+001  0.35243058E+001  0.54006394E+001
  0.30918115E+000  0.33896775E+000  0.44811495E+000  0.59605508E+000  0.77957325E+000  0.86836827E+000  0.11730141E+001  0.17259541E+001  0.23581127E+001  0.35243056E+001  0.54006394E+001
  0.30918103E+000  0.33896767E+000  0.44811485E+000  0.59605485E+000  0.77957301E+000  0.86836803E+000  0.11730138E+001  0.17259541E+001  0.23581124E+001  0.35243054E+001  0.54006395E+001
  0.30918093E+000  0.33896760E+000  0.44811477E+000  0.59605463E+000  0.77957279E+000  0.86836782E+000  0.11730137E+001  0.17259540E+001  0.23581121E+001  0.35243053E+001  0.54006396E+001
  0.30918083E+000  0.33896754E+000  0.44811469E+000  0.59605444E+000  0.77957260E+000  0.86836762E+000  0.11730135E+001  0.17259541E+001  0.23581119E+001  0.35243053E+001  0.54006396E+001
  0.30918075E+000  0.33896749E+000  0.44811462E+000  0.59605426E+000  0.77957242E+000  0.86836745E+000  0.11730133E+001  0.17259542E+001  0.23581117E+001  0.35243053E+001  0.54006397E+001
  0.30918067E+000  0.33896744E+000  0.44811455E+000  0.59605410E+000  0.77957226E+000  0.86836729E+000  0.11730132E+001  0.17259544E+001  0.23581115E+001  0.35243055E+001  0.54006398E+001
  0.30918059E+000  0.33896739E+000  0.44811450E+000  0.59605395E+000  0.77957212E+000  0.86836715E+000  0.11730131E+001  0.17259545E+001  0.23581113E+001  0.35243056E+001  0.54006399E+001
  0.30918053E+000  0.33896735E+000  0.44811445E+000  0.59605382E+000  0.77957200E+000  0.86836703E+000  0.11730130E+001  0.17259548E+001  0.23581112E+001  0.35243059E+001  0.54006401E+001
  0.30918047E+000  0.33896732E+000  0.44811440E+000  0.59605370E+000  0.77957190E+000  0.86836692E+000  0.11730129E+001  0.17259551E+001  0.23581111E+001  0.35243062E+001  0.54006402E+001
  0.30918042E+000  0.33896729E+000  0.44811437E+000  0.59605359E+000  0.77957181E+000  0.86836683E+000  0.11730128E+001  0.17259554E+001  0.23581110E+001  0.35243065E+001  0.54006403E+001
  0.30918037E+000  0.33896727E+000  0.44811434E+000  0.59605350E+000  0.77957173E+000  0.86836675E+000  0.11730127E+001  0.17259557E+001  0.23581138E+001  0.35243069E+001  0.54006404E+001
  0.30918033E+000  0.33896725E+000  0.44811431E+000  0.59605342E+000  0.77957167E+000  0.86836668E+000  0.11730127E+001  0.17259561E+001  0.23581137E+001  0.35243073E+001  0.54006406E+001
  0.30918030E+000  0.33896723E+000  0.44811429E+000  0.59605335E+000  0.77957162E+000  0.86836663E+000  0.11730126E+001  0.17259564E+001  0.23581137E+001  0.35243078E+001  0.54006407E+001
  0.30918027E+000  0.33896722E+000  0.44811428E+000  0.59605329E+000  0.77957158E+000  0.86836659E+000  0.11730126E+001  0.17259568E+001  0.23581136E+001  0.35243083E+001  0.54006409E+001
  0.30918025E+000  0.33896721E+000  0.44811426E+000  0.59605324E+000  0.77957155E+000  0.86836656E+000  0.11730126E+001  0.17259573E+001  0.23581136E+001  0.35243089E+001  0.54006411E+001
  0.30918023E+000  0.33896721E+000  0.44811426E+000  0.59605319E+000  0.77957154E+000  0.86836654E+000  0.11730126E+001  0.17259577E+001  0.23581136E+001  0.35243095E+001  0.54006412E+001
  0.30918021E+000  0.33896720E+000  0.44811426E+000  0.59605316E+000  0.77957153E+000  0.86836653E+000  0.11730126E+001  0.17259581E+001  0.23581136E+001  0.35243101E+001  0.54006414E+001
  0.30918020E+000  0.33896721E+000  0.44811426E+000  0.59605314E+000  0.77957153E+000  0.86836652E+000  0.11730126E+001  0.17259586E+001  0.23581136E+001  0.35243108E+001  0.54006416E+001
  0.30918019E+000  0.33896721E+000  0.44811426E+000  0.59605312E+000  0.77957155E+000  0.86836653E+000  0.11730126E+001  0.17259591E+001  0.23581136E+001  0.35243115E+001  0.54006417E+001
  0.30918019E+000  0.33896722E+000  0.44811427E+000  0.59605311E+000  0.77957156E+000  0.86836654E+000  0.11730126E+001  0.17259595E+001  0.23581137E+001  0.35243122E+001  0.54006419E+001
  0.30918019E+000  0.33896722E+000  0.44811428E+000  0.59605311E+000  0.77957159E+000  0.86836656E+000  0.11730127E+001  0.17259600E+001  0.23581137E+001  0.35243130E+001  0.54006421E+001
  0.30918019E+000  0.33896723E+000  0.44811429E+000  0.59605311E+000  0.77957162E+000  0.86836659E+000  0.11730127E+001  0.17259605E+001  0.23581138E+001  0.35243137E+001  0.54006423E+001
  0.30918019E+000  0.33896724E+000  0.44811430E+000  0.59605312E+000  0.77957166E+000  0.86836662E+000  0.11730127E+001  0.17259610E+001  0.23581139E+001  0.35243145E+001  0.54006425E+001
  0.30918020E+000  0.33896726E+000  0.44811432E+000  0.59605314E+000  0.77957170E+000  0.86836665E+000  0.11730128E+001  0.17259614E+001  0.23581139E+001  0.35243153E+001  0.54006427E+001
  0.30918021E+000  0.33896727E+000  0.44811434E+000  0.59605315E+000  0.77957174E+000  0.86836669E+000  0.11730128E+001  0.17259619E+001  0.23581140E+001  0.35243161E+001  0.54006429E+001
  0.30918022E+000  0.33896729E+000  0.44811436E+000  0.59605317E+000  0.77957179E+000  0.86836673E+000  0.11730129E+001  0.17259624E+001  0.23581141E+001  0.35243169E+001  0.54006431E+001
  0.30918023E+000  0.33896730E+000  0.44811437E+000  0.59605320E+000  0.77957184E+000  0.86836677E+000  0.11730129E+001  0.17259629E+001  0.23581142E+001  0.35243177E+001  0.54006433E+001
  0.30918024E+000  0.33896732E+000  0.44811439E+000  0.59605322E+000  0.77957189E+000  0.86836682E+000  0.11730130E+001  0.17259633E+001  0.23581143E+001  0.35243185E+001  0.54006435E+001
  0.30918026E+000  0.33896733E+000  0.44811441E+000  0.59605325E+000  0.77957195E+000  0.86836686E+000  0.11730130E+001  0.17259638E+001  0.23581144E+001  0.35243193E+001  0.54006437E+001
  0.30918027E+000  0.33896735E+000  0.44811443E+000  0.59605328E+000  0.77957200E+000  0.86836691E+000  0.11730131E+001  0.17259643E+001  0.23581144E+001  0.35243201E+001  0.54006439E+001
  0.30918028E+000  0.33896736E+000  0.44811445E+000  0.59605331E+000  0.77957206E+000  0.86836696E+000  0.11730131E+001  0.17259647E+001  0.23581145E+001  0.35243209E+001  0.54006441E+001
  0.30918030E+000  0.33896738E+000  0.44811447E+000  0.59605334E+000  0.77957211E+000  0.86836700E+000  0.11730132E+001  0.17259652E+001  0.23581146E+001  0.35243217E+001  0.54006443E+001
  0.30918031E+000  0.33896739E+000  0.44811449E+000  0.59605337E+000  0.77957217E+000  0.86836705E+000  0.11730132E+001  0.17259656E+001  0.23581147E+001  0.35243225E+001  0.54006445E+001
  0.30918033E+000  0.33896741E+000  0.44811450E+000  0.59605340E+000  0.77957222E+000  0.86836709E+000  0.11730133E+001  0.17259661E+001  0.23581148E+001  0.35243233E+001  0.54006447E+001
  0.30918034E+000  0.33896742E+000  0.44811452E+000  0.59605343E+000  0.77957227E+000  0.86836713E+000  0.11730133E+001  0.17259665E+001  0.23581148E+001  0.35243240E+001  0.54006449E+001
  0.30918036E+000  0.33896743E+000  0.44811453E+000  0.59605346E+000  0.77957232E+000  0.86836717E+000  0.11730133E+001  0.17259669E+001  0.23581149E+001  0.35243248E+001  0.54006451E+001
  0.30918037E+000  0.33896745E+000  0.44811455E+000  0.59605348E+000  0.77957237E+000  0.86836721E+000  0.11730134E+001  0.17259673E+001  0.23581149E+001  0.35243411E+001  0.54006453E+001
  0.30918038E+000  0.33896746E+000  0.44811456E+000  0.59605351E+000  0.77957242E+000  0.86836724E+000  0.11730134E+001  0.17259677E+001  0.23581150E+001  0.35243637E+001  0.54006455E+001
  0.30918040E+000  0.33896747E+000  0.44811457E+000  0.59605353E+000  0.77957246E+000  0.86836728E+000  0.11730134E+001  0.17259681E+001  0.23581150E+001  0.35243861E+001  0.54006457E+001
  0.30918041E+000  0.33896748E+000  0.44811458E+000  0.59605355E+000  0.77957250E+000  0.86836730E+000  0.11730135E+001  0.17259685E+001  0.23581151E+001  0.35244082E+001  0.54006459E+001
  0.30918042E+000  0.33896748E+000  0.44811459E+000  0.59605357E+000  0.77957254E+000  0.86836733E+000  0.11730135E+001  0.17259689E+001  0.23581151E+001  0.35244302E+001  0.54006461E+001
  0.30918042E+000  0.33896749E+000  0.44811459E+000  0.59605359E+000  0.77957258E+000  0.86836735E+000  0.11730135E+001  0.17259693E+001  0.23581151E+001  0.35244519E+001  0.54006463E+001
  0.30918043E+000  0.33896749E+000  0.44811460E+000  0.59605361E+000  0.77957261E+000  0.86836737E+000  0.11730135E+001  0.17259696E+001  0.23581151E+001  0.35244734E+001  0.54006465E+001
  0.30918044E+000  0.33896750E+000  0.44811460E+000  0.59605362E+000  0.77957264E+000  0.86836739E+000  0.11730135E+001  0.17259700E+001  0.23581151E+001  0.35244946E+001  0.54006467E+001
  0.30918044E+000  0.33896750E+000  0.44811460E+000  0.59605363E+000  0.77957266E+000  0.86836740E+000  0.11730135E+001  0.17259703E+001  0.23581151E+001  0.35245156E+001  0.54006468E+001
  0.30918045E+000  0.33896750E+000  0.44811460E+000  0.59605364E+000  0.77957269E+000  0.86836741E+000  0.11730136E+001  0.17259707E+001  0.23581151E+001  0.35245362E+001  0.54006470E+001
  0.30918045E+000  0.33896750E+000  0.44811460E+000  0.59605364E+000  0.77957271E+000  0.86836742E+000  0.11730136E+001  0.17259710E+001  0.23581151E+001  0.35245566E+001  0.54006472E+001
  0.30918045E+000  0.33896750E+000  0.44811460E+000  0.59605365E+000  0.77957272E+000  0.86836742E+000  0.11730136E+001  0.17259713E+001  0.23581151E+001  0.35245767E+001  0.54006474E+001
  0.30918045E+000  0.33896750E+000  0.44811460E+000  0.59605365E+000  0.77957274E+000  0.86836742E+000  0.11730136E+001  0.17259716E+001  0.23581150E+001  0.35245965E+001  0.54006476E+001
  0.30918045E+000  0.33896750E+000  0.44811459E+000  0.59605364E+000  0.77957275E+000  0.86836742E+000  0.11730135E+001  0.17259719E+001  0.23581150E+001  0.35246159E+001  0.54006478E+001
  0.30918045E+000  0.33896750E+000  0.44811459E+000  0.59605364E+000  0.77957275E+000  0.86836741E+000  0.11730135E+001  0.17259722E+001  0.23581150E+001  0.35246351E+001  0.54006479E+001
  0.30918045E+000  0.33896749E+000  0.44811458E+000  0.59605363E+000  0.77957276E+000  0.86836740E+000  0.11730135E+001  0.17259725E+001  0.23581149E+001  0.35246539E+001  0.54006481E+001
  0.30918044E+000  0.33896749E+000  0.44811457E+000  0.59605363E+000  0.77957276E+000  0.86836739E+000  0.11730135E+001  0.17259728E+001  0.23581149E+001  0.35246724E+001  0.54006483E+001
  0.30918044E+000  0.33896748E+000  0.44811456E+000  0.59605362E+000  0.77957276E+000  0.86836738E+000  0.11730135E+001  0.17259730E+001  0.23581148E+001  0.35246906E+001  0.54006485E+001
  0.30918043E+000  0.33896747E+000  0.44811455E+000  0.59605361E+000  0.77957276E+000  0.86836737E+000  0.11730135E+001  0.17261013E+001  0.23581148E+001  0.35247085E+001  0.54006486E+001
  0.30918043E+000  0.33896747E+000  0.44811454E+000  0.59605359E+000  0.77957275E+000  0.86836735E+000  0.11730135E+001  0.17261605E+001  0.23581147E+001  0.35247260E+001  0.54006488E+001
  0.30918042E+000  0.33896746E+000  0.44811453E+000  0.59605358E+000  0.77957275E+000  0.86836733E+000  0.11730134E+001  0.17261829E+001  0.23581147E+001  0.35247432E+001  0.54006490E+001
  0.30918041E+000  0.33896745E+000  0.44811452E+000  0.59605356E+000  0.77957274E+000  0.86836732E+000  0.11730134E+001  0.17261877E+001  0.23581146E+001  0.35247600E+001  0.54006491E+001
  0.30918040E+000  0.33896744E+000  0.44811451E+000  0.59605354E+000  0.77957273E+000  0.86836730E+000  0.11730134E+001  0.17261925E+001  0.23581146E+001  0.35247765E+001  0.54006493E+001
  0.30918039E+000  0.33896743E+000  0.44811450E+000  0.59605353E+000  0.77957272E+000  0.86836728E+000  0.11730134E+001  0.17261972E+001  0.23581145E+001  0.35247927E+001  0.54006494E+001
  0.30918039E+000  0.33896742E+000  0.44811448E+000  0.59605351E+000  0.77957271E+000  0.86836725E+000  0.11730134E+001  0.17262018E+001  0.23581145E+001  0.35248086E+001  0.54006496E+001
  0.30918038E+000  0.33896741E+000  0.44811447E+000  0.59605349E+000  0.77957270E+000  0.86836723E+000  0.11730133E+001  0.17262063E+001  0.23581144E+001  0.35253065E+001  0.54006498E+001
  0.30918037E+000  0.33896741E+000  0.44811446E+000  0.59605347E+000  0.77957268E+000  0.86836721E+000  0.11730133E+001  0.17262107E+001  0.23581144E+001  0.35253336E+001  0.54006499E+001
  0.30918036E+000  0.33896740E+000  0.44811445E+000  0.59605345E+000  0.77957267E+000  0.86836719E+000  0.11730133E+001  0.17262151E+001  0.23581143E+001  0.35253601E+001  0.54006501E+001
  0.30918035E+000  0.33896739E+000  0.44811444E+000  0.59605343E+000  0.77957266E+000  0.86836717E+000  0.11730133E+001  0.17262194E+001  0.23581143E+001  0.35253860E+001  0.54006502E+001
  0.30918034E+000  0.33896738E+000  0.44811443E+000  0.59605341E+000  0.77957265E+000  0.86836715E+000  0.11730133E+001  0.17262236E+001  0.23581142E+001  0.35254114E+001  0.54006504E+001
  0.30918033E+000  0.33896737E+000  0.44811442E+000  0.59605339E+000  0.77957263E+000  0.86836713E+000  0.11730132E+001  0.17262277E+001  0.23581142E+001  0.35254362E+001  0.54006505E+001
  0.30918032E+000  0.33896736E+000  0.44811441E+000  0.59605337E+000  0.77957262E+000  0.86836711E+000  0.11730132E+001  0.17262318E+001  0.23581142E+001  0.35254604E+001  0.54006507E+001
  0.30918031E+000  0.33896736E+000  0.44811440E+000  0.59605335E+000  0.77957261E+000  0.86836709E+000  0.11730132E+001  0.17262358E+001  0.23581141E+001  0.35254841E+001  0.54006508E+001
  0.30918030E+000  0.33896735E+000  0.44811439E+000  0.59605333E+000  0.77957260E+000  0.86836708E+000  0.11730132E+001  0.17262397E+001  0.23581141E+001  0.35255072E+001  0.54006510E+001
  0.30918029E+000  0.33896734E+000  0.44811438E+000  0.59605331E+000  0.77957259E+000  0.86836706E+000  0.11730132E+001  0.17262435E+001  0.23581141E+001  0.35255298E+001  0.54006512E+001
  0.30918028E+000  0.33896734E+000  0.44811438E+000  0.59605330E+000  0.77957258E+000  0.86836705E+000  0.11730132E+001  0.17262472E+001  0.23581141E+001  0.35255519E+001  0.54006513E+001
  0.30918027E+000  0.33896733E+000  0.44811437E+000  0.59605328E+000  0.77957257E+000  0.86836704E+000  0.11730132E+001  0.17262508E+001  0.23581141E+001  0.35255735E+001  0.54006515E+001
  0.30918027E+000  0.33896732E+000  0.44811437E+000  0.59605327E+000  0.77957256E+000  0.86836704E+000  0.11730132E+001  0.17262544E+001  0.23581142E+001  0.35255945E+001  0.54006517E+001
  0.30918026E+000  0.33896732E+000  0.44811436E+000  0.59605325E+000  0.77957255E+000  0.86836703E+000  0.11730132E+001  0.17262579E+001  0.23581142E+001  0.35256151E+001  0.54006518E+001
  0.30918025E+000  0.33896732E+000  0.44811436E+000  0.59605324E+000  0.77957255E+000  0.86836703E+000  0.11730132E+001  0.17262613E+001  0.23581142E+001  0.35256352E+001  0.54006520E+001
  0.30918025E+000  0.33896731E+000  0.44811436E+000  0.59605323E+000  0.77957254E+000  0.86836703E+000  0.11730133E+001  0.17262646E+001  0.23581143E+001  0.35256548E+001  0.54006522E+001
  0.30918024E+000  0.33896731E+000  0.44811436E+000  0.59605322E+000  0.77957254E+000  0.86836703E+000  0.11730133E+001  0.17262678E+001  0.23581144E+001  0.35256739E+001  0.54006524E+001
  0.30918024E+000  0.33896731E+000  0.44811436E+000  0.59605321E+000  0.77957254E+000  0.86836704E+000  0.11730133E+001  0.17262709E+001  0.23581144E+001  0.35256926E+001  0.54006525E+001
  0.30918023E+000  0.33896731E+000  0.44811436E+000  0.59605320E+000  0.77957254E+000  0.86836705E+000  0.11730133E+001  0.17262740E+001  0.23581146E+001  0.35257108E+001  0.54006527E+001
  0.30918023E+000  0.33896730E+000  0.44811436E+000  0.59605319E+000  0.77957254E+000  0.86836706E+000  0.11730134E+001  0.17262769E+001  0.23581147E+001  0.35257285E+001  0.54006529E+001
  0.30918023E+000  0.33896730E+000  0.44811437E+000  0.59605318E+000  0.77957255E+000  0.86836708E+000  0.11730134E+001  0.17262797E+001  0.23581148E+001  0.35257458E+001  0.54006532E+001
  0.30918022E+000  0.33896730E+000  0.44811437E+000  0.59605318E+000  0.77957255E+000  0.86836710E+000  0.11730135E+001  0.17262825E+001  0.23581150E+001  0.35257627E+001  0.54006534E+001
  0.30918022E+000  0.33896730E+000  0.44811438E+000  0.59605317E+000  0.77957255E+000  0.86836712E+000  0.11730135E+001  0.17262851E+001  0.23581152E+001  0.35257791E+001  0.54006536E+001
  0.30918022E+000  0.33896730E+000  0.44811439E+000  0.59605317E+000  0.77957256E+000  0.86836716E+000  0.11730136E+001  0.17263849E+001  0.23581155E+001  0.35257951E+001  0.54006539E+001
  0.30918022E+000  0.33896731E+000  0.44811440E+000  0.59605317E+000  0.77957257E+000  0.86836719E+000  0.11730136E+001  0.17263862E+001  0.23581157E+001  0.35258107E+001  0.54006541E+001
  0.30918022E+000  0.33896731E+000  0.44811441E+000  0.59605317E+000  0.77957258E+000  0.86836723E+000  0.11730137E+001  0.17263876E+001  0.23581160E+001  0.35258259E+001  0.54006544E+001
  0.30918022E+000  0.33896731E+000  0.44811442E+000  0.59605317E+000  0.77957259E+000  0.86836728E+000  0.11730138E+001  0.17263889E+001  0.23581164E+001  0.35258406E+001  0.54006547E+001
  0.30918022E+000  0.33896731E+000  0.44811443E+000  0.59605316E+000  0.77957260E+000  0.86836734E+000  0.11730139E+001  0.17263901E+001  0.23581168E+001  0.35258550E+001  0.54006550E+001
  0.30918022E+000  0.33896731E+000  0.44811444E+000  0.59605316E+000  0.77957261E+000  0.86836740E+000  0.11730140E+001  0.17263913E+001  0.23581173E+001  0.35258689E+001  0.54006554E+001
  0.30918022E+000  0.33896731E+000  0.44811445E+000  0.59605316E+000  0.77957262E+000  0.86836747E+000  0.11730141E+001  0.17263925E+001  0.23581178E+001  0.35258823E+001  0.54006557E+001
  0.30918022E+000  0.33896731E+000  0.44811446E+000  0.59605316E+000  0.77957263E+000  0.86836755E+000  0.11730142E+001  0.17263937E+001  0.23581185E+001  0.35258954E+001  0.54006561E+001
  0.30918022E+000  0.33896731E+000  0.44811448E+000  0.59605316E+000  0.77957264E+000  0.86836765E+000  0.11730143E+001  0.17263948E+001  0.23581192E+001  0.35259080E+001  0.54006566E+001
  0.30918022E+000  0.33896731E+000  0.44811449E+000  0.59605316E+000  0.77957266E+000  0.86836775E+000  0.11730145E+001  0.17263959E+001  0.23581200E+001  0.35259202E+001  0.54006570E+001
  0.30918021E+000  0.33896731E+000  0.44811450E+000  0.59605316E+000  0.77957267E+000  0.86836787E+000  0.11730146E+001  0.17263970E+001  0.23581209E+001  0.35259319E+001  0.54006575E+001
  0.30918021E+000  0.33896731E+000  0.44811452E+000  0.59605316E+000  0.77957268E+000  0.86836800E+000  0.11730148E+001  0.17263980E+001  0.23581219E+001  0.35259431E+001  0.54006581E+001
  0.30918021E+000  0.33896731E+000  0.44811453E+000  0.59605315E+000  0.77957269E+000  0.86836815E+000  0.11730150E+001  0.17263990E+001  0.23581231E+001  0.35272116E+001  0.54006587E+001
  0.30918021E+000  0.33896731E+000  0.44811455E+000  0.59605315E+000  0.77957270E+000  0.86836832E+000  0.11730152E+001  0.17264000E+001  0.23581244E+001  0.35272999E+001  0.54006593E+001
  0.30918020E+000  0.33896731E+000  0.44811457E+000  0.59605314E+000  0.77957271E+000  0.86836851E+000  0.11730155E+001  0.17264009E+001  0.23581260E+001  0.35273045E+001  0.54006600E+001
  0.30918020E+000  0.33896732E+000  0.44811460E+000  0.59605312E+000  0.77957272E+000  0.86836873E+000  0.11730158E+001  0.17264018E+001  0.23581277E+001  0.35273090E+001  0.54006608E+001
  0.30918019E+000  0.33896733E+000  0.44811463E+000  0.59605311E+000  0.77957273E+000  0.86836898E+000  0.11730162E+001  0.17264025E+001  0.23581296E+001  0.35273134E+001  0.54006617E+001
  0.30918018E+000  0.33896735E+000  0.44811469E+000  0.59605309E+000  0.77957274E+000  0.86836928E+000  0.11730166E+001  0.17264032E+001  0.23581318E+001  0.35273178E+001  0.54006626E+001
  0.30918017E+000  0.33896740E+000  0.44811477E+000  0.59605306E+000  0.77957276E+000  0.86836963E+000  0.11730172E+001  0.17264038E+001  0.23581342E+001  0.35273222E+001  0.54006637E+001
  0.30918015E+000  0.33896747E+000  0.44811490E+000  0.59605303E+000  0.77957280E+000  0.86837005E+000  0.11730178E+001  0.17264041E+001  0.23581369E+001  0.35273266E+001  0.54006649E+001
  0.30918014E+000  0.33896760E+000  0.44811512E+000  0.59605301E+000  0.77957287E+000  0.86837058E+000  0.11730181E+001  0.17262993E+001  0.23581400E+001  0.35273309E+001  0.54006663E+001
  0.30918013E+000  0.33896782E+000  0.44811545E+000  0.59605299E+000  0.77957300E+000  0.86837124E+000  0.11729625E+001  0.17262955E+001  0.23581434E+001  0.35273351E+001  0.54006678E+001
  0.30918014E+000  0.33896817E+000  0.44811596E+000  0.59605300E+000  0.77957321E+000  0.86837218E+000  0.11729638E+001  0.17262906E+001  0.23581473E+001  0.35273389E+001  0.54006696E+001
  0.30918014E+000  0.33896869E+000  0.44811683E+000  0.59605302E+000  0.77957349E+000  0.86837325E+000  0.11729660E+001  0.17262847E+001  0.23581517E+001  0.35273420E+001  0.54006714E+001
  0.30918011E+000  0.33896955E+000  0.44811814E+000  0.59605294E+000  0.77957450E+000  0.86841503E+000  0.11730242E+001  0.17262775E+001  0.23581571E+001  0.35273426E+001  0.54006731E+001
  0.30918020E+000  0.33897068E+000  0.44808274E+000  0.59605311E+000  0.77957686E+000  0.86841690E+000  0.11730285E+001  0.17262696E+001  0.23581635E+001  0.35273393E+001  0.54006731E+001
  0.30918089E+000  0.33897250E+000  0.44812164E+000  0.59605460E+000  0.77958447E+000  0.86842302E+000  0.11730336E+001  0.17262568E+001  0.23581694E+001  0.35260079E+001  0.54006734E+001
