 -0.93401742E+000 -0.83813383E+000 -0.56492699E+000 -0.20764928E+000 -0.57295680E-002  0.84681032E-003  0.95404910E+000  0.45945677E+001  0.89465163E+001  0.16278867E+002  0.22291896E+002
 -0.93344130E+000 -0.83727364E+000 -0.56338968E+000 -0.20559083E+000 -0.51874885E-002  0.96831364E-003  0.95640099E+000  0.45981044E+001  0.89516954E+001  0.16286489E+002  0.22299302E+002
 -0.93307811E+000 -0.83667169E+000 -0.56223355E+000 -0.20403835E+000 -0.50710864E-002  0.98658890E-003  0.95820156E+000  0.46009540E+001  0.89559398E+001  0.16292679E+002  0.22305320E+002
 -0.93285968E+000 -0.83626145E+000 -0.56136448E+000 -0.20287582E+000 -0.51214220E-002  0.98475417E-003  0.95957444E+000  0.46032540E+001  0.89594428E+001  0.16297749E+002  0.22310255E+002
 -0.93273407E+000 -0.83599031E+000 -0.56071492E+000 -0.20201507E+000 -0.52073586E-002  0.97634163E-003  0.96062196E+000  0.46051176E+001  0.89623539E+001  0.16301937E+002  0.22314340E+002
 -0.93266674E+000 -0.83581998E+000 -0.56023694E+000 -0.20139227E+000 -0.52988688E-002  0.96460487E-003  0.96141809E+000  0.46066154E+001  0.89647792E+001  0.16305404E+002  0.22317742E+002
 -0.93263545E+000 -0.83572182E+000 -0.55989489E+000 -0.20095805E+000 -0.53783586E-002  0.95200515E-003  0.96201697E+000  0.46078058E+001  0.89667988E+001  0.16308279E+002  0.22320582E+002
 -0.93262629E+000 -0.83567519E+000 -0.55966240E+000 -0.20067468E+000 -0.54411153E-002  0.94005915E-003  0.96245840E+000  0.46087392E+001  0.89684739E+001  0.16310664E+002  0.22322957E+002
 -0.93263049E+000 -0.83566541E+000 -0.55951805E+000 -0.20051213E+000 -0.54886882E-002  0.92957004E-003  0.96277276E+000  0.46094568E+001  0.89698529E+001  0.16312637E+002  0.22324944E+002
 -0.93264301E+000 -0.83568167E+000 -0.55944446E+000 -0.20044591E+000 -0.55240187E-002  0.92073332E-003  0.96298376E+000  0.46099947E+001  0.89709757E+001  0.16314266E+002  0.22326606E+002
 -0.93266086E+000 -0.83571601E+000 -0.55942730E+000 -0.20045608E+000 -0.55503464E-002  0.91341036E-003  0.96311045E+000  0.46103837E+001  0.89718758E+001  0.16315604E+002  0.22327995E+002
 -0.93268225E+000 -0.83576279E+000 -0.55945489E+000 -0.20052664E+000 -0.55703665E-002  0.90733167E-003  0.96316799E+000  0.46106502E+001  0.89725817E+001  0.16316695E+002  0.22329155E+002
 -0.93270621E+000 -0.83581789E+000 -0.55951767E+000 -0.20064468E+000 -0.55860631E-002  0.90222258E-003  0.96316871E+000  0.46108162E+001  0.89731181E+001  0.16317575E+002  0.22330119E+002
 -0.93273213E+000 -0.83587842E+000 -0.55960776E+000 -0.20079968E+000 -0.55988194E-002  0.89783898E-003  0.96312269E+000  0.46108997E+001  0.89735067E+001  0.16318272E+002  0.22330917E+002
 -0.93275959E+000 -0.83594231E+000 -0.55971883E+000 -0.20098314E+000 -0.56095887E-002  0.89399750E-003  0.96303823E+000  0.46109153E+001  0.89737668E+001  0.16318812E+002  0.22331573E+002
 -0.93278827E+000 -0.83600807E+000 -0.55984565E+000 -0.20118810E+000 -0.56189963E-002  0.89057101E-003  0.96292229E+000  0.46108747E+001  0.89739158E+001  0.16319215E+002  0.22332109E+002
 -0.93281797E+000 -0.83607463E+000 -0.55998397E+000 -0.20140888E+000 -0.56275378E-002  0.88748163E-003  0.96278068E+000  0.46107878E+001  0.89739694E+001  0.16319499E+002  0.22332540E+002
 -0.93284848E+000 -0.83614128E+000 -0.56013040E+000 -0.20164089E+000 -0.56354438E-002  0.88465130E-003  0.96261827E+000  0.46106617E+001  0.89739414E+001  0.16319676E+002  0.22332881E+002
 -0.93287962E+000 -0.83620747E+000 -0.56028219E+000 -0.20188031E+000 -0.56428446E-002  0.88202066E-003  0.96243915E+000  0.46105025E+001  0.89738443E+001  0.16319759E+002  0.22333142E+002
 -0.93291120E+000 -0.83627285E+000 -0.56043716E+000 -0.20212410E+000 -0.56495796E-002  0.87962519E-003  0.96224682E+000  0.46103149E+001  0.89736891E+001  0.16319756E+002  0.22333334E+002
 -0.93294315E+000 -0.83633717E+000 -0.56059357E+000 -0.20236980E+000 -0.56557462E-002  0.87742509E-003  0.96204423E+000  0.46101030E+001  0.89734855E+001  0.16319676E+002  0.22333462E+002
 -0.93297531E+000 -0.83640029E+000 -0.56075001E+000 -0.20261531E+000 -0.56614890E-002  0.87536845E-003  0.96183395E+000  0.46098704E+001  0.89732420E+001  0.16319523E+002  0.22333534E+002
 -0.93300758E+000 -0.83646211E+000 -0.56090538E+000 -0.20285892E+000 -0.56669651E-002  0.87340733E-003  0.96161816E+000  0.46096200E+001  0.89729659E+001  0.16319304E+002  0.22333554E+002
 -0.93303983E+000 -0.83652255E+000 -0.56105883E+000 -0.20309924E+000 -0.56721379E-002  0.87154903E-003  0.96139871E+000  0.46093548E+001  0.89726632E+001  0.16319023E+002  0.22333526E+002
 -0.93307196E+000 -0.83658159E+000 -0.56120969E+000 -0.20333508E+000 -0.56769807E-002  0.86979895E-003  0.96117718E+000  0.46090772E+001  0.89723388E+001  0.16318683E+002  0.22333454E+002
 -0.93310390E+000 -0.83663919E+000 -0.56135747E+000 -0.20356549E+000 -0.56814797E-002  0.86815956E-003  0.96095490E+000  0.46087896E+001  0.89719967E+001  0.16318287E+002  0.22333338E+002
 -0.93313554E+000 -0.83669536E+000 -0.56150179E+000 -0.20378966E+000 -0.56856306E-002  0.86663127E-003  0.96073299E+000  0.46084940E+001  0.89716398E+001  0.16317839E+002  0.22333180E+002
 -0.93316684E+000 -0.83675010E+000 -0.56164240E+000 -0.20400697E+000 -0.56894394E-002  0.86521186E-003  0.96051239E+000  0.46081925E+001  0.89712705E+001  0.16317341E+002  0.22332981E+002
 -0.93319772E+000 -0.83680343E+000 -0.56177914E+000 -0.20421690E+000 -0.56929181E-002  0.86389767E-003  0.96029384E+000  0.46078869E+001  0.89708899E+001  0.16316795E+002  0.22332741E+002
 -0.93322815E+000 -0.83685537E+000 -0.56191193E+000 -0.20441906E+000 -0.56960852E-002  0.86268309E-003  0.96007797E+000  0.46075787E+001  0.89704991E+001  0.16316206E+002  0.22332458E+002
 -0.93325810E+000 -0.83690596E+000 -0.56204074E+000 -0.20461318E+000 -0.56989638E-002  0.86156117E-003  0.95986522E+000  0.46072693E+001  0.89700980E+001  0.16315576E+002  0.22332131E+002
 -0.93328751E+000 -0.83695522E+000 -0.56216559E+000 -0.20479903E+000 -0.57015674E-002  0.86052847E-003  0.95965601E+000  0.46069599E+001  0.89696868E+001  0.16314910E+002  0.22331759E+002
 -0.93331638E+000 -0.83700319E+000 -0.56228655E+000 -0.20497654E+000 -0.57039297E-002  0.85957430E-003  0.95945055E+000  0.46066514E+001  0.89692650E+001  0.16314209E+002  0.22331341E+002
 -0.93334470E+000 -0.83704991E+000 -0.56240372E+000 -0.20514567E+000 -0.57060692E-002  0.85869332E-003  0.95924905E+000  0.46063446E+001  0.89688320E+001  0.16313480E+002  0.22330872E+002
 -0.93337243E+000 -0.83709542E+000 -0.56251721E+000 -0.20530645E+000 -0.57080063E-002  0.85787954E-003  0.95905163E+000  0.46060401E+001  0.89683872E+001  0.16312725E+002  0.22330353E+002
 -0.93339957E+000 -0.83713974E+000 -0.56262711E+000 -0.20545896E+000 -0.57097607E-002  0.85712711E-003  0.95885837E+000  0.46057384E+001  0.89679302E+001  0.16311950E+002  0.22329780E+002
 -0.93342612E+000 -0.83718290E+000 -0.56273357E+000 -0.20560332E+000 -0.57113505E-002  0.85643063E-003  0.95866933E+000  0.46054397E+001  0.89674605E+001  0.16311158E+002  0.22329152E+002
 -0.93345205E+000 -0.83722492E+000 -0.56283670E+000 -0.20573971E+000 -0.57127923E-002  0.85578515E-003  0.95848450E+000  0.46051441E+001  0.89669781E+001  0.16310353E+002  0.22328469E+002
 -0.93347736E+000 -0.83726583E+000 -0.56293661E+000 -0.20586836E+000 -0.57141016E-002  0.85518603E-003  0.95830390E+000  0.46048517E+001  0.89664829E+001  0.16309539E+002  0.22327728E+002
 -0.93350206E+000 -0.83730566E+000 -0.56303343E+000 -0.20598950E+000 -0.57152931E-002  0.85462885E-003  0.95812748E+000  0.46045625E+001  0.89659754E+001  0.16308720E+002  0.22326932E+002
 -0.93352614E+000 -0.83734442E+000 -0.56312725E+000 -0.20610342E+000 -0.57163789E-002  0.85410997E-003  0.95795524E+000  0.46042761E+001  0.89654563E+001  0.16307898E+002  0.22326081E+002
 -0.93354958E+000 -0.83738212E+000 -0.56321817E+000 -0.20621040E+000 -0.57173699E-002  0.85362620E-003  0.95778715E+000  0.46039926E+001  0.89649265E+001  0.16307075E+002  0.22325176E+002
 -0.93357240E+000 -0.83741878E+000 -0.56330625E+000 -0.20631075E+000 -0.57182764E-002  0.85317447E-003  0.95762319E+000  0.46037115E+001  0.89643873E+001  0.16306253E+002  0.22324222E+002
 -0.93359459E+000 -0.83745441E+000 -0.56339158E+000 -0.20640478E+000 -0.57191074E-002  0.85275216E-003  0.95746335E+000  0.46034329E+001  0.89638403E+001  0.16305432E+002  0.22323221E+002
 -0.93361614E+000 -0.83748901E+000 -0.56347419E+000 -0.20649279E+000 -0.57198705E-002  0.85235697E-003  0.95730761E+000  0.46031564E+001  0.89632871E+001  0.16304613E+002  0.22322179E+002
 -0.93363705E+000 -0.83752258E+000 -0.56355411E+000 -0.20657510E+000 -0.57205721E-002  0.85198717E-003  0.95715599E+000  0.46028819E+001  0.89627295E+001  0.16303795E+002  0.22321101E+002
 -0.93365732E+000 -0.83755512E+000 -0.56363138E+000 -0.20665201E+000 -0.57212187E-002  0.85164069E-003  0.95700849E+000  0.46026092E+001  0.89621693E+001  0.16302978E+002  0.22319992E+002
 -0.93367695E+000 -0.83758664E+000 -0.56370601E+000 -0.20672381E+000 -0.57218149E-002  0.85131634E-003  0.95686513E+000  0.46023383E+001  0.89616083E+001  0.16302162E+002  0.22318860E+002
 -0.93369593E+000 -0.83761713E+000 -0.56377799E+000 -0.20679078E+000 -0.57223654E-002  0.85101262E-003  0.95672592E+000  0.46020692E+001  0.89610483E+001  0.16301344E+002  0.22317709E+002
 -0.93371425E+000 -0.83764658E+000 -0.56384733E+000 -0.20685320E+000 -0.57228745E-002  0.85072824E-003  0.95659088E+000  0.46018017E+001  0.89604906E+001  0.16300525E+002  0.22316547E+002
 -0.93373192E+000 -0.83767500E+000 -0.56391402E+000 -0.20691133E+000 -0.57233454E-002  0.85046220E-003  0.95646002E+000  0.46015360E+001  0.89599367E+001  0.16299702E+002  0.22315378E+002
 -0.93374894E+000 -0.83770236E+000 -0.56397804E+000 -0.20696542E+000 -0.57237816E-002  0.85021332E-003  0.95633337E+000  0.46012719E+001  0.89593875E+001  0.16298877E+002  0.22314209E+002
 -0.93376530E+000 -0.83772868E+000 -0.56403939E+000 -0.20701571E+000 -0.57241853E-002  0.84998086E-003  0.95621092E+000  0.46010097E+001  0.89588440E+001  0.16298047E+002  0.22313044E+002
 -0.93378100E+000 -0.83775394E+000 -0.56409807E+000 -0.20706244E+000 -0.57245599E-002  0.84976357E-003  0.95609267E+000  0.46007492E+001  0.89583065E+001  0.16297214E+002  0.22311887E+002
 -0.93379605E+000 -0.83777814E+000 -0.56415406E+000 -0.20710581E+000 -0.57249070E-002  0.84956083E-003  0.95597862E+000  0.46004906E+001  0.89577756E+001  0.16296376E+002  0.22310743E+002
 -0.93381043E+000 -0.83780129E+000 -0.56420737E+000 -0.20714605E+000 -0.57252287E-002  0.84937180E-003  0.95586873E+000  0.46002340E+001  0.89572514E+001  0.16295535E+002  0.22309615E+002
 -0.93382417E+000 -0.83782338E+000 -0.56425801E+000 -0.20718335E+000 -0.57255270E-002  0.84919554E-003  0.95576298E+000  0.45999794E+001  0.89567339E+001  0.16294692E+002  0.22308504E+002
 -0.93383726E+000 -0.83784441E+000 -0.56430600E+000 -0.20721790E+000 -0.57258034E-002  0.84903144E-003  0.95566130E+000  0.45997270E+001  0.89562232E+001  0.16293847E+002  0.22307415E+002
 -0.93384970E+000 -0.83786441E+000 -0.56435137E+000 -0.20724989E+000 -0.57260601E-002  0.84887849E-003  0.95556363E+000  0.45994767E+001  0.89557190E+001  0.16293003E+002  0.22306348E+002
 -0.93386151E+000 -0.83788337E+000 -0.56439416E+000 -0.20727951E+000 -0.57262980E-002  0.84873613E-003  0.95546989E+000  0.45992288E+001  0.89552215E+001  0.16292161E+002  0.22305307E+002
 -0.93387270E+000 -0.83790131E+000 -0.56443441E+000 -0.20730691E+000 -0.57265189E-002  0.84860352E-003  0.95537996E+000  0.45989834E+001  0.89547304E+001  0.16291324E+002  0.22304293E+002
 -0.93388327E+000 -0.83791825E+000 -0.56447219E+000 -0.20733225E+000 -0.57267239E-002  0.84848000E-003  0.95529374E+000  0.45987405E+001  0.89542460E+001  0.16290493E+002  0.22303307E+002
 -0.93389325E+000 -0.83793421E+000 -0.56450756E+000 -0.20735570E+000 -0.57269147E-002  0.84836480E-003  0.95521108E+000  0.45985004E+001  0.89537684E+001  0.16289672E+002  0.22302352E+002
 -0.93390263E+000 -0.83794922E+000 -0.56454061E+000 -0.20737740E+000 -0.57270922E-002  0.84825728E-003  0.95513186E+000  0.45982633E+001  0.89532978E+001  0.16288862E+002  0.22301429E+002
 -0.93391145E+000 -0.83796330E+000 -0.56457141E+000 -0.20739748E+000 -0.57272575E-002  0.84815690E-003  0.95505592E+000  0.45980294E+001  0.89528347E+001  0.16288068E+002  0.22300540E+002
 -0.93391972E+000 -0.83797649E+000 -0.56460007E+000 -0.20741607E+000 -0.57274121E-002  0.84806285E-003  0.95498310E+000  0.45977989E+001  0.89523797E+001  0.16287290E+002  0.22299686E+002
 -0.93392745E+000 -0.83798881E+000 -0.56462668E+000 -0.20743329E+000 -0.57275564E-002  0.84797477E-003  0.95491326E+000  0.45975721E+001  0.89519333E+001  0.16286533E+002  0.22298869E+002
 -0.93393468E+000 -0.83800030E+000 -0.56465134E+000 -0.20744925E+000 -0.57276915E-002  0.84789212E-003  0.95484625E+000  0.45973495E+001  0.89514965E+001  0.16285798E+002  0.22298089E+002
 -0.93394141E+000 -0.83801100E+000 -0.56467415E+000 -0.20746405E+000 -0.57278182E-002  0.84781438E-003  0.95478193E+000  0.45971312E+001  0.89510699E+001  0.16285088E+002  0.22297349E+002
 -0.93394767E+000 -0.83802095E+000 -0.56469523E+000 -0.20747777E+000 -0.57279371E-002  0.84774119E-003  0.95472017E+000  0.45969179E+001  0.89506546E+001  0.16284406E+002  0.22296648E+002
 -0.93395349E+000 -0.83803017E+000 -0.56471466E+000 -0.20749051E+000 -0.57280487E-002  0.84767214E-003  0.95466086E+000  0.45967098E+001  0.89502516E+001  0.16283752E+002  0.22295987E+002
 -0.93395888E+000 -0.83803871E+000 -0.56473255E+000 -0.20750234E+000 -0.57281536E-002  0.84760699E-003  0.95460392E+000  0.45965074E+001  0.89498616E+001  0.16283130E+002  0.22295367E+002
 -0.93396387E+000 -0.83804661E+000 -0.56474900E+000 -0.20751332E+000 -0.57282522E-002  0.84754543E-003  0.95454925E+000  0.45963112E+001  0.89494859E+001  0.16282540E+002  0.22294787E+002
 -0.93396848E+000 -0.83805390E+000 -0.56476411E+000 -0.20752351E+000 -0.57283446E-002  0.84748729E-003  0.95449681E+000  0.45961217E+001  0.89491251E+001  0.16281983E+002  0.22294248E+002
 -0.93397272E+000 -0.83806062E+000 -0.56477797E+000 -0.20753297E+000 -0.57284314E-002  0.84743236E-003  0.95444656E+000  0.45959392E+001  0.89487803E+001  0.16281460E+002  0.22293747E+002
 -0.93397663E+000 -0.83806680E+000 -0.56479065E+000 -0.20754174E+000 -0.57285126E-002  0.84738050E-003  0.95439848E+000  0.45957642E+001  0.89484521E+001  0.16280972E+002  0.22293286E+002
 -0.93398021E+000 -0.83807247E+000 -0.56480225E+000 -0.20754986E+000 -0.57285884E-002  0.84733164E-003  0.95435255E+000  0.45955971E+001  0.89481411E+001  0.16280519E+002  0.22292861E+002
 -0.93398349E+000 -0.83807766E+000 -0.56481284E+000 -0.20755737E+000 -0.57286589E-002  0.84728568E-003  0.95430878E+000  0.45954383E+001  0.89478479E+001  0.16280099E+002  0.22292473E+002
 -0.93398650E+000 -0.83808242E+000 -0.56482250E+000 -0.20756431E+000 -0.57287244E-002  0.84724256E-003  0.95426719E+000  0.45952880E+001  0.89475728E+001  0.16279713E+002  0.22292119E+002
 -0.93398924E+000 -0.83808675E+000 -0.56483128E+000 -0.20757070E+000 -0.57287851E-002  0.84720216E-003  0.95422777E+000  0.45951464E+001  0.89473160E+001  0.16279360E+002  0.22291798E+002
 -0.93399173E+000 -0.83809070E+000 -0.56483926E+000 -0.20757658E+000 -0.57288409E-002  0.84716450E-003  0.95419055E+000  0.45950137E+001  0.89470774E+001  0.16279039E+002  0.22291508E+002
 -0.93399399E+000 -0.83809430E+000 -0.56484650E+000 -0.20758198E+000 -0.57288922E-002  0.84712952E-003  0.95415554E+000  0.45948900E+001  0.89468570E+001  0.16278747E+002  0.22291247E+002
 -0.93399605E+000 -0.83809755E+000 -0.56485304E+000 -0.20758692E+000 -0.57289392E-002  0.84709705E-003  0.95412273E+000  0.45947752E+001  0.89466544E+001  0.16278485E+002  0.22291014E+002
 -0.93399790E+000 -0.83810050E+000 -0.56485896E+000 -0.20759143E+000 -0.57289818E-002  0.84706720E-003  0.95409212E+000  0.45946693E+001  0.89464691E+001  0.16278249E+002  0.22290805E+002
 -0.93399957E+000 -0.83810316E+000 -0.56486429E+000 -0.20759553E+000 -0.57290206E-002  0.84703973E-003  0.95406368E+000  0.45945720E+001  0.89463005E+001  0.16278038E+002  0.22290619E+002
 -0.93400108E+000 -0.83810555E+000 -0.56486908E+000 -0.20759926E+000 -0.57290556E-002  0.84701465E-003  0.95403739E+000  0.45944832E+001  0.89461480E+001  0.16277850E+002  0.22290455E+002
 -0.93400243E+000 -0.83810770E+000 -0.56487339E+000 -0.20760263E+000 -0.57290871E-002  0.84699182E-003  0.95401319E+000  0.45944024E+001  0.89460106E+001  0.16277684E+002  0.22290309E+002
 -0.93400365E+000 -0.83810963E+000 -0.56487724E+000 -0.20760567E+000 -0.57291154E-002  0.84697118E-003  0.95399102E+000  0.45943295E+001  0.89458875E+001  0.16277537E+002  0.22290181E+002
 -0.93400473E+000 -0.83811136E+000 -0.56488069E+000 -0.20760841E+000 -0.57291406E-002  0.84695257E-003  0.95397081E+000  0.45942638E+001  0.89457777E+001  0.16277408E+002  0.22290069E+002
 -0.93400570E+000 -0.83811290E+000 -0.56488376E+000 -0.20761086E+000 -0.57291630E-002  0.84693591E-003  0.95395245E+000  0.45942050E+001  0.89456801E+001  0.16277295E+002  0.22289970E+002
 -0.93400656E+000 -0.83811427E+000 -0.56488649E+000 -0.20761306E+000 -0.57291828E-002  0.84692105E-003  0.95393586E+000  0.45941525E+001  0.89455939E+001  0.16277196E+002  0.22289884E+002
 -0.93400732E+000 -0.83811548E+000 -0.56488892E+000 -0.20761501E+000 -0.57292003E-002  0.84690790E-003  0.95392093E+000  0.45941060E+001  0.89455179E+001  0.16277109E+002  0.22289808E+002
 -0.93400800E+000 -0.83811656E+000 -0.56489107E+000 -0.20761675E+000 -0.57292156E-002  0.84689631E-003  0.95390754E+000  0.45940648E+001  0.89454512E+001  0.16277034E+002  0.22289742E+002
 -0.93400861E+000 -0.83811751E+000 -0.56489297E+000 -0.20761829E+000 -0.57292291E-002  0.84688613E-003  0.95389557E+000  0.45940285E+001  0.89453928E+001  0.16276968E+002  0.22289685E+002
 -0.93400914E+000 -0.83811835E+000 -0.56489465E+000 -0.20761964E+000 -0.57292407E-002  0.84687729E-003  0.95388490E+000  0.45939966E+001  0.89453418E+001  0.16276911E+002  0.22289635E+002
 -0.93400961E+000 -0.83811909E+000 -0.56489612E+000 -0.20762084E+000 -0.57292507E-002  0.84686964E-003  0.95387542E+000  0.45939686E+001  0.89452973E+001  0.16276862E+002  0.22289591E+002
 -0.93401002E+000 -0.83811974E+000 -0.56489742E+000 -0.20762188E+000 -0.57292594E-002  0.84686306E-003  0.95386700E+000  0.45939441E+001  0.89452587E+001  0.16276819E+002  0.22289553E+002
 -0.93401039E+000 -0.83812031E+000 -0.56489855E+000 -0.20762279E+000 -0.57292668E-002  0.84685744E-003  0.95385954E+000  0.45939227E+001  0.89452251E+001  0.16276782E+002  0.22289519E+002
 -0.93401071E+000 -0.83812080E+000 -0.56489954E+000 -0.20762358E+000 -0.57292729E-002  0.84685271E-003  0.95385292E+000  0.45939040E+001  0.89451958E+001  0.16276749E+002  0.22289490E+002
 -0.93401099E+000 -0.83812123E+000 -0.56490040E+000 -0.20762426E+000 -0.57292781E-002  0.84684872E-003  0.95384706E+000  0.45938876E+001  0.89451704E+001  0.16276720E+002  0.22289464E+002
 -0.93401123E+000 -0.83812160E+000 -0.56490114E+000 -0.20762485E+000 -0.57292823E-002  0.84684544E-003  0.95384185E+000  0.45938733E+001  0.89451482E+001  0.16276695E+002  0.22289441E+002
 -0.93401144E+000 -0.83812192E+000 -0.56490178E+000 -0.20762534E+000 -0.57292857E-002  0.84684274E-003  0.95383722E+000  0.45938607E+001  0.89451288E+001  0.16276673E+002  0.22289421E+002
 -0.93401162E+000 -0.83812219E+000 -0.56490233E+000 -0.20762576E+000 -0.57292883E-002  0.84684060E-003  0.95383309E+000  0.45938497E+001  0.89451118E+001  0.16276654E+002  0.22289403E+002
 -0.93401178E+000 -0.83812242E+000 -0.56490279E+000 -0.20762610E+000 -0.57292903E-002  0.84683892E-003  0.95382939E+000  0.45938400E+001  0.89450969E+001  0.16276637E+002  0.22289386E+002
 -0.93401191E+000 -0.83812261E+000 -0.56490317E+000 -0.20762637E+000 -0.57292915E-002  0.84683766E-003  0.95382607E+000  0.45938313E+001  0.89450837E+001  0.16276621E+002  0.22289372E+002
 -0.93401203E+000 -0.83812277E+000 -0.56490348E+000 -0.20762659E+000 -0.57292923E-002  0.84683675E-003  0.95382306E+000  0.45938237E+001  0.89450719E+001  0.16276608E+002  0.22289358E+002
 -0.93401212E+000 -0.83812289E+000 -0.56490374E+000 -0.20762674E+000 -0.57292924E-002  0.84683618E-003  0.95382034E+000  0.45938168E+001  0.89450615E+001  0.16276595E+002  0.22289346E+002
 -0.93401219E+000 -0.83812299E+000 -0.56490393E+000 -0.20762685E+000 -0.57292921E-002  0.84683590E-003  0.95381785E+000  0.45938106E+001  0.89450521E+001  0.16276584E+002  0.22289335E+002
 -0.93401225E+000 -0.83812306E+000 -0.56490407E+000 -0.20762691E+000 -0.57292913E-002  0.84683588E-003  0.95381558E+000  0.45938051E+001  0.89450437E+001  0.16276574E+002  0.22289325E+002
 -0.93401229E+000 -0.83812310E+000 -0.56490416E+000 -0.20762693E+000 -0.57292901E-002  0.84683608E-003  0.95381348E+000  0.45938000E+001  0.89450361E+001  0.16276565E+002  0.22289316E+002
 -0.93401232E+000 -0.83812312E+000 -0.56490420E+000 -0.20762690E+000 -0.57292884E-002  0.84683649E-003  0.95381153E+000  0.45937954E+001  0.89450292E+001  0.16276557E+002  0.22289308E+002
 -0.93401233E+000 -0.83812312E+000 -0.56490420E+000 -0.20762684E+000 -0.57292864E-002  0.84683709E-003  0.95380973E+000  0.45937912E+001  0.89450228E+001  0.16276550E+002  0.22289300E+002
 -0.93401233E+000 -0.83812310E+000 -0.56490416E+000 -0.20762674E+000 -0.57292840E-002  0.84683786E-003  0.95380804E+000  0.45937873E+001  0.89450171E+001  0.16276543E+002  0.22289293E+002
 -0.93401232E+000 -0.83812306E+000 -0.56490409E+000 -0.20762661E+000 -0.57292813E-002  0.84683877E-003  0.95380645E+000  0.45937837E+001  0.89450117E+001  0.16276537E+002  0.22289287E+002
 -0.93401230E+000 -0.83812301E+000 -0.56490398E+000 -0.20762644E+000 -0.57292783E-002  0.84683982E-003  0.95380497E+000  0.45937803E+001  0.89450068E+001  0.16276531E+002  0.22289281E+002
 -0.93401227E+000 -0.83812294E+000 -0.56490384E+000 -0.20762625E+000 -0.57292749E-002  0.84684101E-003  0.95380356E+000  0.45937772E+001  0.89450023E+001  0.16276526E+002  0.22289275E+002
 -0.93401223E+000 -0.83812286E+000 -0.56490368E+000 -0.20762603E+000 -0.57292713E-002  0.84684230E-003  0.95380223E+000  0.45937742E+001  0.89449981E+001  0.16276522E+002  0.22289270E+002
 -0.93401218E+000 -0.83812276E+000 -0.56490348E+000 -0.20762579E+000 -0.57292675E-002  0.84684369E-003  0.95380096E+000  0.45937715E+001  0.89449941E+001  0.16276517E+002  0.22289266E+002
 -0.93401213E+000 -0.83812265E+000 -0.56490326E+000 -0.20762552E+000 -0.57292635E-002  0.84684518E-003  0.95379976E+000  0.45937689E+001  0.89449905E+001  0.16276513E+002  0.22289262E+002
 -0.93401207E+000 -0.83812253E+000 -0.56490302E+000 -0.20762524E+000 -0.57292592E-002  0.84684675E-003  0.95379861E+000  0.45937664E+001  0.89449871E+001  0.16276510E+002  0.22289258E+002
 -0.93401200E+000 -0.83812240E+000 -0.56490276E+000 -0.20762494E+000 -0.57292548E-002  0.84684839E-003  0.95379752E+000  0.45937641E+001  0.89449839E+001  0.16276507E+002  0.22289254E+002
 -0.93401192E+000 -0.83812226E+000 -0.56490248E+000 -0.20762462E+000 -0.57292503E-002  0.84685010E-003  0.95379647E+000  0.45937619E+001  0.89449808E+001  0.16276504E+002  0.22289251E+002
 -0.93401185E+000 -0.83812211E+000 -0.56490219E+000 -0.20762428E+000 -0.57292456E-002  0.84685186E-003  0.95379546E+000  0.45937598E+001  0.89449780E+001  0.16276501E+002  0.22289248E+002
 -0.93401176E+000 -0.83812196E+000 -0.56490189E+000 -0.20762393E+000 -0.57292408E-002  0.84685368E-003  0.95379449E+000  0.45937577E+001  0.89449753E+001  0.16276499E+002  0.22289245E+002
 -0.93401168E+000 -0.83812180E+000 -0.56490157E+000 -0.20762357E+000 -0.57292359E-002  0.84685554E-003  0.95379356E+000  0.45937558E+001  0.89449727E+001  0.16276497E+002  0.22289243E+002
 -0.93401159E+000 -0.83812164E+000 -0.56490124E+000 -0.20762321E+000 -0.57292309E-002  0.84685743E-003  0.95379266E+000  0.45937539E+001  0.89449703E+001  0.16276495E+002  0.22289240E+002
 -0.93401149E+000 -0.83812147E+000 -0.56490091E+000 -0.20762283E+000 -0.57292259E-002  0.84685936E-003  0.95379179E+000  0.45937521E+001  0.89449679E+001  0.16276493E+002  0.22289238E+002
 -0.93401140E+000 -0.83812131E+000 -0.56490057E+000 -0.20762245E+000 -0.57292208E-002  0.84686131E-003  0.95379095E+000  0.45937503E+001  0.89449656E+001  0.16276491E+002  0.22289236E+002
 -0.93401130E+000 -0.83812113E+000 -0.56490022E+000 -0.20762207E+000 -0.57292158E-002  0.84686328E-003  0.95379013E+000  0.45937486E+001  0.89449634E+001  0.16276490E+002  0.22289234E+002
 -0.93401121E+000 -0.83812096E+000 -0.56489988E+000 -0.20762168E+000 -0.57292107E-002  0.84686525E-003  0.95378934E+000  0.45937469E+001  0.89449612E+001  0.16276488E+002  0.22289232E+002
 -0.93401111E+000 -0.83812079E+000 -0.56489953E+000 -0.20762130E+000 -0.57292057E-002  0.84686724E-003  0.95378856E+000  0.45937452E+001  0.89449591E+001  0.16276487E+002  0.22289230E+002
 -0.93401102E+000 -0.83812062E+000 -0.56489918E+000 -0.20762091E+000 -0.57292007E-002  0.84686923E-003  0.95378781E+000  0.45937436E+001  0.89449570E+001  0.16276485E+002  0.22289228E+002
 -0.93401092E+000 -0.83812045E+000 -0.56489884E+000 -0.20762053E+000 -0.57291958E-002  0.84687121E-003  0.95378707E+000  0.45937420E+001  0.89449550E+001  0.16276484E+002  0.22289227E+002
 -0.93401083E+000 -0.83812028E+000 -0.56489850E+000 -0.20762015E+000 -0.57291910E-002  0.84687319E-003  0.95378635E+000  0.45937404E+001  0.89449529E+001  0.16276482E+002  0.22289225E+002
 -0.93401073E+000 -0.83812011E+000 -0.56489816E+000 -0.20761977E+000 -0.57291862E-002  0.84687515E-003  0.95378565E+000  0.45937388E+001  0.89449509E+001  0.16276481E+002  0.22289223E+002
 -0.93401064E+000 -0.83811995E+000 -0.56489783E+000 -0.20761940E+000 -0.57291815E-002  0.84687709E-003  0.95378495E+000  0.45937372E+001  0.89449488E+001  0.16276479E+002  0.22289221E+002
 -0.93401056E+000 -0.83811979E+000 -0.56489751E+000 -0.20761904E+000 -0.57291770E-002  0.84687901E-003  0.95378427E+000  0.45937356E+001  0.89449468E+001  0.16276478E+002  0.22289219E+002
 -0.93401047E+000 -0.83811963E+000 -0.56489719E+000 -0.20761869E+000 -0.57291725E-002  0.84688090E-003  0.95378360E+000  0.45937340E+001  0.89449447E+001  0.16276477E+002  0.22289217E+002
 -0.93401039E+000 -0.83811948E+000 -0.56489688E+000 -0.20761834E+000 -0.57291682E-002  0.84688277E-003  0.95378295E+000  0.45937324E+001  0.89449427E+001  0.16276475E+002  0.22289215E+002
 -0.93401030E+000 -0.83811933E+000 -0.56489659E+000 -0.20761800E+000 -0.57291640E-002  0.84688460E-003  0.95378230E+000  0.45937308E+001  0.89449406E+001  0.16276474E+002  0.22289213E+002
 -0.93401023E+000 -0.83811919E+000 -0.56489630E+000 -0.20761768E+000 -0.57291600E-002  0.84688639E-003  0.95378166E+000  0.45937293E+001  0.89449385E+001  0.16276472E+002  0.22289211E+002
 -0.93401015E+000 -0.83811906E+000 -0.56489602E+000 -0.20761736E+000 -0.57291562E-002  0.84688814E-003  0.95378103E+000  0.45937277E+001  0.89449363E+001  0.16276470E+002  0.22289209E+002
 -0.93401008E+000 -0.83811893E+000 -0.56489576E+000 -0.20761706E+000 -0.57291525E-002  0.84688985E-003  0.95378042E+000  0.45937261E+001  0.89449342E+001  0.16276469E+002  0.22289207E+002
 -0.93401002E+000 -0.83811880E+000 -0.56489551E+000 -0.20761677E+000 -0.57291489E-002  0.84689151E-003  0.95377981E+000  0.45937245E+001  0.89449320E+001  0.16276467E+002  0.22289205E+002
 -0.93400995E+000 -0.83811868E+000 -0.56489527E+000 -0.20761649E+000 -0.57291456E-002  0.84689313E-003  0.95377921E+000  0.45937229E+001  0.89449299E+001  0.16276465E+002  0.22289203E+002
 -0.93400989E+000 -0.83811857E+000 -0.56489504E+000 -0.20761623E+000 -0.57291424E-002  0.84689469E-003  0.95377862E+000  0.45937213E+001  0.89449277E+001  0.16276463E+002  0.22289200E+002
 -0.93400984E+000 -0.83811847E+000 -0.56489482E+000 -0.20761598E+000 -0.57291394E-002  0.84689620E-003  0.95377805E+000  0.45937197E+001  0.89449255E+001  0.16276462E+002  0.22289198E+002
 -0.93400978E+000 -0.83811837E+000 -0.56489462E+000 -0.20761574E+000 -0.57291366E-002  0.84689766E-003  0.95377748E+000  0.45937181E+001  0.89449233E+001  0.16276460E+002  0.22289195E+002
 -0.93400973E+000 -0.83811827E+000 -0.56489443E+000 -0.20761551E+000 -0.57291339E-002  0.84689906E-003  0.95377693E+000  0.45937166E+001  0.89449212E+001  0.16276458E+002  0.22289193E+002
 -0.93400969E+000 -0.83811819E+000 -0.56489425E+000 -0.20761530E+000 -0.57291314E-002  0.84690040E-003  0.95377638E+000  0.45937150E+001  0.89449190E+001  0.16276456E+002  0.22289190E+002
 -0.93400965E+000 -0.83811811E+000 -0.56489409E+000 -0.20761510E+000 -0.57291292E-002  0.84690169E-003  0.95377585E+000  0.45937135E+001  0.89449168E+001  0.16276454E+002  0.22289188E+002
 -0.93400961E+000 -0.83811803E+000 -0.56489394E+000 -0.20761491E+000 -0.57291270E-002  0.84690292E-003  0.95377534E+000  0.45937120E+001  0.89449147E+001  0.16276452E+002  0.22289185E+002
 -0.93400958E+000 -0.83811796E+000 -0.56489380E+000 -0.20761474E+000 -0.57291251E-002  0.84690409E-003  0.95377483E+000  0.45937105E+001  0.89449126E+001  0.16276450E+002  0.22289183E+002
 -0.93400954E+000 -0.83811790E+000 -0.56489367E+000 -0.20761457E+000 -0.57291233E-002  0.84690520E-003  0.95377435E+000  0.45937090E+001  0.89449105E+001  0.16276448E+002  0.22289180E+002
 -0.93400952E+000 -0.83811784E+000 -0.56489355E+000 -0.20761442E+000 -0.57291217E-002  0.84690625E-003  0.95377387E+000  0.45937076E+001  0.89449085E+001  0.16276446E+002  0.22289178E+002
 -0.93400949E+000 -0.83811779E+000 -0.56489344E+000 -0.20761428E+000 -0.57291203E-002  0.84690724E-003  0.95377342E+000  0.45937062E+001  0.89449066E+001  0.16276444E+002  0.22289175E+002
 -0.93400947E+000 -0.83811774E+000 -0.56489335E+000 -0.20761415E+000 -0.57291190E-002  0.84690817E-003  0.95377298E+000  0.45937048E+001  0.89449047E+001  0.16276443E+002  0.22289173E+002
 -0.93400945E+000 -0.83811770E+000 -0.56489326E+000 -0.20761404E+000 -0.57291179E-002  0.84690904E-003  0.95377257E+000  0.45937035E+001  0.89449029E+001  0.16276441E+002  0.22289171E+002
 -0.93400943E+000 -0.83811766E+000 -0.56489318E+000 -0.20761393E+000 -0.57291170E-002  0.84690985E-003  0.95377217E+000  0.45937022E+001  0.89449011E+001  0.16276439E+002  0.22289169E+002
 -0.93400942E+000 -0.83811763E+000 -0.56489312E+000 -0.20761383E+000 -0.57291162E-002  0.84691060E-003  0.95377179E+000  0.45937010E+001  0.89448995E+001  0.16276438E+002  0.22289166E+002
 -0.93400941E+000 -0.83811760E+000 -0.56489306E+000 -0.20761374E+000 -0.57291155E-002  0.84691129E-003  0.95377144E+000  0.45936999E+001  0.89448979E+001  0.16276436E+002  0.22289164E+002
 -0.93400940E+000 -0.83811758E+000 -0.56489301E+000 -0.20761366E+000 -0.57291150E-002  0.84691191E-003  0.95377111E+000  0.45936988E+001  0.89448965E+001  0.16276435E+002  0.22289163E+002
 -0.93400939E+000 -0.83811756E+000 -0.56489296E+000 -0.20761359E+000 -0.57291147E-002  0.84691248E-003  0.95377081E+000  0.45936978E+001  0.89448952E+001  0.16276434E+002  0.22289161E+002
 -0.93400938E+000 -0.83811754E+000 -0.56489293E+000 -0.20761353E+000 -0.57291145E-002  0.84691299E-003  0.95377053E+000  0.45936969E+001  0.89448941E+001  0.16276433E+002  0.22289159E+002
 -0.93400938E+000 -0.83811753E+000 -0.56489290E+000 -0.20761347E+000 -0.57291144E-002  0.84691344E-003  0.95377028E+000  0.45936961E+001  0.89448931E+001  0.16276433E+002  0.22289158E+002
 -0.93400937E+000 -0.83811751E+000 -0.56489288E+000 -0.20761342E+000 -0.57291144E-002  0.84691383E-003  0.95377005E+000  0.45936954E+001  0.89448923E+001  0.16276432E+002  0.22289157E+002
 -0.93400937E+000 -0.83811750E+000 -0.56489286E+000 -0.20761338E+000 -0.57291146E-002  0.84691417E-003  0.95376986E+000  0.45936947E+001  0.89448917E+001  0.16276432E+002  0.22289156E+002
 -0.93400937E+000 -0.83811750E+000 -0.56489285E+000 -0.20761334E+000 -0.57291150E-002  0.84691444E-003  0.95376970E+000  0.45936942E+001  0.89448913E+001  0.16276432E+002  0.22289155E+002
 -0.93400937E+000 -0.83811749E+000 -0.56489284E+000 -0.20761330E+000 -0.57291154E-002  0.84691465E-003  0.95376958E+000  0.45936938E+001  0.89448911E+001  0.16276432E+002  0.22289155E+002
 -0.93400937E+000 -0.83811749E+000 -0.56489283E+000 -0.20761328E+000 -0.57291160E-002  0.84691480E-003  0.95376949E+000  0.45936936E+001  0.89448912E+001  0.16276433E+002  0.22289155E+002
 -0.93400937E+000 -0.83811749E+000 -0.56489283E+000 -0.20761325E+000 -0.57291167E-002  0.84691490E-003  0.95376944E+000  0.45936935E+001  0.89448915E+001  0.16276434E+002  0.22289156E+002
 -0.93400937E+000 -0.83811749E+000 -0.56489284E+000 -0.20761323E+000 -0.57291176E-002  0.84691493E-003  0.95376943E+000  0.45936935E+001  0.89448922E+001  0.16276436E+002  0.22289157E+002
 -0.93400937E+000 -0.83811749E+000 -0.56489284E+000 -0.20761321E+000 -0.57291186E-002  0.84691491E-003  0.95376946E+000  0.45936937E+001  0.89448932E+001  0.16276438E+002  0.22289158E+002
 -0.93400937E+000 -0.83811749E+000 -0.56489285E+000 -0.20761320E+000 -0.57291197E-002  0.84691483E-003  0.95376954E+000  0.45936941E+001  0.89448946E+001  0.16276441E+002  0.22289160E+002
 -0.93400937E+000 -0.83811750E+000 -0.56489286E+000 -0.20761318E+000 -0.57291210E-002  0.84691470E-003  0.95376966E+000  0.45936947E+001  0.89448963E+001  0.16276444E+002  0.22289163E+002
 -0.93400937E+000 -0.83811750E+000 -0.56489287E+000 -0.20761317E+000 -0.57291224E-002  0.84691451E-003  0.95376984E+000  0.45936956E+001  0.89448985E+001  0.16276448E+002  0.22289166E+002
 -0.93400937E+000 -0.83811750E+000 -0.56489288E+000 -0.20761316E+000 -0.57291239E-002  0.84691428E-003  0.95377007E+000  0.45936966E+001  0.89449013E+001  0.16276453E+002  0.22289170E+002
 -0.93400937E+000 -0.83811750E+000 -0.56489289E+000 -0.20761315E+000 -0.57291256E-002  0.84691399E-003  0.95377036E+000  0.45936979E+001  0.89449045E+001  0.16276458E+002  0.22289175E+002
 -0.93400937E+000 -0.83811751E+000 -0.56489290E+000 -0.20761314E+000 -0.57291274E-002  0.84691366E-003  0.95377070E+000  0.45936995E+001  0.89449083E+001  0.16276465E+002  0.22289182E+002
 -0.93400937E+000 -0.83811751E+000 -0.56489292E+000 -0.20761313E+000 -0.57291293E-002  0.84691328E-003  0.95377112E+000  0.45937014E+001  0.89449128E+001  0.16276473E+002  0.22289189E+002
 -0.93400937E+000 -0.83811751E+000 -0.56489293E+000 -0.20761312E+000 -0.57291314E-002  0.84691288E-003  0.95377160E+000  0.45937036E+001  0.89449180E+001  0.16276482E+002  0.22289197E+002
 -0.93400936E+000 -0.83811751E+000 -0.56489294E+000 -0.20761311E+000 -0.57291335E-002  0.84691244E-003  0.95377216E+000  0.45937061E+001  0.89449239E+001  0.16276492E+002  0.22289207E+002
 -0.93400936E+000 -0.83811751E+000 -0.56489295E+000 -0.20761310E+000 -0.57291358E-002  0.84691199E-003  0.95377278E+000  0.45937090E+001  0.89449306E+001  0.16276503E+002  0.22289218E+002
 -0.93400935E+000 -0.83811751E+000 -0.56489297E+000 -0.20761309E+000 -0.57291381E-002  0.84691152E-003  0.95377349E+000  0.45937123E+001  0.89449381E+001  0.16276516E+002  0.22289231E+002
 -0.93400934E+000 -0.83811751E+000 -0.56489298E+000 -0.20761307E+000 -0.57291405E-002  0.84691104E-003  0.95377427E+000  0.45937159E+001  0.89449465E+001  0.16276531E+002  0.22289246E+002
 -0.93400934E+000 -0.83811751E+000 -0.56489300E+000 -0.20761307E+000 -0.57291430E-002  0.84691056E-003  0.95377512E+000  0.45937200E+001  0.89449558E+001  0.16276548E+002  0.22289263E+002
 -0.93400933E+000 -0.83811752E+000 -0.56489303E+000 -0.20761306E+000 -0.57291455E-002  0.84691009E-003  0.95377603E+000  0.45937243E+001  0.89449659E+001  0.16276566E+002  0.22289282E+002
 -0.93400933E+000 -0.83811753E+000 -0.56489307E+000 -0.20761307E+000 -0.57291481E-002  0.84690962E-003  0.95377700E+000  0.45937290E+001  0.89449769E+001  0.16276586E+002  0.22289303E+002
 -0.93400933E+000 -0.83811755E+000 -0.56489315E+000 -0.20761310E+000 -0.57291508E-002  0.84690914E-003  0.95377798E+000  0.45937339E+001  0.89449884E+001  0.16276608E+002  0.22289327E+002
 -0.93400935E+000 -0.83811759E+000 -0.56489328E+000 -0.20761317E+000 -0.57291536E-002  0.84690860E-003  0.95377893E+000  0.45937389E+001  0.89450005E+001  0.16276632E+002  0.22289353E+002
 -0.93400940E+000 -0.83811768E+000 -0.56489351E+000 -0.20761331E+000 -0.57291568E-002  0.84690790E-003  0.95377977E+000  0.45937437E+001  0.89450125E+001  0.16276657E+002  0.22289382E+002
 -0.93400949E+000 -0.83811783E+000 -0.56489391E+000 -0.20761359E+000 -0.57291610E-002  0.84690677E-003  0.95378038E+000  0.45937480E+001  0.89450242E+001  0.16276683E+002  0.22289413E+002
 -0.93400967E+000 -0.83811810E+000 -0.56489459E+000 -0.20761408E+000 -0.57291672E-002  0.84690476E-003  0.95378054E+000  0.45937513E+001  0.89450349E+001  0.16276710E+002  0.22289446E+002
 -0.93400997E+000 -0.83811857E+000 -0.56489573E+000 -0.20761495E+000 -0.57291775E-002  0.84690097E-003  0.95377998E+000  0.45937529E+001  0.89450437E+001  0.16276736E+002  0.22289481E+002
 -0.93401048E+000 -0.83811934E+000 -0.56489760E+000 -0.20761641E+000 -0.57291944E-002  0.84689425E-003  0.95377824E+000  0.45937521E+001  0.89450496E+001  0.16276762E+002  0.22289518E+002
 -0.93401130E+000 -0.83812058E+000 -0.56490055E+000 -0.20761873E+000 -0.57292204E-002  0.84688359E-003  0.95377480E+000  0.45937479E+001  0.89450520E+001  0.16276787E+002  0.22289555E+002
 -0.93401263E+000 -0.83812255E+000 -0.56490525E+000 -0.20762245E+000 -0.57292543E-002  0.84686905E-003  0.95376841E+000  0.45937390E+001  0.89450499E+001  0.16276809E+002  0.22289592E+002
 -0.93401479E+000 -0.83812569E+000 -0.56491255E+000 -0.20762820E+000 -0.57292821E-002  0.84685552E-003  0.95375797E+000  0.45937245E+001  0.89450423E+001  0.16276828E+002  0.22289627E+002
 -0.93401899E+000 -0.83813189E+000 -0.56492668E+000 -0.20764145E+000 -0.57294805E-002  0.84676771E-003  0.95373686E+000  0.45936988E+001  0.89450230E+001  0.16276835E+002  0.22289649E+002
 -0.93402562E+000 -0.83814158E+000 -0.56494720E+000 -0.20766308E+000 -0.57300216E-002  0.84653262E-003  0.95370903E+000  0.45936681E+001  0.89449975E+001  0.16276834E+002  0.22289661E+002
