  0.00000000E+000  0.00000000E+000  0.00000000E+000  0.00000000E+000  0.89217519E-002  0.14320018E+000  0.35052330E+001  0.29841560E+002  0.74484169E+002  0.19066032E+003  0.35724372E+003
  0.00000000E+000  0.00000000E+000  0.00000000E+000  0.00000000E+000  0.89279440E-002  0.14320786E+000  0.35053825E+001  0.29842152E+002  0.74484441E+002  0.19065915E+003  0.35724083E+003
  0.00000000E+000  0.00000000E+000  0.00000000E+000  0.00000000E+000  0.89337766E-002  0.14321546E+000  0.35055213E+001  0.29842720E+002  0.74484717E+002  0.19065808E+003  0.35723817E+003
  0.00000000E+000  0.00000000E+000  0.00000000E+000  0.00000000E+000  0.89388990E-002  0.14322288E+000  0.35056466E+001  0.29843231E+002  0.74484987E+002  0.19065718E+003  0.35723585E+003
  0.00000000E+000  0.00000000E+000  0.00000000E+000  0.00000000E+000  0.89433150E-002  0.14323004E+000  0.35057600E+001  0.29843683E+002  0.74485245E+002  0.19065645E+003  0.35723391E+003
  0.00000000E+000  0.00000000E+000  0.00000000E+000  0.00000000E+000  0.89470754E-002  0.14323695E+000  0.35058637E+001  0.29844080E+002  0.74485492E+002  0.19065588E+003  0.35723232E+003
  0.00000000E+000  0.00000000E+000  0.00000000E+000  0.00000000E+000  0.89502750E-002  0.14324358E+000  0.35059591E+001  0.29844429E+002  0.74485727E+002  0.19065545E+003  0.35723102E+003
  0.00000000E+000  0.00000000E+000  0.00000000E+000  0.00000000E+000  0.89530169E-002  0.14324995E+000  0.35060474E+001  0.29844737E+002  0.74485952E+002  0.19065514E+003  0.35722999E+003
  0.00000000E+000  0.00000000E+000  0.00000000E+000  0.00000000E+000  0.89553937E-002  0.14325607E+000  0.35061297E+001  0.29845012E+002  0.74486167E+002  0.19065493E+003  0.35722919E+003
  0.00000000E+000  0.00000000E+000  0.00000000E+000  0.00000000E+000  0.89574807E-002  0.14326196E+000  0.35062069E+001  0.29845257E+002  0.74486373E+002  0.19065481E+003  0.35722856E+003
  0.00000000E+000  0.00000000E+000  0.00000000E+000  0.00000000E+000  0.89593362E-002  0.14326762E+000  0.35062796E+001  0.29845478E+002  0.74486573E+002  0.19065475E+003  0.35722809E+003
  0.00000000E+000  0.00000000E+000  0.00000000E+000  0.00000000E+000  0.89610041E-002  0.14327307E+000  0.35063486E+001  0.29845679E+002  0.74486766E+002  0.19065474E+003  0.35722776E+003
  0.00000000E+000  0.00000000E+000  0.00000000E+000  0.00000000E+000  0.89625176E-002  0.14327834E+000  0.35064144E+001  0.29845862E+002  0.74486954E+002  0.19065478E+003  0.35722752E+003
  0.00000000E+000  0.00000000E+000  0.00000000E+000  0.00000000E+000  0.89639015E-002  0.14328343E+000  0.35064775E+001  0.29846031E+002  0.74487137E+002  0.19065487E+003  0.35722738E+003
  0.00000000E+000  0.00000000E+000  0.00000000E+000  0.00000000E+000  0.89651749E-002  0.14328835E+000  0.35065382E+001  0.29846188E+002  0.74487317E+002  0.19065498E+003  0.35722731E+003
  0.00000000E+000  0.00000000E+000  0.00000000E+000  0.00000000E+000  0.89663528E-002  0.14329312E+000  0.35065969E+001  0.29846334E+002  0.74487493E+002  0.19065512E+003  0.35722731E+003
  0.00000000E+000  0.00000000E+000  0.00000000E+000  0.00000000E+000  0.89674470E-002  0.14329774E+000  0.35066539E+001  0.29846472E+002  0.74487668E+002  0.19065528E+003  0.35722736E+003
  0.00000000E+000  0.00000000E+000  0.00000000E+000  0.00000000E+000  0.89684672E-002  0.14330222E+000  0.35067094E+001  0.29846602E+002  0.74487840E+002  0.19065547E+003  0.35722745E+003
  0.00000000E+000  0.00000000E+000  0.00000000E+000  0.00000000E+000  0.89694215E-002  0.14330656E+000  0.35067637E+001  0.29846726E+002  0.74488011E+002  0.19065567E+003  0.35722759E+003
  0.00000000E+000  0.00000000E+000  0.00000000E+000  0.00000000E+000  0.89703165E-002  0.14331077E+000  0.35068169E+001  0.29846845E+002  0.74488181E+002  0.19065588E+003  0.35722776E+003
  0.00000000E+000  0.00000000E+000  0.00000000E+000  0.00000000E+000  0.89711578E-002  0.14331486E+000  0.35068692E+001  0.29846960E+002  0.74488351E+002  0.19065611E+003  0.35722796E+003
  0.00000000E+000  0.00000000E+000  0.00000000E+000  0.00000000E+000  0.89719504E-002  0.14331883E+000  0.35069207E+001  0.29847072E+002  0.74488520E+002  0.19065635E+003  0.35722818E+003
  0.00000000E+000  0.00000000E+000  0.00000000E+000  0.00000000E+000  0.89726984E-002  0.14332268E+000  0.35069715E+001  0.29847181E+002  0.74488690E+002  0.19065660E+003  0.35722843E+003
  0.00000000E+000  0.00000000E+000  0.00000000E+000  0.00000000E+000  0.89734054E-002  0.14332642E+000  0.35070217E+001  0.29847288E+002  0.74488861E+002  0.19065685E+003  0.35722870E+003
  0.00000000E+000  0.00000000E+000  0.00000000E+000  0.00000000E+000  0.89740744E-002  0.14333004E+000  0.35070713E+001  0.29847395E+002  0.74489032E+002  0.19065712E+003  0.35722899E+003
  0.00000000E+000  0.00000000E+000  0.00000000E+000  0.00000000E+000  0.89747081E-002  0.14333356E+000  0.35071204E+001  0.29847500E+002  0.74489205E+002  0.19065740E+003  0.35722929E+003
  0.00000000E+000  0.00000000E+000  0.00000000E+000  0.00000000E+000  0.89753088E-002  0.14333697E+000  0.35071690E+001  0.29847604E+002  0.74489379E+002  0.19065768E+003  0.35722962E+003
  0.00000000E+000  0.00000000E+000  0.00000000E+000  0.00000000E+000  0.89758786E-002  0.14334029E+000  0.35072171E+001  0.29847709E+002  0.74489554E+002  0.19065797E+003  0.35722995E+003
  0.00000000E+000  0.00000000E+000  0.00000000E+000  0.00000000E+000  0.89764190E-002  0.14334351E+000  0.35072647E+001  0.29847814E+002  0.74489732E+002  0.19065827E+003  0.35723031E+003
  0.00000000E+000  0.00000000E+000  0.00000000E+000  0.00000000E+000  0.89769316E-002  0.14334664E+000  0.35073118E+001  0.29847920E+002  0.74489912E+002  0.19065857E+003  0.35723068E+003
  0.00000000E+000  0.00000000E+000  0.00000000E+000  0.00000000E+000  0.89774176E-002  0.14334969E+000  0.35073585E+001  0.29848026E+002  0.74490093E+002  0.19065889E+003  0.35723106E+003
  0.00000000E+000  0.00000000E+000  0.00000000E+000  0.00000000E+000  0.89778781E-002  0.14335267E+000  0.35074047E+001  0.29848134E+002  0.74490278E+002  0.19065921E+003  0.35723146E+003
  0.00000000E+000  0.00000000E+000  0.00000000E+000  0.00000000E+000  0.89783139E-002  0.14335559E+000  0.35074503E+001  0.29848243E+002  0.74490465E+002  0.19065954E+003  0.35723187E+003
  0.00000000E+000  0.00000000E+000  0.00000000E+000  0.00000000E+000  0.89787258E-002  0.14335845E+000  0.35074954E+001  0.29848353E+002  0.74490655E+002  0.19065988E+003  0.35723230E+003
  0.00000000E+000  0.00000000E+000  0.00000000E+000  0.00000000E+000  0.89791144E-002  0.14336126E+000  0.35075400E+001  0.29848466E+002  0.74490848E+002  0.19066022E+003  0.35723274E+003
  0.00000000E+000  0.00000000E+000  0.00000000E+000  0.00000000E+000  0.89794804E-002  0.14336403E+000  0.35075841E+001  0.29848581E+002  0.74491045E+002  0.19066058E+003  0.35723320E+003
  0.00000000E+000  0.00000000E+000  0.00000000E+000  0.00000000E+000  0.89798240E-002  0.14336678E+000  0.35076276E+001  0.29848698E+002  0.74491245E+002  0.19066095E+003  0.35723368E+003
  0.00000000E+000  0.00000000E+000  0.00000000E+000  0.00000000E+000  0.89801456E-002  0.14336949E+000  0.35076706E+001  0.29848817E+002  0.74491449E+002  0.19066132E+003  0.35723417E+003
  0.00000000E+000  0.00000000E+000  0.00000000E+000  0.00000000E+000  0.89804455E-002  0.14337219E+000  0.35077131E+001  0.29848939E+002  0.74491656E+002  0.19066171E+003  0.35723468E+003
  0.00000000E+000  0.00000000E+000  0.00000000E+000  0.00000000E+000  0.89807238E-002  0.14337488E+000  0.35077552E+001  0.29849063E+002  0.74491868E+002  0.19066210E+003  0.35723521E+003
  0.00000000E+000  0.00000000E+000  0.00000000E+000  0.00000000E+000  0.89809806E-002  0.14337756E+000  0.35077968E+001  0.29849191E+002  0.74492085E+002  0.19066251E+003  0.35723575E+003
  0.00000000E+000  0.00000000E+000  0.00000000E+000  0.00000000E+000  0.89812160E-002  0.14338024E+000  0.35078379E+001  0.29849321E+002  0.74492306E+002  0.19066293E+003  0.35723632E+003
  0.00000000E+000  0.00000000E+000  0.00000000E+000  0.00000000E+000  0.89814300E-002  0.14338291E+000  0.35078787E+001  0.29849454E+002  0.74492532E+002  0.19066337E+003  0.35723691E+003
  0.00000000E+000  0.00000000E+000  0.00000000E+000  0.00000000E+000  0.89816225E-002  0.14338559E+000  0.35079192E+001  0.29849591E+002  0.74492763E+002  0.19066381E+003  0.35723751E+003
  0.00000000E+000  0.00000000E+000  0.00000000E+000  0.00000000E+000  0.89817935E-002  0.14338826E+000  0.35079594E+001  0.29849731E+002  0.74493000E+002  0.19066427E+003  0.35723814E+003
  0.00000000E+000  0.00000000E+000  0.00000000E+000  0.00000000E+000  0.89819427E-002  0.14339093E+000  0.35079992E+001  0.29849875E+002  0.74493243E+002  0.19066475E+003  0.35723880E+003
  0.00000000E+000  0.00000000E+000  0.00000000E+000  0.00000000E+000  0.89820702E-002  0.14339360E+000  0.35080389E+001  0.29850022E+002  0.74493492E+002  0.19066524E+003  0.35723948E+003
  0.00000000E+000  0.00000000E+000  0.00000000E+000  0.00000000E+000  0.89821757E-002  0.14339626E+000  0.35080783E+001  0.29850173E+002  0.74493748E+002  0.19066574E+003  0.35724018E+003
  0.00000000E+000  0.00000000E+000  0.00000000E+000  0.00000000E+000  0.89822591E-002  0.14339891E+000  0.35081174E+001  0.29850327E+002  0.74494011E+002  0.19066626E+003  0.35724091E+003
  0.00000000E+000  0.00000000E+000  0.00000000E+000  0.00000000E+000  0.89823203E-002  0.14340155E+000  0.35081563E+001  0.29850486E+002  0.74494281E+002  0.19066680E+003  0.35724166E+003
  0.00000000E+000  0.00000000E+000  0.00000000E+000  0.00000000E+000  0.89823592E-002  0.14340417E+000  0.35081950E+001  0.29850648E+002  0.74494559E+002  0.19066736E+003  0.35724244E+003
  0.00000000E+000  0.00000000E+000  0.00000000E+000  0.00000000E+000  0.89823757E-002  0.14340678E+000  0.35082334E+001  0.29850813E+002  0.74494846E+002  0.19066793E+003  0.35724326E+003
  0.00000000E+000  0.00000000E+000  0.00000000E+000  0.00000000E+000  0.89823698E-002  0.14340937E+000  0.35082715E+001  0.29850983E+002  0.74495141E+002  0.19066852E+003  0.35724410E+003
  0.00000000E+000  0.00000000E+000  0.00000000E+000  0.00000000E+000  0.89823414E-002  0.14341195E+000  0.35083093E+001  0.29851156E+002  0.74495446E+002  0.19066913E+003  0.35724497E+003
  0.00000000E+000  0.00000000E+000  0.00000000E+000  0.00000000E+000  0.89822907E-002  0.14341451E+000  0.35083469E+001  0.29851333E+002  0.74495760E+002  0.19066976E+003  0.35724587E+003
  0.00000000E+000  0.00000000E+000  0.00000000E+000  0.00000000E+000  0.89822177E-002  0.14341706E+000  0.35083842E+001  0.29851514E+002  0.74496084E+002  0.19067041E+003  0.35724681E+003
  0.00000000E+000  0.00000000E+000  0.00000000E+000  0.00000000E+000  0.89821228E-002  0.14341960E+000  0.35084212E+001  0.29851698E+002  0.74496418E+002  0.19067109E+003  0.35724778E+003
  0.00000000E+000  0.00000000E+000  0.00000000E+000  0.00000000E+000  0.89820061E-002  0.14342214E+000  0.35084579E+001  0.29851886E+002  0.74496763E+002  0.19067178E+003  0.35724878E+003
  0.00000000E+000  0.00000000E+000  0.00000000E+000  0.00000000E+000  0.89818680E-002  0.14342469E+000  0.35084944E+001  0.29852077E+002  0.74497119E+002  0.19067250E+003  0.35724982E+003
  0.00000000E+000  0.00000000E+000  0.00000000E+000  0.00000000E+000  0.89817090E-002  0.14342725E+000  0.35085306E+001  0.29852271E+002  0.74497487E+002  0.19067324E+003  0.35725090E+003
  0.00000000E+000  0.00000000E+000  0.00000000E+000  0.00000000E+000  0.89815296E-002  0.14342983E+000  0.35085667E+001  0.29852468E+002  0.74497866E+002  0.19067400E+003  0.35725202E+003
  0.00000000E+000  0.00000000E+000  0.00000000E+000  0.00000000E+000  0.89813304E-002  0.14343245E+000  0.35086025E+001  0.29852668E+002  0.74498256E+002  0.19067479E+003  0.35725317E+003
  0.00000000E+000  0.00000000E+000  0.00000000E+000  0.00000000E+000  0.89811120E-002  0.14343512E+000  0.35086382E+001  0.29852871E+002  0.74498659E+002  0.19067560E+003  0.35725437E+003
  0.00000000E+000  0.00000000E+000  0.00000000E+000  0.00000000E+000  0.89808754E-002  0.14343784E+000  0.35086736E+001  0.29853077E+002  0.74499073E+002  0.19067644E+003  0.35725560E+003
  0.00000000E+000  0.00000000E+000  0.00000000E+000  0.00000000E+000  0.89806212E-002  0.14344064E+000  0.35087090E+001  0.29853284E+002  0.74499499E+002  0.19067730E+003  0.35725688E+003
  0.00000000E+000  0.00000000E+000  0.00000000E+000  0.00000000E+000  0.89803506E-002  0.14344351E+000  0.35087441E+001  0.29853494E+002  0.74499938E+002  0.19067820E+003  0.35725820E+003
  0.00000000E+000  0.00000000E+000  0.00000000E+000  0.00000000E+000  0.89800645E-002  0.14344646E+000  0.35087791E+001  0.29853706E+002  0.74500387E+002  0.19067912E+003  0.35725957E+003
  0.00000000E+000  0.00000000E+000  0.00000000E+000  0.00000000E+000  0.89797641E-002  0.14344952E+000  0.35088139E+001  0.29853919E+002  0.74500848E+002  0.19068006E+003  0.35726098E+003
  0.00000000E+000  0.00000000E+000  0.00000000E+000  0.00000000E+000  0.89794505E-002  0.14345267E+000  0.35088485E+001  0.29854134E+002  0.74501319E+002  0.19068104E+003  0.35726244E+003
  0.00000000E+000  0.00000000E+000  0.00000000E+000  0.00000000E+000  0.89791250E-002  0.14345594E+000  0.35088829E+001  0.29854349E+002  0.74501801E+002  0.19068205E+003  0.35726395E+003
  0.00000000E+000  0.00000000E+000  0.00000000E+000  0.00000000E+000  0.89787890E-002  0.14345932E+000  0.35089170E+001  0.29854565E+002  0.74502293E+002  0.19068308E+003  0.35726551E+003
  0.00000000E+000  0.00000000E+000  0.00000000E+000  0.00000000E+000  0.89784438E-002  0.14346281E+000  0.35089510E+001  0.29854782E+002  0.74502794E+002  0.19068415E+003  0.35726712E+003
  0.00000000E+000  0.00000000E+000  0.00000000E+000  0.00000000E+000  0.89780909E-002  0.14346642E+000  0.35089847E+001  0.29854999E+002  0.74503303E+002  0.19068525E+003  0.35726878E+003
  0.00000000E+000  0.00000000E+000  0.00000000E+000  0.00000000E+000  0.89777316E-002  0.14347014E+000  0.35090182E+001  0.29855215E+002  0.74503819E+002  0.19068638E+003  0.35727049E+003
  0.00000000E+000  0.00000000E+000  0.00000000E+000  0.00000000E+000  0.89773676E-002  0.14347398E+000  0.35090515E+001  0.29855431E+002  0.74504342E+002  0.19068754E+003  0.35727226E+003
  0.00000000E+000  0.00000000E+000  0.00000000E+000  0.00000000E+000  0.89770002E-002  0.14347792E+000  0.35090846E+001  0.29855645E+002  0.74504872E+002  0.19068873E+003  0.35727409E+003
  0.00000000E+000  0.00000000E+000  0.00000000E+000  0.00000000E+000  0.89766309E-002  0.14348196E+000  0.35091175E+001  0.29855858E+002  0.74505405E+002  0.19068996E+003  0.35727597E+003
  0.00000000E+000  0.00000000E+000  0.00000000E+000  0.00000000E+000  0.89762613E-002  0.14348608E+000  0.35091504E+001  0.29856068E+002  0.74505943E+002  0.19069122E+003  0.35727791E+003
  0.00000000E+000  0.00000000E+000  0.00000000E+000  0.00000000E+000  0.89758926E-002  0.14349029E+000  0.35091832E+001  0.29856277E+002  0.74506484E+002  0.19069251E+003  0.35727991E+003
  0.00000000E+000  0.00000000E+000  0.00000000E+000  0.00000000E+000  0.89755264E-002  0.14349456E+000  0.35092160E+001  0.29856482E+002  0.74507027E+002  0.19069384E+003  0.35728197E+003
  0.00000000E+000  0.00000000E+000  0.00000000E+000  0.00000000E+000  0.89751638E-002  0.14349889E+000  0.35092489E+001  0.29856685E+002  0.74507571E+002  0.19069519E+003  0.35728409E+003
  0.00000000E+000  0.00000000E+000  0.00000000E+000  0.00000000E+000  0.89748061E-002  0.14350325E+000  0.35092819E+001  0.29856884E+002  0.74508115E+002  0.19069658E+003  0.35728628E+003
  0.00000000E+000  0.00000000E+000  0.00000000E+000  0.00000000E+000  0.89744546E-002  0.14350764E+000  0.35093151E+001  0.29857079E+002  0.74508659E+002  0.19069800E+003  0.35728853E+003
  0.00000000E+000  0.00000000E+000  0.00000000E+000  0.00000000E+000  0.89741101E-002  0.14351203E+000  0.35093486E+001  0.29857271E+002  0.74509202E+002  0.19069945E+003  0.35729085E+003
  0.00000000E+000  0.00000000E+000  0.00000000E+000  0.00000000E+000  0.89737737E-002  0.14351640E+000  0.35093824E+001  0.29857458E+002  0.74509743E+002  0.19070094E+003  0.35729324E+003
  0.00000000E+000  0.00000000E+000  0.00000000E+000  0.00000000E+000  0.89734463E-002  0.14352075E+000  0.35094166E+001  0.29857642E+002  0.74510282E+002  0.19070245E+003  0.35729569E+003
  0.00000000E+000  0.00000000E+000  0.00000000E+000  0.00000000E+000  0.89731285E-002  0.14352504E+000  0.35094512E+001  0.29857820E+002  0.74510818E+002  0.19070399E+003  0.35729821E+003
  0.00000000E+000  0.00000000E+000  0.00000000E+000  0.00000000E+000  0.89728210E-002  0.14352926E+000  0.35094863E+001  0.29857995E+002  0.74511350E+002  0.19070556E+003  0.35730081E+003
  0.00000000E+000  0.00000000E+000  0.00000000E+000  0.00000000E+000  0.89725244E-002  0.14353340E+000  0.35095220E+001  0.29858165E+002  0.74511879E+002  0.19070716E+003  0.35730347E+003
  0.00000000E+000  0.00000000E+000  0.00000000E+000  0.00000000E+000  0.89722391E-002  0.14353744E+000  0.35095583E+001  0.29858331E+002  0.74512404E+002  0.19070879E+003  0.35730621E+003
  0.00000000E+000  0.00000000E+000  0.00000000E+000  0.00000000E+000  0.89719654E-002  0.14354135E+000  0.35095952E+001  0.29858493E+002  0.74512925E+002  0.19071044E+003  0.35730901E+003
  0.00000000E+000  0.00000000E+000  0.00000000E+000  0.00000000E+000  0.89717036E-002  0.14354513E+000  0.35096328E+001  0.29858651E+002  0.74513441E+002  0.19071212E+003  0.35731190E+003
  0.00000000E+000  0.00000000E+000  0.00000000E+000  0.00000000E+000  0.89714537E-002  0.14354876E+000  0.35096710E+001  0.29858805E+002  0.74513953E+002  0.19071383E+003  0.35731485E+003
  0.00000000E+000  0.00000000E+000  0.00000000E+000  0.00000000E+000  0.89712158E-002  0.14355223E+000  0.35097100E+001  0.29858955E+002  0.74514461E+002  0.19071556E+003  0.35731788E+003
  0.00000000E+000  0.00000000E+000  0.00000000E+000  0.00000000E+000  0.89709900E-002  0.14355553E+000  0.35097496E+001  0.29859102E+002  0.74514964E+002  0.19071731E+003  0.35732099E+003
  0.00000000E+000  0.00000000E+000  0.00000000E+000  0.00000000E+000  0.89707761E-002  0.14355865E+000  0.35097900E+001  0.29859245E+002  0.74515462E+002  0.19071908E+003  0.35732417E+003
  0.00000000E+000  0.00000000E+000  0.00000000E+000  0.00000000E+000  0.89705739E-002  0.14356158E+000  0.35098311E+001  0.29859385E+002  0.74515955E+002  0.19072087E+003  0.35732742E+003
  0.00000000E+000  0.00000000E+000  0.00000000E+000  0.00000000E+000  0.89703833E-002  0.14356432E+000  0.35098730E+001  0.29859522E+002  0.74516443E+002  0.19072269E+003  0.35733075E+003
  0.00000000E+000  0.00000000E+000  0.00000000E+000  0.00000000E+000  0.89702039E-002  0.14356687E+000  0.35099156E+001  0.29859657E+002  0.74516927E+002  0.19072452E+003  0.35733415E+003
  0.00000000E+000  0.00000000E+000  0.00000000E+000  0.00000000E+000  0.89700356E-002  0.14356921E+000  0.35099589E+001  0.29859789E+002  0.74517405E+002  0.19072637E+003  0.35733763E+003
  0.00000000E+000  0.00000000E+000  0.00000000E+000  0.00000000E+000  0.89698779E-002  0.14357137E+000  0.35100029E+001  0.29859919E+002  0.74517879E+002  0.19072823E+003  0.35734118E+003
  0.00000000E+000  0.00000000E+000  0.00000000E+000  0.00000000E+000  0.89697304E-002  0.14357333E+000  0.35100477E+001  0.29860047E+002  0.74518348E+002  0.19073011E+003  0.35734480E+003
  0.00000000E+000  0.00000000E+000  0.00000000E+000  0.00000000E+000  0.89695930E-002  0.14357510E+000  0.35100931E+001  0.29860173E+002  0.74518811E+002  0.19073200E+003  0.35734850E+003
  0.00000000E+000  0.00000000E+000  0.00000000E+000  0.00000000E+000  0.89694650E-002  0.14357668E+000  0.35101392E+001  0.29860298E+002  0.74519270E+002  0.19073391E+003  0.35735227E+003
  0.00000000E+000  0.00000000E+000  0.00000000E+000  0.00000000E+000  0.89693461E-002  0.14357810E+000  0.35101859E+001  0.29860421E+002  0.74519723E+002  0.19073583E+003  0.35735611E+003
  0.00000000E+000  0.00000000E+000  0.00000000E+000  0.00000000E+000  0.89692360E-002  0.14357934E+000  0.35102333E+001  0.29860543E+002  0.74520172E+002  0.19073775E+003  0.35736001E+003
  0.00000000E+000  0.00000000E+000  0.00000000E+000  0.00000000E+000  0.89691341E-002  0.14358043E+000  0.35102812E+001  0.29860663E+002  0.74520614E+002  0.19073969E+003  0.35736399E+003
  0.00000000E+000  0.00000000E+000  0.00000000E+000  0.00000000E+000  0.89690401E-002  0.14358136E+000  0.35103296E+001  0.29860783E+002  0.74521052E+002  0.19074163E+003  0.35736803E+003
  0.00000000E+000  0.00000000E+000  0.00000000E+000  0.00000000E+000  0.89689535E-002  0.14358216E+000  0.35103784E+001  0.29860902E+002  0.74521484E+002  0.19074357E+003  0.35737213E+003
  0.00000000E+000  0.00000000E+000  0.00000000E+000  0.00000000E+000  0.89688740E-002  0.14358282E+000  0.35104277E+001  0.29861020E+002  0.74521911E+002  0.19074553E+003  0.35737630E+003
  0.00000000E+000  0.00000000E+000  0.00000000E+000  0.00000000E+000  0.89688011E-002  0.14358337E+000  0.35104773E+001  0.29861138E+002  0.74522332E+002  0.19074748E+003  0.35738053E+003
  0.00000000E+000  0.00000000E+000  0.00000000E+000  0.00000000E+000  0.89687344E-002  0.14358382E+000  0.35105271E+001  0.29861255E+002  0.74522748E+002  0.19074943E+003  0.35738481E+003
  0.00000000E+000  0.00000000E+000  0.00000000E+000  0.00000000E+000  0.89686736E-002  0.14358416E+000  0.35105771E+001  0.29861372E+002  0.74523158E+002  0.19075139E+003  0.35738915E+003
  0.00000000E+000  0.00000000E+000  0.00000000E+000  0.00000000E+000  0.89686183E-002  0.14358442E+000  0.35106273E+001  0.29861489E+002  0.74523563E+002  0.19075334E+003  0.35739354E+003
  0.00000000E+000  0.00000000E+000  0.00000000E+000  0.00000000E+000  0.89685680E-002  0.14358460E+000  0.35106774E+001  0.29861606E+002  0.74523962E+002  0.19075529E+003  0.35739799E+003
  0.00000000E+000  0.00000000E+000  0.00000000E+000  0.00000000E+000  0.89685225E-002  0.14358472E+000  0.35107274E+001  0.29861723E+002  0.74524356E+002  0.19075723E+003  0.35740248E+003
  0.00000000E+000  0.00000000E+000  0.00000000E+000  0.00000000E+000  0.89684813E-002  0.14358478E+000  0.35107773E+001  0.29861840E+002  0.74524744E+002  0.19075917E+003  0.35740701E+003
  0.00000000E+000  0.00000000E+000  0.00000000E+000  0.00000000E+000  0.89684441E-002  0.14358479E+000  0.35108268E+001  0.29861957E+002  0.74525126E+002  0.19076110E+003  0.35741159E+003
  0.00000000E+000  0.00000000E+000  0.00000000E+000  0.00000000E+000  0.89684106E-002  0.14358475E+000  0.35108760E+001  0.29862075E+002  0.74525503E+002  0.19076303E+003  0.35741620E+003
  0.00000000E+000  0.00000000E+000  0.00000000E+000  0.00000000E+000  0.89683804E-002  0.14358469E+000  0.35109247E+001  0.29862194E+002  0.74525875E+002  0.19076494E+003  0.35742085E+003
  0.00000000E+000  0.00000000E+000  0.00000000E+000  0.00000000E+000  0.89683533E-002  0.14358459E+000  0.35109728E+001  0.29862312E+002  0.74526241E+002  0.19076684E+003  0.35742552E+003
  0.00000000E+000  0.00000000E+000  0.00000000E+000  0.00000000E+000  0.89683288E-002  0.14358447E+000  0.35110202E+001  0.29862432E+002  0.74526602E+002  0.19076872E+003  0.35743023E+003
  0.00000000E+000  0.00000000E+000  0.00000000E+000  0.00000000E+000  0.89683068E-002  0.14358434E+000  0.35110668E+001  0.29862551E+002  0.74526957E+002  0.19077060E+003  0.35743496E+003
  0.00000000E+000  0.00000000E+000  0.00000000E+000  0.00000000E+000  0.89682868E-002  0.14358420E+000  0.35111125E+001  0.29862672E+002  0.74527308E+002  0.19077246E+003  0.35743970E+003
  0.00000000E+000  0.00000000E+000  0.00000000E+000  0.00000000E+000  0.89682686E-002  0.14358404E+000  0.35111573E+001  0.29862793E+002  0.74527653E+002  0.19077430E+003  0.35744447E+003
  0.00000000E+000  0.00000000E+000  0.00000000E+000  0.00000000E+000  0.89682520E-002  0.14358388E+000  0.35112010E+001  0.29862915E+002  0.74527993E+002  0.19077612E+003  0.35744924E+003
  0.00000000E+000  0.00000000E+000  0.00000000E+000  0.00000000E+000  0.89682365E-002  0.14358372E+000  0.35112436E+001  0.29863037E+002  0.74528329E+002  0.19077793E+003  0.35745403E+003
  0.00000000E+000  0.00000000E+000  0.00000000E+000  0.00000000E+000  0.89682220E-002  0.14358356E+000  0.35112849E+001  0.29863160E+002  0.74528660E+002  0.19077971E+003  0.35745881E+003
  0.00000000E+000  0.00000000E+000  0.00000000E+000  0.00000000E+000  0.89682082E-002  0.14358340E+000  0.35113250E+001  0.29863284E+002  0.74528986E+002  0.19078148E+003  0.35746360E+003
  0.00000000E+000  0.00000000E+000  0.00000000E+000  0.00000000E+000  0.89681948E-002  0.14358325E+000  0.35113638E+001  0.29863408E+002  0.74529307E+002  0.19078322E+003  0.35746839E+003
  0.00000000E+000  0.00000000E+000  0.00000000E+000  0.00000000E+000  0.89681815E-002  0.14358310E+000  0.35114012E+001  0.29863533E+002  0.74529624E+002  0.19078494E+003  0.35747316E+003
  0.00000000E+000  0.00000000E+000  0.00000000E+000  0.00000000E+000  0.89681681E-002  0.14358295E+000  0.35114372E+001  0.29863658E+002  0.74529937E+002  0.19078664E+003  0.35747793E+003
  0.00000000E+000  0.00000000E+000  0.00000000E+000  0.00000000E+000  0.89681544E-002  0.14358281E+000  0.35114718E+001  0.29863783E+002  0.74530246E+002  0.19078832E+003  0.35748268E+003
  0.00000000E+000  0.00000000E+000  0.00000000E+000  0.00000000E+000  0.89681399E-002  0.14358268E+000  0.35115049E+001  0.29863909E+002  0.74530550E+002  0.19078997E+003  0.35748740E+003
  0.00000000E+000  0.00000000E+000  0.00000000E+000  0.00000000E+000  0.89681246E-002  0.14358255E+000  0.35115365E+001  0.29864035E+002  0.74530851E+002  0.19079160E+003  0.35749211E+003
  0.00000000E+000  0.00000000E+000  0.00000000E+000  0.00000000E+000  0.89681081E-002  0.14358242E+000  0.35115667E+001  0.29864161E+002  0.74531148E+002  0.19079320E+003  0.35749679E+003
  0.00000000E+000  0.00000000E+000  0.00000000E+000  0.00000000E+000  0.89680901E-002  0.14358230E+000  0.35115954E+001  0.29864287E+002  0.74531440E+002  0.19079477E+003  0.35750144E+003
  0.00000000E+000  0.00000000E+000  0.00000000E+000  0.00000000E+000  0.89680705E-002  0.14358219E+000  0.35116226E+001  0.29864412E+002  0.74531730E+002  0.19079632E+003  0.35750606E+003
  0.00000000E+000  0.00000000E+000  0.00000000E+000  0.00000000E+000  0.89680488E-002  0.14358207E+000  0.35116483E+001  0.29864538E+002  0.74532015E+002  0.19079784E+003  0.35751064E+003
  0.00000000E+000  0.00000000E+000  0.00000000E+000  0.00000000E+000  0.89680248E-002  0.14358196E+000  0.35116726E+001  0.29864663E+002  0.74532298E+002  0.19079934E+003  0.35751518E+003
  0.00000000E+000  0.00000000E+000  0.00000000E+000  0.00000000E+000  0.89679983E-002  0.14358184E+000  0.35116955E+001  0.29864787E+002  0.74532576E+002  0.19080081E+003  0.35751967E+003
  0.00000000E+000  0.00000000E+000  0.00000000E+000  0.00000000E+000  0.89679688E-002  0.14358173E+000  0.35117171E+001  0.29864910E+002  0.74532852E+002  0.19080225E+003  0.35752412E+003
  0.00000000E+000  0.00000000E+000  0.00000000E+000  0.00000000E+000  0.89679362E-002  0.14358161E+000  0.35117373E+001  0.29865033E+002  0.74533124E+002  0.19080367E+003  0.35752852E+003
  0.00000000E+000  0.00000000E+000  0.00000000E+000  0.00000000E+000  0.89678999E-002  0.14358148E+000  0.35117561E+001  0.29865154E+002  0.74533393E+002  0.19080506E+003  0.35753287E+003
  0.00000000E+000  0.00000000E+000  0.00000000E+000  0.00000000E+000  0.89678598E-002  0.14358135E+000  0.35117738E+001  0.29865274E+002  0.74533658E+002  0.19080642E+003  0.35753717E+003
  0.00000000E+000  0.00000000E+000  0.00000000E+000  0.00000000E+000  0.89678153E-002  0.14358122E+000  0.35117902E+001  0.29865393E+002  0.74533920E+002  0.19080775E+003  0.35754141E+003
  0.00000000E+000  0.00000000E+000  0.00000000E+000  0.00000000E+000  0.89677661E-002  0.14358107E+000  0.35118054E+001  0.29865510E+002  0.74534179E+002  0.19080906E+003  0.35754559E+003
  0.00000000E+000  0.00000000E+000  0.00000000E+000  0.00000000E+000  0.89677117E-002  0.14358091E+000  0.35118194E+001  0.29865625E+002  0.74534435E+002  0.19081034E+003  0.35754971E+003
  0.00000000E+000  0.00000000E+000  0.00000000E+000  0.00000000E+000  0.89676517E-002  0.14358073E+000  0.35118324E+001  0.29865739E+002  0.74534687E+002  0.19081160E+003  0.35755377E+003
  0.00000000E+000  0.00000000E+000  0.00000000E+000  0.00000000E+000  0.89675856E-002  0.14358054E+000  0.35118444E+001  0.29865850E+002  0.74534937E+002  0.19081283E+003  0.35755776E+003
  0.00000000E+000  0.00000000E+000  0.00000000E+000  0.00000000E+000  0.89675127E-002  0.14358033E+000  0.35118553E+001  0.29865959E+002  0.74535182E+002  0.19081403E+003  0.35756169E+003
  0.00000000E+000  0.00000000E+000  0.00000000E+000  0.00000000E+000  0.89674326E-002  0.14358009E+000  0.35118653E+001  0.29866066E+002  0.74535425E+002  0.19081521E+003  0.35756555E+003
  0.00000000E+000  0.00000000E+000  0.00000000E+000  0.00000000E+000  0.89673445E-002  0.14357984E+000  0.35118743E+001  0.29866171E+002  0.74535664E+002  0.19081636E+003  0.35756935E+003
  0.00000000E+000  0.00000000E+000  0.00000000E+000  0.00000000E+000  0.89672478E-002  0.14357955E+000  0.35118825E+001  0.29866272E+002  0.74535899E+002  0.19081749E+003  0.35757308E+003
  0.00000000E+000  0.00000000E+000  0.00000000E+000  0.00000000E+000  0.89671418E-002  0.14357923E+000  0.35118897E+001  0.29866372E+002  0.74536131E+002  0.19081859E+003  0.35757673E+003
  0.00000000E+000  0.00000000E+000  0.00000000E+000  0.00000000E+000  0.89670257E-002  0.14357888E+000  0.35118962E+001  0.29866468E+002  0.74536359E+002  0.19081967E+003  0.35758032E+003
  0.00000000E+000  0.00000000E+000  0.00000000E+000  0.00000000E+000  0.89668985E-002  0.14357849E+000  0.35119019E+001  0.29866562E+002  0.74536583E+002  0.19082073E+003  0.35758384E+003
  0.00000000E+000  0.00000000E+000  0.00000000E+000  0.00000000E+000  0.89667595E-002  0.14357806E+000  0.35119067E+001  0.29866652E+002  0.74536803E+002  0.19082176E+003  0.35758729E+003
  0.00000000E+000  0.00000000E+000  0.00000000E+000  0.00000000E+000  0.89666076E-002  0.14357758E+000  0.35119108E+001  0.29866740E+002  0.74537020E+002  0.19082277E+003  0.35759067E+003
  0.00000000E+000  0.00000000E+000  0.00000000E+000  0.00000000E+000  0.89664417E-002  0.14357705E+000  0.35119142E+001  0.29866824E+002  0.74537232E+002  0.19082376E+003  0.35759397E+003
  0.00000000E+000  0.00000000E+000  0.00000000E+000  0.00000000E+000  0.89662607E-002  0.14357646E+000  0.35119168E+001  0.29866905E+002  0.74537440E+002  0.19082472E+003  0.35759721E+003
  0.00000000E+000  0.00000000E+000  0.00000000E+000  0.00000000E+000  0.89660635E-002  0.14357581E+000  0.35119187E+001  0.29866983E+002  0.74537644E+002  0.19082566E+003  0.35760037E+003
  0.00000000E+000  0.00000000E+000  0.00000000E+000  0.00000000E+000  0.89658488E-002  0.14357509E+000  0.35119198E+001  0.29867058E+002  0.74537843E+002  0.19082658E+003  0.35760347E+003
  0.00000000E+000  0.00000000E+000  0.00000000E+000  0.00000000E+000  0.89656152E-002  0.14357429E+000  0.35119201E+001  0.29867129E+002  0.74538037E+002  0.19082748E+003  0.35760649E+003
  0.00000000E+000  0.00000000E+000  0.00000000E+000  0.00000000E+000  0.89653613E-002  0.14357340E+000  0.35119197E+001  0.29867197E+002  0.74538227E+002  0.19082836E+003  0.35760944E+003
  0.00000000E+000  0.00000000E+000  0.00000000E+000  0.00000000E+000  0.89650856E-002  0.14357242E+000  0.35119184E+001  0.29867261E+002  0.74538412E+002  0.19082922E+003  0.35761233E+003
  0.00000000E+000  0.00000000E+000  0.00000000E+000  0.00000000E+000  0.89647867E-002  0.14357134E+000  0.35119163E+001  0.29867322E+002  0.74538592E+002  0.19083006E+003  0.35761515E+003
  0.00000000E+000  0.00000000E+000  0.00000000E+000  0.00000000E+000  0.89644628E-002  0.14357015E+000  0.35119132E+001  0.29867379E+002  0.74538767E+002  0.19083087E+003  0.35761790E+003
  0.00000000E+000  0.00000000E+000  0.00000000E+000  0.00000000E+000  0.89641122E-002  0.14356883E+000  0.35119093E+001  0.29867433E+002  0.74538936E+002  0.19083167E+003  0.35762058E+003
  0.00000000E+000  0.00000000E+000  0.00000000E+000  0.00000000E+000  0.89637334E-002  0.14356738E+000  0.35119042E+001  0.29867483E+002  0.74539100E+002  0.19083244E+003  0.35762320E+003
  0.00000000E+000  0.00000000E+000  0.00000000E+000  0.00000000E+000  0.89633244E-002  0.14356577E+000  0.35118981E+001  0.29867529E+002  0.74539258E+002  0.19083320E+003  0.35762575E+003
  0.00000000E+000  0.00000000E+000  0.00000000E+000  0.00000000E+000  0.89628835E-002  0.14356401E+000  0.35118908E+001  0.29867571E+002  0.74539410E+002  0.19083394E+003  0.35762823E+003
  0.00000000E+000  0.00000000E+000  0.00000000E+000  0.00000000E+000  0.89624089E-002  0.14356207E+000  0.35118821E+001  0.29867610E+002  0.74539555E+002  0.19083465E+003  0.35763065E+003
  0.00000000E+000  0.00000000E+000  0.00000000E+000  0.00000000E+000  0.89618987E-002  0.14355994E+000  0.35118719E+001  0.29867644E+002  0.74539695E+002  0.19083535E+003  0.35763301E+003
  0.00000000E+000  0.00000000E+000  0.00000000E+000  0.00000000E+000  0.89613511E-002  0.14355760E+000  0.35118602E+001  0.29867673E+002  0.74539827E+002  0.19083602E+003  0.35763531E+003
  0.00000000E+000  0.00000000E+000  0.00000000E+000  0.00000000E+000  0.89607643E-002  0.14355504E+000  0.35118466E+001  0.29867699E+002  0.74539952E+002  0.19083668E+003  0.35763754E+003
  0.00000000E+000  0.00000000E+000  0.00000000E+000  0.00000000E+000  0.89601365E-002  0.14355223E+000  0.35118311E+001  0.29867719E+002  0.74540070E+002  0.19083731E+003  0.35763971E+003
  0.00000000E+000  0.00000000E+000  0.00000000E+000  0.00000000E+000  0.89594661E-002  0.14354916E+000  0.35118134E+001  0.29867734E+002  0.74540180E+002  0.19083792E+003  0.35764182E+003
  0.00000000E+000  0.00000000E+000  0.00000000E+000  0.00000000E+000  0.89587515E-002  0.14354581E+000  0.35117933E+001  0.29867745E+002  0.74540281E+002  0.19083852E+003  0.35764387E+003
  0.00000000E+000  0.00000000E+000  0.00000000E+000  0.00000000E+000  0.89579910E-002  0.14354215E+000  0.35117704E+001  0.29867749E+002  0.74540374E+002  0.19083908E+003  0.35764586E+003
  0.00000000E+000  0.00000000E+000  0.00000000E+000  0.00000000E+000  0.89571833E-002  0.14353817E+000  0.35117445E+001  0.29867747E+002  0.74540457E+002  0.19083963E+003  0.35764779E+003
  0.00000000E+000  0.00000000E+000  0.00000000E+000  0.00000000E+000  0.89563272E-002  0.14353385E+000  0.35117153E+001  0.29867738E+002  0.74540529E+002  0.19084015E+003  0.35764966E+003
  0.00000000E+000  0.00000000E+000  0.00000000E+000  0.00000000E+000  0.89554214E-002  0.14352916E+000  0.35116824E+001  0.29867722E+002  0.74540590E+002  0.19084065E+003  0.35765146E+003
  0.00000000E+000  0.00000000E+000  0.00000000E+000  0.00000000E+000  0.89544651E-002  0.14352409E+000  0.35116455E+001  0.29867697E+002  0.74540639E+002  0.19084112E+003  0.35765321E+003
  0.00000000E+000  0.00000000E+000  0.00000000E+000  0.00000000E+000  0.89534574E-002  0.14351860E+000  0.35116040E+001  0.29867663E+002  0.74540674E+002  0.19084156E+003  0.35765489E+003
  0.00000000E+000  0.00000000E+000  0.00000000E+000  0.00000000E+000  0.89523978E-002  0.14351269E+000  0.35115575E+001  0.29867619E+002  0.74540694E+002  0.19084197E+003  0.35765651E+003
  0.00000000E+000  0.00000000E+000  0.00000000E+000  0.00000000E+000  0.89512857E-002  0.14350634E+000  0.35115056E+001  0.29867564E+002  0.74540698E+002  0.19084234E+003  0.35765806E+003
  0.00000000E+000  0.00000000E+000  0.00000000E+000  0.00000000E+000  0.89501209E-002  0.14349952E+000  0.35114478E+001  0.29867496E+002  0.74540684E+002  0.19084268E+003  0.35765954E+003
  0.00000000E+000  0.00000000E+000  0.00000000E+000  0.00000000E+000  0.89489030E-002  0.14349222E+000  0.35113834E+001  0.29867414E+002  0.74540649E+002  0.19084299E+003  0.35766096E+003
  0.00000000E+000  0.00000000E+000  0.00000000E+000  0.00000000E+000  0.89476323E-002  0.14348443E+000  0.35113121E+001  0.29867316E+002  0.74540591E+002  0.19084325E+003  0.35766230E+003
  0.00000000E+000  0.00000000E+000  0.00000000E+000  0.00000000E+000  0.89463082E-002  0.14347614E+000  0.35112333E+001  0.29867199E+002  0.74540506E+002  0.19084346E+003  0.35766357E+003
  0.00000000E+000  0.00000000E+000  0.00000000E+000  0.00000000E+000  0.89449318E-002  0.14346734E+000  0.35111464E+001  0.29867062E+002  0.74540393E+002  0.19084362E+003  0.35766475E+003
  0.00000000E+000  0.00000000E+000  0.00000000E+000  0.00000000E+000  0.89435010E-002  0.14345803E+000  0.35110509E+001  0.29866902E+002  0.74540246E+002  0.19084372E+003  0.35766584E+003
  0.00000000E+000  0.00000000E+000  0.00000000E+000  0.00000000E+000  0.89420205E-002  0.14344820E+000  0.35109463E+001  0.29866716E+002  0.74540062E+002  0.19084376E+003  0.35766684E+003
  0.00000000E+000  0.00000000E+000  0.00000000E+000  0.00000000E+000  0.89404825E-002  0.14343786E+000  0.35108320E+001  0.29866500E+002  0.74539834E+002  0.19084372E+003  0.35766773E+003
  0.00000000E+000  0.00000000E+000  0.00000000E+000  0.00000000E+000  0.89389043E-002  0.14342705E+000  0.35107079E+001  0.29866253E+002  0.74539559E+002  0.19084360E+003  0.35766851E+003
  0.00000000E+000  0.00000000E+000  0.00000000E+000  0.00000000E+000  0.89372549E-002  0.14341572E+000  0.35105731E+001  0.29865967E+002  0.74539225E+002  0.19084338E+003  0.35766915E+003
  0.00000000E+000  0.00000000E+000  0.00000000E+000  0.00000000E+000  0.89355950E-002  0.14340403E+000  0.35104281E+001  0.29865644E+002  0.74538835E+002  0.19084306E+003  0.35766967E+003
  0.00000000E+000  0.00000000E+000  0.00000000E+000  0.00000000E+000  0.89338127E-002  0.14339176E+000  0.35102699E+001  0.29865266E+002  0.74538360E+002  0.19084261E+003  0.35767001E+003
  0.00000000E+000  0.00000000E+000  0.00000000E+000  0.00000000E+000  0.89322034E-002  0.14337960E+000  0.35101055E+001  0.29864858E+002  0.74537833E+002  0.19084206E+003  0.35767022E+003
