  0.13893296E+000
  0.14636618E+000
  0.15190891E+000
  0.15613286E+000
  0.15943364E+000
  0.16205721E+000
  0.16417205E+000
  0.16589238E+000
  0.16730176E+000
  0.16845965E+000
  0.16941577E+000
  0.17020753E+000
  0.17086448E+000
  0.17141077E+000
  0.17186516E+000
  0.17224360E+000
  0.17255917E+000
  0.17282252E+000
  0.17304212E+000
  0.17322527E+000
  0.17337734E+000
  0.17350356E+000
  0.17360803E+000
  0.17369417E+000
  0.17376494E+000
  0.17382277E+000
  0.17386983E+000
  0.17390789E+000
  0.17393855E+000
  0.17396314E+000
  0.17398251E+000
  0.17399800E+000
  0.17401009E+000
  0.17401941E+000
  0.17402649E+000
  0.17403175E+000
  0.17403553E+000
  0.17403812E+000
  0.17403979E+000
  0.17404068E+000
  0.17404094E+000
  0.17404071E+000
  0.17404007E+000
  0.17403909E+000
  0.17403782E+000
  0.17403632E+000
  0.17403461E+000
  0.17403273E+000
  0.17403073E+000
  0.17402862E+000
  0.17402643E+000
  0.17402417E+000
  0.17402190E+000
  0.17401960E+000
  0.17401730E+000
  0.17401503E+000
  0.17401280E+000
  0.17401064E+000
  0.17400854E+000
  0.17400653E+000
  0.17400461E+000
  0.17400280E+000
  0.17400110E+000
  0.17399950E+000
  0.17399802E+000
  0.17399664E+000
  0.17399536E+000
  0.17399418E+000
  0.17399308E+000
  0.17399206E+000
  0.17399111E+000
  0.17399022E+000
  0.17398937E+000
  0.17398858E+000
  0.17398781E+000
  0.17398708E+000
  0.17398638E+000
  0.17398570E+000
  0.17398505E+000
  0.17398442E+000
  0.17398381E+000
  0.17398323E+000
  0.17398267E+000
  0.17398214E+000
  0.17398163E+000
  0.17398115E+000
  0.17398070E+000
  0.17398029E+000
  0.17397990E+000
  0.17397954E+000
  0.17397920E+000
  0.17397890E+000
  0.17397863E+000
  0.17397838E+000
  0.17397817E+000
  0.17397797E+000
  0.17397781E+000
  0.17397766E+000
  0.17397754E+000
  0.17397745E+000
  0.17397737E+000
  0.17397731E+000
  0.17397727E+000
  0.17397724E+000
  0.17397723E+000
  0.17397723E+000
  0.17397724E+000
  0.17397727E+000
  0.17397730E+000
  0.17397735E+000
  0.17397740E+000
  0.17397745E+000
  0.17397751E+000
  0.17397758E+000
  0.17397765E+000
  0.17397772E+000
  0.17397780E+000
  0.17397788E+000
  0.17397796E+000
  0.17397803E+000
  0.17397811E+000
  0.17397819E+000
  0.17397827E+000
  0.17397834E+000
  0.17397841E+000
  0.17397848E+000
  0.17397855E+000
  0.17397861E+000
  0.17397867E+000
  0.17397873E+000
  0.17397878E+000
  0.17397883E+000
  0.17397887E+000
  0.17397891E+000
  0.17397895E+000
  0.17397898E+000
  0.17397900E+000
  0.17397902E+000
  0.17397904E+000
  0.17397905E+000
  0.17397906E+000
  0.17397906E+000
  0.17397906E+000
  0.17397906E+000
  0.17397905E+000
  0.17397904E+000
  0.17397903E+000
  0.17397902E+000
  0.17397900E+000
  0.17397898E+000
  0.17397896E+000
  0.17397893E+000
  0.17397891E+000
  0.17397888E+000
  0.17397885E+000
  0.17397882E+000
  0.17397879E+000
  0.17397877E+000
  0.17397874E+000
  0.17397871E+000
  0.17397868E+000
  0.17397865E+000
  0.17397862E+000
  0.17397859E+000
  0.17397856E+000
  0.17397854E+000
  0.17397851E+000
  0.17397849E+000
  0.17397846E+000
  0.17397844E+000
  0.17397842E+000
  0.17397840E+000
  0.17397838E+000
  0.17397837E+000
  0.17397835E+000
  0.17397834E+000
  0.17397832E+000
  0.17397831E+000
  0.17397830E+000
  0.17397829E+000
  0.17397828E+000
  0.17397828E+000
  0.17397827E+000
  0.17397826E+000
  0.17397825E+000
  0.17397825E+000
  0.17397824E+000
  0.17397823E+000
  0.17397823E+000
  0.17397823E+000
  0.17397823E+000
  0.17397824E+000
  0.17397825E+000
  0.17397824E+000
  0.17397816E+000
  0.17397799E+000
  0.17397787E+000
  0.17397881E+000
  0.17397904E+000
  0.17397461E+000
