  0.18485991E+001
  0.18416994E+001
  0.18364520E+001
  0.18324016E+001
  0.18292008E+001
  0.18266336E+001
  0.18245477E+001
  0.18228394E+001
  0.18214314E+001
  0.18202687E+001
  0.18193041E+001
  0.18185018E+001
  0.18178335E+001
  0.18172755E+001
  0.18168095E+001
  0.18164198E+001
  0.18160935E+001
  0.18158199E+001
  0.18155907E+001
  0.18153983E+001
  0.18152376E+001
  0.18151033E+001
  0.18149912E+001
  0.18148979E+001
  0.18148203E+001
  0.18147560E+001
  0.18147029E+001
  0.18146590E+001
  0.18146227E+001
  0.18145927E+001
  0.18145682E+001
  0.18145476E+001
  0.18145305E+001
  0.18145163E+001
  0.18145045E+001
  0.18144945E+001
  0.18144861E+001
  0.18144789E+001
  0.18144727E+001
  0.18144674E+001
  0.18144626E+001
  0.18144584E+001
  0.18144546E+001
  0.18144512E+001
  0.18144481E+001
  0.18144452E+001
  0.18144425E+001
  0.18144400E+001
  0.18144377E+001
  0.18144354E+001
  0.18144333E+001
  0.18144312E+001
  0.18144292E+001
  0.18144272E+001
  0.18144252E+001
  0.18144232E+001
  0.18144212E+001
  0.18144192E+001
  0.18144171E+001
  0.18144150E+001
  0.18144128E+001
  0.18144106E+001
  0.18144084E+001
  0.18144061E+001
  0.18144037E+001
  0.18144014E+001
  0.18143990E+001
  0.18143966E+001
  0.18143943E+001
  0.18143919E+001
  0.18143896E+001
  0.18143874E+001
  0.18143852E+001
  0.18143832E+001
  0.18143812E+001
  0.18143793E+001
  0.18143775E+001
  0.18143758E+001
  0.18143742E+001
  0.18143727E+001
  0.18143713E+001
  0.18143701E+001
  0.18143689E+001
  0.18143678E+001
  0.18143667E+001
  0.18143658E+001
  0.18143649E+001
  0.18143641E+001
  0.18143633E+001
  0.18143627E+001
  0.18143620E+001
  0.18143614E+001
  0.18143609E+001
  0.18143604E+001
  0.18143599E+001
  0.18143595E+001
  0.18143591E+001
  0.18143588E+001
  0.18143585E+001
  0.18143582E+001
  0.18143580E+001
  0.18143578E+001
  0.18143576E+001
  0.18143574E+001
  0.18143573E+001
  0.18143571E+001
  0.18143571E+001
  0.18143570E+001
  0.18143569E+001
  0.18143569E+001
  0.18143569E+001
  0.18143569E+001
  0.18143569E+001
  0.18143569E+001
  0.18143569E+001
  0.18143570E+001
  0.18143570E+001
  0.18143571E+001
  0.18143571E+001
  0.18143572E+001
  0.18143573E+001
  0.18143573E+001
  0.18143574E+001
  0.18143574E+001
  0.18143575E+001
  0.18143576E+001
  0.18143576E+001
  0.18143577E+001
  0.18143577E+001
  0.18143577E+001
  0.18143578E+001
  0.18143578E+001
  0.18143578E+001
  0.18143578E+001
  0.18143578E+001
  0.18143578E+001
  0.18143578E+001
  0.18143578E+001
  0.18143578E+001
  0.18143578E+001
  0.18143578E+001
  0.18143577E+001
  0.18143577E+001
  0.18143577E+001
  0.18143576E+001
  0.18143576E+001
  0.18143575E+001
  0.18143575E+001
  0.18143574E+001
  0.18143574E+001
  0.18143573E+001
  0.18143572E+001
  0.18143572E+001
  0.18143571E+001
  0.18143571E+001
  0.18143570E+001
  0.18143570E+001
  0.18143569E+001
  0.18143569E+001
  0.18143568E+001
  0.18143568E+001
  0.18143567E+001
  0.18143567E+001
  0.18143567E+001
  0.18143566E+001
  0.18143566E+001
  0.18143566E+001
  0.18143566E+001
  0.18143565E+001
  0.18143565E+001
  0.18143565E+001
  0.18143565E+001
  0.18143565E+001
  0.18143565E+001
  0.18143565E+001
  0.18143565E+001
  0.18143565E+001
  0.18143565E+001
  0.18143565E+001
  0.18143565E+001
  0.18143565E+001
  0.18143565E+001
  0.18143565E+001
  0.18143565E+001
  0.18143565E+001
  0.18143565E+001
  0.18143565E+001
  0.18143565E+001
  0.18143564E+001
  0.18143564E+001
  0.18143563E+001
  0.18143562E+001
  0.18143561E+001
  0.18143560E+001
  0.18143560E+001
  0.18143561E+001
  0.18143563E+001
  0.18143554E+001
  0.18143559E+001
  0.18143638E+001
