  0.20319412E+002
  0.20319498E+002
  0.20319579E+002
  0.20319650E+002
  0.20319713E+002
  0.20319769E+002
  0.20319819E+002
  0.20319863E+002
  0.20319902E+002
  0.20319938E+002
  0.20319971E+002
  0.20320002E+002
  0.20320030E+002
  0.20320056E+002
  0.20320081E+002
  0.20320105E+002
  0.20320128E+002
  0.20320149E+002
  0.20320171E+002
  0.20320191E+002
  0.20320212E+002
  0.20320232E+002
  0.20320252E+002
  0.20320272E+002
  0.20320292E+002
  0.20320312E+002
  0.20320332E+002
  0.20320352E+002
  0.20320373E+002
  0.20320394E+002
  0.20320415E+002
  0.20320437E+002
  0.20320459E+002
  0.20320482E+002
  0.20320505E+002
  0.20320529E+002
  0.20320554E+002
  0.20320579E+002
  0.20320605E+002
  0.20320632E+002
  0.20320660E+002
  0.20320688E+002
  0.20320717E+002
  0.20320748E+002
  0.20320779E+002
  0.20320811E+002
  0.20320844E+002
  0.20320878E+002
  0.20320914E+002
  0.20320950E+002
  0.20320988E+002
  0.20321026E+002
  0.20321066E+002
  0.20321108E+002
  0.20321150E+002
  0.20321194E+002
  0.20321239E+002
  0.20321285E+002
  0.20321333E+002
  0.20321382E+002
  0.20321433E+002
  0.20321485E+002
  0.20321539E+002
  0.20321594E+002
  0.20321651E+002
  0.20321709E+002
  0.20321769E+002
  0.20321830E+002
  0.20321893E+002
  0.20321958E+002
  0.20322024E+002
  0.20322092E+002
  0.20322162E+002
  0.20322233E+002
  0.20322306E+002
  0.20322381E+002
  0.20322458E+002
  0.20322536E+002
  0.20322616E+002
  0.20322697E+002
  0.20322781E+002
  0.20322866E+002
  0.20322953E+002
  0.20323041E+002
  0.20323132E+002
  0.20323224E+002
  0.20323317E+002
  0.20323413E+002
  0.20323510E+002
  0.20323608E+002
  0.20323709E+002
  0.20323811E+002
  0.20323914E+002
  0.20324019E+002
  0.20324126E+002
  0.20324234E+002
  0.20324343E+002
  0.20324455E+002
  0.20324567E+002
  0.20324681E+002
  0.20324797E+002
  0.20324913E+002
  0.20325031E+002
  0.20325151E+002
  0.20325271E+002
  0.20325393E+002
  0.20325516E+002
  0.20325640E+002
  0.20325765E+002
  0.20325891E+002
  0.20326019E+002
  0.20326147E+002
  0.20326276E+002
  0.20326406E+002
  0.20326537E+002
  0.20326668E+002
  0.20326800E+002
  0.20326933E+002
  0.20327067E+002
  0.20327201E+002
  0.20327335E+002
  0.20327470E+002
  0.20327605E+002
  0.20327741E+002
  0.20327877E+002
  0.20328013E+002
  0.20328149E+002
  0.20328286E+002
  0.20328422E+002
  0.20328559E+002
  0.20328695E+002
  0.20328831E+002
  0.20328967E+002
  0.20329103E+002
  0.20329238E+002
  0.20329373E+002
  0.20329508E+002
  0.20329642E+002
  0.20329776E+002
  0.20329909E+002
  0.20330041E+002
  0.20330173E+002
  0.20330304E+002
  0.20330434E+002
  0.20330563E+002
  0.20330691E+002
  0.20330819E+002
  0.20330945E+002
  0.20331071E+002
  0.20331195E+002
  0.20331318E+002
  0.20331440E+002
  0.20331561E+002
  0.20331680E+002
  0.20331799E+002
  0.20331915E+002
  0.20332031E+002
  0.20332145E+002
  0.20332257E+002
  0.20332368E+002
  0.20332478E+002
  0.20332586E+002
  0.20332692E+002
  0.20332797E+002
  0.20332900E+002
  0.20333001E+002
  0.20333100E+002
  0.20333197E+002
  0.20333293E+002
  0.20333386E+002
  0.20333478E+002
  0.20333567E+002
  0.20333654E+002
  0.20333739E+002
  0.20333821E+002
  0.20333901E+002
  0.20333978E+002
  0.20334052E+002
  0.20334124E+002
  0.20334192E+002
  0.20334257E+002
  0.20334318E+002
  0.20334376E+002
  0.20334430E+002
  0.20334479E+002
  0.20334523E+002
  0.20334563E+002
  0.20334597E+002
  0.20334625E+002
  0.20334646E+002
  0.20334660E+002
  0.20334666E+002
  0.20334664E+002
  0.20334652E+002
  0.20334630E+002
  0.20334597E+002
  0.20334551E+002
  0.20334493E+002
  0.20334418E+002
  0.20334332E+002
