  0.21503135E-001  0.20337940E+000  0.17619700E+001  0.79290806E+002
  0.21487092E-001  0.20347169E+000  0.17618216E+001  0.79291223E+002
  0.21474749E-001  0.20354125E+000  0.17617115E+001  0.79291597E+002
  0.21465391E-001  0.20359419E+000  0.17616294E+001  0.79291922E+002
  0.21458345E-001  0.20361613E+000  0.17615868E+001  0.79292202E+002
  0.21453118E-001  0.20360592E+000  0.17615826E+001  0.79292445E+002
  0.21449340E-001  0.20359818E+000  0.17615808E+001  0.79292656E+002
  0.21446723E-001  0.20359242E+000  0.17615808E+001  0.79292841E+002
  0.21445040E-001  0.20358826E+000  0.17615822E+001  0.79293004E+002
  0.21444109E-001  0.20358543E+000  0.17615845E+001  0.79293150E+002
  0.21443784E-001  0.20358369E+000  0.17615875E+001  0.79293280E+002
  0.21443946E-001  0.20358285E+000  0.17615910E+001  0.79293399E+002
  0.21444496E-001  0.20358277E+000  0.17615949E+001  0.79293507E+002
  0.21445345E-001  0.20358334E+000  0.17615991E+001  0.79293607E+002
  0.21446433E-001  0.20358444E+000  0.17616035E+001  0.79293700E+002
  0.21447710E-001  0.20358600E+000  0.17616080E+001  0.79293787E+002
  0.21449137E-001  0.20358794E+000  0.17616126E+001  0.79293870E+002
  0.21450679E-001  0.20359019E+000  0.17616172E+001  0.79293949E+002
  0.21452311E-001  0.20359271E+000  0.17616219E+001  0.79294026E+002
  0.21454011E-001  0.20359546E+000  0.17616266E+001  0.79294099E+002
  0.21455759E-001  0.20359840E+000  0.17616313E+001  0.79294172E+002
  0.21457542E-001  0.20360150E+000  0.17616359E+001  0.79294243E+002
  0.21459346E-001  0.20360473E+000  0.17616406E+001  0.79294313E+002
  0.21461162E-001  0.20360807E+000  0.17616452E+001  0.79294383E+002
  0.21462980E-001  0.20361150E+000  0.17616497E+001  0.79294452E+002
  0.21464795E-001  0.20361501E+000  0.17616543E+001  0.79294523E+002
  0.21466600E-001  0.20361859E+000  0.17616588E+001  0.79294593E+002
  0.21468390E-001  0.20362221E+000  0.17616633E+001  0.79294665E+002
  0.21470162E-001  0.20362553E+000  0.17616682E+001  0.79294737E+002
  0.21471912E-001  0.20361789E+000  0.17616840E+001  0.79294811E+002
  0.21473638E-001  0.20361039E+000  0.17616997E+001  0.79294887E+002
  0.21475336E-001  0.20360302E+000  0.17617153E+001  0.79294964E+002
  0.21477007E-001  0.20359581E+000  0.17617308E+001  0.79295043E+002
  0.21478648E-001  0.20358877E+000  0.17617461E+001  0.79295124E+002
  0.21480258E-001  0.20358190E+000  0.17617613E+001  0.79295208E+002
  0.21481837E-001  0.20357522E+000  0.17617764E+001  0.79295294E+002
  0.21483385E-001  0.20356873E+000  0.17617913E+001  0.79295382E+002
  0.21484900E-001  0.20356244E+000  0.17618060E+001  0.79295474E+002
  0.21486384E-001  0.20355636E+000  0.17618206E+001  0.79295568E+002
  0.21487836E-001  0.20355050E+000  0.17618350E+001  0.79295665E+002
  0.21489257E-001  0.20354486E+000  0.17618492E+001  0.79295765E+002
  0.21490647E-001  0.20353946E+000  0.17618633E+001  0.79295869E+002
  0.21492006E-001  0.20353430E+000  0.17618771E+001  0.79295976E+002
  0.21493334E-001  0.20352939E+000  0.17618908E+001  0.79296087E+002
  0.21494632E-001  0.20352473E+000  0.17619044E+001  0.79296202E+002
  0.21495900E-001  0.20352034E+000  0.17619177E+001  0.79296320E+002
  0.21497138E-001  0.20351622E+000  0.17619309E+001  0.79296442E+002
  0.21498346E-001  0.20351238E+000  0.17619439E+001  0.79296569E+002
  0.21499524E-001  0.20350882E+000  0.17619567E+001  0.79296700E+002
  0.21500673E-001  0.20350555E+000  0.17619693E+001  0.79296835E+002
  0.21501791E-001  0.20350258E+000  0.17619817E+001  0.79296974E+002
  0.21502878E-001  0.20349990E+000  0.17619940E+001  0.79297119E+002
  0.21503935E-001  0.20349752E+000  0.17620061E+001  0.79297268E+002
  0.21504962E-001  0.20349545E+000  0.17620180E+001  0.79297421E+002
  0.21505957E-001  0.20349369E+000  0.17620298E+001  0.79297580E+002
  0.21506921E-001  0.20349223E+000  0.17620414E+001  0.79297744E+002
  0.21507853E-001  0.20349108E+000  0.17620529E+001  0.79297913E+002
  0.21508755E-001  0.20349023E+000  0.17620643E+001  0.79298087E+002
  0.21509624E-001  0.20348968E+000  0.17620755E+001  0.79298267E+002
  0.21510463E-001  0.20348943E+000  0.17620867E+001  0.79298452E+002
  0.21511270E-001  0.20348947E+000  0.17620977E+001  0.79298643E+002
  0.21512046E-001  0.20348980E+000  0.17621087E+001  0.79298839E+002
  0.21512792E-001  0.20349042E+000  0.17621195E+001  0.79299042E+002
  0.21513508E-001  0.20349130E+000  0.17621304E+001  0.79299250E+002
  0.21514194E-001  0.20349245E+000  0.17621412E+001  0.79299464E+002
  0.21514852E-001  0.20349385E+000  0.17621519E+001  0.79299684E+002
  0.21515482E-001  0.20349550E+000  0.17621626E+001  0.79299910E+002
  0.21516085E-001  0.20349739E+000  0.17621734E+001  0.79300143E+002
  0.21516662E-001  0.20349950E+000  0.17621841E+001  0.79300382E+002
  0.21517213E-001  0.20350183E+000  0.17621948E+001  0.79300627E+002
  0.21517741E-001  0.20350437E+000  0.17622056E+001  0.79300879E+002
  0.21518245E-001  0.20350710E+000  0.17622163E+001  0.79301137E+002
  0.21518726E-001  0.20351001E+000  0.17622271E+001  0.79301401E+002
  0.21519187E-001  0.20351310E+000  0.17622379E+001  0.79301672E+002
  0.21519627E-001  0.20351636E+000  0.17622487E+001  0.79301950E+002
  0.21520048E-001  0.20351977E+000  0.17622596E+001  0.79302235E+002
  0.21520450E-001  0.20352333E+000  0.17622705E+001  0.79302526E+002
  0.21520835E-001  0.20352702E+000  0.17622814E+001  0.79302824E+002
  0.21521203E-001  0.20353084E+000  0.17622924E+001  0.79303129E+002
  0.21521556E-001  0.20353478E+000  0.17623034E+001  0.79303440E+002
  0.21521893E-001  0.20353883E+000  0.17623144E+001  0.79303758E+002
  0.21522216E-001  0.20354298E+000  0.17623254E+001  0.79304083E+002
  0.21522525E-001  0.20354723E+000  0.17623365E+001  0.79304415E+002
  0.21522821E-001  0.20355156E+000  0.17623476E+001  0.79304754E+002
  0.21523104E-001  0.20355596E+000  0.17623588E+001  0.79305099E+002
  0.21523375E-001  0.20356044E+000  0.17623699E+001  0.79305451E+002
  0.21523634E-001  0.20356498E+000  0.17623811E+001  0.79305809E+002
  0.21523882E-001  0.20356958E+000  0.17623924E+001  0.79306175E+002
  0.21524119E-001  0.20357422E+000  0.17624037E+001  0.79306547E+002
  0.21524346E-001  0.20357890E+000  0.17624150E+001  0.79306925E+002
  0.21524561E-001  0.20358361E+000  0.17624264E+001  0.79307310E+002
  0.21524767E-001  0.20358834E+000  0.17624378E+001  0.79307701E+002
  0.21524962E-001  0.20359309E+000  0.17624492E+001  0.79308099E+002
  0.21525147E-001  0.20359785E+000  0.17624607E+001  0.79308502E+002
  0.21525323E-001  0.20360260E+000  0.17624723E+001  0.79308912E+002
  0.21525488E-001  0.20360735E+000  0.17624839E+001  0.79309328E+002
  0.21525644E-001  0.20361208E+000  0.17624955E+001  0.79309750E+002
  0.21525791E-001  0.20361679E+000  0.17625072E+001  0.79310178E+002
  0.21525928E-001  0.20362146E+000  0.17625189E+001  0.79310612E+002
  0.21526056E-001  0.20362610E+000  0.17625306E+001  0.79311051E+002
  0.21526174E-001  0.20363069E+000  0.17625424E+001  0.79311497E+002
  0.21526284E-001  0.20363522E+000  0.17625542E+001  0.79311947E+002
  0.21526384E-001  0.20363970E+000  0.17625660E+001  0.79312403E+002
  0.21526476E-001  0.20364411E+000  0.17625778E+001  0.79312864E+002
  0.21526559E-001  0.20364844E+000  0.17625895E+001  0.79313330E+002
  0.21526634E-001  0.20365269E+000  0.17626012E+001  0.79313801E+002
  0.21526701E-001  0.20365686E+000  0.17626129E+001  0.79314277E+002
  0.21526760E-001  0.20366094E+000  0.17626245E+001  0.79314758E+002
  0.21526811E-001  0.20366492E+000  0.17626361E+001  0.79315243E+002
  0.21526855E-001  0.20366880E+000  0.17626475E+001  0.79315732E+002
  0.21526892E-001  0.20367258E+000  0.17626588E+001  0.79316226E+002
  0.21526922E-001  0.20367625E+000  0.17626700E+001  0.79316724E+002
  0.21526945E-001  0.20367981E+000  0.17626810E+001  0.79317226E+002
  0.21526963E-001  0.20368325E+000  0.17626918E+001  0.79317731E+002
  0.21526975E-001  0.20368659E+000  0.17627025E+001  0.79318240E+002
  0.21526981E-001  0.20368980E+000  0.17627129E+001  0.79318752E+002
  0.21526983E-001  0.20369291E+000  0.17627230E+001  0.79319268E+002
  0.21526979E-001  0.20369589E+000  0.17627329E+001  0.79319787E+002
  0.21526972E-001  0.20369875E+000  0.17627426E+001  0.79320308E+002
  0.21526960E-001  0.20370150E+000  0.17627519E+001  0.79320832E+002
  0.21526944E-001  0.20370414E+000  0.17627609E+001  0.79321358E+002
  0.21526926E-001  0.20370666E+000  0.17627696E+001  0.79321887E+002
  0.21526904E-001  0.20370906E+000  0.17627780E+001  0.79322417E+002
  0.21526879E-001  0.20371135E+000  0.17627859E+001  0.79322950E+002
  0.21526852E-001  0.20371354E+000  0.17627936E+001  0.79323484E+002
  0.21526823E-001  0.20371562E+000  0.17628008E+001  0.79324019E+002
  0.21526792E-001  0.20371759E+000  0.17628077E+001  0.79324555E+002
  0.21526759E-001  0.20371946E+000  0.17628142E+001  0.79325092E+002
  0.21526725E-001  0.20372123E+000  0.17628203E+001  0.79325630E+002
  0.21526689E-001  0.20372290E+000  0.17628260E+001  0.79326168E+002
  0.21526652E-001  0.20372448E+000  0.17628313E+001  0.79326707E+002
  0.21526615E-001  0.20372597E+000  0.17628362E+001  0.79327245E+002
  0.21526576E-001  0.20372738E+000  0.17628407E+001  0.79327783E+002
  0.21526537E-001  0.20372870E+000  0.17628449E+001  0.79328321E+002
  0.21526497E-001  0.20372993E+000  0.17628487E+001  0.79328857E+002
  0.21526456E-001  0.20373109E+000  0.17628521E+001  0.79329393E+002
  0.21526415E-001  0.20373218E+000  0.17628552E+001  0.79329927E+002
  0.21526373E-001  0.20373319E+000  0.17628579E+001  0.79330460E+002
  0.21526331E-001  0.20373413E+000  0.17628603E+001  0.79330991E+002
  0.21526289E-001  0.20373500E+000  0.17628624E+001  0.79331521E+002
  0.21526245E-001  0.20373581E+000  0.17628642E+001  0.79332048E+002
  0.21526201E-001  0.20373655E+000  0.17628657E+001  0.79332572E+002
  0.21526156E-001  0.20373724E+000  0.17628669E+001  0.79333094E+002
  0.21526111E-001  0.20373786E+000  0.17628679E+001  0.79333613E+002
  0.21526064E-001  0.20373843E+000  0.17628686E+001  0.79334129E+002
  0.21526016E-001  0.20373894E+000  0.17628691E+001  0.79334641E+002
  0.21525967E-001  0.20373940E+000  0.17628693E+001  0.79335150E+002
  0.21525916E-001  0.20373981E+000  0.17628694E+001  0.79335656E+002
  0.21525864E-001  0.20374016E+000  0.17628693E+001  0.79336157E+002
  0.21525809E-001  0.20374046E+000  0.17628690E+001  0.79336654E+002
  0.21525752E-001  0.20374071E+000  0.17628685E+001  0.79337147E+002
  0.21525692E-001  0.20374090E+000  0.17628679E+001  0.79337636E+002
  0.21525629E-001  0.20374105E+000  0.17628672E+001  0.79338119E+002
  0.21525563E-001  0.20374114E+000  0.17628663E+001  0.79338598E+002
  0.21525492E-001  0.20374118E+000  0.17628652E+001  0.79339072E+002
  0.21525418E-001  0.20374116E+000  0.17628641E+001  0.79339541E+002
  0.21525339E-001  0.20374108E+000  0.17628628E+001  0.79340004E+002
  0.21525254E-001  0.20374095E+000  0.17628614E+001  0.79340462E+002
  0.21525164E-001  0.20374075E+000  0.17628598E+001  0.79340914E+002
  0.21525067E-001  0.20374048E+000  0.17628582E+001  0.79341360E+002
  0.21524963E-001  0.20374015E+000  0.17628564E+001  0.79341800E+002
  0.21524851E-001  0.20373974E+000  0.17628545E+001  0.79342234E+002
  0.21524731E-001  0.20373926E+000  0.17628525E+001  0.79342662E+002
  0.21524602E-001  0.20373869E+000  0.17628504E+001  0.79343083E+002
  0.21524462E-001  0.20373803E+000  0.17628480E+001  0.79343497E+002
  0.21524312E-001  0.20373727E+000  0.17628456E+001  0.79343905E+002
  0.21524151E-001  0.20373641E+000  0.17628429E+001  0.79344306E+002
  0.21523976E-001  0.20373544E+000  0.17628401E+001  0.79344699E+002
  0.21523789E-001  0.20373434E+000  0.17628370E+001  0.79345085E+002
  0.21523586E-001  0.20373312E+000  0.17628337E+001  0.79345464E+002
  0.21523369E-001  0.20373175E+000  0.17628301E+001  0.79345835E+002
  0.21523135E-001  0.20373023E+000  0.17628263E+001  0.79346197E+002
  0.21522884E-001  0.20372854E+000  0.17628221E+001  0.79346551E+002
  0.21522615E-001  0.20372667E+000  0.17628176E+001  0.79346897E+002
  0.21522326E-001  0.20372461E+000  0.17628126E+001  0.79347234E+002
  0.21522017E-001  0.20372235E+000  0.17628073E+001  0.79347561E+002
  0.21521687E-001  0.20371986E+000  0.17628014E+001  0.79347878E+002
  0.21521335E-001  0.20371712E+000  0.17627950E+001  0.79348185E+002
  0.21520960E-001  0.20371414E+000  0.17627881E+001  0.79348481E+002
  0.21520561E-001  0.20371087E+000  0.17627805E+001  0.79348765E+002
  0.21520137E-001  0.20370731E+000  0.17627723E+001  0.79349038E+002
  0.21519688E-001  0.20370344E+000  0.17627633E+001  0.79349297E+002
  0.21519214E-001  0.20369924E+000  0.17627535E+001  0.79349542E+002
  0.21518713E-001  0.20369469E+000  0.17627428E+001  0.79349772E+002
  0.21518186E-001  0.20368976E+000  0.17627312E+001  0.79349986E+002
  0.21517631E-001  0.20368445E+000  0.17627187E+001  0.79350183E+002
  0.21517050E-001  0.20367872E+000  0.17627052E+001  0.79350360E+002
  0.21516442E-001  0.20367256E+000  0.17626906E+001  0.79350517E+002
  0.21515807E-001  0.20366594E+000  0.17626749E+001  0.79350651E+002
  0.21515147E-001  0.20365885E+000  0.17626581E+001  0.79350761E+002
  0.21514461E-001  0.20365125E+000  0.17626402E+001  0.79350843E+002
  0.21513752E-001  0.20364311E+000  0.17626213E+001  0.79350896E+002
  0.21513022E-001  0.20363439E+000  0.17626013E+001  0.79350916E+002
  0.21512277E-001  0.20362503E+000  0.17625806E+001  0.79350900E+002
  0.21511522E-001  0.20361492E+000  0.17625592E+001  0.79350844E+002
  0.21510774E-001  0.20360395E+000  0.17625375E+001  0.79350746E+002
  0.21510047E-001  0.20359172E+000  0.17625164E+001  0.79350597E+002
  0.21509387E-001  0.20357819E+000  0.17624963E+001  0.79350398E+002
  0.21508877E-001  0.20356134E+000  0.17624811E+001  0.79350130E+002
  0.21508566E-001  0.20354350E+000  0.17624678E+001  0.79349817E+002
