  0.16194813E+001
  0.16198031E+001
  0.16200333E+001
  0.16202040E+001
  0.16203321E+001
  0.16204281E+001
  0.16204991E+001
  0.16205505E+001
  0.16205861E+001
  0.16206090E+001
  0.16206217E+001
  0.16206261E+001
  0.16206238E+001
  0.16206161E+001
  0.16206039E+001
  0.16205881E+001
  0.16205695E+001
  0.16205486E+001
  0.16205259E+001
  0.16205017E+001
  0.16204763E+001
  0.16204501E+001
  0.16204231E+001
  0.16203957E+001
  0.16203679E+001
  0.16203398E+001
  0.16203116E+001
  0.16202833E+001
  0.16202550E+001
  0.16202267E+001
  0.16201986E+001
  0.16201706E+001
  0.16201427E+001
  0.16201151E+001
  0.16200877E+001
  0.16200605E+001
  0.16200336E+001
  0.16200071E+001
  0.16199808E+001
  0.16199548E+001
  0.16199292E+001
  0.16199040E+001
  0.16198791E+001
  0.16198546E+001
  0.16198305E+001
  0.16198068E+001
  0.16197836E+001
  0.16197608E+001
  0.16197385E+001
  0.16197167E+001
  0.16196954E+001
  0.16196746E+001
  0.16196543E+001
  0.16196345E+001
  0.16196153E+001
  0.16195966E+001
  0.16195784E+001
  0.16195609E+001
  0.16195438E+001
  0.16195274E+001
  0.16195115E+001
  0.16194962E+001
  0.16194814E+001
  0.16194673E+001
  0.16194536E+001
  0.16194405E+001
  0.16194280E+001
  0.16194159E+001
  0.16194045E+001
  0.16193935E+001
  0.16193830E+001
  0.16193730E+001
  0.16193635E+001
  0.16193545E+001
  0.16193460E+001
  0.16193379E+001
  0.16193302E+001
  0.16193229E+001
  0.16193161E+001
  0.16193097E+001
  0.16193036E+001
  0.16192979E+001
  0.16192926E+001
  0.16192876E+001
  0.16192828E+001
  0.16192784E+001
  0.16192743E+001
  0.16192705E+001
  0.16192668E+001
  0.16192634E+001
  0.16192603E+001
  0.16192573E+001
  0.16192545E+001
  0.16192519E+001
  0.16192494E+001
  0.16192470E+001
  0.16192448E+001
  0.16192427E+001
  0.16192407E+001
  0.16192388E+001
  0.16192369E+001
  0.16192352E+001
  0.16192335E+001
  0.16192318E+001
  0.16192303E+001
  0.16192287E+001
  0.16192272E+001
  0.16192258E+001
  0.16192244E+001
  0.16192230E+001
  0.16192216E+001
  0.16192203E+001
  0.16192189E+001
  0.16192177E+001
  0.16192164E+001
  0.16192151E+001
  0.16192139E+001
  0.16192127E+001
  0.16192115E+001
  0.16192103E+001
  0.16192091E+001
  0.16192080E+001
  0.16192068E+001
  0.16192057E+001
  0.16192046E+001
  0.16192035E+001
  0.16192024E+001
  0.16192014E+001
  0.16192003E+001
  0.16191993E+001
  0.16191982E+001
  0.16191972E+001
  0.16191963E+001
  0.16191953E+001
  0.16191943E+001
  0.16191934E+001
  0.16191925E+001
  0.16191915E+001
  0.16191907E+001
  0.16191898E+001
  0.16191889E+001
  0.16191881E+001
  0.16191873E+001
  0.16191865E+001
  0.16191857E+001
  0.16191849E+001
  0.16191842E+001
  0.16191834E+001
  0.16191827E+001
  0.16191820E+001
  0.16191814E+001
  0.16191807E+001
  0.16191801E+001
  0.16191795E+001
  0.16191789E+001
  0.16191784E+001
  0.16191778E+001
  0.16191773E+001
  0.16191768E+001
  0.16191764E+001
  0.16191760E+001
  0.16191756E+001
  0.16191752E+001
  0.16191748E+001
  0.16191745E+001
  0.16191743E+001
  0.16191740E+001
  0.16191738E+001
  0.16191737E+001
  0.16191735E+001
  0.16191735E+001
  0.16191735E+001
  0.16191735E+001
  0.16191736E+001
  0.16191738E+001
  0.16191740E+001
  0.16191743E+001
  0.16191747E+001
  0.16191752E+001
  0.16191758E+001
  0.16191765E+001
  0.16191774E+001
  0.16191783E+001
  0.16191794E+001
  0.16191806E+001
  0.16191819E+001
  0.16191833E+001
  0.16191848E+001
  0.16191864E+001
  0.16191879E+001
  0.16191893E+001
  0.16191905E+001
  0.16191912E+001
  0.16191911E+001
  0.16191897E+001
  0.16191865E+001
  0.16191800E+001
  0.16191695E+001
  0.16191494E+001
  0.16191242E+001
