  0.96113095E+000  0.62588675E+000  0.88821911E+000  0.40026887E+001
  0.96601915E+000  0.62311441E+000  0.88668942E+000  0.40033901E+001
  0.96634485E+000  0.62326002E+000  0.88680057E+000  0.40037284E+001
  0.96659969E+000  0.62407575E+000  0.88622839E+000  0.40039129E+001
  0.96679847E+000  0.62430765E+000  0.88619889E+000  0.40040239E+001
  0.96694484E+000  0.62708378E+000  0.88358933E+000  0.40040949E+001
  0.96919123E+000  0.62743272E+000  0.88123270E+000  0.40041404E+001
  0.96928414E+000  0.62745507E+000  0.88129533E+000  0.40041680E+001
  0.96934479E+000  0.63077990E+000  0.87803838E+000  0.40041819E+001
  0.96938684E+000  0.63079303E+000  0.87807173E+000  0.40041850E+001
  0.96941368E+000  0.63079940E+000  0.87809465E+000  0.40041796E+001
  0.96942802E+000  0.63080031E+000  0.87810925E+000  0.40041674E+001
  0.96944509E+000  0.63078380E+000  0.87811713E+000  0.40041497E+001
  0.96944066E+000  0.63077677E+000  0.87811963E+000  0.40041277E+001
  0.96942924E+000  0.63076689E+000  0.87811780E+000  0.40041021E+001
  0.97511041E+000  0.62568755E+000  0.87748138E+000  0.40040737E+001
  0.97508851E+000  0.62567360E+000  0.87747337E+000  0.40040432E+001
  0.97506269E+000  0.62619600E+000  0.87692545E+000  0.40040109E+001
  0.97503366E+000  0.62617952E+000  0.87691365E+000  0.40039772E+001
  0.97500199E+000  0.62616219E+000  0.87690055E+000  0.40039425E+001
  0.97496815E+000  0.62614421E+000  0.87688649E+000  0.40039069E+001
  0.97493255E+000  0.62615645E+000  0.87684103E+000  0.40038707E+001
  0.97489552E+000  0.62613768E+000  0.87682575E+000  0.40038341E+001
  0.97485733E+000  0.62611870E+000  0.87681015E+000  0.40037970E+001
  0.97481822E+000  0.62609962E+000  0.87679435E+000  0.40037598E+001
  0.97477837E+000  0.62608050E+000  0.87677848E+000  0.40037223E+001
  0.97473796E+000  0.62606143E+000  0.87676263E+000  0.40036848E+001
  0.97469712E+000  0.62604246E+000  0.87674688E+000  0.40036472E+001
  0.97465598E+000  0.62602363E+000  0.87673127E+000  0.40036095E+001
  0.97461463E+000  0.62600499E+000  0.87671587E+000  0.40035719E+001
  0.97457318E+000  0.62598657E+000  0.87670070E+000  0.40035344E+001
  0.97453169E+000  0.62596841E+000  0.87668579E+000  0.40034969E+001
  0.97449025E+000  0.62595054E+000  0.87667116E+000  0.40034595E+001
  0.97444891E+000  0.62593296E+000  0.87665683E+000  0.40034222E+001
  0.97440775E+000  0.62591571E+000  0.87664280E+000  0.40033850E+001
  0.97436680E+000  0.62589880E+000  0.87662907E+000  0.40033479E+001
  0.97432614E+000  0.62588225E+000  0.87661565E+000  0.40033110E+001
  0.97428581E+000  0.62586607E+000  0.87660252E+000  0.40032743E+001
  0.97424585E+000  0.62585028E+000  0.87658968E+000  0.40032378E+001
  0.97420633E+000  0.62583487E+000  0.87657712E+000  0.40032014E+001
  0.97416728E+000  0.62581988E+000  0.87656484E+000  0.40031653E+001
  0.97412876E+000  0.62580529E+000  0.87655280E+000  0.40031295E+001
  0.97409081E+000  0.62579111E+000  0.87654102E+000  0.40030939E+001
  0.97405348E+000  0.62577737E+000  0.87652946E+000  0.40030585E+001
  0.97401682E+000  0.62576404E+000  0.87651813E+000  0.40030235E+001
  0.97398087E+000  0.62575115E+000  0.87650702E+000  0.40029888E+001
  0.97394566E+000  0.62573869E+000  0.87649611E+000  0.40029545E+001
  0.97391126E+000  0.62572666E+000  0.87648539E+000  0.40029206E+001
  0.97387769E+000  0.62571506E+000  0.87647487E+000  0.40028870E+001
  0.97384500E+000  0.62570390E+000  0.87646454E+000  0.40028539E+001
  0.97381322E+000  0.62569316E+000  0.87645439E+000  0.40028213E+001
  0.97378238E+000  0.62568285E+000  0.87644443E+000  0.40027891E+001
  0.97375251E+000  0.62567296E+000  0.87643465E+000  0.40027574E+001
  0.97372364E+000  0.62566349E+000  0.87642506E+000  0.40027262E+001
  0.97369579E+000  0.62565443E+000  0.87641566E+000  0.40026956E+001
  0.97366898E+000  0.62564577E+000  0.87640646E+000  0.40026655E+001
  0.97364321E+000  0.62563751E+000  0.87639746E+000  0.40026360E+001
  0.97361851E+000  0.62562964E+000  0.87638867E+000  0.40026071E+001
  0.97359486E+000  0.62562214E+000  0.87638010E+000  0.40025788E+001
  0.97357228E+000  0.62561501E+000  0.87637176E+000  0.40025511E+001
  0.97355075E+000  0.62560823E+000  0.87636366E+000  0.40025239E+001
  0.97353027E+000  0.62560180E+000  0.87635580E+000  0.40024974E+001
  0.97351082E+000  0.62559570E+000  0.87634821E+000  0.40024716E+001
  0.97349239E+000  0.62558993E+000  0.87634089E+000  0.40024463E+001
  0.97347495E+000  0.62558447E+000  0.87633385E+000  0.40024217E+001
  0.97345848E+000  0.62557931E+000  0.87632711E+000  0.40023977E+001
  0.97344295E+000  0.62557444E+000  0.87632067E+000  0.40023743E+001
  0.97342834E+000  0.62556984E+000  0.87631456E+000  0.40023515E+001
  0.97341460E+000  0.62556551E+000  0.87630877E+000  0.40023294E+001
  0.97340172E+000  0.62556144E+000  0.87630332E+000  0.40023079E+001
  0.97338964E+000  0.62555762E+000  0.87629823E+000  0.40022870E+001
  0.97337834E+000  0.62555403E+000  0.87629349E+000  0.40022667E+001
  0.97336778E+000  0.62555067E+000  0.87628911E+000  0.40022471E+001
  0.97335791E+000  0.62554753E+000  0.87628510E+000  0.40022280E+001
  0.97334870E+000  0.62554460E+000  0.87628147E+000  0.40022096E+001
  0.97334011E+000  0.62554186E+000  0.87627821E+000  0.40021918E+001
  0.97333211E+000  0.62553932E+000  0.87627533E+000  0.40021745E+001
  0.97332465E+000  0.62553696E+000  0.87627282E+000  0.40021579E+001
  0.97331770E+000  0.62553477E+000  0.87627069E+000  0.40021418E+001
  0.97331121E+000  0.62553275E+000  0.87626892E+000  0.40021263E+001
  0.97330516E+000  0.62553089E+000  0.87626752E+000  0.40021114E+001
  0.97329951E+000  0.62552918E+000  0.87626648E+000  0.40020970E+001
  0.97329423E+000  0.62552760E+000  0.87626578E+000  0.40020832E+001
  0.97328928E+000  0.62552616E+000  0.87626542E+000  0.40020698E+001
  0.97328463E+000  0.62552484E+000  0.87626539E+000  0.40020570E+001
  0.97328025E+000  0.62552364E+000  0.87626568E+000  0.40020447E+001
  0.97327613E+000  0.62552254E+000  0.87626627E+000  0.40020328E+001
  0.97327222E+000  0.62552155E+000  0.87626716E+000  0.40020214E+001
  0.97326851E+000  0.62552065E+000  0.87626832E+000  0.40020104E+001
  0.97326497E+000  0.62551983E+000  0.87626974E+000  0.40019997E+001
  0.97326159E+000  0.62551909E+000  0.87627142E+000  0.40019895E+001
  0.97325835E+000  0.62551843E+000  0.87627334E+000  0.40019795E+001
  0.97325522E+000  0.62551782E+000  0.87627548E+000  0.40019699E+001
  0.97325220E+000  0.62551728E+000  0.87627783E+000  0.40019606E+001
  0.97324927E+000  0.62551679E+000  0.87628037E+000  0.40019515E+001
  0.97324643E+000  0.62551635E+000  0.87628310E+000  0.40019427E+001
  0.97324365E+000  0.62551594E+000  0.87628601E+000  0.40019341E+001
  0.97324093E+000  0.62551558E+000  0.87628907E+000  0.40019257E+001
  0.97323827E+000  0.62551524E+000  0.87629229E+000  0.40019174E+001
  0.97323566E+000  0.62551493E+000  0.87629564E+000  0.40019093E+001
  0.97323309E+000  0.62551465E+000  0.87629912E+000  0.40019014E+001
  0.97323055E+000  0.62551438E+000  0.87630271E+000  0.40018935E+001
  0.97322806E+000  0.62551413E+000  0.87630642E+000  0.40018858E+001
  0.97322559E+000  0.62551388E+000  0.87631022E+000  0.40018782E+001
  0.97322316E+000  0.62551364E+000  0.87631412E+000  0.40018706E+001
  0.97322075E+000  0.62551341E+000  0.87631810E+000  0.40018631E+001
  0.97321838E+000  0.62551318E+000  0.87632216E+000  0.40018557E+001
  0.97321603E+000  0.62551294E+000  0.87632629E+000  0.40018483E+001
  0.97321371E+000  0.62551270E+000  0.87633048E+000  0.40018410E+001
  0.97321142E+000  0.62551245E+000  0.87633473E+000  0.40018337E+001
  0.97320916E+000  0.62551219E+000  0.87633903E+000  0.40018265E+001
  0.97320693E+000  0.62551192E+000  0.87634338E+000  0.40018193E+001
  0.97320474E+000  0.62551164E+000  0.87634777E+000  0.40018121E+001
  0.97320258E+000  0.62551134E+000  0.87635219E+000  0.40018050E+001
  0.97320045E+000  0.62551102E+000  0.87635665E+000  0.40017979E+001
  0.97319836E+000  0.62551069E+000  0.87636113E+000  0.40017908E+001
  0.97319631E+000  0.62551033E+000  0.87636564E+000  0.40017838E+001
  0.97319430E+000  0.62550996E+000  0.87637017E+000  0.40017768E+001
  0.97319233E+000  0.62550956E+000  0.87637471E+000  0.40017698E+001
  0.97319040E+000  0.62550915E+000  0.87637927E+000  0.40017628E+001
  0.97318852E+000  0.62550871E+000  0.87638383E+000  0.40017559E+001
  0.97318668E+000  0.62550825E+000  0.87638840E+000  0.40017490E+001
  0.97318488E+000  0.62550778E+000  0.87639297E+000  0.40017422E+001
  0.97318314E+000  0.62550728E+000  0.87639754E+000  0.40017353E+001
  0.97318144E+000  0.62550676E+000  0.87640210E+000  0.40017285E+001
  0.97317978E+000  0.62550623E+000  0.87640666E+000  0.40017218E+001
  0.97317818E+000  0.62550568E+000  0.87641120E+000  0.40017151E+001
  0.97317662E+000  0.62550512E+000  0.87641573E+000  0.40017084E+001
  0.97317511E+000  0.62550454E+000  0.87642024E+000  0.40017018E+001
  0.97317365E+000  0.62550395E+000  0.87642473E+000  0.40016952E+001
  0.97317224E+000  0.62550334E+000  0.87642920E+000  0.40016887E+001
  0.97317087E+000  0.62550273E+000  0.87643364E+000  0.40016822E+001
  0.97316956E+000  0.62550211E+000  0.87643806E+000  0.40016758E+001
  0.97316829E+000  0.62550149E+000  0.87644244E+000  0.40016694E+001
  0.97316706E+000  0.62550086E+000  0.87644678E+000  0.40016631E+001
  0.97316588E+000  0.62550022E+000  0.87645109E+000  0.40016568E+001
  0.97316475E+000  0.62549959E+000  0.87645536E+000  0.40016506E+001
  0.97316366E+000  0.62549896E+000  0.87645959E+000  0.40016445E+001
  0.97316262E+000  0.62549833E+000  0.87646377E+000  0.40016384E+001
  0.97316161E+000  0.62549771E+000  0.87646790E+000  0.40016324E+001
  0.97316065E+000  0.62549709E+000  0.87647198E+000  0.40016265E+001
  0.97315973E+000  0.62549648E+000  0.87647601E+000  0.40016206E+001
  0.97315885E+000  0.62549587E+000  0.87647999E+000  0.40016148E+001
  0.97315801E+000  0.62549528E+000  0.87648391E+000  0.40016091E+001
  0.97315721E+000  0.62549470E+000  0.87648777E+000  0.40016035E+001
  0.97315644E+000  0.62549413E+000  0.87649157E+000  0.40015980E+001
  0.97315571E+000  0.62549358E+000  0.87649530E+000  0.40015926E+001
  0.97315501E+000  0.62549303E+000  0.87649898E+000  0.40015872E+001
  0.97315436E+000  0.62549251E+000  0.87650258E+000  0.40015820E+001
  0.97315373E+000  0.62549200E+000  0.87650612E+000  0.40015768E+001
  0.97315314E+000  0.62549150E+000  0.87650958E+000  0.40015718E+001
  0.97315258E+000  0.62549102E+000  0.87651298E+000  0.40015668E+001
  0.97315205E+000  0.62549056E+000  0.87651630E+000  0.40015620E+001
  0.97315156E+000  0.62549012E+000  0.87651954E+000  0.40015573E+001
  0.97315110E+000  0.62548970E+000  0.87652271E+000  0.40015527E+001
  0.97315067E+000  0.62548929E+000  0.87652581E+000  0.40015482E+001
  0.97315028E+000  0.62548890E+000  0.87652882E+000  0.40015439E+001
  0.97314991E+000  0.62548853E+000  0.87653176E+000  0.40015396E+001
  0.97314959E+000  0.62548818E+000  0.87653461E+000  0.40015355E+001
  0.97314929E+000  0.62548784E+000  0.87653738E+000  0.40015315E+001
  0.97314903E+000  0.62548753E+000  0.87654008E+000  0.40015277E+001
  0.97314880E+000  0.62548723E+000  0.87654268E+000  0.40015240E+001
  0.97314862E+000  0.62548696E+000  0.87654521E+000  0.40015205E+001
  0.97314847E+000  0.62548670E+000  0.87654765E+000  0.40015171E+001
  0.97314836E+000  0.62548646E+000  0.87655000E+000  0.40015138E+001
  0.97314829E+000  0.62548624E+000  0.87655227E+000  0.40015107E+001
  0.97314827E+000  0.62548604E+000  0.87655445E+000  0.40015078E+001
  0.97314830E+000  0.62548586E+000  0.87655654E+000  0.40015051E+001
  0.97314838E+000  0.62548570E+000  0.87655855E+000  0.40015025E+001
  0.97314852E+000  0.62548556E+000  0.87656047E+000  0.40015001E+001
  0.97314871E+000  0.62548545E+000  0.87656229E+000  0.40014980E+001
  0.97314897E+000  0.62548535E+000  0.87656403E+000  0.40014960E+001
  0.97314930E+000  0.62548527E+000  0.87656567E+000  0.40014943E+001
  0.97314971E+000  0.62548522E+000  0.87656722E+000  0.40014928E+001
  0.97315020E+000  0.62548520E+000  0.87656867E+000  0.40014915E+001
  0.97315078E+000  0.62548520E+000  0.87657002E+000  0.40014905E+001
  0.97315145E+000  0.62548522E+000  0.87657128E+000  0.40014899E+001
  0.97315224E+000  0.62548527E+000  0.87657243E+000  0.40014895E+001
  0.97315314E+000  0.62548536E+000  0.87657348E+000  0.40014894E+001
  0.97315418E+000  0.62548547E+000  0.87657441E+000  0.40014897E+001
  0.97315535E+000  0.62548561E+000  0.87657523E+000  0.40014904E+001
  0.97315667E+000  0.62548579E+000  0.87657592E+000  0.40014915E+001
  0.97315816E+000  0.62548600E+000  0.87657648E+000  0.40014930E+001
  0.97315982E+000  0.62548625E+000  0.87657689E+000  0.40014950E+001
  0.97316166E+000  0.62548653E+000  0.87657714E+000  0.40014974E+001
  0.97316369E+000  0.62548685E+000  0.87657721E+000  0.40015002E+001
  0.97316592E+000  0.62548719E+000  0.87657707E+000  0.40015035E+001
  0.97316833E+000  0.62548756E+000  0.87657668E+000  0.40015071E+001
  0.97317092E+000  0.62548794E+000  0.87657600E+000  0.40015111E+001
  0.97317364E+000  0.62548832E+000  0.87657496E+000  0.40015152E+001
  0.97317644E+000  0.62548867E+000  0.87657347E+000  0.40015192E+001
  0.97317921E+000  0.62548895E+000  0.87657142E+000  0.40015229E+001
  0.97318179E+000  0.62548908E+000  0.87656863E+000  0.40015257E+001
  0.97318392E+000  0.62548897E+000  0.87656490E+000  0.40015271E+001
  0.97318513E+000  0.62548839E+000  0.87655986E+000  0.40015261E+001
  0.97318497E+000  0.62548719E+000  0.87655318E+000  0.40015211E+001
  0.97318204E+000  0.62548443E+000  0.87654390E+000  0.40015101E+001
  0.97317619E+000  0.62548028E+000  0.87653183E+000  0.40014901E+001
  0.97316196E+000  0.62546954E+000  0.87651288E+000  0.40014536E+001
  0.97314509E+000  0.62545855E+000  0.87649112E+000  0.40014026E+001
