 -0.52254128E-001
 -0.52185248E-001
 -0.52135213E-001
 -0.52098497E-001
 -0.52071608E-001
 -0.52052141E-001
 -0.52038402E-001
 -0.52029136E-001
 -0.52023410E-001
 -0.52020485E-001
 -0.52019754E-001
 -0.52020740E-001
 -0.52023084E-001
 -0.52026499E-001
 -0.52030746E-001
 -0.52035634E-001
 -0.52041007E-001
 -0.52046741E-001
 -0.52052738E-001
 -0.52058915E-001
 -0.52065206E-001
 -0.52071558E-001
 -0.52077928E-001
 -0.52084281E-001
 -0.52090589E-001
 -0.52096828E-001
 -0.52102981E-001
 -0.52109033E-001
 -0.52114973E-001
 -0.52120790E-001
 -0.52126479E-001
 -0.52132033E-001
 -0.52137449E-001
 -0.52142724E-001
 -0.52147857E-001
 -0.52152846E-001
 -0.52157693E-001
 -0.52162396E-001
 -0.52166958E-001
 -0.52171380E-001
 -0.52175663E-001
 -0.52179808E-001
 -0.52183818E-001
 -0.52187695E-001
 -0.52191439E-001
 -0.52195052E-001
 -0.52198536E-001
 -0.52201892E-001
 -0.52205120E-001
 -0.52208221E-001
 -0.52211196E-001
 -0.52214046E-001
 -0.52216772E-001
 -0.52219373E-001
 -0.52221852E-001
 -0.52224209E-001
 -0.52226445E-001
 -0.52228562E-001
 -0.52230562E-001
 -0.52232446E-001
 -0.52234218E-001
 -0.52235880E-001
 -0.52237435E-001
 -0.52238887E-001
 -0.52240238E-001
 -0.52241494E-001
 -0.52242657E-001
 -0.52243732E-001
 -0.52244723E-001
 -0.52245635E-001
 -0.52246472E-001
 -0.52247237E-001
 -0.52247937E-001
 -0.52248574E-001
 -0.52249152E-001
 -0.52249677E-001
 -0.52250151E-001
 -0.52250579E-001
 -0.52250964E-001
 -0.52251309E-001
 -0.52251618E-001
 -0.52251894E-001
 -0.52252139E-001
 -0.52252357E-001
 -0.52252550E-001
 -0.52252719E-001
 -0.52252868E-001
 -0.52252999E-001
 -0.52253112E-001
 -0.52253210E-001
 -0.52253295E-001
 -0.52253367E-001
 -0.52253428E-001
 -0.52253478E-001
 -0.52253520E-001
 -0.52253553E-001
 -0.52253579E-001
 -0.52253598E-001
 -0.52253610E-001
 -0.52253617E-001
 -0.52253618E-001
 -0.52253614E-001
 -0.52253606E-001
 -0.52253594E-001
 -0.52253578E-001
 -0.52253558E-001
 -0.52253535E-001
 -0.52253508E-001
 -0.52253479E-001
 -0.52253447E-001
 -0.52253413E-001
 -0.52253377E-001
 -0.52253338E-001
 -0.52253297E-001
 -0.52253255E-001
 -0.52253211E-001
 -0.52253165E-001
 -0.52253118E-001
 -0.52253070E-001
 -0.52253021E-001
 -0.52252971E-001
 -0.52252920E-001
 -0.52252868E-001
 -0.52252816E-001
 -0.52252764E-001
 -0.52252711E-001
 -0.52252658E-001
 -0.52252605E-001
 -0.52252552E-001
 -0.52252500E-001
 -0.52252447E-001
 -0.52252396E-001
 -0.52252344E-001
 -0.52252293E-001
 -0.52252243E-001
 -0.52252194E-001
 -0.52252145E-001
 -0.52252098E-001
 -0.52252051E-001
 -0.52252005E-001
 -0.52251961E-001
 -0.52251917E-001
 -0.52251875E-001
 -0.52251834E-001
 -0.52251795E-001
 -0.52251756E-001
 -0.52251719E-001
 -0.52251683E-001
 -0.52251648E-001
 -0.52251615E-001
 -0.52251583E-001
 -0.52251553E-001
 -0.52251523E-001
 -0.52251495E-001
 -0.52251469E-001
 -0.52251443E-001
 -0.52251419E-001
 -0.52251396E-001
 -0.52251374E-001
 -0.52251353E-001
 -0.52251333E-001
 -0.52251315E-001
 -0.52251297E-001
 -0.52251281E-001
 -0.52251265E-001
 -0.52251250E-001
 -0.52251236E-001
 -0.52251223E-001
 -0.52251211E-001
 -0.52251200E-001
 -0.52251189E-001
 -0.52251179E-001
 -0.52251169E-001
 -0.52251160E-001
 -0.52251152E-001
 -0.52251144E-001
 -0.52251137E-001
 -0.52251130E-001
 -0.52251123E-001
 -0.52251117E-001
 -0.52251112E-001
 -0.52251106E-001
 -0.52251101E-001
 -0.52251097E-001
 -0.52251093E-001
 -0.52251090E-001
 -0.52251089E-001
 -0.52251090E-001
 -0.52251095E-001
 -0.52251106E-001
 -0.52251126E-001
 -0.52251162E-001
 -0.52251224E-001
 -0.52251328E-001
 -0.52251503E-001
 -0.52251791E-001
 -0.52252289E-001
 -0.52253069E-001
 -0.52254667E-001
 -0.52256837E-001
