  0.16717354E+001
  0.16719884E+001
  0.16721686E+001
  0.16723025E+001
  0.16724037E+001
  0.16724802E+001
  0.16725375E+001
  0.16725796E+001
  0.16726095E+001
  0.16726295E+001
  0.16726415E+001
  0.16726469E+001
  0.16726469E+001
  0.16726426E+001
  0.16726346E+001
  0.16726238E+001
  0.16726106E+001
  0.16725954E+001
  0.16725786E+001
  0.16725606E+001
  0.16725415E+001
  0.16725216E+001
  0.16725011E+001
  0.16724800E+001
  0.16724585E+001
  0.16724366E+001
  0.16724146E+001
  0.16723923E+001
  0.16723700E+001
  0.16723475E+001
  0.16723251E+001
  0.16723026E+001
  0.16722802E+001
  0.16722578E+001
  0.16722355E+001
  0.16722134E+001
  0.16721913E+001
  0.16721695E+001
  0.16721477E+001
  0.16721262E+001
  0.16721049E+001
  0.16720838E+001
  0.16720629E+001
  0.16720423E+001
  0.16720219E+001
  0.16720019E+001
  0.16719822E+001
  0.16719627E+001
  0.16719437E+001
  0.16719249E+001
  0.16719066E+001
  0.16718886E+001
  0.16718710E+001
  0.16718539E+001
  0.16718371E+001
  0.16718208E+001
  0.16718049E+001
  0.16717894E+001
  0.16717744E+001
  0.16717598E+001
  0.16717457E+001
  0.16717321E+001
  0.16717189E+001
  0.16717061E+001
  0.16716938E+001
  0.16716820E+001
  0.16716706E+001
  0.16716597E+001
  0.16716492E+001
  0.16716391E+001
  0.16716295E+001
  0.16716203E+001
  0.16716115E+001
  0.16716031E+001
  0.16715951E+001
  0.16715875E+001
  0.16715803E+001
  0.16715735E+001
  0.16715671E+001
  0.16715610E+001
  0.16715552E+001
  0.16715498E+001
  0.16715447E+001
  0.16715399E+001
  0.16715354E+001
  0.16715312E+001
  0.16715272E+001
  0.16715235E+001
  0.16715199E+001
  0.16715167E+001
  0.16715136E+001
  0.16715107E+001
  0.16715079E+001
  0.16715053E+001
  0.16715029E+001
  0.16715006E+001
  0.16714984E+001
  0.16714963E+001
  0.16714943E+001
  0.16714924E+001
  0.16714906E+001
  0.16714888E+001
  0.16714871E+001
  0.16714854E+001
  0.16714838E+001
  0.16714823E+001
  0.16714808E+001
  0.16714793E+001
  0.16714778E+001
  0.16714764E+001
  0.16714750E+001
  0.16714736E+001
  0.16714723E+001
  0.16714709E+001
  0.16714696E+001
  0.16714683E+001
  0.16714671E+001
  0.16714658E+001
  0.16714645E+001
  0.16714633E+001
  0.16714621E+001
  0.16714609E+001
  0.16714597E+001
  0.16714585E+001
  0.16714574E+001
  0.16714562E+001
  0.16714551E+001
  0.16714540E+001
  0.16714529E+001
  0.16714518E+001
  0.16714507E+001
  0.16714496E+001
  0.16714486E+001
  0.16714476E+001
  0.16714466E+001
  0.16714456E+001
  0.16714446E+001
  0.16714436E+001
  0.16714427E+001
  0.16714418E+001
  0.16714409E+001
  0.16714400E+001
  0.16714391E+001
  0.16714383E+001
  0.16714375E+001
  0.16714367E+001
  0.16714359E+001
  0.16714351E+001
  0.16714344E+001
  0.16714337E+001
  0.16714330E+001
  0.16714323E+001
  0.16714316E+001
  0.16714310E+001
  0.16714304E+001
  0.16714298E+001
  0.16714293E+001
  0.16714287E+001
  0.16714282E+001
  0.16714277E+001
  0.16714273E+001
  0.16714269E+001
  0.16714265E+001
  0.16714261E+001
  0.16714258E+001
  0.16714255E+001
  0.16714253E+001
  0.16714250E+001
  0.16714249E+001
  0.16714247E+001
  0.16714247E+001
  0.16714246E+001
  0.16714247E+001
  0.16714248E+001
  0.16714249E+001
  0.16714252E+001
  0.16714255E+001
  0.16714259E+001
  0.16714264E+001
  0.16714269E+001
  0.16714276E+001
  0.16714285E+001
  0.16714294E+001
  0.16714305E+001
  0.16714317E+001
  0.16714330E+001
  0.16714344E+001
  0.16714359E+001
  0.16714375E+001
  0.16714390E+001
  0.16714404E+001
  0.16714417E+001
  0.16714424E+001
  0.16714424E+001
  0.16714412E+001
  0.16714383E+001
  0.16714323E+001
  0.16714225E+001
  0.16714040E+001
  0.16713811E+001
