  0.11474449E+001
  0.11473929E+001
  0.11473323E+001
  0.11472792E+001
  0.11472350E+001
  0.11471982E+001
  0.11471673E+001
  0.11471413E+001
  0.11471192E+001
  0.11471004E+001
  0.11470842E+001
  0.11470703E+001
  0.11470583E+001
  0.11470479E+001
  0.11470389E+001
  0.11470310E+001
  0.11470240E+001
  0.11470179E+001
  0.11470124E+001
  0.11470076E+001
  0.11470032E+001
  0.11469993E+001
  0.11469957E+001
  0.11469925E+001
  0.11469896E+001
  0.11469868E+001
  0.11469843E+001
  0.11469820E+001
  0.11469798E+001
  0.11469777E+001
  0.11469758E+001
  0.11469740E+001
  0.11469722E+001
  0.11469705E+001
  0.11469689E+001
  0.11469674E+001
  0.11469659E+001
  0.11469645E+001
  0.11469631E+001
  0.11469618E+001
  0.11469606E+001
  0.11469593E+001
  0.11469582E+001
  0.11469570E+001
  0.11469559E+001
  0.11469549E+001
  0.11469539E+001
  0.11469529E+001
  0.11469520E+001
  0.11469511E+001
  0.11469503E+001
  0.11469495E+001
  0.11469487E+001
  0.11469480E+001
  0.11469474E+001
  0.11469468E+001
  0.11469462E+001
  0.11469457E+001
  0.11469452E+001
  0.11469448E+001
  0.11469444E+001
  0.11469441E+001
  0.11469438E+001
  0.11469436E+001
  0.11469434E+001
  0.11469432E+001
  0.11469431E+001
  0.11469431E+001
  0.11469431E+001
  0.11469431E+001
  0.11469432E+001
  0.11469434E+001
  0.11469435E+001
  0.11469438E+001
  0.11469440E+001
  0.11469444E+001
  0.11469447E+001
  0.11469451E+001
  0.11469455E+001
  0.11469460E+001
  0.11469465E+001
  0.11469471E+001
  0.11469477E+001
  0.11469483E+001
  0.11469490E+001
  0.11469497E+001
  0.11469505E+001
  0.11469512E+001
  0.11469520E+001
  0.11469529E+001
  0.11469538E+001
  0.11469547E+001
  0.11469556E+001
  0.11469566E+001
  0.11469576E+001
  0.11469586E+001
  0.11469596E+001
  0.11469607E+001
  0.11469618E+001
  0.11469629E+001
  0.11469640E+001
  0.11469652E+001
  0.11469664E+001
  0.11469676E+001
  0.11469688E+001
  0.11469700E+001
  0.11469713E+001
  0.11469726E+001
  0.11469739E+001
  0.11469752E+001
  0.11469765E+001
  0.11469778E+001
  0.11469792E+001
  0.11469805E+001
  0.11469819E+001
  0.11469833E+001
  0.11469847E+001
  0.11469861E+001
  0.11469875E+001
  0.11469889E+001
  0.11469904E+001
  0.11469918E+001
  0.11469933E+001
  0.11469947E+001
  0.11469962E+001
  0.11469976E+001
  0.11469991E+001
  0.11470006E+001
  0.11470020E+001
  0.11470035E+001
  0.11470050E+001
  0.11470065E+001
  0.11470079E+001
  0.11470094E+001
  0.11470109E+001
  0.11470124E+001
  0.11470138E+001
  0.11470153E+001
  0.11470168E+001
  0.11470182E+001
  0.11470197E+001
  0.11470211E+001
  0.11470226E+001
  0.11470240E+001
  0.11470255E+001
  0.11470269E+001
  0.11470283E+001
  0.11470298E+001
  0.11470312E+001
  0.11470326E+001
  0.11470340E+001
  0.11470354E+001
  0.11470367E+001
  0.11470381E+001
  0.11470395E+001
  0.11470408E+001
  0.11470421E+001
  0.11470435E+001
  0.11470448E+001
  0.11470461E+001
  0.11470474E+001
  0.11470486E+001
  0.11470499E+001
  0.11470511E+001
  0.11470524E+001
  0.11470536E+001
  0.11470548E+001
  0.11470560E+001
  0.11470572E+001
  0.11470584E+001
  0.11470595E+001
  0.11470607E+001
  0.11470618E+001
  0.11470629E+001
  0.11470640E+001
  0.11470651E+001
  0.11470661E+001
  0.11470672E+001
  0.11470682E+001
  0.11470693E+001
  0.11470703E+001
  0.11470713E+001
  0.11470722E+001
  0.11470732E+001
  0.11470742E+001
  0.11470751E+001
  0.11470760E+001
  0.11470770E+001
  0.11470779E+001
  0.11470788E+001
  0.11470797E+001
  0.11470806E+001
  0.11470815E+001
  0.11470824E+001
  0.11470834E+001
  0.11470845E+001
  0.11470856E+001
  0.11470874E+001
  0.11470887E+001
  0.11470961E+001
