  0.59775046E+000
  0.59751461E+000
  0.59737263E+000
  0.59728262E+000
  0.59722394E+000
  0.59718529E+000
  0.59716023E+000
  0.59714477E+000
  0.59714115E+000
  0.59714791E+000
  0.59715845E+000
  0.59716821E+000
  0.59717802E+000
  0.59718845E+000
  0.59719943E+000
  0.59721079E+000
  0.59722236E+000
  0.59723399E+000
  0.59724553E+000
  0.59725687E+000
  0.59726794E+000
  0.59727866E+000
  0.59728899E+000
  0.59729889E+000
  0.59730834E+000
  0.59731732E+000
  0.59732583E+000
  0.59733385E+000
  0.59734139E+000
  0.59734843E+000
  0.59735499E+000
  0.59736106E+000
  0.59736664E+000
  0.59737175E+000
  0.59737639E+000
  0.59738057E+000
  0.59738430E+000
  0.59738760E+000
  0.59739048E+000
  0.59739296E+000
  0.59739507E+000
  0.59739683E+000
  0.59739827E+000
  0.59739940E+000
  0.59740027E+000
  0.59740089E+000
  0.59740130E+000
  0.59740152E+000
  0.59740158E+000
  0.59740150E+000
  0.59740130E+000
  0.59740101E+000
  0.59740065E+000
  0.59740022E+000
  0.59739975E+000
  0.59739925E+000
  0.59739873E+000
  0.59739820E+000
  0.59739767E+000
  0.59739714E+000
  0.59739662E+000
  0.59739611E+000
  0.59739562E+000
  0.59739515E+000
  0.59739470E+000
  0.59739428E+000
  0.59739388E+000
  0.59739351E+000
  0.59739317E+000
  0.59739286E+000
  0.59739257E+000
  0.59739232E+000
  0.59739209E+000
  0.59739188E+000
  0.59739170E+000
  0.59739155E+000
  0.59739142E+000
  0.59739131E+000
  0.59739122E+000
  0.59739115E+000
  0.59739110E+000
  0.59739106E+000
  0.59739105E+000
  0.59739104E+000
  0.59739105E+000
  0.59739107E+000
  0.59739110E+000
  0.59739114E+000
  0.59739119E+000
  0.59739125E+000
  0.59739132E+000
  0.59739140E+000
  0.59739148E+000
  0.59739156E+000
  0.59739165E+000
  0.59739175E+000
  0.59739185E+000
  0.59739196E+000
  0.59739206E+000
  0.59739218E+000
  0.59739229E+000
  0.59739241E+000
  0.59739253E+000
  0.59739265E+000
  0.59739278E+000
  0.59739290E+000
  0.59739303E+000
  0.59739316E+000
  0.59739329E+000
  0.59739342E+000
  0.59739355E+000
  0.59739368E+000
  0.59739382E+000
  0.59739395E+000
  0.59739408E+000
  0.59739421E+000
  0.59739434E+000
  0.59739446E+000
  0.59739459E+000
  0.59739472E+000
  0.59739484E+000
  0.59739496E+000
  0.59739508E+000
  0.59739519E+000
  0.59739530E+000
  0.59739541E+000
  0.59739552E+000
  0.59739562E+000
  0.59739572E+000
  0.59739582E+000
  0.59739591E+000
  0.59739600E+000
  0.59739609E+000
  0.59739617E+000
  0.59739625E+000
  0.59739632E+000
  0.59739639E+000
  0.59739646E+000
  0.59739652E+000
  0.59739658E+000
  0.59739663E+000
  0.59739668E+000
  0.59739673E+000
  0.59739677E+000
  0.59739681E+000
  0.59739684E+000
  0.59739687E+000
  0.59739690E+000
  0.59739692E+000
  0.59739694E+000
  0.59739696E+000
  0.59739697E+000
  0.59739698E+000
  0.59739698E+000
  0.59739698E+000
  0.59739698E+000
  0.59739697E+000
  0.59739696E+000
  0.59739695E+000
  0.59739693E+000
  0.59739691E+000
  0.59739688E+000
  0.59739685E+000
  0.59739682E+000
  0.59739678E+000
  0.59739673E+000
  0.59739669E+000
  0.59739663E+000
  0.59739657E+000
  0.59739651E+000
  0.59739644E+000
  0.59739637E+000
  0.59739628E+000
  0.59739620E+000
  0.59739610E+000
  0.59739600E+000
  0.59739589E+000
  0.59739578E+000
  0.59739566E+000
  0.59739552E+000
  0.59739538E+000
  0.59739523E+000
  0.59739508E+000
  0.59739491E+000
  0.59739473E+000
  0.59739454E+000
  0.59739435E+000
  0.59739414E+000
  0.59739393E+000
  0.59739371E+000
  0.59739349E+000
  0.59739327E+000
  0.59739307E+000
  0.59739292E+000
  0.59739285E+000
  0.59739296E+000
  0.59739338E+000
  0.59739461E+000
  0.59739765E+000
  0.59740834E+000
