  0.64878663E+000  0.85726219E+000  0.95052381E+000  0.21332072E+001
  0.64901069E+000  0.85696507E+000  0.95036385E+000  0.21332324E+001
  0.64896179E+000  0.85685919E+000  0.95028332E+000  0.21332250E+001
  0.64892059E+000  0.85681449E+000  0.95017369E+000  0.21332084E+001
  0.64888612E+000  0.85675127E+000  0.95011220E+000  0.21331907E+001
  0.64885673E+000  0.85682166E+000  0.94994024E+000  0.21331744E+001
  0.64892575E+000  0.85678992E+000  0.94979393E+000  0.21331600E+001
  0.64890433E+000  0.85675225E+000  0.94976136E+000  0.21331476E+001
  0.64888549E+000  0.85689458E+000  0.94956018E+000  0.21331370E+001
  0.64886905E+000  0.85686825E+000  0.94953670E+000  0.21331279E+001
  0.64885461E+000  0.85684596E+000  0.94951667E+000  0.21331200E+001
  0.64884190E+000  0.85682703E+000  0.94949953E+000  0.21331132E+001
  0.64883414E+000  0.85680741E+000  0.94948483E+000  0.21331073E+001
  0.64882415E+000  0.85679361E+000  0.94947218E+000  0.21331021E+001
  0.64881522E+000  0.85678177E+000  0.94946124E+000  0.21330976E+001
  0.64919120E+000  0.85640702E+000  0.94943230E+000  0.21330937E+001
  0.64918397E+000  0.85639819E+000  0.94942401E+000  0.21330902E+001
  0.64917739E+000  0.85642051E+000  0.94938679E+000  0.21330871E+001
  0.64917138E+000  0.85641383E+000  0.94938042E+000  0.21330843E+001
  0.64916586E+000  0.85640800E+000  0.94937482E+000  0.21330819E+001
  0.64916075E+000  0.85640287E+000  0.94936986E+000  0.21330797E+001
  0.64915600E+000  0.85639898E+000  0.94936482E+000  0.21330777E+001
  0.64915155E+000  0.85639496E+000  0.94936090E+000  0.21330759E+001
  0.64914737E+000  0.85639137E+000  0.94935739E+000  0.21330742E+001
  0.64914342E+000  0.85638815E+000  0.94935424E+000  0.21330727E+001
  0.64913965E+000  0.85638524E+000  0.94935140E+000  0.21330713E+001
  0.64913606E+000  0.85638260E+000  0.94934883E+000  0.21330701E+001
  0.64913261E+000  0.85638018E+000  0.94934650E+000  0.21330689E+001
  0.64912929E+000  0.85637796E+000  0.94934436E+000  0.21330678E+001
  0.64912607E+000  0.85637590E+000  0.94934241E+000  0.21330668E+001
  0.64912295E+000  0.85637398E+000  0.94934062E+000  0.21330659E+001
  0.64911991E+000  0.85637218E+000  0.94933896E+000  0.21330650E+001
  0.64911695E+000  0.85637048E+000  0.94933742E+000  0.21330642E+001
  0.64911405E+000  0.85636888E+000  0.94933600E+000  0.21330635E+001
  0.64911121E+000  0.85636735E+000  0.94933467E+000  0.21330628E+001
  0.64910842E+000  0.85636588E+000  0.94933343E+000  0.21330622E+001
  0.64910569E+000  0.85636448E+000  0.94933226E+000  0.21330616E+001
  0.64910300E+000  0.85636313E+000  0.94933117E+000  0.21330610E+001
  0.64910036E+000  0.85636183E+000  0.94933013E+000  0.21330605E+001
  0.64909777E+000  0.85636057E+000  0.94932916E+000  0.21330601E+001
  0.64909522E+000  0.85635936E+000  0.94932824E+000  0.21330597E+001
  0.64909272E+000  0.85635818E+000  0.94932737E+000  0.21330593E+001
  0.64909026E+000  0.85635704E+000  0.94932654E+000  0.21330591E+001
  0.64908785E+000  0.85635593E+000  0.94932575E+000  0.21330588E+001
  0.64908549E+000  0.85635486E+000  0.94932499E+000  0.21330586E+001
  0.64908318E+000  0.85635382E+000  0.94932427E+000  0.21330585E+001
  0.64908092E+000  0.85635281E+000  0.94932359E+000  0.21330584E+001
  0.64907872E+000  0.85635184E+000  0.94932293E+000  0.21330584E+001
  0.64907657E+000  0.85635090E+000  0.94932230E+000  0.21330584E+001
  0.64907447E+000  0.85634999E+000  0.94932170E+000  0.21330585E+001
  0.64907244E+000  0.85634910E+000  0.94932112E+000  0.21330586E+001
  0.64907047E+000  0.85634825E+000  0.94932056E+000  0.21330589E+001
  0.64906855E+000  0.85634743E+000  0.94932003E+000  0.21330591E+001
  0.64906670E+000  0.85634664E+000  0.94931952E+000  0.21330595E+001
  0.64906492E+000  0.85634587E+000  0.94931904E+000  0.21330599E+001
  0.64906320E+000  0.85634514E+000  0.94931857E+000  0.21330604E+001
  0.64906154E+000  0.85634443E+000  0.94931813E+000  0.21330609E+001
  0.64905996E+000  0.85634375E+000  0.94931771E+000  0.21330615E+001
  0.64905843E+000  0.85634309E+000  0.94931731E+000  0.21330622E+001
  0.64905698E+000  0.85634247E+000  0.94931694E+000  0.21330630E+001
  0.64905559E+000  0.85634186E+000  0.94931659E+000  0.21330638E+001
  0.64905426E+000  0.85634129E+000  0.94931626E+000  0.21330647E+001
  0.64905301E+000  0.85634074E+000  0.94931596E+000  0.21330657E+001
  0.64905181E+000  0.85634021E+000  0.94931568E+000  0.21330668E+001
  0.64905068E+000  0.85633971E+000  0.94931542E+000  0.21330679E+001
  0.64904961E+000  0.85633923E+000  0.94931519E+000  0.21330691E+001
  0.64904860E+000  0.85633878E+000  0.94931499E+000  0.21330704E+001
  0.64904765E+000  0.85633834E+000  0.94931481E+000  0.21330718E+001
  0.64904675E+000  0.85633794E+000  0.94931466E+000  0.21330732E+001
  0.64904592E+000  0.85633755E+000  0.94931454E+000  0.21330748E+001
  0.64904513E+000  0.85633719E+000  0.94931445E+000  0.21330764E+001
  0.64904440E+000  0.85633685E+000  0.94931439E+000  0.21330781E+001
  0.64904371E+000  0.85633652E+000  0.94931435E+000  0.21330798E+001
  0.64904308E+000  0.85633622E+000  0.94931435E+000  0.21330817E+001
  0.64904248E+000  0.85633595E+000  0.94931437E+000  0.21330836E+001
  0.64904193E+000  0.85633569E+000  0.94931442E+000  0.21330856E+001
  0.64904143E+000  0.85633545E+000  0.94931451E+000  0.21330877E+001
  0.64904096E+000  0.85633522E+000  0.94931462E+000  0.21330899E+001
  0.64904052E+000  0.85633502E+000  0.94931477E+000  0.21330921E+001
  0.64904012E+000  0.85633483E+000  0.94931494E+000  0.21330945E+001
  0.64903976E+000  0.85633466E+000  0.94931514E+000  0.21330969E+001
  0.64903942E+000  0.85633451E+000  0.94931538E+000  0.21330994E+001
  0.64903911E+000  0.85633437E+000  0.94931564E+000  0.21331019E+001
  0.64903883E+000  0.85633425E+000  0.94931593E+000  0.21331046E+001
  0.64903858E+000  0.85633414E+000  0.94931625E+000  0.21331073E+001
  0.64903834E+000  0.85633405E+000  0.94931660E+000  0.21331101E+001
  0.64903813E+000  0.85633397E+000  0.94931697E+000  0.21331130E+001
  0.64903794E+000  0.85633390E+000  0.94931737E+000  0.21331160E+001
  0.64903776E+000  0.85633384E+000  0.94931780E+000  0.21331190E+001
  0.64903761E+000  0.85633380E+000  0.94931825E+000  0.21331222E+001
  0.64903747E+000  0.85633376E+000  0.94931873E+000  0.21331254E+001
  0.64903734E+000  0.85633374E+000  0.94931923E+000  0.21331286E+001
  0.64903723E+000  0.85633372E+000  0.94931975E+000  0.21331320E+001
  0.64903713E+000  0.85633371E+000  0.94932030E+000  0.21331354E+001
  0.64903704E+000  0.85633371E+000  0.94932087E+000  0.21331388E+001
  0.64903696E+000  0.85633372E+000  0.94932146E+000  0.21331424E+001
  0.64903690E+000  0.85633374E+000  0.94932207E+000  0.21331460E+001
  0.64903684E+000  0.85633376E+000  0.94932269E+000  0.21331497E+001
  0.64903679E+000  0.85633379E+000  0.94932334E+000  0.21331534E+001
  0.64903675E+000  0.85633383E+000  0.94932400E+000  0.21331572E+001
  0.64903672E+000  0.85633387E+000  0.94932468E+000  0.21331611E+001
  0.64903669E+000  0.85633392E+000  0.94932537E+000  0.21331650E+001
  0.64903667E+000  0.85633397E+000  0.94932608E+000  0.21331690E+001
  0.64903666E+000  0.85633402E+000  0.94932680E+000  0.21331731E+001
  0.64903665E+000  0.85633408E+000  0.94932754E+000  0.21331772E+001
  0.64903665E+000  0.85633414E+000  0.94932828E+000  0.21331813E+001
  0.64903665E+000  0.85633421E+000  0.94932904E+000  0.21331855E+001
  0.64903666E+000  0.85633427E+000  0.94932981E+000  0.21331898E+001
  0.64903667E+000  0.85633434E+000  0.94933058E+000  0.21331941E+001
  0.64903668E+000  0.85633441E+000  0.94933137E+000  0.21331985E+001
  0.64903670E+000  0.85633448E+000  0.94933216E+000  0.21332029E+001
  0.64903672E+000  0.85633455E+000  0.94933296E+000  0.21332073E+001
  0.64903675E+000  0.85633462E+000  0.94933376E+000  0.21332118E+001
  0.64903678E+000  0.85633469E+000  0.94933457E+000  0.21332164E+001
  0.64903681E+000  0.85633476E+000  0.94933538E+000  0.21332210E+001
  0.64903684E+000  0.85633483E+000  0.94933620E+000  0.21332256E+001
  0.64903688E+000  0.85633490E+000  0.94933702E+000  0.21332302E+001
  0.64903692E+000  0.85633497E+000  0.94933784E+000  0.21332349E+001
  0.64903695E+000  0.85633503E+000  0.94933866E+000  0.21332397E+001
  0.64903700E+000  0.85633510E+000  0.94933948E+000  0.21332444E+001
  0.64903704E+000  0.85633516E+000  0.94934031E+000  0.21332492E+001
  0.64903708E+000  0.85633522E+000  0.94934113E+000  0.21332541E+001
  0.64903713E+000  0.85633528E+000  0.94934195E+000  0.21332589E+001
  0.64903717E+000  0.85633534E+000  0.94934277E+000  0.21332638E+001
  0.64903722E+000  0.85633540E+000  0.94934358E+000  0.21332687E+001
  0.64903727E+000  0.85633545E+000  0.94934439E+000  0.21332737E+001
  0.64903732E+000  0.85633550E+000  0.94934520E+000  0.21332786E+001
  0.64903737E+000  0.85633555E+000  0.94934600E+000  0.21332836E+001
  0.64903742E+000  0.85633560E+000  0.94934680E+000  0.21332886E+001
  0.64903747E+000  0.85633564E+000  0.94934759E+000  0.21332936E+001
  0.64903752E+000  0.85633568E+000  0.94934837E+000  0.21332986E+001
  0.64903757E+000  0.85633572E+000  0.94934915E+000  0.21333037E+001
  0.64903761E+000  0.85633576E+000  0.94934992E+000  0.21333087E+001
  0.64903766E+000  0.85633580E+000  0.94935068E+000  0.21333138E+001
  0.64903771E+000  0.85633583E+000  0.94935143E+000  0.21333188E+001
  0.64903776E+000  0.85633586E+000  0.94935217E+000  0.21333239E+001
  0.64903781E+000  0.85633589E+000  0.94935290E+000  0.21333290E+001
  0.64903785E+000  0.85633592E+000  0.94935363E+000  0.21333341E+001
  0.64903790E+000  0.85633594E+000  0.94935434E+000  0.21333392E+001
  0.64903795E+000  0.85633597E+000  0.94935504E+000  0.21333442E+001
  0.64903799E+000  0.85633599E+000  0.94935573E+000  0.21333493E+001
  0.64903803E+000  0.85633601E+000  0.94935641E+000  0.21333544E+001
  0.64903808E+000  0.85633603E+000  0.94935707E+000  0.21333595E+001
  0.64903812E+000  0.85633605E+000  0.94935773E+000  0.21333645E+001
  0.64903816E+000  0.85633607E+000  0.94935837E+000  0.21333696E+001
  0.64903820E+000  0.85633609E+000  0.94935900E+000  0.21333746E+001
  0.64903824E+000  0.85633610E+000  0.94935961E+000  0.21333797E+001
  0.64903828E+000  0.85633612E+000  0.94936021E+000  0.21333847E+001
  0.64903832E+000  0.85633613E+000  0.94936080E+000  0.21333897E+001
  0.64903835E+000  0.85633615E+000  0.94936137E+000  0.21333947E+001
  0.64903839E+000  0.85633616E+000  0.94936193E+000  0.21333997E+001
  0.64903842E+000  0.85633617E+000  0.94936248E+000  0.21334046E+001
  0.64903846E+000  0.85633618E+000  0.94936301E+000  0.21334095E+001
  0.64903849E+000  0.85633619E+000  0.94936353E+000  0.21334144E+001
  0.64903853E+000  0.85633621E+000  0.94936403E+000  0.21334193E+001
  0.64903856E+000  0.85633622E+000  0.94936452E+000  0.21334242E+001
  0.64903859E+000  0.85633623E+000  0.94936500E+000  0.21334290E+001
  0.64903862E+000  0.85633624E+000  0.94936546E+000  0.21334338E+001
  0.64903865E+000  0.85633625E+000  0.94936590E+000  0.21334385E+001
  0.64903868E+000  0.85633626E+000  0.94936634E+000  0.21334433E+001
  0.64903871E+000  0.85633627E+000  0.94936675E+000  0.21334479E+001
  0.64903875E+000  0.85633628E+000  0.94936716E+000  0.21334526E+001
  0.64903878E+000  0.85633629E+000  0.94936755E+000  0.21334572E+001
  0.64903881E+000  0.85633630E+000  0.94936792E+000  0.21334618E+001
  0.64903884E+000  0.85633631E+000  0.94936828E+000  0.21334663E+001
  0.64903887E+000  0.85633633E+000  0.94936863E+000  0.21334708E+001
  0.64903890E+000  0.85633634E+000  0.94936897E+000  0.21334753E+001
  0.64903894E+000  0.85633635E+000  0.94936928E+000  0.21334797E+001
  0.64903897E+000  0.85633636E+000  0.94936959E+000  0.21334841E+001
  0.64903901E+000  0.85633637E+000  0.94936988E+000  0.21334884E+001
  0.64903905E+000  0.85633639E+000  0.94937016E+000  0.21334927E+001
  0.64903909E+000  0.85633640E+000  0.94937043E+000  0.21334970E+001
  0.64903913E+000  0.85633641E+000  0.94937068E+000  0.21335012E+001
  0.64903917E+000  0.85633642E+000  0.94937091E+000  0.21335053E+001
  0.64903922E+000  0.85633644E+000  0.94937113E+000  0.21335094E+001
  0.64903927E+000  0.85633645E+000  0.94937134E+000  0.21335135E+001
  0.64903932E+000  0.85633646E+000  0.94937154E+000  0.21335175E+001
  0.64903937E+000  0.85633648E+000  0.94937171E+000  0.21335215E+001
  0.64903943E+000  0.85633649E+000  0.94937188E+000  0.21335254E+001
  0.64903950E+000  0.85633651E+000  0.94937203E+000  0.21335293E+001
  0.64903957E+000  0.85633652E+000  0.94937216E+000  0.21335331E+001
  0.64903964E+000  0.85633653E+000  0.94937228E+000  0.21335369E+001
  0.64903972E+000  0.85633655E+000  0.94937237E+000  0.21335406E+001
  0.64903981E+000  0.85633656E+000  0.94937246E+000  0.21335443E+001
  0.64903990E+000  0.85633658E+000  0.94937252E+000  0.21335479E+001
  0.64904000E+000  0.85633659E+000  0.94937256E+000  0.21335516E+001
  0.64904011E+000  0.85633660E+000  0.94937259E+000  0.21335551E+001
  0.64904023E+000  0.85633662E+000  0.94937259E+000  0.21335587E+001
  0.64904036E+000  0.85633663E+000  0.94937257E+000  0.21335622E+001
  0.64904051E+000  0.85633665E+000  0.94937254E+000  0.21335657E+001
  0.64904067E+000  0.85633667E+000  0.94937248E+000  0.21335691E+001
  0.64904085E+000  0.85633670E+000  0.94937241E+000  0.21335726E+001
  0.64904105E+000  0.85633675E+000  0.94937232E+000  0.21335761E+001
  0.64904130E+000  0.85633682E+000  0.94937224E+000  0.21335796E+001
  0.64904159E+000  0.85633692E+000  0.94937214E+000  0.21335832E+001
  0.64904198E+000  0.85633715E+000  0.94937216E+000  0.21335869E+001
  0.64904243E+000  0.85633740E+000  0.94937212E+000  0.21335908E+001
  0.64904333E+000  0.85633833E+000  0.94937274E+000  0.21335955E+001
  0.64904407E+000  0.85633865E+000  0.94937254E+000  0.21335999E+001
  0.64904787E+000  0.85634455E+000  0.94938177E+000  0.21336107E+001
