  0.69111620E+000  0.85013612E+000  0.10128153E+001  0.20357122E+001
  0.69098466E+000  0.85000857E+000  0.10128273E+001  0.20357515E+001
  0.69089254E+000  0.84990311E+000  0.10128049E+001  0.20357287E+001
  0.69082258E+000  0.84981706E+000  0.10127801E+001  0.20356975E+001
  0.69076688E+000  0.84974320E+000  0.10127620E+001  0.20356682E+001
  0.69072080E+000  0.84967753E+000  0.10127517E+001  0.20356429E+001
  0.69068171E+000  0.84962429E+000  0.10127420E+001  0.20356216E+001
  0.69064800E+000  0.84958110E+000  0.10127327E+001  0.20356037E+001
  0.69061859E+000  0.84954600E+000  0.10127239E+001  0.20355888E+001
  0.69059275E+000  0.84951744E+000  0.10127153E+001  0.20355763E+001
  0.69056987E+000  0.84949434E+000  0.10127070E+001  0.20355660E+001
  0.69054950E+000  0.84947581E+000  0.10126991E+001  0.20355572E+001
  0.69053128E+000  0.84946101E+000  0.10126914E+001  0.20355500E+001
  0.69051490E+000  0.84944930E+000  0.10126839E+001  0.20355439E+001
  0.69050013E+000  0.84944013E+000  0.10126767E+001  0.20355389E+001
  0.69048673E+000  0.84943305E+000  0.10126698E+001  0.20355346E+001
  0.69047452E+000  0.84942770E+000  0.10126630E+001  0.20355311E+001
  0.69046334E+000  0.84942377E+000  0.10126565E+001  0.20355282E+001
  0.69045306E+000  0.84942101E+000  0.10126501E+001  0.20355257E+001
  0.69044358E+000  0.84941922E+000  0.10126440E+001  0.20355237E+001
  0.69043478E+000  0.84941821E+000  0.10126380E+001  0.20355221E+001
  0.69042658E+000  0.84941784E+000  0.10126323E+001  0.20355207E+001
  0.69041892E+000  0.84941799E+000  0.10126267E+001  0.20355196E+001
  0.69041172E+000  0.84941855E+000  0.10126213E+001  0.20355188E+001
  0.69040494E+000  0.84941944E+000  0.10126160E+001  0.20355181E+001
  0.69039852E+000  0.84942059E+000  0.10126110E+001  0.20355175E+001
  0.69039243E+000  0.84942194E+000  0.10126060E+001  0.20355171E+001
  0.69038663E+000  0.84942344E+000  0.10126013E+001  0.20355169E+001
  0.69038109E+000  0.84942499E+000  0.10125967E+001  0.20355167E+001
  0.69037579E+000  0.84942435E+000  0.10125945E+001  0.20355165E+001
  0.69037070E+000  0.84942379E+000  0.10125924E+001  0.20355165E+001
  0.69036580E+000  0.84942329E+000  0.10125905E+001  0.20355165E+001
  0.69036108E+000  0.84942283E+000  0.10125886E+001  0.20355166E+001
  0.69035652E+000  0.84942240E+000  0.10125868E+001  0.20355167E+001
  0.69035212E+000  0.84942200E+000  0.10125850E+001  0.20355169E+001
  0.69034786E+000  0.84942161E+000  0.10125833E+001  0.20355171E+001
  0.69034373E+000  0.84942124E+000  0.10125817E+001  0.20355173E+001
  0.69033973E+000  0.84942087E+000  0.10125802E+001  0.20355176E+001
  0.69033585E+000  0.84942051E+000  0.10125786E+001  0.20355178E+001
  0.69033209E+000  0.84942016E+000  0.10125772E+001  0.20355182E+001
  0.69032844E+000  0.84941981E+000  0.10125757E+001  0.20355185E+001
  0.69032491E+000  0.84941946E+000  0.10125743E+001  0.20355189E+001
  0.69032148E+000  0.84941911E+000  0.10125730E+001  0.20355193E+001
  0.69031816E+000  0.84941876E+000  0.10125716E+001  0.20355198E+001
  0.69031495E+000  0.84941841E+000  0.10125703E+001  0.20355202E+001
  0.69031184E+000  0.84941806E+000  0.10125691E+001  0.20355207E+001
  0.69030884E+000  0.84941771E+000  0.10125679E+001  0.20355213E+001
  0.69030595E+000  0.84941736E+000  0.10125667E+001  0.20355218E+001
  0.69030316E+000  0.84941701E+000  0.10125656E+001  0.20355224E+001
  0.69030048E+000  0.84941666E+000  0.10125645E+001  0.20355230E+001
  0.69029790E+000  0.84941632E+000  0.10125634E+001  0.20355237E+001
  0.69029543E+000  0.84941597E+000  0.10125624E+001  0.20355243E+001
  0.69029306E+000  0.84941563E+000  0.10125614E+001  0.20355250E+001
  0.69029081E+000  0.84941528E+000  0.10125605E+001  0.20355258E+001
  0.69028865E+000  0.84941494E+000  0.10125596E+001  0.20355265E+001
  0.69028661E+000  0.84941461E+000  0.10125587E+001  0.20355273E+001
  0.69028467E+000  0.84941428E+000  0.10125579E+001  0.20355281E+001
  0.69028283E+000  0.84941395E+000  0.10125572E+001  0.20355290E+001
  0.69028110E+000  0.84941363E+000  0.10125565E+001  0.20355298E+001
  0.69027947E+000  0.84941331E+000  0.10125558E+001  0.20355308E+001
  0.69027794E+000  0.84941300E+000  0.10125552E+001  0.20355317E+001
  0.69027651E+000  0.84941270E+000  0.10125546E+001  0.20355327E+001
  0.69027518E+000  0.84941242E+000  0.10125541E+001  0.20355337E+001
  0.69027395E+000  0.84941214E+000  0.10125537E+001  0.20355347E+001
  0.69027281E+000  0.84941187E+000  0.10125532E+001  0.20355358E+001
  0.69027175E+000  0.84941161E+000  0.10125529E+001  0.20355369E+001
  0.69027079E+000  0.84941137E+000  0.10125525E+001  0.20355381E+001
  0.69026991E+000  0.84941115E+000  0.10125523E+001  0.20355393E+001
  0.69026911E+000  0.84941094E+000  0.10125520E+001  0.20355405E+001
  0.69026839E+000  0.84941075E+000  0.10125519E+001  0.20355418E+001
  0.69026775E+000  0.84941057E+000  0.10125517E+001  0.20355431E+001
  0.69026717E+000  0.84941041E+000  0.10125517E+001  0.20355444E+001
  0.69026667E+000  0.84941028E+000  0.10125516E+001  0.20355458E+001
  0.69026623E+000  0.84941016E+000  0.10125517E+001  0.20355473E+001
  0.69026585E+000  0.84941006E+000  0.10125517E+001  0.20355487E+001
  0.69026553E+000  0.84940999E+000  0.10125519E+001  0.20355503E+001
  0.69026527E+000  0.84940993E+000  0.10125521E+001  0.20355518E+001
  0.69026506E+000  0.84940990E+000  0.10125523E+001  0.20355534E+001
  0.69026489E+000  0.84940989E+000  0.10125526E+001  0.20355551E+001
  0.69026477E+000  0.84940990E+000  0.10125529E+001  0.20355568E+001
  0.69026470E+000  0.84940993E+000  0.10125533E+001  0.20355585E+001
  0.69026466E+000  0.84940999E+000  0.10125537E+001  0.20355603E+001
  0.69026466E+000  0.84941007E+000  0.10125542E+001  0.20355622E+001
  0.69026469E+000  0.84941017E+000  0.10125547E+001  0.20355640E+001
  0.69026476E+000  0.84941029E+000  0.10125553E+001  0.20355660E+001
  0.69026485E+000  0.84941043E+000  0.10125559E+001  0.20355679E+001
  0.69026497E+000  0.84941060E+000  0.10125565E+001  0.20355700E+001
  0.69026512E+000  0.84941079E+000  0.10125572E+001  0.20355721E+001
  0.69026529E+000  0.84941100E+000  0.10125580E+001  0.20355742E+001
  0.69026547E+000  0.84941123E+000  0.10125587E+001  0.20355764E+001
  0.69026568E+000  0.84941149E+000  0.10125596E+001  0.20355786E+001
  0.69026590E+000  0.84941176E+000  0.10125604E+001  0.20355808E+001
  0.69026613E+000  0.84941206E+000  0.10125613E+001  0.20355832E+001
  0.69026638E+000  0.84941238E+000  0.10125622E+001  0.20355855E+001
  0.69026665E+000  0.84941271E+000  0.10125632E+001  0.20355879E+001
  0.69026692E+000  0.84941307E+000  0.10125641E+001  0.20355904E+001
  0.69026720E+000  0.84941345E+000  0.10125652E+001  0.20355929E+001
  0.69026749E+000  0.84941385E+000  0.10125662E+001  0.20355954E+001
  0.69026778E+000  0.84941426E+000  0.10125673E+001  0.20355980E+001
  0.69026809E+000  0.84941469E+000  0.10125684E+001  0.20356007E+001
  0.69026839E+000  0.84941514E+000  0.10125695E+001  0.20356034E+001
  0.69026870E+000  0.84941560E+000  0.10125706E+001  0.20356061E+001
  0.69026901E+000  0.84941608E+000  0.10125718E+001  0.20356089E+001
  0.69026933E+000  0.84941658E+000  0.10125730E+001  0.20356117E+001
  0.69026964E+000  0.84941708E+000  0.10125742E+001  0.20356145E+001
  0.69026996E+000  0.84941760E+000  0.10125754E+001  0.20356174E+001
  0.69027027E+000  0.84941812E+000  0.10125767E+001  0.20356203E+001
  0.69027059E+000  0.84941866E+000  0.10125780E+001  0.20356233E+001
  0.69027090E+000  0.84941920E+000  0.10125793E+001  0.20356263E+001
  0.69027121E+000  0.84941975E+000  0.10125806E+001  0.20356293E+001
  0.69027151E+000  0.84942031E+000  0.10125820E+001  0.20356324E+001
  0.69027181E+000  0.84942087E+000  0.10125833E+001  0.20356355E+001
  0.69027211E+000  0.84942143E+000  0.10125847E+001  0.20356387E+001
  0.69027240E+000  0.84942199E+000  0.10125861E+001  0.20356419E+001
  0.69027269E+000  0.84942255E+000  0.10125876E+001  0.20356451E+001
  0.69027297E+000  0.84942311E+000  0.10125890E+001  0.20356484E+001
  0.69027324E+000  0.84942366E+000  0.10125905E+001  0.20356517E+001
  0.69027351E+000  0.84942421E+000  0.10125919E+001  0.20356550E+001
  0.69027377E+000  0.84942476E+000  0.10125934E+001  0.20356584E+001
  0.69027402E+000  0.84942530E+000  0.10125949E+001  0.20356618E+001
  0.69027426E+000  0.84942583E+000  0.10125964E+001  0.20356652E+001
  0.69027450E+000  0.84942635E+000  0.10125980E+001  0.20356687E+001
  0.69027473E+000  0.84942686E+000  0.10125995E+001  0.20356722E+001
  0.69027495E+000  0.84942736E+000  0.10126011E+001  0.20356757E+001
  0.69027517E+000  0.84942785E+000  0.10126026E+001  0.20356793E+001
  0.69027537E+000  0.84942833E+000  0.10126042E+001  0.20356829E+001
  0.69027557E+000  0.84942879E+000  0.10126057E+001  0.20356865E+001
  0.69027576E+000  0.84942924E+000  0.10126073E+001  0.20356902E+001
  0.69027594E+000  0.84942968E+000  0.10126088E+001  0.20356939E+001
  0.69027611E+000  0.84943010E+000  0.10126104E+001  0.20356977E+001
  0.69027628E+000  0.84943051E+000  0.10126120E+001  0.20357014E+001
  0.69027643E+000  0.84943090E+000  0.10126135E+001  0.20357052E+001
  0.69027658E+000  0.84943128E+000  0.10126150E+001  0.20357091E+001
  0.69027672E+000  0.84943164E+000  0.10126165E+001  0.20357130E+001
  0.69027685E+000  0.84943199E+000  0.10126180E+001  0.20357169E+001
  0.69027698E+000  0.84943233E+000  0.10126195E+001  0.20357209E+001
  0.69027710E+000  0.84943264E+000  0.10126210E+001  0.20357248E+001
  0.69027721E+000  0.84943295E+000  0.10126224E+001  0.20357289E+001
  0.69027731E+000  0.84943323E+000  0.10126239E+001  0.20357329E+001
  0.69027741E+000  0.84943351E+000  0.10126253E+001  0.20357370E+001
  0.69027750E+000  0.84943377E+000  0.10126266E+001  0.20357411E+001
  0.69027759E+000  0.84943401E+000  0.10126280E+001  0.20357453E+001
  0.69027767E+000  0.84943425E+000  0.10126293E+001  0.20357494E+001
  0.69027774E+000  0.84943447E+000  0.10126306E+001  0.20357537E+001
  0.69027781E+000  0.84943467E+000  0.10126318E+001  0.20357579E+001
  0.69027787E+000  0.84943487E+000  0.10126330E+001  0.20357621E+001
  0.69027793E+000  0.84943505E+000  0.10126342E+001  0.20357664E+001
  0.69027798E+000  0.84943523E+000  0.10126354E+001  0.20357707E+001
  0.69027803E+000  0.84943539E+000  0.10126365E+001  0.20357750E+001
  0.69027807E+000  0.84943554E+000  0.10126376E+001  0.20357794E+001
  0.69027811E+000  0.84943568E+000  0.10126386E+001  0.20357837E+001
  0.69027815E+000  0.84943581E+000  0.10126396E+001  0.20357881E+001
  0.69027818E+000  0.84943593E+000  0.10126406E+001  0.20357925E+001
  0.69027821E+000  0.84943604E+000  0.10126415E+001  0.20357969E+001
  0.69027823E+000  0.84943614E+000  0.10126424E+001  0.20358013E+001
  0.69027826E+000  0.84943624E+000  0.10126433E+001  0.20358057E+001
  0.69027828E+000  0.84943632E+000  0.10126441E+001  0.20358101E+001
  0.69027830E+000  0.84943640E+000  0.10126449E+001  0.20358145E+001
  0.69027831E+000  0.84943647E+000  0.10126456E+001  0.20358189E+001
  0.69027832E+000  0.84943654E+000  0.10126463E+001  0.20358233E+001
  0.69027833E+000  0.84943660E+000  0.10126470E+001  0.20358277E+001
  0.69027834E+000  0.84943665E+000  0.10126477E+001  0.20358321E+001
  0.69027835E+000  0.84943669E+000  0.10126483E+001  0.20358365E+001
  0.69027835E+000  0.84943672E+000  0.10126489E+001  0.20358409E+001
  0.69027835E+000  0.84943675E+000  0.10126494E+001  0.20358452E+001
  0.69027835E+000  0.84943678E+000  0.10126499E+001  0.20358496E+001
  0.69027835E+000  0.84943679E+000  0.10126504E+001  0.20358539E+001
  0.69027834E+000  0.84943680E+000  0.10126509E+001  0.20358583E+001
  0.69027833E+000  0.84943681E+000  0.10126513E+001  0.20358626E+001
  0.69027832E+000  0.84943680E+000  0.10126517E+001  0.20358669E+001
  0.69027831E+000  0.84943679E+000  0.10126521E+001  0.20358711E+001
  0.69027829E+000  0.84943677E+000  0.10126524E+001  0.20358754E+001
  0.69027827E+000  0.84943674E+000  0.10126527E+001  0.20358796E+001
  0.69027825E+000  0.84943670E+000  0.10126530E+001  0.20358839E+001
  0.69027822E+000  0.84943666E+000  0.10126533E+001  0.20358881E+001
  0.69027818E+000  0.84943660E+000  0.10126535E+001  0.20358923E+001
  0.69027814E+000  0.84943654E+000  0.10126537E+001  0.20358965E+001
  0.69027809E+000  0.84943646E+000  0.10126538E+001  0.20359006E+001
  0.69027804E+000  0.84943638E+000  0.10126539E+001  0.20359048E+001
  0.69027798E+000  0.84943628E+000  0.10126540E+001  0.20359090E+001
  0.69027790E+000  0.84943616E+000  0.10126540E+001  0.20359132E+001
  0.69027782E+000  0.84943603E+000  0.10126540E+001  0.20359174E+001
  0.69027773E+000  0.84943589E+000  0.10126540E+001  0.20359216E+001
  0.69027762E+000  0.84943573E+000  0.10126539E+001  0.20359259E+001
  0.69027750E+000  0.84943555E+000  0.10126537E+001  0.20359302E+001
  0.69027736E+000  0.84943535E+000  0.10126534E+001  0.20359345E+001
  0.69027721E+000  0.84943513E+000  0.10126531E+001  0.20359389E+001
  0.69027703E+000  0.84943489E+000  0.10126527E+001  0.20359434E+001
  0.69027684E+000  0.84943463E+000  0.10126523E+001  0.20359480E+001
  0.69027661E+000  0.84943435E+000  0.10126517E+001  0.20359527E+001
  0.69027637E+000  0.84943405E+000  0.10126511E+001  0.20359575E+001
  0.69027609E+000  0.84943373E+000  0.10126503E+001  0.20359624E+001
  0.69027578E+000  0.84943340E+000  0.10126494E+001  0.20359676E+001
  0.69027543E+000  0.84943309E+000  0.10126485E+001  0.20359729E+001
  0.69027503E+000  0.84943280E+000  0.10126474E+001  0.20359785E+001
  0.69027459E+000  0.84943262E+000  0.10126464E+001  0.20359846E+001
  0.69027407E+000  0.84943257E+000  0.10126453E+001  0.20359908E+001
  0.69027361E+000  0.84943316E+000  0.10126450E+001  0.20359981E+001
  0.69027291E+000  0.84943372E+000  0.10126435E+001  0.20360049E+001
  0.69027478E+000  0.84944041E+000  0.10126502E+001  0.20360194E+001
