  0.15834320E+001
  0.15835019E+001
  0.15835725E+001
  0.15836320E+001
  0.15836808E+001
  0.15837211E+001
  0.15837546E+001
  0.15837827E+001
  0.15838065E+001
  0.15838267E+001
  0.15838439E+001
  0.15838587E+001
  0.15838714E+001
  0.15838823E+001
  0.15838918E+001
  0.15839001E+001
  0.15839073E+001
  0.15839137E+001
  0.15839193E+001
  0.15839243E+001
  0.15839288E+001
  0.15839328E+001
  0.15839364E+001
  0.15839397E+001
  0.15839428E+001
  0.15839455E+001
  0.15839481E+001
  0.15839505E+001
  0.15839528E+001
  0.15839549E+001
  0.15839569E+001
  0.15839589E+001
  0.15839607E+001
  0.15839625E+001
  0.15839643E+001
  0.15839660E+001
  0.15839677E+001
  0.15839693E+001
  0.15839709E+001
  0.15839725E+001
  0.15839740E+001
  0.15839756E+001
  0.15839771E+001
  0.15839786E+001
  0.15839801E+001
  0.15839816E+001
  0.15839831E+001
  0.15839846E+001
  0.15839861E+001
  0.15839875E+001
  0.15839890E+001
  0.15839904E+001
  0.15839919E+001
  0.15839934E+001
  0.15839948E+001
  0.15839963E+001
  0.15839977E+001
  0.15839992E+001
  0.15840006E+001
  0.15840021E+001
  0.15840035E+001
  0.15840050E+001
  0.15840064E+001
  0.15840079E+001
  0.15840094E+001
  0.15840108E+001
  0.15840123E+001
  0.15840138E+001
  0.15840153E+001
  0.15840168E+001
  0.15840183E+001
  0.15840198E+001
  0.15840214E+001
  0.15840229E+001
  0.15840245E+001
  0.15840260E+001
  0.15840276E+001
  0.15840292E+001
  0.15840308E+001
  0.15840324E+001
  0.15840340E+001
  0.15840357E+001
  0.15840373E+001
  0.15840390E+001
  0.15840407E+001
  0.15840424E+001
  0.15840441E+001
  0.15840459E+001
  0.15840476E+001
  0.15840494E+001
  0.15840512E+001
  0.15840530E+001
  0.15840549E+001
  0.15840567E+001
  0.15840586E+001
  0.15840605E+001
  0.15840624E+001
  0.15840644E+001
  0.15840663E+001
  0.15840683E+001
  0.15840703E+001
  0.15840723E+001
  0.15840743E+001
  0.15840764E+001
  0.15840785E+001
  0.15840806E+001
  0.15840827E+001
  0.15840848E+001
  0.15840870E+001
  0.15840891E+001
  0.15840913E+001
  0.15840935E+001
  0.15840957E+001
  0.15840980E+001
  0.15841002E+001
  0.15841025E+001
  0.15841048E+001
  0.15841070E+001
  0.15841093E+001
  0.15841117E+001
  0.15841140E+001
  0.15841163E+001
  0.15841186E+001
  0.15841210E+001
  0.15841233E+001
  0.15841257E+001
  0.15841281E+001
  0.15841304E+001
  0.15841328E+001
  0.15841352E+001
  0.15841376E+001
  0.15841399E+001
  0.15841423E+001
  0.15841447E+001
  0.15841470E+001
  0.15841494E+001
  0.15841518E+001
  0.15841541E+001
  0.15841565E+001
  0.15841588E+001
  0.15841612E+001
  0.15841635E+001
  0.15841658E+001
  0.15841681E+001
  0.15841704E+001
  0.15841727E+001
  0.15841749E+001
  0.15841772E+001
  0.15841794E+001
  0.15841816E+001
  0.15841838E+001
  0.15841860E+001
  0.15841882E+001
  0.15841903E+001
  0.15841924E+001
  0.15841945E+001
  0.15841966E+001
  0.15841986E+001
  0.15842006E+001
  0.15842026E+001
  0.15842046E+001
  0.15842066E+001
  0.15842085E+001
  0.15842104E+001
  0.15842122E+001
  0.15842140E+001
  0.15842158E+001
  0.15842176E+001
  0.15842193E+001
  0.15842210E+001
  0.15842226E+001
  0.15842242E+001
  0.15842258E+001
  0.15842273E+001
  0.15842288E+001
  0.15842302E+001
  0.15842316E+001
  0.15842329E+001
  0.15842342E+001
  0.15842354E+001
  0.15842365E+001
  0.15842376E+001
  0.15842386E+001
  0.15842395E+001
  0.15842403E+001
  0.15842411E+001
  0.15842417E+001
  0.15842422E+001
  0.15842425E+001
  0.15842428E+001
  0.15842428E+001
  0.15842427E+001
  0.15842424E+001
  0.15842418E+001
  0.15842410E+001
  0.15842397E+001
  0.15842381E+001
  0.15842356E+001
  0.15842331E+001
  0.15842238E+001
