  0.84049406E+000
  0.84008366E+000
  0.83980008E+000
  0.83958738E+000
  0.83942211E+000
  0.83929043E+000
  0.83918401E+000
  0.83909725E+000
  0.83902608E+000
  0.83896761E+000
  0.83891937E+000
  0.83887952E+000
  0.83884659E+000
  0.83881940E+000
  0.83879699E+000
  0.83877854E+000
  0.83876336E+000
  0.83875092E+000
  0.83874076E+000
  0.83873252E+000
  0.83872588E+000
  0.83872055E+000
  0.83871633E+000
  0.83871303E+000
  0.83871048E+000
  0.83870856E+000
  0.83870715E+000
  0.83870616E+000
  0.83870552E+000
  0.83870514E+000
  0.83870498E+000
  0.83870499E+000
  0.83870512E+000
  0.83870535E+000
  0.83870564E+000
  0.83870598E+000
  0.83870635E+000
  0.83870673E+000
  0.83870711E+000
  0.83870748E+000
  0.83870784E+000
  0.83870817E+000
  0.83870848E+000
  0.83870877E+000
  0.83870902E+000
  0.83870925E+000
  0.83870945E+000
  0.83870962E+000
  0.83870976E+000
  0.83870987E+000
  0.83870996E+000
  0.83871002E+000
  0.83871005E+000
  0.83871006E+000
  0.83871005E+000
  0.83871001E+000
  0.83870996E+000
  0.83870988E+000
  0.83870979E+000
  0.83870968E+000
  0.83870955E+000
  0.83870941E+000
  0.83870925E+000
  0.83870909E+000
  0.83870891E+000
  0.83870872E+000
  0.83870852E+000
  0.83870832E+000
  0.83870811E+000
  0.83870789E+000
  0.83870767E+000
  0.83870745E+000
  0.83870723E+000
  0.83870700E+000
  0.83870677E+000
  0.83870654E+000
  0.83870631E+000
  0.83870608E+000
  0.83870585E+000
  0.83870562E+000
  0.83870539E+000
  0.83870515E+000
  0.83870492E+000
  0.83870469E+000
  0.83870446E+000
  0.83870423E+000
  0.83870400E+000
  0.83870377E+000
  0.83870355E+000
  0.83870332E+000
  0.83870309E+000
  0.83870286E+000
  0.83870264E+000
  0.83870242E+000
  0.83870219E+000
  0.83870197E+000
  0.83870175E+000
  0.83870153E+000
  0.83870131E+000
  0.83870109E+000
  0.83870088E+000
  0.83870066E+000
  0.83870045E+000
  0.83870023E+000
  0.83870002E+000
  0.83869981E+000
  0.83869960E+000
  0.83869939E+000
  0.83869918E+000
  0.83869897E+000
  0.83869876E+000
  0.83869855E+000
  0.83869834E+000
  0.83869813E+000
  0.83869792E+000
  0.83869771E+000
  0.83869750E+000
  0.83869729E+000
  0.83869707E+000
  0.83869686E+000
  0.83869665E+000
  0.83869644E+000
  0.83869622E+000
  0.83869601E+000
  0.83869579E+000
  0.83869558E+000
  0.83869536E+000
  0.83869515E+000
  0.83869493E+000
  0.83869471E+000
  0.83869450E+000
  0.83869428E+000
  0.83869406E+000
  0.83869385E+000
  0.83869363E+000
  0.83869341E+000
  0.83869320E+000
  0.83869298E+000
  0.83869277E+000
  0.83869256E+000
  0.83869235E+000
  0.83869214E+000
  0.83869193E+000
  0.83869172E+000
  0.83869152E+000
  0.83869132E+000
  0.83869112E+000
  0.83869092E+000
  0.83869072E+000
  0.83869053E+000
  0.83869034E+000
  0.83869015E+000
  0.83868997E+000
  0.83868979E+000
  0.83868961E+000
  0.83868944E+000
  0.83868926E+000
  0.83868910E+000
  0.83868893E+000
  0.83868877E+000
  0.83868861E+000
  0.83868846E+000
  0.83868831E+000
  0.83868816E+000
  0.83868802E+000
  0.83868788E+000
  0.83868774E+000
  0.83868761E+000
  0.83868748E+000
  0.83868735E+000
  0.83868722E+000
  0.83868710E+000
  0.83868698E+000
  0.83868686E+000
  0.83868675E+000
  0.83868663E+000
  0.83868651E+000
  0.83868640E+000
  0.83868629E+000
  0.83868617E+000
  0.83868606E+000
  0.83868594E+000
  0.83868582E+000
  0.83868570E+000
  0.83868557E+000
  0.83868544E+000
  0.83868530E+000
  0.83868515E+000
  0.83868499E+000
  0.83868482E+000
  0.83868464E+000
  0.83868443E+000
  0.83868420E+000
  0.83868393E+000
  0.83868361E+000
  0.83868320E+000
  0.83868276E+000
  0.83868186E+000
  0.83868135E+000
  0.83867561E+000
