  0.28914969E+000
  0.28470125E+000
  0.28438892E+000
  0.28477972E+000
  0.28524832E+000
  0.28568253E+000
  0.28607614E+000
  0.28644412E+000
  0.28676322E+000
  0.28702747E+000
  0.28725303E+000
  0.28746791E+000
  0.28766665E+000
  0.28784652E+000
  0.28800874E+000
  0.28815420E+000
  0.28828392E+000
  0.28839899E+000
  0.28850065E+000
  0.28859000E+000
  0.28866808E+000
  0.28873604E+000
  0.28879494E+000
  0.28884579E+000
  0.28888948E+000
  0.28892688E+000
  0.28895873E+000
  0.28898573E+000
  0.28900853E+000
  0.28902767E+000
  0.28904367E+000
  0.28905699E+000
  0.28906801E+000
  0.28907711E+000
  0.28908460E+000
  0.28909075E+000
  0.28909580E+000
  0.28909995E+000
  0.28910339E+000
  0.28910626E+000
  0.28910868E+000
  0.28911076E+000
  0.28911258E+000
  0.28911420E+000
  0.28911567E+000
  0.28911704E+000
  0.28911832E+000
  0.28911955E+000
  0.28912073E+000
  0.28912187E+000
  0.28912299E+000
  0.28912407E+000
  0.28912512E+000
  0.28912614E+000
  0.28912713E+000
  0.28912809E+000
  0.28912902E+000
  0.28912991E+000
  0.28913077E+000
  0.28913160E+000
  0.28913238E+000
  0.28913313E+000
  0.28913385E+000
  0.28913453E+000
  0.28913517E+000
  0.28913578E+000
  0.28913635E+000
  0.28913688E+000
  0.28913738E+000
  0.28913784E+000
  0.28913826E+000
  0.28913864E+000
  0.28913899E+000
  0.28913930E+000
  0.28913958E+000
  0.28913982E+000
  0.28914002E+000
  0.28914019E+000
  0.28914032E+000
  0.28914042E+000
  0.28914048E+000
  0.28914051E+000
  0.28914052E+000
  0.28914049E+000
  0.28914043E+000
  0.28914035E+000
  0.28914025E+000
  0.28914012E+000
  0.28913997E+000
  0.28913980E+000
  0.28913960E+000
  0.28913939E+000
  0.28913917E+000
  0.28913892E+000
  0.28913867E+000
  0.28913840E+000
  0.28913811E+000
  0.28913781E+000
  0.28913751E+000
  0.28913719E+000
  0.28913686E+000
  0.28913652E+000
  0.28913618E+000
  0.28913582E+000
  0.28913547E+000
  0.28913510E+000
  0.28913473E+000
  0.28913435E+000
  0.28913398E+000
  0.28913360E+000
  0.28913321E+000
  0.28913283E+000
  0.28913244E+000
  0.28913206E+000
  0.28913167E+000
  0.28913129E+000
  0.28913091E+000
  0.28913053E+000
  0.28913015E+000
  0.28912978E+000
  0.28912941E+000
  0.28912905E+000
  0.28912869E+000
  0.28912834E+000
  0.28912800E+000
  0.28912766E+000
  0.28912733E+000
  0.28912701E+000
  0.28912669E+000
  0.28912639E+000
  0.28912609E+000
  0.28912580E+000
  0.28912552E+000
  0.28912524E+000
  0.28912498E+000
  0.28912473E+000
  0.28912448E+000
  0.28912424E+000
  0.28912402E+000
  0.28912380E+000
  0.28912359E+000
  0.28912340E+000
  0.28912321E+000
  0.28912303E+000
  0.28912286E+000
  0.28912270E+000
  0.28912255E+000
  0.28912241E+000
  0.28912228E+000
  0.28912216E+000
  0.28912204E+000
  0.28912194E+000
  0.28912185E+000
  0.28912177E+000
  0.28912170E+000
  0.28912164E+000
  0.28912160E+000
  0.28912156E+000
  0.28912154E+000
  0.28912152E+000
  0.28912152E+000
  0.28912154E+000
  0.28912157E+000
  0.28912161E+000
  0.28912167E+000
  0.28912175E+000
  0.28912184E+000
  0.28912195E+000
  0.28912208E+000
  0.28912223E+000
  0.28912240E+000
  0.28912259E+000
  0.28912281E+000
  0.28912305E+000
  0.28912332E+000
  0.28912361E+000
  0.28912393E+000
  0.28912428E+000
  0.28912465E+000
  0.28912506E+000
  0.28912550E+000
  0.28912596E+000
  0.28912646E+000
  0.28912699E+000
  0.28912754E+000
  0.28912812E+000
  0.28912873E+000
  0.28912937E+000
  0.28913004E+000
  0.28913073E+000
  0.28913146E+000
  0.28913222E+000
  0.28913303E+000
  0.28913392E+000
  0.28913495E+000
  0.28913618E+000
  0.28913796E+000
  0.28914019E+000
  0.28914664E+000
  0.28915257E+000
