  0.10274328E+000
  0.10264579E+000
  0.10264596E+000
  0.10267105E+000
  0.10269850E+000
  0.10272175E+000
  0.10273975E+000
  0.10275306E+000
  0.10276254E+000
  0.10276903E+000
  0.10277317E+000
  0.10277550E+000
  0.10277643E+000
  0.10277628E+000
  0.10277529E+000
  0.10277365E+000
  0.10277151E+000
  0.10276899E+000
  0.10276619E+000
  0.10276319E+000
  0.10276004E+000
  0.10275678E+000
  0.10275347E+000
  0.10275012E+000
  0.10274676E+000
  0.10274341E+000
  0.10274009E+000
  0.10273680E+000
  0.10273356E+000
  0.10273037E+000
  0.10272725E+000
  0.10272419E+000
  0.10272120E+000
  0.10271828E+000
  0.10271543E+000
  0.10271266E+000
  0.10270997E+000
  0.10270735E+000
  0.10270481E+000
  0.10270234E+000
  0.10269994E+000
  0.10269761E+000
  0.10269535E+000
  0.10269316E+000
  0.10269103E+000
  0.10268896E+000
  0.10268694E+000
  0.10268498E+000
  0.10268307E+000
  0.10268121E+000
  0.10267940E+000
  0.10267764E+000
  0.10267592E+000
  0.10267424E+000
  0.10267261E+000
  0.10267103E+000
  0.10266949E+000
  0.10266799E+000
  0.10266653E+000
  0.10266512E+000
  0.10266376E+000
  0.10266244E+000
  0.10266116E+000
  0.10265993E+000
  0.10265874E+000
  0.10265760E+000
  0.10265650E+000
  0.10265544E+000
  0.10265443E+000
  0.10265346E+000
  0.10265252E+000
  0.10265163E+000
  0.10265078E+000
  0.10264996E+000
  0.10264918E+000
  0.10264844E+000
  0.10264773E+000
  0.10264706E+000
  0.10264641E+000
  0.10264580E+000
  0.10264522E+000
  0.10264467E+000
  0.10264414E+000
  0.10264364E+000
  0.10264316E+000
  0.10264271E+000
  0.10264228E+000
  0.10264188E+000
  0.10264149E+000
  0.10264112E+000
  0.10264077E+000
  0.10264044E+000
  0.10264013E+000
  0.10263983E+000
  0.10263954E+000
  0.10263927E+000
  0.10263901E+000
  0.10263877E+000
  0.10263854E+000
  0.10263831E+000
  0.10263810E+000
  0.10263790E+000
  0.10263771E+000
  0.10263753E+000
  0.10263736E+000
  0.10263720E+000
  0.10263704E+000
  0.10263689E+000
  0.10263675E+000
  0.10263662E+000
  0.10263649E+000
  0.10263637E+000
  0.10263626E+000
  0.10263615E+000
  0.10263605E+000
  0.10263596E+000
  0.10263587E+000
  0.10263579E+000
  0.10263571E+000
  0.10263564E+000
  0.10263557E+000
  0.10263551E+000
  0.10263546E+000
  0.10263541E+000
  0.10263536E+000
  0.10263533E+000
  0.10263529E+000
  0.10263526E+000
  0.10263524E+000
  0.10263523E+000
  0.10263522E+000
  0.10263521E+000
  0.10263522E+000
  0.10263523E+000
  0.10263524E+000
  0.10263527E+000
  0.10263530E+000
  0.10263534E+000
  0.10263539E+000
  0.10263545E+000
  0.10263552E+000
  0.10263559E+000
  0.10263568E+000
  0.10263579E+000
  0.10263590E+000
  0.10263603E+000
  0.10263618E+000
  0.10263634E+000
  0.10263652E+000
  0.10263672E+000
  0.10263694E+000
  0.10263718E+000
  0.10263745E+000
  0.10263774E+000
  0.10263806E+000
  0.10263842E+000
  0.10263880E+000
  0.10263923E+000
  0.10263969E+000
  0.10264019E+000
  0.10264073E+000
  0.10264133E+000
  0.10264197E+000
  0.10264267E+000
  0.10264343E+000
  0.10264425E+000
  0.10264514E+000
  0.10264609E+000
  0.10264712E+000
  0.10264823E+000
  0.10264942E+000
  0.10265070E+000
  0.10265206E+000
  0.10265352E+000
  0.10265508E+000
  0.10265674E+000
  0.10265850E+000
  0.10266037E+000
  0.10266235E+000
  0.10266444E+000
  0.10266664E+000
  0.10266896E+000
  0.10267140E+000
  0.10267396E+000
  0.10267663E+000
  0.10267943E+000
  0.10268234E+000
  0.10268537E+000
  0.10268852E+000
  0.10269180E+000
  0.10269519E+000
  0.10269871E+000
  0.10270236E+000
  0.10270612E+000
  0.10271004E+000
  0.10271403E+000
  0.10271823E+000
  0.10272232E+000
  0.10272672E+000
  0.10273010E+000
