  0.18640641E+000
  0.18205547E+000
  0.18174296E+000
  0.18210867E+000
  0.18254981E+000
  0.18296078E+000
  0.18333640E+000
  0.18369107E+000
  0.18400068E+000
  0.18425844E+000
  0.18447985E+000
  0.18469241E+000
  0.18489021E+000
  0.18507024E+000
  0.18523345E+000
  0.18538055E+000
  0.18551241E+000
  0.18563000E+000
  0.18573446E+000
  0.18582681E+000
  0.18590805E+000
  0.18597926E+000
  0.18604148E+000
  0.18609567E+000
  0.18614272E+000
  0.18618347E+000
  0.18621864E+000
  0.18624893E+000
  0.18627497E+000
  0.18629730E+000
  0.18631642E+000
  0.18633280E+000
  0.18634682E+000
  0.18635884E+000
  0.18636917E+000
  0.18637809E+000
  0.18638583E+000
  0.18639260E+000
  0.18639859E+000
  0.18640392E+000
  0.18640874E+000
  0.18641315E+000
  0.18641722E+000
  0.18642104E+000
  0.18642464E+000
  0.18642808E+000
  0.18643138E+000
  0.18643457E+000
  0.18643766E+000
  0.18644066E+000
  0.18644358E+000
  0.18644643E+000
  0.18644920E+000
  0.18645190E+000
  0.18645452E+000
  0.18645707E+000
  0.18645953E+000
  0.18646193E+000
  0.18646424E+000
  0.18646647E+000
  0.18646862E+000
  0.18647070E+000
  0.18647269E+000
  0.18647460E+000
  0.18647643E+000
  0.18647818E+000
  0.18647985E+000
  0.18648144E+000
  0.18648295E+000
  0.18648438E+000
  0.18648573E+000
  0.18648701E+000
  0.18648821E+000
  0.18648934E+000
  0.18649040E+000
  0.18649138E+000
  0.18649229E+000
  0.18649313E+000
  0.18649390E+000
  0.18649461E+000
  0.18649526E+000
  0.18649585E+000
  0.18649638E+000
  0.18649685E+000
  0.18649727E+000
  0.18649764E+000
  0.18649796E+000
  0.18649824E+000
  0.18649848E+000
  0.18649867E+000
  0.18649883E+000
  0.18649895E+000
  0.18649904E+000
  0.18649910E+000
  0.18649913E+000
  0.18649913E+000
  0.18649910E+000
  0.18649905E+000
  0.18649897E+000
  0.18649887E+000
  0.18649876E+000
  0.18649862E+000
  0.18649846E+000
  0.18649829E+000
  0.18649811E+000
  0.18649790E+000
  0.18649769E+000
  0.18649746E+000
  0.18649723E+000
  0.18649698E+000
  0.18649672E+000
  0.18649645E+000
  0.18649618E+000
  0.18649590E+000
  0.18649562E+000
  0.18649533E+000
  0.18649504E+000
  0.18649474E+000
  0.18649444E+000
  0.18649414E+000
  0.18649384E+000
  0.18649354E+000
  0.18649324E+000
  0.18649294E+000
  0.18649264E+000
  0.18649234E+000
  0.18649204E+000
  0.18649174E+000
  0.18649145E+000
  0.18649116E+000
  0.18649087E+000
  0.18649058E+000
  0.18649030E+000
  0.18649002E+000
  0.18648974E+000
  0.18648946E+000
  0.18648918E+000
  0.18648891E+000
  0.18648863E+000
  0.18648835E+000
  0.18648808E+000
  0.18648780E+000
  0.18648752E+000
  0.18648724E+000
  0.18648696E+000
  0.18648667E+000
  0.18648637E+000
  0.18648607E+000
  0.18648576E+000
  0.18648544E+000
  0.18648510E+000
  0.18648476E+000
  0.18648440E+000
  0.18648403E+000
  0.18648364E+000
  0.18648323E+000
  0.18648279E+000
  0.18648233E+000
  0.18648185E+000
  0.18648134E+000
  0.18648079E+000
  0.18648021E+000
  0.18647959E+000
  0.18647894E+000
  0.18647824E+000
  0.18647749E+000
  0.18647670E+000
  0.18647585E+000
  0.18647495E+000
  0.18647400E+000
  0.18647298E+000
  0.18647189E+000
  0.18647075E+000
  0.18646953E+000
  0.18646824E+000
  0.18646687E+000
  0.18646543E+000
  0.18646391E+000
  0.18646231E+000
  0.18646062E+000
  0.18645885E+000
  0.18645700E+000
  0.18645506E+000
  0.18645303E+000
  0.18645091E+000
  0.18644870E+000
  0.18644640E+000
  0.18644400E+000
  0.18644151E+000
  0.18643894E+000
  0.18643626E+000
  0.18643351E+000
  0.18643067E+000
  0.18642780E+000
  0.18642491E+000
  0.18642215E+000
  0.18641973E+000
  0.18641787E+000
  0.18641992E+000
  0.18642247E+000
