  0.89166095E+000
  0.89164923E+000
  0.89164047E+000
  0.89163389E+000
  0.89162894E+000
  0.89162522E+000
  0.89162247E+000
  0.89162048E+000
  0.89161911E+000
  0.89161822E+000
  0.89161773E+000
  0.89161755E+000
  0.89161763E+000
  0.89161792E+000
  0.89161837E+000
  0.89161895E+000
  0.89161963E+000
  0.89162040E+000
  0.89162123E+000
  0.89162212E+000
  0.89162304E+000
  0.89162398E+000
  0.89162495E+000
  0.89162593E+000
  0.89162691E+000
  0.89162790E+000
  0.89162888E+000
  0.89162986E+000
  0.89163084E+000
  0.89163180E+000
  0.89163275E+000
  0.89163369E+000
  0.89163461E+000
  0.89163552E+000
  0.89163641E+000
  0.89163728E+000
  0.89163814E+000
  0.89163897E+000
  0.89163978E+000
  0.89164058E+000
  0.89164135E+000
  0.89164210E+000
  0.89164283E+000
  0.89164354E+000
  0.89164422E+000
  0.89164489E+000
  0.89164552E+000
  0.89164613E+000
  0.89164672E+000
  0.89164728E+000
  0.89164782E+000
  0.89164833E+000
  0.89164882E+000
  0.89164928E+000
  0.89164971E+000
  0.89165011E+000
  0.89165049E+000
  0.89165085E+000
  0.89165117E+000
  0.89165147E+000
  0.89165175E+000
  0.89165200E+000
  0.89165222E+000
  0.89165242E+000
  0.89165260E+000
  0.89165275E+000
  0.89165288E+000
  0.89165298E+000
  0.89165307E+000
  0.89165313E+000
  0.89165317E+000
  0.89165319E+000
  0.89165320E+000
  0.89165319E+000
  0.89165316E+000
  0.89165311E+000
  0.89165305E+000
  0.89165297E+000
  0.89165288E+000
  0.89165278E+000
  0.89165266E+000
  0.89165253E+000
  0.89165240E+000
  0.89165225E+000
  0.89165209E+000
  0.89165193E+000
  0.89165175E+000
  0.89165157E+000
  0.89165139E+000
  0.89165119E+000
  0.89165099E+000
  0.89165079E+000
  0.89165059E+000
  0.89165037E+000
  0.89165016E+000
  0.89164995E+000
  0.89164973E+000
  0.89164951E+000
  0.89164929E+000
  0.89164907E+000
  0.89164884E+000
  0.89164862E+000
  0.89164840E+000
  0.89164818E+000
  0.89164796E+000
  0.89164775E+000
  0.89164753E+000
  0.89164732E+000
  0.89164711E+000
  0.89164690E+000
  0.89164670E+000
  0.89164649E+000
  0.89164630E+000
  0.89164611E+000
  0.89164592E+000
  0.89164574E+000
  0.89164556E+000
  0.89164539E+000
  0.89164522E+000
  0.89164507E+000
  0.89164491E+000
  0.89164477E+000
  0.89164463E+000
  0.89164450E+000
  0.89164437E+000
  0.89164426E+000
  0.89164415E+000
  0.89164405E+000
  0.89164396E+000
  0.89164387E+000
  0.89164380E+000
  0.89164373E+000
  0.89164367E+000
  0.89164363E+000
  0.89164359E+000
  0.89164356E+000
  0.89164354E+000
  0.89164352E+000
  0.89164352E+000
  0.89164353E+000
  0.89164354E+000
  0.89164357E+000
  0.89164360E+000
  0.89164364E+000
  0.89164370E+000
  0.89164376E+000
  0.89164383E+000
  0.89164391E+000
  0.89164399E+000
  0.89164409E+000
  0.89164419E+000
  0.89164430E+000
  0.89164442E+000
  0.89164455E+000
  0.89164469E+000
  0.89164483E+000
  0.89164498E+000
  0.89164514E+000
  0.89164530E+000
  0.89164548E+000
  0.89164566E+000
  0.89164584E+000
  0.89164604E+000
  0.89164624E+000
  0.89164645E+000
  0.89164666E+000
  0.89164689E+000
  0.89164712E+000
  0.89164736E+000
  0.89164761E+000
  0.89164786E+000
  0.89164813E+000
  0.89164841E+000
  0.89164869E+000
  0.89164899E+000
  0.89164930E+000
  0.89164962E+000
  0.89164996E+000
  0.89165031E+000
  0.89165068E+000
  0.89165107E+000
  0.89165148E+000
  0.89165191E+000
  0.89165236E+000
  0.89165284E+000
  0.89165335E+000
  0.89165389E+000
  0.89165446E+000
  0.89165508E+000
  0.89165574E+000
  0.89165645E+000
  0.89165722E+000
  0.89165805E+000
  0.89165895E+000
  0.89165995E+000
  0.89166106E+000
  0.89166233E+000
  0.89166377E+000
  0.89166559E+000
  0.89166759E+000
