  0.41464493E+000
  0.41461697E+000
  0.41459441E+000
  0.41457454E+000
  0.41455903E+000
  0.41454700E+000
  0.41453597E+000
  0.41452771E+000
  0.41452079E+000
  0.41451313E+000
  0.41450804E+000
  0.41450393E+000
  0.41449935E+000
  0.41449644E+000
  0.41449308E+000
  0.41449051E+000
  0.41448845E+000
  0.41448691E+000
  0.41448484E+000
  0.41448347E+000
  0.41448241E+000
  0.41448133E+000
  0.41448040E+000
  0.41447962E+000
  0.41447888E+000
  0.41447826E+000
  0.41447769E+000
  0.41447714E+000
  0.41447670E+000
  0.41447619E+000
  0.41447574E+000
  0.41447533E+000
  0.41447499E+000
  0.41447463E+000
  0.41447429E+000
  0.41447398E+000
  0.41447368E+000
  0.41447341E+000
  0.41447313E+000
  0.41447288E+000
  0.41447265E+000
  0.41447243E+000
  0.41447224E+000
  0.41447198E+000
  0.41447179E+000
  0.41447162E+000
  0.41447146E+000
  0.41447129E+000
  0.41447111E+000
  0.41447100E+000
  0.41447087E+000
  0.41447076E+000
  0.41447062E+000
  0.41447053E+000
  0.41447046E+000
  0.41447041E+000
  0.41447035E+000
  0.41447022E+000
  0.41447020E+000
  0.41447020E+000
  0.41447023E+000
  0.41447020E+000
  0.41447019E+000
  0.41447024E+000
  0.41447030E+000
  0.41447037E+000
  0.41447046E+000
  0.41447057E+000
  0.41447068E+000
  0.41447079E+000
  0.41447093E+000
  0.41447107E+000
  0.41447123E+000
  0.41447140E+000
  0.41447160E+000
  0.41447179E+000
  0.41447200E+000
  0.41447221E+000
  0.41447239E+000
  0.41447263E+000
  0.41447287E+000
  0.41447312E+000
  0.41447339E+000
  0.41447366E+000
  0.41447394E+000
  0.41447424E+000
  0.41447453E+000
  0.41447483E+000
  0.41447515E+000
  0.41447547E+000
  0.41447580E+000
  0.41447614E+000
  0.41447649E+000
  0.41447685E+000
  0.41447721E+000
  0.41447758E+000
  0.41447796E+000
  0.41447835E+000
  0.41447874E+000
  0.41447914E+000
  0.41447954E+000
  0.41447996E+000
  0.41448037E+000
  0.41448080E+000
  0.41448123E+000
  0.41448167E+000
  0.41448212E+000
  0.41448257E+000
  0.41448302E+000
  0.41448349E+000
  0.41448395E+000
  0.41448443E+000
  0.41448491E+000
  0.41448539E+000
  0.41448588E+000
  0.41448638E+000
  0.41448688E+000
  0.41448738E+000
  0.41448789E+000
  0.41448841E+000
  0.41448892E+000
  0.41448945E+000
  0.41448997E+000
  0.41449050E+000
  0.41449104E+000
  0.41449158E+000
  0.41449212E+000
  0.41449266E+000
  0.41449321E+000
  0.41449376E+000
  0.41449432E+000
  0.41449487E+000
  0.41449543E+000
  0.41449599E+000
  0.41449655E+000
  0.41449712E+000
  0.41449768E+000
  0.41449825E+000
  0.41449882E+000
  0.41449939E+000
  0.41449996E+000
  0.41450053E+000
  0.41450110E+000
  0.41450167E+000
  0.41450224E+000
  0.41450281E+000
  0.41450338E+000
  0.41450395E+000
  0.41450452E+000
  0.41450509E+000
  0.41450565E+000
  0.41450622E+000
  0.41450678E+000
  0.41450734E+000
  0.41450790E+000
  0.41450846E+000
  0.41450901E+000
  0.41450956E+000
  0.41451011E+000
  0.41451066E+000
  0.41451121E+000
  0.41451175E+000
  0.41451228E+000
  0.41451282E+000
  0.41451334E+000
  0.41451387E+000
  0.41451439E+000
  0.41451491E+000
  0.41451540E+000
  0.41451594E+000
  0.41451643E+000
  0.41451693E+000
  0.41451742E+000
  0.41451790E+000
  0.41451838E+000
  0.41451884E+000
  0.41451931E+000
  0.41451977E+000
  0.41452022E+000
  0.41452065E+000
  0.41452107E+000
  0.41452147E+000
  0.41452189E+000
  0.41452230E+000
  0.41452270E+000
  0.41452309E+000
  0.41452346E+000
  0.41452381E+000
  0.41452402E+000
  0.41452433E+000
  0.41452463E+000
  0.41452495E+000
  0.41452520E+000
  0.41452541E+000
  0.41452566E+000
  0.41452589E+000
  0.41452609E+000
  0.41452647E+000
  0.41452663E+000
  0.41452782E+000
