  0.81993219E+000
  0.81993186E+000
  0.81993157E+000
  0.81993130E+000
  0.81993107E+000
  0.81993086E+000
  0.81993066E+000
  0.81993049E+000
  0.81993033E+000
  0.81993018E+000
  0.81993005E+000
  0.81992992E+000
  0.81992980E+000
  0.81992968E+000
  0.81992957E+000
  0.81992947E+000
  0.81992936E+000
  0.81992926E+000
  0.81992917E+000
  0.81992907E+000
  0.81992898E+000
  0.81992889E+000
  0.81992880E+000
  0.81992871E+000
  0.81992862E+000
  0.81992853E+000
  0.81992844E+000
  0.81992835E+000
  0.81992826E+000
  0.81992817E+000
  0.81992808E+000
  0.81992798E+000
  0.81992789E+000
  0.81992779E+000
  0.81992770E+000
  0.81992760E+000
  0.81992750E+000
  0.81992740E+000
  0.81992730E+000
  0.81992719E+000
  0.81992708E+000
  0.81992697E+000
  0.81992686E+000
  0.81992675E+000
  0.81992663E+000
  0.81992652E+000
  0.81992640E+000
  0.81992627E+000
  0.81992615E+000
  0.81992602E+000
  0.81992589E+000
  0.81992576E+000
  0.81992562E+000
  0.81992548E+000
  0.81992534E+000
  0.81992520E+000
  0.81992505E+000
  0.81992490E+000
  0.81992475E+000
  0.81992459E+000
  0.81992443E+000
  0.81992427E+000
  0.81992410E+000
  0.81992394E+000
  0.81992376E+000
  0.81992359E+000
  0.81992341E+000
  0.81992323E+000
  0.81992305E+000
  0.81992286E+000
  0.81992267E+000
  0.81992247E+000
  0.81992228E+000
  0.81992208E+000
  0.81992188E+000
  0.81992167E+000
  0.81992146E+000
  0.81992125E+000
  0.81992104E+000
  0.81992082E+000
  0.81992060E+000
  0.81992038E+000
  0.81992016E+000
  0.81991994E+000
  0.81991971E+000
  0.81991948E+000
  0.81991925E+000
  0.81991902E+000
  0.81991878E+000
  0.81991855E+000
  0.81991831E+000
  0.81991808E+000
  0.81991784E+000
  0.81991760E+000
  0.81991736E+000
  0.81991713E+000
  0.81991689E+000
  0.81991665E+000
  0.81991641E+000
  0.81991618E+000
  0.81991594E+000
  0.81991571E+000
  0.81991548E+000
  0.81991525E+000
  0.81991502E+000
  0.81991479E+000
  0.81991457E+000
  0.81991434E+000
  0.81991413E+000
  0.81991391E+000
  0.81991370E+000
  0.81991349E+000
  0.81991328E+000
  0.81991308E+000
  0.81991289E+000
  0.81991270E+000
  0.81991251E+000
  0.81991233E+000
  0.81991215E+000
  0.81991198E+000
  0.81991182E+000
  0.81991166E+000
  0.81991151E+000
  0.81991137E+000
  0.81991123E+000
  0.81991110E+000
  0.81991097E+000
  0.81991086E+000
  0.81991075E+000
  0.81991065E+000
  0.81991055E+000
  0.81991047E+000
  0.81991039E+000
  0.81991032E+000
  0.81991026E+000
  0.81991021E+000
  0.81991017E+000
  0.81991013E+000
  0.81991010E+000
  0.81991009E+000
  0.81991007E+000
  0.81991007E+000
  0.81991008E+000
  0.81991010E+000
  0.81991012E+000
  0.81991015E+000
  0.81991019E+000
  0.81991024E+000
  0.81991030E+000
  0.81991036E+000
  0.81991044E+000
  0.81991052E+000
  0.81991060E+000
  0.81991070E+000
  0.81991080E+000
  0.81991092E+000
  0.81991104E+000
  0.81991116E+000
  0.81991130E+000
  0.81991144E+000
  0.81991159E+000
  0.81991174E+000
  0.81991191E+000
  0.81991208E+000
  0.81991226E+000
  0.81991244E+000
  0.81991264E+000
  0.81991284E+000
  0.81991305E+000
  0.81991328E+000
  0.81991351E+000
  0.81991375E+000
  0.81991400E+000
  0.81991426E+000
  0.81991454E+000
  0.81991483E+000
  0.81991513E+000
  0.81991545E+000
  0.81991578E+000
  0.81991614E+000
  0.81991651E+000
  0.81991691E+000
  0.81991733E+000
  0.81991778E+000
  0.81991826E+000
  0.81991877E+000
  0.81991931E+000
  0.81991989E+000
  0.81992051E+000
  0.81992117E+000
  0.81992188E+000
  0.81992265E+000
  0.81992346E+000
  0.81992434E+000
  0.81992527E+000
  0.81992627E+000
  0.81992735E+000
  0.81992848E+000
  0.81992972E+000
  0.81993099E+000
