  0.10652416E+000
  0.10606912E+000
  0.10573946E+000
  0.10548774E+000
  0.10529041E+000
  0.10513224E+000
  0.10500372E+000
  0.10489837E+000
  0.10481144E+000
  0.10473953E+000
  0.10467978E+000
  0.10463003E+000
  0.10458856E+000
  0.10455398E+000
  0.10452513E+000
  0.10450104E+000
  0.10448092E+000
  0.10446411E+000
  0.10445007E+000
  0.10443837E+000
  0.10442863E+000
  0.10442052E+000
  0.10441377E+000
  0.10440817E+000
  0.10440351E+000
  0.10439965E+000
  0.10439645E+000
  0.10439379E+000
  0.10439158E+000
  0.10438973E+000
  0.10438817E+000
  0.10438686E+000
  0.10438573E+000
  0.10438476E+000
  0.10438390E+000
  0.10438313E+000
  0.10438242E+000
  0.10438176E+000
  0.10438114E+000
  0.10438053E+000
  0.10437995E+000
  0.10437936E+000
  0.10437879E+000
  0.10437821E+000
  0.10437763E+000
  0.10437704E+000
  0.10437645E+000
  0.10437586E+000
  0.10437526E+000
  0.10437465E+000
  0.10437405E+000
  0.10437344E+000
  0.10437283E+000
  0.10437222E+000
  0.10437161E+000
  0.10437100E+000
  0.10437039E+000
  0.10436979E+000
  0.10436920E+000
  0.10436861E+000
  0.10436803E+000
  0.10436746E+000
  0.10436690E+000
  0.10436635E+000
  0.10436581E+000
  0.10436529E+000
  0.10436478E+000
  0.10436429E+000
  0.10436381E+000
  0.10436335E+000
  0.10436291E+000
  0.10436248E+000
  0.10436208E+000
  0.10436169E+000
  0.10436132E+000
  0.10436097E+000
  0.10436063E+000
  0.10436032E+000
  0.10436002E+000
  0.10435974E+000
  0.10435948E+000
  0.10435923E+000
  0.10435900E+000
  0.10435878E+000
  0.10435858E+000
  0.10435840E+000
  0.10435822E+000
  0.10435806E+000
  0.10435792E+000
  0.10435778E+000
  0.10435766E+000
  0.10435755E+000
  0.10435745E+000
  0.10435736E+000
  0.10435728E+000
  0.10435721E+000
  0.10435714E+000
  0.10435709E+000
  0.10435704E+000
  0.10435701E+000
  0.10435697E+000
  0.10435695E+000
  0.10435693E+000
  0.10435692E+000
  0.10435691E+000
  0.10435691E+000
  0.10435691E+000
  0.10435691E+000
  0.10435692E+000
  0.10435693E+000
  0.10435694E+000
  0.10435696E+000
  0.10435697E+000
  0.10435699E+000
  0.10435701E+000
  0.10435703E+000
  0.10435705E+000
  0.10435707E+000
  0.10435709E+000
  0.10435711E+000
  0.10435713E+000
  0.10435714E+000
  0.10435716E+000
  0.10435718E+000
  0.10435719E+000
  0.10435720E+000
  0.10435721E+000
  0.10435722E+000
  0.10435722E+000
  0.10435723E+000
  0.10435723E+000
  0.10435723E+000
  0.10435722E+000
  0.10435722E+000
  0.10435721E+000
  0.10435720E+000
  0.10435719E+000
  0.10435718E+000
  0.10435716E+000
  0.10435715E+000
  0.10435713E+000
  0.10435711E+000
  0.10435709E+000
  0.10435707E+000
  0.10435705E+000
  0.10435702E+000
  0.10435700E+000
  0.10435697E+000
  0.10435695E+000
  0.10435692E+000
  0.10435689E+000
  0.10435687E+000
  0.10435684E+000
  0.10435682E+000
  0.10435679E+000
  0.10435676E+000
  0.10435674E+000
  0.10435671E+000
  0.10435669E+000
  0.10435667E+000
  0.10435664E+000
  0.10435662E+000
  0.10435660E+000
  0.10435658E+000
  0.10435656E+000
  0.10435654E+000
  0.10435653E+000
  0.10435651E+000
  0.10435649E+000
  0.10435648E+000
  0.10435647E+000
  0.10435646E+000
  0.10435644E+000
  0.10435643E+000
  0.10435642E+000
  0.10435642E+000
  0.10435641E+000
  0.10435640E+000
  0.10435639E+000
  0.10435638E+000
  0.10435638E+000
  0.10435637E+000
  0.10435636E+000
  0.10435635E+000
  0.10435634E+000
  0.10435633E+000
  0.10435631E+000
  0.10435630E+000
  0.10435628E+000
  0.10435626E+000
  0.10435623E+000
  0.10435620E+000
  0.10435617E+000
  0.10435614E+000
  0.10435611E+000
  0.10435608E+000
  0.10435607E+000
  0.10435608E+000
  0.10435609E+000
  0.10435546E+000
