 -0.86061505E+000 -0.71419507E+000 -0.34402679E+000 -0.10753133E-001  0.25196834E-001  0.10672595E+001  0.81094639E+001  0.43449398E+002  0.79490320E+002  0.21963295E+003  0.43290761E+003
 -0.86061298E+000 -0.71416434E+000 -0.34354080E+000 -0.10645941E-001  0.25197530E-001  0.10679826E+001  0.81098808E+001  0.43449729E+002  0.79491300E+002  0.21963307E+003  0.43290801E+003
 -0.86061149E+000 -0.71414106E+000 -0.34317423E+000 -0.10575035E-001  0.25197953E-001  0.10685236E+001  0.81102057E+001  0.43450018E+002  0.79492102E+002  0.21963310E+003  0.43290812E+003
 -0.86061038E+000 -0.71412334E+000 -0.34289438E+000 -0.10527792E-001  0.25198221E-001  0.10689346E+001  0.81104618E+001  0.43450263E+002  0.79492748E+002  0.21963310E+003  0.43290812E+003
 -0.86060958E+000 -0.71410992E+000 -0.34268047E+000 -0.10496679E-001  0.25198393E-001  0.10691544E+001  0.81106650E+001  0.43450470E+002  0.79493266E+002  0.21963309E+003  0.43290807E+003
 -0.86060901E+000 -0.71409988E+000 -0.34251767E+000 -0.10476843E-001  0.25198502E-001  0.10691849E+001  0.81108269E+001  0.43450644E+002  0.79493682E+002  0.21963307E+003  0.43290800E+003
 -0.86060860E+000 -0.71409253E+000 -0.34239528E+000 -0.10465111E-001  0.25198568E-001  0.10692079E+001  0.81109557E+001  0.43450791E+002  0.79494018E+002  0.21963305E+003  0.43290794E+003
 -0.86060833E+000 -0.71408733E+000 -0.34230526E+000 -0.10459308E-001  0.25198602E-001  0.10692249E+001  0.81110575E+001  0.43450917E+002  0.79494290E+002  0.21963303E+003  0.43290788E+003
 -0.86060816E+000 -0.71408383E+000 -0.34224140E+000 -0.10457890E-001  0.25198613E-001  0.10692369E+001  0.81111373E+001  0.43451024E+002  0.79494511E+002  0.21963302E+003  0.43290784E+003
 -0.86060807E+000 -0.71408168E+000 -0.34219885E+000 -0.10459735E-001  0.25198607E-001  0.10692449E+001  0.81111989E+001  0.43451116E+002  0.79494691E+002  0.21963301E+003  0.43290780E+003
 -0.86060805E+000 -0.71408058E+000 -0.34217369E+000 -0.10463999E-001  0.25198588E-001  0.10692496E+001  0.81112454E+001  0.43451196E+002  0.79494839E+002  0.21963300E+003  0.43290776E+003
 -0.86060807E+000 -0.71408031E+000 -0.34216279E+000 -0.10470053E-001  0.25198560E-001  0.10692517E+001  0.81112795E+001  0.43451266E+002  0.79494960E+002  0.21963299E+003  0.43290773E+003
 -0.86060812E+000 -0.71408070E+000 -0.34216359E+000 -0.10477412E-001  0.25198524E-001  0.10692516E+001  0.81113032E+001  0.43451327E+002  0.79495060E+002  0.21963298E+003  0.43290771E+003
 -0.86060821E+000 -0.71408161E+000 -0.34217399E+000 -0.10485706E-001  0.25198484E-001  0.10692496E+001  0.81113184E+001  0.43451382E+002  0.79495144E+002  0.21963298E+003  0.43290769E+003
 -0.86060831E+000 -0.71408292E+000 -0.34219225E+000 -0.10494646E-001  0.25198439E-001  0.10692463E+001  0.81113262E+001  0.43451431E+002  0.79495214E+002  0.21963297E+003  0.43290768E+003
 -0.86060842E+000 -0.71408453E+000 -0.34221692E+000 -0.10504008E-001  0.25198392E-001  0.10692417E+001  0.81113280E+001  0.43451475E+002  0.79495274E+002  0.21963297E+003  0.43290766E+003
 -0.86060855E+000 -0.71408638E+000 -0.34224679E+000 -0.10513622E-001  0.25198343E-001  0.10692362E+001  0.81113249E+001  0.43451516E+002  0.79495326E+002  0.21963297E+003  0.43290765E+003
 -0.86060868E+000 -0.71408840E+000 -0.34228089E+000 -0.10523355E-001  0.25198294E-001  0.10692299E+001  0.81113176E+001  0.43451553E+002  0.79495371E+002  0.21963296E+003  0.43290764E+003
 -0.86060881E+000 -0.71409056E+000 -0.34231838E+000 -0.10533107E-001  0.25198244E-001  0.10692230E+001  0.81113069E+001  0.43451588E+002  0.79495412E+002  0.21963296E+003  0.43290764E+003
 -0.86060895E+000 -0.71409282E+000 -0.34235856E+000 -0.10542799E-001  0.25198194E-001  0.10692156E+001  0.81112934E+001  0.43451621E+002  0.79495449E+002  0.21963296E+003  0.43290763E+003
 -0.86060909E+000 -0.71409514E+000 -0.34240085E+000 -0.10552368E-001  0.25198145E-001  0.10692078E+001  0.81112775E+001  0.43451653E+002  0.79495484E+002  0.21963296E+003  0.43290763E+003
 -0.86060923E+000 -0.71409751E+000 -0.34244475E+000 -0.10561769E-001  0.25198097E-001  0.10691998E+001  0.81112597E+001  0.43451683E+002  0.79495518E+002  0.21963296E+003  0.43290762E+003
 -0.86060937E+000 -0.71409991E+000 -0.34248985E+000 -0.10570965E-001  0.25198049E-001  0.10691915E+001  0.81112403E+001  0.43451712E+002  0.79495552E+002  0.21963295E+003  0.43290762E+003
 -0.86060951E+000 -0.71410233E+000 -0.34253581E+000 -0.10579930E-001  0.25198003E-001  0.10691831E+001  0.81112195E+001  0.43451740E+002  0.79495585E+002  0.21963295E+003  0.43290762E+003
 -0.86060965E+000 -0.71410475E+000 -0.34258232E+000 -0.10588645E-001  0.25197958E-001  0.10691746E+001  0.81111976E+001  0.43451768E+002  0.79495620E+002  0.21963295E+003  0.43290762E+003
 -0.86060979E+000 -0.71410717E+000 -0.34262915E+000 -0.10597093E-001  0.25197914E-001  0.10691660E+001  0.81111748E+001  0.43451796E+002  0.79495655E+002  0.21963295E+003  0.43290761E+003
 -0.86060993E+000 -0.71410959E+000 -0.34267608E+000 -0.10605263E-001  0.25197871E-001  0.10691574E+001  0.81111513E+001  0.43451823E+002  0.79495693E+002  0.21963295E+003  0.43290761E+003
 -0.86061006E+000 -0.71411200E+000 -0.34272293E+000 -0.10613149E-001  0.25197830E-001  0.10691489E+001  0.81111271E+001  0.43451851E+002  0.79495732E+002  0.21963295E+003  0.43290761E+003
 -0.86061020E+000 -0.71411440E+000 -0.34276955E+000 -0.10620744E-001  0.25197791E-001  0.10691386E+001  0.81111024E+001  0.43451878E+002  0.79495774E+002  0.21963295E+003  0.43290761E+003
 -0.86061033E+000 -0.71411678E+000 -0.34281581E+000 -0.10628044E-001  0.25197753E-001  0.10690723E+001  0.81110773E+001  0.43451906E+002  0.79495818E+002  0.21963295E+003  0.43290761E+003
 -0.86061046E+000 -0.71411915E+000 -0.34286162E+000 -0.10635049E-001  0.25197717E-001  0.10690068E+001  0.81110519E+001  0.43451934E+002  0.79495866E+002  0.21963295E+003  0.43290761E+003
 -0.86061060E+000 -0.71412151E+000 -0.34290687E+000 -0.10641758E-001  0.25197683E-001  0.10689419E+001  0.81110264E+001  0.43451963E+002  0.79495917E+002  0.21963295E+003  0.43290761E+003
 -0.86061073E+000 -0.71412385E+000 -0.34295148E+000 -0.10648171E-001  0.25197650E-001  0.10688780E+001  0.81110007E+001  0.43451992E+002  0.79495971E+002  0.21963295E+003  0.43290761E+003
 -0.86061086E+000 -0.71412618E+000 -0.34299539E+000 -0.10654291E-001  0.25197619E-001  0.10688150E+001  0.81109750E+001  0.43452022E+002  0.79496029E+002  0.21963295E+003  0.43290761E+003
 -0.86061099E+000 -0.71412849E+000 -0.34303855E+000 -0.10660121E-001  0.25197590E-001  0.10687531E+001  0.81109494E+001  0.43452052E+002  0.79496090E+002  0.21963295E+003  0.43290762E+003
 -0.86061111E+000 -0.71413079E+000 -0.34308091E+000 -0.10665665E-001  0.25197562E-001  0.10686923E+001  0.81109239E+001  0.43452084E+002  0.79496156E+002  0.21963295E+003  0.43290762E+003
 -0.86061124E+000 -0.71413307E+000 -0.34312242E+000 -0.10670928E-001  0.25197536E-001  0.10686328E+001  0.81108986E+001  0.43452116E+002  0.79496226E+002  0.21963295E+003  0.43290762E+003
 -0.86061137E+000 -0.71413534E+000 -0.34316304E+000 -0.10675916E-001  0.25197512E-001  0.10685746E+001  0.81108736E+001  0.43452149E+002  0.79496300E+002  0.21963295E+003  0.43290762E+003
 -0.86061150E+000 -0.71413759E+000 -0.34320276E+000 -0.10680637E-001  0.25197489E-001  0.10685177E+001  0.81108490E+001  0.43452183E+002  0.79496378E+002  0.21963295E+003  0.43290762E+003
 -0.86061163E+000 -0.71413983E+000 -0.34324153E+000 -0.10685099E-001  0.25197468E-001  0.10684624E+001  0.81108248E+001  0.43452218E+002  0.79496461E+002  0.21963295E+003  0.43290762E+003
 -0.86061175E+000 -0.71414204E+000 -0.34327933E+000 -0.10689310E-001  0.25197448E-001  0.10684085E+001  0.81108011E+001  0.43452254E+002  0.79496549E+002  0.21963295E+003  0.43290762E+003
 -0.86061188E+000 -0.71414423E+000 -0.34331614E+000 -0.10693279E-001  0.25197430E-001  0.10683563E+001  0.81107780E+001  0.43452291E+002  0.79496642E+002  0.21963295E+003  0.43290762E+003
 -0.86061201E+000 -0.71414640E+000 -0.34335194E+000 -0.10697016E-001  0.25197413E-001  0.10683057E+001  0.81107554E+001  0.43452330E+002  0.79496739E+002  0.21963295E+003  0.43290762E+003
 -0.86061213E+000 -0.71414854E+000 -0.34338670E+000 -0.10700531E-001  0.25197398E-001  0.10682568E+001  0.81107335E+001  0.43452369E+002  0.79496842E+002  0.21963295E+003  0.43290763E+003
 -0.86061226E+000 -0.71415066E+000 -0.34342041E+000 -0.10703835E-001  0.25197385E-001  0.10682098E+001  0.81107124E+001  0.43452410E+002  0.79496949E+002  0.21963295E+003  0.43290763E+003
 -0.86061238E+000 -0.71415274E+000 -0.34345304E+000 -0.10706938E-001  0.25197373E-001  0.10681645E+001  0.81106919E+001  0.43452452E+002  0.79497062E+002  0.21963295E+003  0.43290763E+003
 -0.86061251E+000 -0.71415478E+000 -0.34348457E+000 -0.10709850E-001  0.25197362E-001  0.10681212E+001  0.81106723E+001  0.43452496E+002  0.79497180E+002  0.21963295E+003  0.43290763E+003
 -0.86061263E+000 -0.71415678E+000 -0.34351500E+000 -0.10712581E-001  0.25197352E-001  0.10680798E+001  0.81106535E+001  0.43452540E+002  0.79497303E+002  0.21963295E+003  0.43290763E+003
 -0.86061275E+000 -0.71415874E+000 -0.34354430E+000 -0.10715140E-001  0.25197344E-001  0.10680403E+001  0.81106356E+001  0.43452587E+002  0.79497432E+002  0.21963295E+003  0.43290763E+003
 -0.86061287E+000 -0.71416065E+000 -0.34357247E+000 -0.10717537E-001  0.25197337E-001  0.10680029E+001  0.81106186E+001  0.43452634E+002  0.79497567E+002  0.21963295E+003  0.43290764E+003
 -0.86061299E+000 -0.71416251E+000 -0.34359948E+000 -0.10719780E-001  0.25197331E-001  0.10679676E+001  0.81106025E+001  0.43452683E+002  0.79497707E+002  0.21963295E+003  0.43290764E+003
 -0.86061310E+000 -0.71416432E+000 -0.34362534E+000 -0.10721876E-001  0.25197326E-001  0.10679343E+001  0.81105874E+001  0.43452734E+002  0.79497853E+002  0.21963296E+003  0.43290764E+003
 -0.86061321E+000 -0.71416606E+000 -0.34365003E+000 -0.10723835E-001  0.25197322E-001  0.10679031E+001  0.81105734E+001  0.43452786E+002  0.79498005E+002  0.21963296E+003  0.43290764E+003
 -0.86061332E+000 -0.71416775E+000 -0.34367356E+000 -0.10725662E-001  0.25197320E-001  0.10678740E+001  0.81105604E+001  0.43452840E+002  0.79498163E+002  0.21963296E+003  0.43290764E+003
 -0.86061342E+000 -0.71416937E+000 -0.34369592E+000 -0.10727364E-001  0.25197318E-001  0.10678470E+001  0.81105484E+001  0.43452895E+002  0.79498327E+002  0.21963296E+003  0.43290765E+003
 -0.86061352E+000 -0.71417093E+000 -0.34371712E+000 -0.10728947E-001  0.25197317E-001  0.10678221E+001  0.81105377E+001  0.43452952E+002  0.79498497E+002  0.21963296E+003  0.43290765E+003
 -0.86061362E+000 -0.71417242E+000 -0.34373716E+000 -0.10730417E-001  0.25197317E-001  0.10677993E+001  0.81105280E+001  0.43453011E+002  0.79498674E+002  0.21963296E+003  0.43290765E+003
 -0.86061371E+000 -0.71417384E+000 -0.34375607E+000 -0.10731779E-001  0.25197318E-001  0.10677786E+001  0.81105196E+001  0.43453072E+002  0.79498856E+002  0.21963296E+003  0.43290765E+003
 -0.86061379E+000 -0.71417518E+000 -0.34377384E+000 -0.10733039E-001  0.25197319E-001  0.10677599E+001  0.81105124E+001  0.43453135E+002  0.79499045E+002  0.21963296E+003  0.43290765E+003
 -0.86061388E+000 -0.71417646E+000 -0.34379051E+000 -0.10734200E-001  0.25197322E-001  0.10677433E+001  0.81105065E+001  0.43453200E+002  0.79499241E+002  0.21963296E+003  0.43290766E+003
 -0.86061396E+000 -0.71417766E+000 -0.34380610E+000 -0.10735269E-001  0.25197324E-001  0.10677286E+001  0.81105018E+001  0.43453267E+002  0.79499442E+002  0.21963296E+003  0.43290766E+003
 -0.86061403E+000 -0.71417880E+000 -0.34382063E+000 -0.10736249E-001  0.25197328E-001  0.10677159E+001  0.81104985E+001  0.43453337E+002  0.79499651E+002  0.21963296E+003  0.43290766E+003
 -0.86061410E+000 -0.71417986E+000 -0.34383413E+000 -0.10737144E-001  0.25197332E-001  0.10677051E+001  0.81104965E+001  0.43453408E+002  0.79499866E+002  0.21963296E+003  0.43290767E+003
 -0.86061416E+000 -0.71418085E+000 -0.34384663E+000 -0.10737960E-001  0.25197336E-001  0.10676962E+001  0.81104958E+001  0.43453482E+002  0.79500087E+002  0.21963296E+003  0.43290767E+003
 -0.86061422E+000 -0.71418177E+000 -0.34385818E+000 -0.10738700E-001  0.25197341E-001  0.10676890E+001  0.81104965E+001  0.43453558E+002  0.79500315E+002  0.21963296E+003  0.43290767E+003
 -0.86061427E+000 -0.71418263E+000 -0.34386880E+000 -0.10739369E-001  0.25197346E-001  0.10676836E+001  0.81104986E+001  0.43453637E+002  0.79500550E+002  0.21963296E+003  0.43290767E+003
 -0.86061432E+000 -0.71418342E+000 -0.34387854E+000 -0.10739970E-001  0.25197352E-001  0.10676799E+001  0.81105021E+001  0.43453718E+002  0.79500791E+002  0.21963296E+003  0.43290768E+003
 -0.86061437E+000 -0.71418415E+000 -0.34388744E+000 -0.10740507E-001  0.25197358E-001  0.10676778E+001  0.81105070E+001  0.43453802E+002  0.79501040E+002  0.21963296E+003  0.43290768E+003
 -0.86061441E+000 -0.71418481E+000 -0.34389553E+000 -0.10740984E-001  0.25197364E-001  0.10676773E+001  0.81105133E+001  0.43453889E+002  0.79501294E+002  0.21963296E+003  0.43290768E+003
 -0.86061445E+000 -0.71418542E+000 -0.34390287E+000 -0.10741404E-001  0.25197370E-001  0.10676782E+001  0.81105210E+001  0.43453978E+002  0.79501556E+002  0.21963296E+003  0.43290769E+003
 -0.86061448E+000 -0.71418597E+000 -0.34390950E+000 -0.10741772E-001  0.25197377E-001  0.10676806E+001  0.81105301E+001  0.43454070E+002  0.79501824E+002  0.21963296E+003  0.43290769E+003
 -0.86061451E+000 -0.71418648E+000 -0.34391545E+000 -0.10742090E-001  0.25197383E-001  0.10676844E+001  0.81105406E+001  0.43454165E+002  0.79502099E+002  0.21963296E+003  0.43290769E+003
 -0.86061454E+000 -0.71418693E+000 -0.34392077E+000 -0.10742361E-001  0.25197390E-001  0.10676894E+001  0.81105526E+001  0.43454262E+002  0.79502381E+002  0.21963296E+003  0.43290770E+003
 -0.86061456E+000 -0.71418733E+000 -0.34392550E+000 -0.10742589E-001  0.25197397E-001  0.10676957E+001  0.81105660E+001  0.43454363E+002  0.79502670E+002  0.21963296E+003  0.43290770E+003
 -0.86061458E+000 -0.71418769E+000 -0.34392968E+000 -0.10742777E-001  0.25197404E-001  0.10677031E+001  0.81105807E+001  0.43454466E+002  0.79502965E+002  0.21963297E+003  0.43290771E+003
 -0.86061460E+000 -0.71418801E+000 -0.34393335E+000 -0.10742926E-001  0.25197410E-001  0.10677117E+001  0.81105969E+001  0.43454572E+002  0.79503267E+002  0.21963297E+003  0.43290771E+003
 -0.86061462E+000 -0.71418830E+000 -0.34393655E+000 -0.10743041E-001  0.25197417E-001  0.10677213E+001  0.81106144E+001  0.43454681E+002  0.79503576E+002  0.21963297E+003  0.43290771E+003
 -0.86061463E+000 -0.71418855E+000 -0.34393932E+000 -0.10743123E-001  0.25197424E-001  0.10677320E+001  0.81106333E+001  0.43454793E+002  0.79503891E+002  0.21963297E+003  0.43290772E+003
 -0.86061465E+000 -0.71418876E+000 -0.34394168E+000 -0.10743174E-001  0.25197431E-001  0.10677435E+001  0.81106535E+001  0.43454908E+002  0.79504213E+002  0.21963297E+003  0.43290772E+003
 -0.86061466E+000 -0.71418895E+000 -0.34394368E+000 -0.10743198E-001  0.25197438E-001  0.10677559E+001  0.81106751E+001  0.43455025E+002  0.79504542E+002  0.21963297E+003  0.43290773E+003
 -0.86061467E+000 -0.71418911E+000 -0.34394534E+000 -0.10743197E-001  0.25197444E-001  0.10677692E+001  0.81106979E+001  0.43455146E+002  0.79504878E+002  0.21963297E+003  0.43290773E+003
 -0.86061467E+000 -0.71418925E+000 -0.34394669E+000 -0.10743172E-001  0.25197451E-001  0.10677833E+001  0.81107220E+001  0.43455269E+002  0.79505220E+002  0.21963297E+003  0.43290774E+003
 -0.86061468E+000 -0.71418936E+000 -0.34394777E+000 -0.10743125E-001  0.25197458E-001  0.10677981E+001  0.81107473E+001  0.43455395E+002  0.79505569E+002  0.21963297E+003  0.43290774E+003
 -0.86061468E+000 -0.71418945E+000 -0.34394858E+000 -0.10743059E-001  0.25197464E-001  0.10678136E+001  0.81107738E+001  0.43455523E+002  0.79505925E+002  0.21963297E+003  0.43290775E+003
 -0.86061469E+000 -0.71418953E+000 -0.34394917E+000 -0.10742975E-001  0.25197470E-001  0.10678298E+001  0.81108015E+001  0.43455654E+002  0.79506287E+002  0.21963297E+003  0.43290775E+003
 -0.86061469E+000 -0.71418959E+000 -0.34394956E+000 -0.10742875E-001  0.25197476E-001  0.10678465E+001  0.81108304E+001  0.43455788E+002  0.79506656E+002  0.21963297E+003  0.43290776E+003
 -0.86061469E+000 -0.71418964E+000 -0.34394975E+000 -0.10742761E-001  0.25197482E-001  0.10678639E+001  0.81108603E+001  0.43455924E+002  0.79507031E+002  0.21963297E+003  0.43290776E+003
 -0.86061469E+000 -0.71418967E+000 -0.34394978E+000 -0.10742633E-001  0.25197488E-001  0.10678818E+001  0.81108913E+001  0.43456063E+002  0.79507413E+002  0.21963297E+003  0.43290777E+003
 -0.86061469E+000 -0.71418969E+000 -0.34394965E+000 -0.10742494E-001  0.25197494E-001  0.10679003E+001  0.81109233E+001  0.43456204E+002  0.79507800E+002  0.21963298E+003  0.43290777E+003
 -0.86061469E+000 -0.71418970E+000 -0.34394940E+000 -0.10742344E-001  0.25197499E-001  0.10679192E+001  0.81109562E+001  0.43456347E+002  0.79508194E+002  0.21963298E+003  0.43290778E+003
 -0.86061469E+000 -0.71418971E+000 -0.34394902E+000 -0.10742185E-001  0.25197505E-001  0.10679386E+001  0.81109901E+001  0.43456493E+002  0.79508595E+002  0.21963298E+003  0.43290778E+003
 -0.86061469E+000 -0.71418970E+000 -0.34394853E+000 -0.10742018E-001  0.25197510E-001  0.10679584E+001  0.81110249E+001  0.43456641E+002  0.79509001E+002  0.21963298E+003  0.43290779E+003
 -0.86061469E+000 -0.71418969E+000 -0.34394795E+000 -0.10741843E-001  0.25197515E-001  0.10679786E+001  0.81110605E+001  0.43456790E+002  0.79509412E+002  0.21963298E+003  0.43290780E+003
 -0.86061469E+000 -0.71418968E+000 -0.34394729E+000 -0.10741662E-001  0.25197520E-001  0.10679992E+001  0.81110970E+001  0.43456942E+002  0.79509830E+002  0.21963298E+003  0.43290780E+003
 -0.86061469E+000 -0.71418966E+000 -0.34394655E+000 -0.10741476E-001  0.25197525E-001  0.10680201E+001  0.81111342E+001  0.43457095E+002  0.79510253E+002  0.21963298E+003  0.43290781E+003
 -0.86061469E+000 -0.71418963E+000 -0.34394575E+000 -0.10741285E-001  0.25197529E-001  0.10680413E+001  0.81111721E+001  0.43457251E+002  0.79510682E+002  0.21963298E+003  0.43290781E+003
 -0.86061469E+000 -0.71418960E+000 -0.34394489E+000 -0.10741090E-001  0.25197534E-001  0.10680628E+001  0.81112108E+001  0.43457408E+002  0.79511115E+002  0.21963298E+003  0.43290782E+003
 -0.86061468E+000 -0.71418957E+000 -0.34394398E+000 -0.10740892E-001  0.25197538E-001  0.10680846E+001  0.81112501E+001  0.43457566E+002  0.79511554E+002  0.21963298E+003  0.43290783E+003
 -0.86061468E+000 -0.71418953E+000 -0.34394303E+000 -0.10740691E-001  0.25197542E-001  0.10681066E+001  0.81112900E+001  0.43457726E+002  0.79511998E+002  0.21963298E+003  0.43290783E+003
 -0.86061468E+000 -0.71418950E+000 -0.34394204E+000 -0.10740488E-001  0.25197546E-001  0.10681288E+001  0.81113305E+001  0.43457888E+002  0.79512446E+002  0.21963299E+003  0.43290784E+003
 -0.86061468E+000 -0.71418946E+000 -0.34394102E+000 -0.10740284E-001  0.25197550E-001  0.10681511E+001  0.81113716E+001  0.43458051E+002  0.79512899E+002  0.21963299E+003  0.43290785E+003
 -0.86061467E+000 -0.71418942E+000 -0.34393998E+000 -0.10740079E-001  0.25197554E-001  0.10681736E+001  0.81114132E+001  0.43458215E+002  0.79513356E+002  0.21963299E+003  0.43290785E+003
 -0.86061467E+000 -0.71418937E+000 -0.34393892E+000 -0.10739873E-001  0.25197558E-001  0.10681962E+001  0.81114553E+001  0.43458380E+002  0.79513817E+002  0.21963299E+003  0.43290786E+003
 -0.86061467E+000 -0.71418933E+000 -0.34393784E+000 -0.10739667E-001  0.25197561E-001  0.10682188E+001  0.81114979E+001  0.43458547E+002  0.79514281E+002  0.21963299E+003  0.43290787E+003
 -0.86061467E+000 -0.71418929E+000 -0.34393674E+000 -0.10739462E-001  0.25197565E-001  0.10682414E+001  0.81115409E+001  0.43458714E+002  0.79514750E+002  0.21963299E+003  0.43290788E+003
 -0.86061466E+000 -0.71418924E+000 -0.34393564E+000 -0.10739257E-001  0.25197568E-001  0.10682641E+001  0.81115844E+001  0.43458883E+002  0.79515221E+002  0.21963299E+003  0.43290788E+003
 -0.86061466E+000 -0.71418920E+000 -0.34393454E+000 -0.10739054E-001  0.25197571E-001  0.10682866E+001  0.81116282E+001  0.43459052E+002  0.79515696E+002  0.21963299E+003  0.43290789E+003
 -0.86061466E+000 -0.71418915E+000 -0.34393343E+000 -0.10738852E-001  0.25197574E-001  0.10683091E+001  0.81116723E+001  0.43459222E+002  0.79516174E+002  0.21963299E+003  0.43290790E+003
 -0.86061466E+000 -0.71418911E+000 -0.34393233E+000 -0.10738653E-001  0.25197577E-001  0.10683314E+001  0.81117168E+001  0.43459393E+002  0.79516654E+002  0.21963300E+003  0.43290791E+003
 -0.86061465E+000 -0.71418906E+000 -0.34393123E+000 -0.10738455E-001  0.25197580E-001  0.10683536E+001  0.81117616E+001  0.43459564E+002  0.79517137E+002  0.21963300E+003  0.43290792E+003
 -0.86061465E+000 -0.71418902E+000 -0.34393015E+000 -0.10738261E-001  0.25197583E-001  0.10683756E+001  0.81118067E+001  0.43459736E+002  0.79517621E+002  0.21963300E+003  0.43290792E+003
 -0.86061465E+000 -0.71418897E+000 -0.34392907E+000 -0.10738069E-001  0.25197586E-001  0.10683973E+001  0.81118519E+001  0.43459909E+002  0.79518108E+002  0.21963300E+003  0.43290793E+003
 -0.86061465E+000 -0.71418893E+000 -0.34392800E+000 -0.10737880E-001  0.25197588E-001  0.10684188E+001  0.81118974E+001  0.43460082E+002  0.79518597E+002  0.21963300E+003  0.43290794E+003
 -0.86061465E+000 -0.71418888E+000 -0.34392695E+000 -0.10737695E-001  0.25197591E-001  0.10684399E+001  0.81119431E+001  0.43460255E+002  0.79519087E+002  0.21963300E+003  0.43290795E+003
 -0.86061464E+000 -0.71418884E+000 -0.34392591E+000 -0.10737514E-001  0.25197593E-001  0.10684607E+001  0.81119888E+001  0.43460429E+002  0.79519578E+002  0.21963300E+003  0.43290796E+003
 -0.86061464E+000 -0.71418880E+000 -0.34392490E+000 -0.10737336E-001  0.25197595E-001  0.10684811E+001  0.81120347E+001  0.43460602E+002  0.79520071E+002  0.21963300E+003  0.43290797E+003
 -0.86061464E+000 -0.71418876E+000 -0.34392390E+000 -0.10737162E-001  0.25197598E-001  0.10685012E+001  0.81120806E+001  0.43460776E+002  0.79520564E+002  0.21963300E+003  0.43290797E+003
 -0.86061464E+000 -0.71418871E+000 -0.34392293E+000 -0.10736993E-001  0.25197600E-001  0.10685208E+001  0.81121266E+001  0.43460951E+002  0.79521058E+002  0.21963301E+003  0.43290798E+003
 -0.86061463E+000 -0.71418867E+000 -0.34392197E+000 -0.10736828E-001  0.25197602E-001  0.10685399E+001  0.81121725E+001  0.43461125E+002  0.79521552E+002  0.21963301E+003  0.43290799E+003
 -0.86061463E+000 -0.71418863E+000 -0.34392105E+000 -0.10736668E-001  0.25197604E-001  0.10685586E+001  0.81122184E+001  0.43461299E+002  0.79522047E+002  0.21963301E+003  0.43290800E+003
 -0.86061463E+000 -0.71418860E+000 -0.34392014E+000 -0.10736512E-001  0.25197606E-001  0.10685767E+001  0.81122642E+001  0.43461473E+002  0.79522542E+002  0.21963301E+003  0.43290801E+003
 -0.86061463E+000 -0.71418856E+000 -0.34391926E+000 -0.10736361E-001  0.25197607E-001  0.10685944E+001  0.81123098E+001  0.43461647E+002  0.79523036E+002  0.21963301E+003  0.43290802E+003
 -0.86061463E+000 -0.71418852E+000 -0.34391841E+000 -0.10736214E-001  0.25197609E-001  0.10686115E+001  0.81123552E+001  0.43461821E+002  0.79523530E+002  0.21963301E+003  0.43290803E+003
 -0.86061462E+000 -0.71418849E+000 -0.34391759E+000 -0.10736072E-001  0.25197611E-001  0.10686281E+001  0.81124004E+001  0.43461995E+002  0.79524023E+002  0.21963301E+003  0.43290804E+003
 -0.86061462E+000 -0.71418845E+000 -0.34391679E+000 -0.10735936E-001  0.25197612E-001  0.10686442E+001  0.81124454E+001  0.43462168E+002  0.79524516E+002  0.21963301E+003  0.43290805E+003
 -0.86061462E+000 -0.71418842E+000 -0.34391602E+000 -0.10735804E-001  0.25197614E-001  0.10686596E+001  0.81124899E+001  0.43462341E+002  0.79525007E+002  0.21963302E+003  0.43290805E+003
 -0.86061462E+000 -0.71418839E+000 -0.34391528E+000 -0.10735677E-001  0.25197615E-001  0.10686746E+001  0.81125341E+001  0.43462514E+002  0.79525498E+002  0.21963302E+003  0.43290806E+003
 -0.86061462E+000 -0.71418836E+000 -0.34391456E+000 -0.10735554E-001  0.25197616E-001  0.10686889E+001  0.81125779E+001  0.43462686E+002  0.79525987E+002  0.21963302E+003  0.43290807E+003
 -0.86061462E+000 -0.71418833E+000 -0.34391388E+000 -0.10735437E-001  0.25197617E-001  0.10687027E+001  0.81126212E+001  0.43462858E+002  0.79526474E+002  0.21963302E+003  0.43290808E+003
 -0.86061462E+000 -0.71418830E+000 -0.34391322E+000 -0.10735324E-001  0.25197619E-001  0.10687159E+001  0.81126640E+001  0.43463029E+002  0.79526960E+002  0.21963302E+003  0.43290809E+003
 -0.86061461E+000 -0.71418827E+000 -0.34391259E+000 -0.10735217E-001  0.25197620E-001  0.10687286E+001  0.81127062E+001  0.43463199E+002  0.79527444E+002  0.21963302E+003  0.43290810E+003
 -0.86061461E+000 -0.71418825E+000 -0.34391199E+000 -0.10735114E-001  0.25197621E-001  0.10687407E+001  0.81127478E+001  0.43463369E+002  0.79527926E+002  0.21963302E+003  0.43290811E+003
 -0.86061461E+000 -0.71418822E+000 -0.34391142E+000 -0.10735015E-001  0.25197622E-001  0.10687523E+001  0.81127888E+001  0.43463538E+002  0.79528406E+002  0.21963302E+003  0.43290812E+003
 -0.86061461E+000 -0.71418820E+000 -0.34391087E+000 -0.10734921E-001  0.25197622E-001  0.10687633E+001  0.81128290E+001  0.43463705E+002  0.79528884E+002  0.21963303E+003  0.43290813E+003
 -0.86061461E+000 -0.71418818E+000 -0.34391035E+000 -0.10734832E-001  0.25197623E-001  0.10687739E+001  0.81128685E+001  0.43463872E+002  0.79529359E+002  0.21963303E+003  0.43290814E+003
 -0.86061461E+000 -0.71418816E+000 -0.34390986E+000 -0.10734748E-001  0.25197624E-001  0.10687838E+001  0.81129072E+001  0.43464038E+002  0.79529831E+002  0.21963303E+003  0.43290815E+003
 -0.86061461E+000 -0.71418814E+000 -0.34390939E+000 -0.10734667E-001  0.25197624E-001  0.10687933E+001  0.81129452E+001  0.43464203E+002  0.79530301E+002  0.21963303E+003  0.43290816E+003
 -0.86061461E+000 -0.71418812E+000 -0.34390895E+000 -0.10734591E-001  0.25197625E-001  0.10688023E+001  0.81129822E+001  0.43464366E+002  0.79530767E+002  0.21963303E+003  0.43290817E+003
 -0.86061461E+000 -0.71418810E+000 -0.34390854E+000 -0.10734519E-001  0.25197625E-001  0.10688108E+001  0.81130184E+001  0.43464529E+002  0.79531231E+002  0.21963303E+003  0.43290818E+003
 -0.86061460E+000 -0.71418809E+000 -0.34390815E+000 -0.10734452E-001  0.25197626E-001  0.10688189E+001  0.81130537E+001  0.43464689E+002  0.79531691E+002  0.21963303E+003  0.43290819E+003
 -0.86061460E+000 -0.71418807E+000 -0.34390779E+000 -0.10734388E-001  0.25197626E-001  0.10688264E+001  0.81130880E+001  0.43464849E+002  0.79532148E+002  0.21963303E+003  0.43290820E+003
 -0.86061460E+000 -0.71418806E+000 -0.34390745E+000 -0.10734329E-001  0.25197626E-001  0.10688336E+001  0.81131214E+001  0.43465006E+002  0.79532601E+002  0.21963304E+003  0.43290821E+003
 -0.86061460E+000 -0.71418805E+000 -0.34390714E+000 -0.10734273E-001  0.25197626E-001  0.10688403E+001  0.81131538E+001  0.43465162E+002  0.79533051E+002  0.21963304E+003  0.43290822E+003
 -0.86061460E+000 -0.71418804E+000 -0.34390685E+000 -0.10734221E-001  0.25197626E-001  0.10688466E+001  0.81131852E+001  0.43465317E+002  0.79533497E+002  0.21963304E+003  0.43290823E+003
 -0.86061460E+000 -0.71418803E+000 -0.34390659E+000 -0.10734173E-001  0.25197626E-001  0.10688525E+001  0.81132156E+001  0.43465469E+002  0.79533938E+002  0.21963304E+003  0.43290824E+003
 -0.86061460E+000 -0.71418802E+000 -0.34390635E+000 -0.10734128E-001  0.25197626E-001  0.10688580E+001  0.81132450E+001  0.43465620E+002  0.79534376E+002  0.21963304E+003  0.43290825E+003
 -0.86061460E+000 -0.71418801E+000 -0.34390613E+000 -0.10734088E-001  0.25197626E-001  0.10688632E+001  0.81132733E+001  0.43465768E+002  0.79534810E+002  0.21963304E+003  0.43290825E+003
 -0.86061460E+000 -0.71418800E+000 -0.34390594E+000 -0.10734050E-001  0.25197625E-001  0.10688680E+001  0.81133007E+001  0.43465914E+002  0.79535239E+002  0.21963304E+003  0.43290826E+003
 -0.86061460E+000 -0.71418800E+000 -0.34390577E+000 -0.10734016E-001  0.25197625E-001  0.10688724E+001  0.81133269E+001  0.43466058E+002  0.79535663E+002  0.21963304E+003  0.43290827E+003
 -0.86061460E+000 -0.71418800E+000 -0.34390562E+000 -0.10733986E-001  0.25197624E-001  0.10688765E+001  0.81133522E+001  0.43466200E+002  0.79536083E+002  0.21963304E+003  0.43290828E+003
 -0.86061460E+000 -0.71418799E+000 -0.34390549E+000 -0.10733959E-001  0.25197623E-001  0.10688803E+001  0.81133764E+001  0.43466339E+002  0.79536498E+002  0.21963305E+003  0.43290829E+003
 -0.86061460E+000 -0.71418799E+000 -0.34390539E+000 -0.10733935E-001  0.25197623E-001  0.10688837E+001  0.81133995E+001  0.43466476E+002  0.79536908E+002  0.21963305E+003  0.43290830E+003
 -0.86061460E+000 -0.71418799E+000 -0.34390531E+000 -0.10733915E-001  0.25197621E-001  0.10688869E+001  0.81134216E+001  0.43466610E+002  0.79537313E+002  0.21963305E+003  0.43290831E+003
 -0.86061460E+000 -0.71418800E+000 -0.34390525E+000 -0.10733898E-001  0.25197620E-001  0.10688897E+001  0.81134428E+001  0.43466742E+002  0.79537712E+002  0.21963305E+003  0.43290832E+003
 -0.86061460E+000 -0.71418800E+000 -0.34390522E+000 -0.10733885E-001  0.25197619E-001  0.10688923E+001  0.81134628E+001  0.43466871E+002  0.79538106E+002  0.21963305E+003  0.43290833E+003
 -0.86061460E+000 -0.71418800E+000 -0.34390521E+000 -0.10733875E-001  0.25197617E-001  0.10688945E+001  0.81134819E+001  0.43466996E+002  0.79538495E+002  0.21963305E+003  0.43290834E+003
 -0.86061460E+000 -0.71418801E+000 -0.34390522E+000 -0.10733869E-001  0.25197616E-001  0.10688965E+001  0.81135000E+001  0.43467119E+002  0.79538877E+002  0.21963305E+003  0.43290835E+003
 -0.86061460E+000 -0.71418802E+000 -0.34390526E+000 -0.10733866E-001  0.25197614E-001  0.10688981E+001  0.81135171E+001  0.43467239E+002  0.79539254E+002  0.21963305E+003  0.43290836E+003
 -0.86061460E+000 -0.71418803E+000 -0.34390532E+000 -0.10733866E-001  0.25197611E-001  0.10688995E+001  0.81135332E+001  0.43467356E+002  0.79539625E+002  0.21963305E+003  0.43290836E+003
 -0.86061461E+000 -0.71418804E+000 -0.34390541E+000 -0.10733871E-001  0.25197609E-001  0.10689006E+001  0.81135484E+001  0.43467470E+002  0.79539989E+002  0.21963306E+003  0.43290837E+003
 -0.86061461E+000 -0.71418805E+000 -0.34390553E+000 -0.10733879E-001  0.25197606E-001  0.10689014E+001  0.81135625E+001  0.43467580E+002  0.79540347E+002  0.21963306E+003  0.43290838E+003
 -0.86061461E+000 -0.71418807E+000 -0.34390567E+000 -0.10733891E-001  0.25197603E-001  0.10689019E+001  0.81135758E+001  0.43467687E+002  0.79540699E+002  0.21963306E+003  0.43290839E+003
 -0.86061461E+000 -0.71418809E+000 -0.34390585E+000 -0.10733907E-001  0.25197600E-001  0.10689020E+001  0.81135880E+001  0.43467791E+002  0.79541044E+002  0.21963306E+003  0.43290840E+003
 -0.86061461E+000 -0.71418811E+000 -0.34390605E+000 -0.10733928E-001  0.25197596E-001  0.10689019E+001  0.81135993E+001  0.43467892E+002  0.79541381E+002  0.21963306E+003  0.43290841E+003
 -0.86061461E+000 -0.71418813E+000 -0.34390629E+000 -0.10733954E-001  0.25197593E-001  0.10689014E+001  0.81136097E+001  0.43467988E+002  0.79541712E+002  0.21963306E+003  0.43290842E+003
 -0.86061461E+000 -0.71418815E+000 -0.34390656E+000 -0.10733984E-001  0.25197588E-001  0.10689005E+001  0.81136190E+001  0.43468082E+002  0.79542035E+002  0.21963306E+003  0.43290842E+003
 -0.86061461E+000 -0.71418818E+000 -0.34390687E+000 -0.10734020E-001  0.25197584E-001  0.10688993E+001  0.81136275E+001  0.43468171E+002  0.79542351E+002  0.21963306E+003  0.43290843E+003
 -0.86061462E+000 -0.71418821E+000 -0.34390721E+000 -0.10734061E-001  0.25197578E-001  0.10688977E+001  0.81136349E+001  0.43468257E+002  0.79542659E+002  0.21963306E+003  0.43290844E+003
 -0.86061462E+000 -0.71418824E+000 -0.34390760E+000 -0.10734108E-001  0.25197573E-001  0.10688957E+001  0.81136413E+001  0.43468339E+002  0.79542959E+002  0.21963306E+003  0.43290845E+003
 -0.86061462E+000 -0.71418827E+000 -0.34390803E+000 -0.10734161E-001  0.25197567E-001  0.10688933E+001  0.81136467E+001  0.43468417E+002  0.79543251E+002  0.21963307E+003  0.43290846E+003
 -0.86061462E+000 -0.71418831E+000 -0.34390850E+000 -0.10734221E-001  0.25197560E-001  0.10688903E+001  0.81136510E+001  0.43468492E+002  0.79543535E+002  0.21963307E+003  0.43290846E+003
 -0.86061463E+000 -0.71418835E+000 -0.34390902E+000 -0.10734289E-001  0.25197553E-001  0.10688869E+001  0.81136543E+001  0.43468562E+002  0.79543809E+002  0.21963307E+003  0.43290847E+003
 -0.86061463E+000 -0.71418840E+000 -0.34390960E+000 -0.10734364E-001  0.25197546E-001  0.10688828E+001  0.81136563E+001  0.43468627E+002  0.79544075E+002  0.21963307E+003  0.43290848E+003
 -0.86061463E+000 -0.71418845E+000 -0.34391023E+000 -0.10734448E-001  0.25197537E-001  0.10688782E+001  0.81136572E+001  0.43468689E+002  0.79544331E+002  0.21963307E+003  0.43290849E+003
 -0.86061464E+000 -0.71418850E+000 -0.34391092E+000 -0.10734540E-001  0.25197528E-001  0.10688730E+001  0.81136568E+001  0.43468745E+002  0.79544577E+002  0.21963307E+003  0.43290849E+003
 -0.86061464E+000 -0.71418856E+000 -0.34391167E+000 -0.10734642E-001  0.25197519E-001  0.10688670E+001  0.81136550E+001  0.43468797E+002  0.79544813E+002  0.21963307E+003  0.43290850E+003
 -0.86061464E+000 -0.71418862E+000 -0.34391249E+000 -0.10734755E-001  0.25197509E-001  0.10688602E+001  0.81136517E+001  0.43468844E+002  0.79545038E+002  0.21963307E+003  0.43290851E+003
 -0.86061465E+000 -0.71418869E+000 -0.34391339E+000 -0.10734879E-001  0.25197498E-001  0.10688527E+001  0.81136469E+001  0.43468885E+002  0.79545251E+002  0.21963307E+003  0.43290852E+003
 -0.86061465E+000 -0.71418876E+000 -0.34391435E+000 -0.10735014E-001  0.25197486E-001  0.10688442E+001  0.81136404E+001  0.43468921E+002  0.79545453E+002  0.21963307E+003  0.43290852E+003
 -0.86061466E+000 -0.71418884E+000 -0.34391540E+000 -0.10735163E-001  0.25197474E-001  0.10688348E+001  0.81136321E+001  0.43468951E+002  0.79545642E+002  0.21963307E+003  0.43290853E+003
 -0.86061466E+000 -0.71418892E+000 -0.34391653E+000 -0.10735324E-001  0.25197460E-001  0.10688243E+001  0.81136217E+001  0.43468974E+002  0.79545817E+002  0.21963307E+003  0.43290854E+003
 -0.86061467E+000 -0.71418901E+000 -0.34391775E+000 -0.10735501E-001  0.25197446E-001  0.10688126E+001  0.81136091E+001  0.43468990E+002  0.79545977E+002  0.21963307E+003  0.43290854E+003
 -0.86061468E+000 -0.71418910E+000 -0.34391907E+000 -0.10735692E-001  0.25197432E-001  0.10687998E+001  0.81135942E+001  0.43468998E+002  0.79546122E+002  0.21963308E+003  0.43290855E+003
 -0.86061468E+000 -0.71418920E+000 -0.34392049E+000 -0.10735900E-001  0.25197416E-001  0.10687855E+001  0.81135766E+001  0.43468998E+002  0.79546249E+002  0.21963308E+003  0.43290856E+003
 -0.86061469E+000 -0.71418930E+000 -0.34392201E+000 -0.10736126E-001  0.25197399E-001  0.10687699E+001  0.81135561E+001  0.43468989E+002  0.79546357E+002  0.21963308E+003  0.43290856E+003
 -0.86061470E+000 -0.71418942E+000 -0.34392366E+000 -0.10736370E-001  0.25197382E-001  0.10687527E+001  0.81135323E+001  0.43468970E+002  0.79546445E+002  0.21963308E+003  0.43290857E+003
 -0.86061471E+000 -0.71418954E+000 -0.34392543E+000 -0.10736635E-001  0.25197363E-001  0.10687338E+001  0.81135050E+001  0.43468939E+002  0.79546511E+002  0.21963308E+003  0.43290857E+003
 -0.86061471E+000 -0.71418967E+000 -0.34392734E+000 -0.10736921E-001  0.25197344E-001  0.10687131E+001  0.81134738E+001  0.43468896E+002  0.79546551E+002  0.21963308E+003  0.43290858E+003
 -0.86061472E+000 -0.71418981E+000 -0.34392941E+000 -0.10737232E-001  0.25197324E-001  0.10686905E+001  0.81134382E+001  0.43468839E+002  0.79546564E+002  0.21963308E+003  0.43290858E+003
 -0.86061473E+000 -0.71418995E+000 -0.34393166E+000 -0.10737569E-001  0.25197302E-001  0.10686657E+001  0.81133976E+001  0.43468767E+002  0.79546545E+002  0.21963308E+003  0.43290859E+003
 -0.86061474E+000 -0.71419012E+000 -0.34393414E+000 -0.10737937E-001  0.25197280E-001  0.10686386E+001  0.81133515E+001  0.43468677E+002  0.79546492E+002  0.21963308E+003  0.43290860E+003
 -0.86061475E+000 -0.71419029E+000 -0.34393691E+000 -0.10738343E-001  0.25197257E-001  0.10686088E+001  0.81132992E+001  0.43468568E+002  0.79546400E+002  0.21963308E+003  0.43290860E+003
 -0.86061477E+000 -0.71419049E+000 -0.34394007E+000 -0.10738795E-001  0.25197233E-001  0.10685761E+001  0.81132398E+001  0.43468437E+002  0.79546265E+002  0.21963308E+003  0.43290860E+003
 -0.86061478E+000 -0.71419072E+000 -0.34394378E+000 -0.10739311E-001  0.25197207E-001  0.10685397E+001  0.81131723E+001  0.43468282E+002  0.79546080E+002  0.21963308E+003  0.43290861E+003
 -0.86061480E+000 -0.71419100E+000 -0.34394833E+000 -0.10739920E-001  0.25197180E-001  0.10684989E+001  0.81130952E+001  0.43468099E+002  0.79545839E+002  0.21963308E+003  0.43290861E+003
 -0.86061481E+000 -0.71419134E+000 -0.34395410E+000 -0.10740661E-001  0.25197152E-001  0.10684525E+001  0.81130074E+001  0.43467885E+002  0.79545536E+002  0.21963308E+003  0.43290862E+003
 -0.86061484E+000 -0.71419179E+000 -0.34396202E+000 -0.10741652E-001  0.25197120E-001  0.10683972E+001  0.81129057E+001  0.43467635E+002  0.79545158E+002  0.21963308E+003  0.43290862E+003
 -0.86061487E+000 -0.71419238E+000 -0.34397273E+000 -0.10742947E-001  0.25197087E-001  0.10683315E+001  0.81127900E+001  0.43467347E+002  0.79544705E+002  0.21963308E+003  0.43290862E+003
 -0.86061491E+000 -0.71419329E+000 -0.34399075E+000 -0.10745337E-001  0.25197044E-001  0.10682387E+001  0.81126491E+001  0.43467004E+002  0.79544140E+002  0.21963308E+003  0.43290863E+003
 -0.86061497E+000 -0.71419444E+000 -0.34401340E+000 -0.10748406E-001  0.25196999E-001  0.10681354E+001  0.81124962E+001  0.43466626E+002  0.79543500E+002  0.21963308E+003  0.43290863E+003
