  0.00000000E+000  0.00000000E+000  0.00000000E+000  0.00000000E+000  0.89217519E-002  0.14320018E+000  0.35052330E+001  0.29841560E+002  0.74484169E+002  0.19066032E+003  0.35724372E+003
  0.00000000E+000  0.00000000E+000  0.00000000E+000  0.00000000E+000  0.89229560E-002  0.14320251E+000  0.35052766E+001  0.29841813E+002  0.74484614E+002  0.19066106E+003  0.35724469E+003
  0.00000000E+000  0.00000000E+000  0.00000000E+000  0.00000000E+000  0.89240425E-002  0.14320488E+000  0.35053177E+001  0.29842050E+002  0.74485030E+002  0.19066176E+003  0.35724561E+003
  0.00000000E+000  0.00000000E+000  0.00000000E+000  0.00000000E+000  0.89250267E-002  0.14320725E+000  0.35053554E+001  0.29842259E+002  0.74485395E+002  0.19066240E+003  0.35724645E+003
  0.00000000E+000  0.00000000E+000  0.00000000E+000  0.00000000E+000  0.89259239E-002  0.14320959E+000  0.35053901E+001  0.29842441E+002  0.74485710E+002  0.19066296E+003  0.35724720E+003
  0.00000000E+000  0.00000000E+000  0.00000000E+000  0.00000000E+000  0.89267472E-002  0.14321189E+000  0.35054221E+001  0.29842599E+002  0.74485983E+002  0.19066345E+003  0.35724788E+003
  0.00000000E+000  0.00000000E+000  0.00000000E+000  0.00000000E+000  0.89275075E-002  0.14321413E+000  0.35054517E+001  0.29842737E+002  0.74486220E+002  0.19066389E+003  0.35724848E+003
  0.00000000E+000  0.00000000E+000  0.00000000E+000  0.00000000E+000  0.89282140E-002  0.14321631E+000  0.35054793E+001  0.29842859E+002  0.74486428E+002  0.19066428E+003  0.35724903E+003
  0.00000000E+000  0.00000000E+000  0.00000000E+000  0.00000000E+000  0.89288744E-002  0.14321842E+000  0.35055051E+001  0.29842966E+002  0.74486612E+002  0.19066463E+003  0.35724953E+003
  0.00000000E+000  0.00000000E+000  0.00000000E+000  0.00000000E+000  0.89294952E-002  0.14322048E+000  0.35055293E+001  0.29843062E+002  0.74486776E+002  0.19066495E+003  0.35724998E+003
  0.00000000E+000  0.00000000E+000  0.00000000E+000  0.00000000E+000  0.89300816E-002  0.14322249E+000  0.35055522E+001  0.29843149E+002  0.74486924E+002  0.19066524E+003  0.35725040E+003
  0.00000000E+000  0.00000000E+000  0.00000000E+000  0.00000000E+000  0.89306384E-002  0.14322444E+000  0.35055740E+001  0.29843227E+002  0.74487057E+002  0.19066550E+003  0.35725079E+003
  0.00000000E+000  0.00000000E+000  0.00000000E+000  0.00000000E+000  0.89311696E-002  0.14322634E+000  0.35055948E+001  0.29843298E+002  0.74487179E+002  0.19066574E+003  0.35725116E+003
  0.00000000E+000  0.00000000E+000  0.00000000E+000  0.00000000E+000  0.89316784E-002  0.14322820E+000  0.35056147E+001  0.29843364E+002  0.74487292E+002  0.19066597E+003  0.35725151E+003
  0.00000000E+000  0.00000000E+000  0.00000000E+000  0.00000000E+000  0.89321679E-002  0.14323001E+000  0.35056339E+001  0.29843425E+002  0.74487397E+002  0.19066619E+003  0.35725185E+003
  0.00000000E+000  0.00000000E+000  0.00000000E+000  0.00000000E+000  0.89326407E-002  0.14323178E+000  0.35056525E+001  0.29843481E+002  0.74487495E+002  0.19066639E+003  0.35725217E+003
  0.00000000E+000  0.00000000E+000  0.00000000E+000  0.00000000E+000  0.89330990E-002  0.14323353E+000  0.35056706E+001  0.29843535E+002  0.74487588E+002  0.19066658E+003  0.35725248E+003
  0.00000000E+000  0.00000000E+000  0.00000000E+000  0.00000000E+000  0.89335449E-002  0.14323524E+000  0.35056883E+001  0.29843586E+002  0.74487676E+002  0.19066677E+003  0.35725279E+003
  0.00000000E+000  0.00000000E+000  0.00000000E+000  0.00000000E+000  0.89339800E-002  0.14323692E+000  0.35057056E+001  0.29843635E+002  0.74487761E+002  0.19066695E+003  0.35725309E+003
  0.00000000E+000  0.00000000E+000  0.00000000E+000  0.00000000E+000  0.89344059E-002  0.14323859E+000  0.35057227E+001  0.29843682E+002  0.74487843E+002  0.19066713E+003  0.35725339E+003
  0.00000000E+000  0.00000000E+000  0.00000000E+000  0.00000000E+000  0.89348242E-002  0.14324024E+000  0.35057396E+001  0.29843728E+002  0.74487922E+002  0.19066731E+003  0.35725368E+003
  0.00000000E+000  0.00000000E+000  0.00000000E+000  0.00000000E+000  0.89352359E-002  0.14324187E+000  0.35057564E+001  0.29843772E+002  0.74488000E+002  0.19066748E+003  0.35725398E+003
  0.00000000E+000  0.00000000E+000  0.00000000E+000  0.00000000E+000  0.89356424E-002  0.14324349E+000  0.35057730E+001  0.29843816E+002  0.74488077E+002  0.19066766E+003  0.35725428E+003
  0.00000000E+000  0.00000000E+000  0.00000000E+000  0.00000000E+000  0.89360446E-002  0.14324511E+000  0.35057896E+001  0.29843858E+002  0.74488153E+002  0.19066783E+003  0.35725458E+003
  0.00000000E+000  0.00000000E+000  0.00000000E+000  0.00000000E+000  0.89364434E-002  0.14324672E+000  0.35058063E+001  0.29843901E+002  0.74488229E+002  0.19066800E+003  0.35725488E+003
  0.00000000E+000  0.00000000E+000  0.00000000E+000  0.00000000E+000  0.89368399E-002  0.14324833E+000  0.35058230E+001  0.29843943E+002  0.74488304E+002  0.19066818E+003  0.35725519E+003
  0.00000000E+000  0.00000000E+000  0.00000000E+000  0.00000000E+000  0.89372346E-002  0.14324994E+000  0.35058397E+001  0.29843986E+002  0.74488380E+002  0.19066835E+003  0.35725550E+003
  0.00000000E+000  0.00000000E+000  0.00000000E+000  0.00000000E+000  0.89376284E-002  0.14325156E+000  0.35058566E+001  0.29844028E+002  0.74488456E+002  0.19066853E+003  0.35725582E+003
  0.00000000E+000  0.00000000E+000  0.00000000E+000  0.00000000E+000  0.89380220E-002  0.14325318E+000  0.35058737E+001  0.29844071E+002  0.74488533E+002  0.19066872E+003  0.35725614E+003
  0.00000000E+000  0.00000000E+000  0.00000000E+000  0.00000000E+000  0.89384159E-002  0.14325482E+000  0.35058909E+001  0.29844114E+002  0.74488611E+002  0.19066890E+003  0.35725648E+003
  0.00000000E+000  0.00000000E+000  0.00000000E+000  0.00000000E+000  0.89388107E-002  0.14325646E+000  0.35059084E+001  0.29844157E+002  0.74488691E+002  0.19066910E+003  0.35725682E+003
  0.00000000E+000  0.00000000E+000  0.00000000E+000  0.00000000E+000  0.89392070E-002  0.14325812E+000  0.35059261E+001  0.29844201E+002  0.74488772E+002  0.19066929E+003  0.35725717E+003
  0.00000000E+000  0.00000000E+000  0.00000000E+000  0.00000000E+000  0.89396051E-002  0.14325979E+000  0.35059441E+001  0.29844246E+002  0.74488854E+002  0.19066949E+003  0.35725754E+003
  0.00000000E+000  0.00000000E+000  0.00000000E+000  0.00000000E+000  0.89400056E-002  0.14326149E+000  0.35059623E+001  0.29844292E+002  0.74488938E+002  0.19066970E+003  0.35725791E+003
  0.00000000E+000  0.00000000E+000  0.00000000E+000  0.00000000E+000  0.89404088E-002  0.14326321E+000  0.35059809E+001  0.29844339E+002  0.74489025E+002  0.19066991E+003  0.35725830E+003
  0.00000000E+000  0.00000000E+000  0.00000000E+000  0.00000000E+000  0.89408150E-002  0.14326495E+000  0.35059999E+001  0.29844386E+002  0.74489113E+002  0.19067013E+003  0.35725870E+003
  0.00000000E+000  0.00000000E+000  0.00000000E+000  0.00000000E+000  0.89412247E-002  0.14326671E+000  0.35060191E+001  0.29844435E+002  0.74489204E+002  0.19067036E+003  0.35725911E+003
  0.00000000E+000  0.00000000E+000  0.00000000E+000  0.00000000E+000  0.89416379E-002  0.14326851E+000  0.35060388E+001  0.29844485E+002  0.74489297E+002  0.19067059E+003  0.35725954E+003
  0.00000000E+000  0.00000000E+000  0.00000000E+000  0.00000000E+000  0.89420551E-002  0.14327034E+000  0.35060589E+001  0.29844537E+002  0.74489393E+002  0.19067083E+003  0.35725998E+003
  0.00000000E+000  0.00000000E+000  0.00000000E+000  0.00000000E+000  0.89424762E-002  0.14327220E+000  0.35060794E+001  0.29844590E+002  0.74489492E+002  0.19067109E+003  0.35726044E+003
  0.00000000E+000  0.00000000E+000  0.00000000E+000  0.00000000E+000  0.89429016E-002  0.14327409E+000  0.35061004E+001  0.29844644E+002  0.74489594E+002  0.19067134E+003  0.35726092E+003
  0.00000000E+000  0.00000000E+000  0.00000000E+000  0.00000000E+000  0.89433313E-002  0.14327602E+000  0.35061218E+001  0.29844700E+002  0.74489699E+002  0.19067161E+003  0.35726141E+003
  0.00000000E+000  0.00000000E+000  0.00000000E+000  0.00000000E+000  0.89437654E-002  0.14327798E+000  0.35061437E+001  0.29844757E+002  0.74489807E+002  0.19067189E+003  0.35726192E+003
  0.00000000E+000  0.00000000E+000  0.00000000E+000  0.00000000E+000  0.89442038E-002  0.14327999E+000  0.35061661E+001  0.29844816E+002  0.74489919E+002  0.19067218E+003  0.35726245E+003
  0.00000000E+000  0.00000000E+000  0.00000000E+000  0.00000000E+000  0.89446466E-002  0.14328203E+000  0.35061889E+001  0.29844877E+002  0.74490034E+002  0.19067247E+003  0.35726300E+003
  0.00000000E+000  0.00000000E+000  0.00000000E+000  0.00000000E+000  0.89450937E-002  0.14328411E+000  0.35062124E+001  0.29844940E+002  0.74490153E+002  0.19067278E+003  0.35726357E+003
  0.00000000E+000  0.00000000E+000  0.00000000E+000  0.00000000E+000  0.89455450E-002  0.14328624E+000  0.35062363E+001  0.29845005E+002  0.74490276E+002  0.19067310E+003  0.35726416E+003
  0.00000000E+000  0.00000000E+000  0.00000000E+000  0.00000000E+000  0.89460004E-002  0.14328841E+000  0.35062608E+001  0.29845071E+002  0.74490403E+002  0.19067343E+003  0.35726478E+003
  0.00000000E+000  0.00000000E+000  0.00000000E+000  0.00000000E+000  0.89464596E-002  0.14329062E+000  0.35062858E+001  0.29845140E+002  0.74490534E+002  0.19067377E+003  0.35726541E+003
  0.00000000E+000  0.00000000E+000  0.00000000E+000  0.00000000E+000  0.89469224E-002  0.14329288E+000  0.35063115E+001  0.29845211E+002  0.74490669E+002  0.19067412E+003  0.35726607E+003
  0.00000000E+000  0.00000000E+000  0.00000000E+000  0.00000000E+000  0.89473886E-002  0.14329518E+000  0.35063377E+001  0.29845284E+002  0.74490808E+002  0.19067449E+003  0.35726676E+003
  0.00000000E+000  0.00000000E+000  0.00000000E+000  0.00000000E+000  0.89478577E-002  0.14329752E+000  0.35063644E+001  0.29845360E+002  0.74490952E+002  0.19067487E+003  0.35726747E+003
  0.00000000E+000  0.00000000E+000  0.00000000E+000  0.00000000E+000  0.89483294E-002  0.14329992E+000  0.35063918E+001  0.29845438E+002  0.74491101E+002  0.19067526E+003  0.35726820E+003
  0.00000000E+000  0.00000000E+000  0.00000000E+000  0.00000000E+000  0.89488034E-002  0.14330236E+000  0.35064198E+001  0.29845518E+002  0.74491254E+002  0.19067566E+003  0.35726896E+003
  0.00000000E+000  0.00000000E+000  0.00000000E+000  0.00000000E+000  0.89492791E-002  0.14330485E+000  0.35064485E+001  0.29845601E+002  0.74491412E+002  0.19067608E+003  0.35726975E+003
  0.00000000E+000  0.00000000E+000  0.00000000E+000  0.00000000E+000  0.89497561E-002  0.14330739E+000  0.35064777E+001  0.29845686E+002  0.74491575E+002  0.19067652E+003  0.35727056E+003
  0.00000000E+000  0.00000000E+000  0.00000000E+000  0.00000000E+000  0.89502339E-002  0.14330998E+000  0.35065076E+001  0.29845774E+002  0.74491744E+002  0.19067696E+003  0.35727141E+003
  0.00000000E+000  0.00000000E+000  0.00000000E+000  0.00000000E+000  0.89507119E-002  0.14331263E+000  0.35065381E+001  0.29845865E+002  0.74491917E+002  0.19067742E+003  0.35727228E+003
  0.00000000E+000  0.00000000E+000  0.00000000E+000  0.00000000E+000  0.89511895E-002  0.14331533E+000  0.35065693E+001  0.29845958E+002  0.74492097E+002  0.19067790E+003  0.35727318E+003
  0.00000000E+000  0.00000000E+000  0.00000000E+000  0.00000000E+000  0.89516661E-002  0.14331809E+000  0.35066012E+001  0.29846055E+002  0.74492281E+002  0.19067839E+003  0.35727412E+003
  0.00000000E+000  0.00000000E+000  0.00000000E+000  0.00000000E+000  0.89521412E-002  0.14332092E+000  0.35066337E+001  0.29846154E+002  0.74492471E+002  0.19067890E+003  0.35727508E+003
  0.00000000E+000  0.00000000E+000  0.00000000E+000  0.00000000E+000  0.89526140E-002  0.14332380E+000  0.35066669E+001  0.29846256E+002  0.74492667E+002  0.19067943E+003  0.35727608E+003
  0.00000000E+000  0.00000000E+000  0.00000000E+000  0.00000000E+000  0.89530840E-002  0.14332675E+000  0.35067008E+001  0.29846361E+002  0.74492869E+002  0.19067997E+003  0.35727711E+003
  0.00000000E+000  0.00000000E+000  0.00000000E+000  0.00000000E+000  0.89535505E-002  0.14332977E+000  0.35067355E+001  0.29846469E+002  0.74493077E+002  0.19068052E+003  0.35727817E+003
  0.00000000E+000  0.00000000E+000  0.00000000E+000  0.00000000E+000  0.89540128E-002  0.14333286E+000  0.35067708E+001  0.29846580E+002  0.74493290E+002  0.19068110E+003  0.35727927E+003
  0.00000000E+000  0.00000000E+000  0.00000000E+000  0.00000000E+000  0.89544703E-002  0.14333603E+000  0.35068068E+001  0.29846695E+002  0.74493510E+002  0.19068169E+003  0.35728040E+003
  0.00000000E+000  0.00000000E+000  0.00000000E+000  0.00000000E+000  0.89549224E-002  0.14333927E+000  0.35068436E+001  0.29846812E+002  0.74493736E+002  0.19068230E+003  0.35728157E+003
  0.00000000E+000  0.00000000E+000  0.00000000E+000  0.00000000E+000  0.89553685E-002  0.14334259E+000  0.35068811E+001  0.29846933E+002  0.74493969E+002  0.19068293E+003  0.35728277E+003
  0.00000000E+000  0.00000000E+000  0.00000000E+000  0.00000000E+000  0.89558080E-002  0.14334599E+000  0.35069194E+001  0.29847056E+002  0.74494207E+002  0.19068357E+003  0.35728401E+003
  0.00000000E+000  0.00000000E+000  0.00000000E+000  0.00000000E+000  0.89562402E-002  0.14334948E+000  0.35069584E+001  0.29847183E+002  0.74494453E+002  0.19068423E+003  0.35728528E+003
  0.00000000E+000  0.00000000E+000  0.00000000E+000  0.00000000E+000  0.89566648E-002  0.14335304E+000  0.35069982E+001  0.29847314E+002  0.74494704E+002  0.19068491E+003  0.35728660E+003
  0.00000000E+000  0.00000000E+000  0.00000000E+000  0.00000000E+000  0.89570811E-002  0.14335670E+000  0.35070387E+001  0.29847447E+002  0.74494963E+002  0.19068561E+003  0.35728795E+003
  0.00000000E+000  0.00000000E+000  0.00000000E+000  0.00000000E+000  0.89574886E-002  0.14336044E+000  0.35070799E+001  0.29847583E+002  0.74495227E+002  0.19068633E+003  0.35728934E+003
  0.00000000E+000  0.00000000E+000  0.00000000E+000  0.00000000E+000  0.89578871E-002  0.14336427E+000  0.35071220E+001  0.29847723E+002  0.74495499E+002  0.19068707E+003  0.35729077E+003
  0.00000000E+000  0.00000000E+000  0.00000000E+000  0.00000000E+000  0.89582760E-002  0.14336819E+000  0.35071648E+001  0.29847866E+002  0.74495777E+002  0.19068783E+003  0.35729224E+003
  0.00000000E+000  0.00000000E+000  0.00000000E+000  0.00000000E+000  0.89586551E-002  0.14337219E+000  0.35072084E+001  0.29848012E+002  0.74496062E+002  0.19068861E+003  0.35729375E+003
  0.00000000E+000  0.00000000E+000  0.00000000E+000  0.00000000E+000  0.89590241E-002  0.14337628E+000  0.35072528E+001  0.29848161E+002  0.74496353E+002  0.19068940E+003  0.35729531E+003
  0.00000000E+000  0.00000000E+000  0.00000000E+000  0.00000000E+000  0.89593826E-002  0.14338045E+000  0.35072979E+001  0.29848313E+002  0.74496651E+002  0.19069022E+003  0.35729690E+003
  0.00000000E+000  0.00000000E+000  0.00000000E+000  0.00000000E+000  0.89597305E-002  0.14338470E+000  0.35073439E+001  0.29848468E+002  0.74496956E+002  0.19069105E+003  0.35729853E+003
  0.00000000E+000  0.00000000E+000  0.00000000E+000  0.00000000E+000  0.89600677E-002  0.14338903E+000  0.35073906E+001  0.29848626E+002  0.74497267E+002  0.19069191E+003  0.35730021E+003
  0.00000000E+000  0.00000000E+000  0.00000000E+000  0.00000000E+000  0.89603941E-002  0.14339343E+000  0.35074382E+001  0.29848787E+002  0.74497585E+002  0.19069279E+003  0.35730193E+003
  0.00000000E+000  0.00000000E+000  0.00000000E+000  0.00000000E+000  0.89607095E-002  0.14339790E+000  0.35074866E+001  0.29848951E+002  0.74497909E+002  0.19069369E+003  0.35730369E+003
  0.00000000E+000  0.00000000E+000  0.00000000E+000  0.00000000E+000  0.89610139E-002  0.14340244E+000  0.35075358E+001  0.29849118E+002  0.74498240E+002  0.19069460E+003  0.35730550E+003
  0.00000000E+000  0.00000000E+000  0.00000000E+000  0.00000000E+000  0.89613075E-002  0.14340702E+000  0.35075858E+001  0.29849287E+002  0.74498577E+002  0.19069554E+003  0.35730734E+003
  0.00000000E+000  0.00000000E+000  0.00000000E+000  0.00000000E+000  0.89615901E-002  0.14341166E+000  0.35076366E+001  0.29849459E+002  0.74498921E+002  0.19069650E+003  0.35730924E+003
  0.00000000E+000  0.00000000E+000  0.00000000E+000  0.00000000E+000  0.89618620E-002  0.14341635E+000  0.35076883E+001  0.29849634E+002  0.74499270E+002  0.19069748E+003  0.35731117E+003
  0.00000000E+000  0.00000000E+000  0.00000000E+000  0.00000000E+000  0.89621232E-002  0.14342106E+000  0.35077408E+001  0.29849811E+002  0.74499626E+002  0.19069848E+003  0.35731315E+003
  0.00000000E+000  0.00000000E+000  0.00000000E+000  0.00000000E+000  0.89623739E-002  0.14342580E+000  0.35077941E+001  0.29849991E+002  0.74499988E+002  0.19069950E+003  0.35731518E+003
  0.00000000E+000  0.00000000E+000  0.00000000E+000  0.00000000E+000  0.89626143E-002  0.14343056E+000  0.35078483E+001  0.29850173E+002  0.74500355E+002  0.19070053E+003  0.35731725E+003
  0.00000000E+000  0.00000000E+000  0.00000000E+000  0.00000000E+000  0.89628447E-002  0.14343533E+000  0.35079032E+001  0.29850357E+002  0.74500728E+002  0.19070159E+003  0.35731936E+003
  0.00000000E+000  0.00000000E+000  0.00000000E+000  0.00000000E+000  0.89630651E-002  0.14344010E+000  0.35079590E+001  0.29850544E+002  0.74501107E+002  0.19070267E+003  0.35732152E+003
  0.00000000E+000  0.00000000E+000  0.00000000E+000  0.00000000E+000  0.89632759E-002  0.14344485E+000  0.35080156E+001  0.29850733E+002  0.74501491E+002  0.19070377E+003  0.35732373E+003
  0.00000000E+000  0.00000000E+000  0.00000000E+000  0.00000000E+000  0.89634774E-002  0.14344958E+000  0.35080730E+001  0.29850923E+002  0.74501881E+002  0.19070489E+003  0.35732598E+003
  0.00000000E+000  0.00000000E+000  0.00000000E+000  0.00000000E+000  0.89636697E-002  0.14345428E+000  0.35081311E+001  0.29851116E+002  0.74502275E+002  0.19070603E+003  0.35732827E+003
  0.00000000E+000  0.00000000E+000  0.00000000E+000  0.00000000E+000  0.89638533E-002  0.14345895E+000  0.35081901E+001  0.29851311E+002  0.74502675E+002  0.19070719E+003  0.35733061E+003
  0.00000000E+000  0.00000000E+000  0.00000000E+000  0.00000000E+000  0.89640284E-002  0.14346356E+000  0.35082498E+001  0.29851507E+002  0.74503079E+002  0.19070837E+003  0.35733300E+003
  0.00000000E+000  0.00000000E+000  0.00000000E+000  0.00000000E+000  0.89641952E-002  0.14346811E+000  0.35083102E+001  0.29851706E+002  0.74503488E+002  0.19070956E+003  0.35733542E+003
  0.00000000E+000  0.00000000E+000  0.00000000E+000  0.00000000E+000  0.89643542E-002  0.14347259E+000  0.35083713E+001  0.29851906E+002  0.74503902E+002  0.19071077E+003  0.35733790E+003
  0.00000000E+000  0.00000000E+000  0.00000000E+000  0.00000000E+000  0.89645055E-002  0.14347699E+000  0.35084332E+001  0.29852107E+002  0.74504320E+002  0.19071201E+003  0.35734041E+003
  0.00000000E+000  0.00000000E+000  0.00000000E+000  0.00000000E+000  0.89646496E-002  0.14348131E+000  0.35084957E+001  0.29852311E+002  0.74504742E+002  0.19071326E+003  0.35734298E+003
  0.00000000E+000  0.00000000E+000  0.00000000E+000  0.00000000E+000  0.89647866E-002  0.14348554E+000  0.35085589E+001  0.29852515E+002  0.74505168E+002  0.19071452E+003  0.35734558E+003
  0.00000000E+000  0.00000000E+000  0.00000000E+000  0.00000000E+000  0.89649169E-002  0.14348967E+000  0.35086227E+001  0.29852721E+002  0.74505597E+002  0.19071581E+003  0.35734823E+003
  0.00000000E+000  0.00000000E+000  0.00000000E+000  0.00000000E+000  0.89650407E-002  0.14349369E+000  0.35086871E+001  0.29852928E+002  0.74506031E+002  0.19071711E+003  0.35735092E+003
  0.00000000E+000  0.00000000E+000  0.00000000E+000  0.00000000E+000  0.89651584E-002  0.14349760E+000  0.35087521E+001  0.29853137E+002  0.74506467E+002  0.19071842E+003  0.35735365E+003
  0.00000000E+000  0.00000000E+000  0.00000000E+000  0.00000000E+000  0.89652701E-002  0.14350140E+000  0.35088176E+001  0.29853347E+002  0.74506907E+002  0.19071976E+003  0.35735643E+003
  0.00000000E+000  0.00000000E+000  0.00000000E+000  0.00000000E+000  0.89653762E-002  0.14350507E+000  0.35088835E+001  0.29853557E+002  0.74507350E+002  0.19072110E+003  0.35735924E+003
  0.00000000E+000  0.00000000E+000  0.00000000E+000  0.00000000E+000  0.89654769E-002  0.14350862E+000  0.35089500E+001  0.29853769E+002  0.74507795E+002  0.19072247E+003  0.35736210E+003
  0.00000000E+000  0.00000000E+000  0.00000000E+000  0.00000000E+000  0.89655724E-002  0.14351205E+000  0.35090168E+001  0.29853981E+002  0.74508243E+002  0.19072384E+003  0.35736500E+003
  0.00000000E+000  0.00000000E+000  0.00000000E+000  0.00000000E+000  0.89656629E-002  0.14351535E+000  0.35090839E+001  0.29854195E+002  0.74508694E+002  0.19072523E+003  0.35736794E+003
  0.00000000E+000  0.00000000E+000  0.00000000E+000  0.00000000E+000  0.89657487E-002  0.14351852E+000  0.35091514E+001  0.29854409E+002  0.74509146E+002  0.19072663E+003  0.35737091E+003
  0.00000000E+000  0.00000000E+000  0.00000000E+000  0.00000000E+000  0.89658300E-002  0.14352157E+000  0.35092191E+001  0.29854624E+002  0.74509601E+002  0.19072805E+003  0.35737393E+003
  0.00000000E+000  0.00000000E+000  0.00000000E+000  0.00000000E+000  0.89659069E-002  0.14352448E+000  0.35092870E+001  0.29854839E+002  0.74510057E+002  0.19072948E+003  0.35737698E+003
  0.00000000E+000  0.00000000E+000  0.00000000E+000  0.00000000E+000  0.89659796E-002  0.14352727E+000  0.35093550E+001  0.29855055E+002  0.74510515E+002  0.19073092E+003  0.35738006E+003
  0.00000000E+000  0.00000000E+000  0.00000000E+000  0.00000000E+000  0.89660483E-002  0.14352993E+000  0.35094231E+001  0.29855272E+002  0.74510974E+002  0.19073237E+003  0.35738319E+003
  0.00000000E+000  0.00000000E+000  0.00000000E+000  0.00000000E+000  0.89661132E-002  0.14353247E+000  0.35094911E+001  0.29855489E+002  0.74511434E+002  0.19073383E+003  0.35738634E+003
  0.00000000E+000  0.00000000E+000  0.00000000E+000  0.00000000E+000  0.89661743E-002  0.14353488E+000  0.35095591E+001  0.29855706E+002  0.74511895E+002  0.19073530E+003  0.35738953E+003
  0.00000000E+000  0.00000000E+000  0.00000000E+000  0.00000000E+000  0.89662319E-002  0.14353717E+000  0.35096269E+001  0.29855923E+002  0.74512357E+002  0.19073677E+003  0.35739276E+003
  0.00000000E+000  0.00000000E+000  0.00000000E+000  0.00000000E+000  0.89662860E-002  0.14353935E+000  0.35096945E+001  0.29856141E+002  0.74512819E+002  0.19073826E+003  0.35739601E+003
  0.00000000E+000  0.00000000E+000  0.00000000E+000  0.00000000E+000  0.89663369E-002  0.14354142E+000  0.35097618E+001  0.29856359E+002  0.74513282E+002  0.19073975E+003  0.35739930E+003
  0.00000000E+000  0.00000000E+000  0.00000000E+000  0.00000000E+000  0.89663845E-002  0.14354337E+000  0.35098287E+001  0.29856576E+002  0.74513745E+002  0.19074125E+003  0.35740261E+003
  0.00000000E+000  0.00000000E+000  0.00000000E+000  0.00000000E+000  0.89664289E-002  0.14354522E+000  0.35098951E+001  0.29856794E+002  0.74514208E+002  0.19074276E+003  0.35740595E+003
  0.00000000E+000  0.00000000E+000  0.00000000E+000  0.00000000E+000  0.89664704E-002  0.14354696E+000  0.35099609E+001  0.29857012E+002  0.74514670E+002  0.19074427E+003  0.35740932E+003
  0.00000000E+000  0.00000000E+000  0.00000000E+000  0.00000000E+000  0.89665088E-002  0.14354861E+000  0.35100262E+001  0.29857229E+002  0.74515133E+002  0.19074579E+003  0.35741271E+003
  0.00000000E+000  0.00000000E+000  0.00000000E+000  0.00000000E+000  0.89665444E-002  0.14355016E+000  0.35100906E+001  0.29857447E+002  0.74515594E+002  0.19074731E+003  0.35741613E+003
  0.00000000E+000  0.00000000E+000  0.00000000E+000  0.00000000E+000  0.89665771E-002  0.14355161E+000  0.35101543E+001  0.29857663E+002  0.74516055E+002  0.19074883E+003  0.35741956E+003
  0.00000000E+000  0.00000000E+000  0.00000000E+000  0.00000000E+000  0.89666070E-002  0.14355298E+000  0.35102171E+001  0.29857880E+002  0.74516515E+002  0.19075036E+003  0.35742302E+003
  0.00000000E+000  0.00000000E+000  0.00000000E+000  0.00000000E+000  0.89666341E-002  0.14355427E+000  0.35102789E+001  0.29858096E+002  0.74516974E+002  0.19075189E+003  0.35742650E+003
  0.00000000E+000  0.00000000E+000  0.00000000E+000  0.00000000E+000  0.89666585E-002  0.14355548E+000  0.35103397E+001  0.29858311E+002  0.74517431E+002  0.19075342E+003  0.35743000E+003
  0.00000000E+000  0.00000000E+000  0.00000000E+000  0.00000000E+000  0.89666801E-002  0.14355661E+000  0.35103994E+001  0.29858526E+002  0.74517887E+002  0.19075495E+003  0.35743352E+003
  0.00000000E+000  0.00000000E+000  0.00000000E+000  0.00000000E+000  0.89666990E-002  0.14355766E+000  0.35104579E+001  0.29858740E+002  0.74518342E+002  0.19075648E+003  0.35743704E+003
  0.00000000E+000  0.00000000E+000  0.00000000E+000  0.00000000E+000  0.89667151E-002  0.14355865E+000  0.35105152E+001  0.29858953E+002  0.74518795E+002  0.19075801E+003  0.35744059E+003
  0.00000000E+000  0.00000000E+000  0.00000000E+000  0.00000000E+000  0.89667285E-002  0.14355957E+000  0.35105712E+001  0.29859166E+002  0.74519245E+002  0.19075954E+003  0.35744414E+003
  0.00000000E+000  0.00000000E+000  0.00000000E+000  0.00000000E+000  0.89667390E-002  0.14356043E+000  0.35106258E+001  0.29859377E+002  0.74519694E+002  0.19076107E+003  0.35744771E+003
  0.00000000E+000  0.00000000E+000  0.00000000E+000  0.00000000E+000  0.89667466E-002  0.14356123E+000  0.35106790E+001  0.29859587E+002  0.74520141E+002  0.19076260E+003  0.35745128E+003
  0.00000000E+000  0.00000000E+000  0.00000000E+000  0.00000000E+000  0.89667513E-002  0.14356197E+000  0.35107307E+001  0.29859796E+002  0.74520585E+002  0.19076412E+003  0.35745487E+003
  0.00000000E+000  0.00000000E+000  0.00000000E+000  0.00000000E+000  0.89667529E-002  0.14356265E+000  0.35107810E+001  0.29860003E+002  0.74521027E+002  0.19076563E+003  0.35745845E+003
  0.00000000E+000  0.00000000E+000  0.00000000E+000  0.00000000E+000  0.89667514E-002  0.14356328E+000  0.35108297E+001  0.29860209E+002  0.74521466E+002  0.19076715E+003  0.35746205E+003
  0.00000000E+000  0.00000000E+000  0.00000000E+000  0.00000000E+000  0.89667466E-002  0.14356386E+000  0.35108769E+001  0.29860413E+002  0.74521903E+002  0.19076865E+003  0.35746564E+003
  0.00000000E+000  0.00000000E+000  0.00000000E+000  0.00000000E+000  0.89667384E-002  0.14356440E+000  0.35109225E+001  0.29860616E+002  0.74522336E+002  0.19077016E+003  0.35746924E+003
  0.00000000E+000  0.00000000E+000  0.00000000E+000  0.00000000E+000  0.89667266E-002  0.14356489E+000  0.35109666E+001  0.29860817E+002  0.74522767E+002  0.19077165E+003  0.35747283E+003
  0.00000000E+000  0.00000000E+000  0.00000000E+000  0.00000000E+000  0.89667111E-002  0.14356533E+000  0.35110090E+001  0.29861016E+002  0.74523194E+002  0.19077314E+003  0.35747643E+003
  0.00000000E+000  0.00000000E+000  0.00000000E+000  0.00000000E+000  0.89666915E-002  0.14356573E+000  0.35110498E+001  0.29861213E+002  0.74523619E+002  0.19077462E+003  0.35748002E+003
  0.00000000E+000  0.00000000E+000  0.00000000E+000  0.00000000E+000  0.89666678E-002  0.14356609E+000  0.35110891E+001  0.29861408E+002  0.74524039E+002  0.19077610E+003  0.35748360E+003
  0.00000000E+000  0.00000000E+000  0.00000000E+000  0.00000000E+000  0.89666395E-002  0.14356640E+000  0.35111267E+001  0.29861600E+002  0.74524457E+002  0.19077756E+003  0.35748718E+003
  0.00000000E+000  0.00000000E+000  0.00000000E+000  0.00000000E+000  0.89666065E-002  0.14356668E+000  0.35111627E+001  0.29861790E+002  0.74524870E+002  0.19077902E+003  0.35749075E+003
  0.00000000E+000  0.00000000E+000  0.00000000E+000  0.00000000E+000  0.89665682E-002  0.14356691E+000  0.35111971E+001  0.29861977E+002  0.74525280E+002  0.19078047E+003  0.35749431E+003
  0.00000000E+000  0.00000000E+000  0.00000000E+000  0.00000000E+000  0.89665245E-002  0.14356711E+000  0.35112300E+001  0.29862162E+002  0.74525685E+002  0.19078190E+003  0.35749786E+003
  0.00000000E+000  0.00000000E+000  0.00000000E+000  0.00000000E+000  0.89664749E-002  0.14356726E+000  0.35112613E+001  0.29862344E+002  0.74526087E+002  0.19078333E+003  0.35750140E+003
  0.00000000E+000  0.00000000E+000  0.00000000E+000  0.00000000E+000  0.89664188E-002  0.14356738E+000  0.35112911E+001  0.29862523E+002  0.74526484E+002  0.19078475E+003  0.35750492E+003
  0.00000000E+000  0.00000000E+000  0.00000000E+000  0.00000000E+000  0.89663559E-002  0.14356746E+000  0.35113194E+001  0.29862699E+002  0.74526877E+002  0.19078615E+003  0.35750843E+003
  0.00000000E+000  0.00000000E+000  0.00000000E+000  0.00000000E+000  0.89662855E-002  0.14356749E+000  0.35113462E+001  0.29862871E+002  0.74527266E+002  0.19078754E+003  0.35751192E+003
  0.00000000E+000  0.00000000E+000  0.00000000E+000  0.00000000E+000  0.89662072E-002  0.14356748E+000  0.35113715E+001  0.29863041E+002  0.74527650E+002  0.19078893E+003  0.35751539E+003
  0.00000000E+000  0.00000000E+000  0.00000000E+000  0.00000000E+000  0.89661201E-002  0.14356743E+000  0.35113954E+001  0.29863207E+002  0.74528029E+002  0.19079029E+003  0.35751884E+003
  0.00000000E+000  0.00000000E+000  0.00000000E+000  0.00000000E+000  0.89660236E-002  0.14356733E+000  0.35114179E+001  0.29863369E+002  0.74528403E+002  0.19079165E+003  0.35752228E+003
  0.00000000E+000  0.00000000E+000  0.00000000E+000  0.00000000E+000  0.89659170E-002  0.14356719E+000  0.35114390E+001  0.29863528E+002  0.74528772E+002  0.19079299E+003  0.35752569E+003
  0.00000000E+000  0.00000000E+000  0.00000000E+000  0.00000000E+000  0.89657994E-002  0.14356699E+000  0.35114587E+001  0.29863684E+002  0.74529135E+002  0.19079432E+003  0.35752908E+003
  0.00000000E+000  0.00000000E+000  0.00000000E+000  0.00000000E+000  0.89656700E-002  0.14356674E+000  0.35114771E+001  0.29863835E+002  0.74529494E+002  0.19079564E+003  0.35753244E+003
  0.00000000E+000  0.00000000E+000  0.00000000E+000  0.00000000E+000  0.89655276E-002  0.14356643E+000  0.35114942E+001  0.29863983E+002  0.74529847E+002  0.19079694E+003  0.35753578E+003
  0.00000000E+000  0.00000000E+000  0.00000000E+000  0.00000000E+000  0.89653714E-002  0.14356607E+000  0.35115100E+001  0.29864126E+002  0.74530194E+002  0.19079823E+003  0.35753909E+003
  0.00000000E+000  0.00000000E+000  0.00000000E+000  0.00000000E+000  0.89652003E-002  0.14356563E+000  0.35115246E+001  0.29864266E+002  0.74530535E+002  0.19079950E+003  0.35754238E+003
  0.00000000E+000  0.00000000E+000  0.00000000E+000  0.00000000E+000  0.89650129E-002  0.14356513E+000  0.35115378E+001  0.29864401E+002  0.74530870E+002  0.19080075E+003  0.35754563E+003
  0.00000000E+000  0.00000000E+000  0.00000000E+000  0.00000000E+000  0.89648082E-002  0.14356455E+000  0.35115498E+001  0.29864532E+002  0.74531200E+002  0.19080200E+003  0.35754886E+003
  0.00000000E+000  0.00000000E+000  0.00000000E+000  0.00000000E+000  0.89645847E-002  0.14356388E+000  0.35115605E+001  0.29864659E+002  0.74531522E+002  0.19080322E+003  0.35755205E+003
  0.00000000E+000  0.00000000E+000  0.00000000E+000  0.00000000E+000  0.89643411E-002  0.14356313E+000  0.35115699E+001  0.29864781E+002  0.74531839E+002  0.19080443E+003  0.35755522E+003
  0.00000000E+000  0.00000000E+000  0.00000000E+000  0.00000000E+000  0.89640759E-002  0.14356228E+000  0.35115781E+001  0.29864900E+002  0.74532148E+002  0.19080562E+003  0.35755835E+003
  0.00000000E+000  0.00000000E+000  0.00000000E+000  0.00000000E+000  0.89637876E-002  0.14356132E+000  0.35115849E+001  0.29865013E+002  0.74532451E+002  0.19080680E+003  0.35756145E+003
  0.00000000E+000  0.00000000E+000  0.00000000E+000  0.00000000E+000  0.89634746E-002  0.14356024E+000  0.35115904E+001  0.29865122E+002  0.74532747E+002  0.19080795E+003  0.35756452E+003
  0.00000000E+000  0.00000000E+000  0.00000000E+000  0.00000000E+000  0.89631352E-002  0.14355904E+000  0.35115945E+001  0.29865226E+002  0.74533036E+002  0.19080909E+003  0.35756755E+003
  0.00000000E+000  0.00000000E+000  0.00000000E+000  0.00000000E+000  0.89627678E-002  0.14355771E+000  0.35115972E+001  0.29865326E+002  0.74533317E+002  0.19081021E+003  0.35757054E+003
  0.00000000E+000  0.00000000E+000  0.00000000E+000  0.00000000E+000  0.89623706E-002  0.14355622E+000  0.35115984E+001  0.29865421E+002  0.74533590E+002  0.19081132E+003  0.35757350E+003
  0.00000000E+000  0.00000000E+000  0.00000000E+000  0.00000000E+000  0.89619417E-002  0.14355457E+000  0.35115980E+001  0.29865510E+002  0.74533856E+002  0.19081240E+003  0.35757642E+003
  0.00000000E+000  0.00000000E+000  0.00000000E+000  0.00000000E+000  0.89614795E-002  0.14355274E+000  0.35115959E+001  0.29865595E+002  0.74534114E+002  0.19081347E+003  0.35757930E+003
  0.00000000E+000  0.00000000E+000  0.00000000E+000  0.00000000E+000  0.89609821E-002  0.14355073E+000  0.35115921E+001  0.29865674E+002  0.74534363E+002  0.19081451E+003  0.35758215E+003
  0.00000000E+000  0.00000000E+000  0.00000000E+000  0.00000000E+000  0.89604477E-002  0.14354850E+000  0.35115863E+001  0.29865748E+002  0.74534603E+002  0.19081553E+003  0.35758495E+003
  0.00000000E+000  0.00000000E+000  0.00000000E+000  0.00000000E+000  0.89598746E-002  0.14354605E+000  0.35115785E+001  0.29865817E+002  0.74534835E+002  0.19081654E+003  0.35758771E+003
  0.00000000E+000  0.00000000E+000  0.00000000E+000  0.00000000E+000  0.89592610E-002  0.14354336E+000  0.35115685E+001  0.29865879E+002  0.74535057E+002  0.19081752E+003  0.35759043E+003
  0.00000000E+000  0.00000000E+000  0.00000000E+000  0.00000000E+000  0.89586052E-002  0.14354041E+000  0.35115560E+001  0.29865935E+002  0.74535269E+002  0.19081847E+003  0.35759310E+003
  0.00000000E+000  0.00000000E+000  0.00000000E+000  0.00000000E+000  0.89579056E-002  0.14353718E+000  0.35115409E+001  0.29865985E+002  0.74535471E+002  0.19081941E+003  0.35759574E+003
  0.00000000E+000  0.00000000E+000  0.00000000E+000  0.00000000E+000  0.89571609E-002  0.14353365E+000  0.35115229E+001  0.29866028E+002  0.74535662E+002  0.19082032E+003  0.35759832E+003
  0.00000000E+000  0.00000000E+000  0.00000000E+000  0.00000000E+000  0.89563695E-002  0.14352980E+000  0.35115017E+001  0.29866064E+002  0.74535842E+002  0.19082120E+003  0.35760086E+003
  0.00000000E+000  0.00000000E+000  0.00000000E+000  0.00000000E+000  0.89555303E-002  0.14352561E+000  0.35114770E+001  0.29866092E+002  0.74536009E+002  0.19082206E+003  0.35760335E+003
  0.00000000E+000  0.00000000E+000  0.00000000E+000  0.00000000E+000  0.89546421E-002  0.14352105E+000  0.35114485E+001  0.29866111E+002  0.74536163E+002  0.19082289E+003  0.35760579E+003
  0.00000000E+000  0.00000000E+000  0.00000000E+000  0.00000000E+000  0.89537041E-002  0.14351612E+000  0.35114159E+001  0.29866121E+002  0.74536304E+002  0.19082369E+003  0.35760818E+003
  0.00000000E+000  0.00000000E+000  0.00000000E+000  0.00000000E+000  0.89527155E-002  0.14351078E+000  0.35113786E+001  0.29866121E+002  0.74536429E+002  0.19082446E+003  0.35761052E+003
  0.00000000E+000  0.00000000E+000  0.00000000E+000  0.00000000E+000  0.89516758E-002  0.14350502E+000  0.35113364E+001  0.29866111E+002  0.74536537E+002  0.19082520E+003  0.35761279E+003
  0.00000000E+000  0.00000000E+000  0.00000000E+000  0.00000000E+000  0.89505845E-002  0.14349882E+000  0.35112887E+001  0.29866088E+002  0.74536628E+002  0.19082590E+003  0.35761501E+003
  0.00000000E+000  0.00000000E+000  0.00000000E+000  0.00000000E+000  0.89494415E-002  0.14349216E+000  0.35112350E+001  0.29866052E+002  0.74536699E+002  0.19082656E+003  0.35761717E+003
  0.00000000E+000  0.00000000E+000  0.00000000E+000  0.00000000E+000  0.89482466E-002  0.14348503E+000  0.35111749E+001  0.29866001E+002  0.74536748E+002  0.19082718E+003  0.35761927E+003
  0.00000000E+000  0.00000000E+000  0.00000000E+000  0.00000000E+000  0.89469998E-002  0.14347742E+000  0.35111079E+001  0.29865933E+002  0.74536773E+002  0.19082775E+003  0.35762129E+003
  0.00000000E+000  0.00000000E+000  0.00000000E+000  0.00000000E+000  0.89457015E-002  0.14346931E+000  0.35110334E+001  0.29865847E+002  0.74536771E+002  0.19082827E+003  0.35762324E+003
  0.00000000E+000  0.00000000E+000  0.00000000E+000  0.00000000E+000  0.89443513E-002  0.14346070E+000  0.35109508E+001  0.29865741E+002  0.74536739E+002  0.19082874E+003  0.35762511E+003
  0.00000000E+000  0.00000000E+000  0.00000000E+000  0.00000000E+000  0.89429503E-002  0.14345158E+000  0.35108599E+001  0.29865612E+002  0.74536673E+002  0.19082915E+003  0.35762690E+003
  0.00000000E+000  0.00000000E+000  0.00000000E+000  0.00000000E+000  0.89414966E-002  0.14344195E+000  0.35107599E+001  0.29865457E+002  0.74536570E+002  0.19082949E+003  0.35762859E+003
  0.00000000E+000  0.00000000E+000  0.00000000E+000  0.00000000E+000  0.89399943E-002  0.14343183E+000  0.35106506E+001  0.29865273E+002  0.74536423E+002  0.19082976E+003  0.35763018E+003
  0.00000000E+000  0.00000000E+000  0.00000000E+000  0.00000000E+000  0.89384353E-002  0.14342121E+000  0.35105313E+001  0.29865057E+002  0.74536228E+002  0.19082994E+003  0.35763166E+003
  0.00000000E+000  0.00000000E+000  0.00000000E+000  0.00000000E+000  0.89368360E-002  0.14341013E+000  0.35104021E+001  0.29864805E+002  0.74535979E+002  0.19083003E+003  0.35763302E+003
  0.00000000E+000  0.00000000E+000  0.00000000E+000  0.00000000E+000  0.89351655E-002  0.14339859E+000  0.35102619E+001  0.29864511E+002  0.74535666E+002  0.19083001E+003  0.35763423E+003
  0.00000000E+000  0.00000000E+000  0.00000000E+000  0.00000000E+000  0.89334886E-002  0.14338673E+000  0.35101118E+001  0.29864176E+002  0.74535287E+002  0.19082988E+003  0.35763530E+003
  0.00000000E+000  0.00000000E+000  0.00000000E+000  0.00000000E+000  0.89316913E-002  0.14337440E+000  0.35099487E+001  0.29863781E+002  0.74534813E+002  0.19082959E+003  0.35763619E+003
  0.00000000E+000  0.00000000E+000  0.00000000E+000  0.00000000E+000  0.89300105E-002  0.14336216E+000  0.35097793E+001  0.29863352E+002  0.74534280E+002  0.19082918E+003  0.35763691E+003
