 -0.93401742E+000 -0.83813383E+000 -0.56492699E+000 -0.20764928E+000 -0.57295680E-002  0.84681032E-003  0.95404910E+000  0.45945677E+001  0.89465163E+001  0.16278867E+002  0.22291896E+002
 -0.93375304E+000 -0.83779768E+000 -0.56439438E+000 -0.20700925E+000 -0.56645827E-002  0.87307351E-003  0.95455480E+000  0.45951443E+001  0.89471374E+001  0.16279482E+002  0.22292403E+002
 -0.93356253E+000 -0.83754579E+000 -0.56398974E+000 -0.20654116E+000 -0.56526334E-002  0.87764345E-003  0.95493086E+000  0.45955896E+001  0.89476192E+001  0.16279955E+002  0.22292790E+002
 -0.93342453E+000 -0.83735673E+000 -0.56368010E+000 -0.20619451E+000 -0.56527869E-002  0.87702529E-003  0.95521433E+000  0.45959398E+001  0.89480002E+001  0.16280325E+002  0.22293093E+002
 -0.93332550E+000 -0.83721633E+000 -0.56344342E+000 -0.20593814E+000 -0.56562466E-002  0.87502376E-003  0.95542864E+000  0.45962162E+001  0.89483042E+001  0.16280616E+002  0.22293331E+002
 -0.93325576E+000 -0.83711404E+000 -0.56326371E+000 -0.20575075E+000 -0.56607608E-002  0.87273820E-003  0.95559000E+000  0.45964340E+001  0.89485476E+001  0.16280847E+002  0.22293518E+002
 -0.93320807E+000 -0.83704204E+000 -0.56312920E+000 -0.20561738E+000 -0.56656825E-002  0.87047845E-003  0.95570986E+000  0.45966041E+001  0.89487422E+001  0.16281027E+002  0.22293664E+002
 -0.93317734E+000 -0.83699386E+000 -0.56303096E+000 -0.20552690E+000 -0.56708248E-002  0.86833477E-003  0.95579672E+000  0.45967351E+001  0.89488966E+001  0.16281168E+002  0.22293778E+002
 -0.93315966E+000 -0.83696434E+000 -0.56296198E+000 -0.20547076E+000 -0.56757622E-002  0.86639659E-003  0.95585707E+000  0.45968339E+001  0.89490177E+001  0.16281277E+002  0.22293865E+002
 -0.93315197E+000 -0.83694936E+000 -0.56291672E+000 -0.20544224E+000 -0.56802892E-002  0.86468709E-003  0.95589600E+000  0.45969063E+001  0.89491110E+001  0.16281358E+002  0.22293930E+002
 -0.93315194E+000 -0.83694553E+000 -0.56289072E+000 -0.20543585E+000 -0.56844266E-002  0.86316797E-003  0.95591757E+000  0.45969568E+001  0.89491807E+001  0.16281417E+002  0.22293976E+002
 -0.93315769E+000 -0.83695025E+000 -0.56288039E+000 -0.20544721E+000 -0.56883860E-002  0.86177641E-003  0.95592503E+000  0.45969892E+001  0.89492305E+001  0.16281457E+002  0.22294007E+002
 -0.93316775E+000 -0.83696147E+000 -0.56288279E+000 -0.20547280E+000 -0.56920915E-002  0.86050311E-003  0.95592102E+000  0.45970068E+001  0.89492635E+001  0.16281482E+002  0.22294025E+002
 -0.93318097E+000 -0.83697754E+000 -0.56289553E+000 -0.20550974E+000 -0.56955205E-002  0.85934131E-003  0.95590768E+000  0.45970120E+001  0.89492821E+001  0.16281493E+002  0.22294032E+002
 -0.93319650E+000 -0.83699717E+000 -0.56291662E+000 -0.20555567E+000 -0.56986761E-002  0.85828031E-003  0.95588677E+000  0.45970068E+001  0.89492886E+001  0.16281494E+002  0.22294030E+002
 -0.93321362E+000 -0.83701939E+000 -0.56294444E+000 -0.20560863E+000 -0.57015615E-002  0.85731314E-003  0.95585974E+000  0.45969930E+001  0.89492848E+001  0.16281484E+002  0.22294020E+002
 -0.93323181E+000 -0.83704342E+000 -0.56297762E+000 -0.20566703E+000 -0.57041860E-002  0.85643303E-003  0.95582778E+000  0.45969719E+001  0.89492722E+001  0.16281467E+002  0.22294003E+002
 -0.93325075E+000 -0.83706865E+000 -0.56301508E+000 -0.20572955E+000 -0.57065637E-002  0.85563326E-003  0.95579188E+000  0.45969449E+001  0.89492521E+001  0.16281442E+002  0.22293981E+002
 -0.93327016E+000 -0.83709467E+000 -0.56305588E+000 -0.20579511E+000 -0.57087120E-002  0.85490700E-003  0.95575284E+000  0.45969128E+001  0.89492256E+001  0.16281411E+002  0.22293953E+002
 -0.93328981E+000 -0.83712113E+000 -0.56309929E+000 -0.20586280E+000 -0.57106482E-002  0.85424811E-003  0.95571133E+000  0.45968764E+001  0.89491937E+001  0.16281375E+002  0.22293921E+002
 -0.93330956E+000 -0.83714778E+000 -0.56314465E+000 -0.20593186E+000 -0.57123888E-002  0.85365122E-003  0.95566792E+000  0.45968364E+001  0.89491571E+001  0.16281335E+002  0.22293885E+002
 -0.93332930E+000 -0.83717441E+000 -0.56319147E+000 -0.20600166E+000 -0.57139519E-002  0.85311045E-003  0.95562307E+000  0.45967934E+001  0.89491165E+001  0.16281290E+002  0.22293846E+002
 -0.93334893E+000 -0.83720091E+000 -0.56323931E+000 -0.20607168E+000 -0.57153549E-002  0.85262029E-003  0.95557716E+000  0.45967479E+001  0.89490724E+001  0.16281241E+002  0.22293803E+002
 -0.93336840E+000 -0.83722717E+000 -0.56328784E+000 -0.20614146E+000 -0.57166139E-002  0.85217570E-003  0.95553052E+000  0.45967002E+001  0.89490252E+001  0.16281189E+002  0.22293757E+002
 -0.93338767E+000 -0.83725314E+000 -0.56333675E+000 -0.20621064E+000 -0.57177440E-002  0.85177206E-003  0.95548340E+000  0.45966507E+001  0.89489754E+001  0.16281134E+002  0.22293708E+002
 -0.93340672E+000 -0.83727879E+000 -0.56338584E+000 -0.20627891E+000 -0.57187588E-002  0.85140514E-003  0.95543605E+000  0.45965997E+001  0.89489233E+001  0.16281076E+002  0.22293657E+002
 -0.93342552E+000 -0.83730409E+000 -0.56343490E+000 -0.20634599E+000 -0.57196708E-002  0.85107112E-003  0.95538863E+000  0.45965473E+001  0.89488690E+001  0.16281015E+002  0.22293603E+002
 -0.93344408E+000 -0.83732904E+000 -0.56348378E+000 -0.20641166E+000 -0.57204913E-002  0.85076653E-003  0.95534130E+000  0.45964940E+001  0.89488127E+001  0.16280952E+002  0.22293547E+002
 -0.93346238E+000 -0.83735366E+000 -0.56353238E+000 -0.20647574E+000 -0.57212305E-002  0.85048825E-003  0.95529419E+000  0.45964397E+001  0.89487547E+001  0.16280887E+002  0.22293489E+002
 -0.93348044E+000 -0.83737795E+000 -0.56358059E+000 -0.20653805E+000 -0.57218975E-002  0.85023344E-003  0.95524741E+000  0.45963848E+001  0.89486950E+001  0.16280819E+002  0.22293428E+002
 -0.93349825E+000 -0.83740193E+000 -0.56362834E+000 -0.20659847E+000 -0.57225005E-002  0.84999960E-003  0.95520105E+000  0.45963293E+001  0.89486337E+001  0.16280750E+002  0.22293364E+002
 -0.93351582E+000 -0.83742563E+000 -0.56367557E+000 -0.20665689E+000 -0.57230465E-002  0.84978449E-003  0.95515518E+000  0.45962733E+001  0.89485709E+001  0.16280678E+002  0.22293299E+002
 -0.93353315E+000 -0.83744906E+000 -0.56372224E+000 -0.20671324E+000 -0.57235422E-002  0.84958610E-003  0.95510987E+000  0.45962169E+001  0.89485067E+001  0.16280605E+002  0.22293231E+002
 -0.93355026E+000 -0.83747226E+000 -0.56376832E+000 -0.20676744E+000 -0.57239930E-002  0.84940265E-003  0.95506517E+000  0.45961603E+001  0.89484411E+001  0.16280530E+002  0.22293161E+002
 -0.93356715E+000 -0.83749524E+000 -0.56381377E+000 -0.20681946E+000 -0.57244041E-002  0.84923256E-003  0.95502113E+000  0.45961035E+001  0.89483742E+001  0.16280453E+002  0.22293088E+002
 -0.93358383E+000 -0.83751802E+000 -0.56385858E+000 -0.20686928E+000 -0.57247799E-002  0.84907443E-003  0.95497777E+000  0.45960466E+001  0.89483060E+001  0.16280375E+002  0.22293013E+002
 -0.93360030E+000 -0.83754061E+000 -0.56390272E+000 -0.20691687E+000 -0.57251243E-002  0.84892704E-003  0.95493515E+000  0.45959897E+001  0.89482366E+001  0.16280295E+002  0.22292936E+002
 -0.93361657E+000 -0.83756303E+000 -0.56394619E+000 -0.20696227E+000 -0.57254407E-002  0.84878931E-003  0.95489329E+000  0.45959327E+001  0.89481660E+001  0.16280214E+002  0.22292857E+002
 -0.93363265E+000 -0.83758529E+000 -0.56398896E+000 -0.20700548E+000 -0.57257320E-002  0.84866031E-003  0.95485222E+000  0.45958758E+001  0.89480942E+001  0.16280131E+002  0.22292775E+002
 -0.93364852E+000 -0.83760738E+000 -0.56403102E+000 -0.20704654E+000 -0.57260009E-002  0.84853922E-003  0.95481196E+000  0.45958189E+001  0.89480215E+001  0.16280047E+002  0.22292691E+002
 -0.93366421E+000 -0.83762930E+000 -0.56407234E+000 -0.20708551E+000 -0.57262497E-002  0.84842533E-003  0.95477254E+000  0.45957622E+001  0.89479477E+001  0.16279962E+002  0.22292605E+002
 -0.93367969E+000 -0.83765105E+000 -0.56411291E+000 -0.20712242E+000 -0.57264804E-002  0.84831805E-003  0.95473398E+000  0.45957056E+001  0.89478731E+001  0.16279876E+002  0.22292517E+002
 -0.93369496E+000 -0.83767262E+000 -0.56415269E+000 -0.20715736E+000 -0.57266948E-002  0.84821683E-003  0.95469630E+000  0.45956492E+001  0.89477978E+001  0.16279789E+002  0.22292428E+002
 -0.93371003E+000 -0.83769397E+000 -0.56419167E+000 -0.20719038E+000 -0.57268943E-002  0.84812124E-003  0.95465952E+000  0.45955931E+001  0.89477217E+001  0.16279700E+002  0.22292336E+002
 -0.93372487E+000 -0.83771509E+000 -0.56422980E+000 -0.20722156E+000 -0.57270803E-002  0.84803088E-003  0.95462366E+000  0.45955373E+001  0.89476451E+001  0.16279611E+002  0.22292243E+002
 -0.93373948E+000 -0.83773596E+000 -0.56426705E+000 -0.20725097E+000 -0.57272541E-002  0.84794542E-003  0.95458874E+000  0.45954817E+001  0.89475681E+001  0.16279521E+002  0.22292149E+002
 -0.93375385E+000 -0.83775653E+000 -0.56430339E+000 -0.20727869E+000 -0.57274166E-002  0.84786459E-003  0.95455478E+000  0.45954266E+001  0.89474908E+001  0.16279430E+002  0.22292054E+002
 -0.93376795E+000 -0.83777677E+000 -0.56433877E+000 -0.20730479E+000 -0.57275687E-002  0.84778812E-003  0.95452180E+000  0.45953719E+001  0.89474133E+001  0.16279339E+002  0.22291957E+002
 -0.93378176E+000 -0.83779665E+000 -0.56437316E+000 -0.20732935E+000 -0.57277113E-002  0.84771579E-003  0.95448979E+000  0.45953176E+001  0.89473358E+001  0.16279246E+002  0.22291860E+002
 -0.93379528E+000 -0.83781612E+000 -0.56440653E+000 -0.20735243E+000 -0.57278451E-002  0.84764743E-003  0.95445879E+000  0.45952638E+001  0.89472584E+001  0.16279153E+002  0.22291763E+002
 -0.93380847E+000 -0.83783514E+000 -0.56443882E+000 -0.20737412E+000 -0.57279706E-002  0.84758284E-003  0.95442879E+000  0.45952106E+001  0.89471812E+001  0.16279060E+002  0.22291666E+002
 -0.93382131E+000 -0.83785367E+000 -0.56447001E+000 -0.20739447E+000 -0.57280885E-002  0.84752188E-003  0.95439981E+000  0.45951580E+001  0.89471042E+001  0.16278967E+002  0.22291568E+002
 -0.93383379E+000 -0.83787167E+000 -0.56450007E+000 -0.20741356E+000 -0.57281992E-002  0.84746439E-003  0.95437184E+000  0.45951061E+001  0.89470278E+001  0.16278873E+002  0.22291471E+002
 -0.93384588E+000 -0.83788910E+000 -0.56452895E+000 -0.20743144E+000 -0.57283032E-002  0.84741022E-003  0.95434489E+000  0.45950549E+001  0.89469518E+001  0.16278779E+002  0.22291375E+002
 -0.93385757E+000 -0.83790591E+000 -0.56455665E+000 -0.20744818E+000 -0.57284009E-002  0.84735924E-003  0.95431895E+000  0.45950044E+001  0.89468764E+001  0.16278685E+002  0.22291279E+002
 -0.93386882E+000 -0.83792209E+000 -0.56458313E+000 -0.20746383E+000 -0.57284925E-002  0.84731131E-003  0.95429402E+000  0.45949547E+001  0.89468018E+001  0.16278592E+002  0.22291185E+002
 -0.93387963E+000 -0.83793759E+000 -0.56460839E+000 -0.20747846E+000 -0.57285786E-002  0.84726631E-003  0.95427010E+000  0.45949059E+001  0.89467280E+001  0.16278499E+002  0.22291092E+002
 -0.93388998E+000 -0.83795240E+000 -0.56463240E+000 -0.20749211E+000 -0.57286592E-002  0.84722410E-003  0.95424716E+000  0.45948579E+001  0.89466551E+001  0.16278407E+002  0.22291000E+002
 -0.93389986E+000 -0.83796650E+000 -0.56465518E+000 -0.20750483E+000 -0.57287349E-002  0.84718454E-003  0.95422519E+000  0.45948109E+001  0.89465831E+001  0.16278316E+002  0.22290910E+002
 -0.93390925E+000 -0.83797986E+000 -0.56467672E+000 -0.20751669E+000 -0.57288057E-002  0.84714752E-003  0.95420417E+000  0.45947648E+001  0.89465122E+001  0.16278225E+002  0.22290822E+002
 -0.93391815E+000 -0.83799250E+000 -0.56469703E+000 -0.20752771E+000 -0.57288719E-002  0.84711290E-003  0.95418409E+000  0.45947197E+001  0.89464424E+001  0.16278137E+002  0.22290736E+002
 -0.93392657E+000 -0.83800439E+000 -0.56471612E+000 -0.20753796E+000 -0.57289339E-002  0.84708056E-003  0.95416492E+000  0.45946756E+001  0.89463739E+001  0.16278049E+002  0.22290652E+002
 -0.93393448E+000 -0.83801554E+000 -0.56473403E+000 -0.20754748E+000 -0.57289917E-002  0.84705038E-003  0.95414663E+000  0.45946326E+001  0.89463067E+001  0.16277963E+002  0.22290570E+002
 -0.93394191E+000 -0.83802597E+000 -0.56475076E+000 -0.20755630E+000 -0.57290457E-002  0.84702222E-003  0.95412919E+000  0.45945907E+001  0.89462409E+001  0.16277880E+002  0.22290491E+002
 -0.93394886E+000 -0.83803569E+000 -0.56476636E+000 -0.20756447E+000 -0.57290960E-002  0.84699599E-003  0.95411257E+000  0.45945499E+001  0.89461766E+001  0.16277798E+002  0.22290414E+002
 -0.93395533E+000 -0.83804471E+000 -0.56478085E+000 -0.20757203E+000 -0.57291428E-002  0.84697156E-003  0.95409675E+000  0.45945102E+001  0.89461138E+001  0.16277718E+002  0.22290340E+002
 -0.93396133E+000 -0.83805306E+000 -0.56479429E+000 -0.20757901E+000 -0.57291863E-002  0.84694884E-003  0.95408170E+000  0.45944717E+001  0.89460527E+001  0.16277641E+002  0.22290269E+002
 -0.93396689E+000 -0.83806076E+000 -0.56480670E+000 -0.20758546E+000 -0.57292267E-002  0.84692770E-003  0.95406737E+000  0.45944344E+001  0.89459933E+001  0.16277567E+002  0.22290201E+002
 -0.93397202E+000 -0.83806784E+000 -0.56481814E+000 -0.20759140E+000 -0.57292641E-002  0.84690807E-003  0.95405375E+000  0.45943983E+001  0.89459357E+001  0.16277495E+002  0.22290135E+002
 -0.93397673E+000 -0.83807434E+000 -0.56482865E+000 -0.20759687E+000 -0.57292988E-002  0.84688985E-003  0.95404079E+000  0.45943635E+001  0.89458800E+001  0.16277426E+002  0.22290073E+002
 -0.93398105E+000 -0.83808027E+000 -0.56483829E+000 -0.20760189E+000 -0.57293307E-002  0.84687295E-003  0.95402848E+000  0.45943299E+001  0.89458262E+001  0.16277359E+002  0.22290013E+002
 -0.93398499E+000 -0.83808568E+000 -0.56484710E+000 -0.20760650E+000 -0.57293601E-002  0.84685729E-003  0.95401677E+000  0.45942975E+001  0.89457743E+001  0.16277296E+002  0.22289956E+002
 -0.93398858E+000 -0.83809060E+000 -0.56485512E+000 -0.20761072E+000 -0.57293872E-002  0.84684281E-003  0.95400565E+000  0.45942665E+001  0.89457245E+001  0.16277236E+002  0.22289902E+002
 -0.93399184E+000 -0.83809506E+000 -0.56486242E+000 -0.20761458E+000 -0.57294119E-002  0.84682943E-003  0.95399509E+000  0.45942367E+001  0.89456768E+001  0.16277178E+002  0.22289851E+002
 -0.93399479E+000 -0.83809909E+000 -0.56486904E+000 -0.20761810E+000 -0.57294345E-002  0.84681708E-003  0.95398506E+000  0.45942082E+001  0.89456311E+001  0.16277124E+002  0.22289802E+002
 -0.93399746E+000 -0.83810273E+000 -0.56487503E+000 -0.20762131E+000 -0.57294551E-002  0.84680572E-003  0.95397554E+000  0.45941810E+001  0.89455874E+001  0.16277072E+002  0.22289757E+002
 -0.93399985E+000 -0.83810600E+000 -0.56488043E+000 -0.20762422E+000 -0.57294737E-002  0.84679528E-003  0.95396650E+000  0.45941551E+001  0.89455459E+001  0.16277024E+002  0.22289714E+002
 -0.93400201E+000 -0.83810895E+000 -0.56488529E+000 -0.20762686E+000 -0.57294905E-002  0.84678571E-003  0.95395792E+000  0.45941304E+001  0.89455064E+001  0.16276978E+002  0.22289673E+002
 -0.93400393E+000 -0.83811158E+000 -0.56488966E+000 -0.20762925E+000 -0.57295055E-002  0.84677697E-003  0.95394979E+000  0.45941070E+001  0.89454690E+001  0.16276936E+002  0.22289636E+002
 -0.93400565E+000 -0.83811394E+000 -0.56489356E+000 -0.20763139E+000 -0.57295189E-002  0.84676900E-003  0.95394208E+000  0.45940848E+001  0.89454336E+001  0.16276895E+002  0.22289600E+002
 -0.93400719E+000 -0.83811604E+000 -0.56489705E+000 -0.20763333E+000 -0.57295308E-002  0.84676176E-003  0.95393478E+000  0.45940638E+001  0.89454002E+001  0.16276858E+002  0.22289567E+002
 -0.93400855E+000 -0.83811791E+000 -0.56490016E+000 -0.20763506E+000 -0.57295413E-002  0.84675521E-003  0.95392786E+000  0.45940440E+001  0.89453688E+001  0.16276823E+002  0.22289536E+002
 -0.93400976E+000 -0.83811957E+000 -0.56490292E+000 -0.20763660E+000 -0.57295504E-002  0.84674930E-003  0.95392130E+000  0.45940253E+001  0.89453392E+001  0.16276791E+002  0.22289507E+002
 -0.93401083E+000 -0.83812104E+000 -0.56490537E+000 -0.20763797E+000 -0.57295582E-002  0.84674400E-003  0.95391510E+000  0.45940077E+001  0.89453114E+001  0.16276760E+002  0.22289480E+002
 -0.93401177E+000 -0.83812234E+000 -0.56490753E+000 -0.20763919E+000 -0.57295649E-002  0.84673927E-003  0.95390923E+000  0.45939912E+001  0.89452853E+001  0.16276732E+002  0.22289455E+002
 -0.93401261E+000 -0.83812349E+000 -0.56490943E+000 -0.20764026E+000 -0.57295705E-002  0.84673508E-003  0.95390367E+000  0.45939756E+001  0.89452609E+001  0.16276706E+002  0.22289432E+002
 -0.93401334E+000 -0.83812450E+000 -0.56491111E+000 -0.20764120E+000 -0.57295750E-002  0.84673138E-003  0.95389841E+000  0.45939611E+001  0.89452381E+001  0.16276682E+002  0.22289411E+002
 -0.93401399E+000 -0.83812539E+000 -0.56491257E+000 -0.20764202E+000 -0.57295787E-002  0.84672815E-003  0.95389343E+000  0.45939474E+001  0.89452167E+001  0.16276660E+002  0.22289390E+002
 -0.93401455E+000 -0.83812616E+000 -0.56491384E+000 -0.20764272E+000 -0.57295815E-002  0.84672535E-003  0.95388871E+000  0.45939346E+001  0.89451968E+001  0.16276639E+002  0.22289372E+002
 -0.93401505E+000 -0.83812684E+000 -0.56491495E+000 -0.20764333E+000 -0.57295834E-002  0.84672297E-003  0.95388424E+000  0.45939225E+001  0.89451781E+001  0.16276620E+002  0.22289354E+002
 -0.93401548E+000 -0.83812743E+000 -0.56491591E+000 -0.20764385E+000 -0.57295847E-002  0.84672095E-003  0.95388000E+000  0.45939113E+001  0.89451607E+001  0.16276602E+002  0.22289338E+002
 -0.93401586E+000 -0.83812794E+000 -0.56491672E+000 -0.20764428E+000 -0.57295853E-002  0.84671930E-003  0.95387597E+000  0.45939007E+001  0.89451443E+001  0.16276585E+002  0.22289323E+002
 -0.93401619E+000 -0.83812838E+000 -0.56491742E+000 -0.20764463E+000 -0.57295852E-002  0.84671797E-003  0.95387215E+000  0.45938907E+001  0.89451291E+001  0.16276570E+002  0.22289309E+002
 -0.93401647E+000 -0.83812875E+000 -0.56491800E+000 -0.20764491E+000 -0.57295845E-002  0.84671694E-003  0.95386850E+000  0.45938813E+001  0.89451147E+001  0.16276555E+002  0.22289295E+002
 -0.93401672E+000 -0.83812907E+000 -0.56491849E+000 -0.20764513E+000 -0.57295834E-002  0.84671621E-003  0.95386503E+000  0.45938725E+001  0.89451013E+001  0.16276542E+002  0.22289283E+002
 -0.93401692E+000 -0.83812933E+000 -0.56491889E+000 -0.20764528E+000 -0.57295817E-002  0.84671574E-003  0.95386171E+000  0.45938641E+001  0.89450886E+001  0.16276529E+002  0.22289271E+002
 -0.93401710E+000 -0.83812955E+000 -0.56491920E+000 -0.20764538E+000 -0.57295795E-002  0.84671551E-003  0.95385854E+000  0.45938562E+001  0.89450766E+001  0.16276517E+002  0.22289260E+002
 -0.93401725E+000 -0.83812973E+000 -0.56491944E+000 -0.20764543E+000 -0.57295769E-002  0.84671552E-003  0.95385549E+000  0.45938487E+001  0.89450653E+001  0.16276506E+002  0.22289249E+002
 -0.93401738E+000 -0.83812986E+000 -0.56491962E+000 -0.20764544E+000 -0.57295739E-002  0.84671574E-003  0.95385256E+000  0.45938416E+001  0.89450546E+001  0.16276495E+002  0.22289239E+002
 -0.93401748E+000 -0.83812997E+000 -0.56491973E+000 -0.20764540E+000 -0.57295706E-002  0.84671617E-003  0.95384974E+000  0.45938347E+001  0.89450443E+001  0.16276485E+002  0.22289229E+002
 -0.93401756E+000 -0.83813004E+000 -0.56491979E+000 -0.20764532E+000 -0.57295668E-002  0.84671677E-003  0.95384702E+000  0.45938282E+001  0.89450346E+001  0.16276475E+002  0.22289220E+002
 -0.93401762E+000 -0.83813008E+000 -0.56491980E+000 -0.20764520E+000 -0.57295628E-002  0.84671756E-003  0.95384439E+000  0.45938219E+001  0.89450252E+001  0.16276466E+002  0.22289210E+002
 -0.93401766E+000 -0.83813010E+000 -0.56491976E+000 -0.20764504E+000 -0.57295584E-002  0.84671850E-003  0.95384183E+000  0.45938159E+001  0.89450162E+001  0.16276457E+002  0.22289202E+002
 -0.93401769E+000 -0.83813009E+000 -0.56491967E+000 -0.20764486E+000 -0.57295538E-002  0.84671960E-003  0.95383934E+000  0.45938100E+001  0.89450075E+001  0.16276448E+002  0.22289193E+002
 -0.93401770E+000 -0.83813006E+000 -0.56491955E+000 -0.20764464E+000 -0.57295489E-002  0.84672083E-003  0.95383692E+000  0.45938044E+001  0.89449991E+001  0.16276440E+002  0.22289185E+002
 -0.93401770E+000 -0.83813000E+000 -0.56491939E+000 -0.20764440E+000 -0.57295437E-002  0.84672219E-003  0.95383456E+000  0.45937989E+001  0.89449910E+001  0.16276432E+002  0.22289177E+002
 -0.93401769E+000 -0.83812993E+000 -0.56491919E+000 -0.20764413E+000 -0.57295383E-002  0.84672367E-003  0.95383225E+000  0.45937935E+001  0.89449831E+001  0.16276424E+002  0.22289169E+002
 -0.93401766E+000 -0.83812984E+000 -0.56491897E+000 -0.20764383E+000 -0.57295327E-002  0.84672526E-003  0.95382998E+000  0.45937883E+001  0.89449754E+001  0.16276416E+002  0.22289161E+002
 -0.93401763E+000 -0.83812974E+000 -0.56491871E+000 -0.20764351E+000 -0.57295269E-002  0.84672696E-003  0.95382776E+000  0.45937832E+001  0.89449678E+001  0.16276409E+002  0.22289154E+002
 -0.93401758E+000 -0.83812961E+000 -0.56491843E+000 -0.20764317E+000 -0.57295209E-002  0.84672874E-003  0.95382557E+000  0.45937782E+001  0.89449604E+001  0.16276401E+002  0.22289146E+002
 -0.93401752E+000 -0.83812948E+000 -0.56491812E+000 -0.20764281E+000 -0.57295148E-002  0.84673062E-003  0.95382342E+000  0.45937732E+001  0.89449532E+001  0.16276394E+002  0.22289139E+002
 -0.93401746E+000 -0.83812933E+000 -0.56491779E+000 -0.20764242E+000 -0.57295085E-002  0.84673257E-003  0.95382131E+000  0.45937684E+001  0.89449461E+001  0.16276387E+002  0.22289132E+002
 -0.93401739E+000 -0.83812917E+000 -0.56491744E+000 -0.20764203E+000 -0.57295021E-002  0.84673459E-003  0.95381922E+000  0.45937636E+001  0.89449391E+001  0.16276380E+002  0.22289125E+002
 -0.93401730E+000 -0.83812899E+000 -0.56491707E+000 -0.20764161E+000 -0.57294955E-002  0.84673668E-003  0.95381716E+000  0.45937590E+001  0.89449322E+001  0.16276373E+002  0.22289118E+002
 -0.93401722E+000 -0.83812881E+000 -0.56491668E+000 -0.20764118E+000 -0.57294889E-002  0.84673883E-003  0.95381513E+000  0.45937543E+001  0.89449254E+001  0.16276366E+002  0.22289111E+002
 -0.93401712E+000 -0.83812862E+000 -0.56491628E+000 -0.20764074E+000 -0.57294821E-002  0.84674104E-003  0.95381312E+000  0.45937498E+001  0.89449187E+001  0.16276360E+002  0.22289104E+002
 -0.93401702E+000 -0.83812842E+000 -0.56491586E+000 -0.20764029E+000 -0.57294753E-002  0.84674329E-003  0.95381114E+000  0.45937452E+001  0.89449121E+001  0.16276353E+002  0.22289097E+002
 -0.93401692E+000 -0.83812821E+000 -0.56491543E+000 -0.20763982E+000 -0.57294684E-002  0.84674558E-003  0.95380918E+000  0.45937408E+001  0.89449056E+001  0.16276346E+002  0.22289090E+002
 -0.93401681E+000 -0.83812799E+000 -0.56491499E+000 -0.20763935E+000 -0.57294615E-002  0.84674791E-003  0.95380724E+000  0.45937364E+001  0.89448991E+001  0.16276340E+002  0.22289084E+002
 -0.93401669E+000 -0.83812777E+000 -0.56491453E+000 -0.20763886E+000 -0.57294545E-002  0.84675028E-003  0.95380533E+000  0.45937320E+001  0.89448927E+001  0.16276334E+002  0.22289077E+002
 -0.93401657E+000 -0.83812755E+000 -0.56491407E+000 -0.20763837E+000 -0.57294475E-002  0.84675267E-003  0.95380344E+000  0.45937277E+001  0.89448864E+001  0.16276327E+002  0.22289071E+002
 -0.93401645E+000 -0.83812732E+000 -0.56491360E+000 -0.20763787E+000 -0.57294405E-002  0.84675509E-003  0.95380156E+000  0.45937234E+001  0.89448802E+001  0.16276321E+002  0.22289064E+002
 -0.93401632E+000 -0.83812708E+000 -0.56491313E+000 -0.20763737E+000 -0.57294335E-002  0.84675753E-003  0.95379971E+000  0.45937192E+001  0.89448741E+001  0.16276315E+002  0.22289058E+002
 -0.93401620E+000 -0.83812684E+000 -0.56491265E+000 -0.20763686E+000 -0.57294265E-002  0.84675998E-003  0.95379789E+000  0.45937150E+001  0.89448680E+001  0.16276309E+002  0.22289051E+002
 -0.93401607E+000 -0.83812660E+000 -0.56491217E+000 -0.20763635E+000 -0.57294195E-002  0.84676245E-003  0.95379608E+000  0.45937109E+001  0.89448620E+001  0.16276303E+002  0.22289045E+002
 -0.93401593E+000 -0.83812636E+000 -0.56491169E+000 -0.20763583E+000 -0.57294125E-002  0.84676493E-003  0.95379430E+000  0.45937068E+001  0.89448560E+001  0.16276297E+002  0.22289039E+002
 -0.93401580E+000 -0.83812612E+000 -0.56491120E+000 -0.20763532E+000 -0.57294056E-002  0.84676741E-003  0.95379254E+000  0.45937028E+001  0.89448501E+001  0.16276291E+002  0.22289033E+002
 -0.93401567E+000 -0.83812587E+000 -0.56491072E+000 -0.20763480E+000 -0.57293988E-002  0.84676990E-003  0.95379080E+000  0.45936988E+001  0.89448443E+001  0.16276286E+002  0.22289027E+002
 -0.93401553E+000 -0.83812563E+000 -0.56491024E+000 -0.20763429E+000 -0.57293920E-002  0.84677239E-003  0.95378908E+000  0.45936948E+001  0.89448386E+001  0.16276280E+002  0.22289021E+002
 -0.93401540E+000 -0.83812539E+000 -0.56490976E+000 -0.20763377E+000 -0.57293852E-002  0.84677487E-003  0.95378739E+000  0.45936909E+001  0.89448329E+001  0.16276275E+002  0.22289015E+002
 -0.93401527E+000 -0.83812515E+000 -0.56490928E+000 -0.20763326E+000 -0.57293786E-002  0.84677735E-003  0.95378573E+000  0.45936871E+001  0.89448274E+001  0.16276269E+002  0.22289009E+002
 -0.93401513E+000 -0.83812491E+000 -0.56490881E+000 -0.20763276E+000 -0.57293720E-002  0.84677982E-003  0.95378409E+000  0.45936833E+001  0.89448219E+001  0.16276264E+002  0.22289004E+002
 -0.93401500E+000 -0.83812467E+000 -0.56490834E+000 -0.20763225E+000 -0.57293655E-002  0.84678229E-003  0.95378247E+000  0.45936795E+001  0.89448164E+001  0.16276258E+002  0.22288998E+002
 -0.93401487E+000 -0.83812444E+000 -0.56490788E+000 -0.20763176E+000 -0.57293592E-002  0.84678474E-003  0.95378088E+000  0.45936758E+001  0.89448111E+001  0.16276253E+002  0.22288992E+002
 -0.93401474E+000 -0.83812421E+000 -0.56490743E+000 -0.20763126E+000 -0.57293529E-002  0.84678718E-003  0.95377932E+000  0.45936722E+001  0.89448058E+001  0.16276248E+002  0.22288987E+002
 -0.93401462E+000 -0.83812399E+000 -0.56490699E+000 -0.20763078E+000 -0.57293468E-002  0.84678960E-003  0.95377778E+000  0.45936686E+001  0.89448007E+001  0.16276243E+002  0.22288981E+002
 -0.93401449E+000 -0.83812377E+000 -0.56490655E+000 -0.20763030E+000 -0.57293408E-002  0.84679200E-003  0.95377628E+000  0.45936651E+001  0.89447956E+001  0.16276238E+002  0.22288976E+002
 -0.93401437E+000 -0.83812355E+000 -0.56490612E+000 -0.20762983E+000 -0.57293349E-002  0.84679438E-003  0.95377480E+000  0.45936616E+001  0.89447906E+001  0.16276233E+002  0.22288971E+002
 -0.93401425E+000 -0.83812334E+000 -0.56490571E+000 -0.20762937E+000 -0.57293291E-002  0.84679674E-003  0.95377335E+000  0.45936582E+001  0.89447856E+001  0.16276229E+002  0.22288966E+002
 -0.93401414E+000 -0.83812313E+000 -0.56490530E+000 -0.20762892E+000 -0.57293235E-002  0.84679908E-003  0.95377193E+000  0.45936548E+001  0.89447808E+001  0.16276224E+002  0.22288961E+002
 -0.93401402E+000 -0.83812293E+000 -0.56490490E+000 -0.20762848E+000 -0.57293180E-002  0.84680139E-003  0.95377054E+000  0.45936516E+001  0.89447761E+001  0.16276220E+002  0.22288956E+002
 -0.93401392E+000 -0.83812274E+000 -0.56490452E+000 -0.20762805E+000 -0.57293127E-002  0.84680368E-003  0.95376917E+000  0.45936483E+001  0.89447714E+001  0.16276215E+002  0.22288951E+002
 -0.93401381E+000 -0.83812255E+000 -0.56490414E+000 -0.20762763E+000 -0.57293075E-002  0.84680594E-003  0.95376784E+000  0.45936452E+001  0.89447669E+001  0.16276211E+002  0.22288946E+002
 -0.93401371E+000 -0.83812237E+000 -0.56490378E+000 -0.20762722E+000 -0.57293025E-002  0.84680816E-003  0.95376655E+000  0.45936421E+001  0.89447624E+001  0.16276206E+002  0.22288941E+002
 -0.93401361E+000 -0.83812220E+000 -0.56490343E+000 -0.20762682E+000 -0.57292976E-002  0.84681036E-003  0.95376528E+000  0.45936390E+001  0.89447581E+001  0.16276202E+002  0.22288937E+002
 -0.93401352E+000 -0.83812203E+000 -0.56490310E+000 -0.20762643E+000 -0.57292929E-002  0.84681252E-003  0.95376404E+000  0.45936361E+001  0.89447539E+001  0.16276198E+002  0.22288932E+002
 -0.93401343E+000 -0.83812186E+000 -0.56490277E+000 -0.20762606E+000 -0.57292883E-002  0.84681465E-003  0.95376284E+000  0.45936332E+001  0.89447497E+001  0.16276194E+002  0.22288928E+002
 -0.93401334E+000 -0.83812171E+000 -0.56490246E+000 -0.20762569E+000 -0.57292839E-002  0.84681675E-003  0.95376167E+000  0.45936304E+001  0.89447457E+001  0.16276191E+002  0.22288924E+002
 -0.93401326E+000 -0.83812156E+000 -0.56490216E+000 -0.20762534E+000 -0.57292797E-002  0.84681881E-003  0.95376054E+000  0.45936276E+001  0.89447418E+001  0.16276187E+002  0.22288919E+002
 -0.93401318E+000 -0.83812142E+000 -0.56490187E+000 -0.20762500E+000 -0.57292756E-002  0.84682082E-003  0.95375943E+000  0.45936249E+001  0.89447380E+001  0.16276183E+002  0.22288915E+002
 -0.93401310E+000 -0.83812128E+000 -0.56490160E+000 -0.20762468E+000 -0.57292717E-002  0.84682280E-003  0.95375836E+000  0.45936223E+001  0.89447343E+001  0.16276180E+002  0.22288911E+002
 -0.93401303E+000 -0.83812116E+000 -0.56490134E+000 -0.20762436E+000 -0.57292679E-002  0.84682474E-003  0.95375733E+000  0.45936198E+001  0.89447307E+001  0.16276177E+002  0.22288908E+002
 -0.93401297E+000 -0.83812103E+000 -0.56490109E+000 -0.20762406E+000 -0.57292643E-002  0.84682663E-003  0.95375633E+000  0.45936174E+001  0.89447273E+001  0.16276173E+002  0.22288904E+002
 -0.93401290E+000 -0.83812092E+000 -0.56490085E+000 -0.20762377E+000 -0.57292609E-002  0.84682848E-003  0.95375536E+000  0.45936150E+001  0.89447240E+001  0.16276170E+002  0.22288900E+002
 -0.93401285E+000 -0.83812081E+000 -0.56490063E+000 -0.20762349E+000 -0.57292576E-002  0.84683029E-003  0.95375443E+000  0.45936127E+001  0.89447208E+001  0.16276167E+002  0.22288897E+002
 -0.93401279E+000 -0.83812070E+000 -0.56490041E+000 -0.20762322E+000 -0.57292545E-002  0.84683204E-003  0.95375353E+000  0.45936105E+001  0.89447177E+001  0.16276164E+002  0.22288893E+002
 -0.93401274E+000 -0.83812061E+000 -0.56490021E+000 -0.20762297E+000 -0.57292516E-002  0.84683375E-003  0.95375267E+000  0.45936084E+001  0.89447148E+001  0.16276162E+002  0.22288890E+002
 -0.93401269E+000 -0.83812052E+000 -0.56490002E+000 -0.20762273E+000 -0.57292488E-002  0.84683540E-003  0.95375184E+000  0.45936064E+001  0.89447120E+001  0.16276159E+002  0.22288887E+002
 -0.93401264E+000 -0.83812043E+000 -0.56489984E+000 -0.20762249E+000 -0.57292462E-002  0.84683700E-003  0.95375106E+000  0.45936045E+001  0.89447094E+001  0.16276157E+002  0.22288884E+002
 -0.93401260E+000 -0.83812035E+000 -0.56489967E+000 -0.20762227E+000 -0.57292437E-002  0.84683855E-003  0.95375030E+000  0.45936026E+001  0.89447069E+001  0.16276155E+002  0.22288882E+002
 -0.93401256E+000 -0.83812027E+000 -0.56489951E+000 -0.20762206E+000 -0.57292414E-002  0.84684004E-003  0.95374958E+000  0.45936009E+001  0.89447046E+001  0.16276153E+002  0.22288879E+002
 -0.93401253E+000 -0.83812020E+000 -0.56489936E+000 -0.20762186E+000 -0.57292393E-002  0.84684147E-003  0.95374890E+000  0.45935992E+001  0.89447024E+001  0.16276151E+002  0.22288877E+002
 -0.93401249E+000 -0.83812014E+000 -0.56489922E+000 -0.20762167E+000 -0.57292373E-002  0.84684284E-003  0.95374826E+000  0.45935977E+001  0.89447004E+001  0.16276150E+002  0.22288875E+002
 -0.93401246E+000 -0.83812008E+000 -0.56489909E+000 -0.20762149E+000 -0.57292355E-002  0.84684414E-003  0.95374766E+000  0.45935963E+001  0.89446986E+001  0.16276148E+002  0.22288873E+002
 -0.93401243E+000 -0.83812002E+000 -0.56489897E+000 -0.20762132E+000 -0.57292339E-002  0.84684539E-003  0.95374709E+000  0.45935950E+001  0.89446970E+001  0.16276147E+002  0.22288871E+002
 -0.93401241E+000 -0.83811997E+000 -0.56489886E+000 -0.20762116E+000 -0.57292324E-002  0.84684656E-003  0.95374657E+000  0.45935938E+001  0.89446956E+001  0.16276146E+002  0.22288870E+002
 -0.93401238E+000 -0.83811992E+000 -0.56489875E+000 -0.20762101E+000 -0.57292312E-002  0.84684767E-003  0.95374608E+000  0.45935927E+001  0.89446944E+001  0.16276146E+002  0.22288869E+002
 -0.93401236E+000 -0.83811987E+000 -0.56489865E+000 -0.20762087E+000 -0.57292301E-002  0.84684870E-003  0.95374564E+000  0.45935917E+001  0.89446935E+001  0.16276146E+002  0.22288868E+002
 -0.93401234E+000 -0.83811983E+000 -0.56489856E+000 -0.20762073E+000 -0.57292291E-002  0.84684967E-003  0.95374523E+000  0.45935909E+001  0.89446928E+001  0.16276146E+002  0.22288868E+002
 -0.93401232E+000 -0.83811979E+000 -0.56489848E+000 -0.20762061E+000 -0.57292284E-002  0.84685055E-003  0.95374488E+000  0.45935903E+001  0.89446924E+001  0.16276146E+002  0.22288868E+002
 -0.93401230E+000 -0.83811976E+000 -0.56489840E+000 -0.20762049E+000 -0.57292279E-002  0.84685136E-003  0.95374456E+000  0.45935898E+001  0.89446923E+001  0.16276147E+002  0.22288868E+002
 -0.93401228E+000 -0.83811973E+000 -0.56489833E+000 -0.20762037E+000 -0.57292275E-002  0.84685209E-003  0.95374430E+000  0.45935895E+001  0.89446925E+001  0.16276148E+002  0.22288869E+002
 -0.93401227E+000 -0.83811970E+000 -0.56489827E+000 -0.20762027E+000 -0.57292273E-002  0.84685275E-003  0.95374408E+000  0.45935893E+001  0.89446931E+001  0.16276150E+002  0.22288870E+002
 -0.93401225E+000 -0.83811967E+000 -0.56489821E+000 -0.20762017E+000 -0.57292274E-002  0.84685332E-003  0.95374392E+000  0.45935893E+001  0.89446940E+001  0.16276153E+002  0.22288872E+002
 -0.93401224E+000 -0.83811964E+000 -0.56489815E+000 -0.20762008E+000 -0.57292276E-002  0.84685381E-003  0.95374381E+000  0.45935896E+001  0.89446954E+001  0.16276156E+002  0.22288875E+002
 -0.93401223E+000 -0.83811962E+000 -0.56489811E+000 -0.20761999E+000 -0.57292281E-002  0.84685421E-003  0.95374375E+000  0.45935901E+001  0.89446972E+001  0.16276160E+002  0.22288878E+002
 -0.93401221E+000 -0.83811960E+000 -0.56489806E+000 -0.20761991E+000 -0.57292287E-002  0.84685454E-003  0.95374375E+000  0.45935908E+001  0.89446996E+001  0.16276164E+002  0.22288882E+002
 -0.93401220E+000 -0.83811958E+000 -0.56489802E+000 -0.20761983E+000 -0.57292296E-002  0.84685478E-003  0.95374382E+000  0.45935918E+001  0.89447024E+001  0.16276170E+002  0.22288887E+002
 -0.93401218E+000 -0.83811956E+000 -0.56489799E+000 -0.20761976E+000 -0.57292307E-002  0.84685494E-003  0.95374395E+000  0.45935931E+001  0.89447059E+001  0.16276176E+002  0.22288893E+002
 -0.93401217E+000 -0.83811954E+000 -0.56489796E+000 -0.20761970E+000 -0.57292320E-002  0.84685502E-003  0.95374414E+000  0.45935946E+001  0.89447100E+001  0.16276184E+002  0.22288900E+002
 -0.93401215E+000 -0.83811952E+000 -0.56489793E+000 -0.20761964E+000 -0.57292335E-002  0.84685503E-003  0.95374441E+000  0.45935965E+001  0.89447148E+001  0.16276192E+002  0.22288908E+002
 -0.93401214E+000 -0.83811950E+000 -0.56489791E+000 -0.20761958E+000 -0.57292352E-002  0.84685497E-003  0.95374475E+000  0.45935987E+001  0.89447204E+001  0.16276202E+002  0.22288918E+002
 -0.93401212E+000 -0.83811948E+000 -0.56489789E+000 -0.20761953E+000 -0.57292371E-002  0.84685484E-003  0.95374516E+000  0.45936013E+001  0.89447267E+001  0.16276214E+002  0.22288929E+002
 -0.93401211E+000 -0.83811947E+000 -0.56489788E+000 -0.20761949E+000 -0.57292392E-002  0.84685464E-003  0.95374565E+000  0.45936042E+001  0.89447337E+001  0.16276226E+002  0.22288942E+002
 -0.93401209E+000 -0.83811946E+000 -0.56489788E+000 -0.20761945E+000 -0.57292415E-002  0.84685438E-003  0.95374620E+000  0.45936075E+001  0.89447416E+001  0.16276240E+002  0.22288956E+002
 -0.93401207E+000 -0.83811945E+000 -0.56489788E+000 -0.20761943E+000 -0.57292440E-002  0.84685405E-003  0.95374681E+000  0.45936111E+001  0.89447502E+001  0.16276256E+002  0.22288973E+002
 -0.93401206E+000 -0.83811944E+000 -0.56489791E+000 -0.20761941E+000 -0.57292468E-002  0.84685365E-003  0.95374748E+000  0.45936150E+001  0.89447595E+001  0.16276273E+002  0.22288991E+002
 -0.93401205E+000 -0.83811945E+000 -0.56489796E+000 -0.20761943E+000 -0.57292497E-002  0.84685316E-003  0.95374817E+000  0.45936191E+001  0.89447693E+001  0.16276291E+002  0.22289010E+002
 -0.93401205E+000 -0.83811947E+000 -0.56489805E+000 -0.20761947E+000 -0.57292529E-002  0.84685255E-003  0.95374884E+000  0.45936232E+001  0.89447793E+001  0.16276310E+002  0.22289032E+002
 -0.93401206E+000 -0.83811952E+000 -0.56489821E+000 -0.20761957E+000 -0.57292566E-002  0.84685177E-003  0.95374945E+000  0.45936272E+001  0.89447891E+001  0.16276330E+002  0.22289054E+002
 -0.93401210E+000 -0.83811961E+000 -0.56489848E+000 -0.20761975E+000 -0.57292608E-002  0.84685071E-003  0.95374988E+000  0.45936306E+001  0.89447982E+001  0.16276350E+002  0.22289078E+002
 -0.93401218E+000 -0.83811976E+000 -0.56489891E+000 -0.20762006E+000 -0.57292660E-002  0.84684920E-003  0.95375000E+000  0.45936331E+001  0.89448058E+001  0.16276368E+002  0.22289102E+002
 -0.93401233E+000 -0.83812003E+000 -0.56489963E+000 -0.20762060E+000 -0.57292728E-002  0.84684693E-003  0.95374956E+000  0.45936339E+001  0.89448106E+001  0.16276384E+002  0.22289126E+002
 -0.93401259E+000 -0.83812048E+000 -0.56490081E+000 -0.20762149E+000 -0.57292824E-002  0.84684339E-003  0.95374819E+000  0.45936319E+001  0.89448113E+001  0.16276396E+002  0.22289148E+002
 -0.93401304E+000 -0.83812122E+000 -0.56490276E+000 -0.20762301E+000 -0.57292971E-002  0.84683745E-003  0.95374519E+000  0.45936257E+001  0.89448058E+001  0.16276401E+002  0.22289166E+002
 -0.93401377E+000 -0.83812244E+000 -0.56490592E+000 -0.20762551E+000 -0.57293200E-002  0.84682775E-003  0.95373974E+000  0.45936135E+001  0.89447917E+001  0.16276398E+002  0.22289177E+002
 -0.93401497E+000 -0.83812446E+000 -0.56491128E+000 -0.20762997E+000 -0.57293622E-002  0.84680899E-003  0.95372937E+000  0.45935918E+001  0.89447654E+001  0.16276380E+002  0.22289177E+002
 -0.93401679E+000 -0.83812761E+000 -0.56491959E+000 -0.20763698E+000 -0.57294253E-002  0.84678021E-003  0.95371306E+000  0.45935596E+001  0.89447247E+001  0.16276344E+002  0.22289160E+002
 -0.93401999E+000 -0.83813352E+000 -0.56493553E+000 -0.20765243E+000 -0.57296047E-002  0.84669351E-003  0.95367953E+000  0.45935062E+001  0.89446590E+001  0.16276277E+002  0.22289109E+002
 -0.93402451E+000 -0.83814191E+000 -0.56495675E+000 -0.20767354E+000 -0.57298161E-002  0.84658796E-003  0.95364031E+000  0.45934445E+001  0.89445779E+001  0.16276183E+002  0.22289023E+002
