  0.20319412E+002
  0.20319888E+002
  0.20320175E+002
  0.20320351E+002
  0.20320459E+002
  0.20320521E+002
  0.20320554E+002
  0.20320567E+002
  0.20320566E+002
  0.20320555E+002
  0.20320538E+002
  0.20320518E+002
  0.20320494E+002
  0.20320470E+002
  0.20320445E+002
  0.20320420E+002
  0.20320395E+002
  0.20320372E+002
  0.20320349E+002
  0.20320328E+002
  0.20320308E+002
  0.20320289E+002
  0.20320271E+002
  0.20320255E+002
  0.20320240E+002
  0.20320227E+002
  0.20320214E+002
  0.20320203E+002
  0.20320193E+002
  0.20320184E+002
  0.20320176E+002
  0.20320170E+002
  0.20320164E+002
  0.20320159E+002
  0.20320155E+002
  0.20320152E+002
  0.20320150E+002
  0.20320149E+002
  0.20320148E+002
  0.20320149E+002
  0.20320150E+002
  0.20320152E+002
  0.20320155E+002
  0.20320159E+002
  0.20320164E+002
  0.20320169E+002
  0.20320176E+002
  0.20320183E+002
  0.20320191E+002
  0.20320200E+002
  0.20320210E+002
  0.20320221E+002
  0.20320234E+002
  0.20320247E+002
  0.20320262E+002
  0.20320277E+002
  0.20320294E+002
  0.20320312E+002
  0.20320332E+002
  0.20320353E+002
  0.20320375E+002
  0.20320399E+002
  0.20320425E+002
  0.20320452E+002
  0.20320481E+002
  0.20320512E+002
  0.20320545E+002
  0.20320579E+002
  0.20320616E+002
  0.20320654E+002
  0.20320695E+002
  0.20320738E+002
  0.20320783E+002
  0.20320831E+002
  0.20320881E+002
  0.20320933E+002
  0.20320988E+002
  0.20321046E+002
  0.20321106E+002
  0.20321170E+002
  0.20321235E+002
  0.20321304E+002
  0.20321376E+002
  0.20321450E+002
  0.20321527E+002
  0.20321607E+002
  0.20321690E+002
  0.20321776E+002
  0.20321864E+002
  0.20321956E+002
  0.20322050E+002
  0.20322146E+002
  0.20322245E+002
  0.20322347E+002
  0.20322451E+002
  0.20322558E+002
  0.20322667E+002
  0.20322779E+002
  0.20322892E+002
  0.20323008E+002
  0.20323126E+002
  0.20323246E+002
  0.20323368E+002
  0.20323492E+002
  0.20323618E+002
  0.20323745E+002
  0.20323874E+002
  0.20324005E+002
  0.20324138E+002
  0.20324272E+002
  0.20324407E+002
  0.20324544E+002
  0.20324682E+002
  0.20324822E+002
  0.20324963E+002
  0.20325104E+002
  0.20325247E+002
  0.20325391E+002
  0.20325536E+002
  0.20325681E+002
  0.20325827E+002
  0.20325975E+002
  0.20326122E+002
  0.20326270E+002
  0.20326419E+002
  0.20326568E+002
  0.20326718E+002
  0.20326868E+002
  0.20327018E+002
  0.20327168E+002
  0.20327319E+002
  0.20327469E+002
  0.20327619E+002
  0.20327770E+002
  0.20327920E+002
  0.20328069E+002
  0.20328219E+002
  0.20328368E+002
  0.20328517E+002
  0.20328665E+002
  0.20328813E+002
  0.20328960E+002
  0.20329106E+002
  0.20329252E+002
  0.20329397E+002
  0.20329541E+002
  0.20329684E+002
  0.20329826E+002
  0.20329968E+002
  0.20330108E+002
  0.20330247E+002
  0.20330385E+002
  0.20330522E+002
  0.20330657E+002
  0.20330792E+002
  0.20330925E+002
  0.20331056E+002
  0.20331186E+002
  0.20331315E+002
  0.20331442E+002
  0.20331568E+002
  0.20331692E+002
  0.20331814E+002
  0.20331935E+002
  0.20332054E+002
  0.20332171E+002
  0.20332286E+002
  0.20332400E+002
  0.20332511E+002
  0.20332620E+002
  0.20332727E+002
  0.20332832E+002
  0.20332935E+002
  0.20333035E+002
  0.20333132E+002
  0.20333227E+002
  0.20333319E+002
  0.20333408E+002
  0.20333494E+002
  0.20333576E+002
  0.20333655E+002
  0.20333730E+002
  0.20333801E+002
  0.20333868E+002
  0.20333929E+002
  0.20333986E+002
  0.20334037E+002
  0.20334082E+002
  0.20334120E+002
  0.20334151E+002
  0.20334175E+002
  0.20334190E+002
  0.20334195E+002
  0.20334190E+002
  0.20334174E+002
  0.20334146E+002
  0.20334104E+002
  0.20334050E+002
  0.20333975E+002
  0.20333886E+002
