  0.12688160E+001  0.80521349E+000  0.54145317E+001  0.73789097E+002
  0.12665708E+001  0.80403575E+000  0.54206635E+001  0.73788291E+002
  0.12633457E+001  0.80460277E+000  0.54242057E+001  0.73788555E+002
  0.12622330E+001  0.80505843E+000  0.54246498E+001  0.73789473E+002
  0.12607546E+001  0.80516723E+000  0.54244117E+001  0.73791510E+002
  0.12600703E+001  0.80503329E+000  0.54250523E+001  0.73791938E+002
  0.12588990E+001  0.80206097E+000  0.54287935E+001  0.73792472E+002
  0.12587330E+001  0.80136716E+000  0.54293317E+001  0.73792844E+002
  0.12580949E+001  0.80150852E+000  0.54596838E+001  0.73762984E+002
  0.12570442E+001  0.80204782E+000  0.54656470E+001  0.73757490E+002
  0.12564770E+001  0.80228130E+000  0.54714708E+001  0.73751933E+002
  0.12564321E+001  0.80160501E+000  0.54720138E+001  0.73752028E+002
  0.12555323E+001  0.80249515E+000  0.54731196E+001  0.73750839E+002
  0.12546005E+001  0.80342107E+000  0.54740693E+001  0.73749797E+002
  0.12544913E+001  0.80158095E+000  0.54767346E+001  0.73748981E+002
  0.12544867E+001  0.80134170E+000  0.54776341E+001  0.73748225E+002
  0.12544034E+001  0.80142554E+000  0.54780137E+001  0.73747747E+002
  0.12543716E+001  0.80146173E+000  0.54785223E+001  0.73747140E+002
  0.12542971E+001  0.80154228E+000  0.54789567E+001  0.73746609E+002
  0.12542993E+001  0.80154501E+000  0.54790579E+001  0.73746418E+002
  0.12542891E+001  0.80155568E+000  0.54793820E+001  0.73746013E+002
  0.12542915E+001  0.80135867E+000  0.54798552E+001  0.73745659E+002
  0.12541418E+001  0.80125779E+000  0.54803451E+001  0.73745350E+002
  0.12541445E+001  0.80126612E+000  0.54805397E+001  0.73745080E+002
  0.12541473E+001  0.80125781E+000  0.54807219E+001  0.73744843E+002
  0.12539553E+001  0.80146190E+000  0.54808619E+001  0.73744637E+002
  0.12539582E+001  0.80147334E+000  0.54809785E+001  0.73744456E+002
  0.12539612E+001  0.80148315E+000  0.54810789E+001  0.73744299E+002
  0.12539642E+001  0.80149319E+000  0.54811640E+001  0.73744160E+002
  0.12539673E+001  0.80145118E+000  0.54812883E+001  0.73744039E+002
  0.12539703E+001  0.80146157E+000  0.54813496E+001  0.73743933E+002
  0.12539535E+001  0.80149200E+000  0.54814020E+001  0.73743840E+002
  0.12539566E+001  0.80150262E+000  0.54814470E+001  0.73743758E+002
  0.12539597E+001  0.80151334E+000  0.54814861E+001  0.73743686E+002
  0.12539362E+001  0.80155064E+000  0.54815203E+001  0.73743622E+002
  0.12539393E+001  0.80156149E+000  0.54815508E+001  0.73743566E+002
  0.12539424E+001  0.80157238E+000  0.54815783E+001  0.73743516E+002
  0.12539455E+001  0.80158332E+000  0.54816036E+001  0.73743472E+002
  0.12539485E+001  0.80159430E+000  0.54816273E+001  0.73743433E+002
  0.12539516E+001  0.80160530E+000  0.54816498E+001  0.73743398E+002
  0.12539546E+001  0.80161633E+000  0.54816717E+001  0.73743367E+002
  0.12539576E+001  0.80162737E+000  0.54816932E+001  0.73743340E+002
  0.12539606E+001  0.80163843E+000  0.54817146E+001  0.73743317E+002
  0.12539636E+001  0.80164950E+000  0.54817361E+001  0.73743296E+002
  0.12539665E+001  0.80166370E+000  0.54817548E+001  0.73743279E+002
  0.12539694E+001  0.80167477E+000  0.54817770E+001  0.73743265E+002
  0.12539723E+001  0.80168583E+000  0.54817995E+001  0.73743254E+002
  0.12539752E+001  0.80169688E+000  0.54818226E+001  0.73743246E+002
  0.12539781E+001  0.80170790E+000  0.54818462E+001  0.73743241E+002
  0.12539809E+001  0.80171889E+000  0.54818703E+001  0.73743240E+002
  0.12539838E+001  0.80172985E+000  0.54818950E+001  0.73743242E+002
  0.12539866E+001  0.80174075E+000  0.54819202E+001  0.73743247E+002
  0.12539895E+001  0.80175161E+000  0.54819459E+001  0.73743257E+002
  0.12539924E+001  0.80176241E+000  0.54819722E+001  0.73743270E+002
  0.12539953E+001  0.80177314E+000  0.54819990E+001  0.73743288E+002
  0.12539915E+001  0.80179049E+000  0.54820262E+001  0.73743310E+002
  0.12539945E+001  0.80180109E+000  0.54820539E+001  0.73743336E+002
  0.12539975E+001  0.80181161E+000  0.54820819E+001  0.73743368E+002
  0.12540006E+001  0.80182207E+000  0.54821016E+001  0.73743413E+002
  0.12540038E+001  0.80183246E+000  0.54821099E+001  0.73743475E+002
  0.12540070E+001  0.80184280E+000  0.54821187E+001  0.73743542E+002
  0.12540104E+001  0.80185309E+000  0.54821281E+001  0.73743615E+002
  0.12540132E+001  0.80186398E+000  0.54821380E+001  0.73743694E+002
  0.12540169E+001  0.80187421E+000  0.54821486E+001  0.73743778E+002
  0.12540206E+001  0.80188443E+000  0.54821599E+001  0.73743869E+002
  0.12540245E+001  0.80189466E+000  0.54821719E+001  0.73743966E+002
  0.12540286E+001  0.80190491E+000  0.54821847E+001  0.73744069E+002
  0.12540329E+001  0.80191519E+000  0.54821984E+001  0.73744179E+002
  0.12540373E+001  0.80192552E+000  0.54822129E+001  0.73744296E+002
  0.12540419E+001  0.80193590E+000  0.54822285E+001  0.73744420E+002
  0.12540466E+001  0.80194635E+000  0.54822450E+001  0.73744551E+002
  0.12540516E+001  0.80195686E+000  0.54822625E+001  0.73744689E+002
  0.12540567E+001  0.80196742E+000  0.54822811E+001  0.73744836E+002
  0.12540620E+001  0.80197804E+000  0.54823008E+001  0.73744991E+002
  0.12540675E+001  0.80198871E+000  0.54823216E+001  0.73745154E+002
  0.12540731E+001  0.80199941E+000  0.54823434E+001  0.73745326E+002
  0.12540789E+001  0.80201012E+000  0.54823663E+001  0.73745507E+002
  0.12540848E+001  0.80202083E+000  0.54823902E+001  0.73745697E+002
  0.12540909E+001  0.80203152E+000  0.54824152E+001  0.73745897E+002
  0.12540971E+001  0.80204216E+000  0.54824411E+001  0.73746107E+002
  0.12541034E+001  0.80205274E+000  0.54824680E+001  0.73746327E+002
  0.12541098E+001  0.80206323E+000  0.54824958E+001  0.73746557E+002
  0.12541163E+001  0.80207361E+000  0.54825244E+001  0.73746798E+002
  0.12541228E+001  0.80208387E+000  0.54825537E+001  0.73747049E+002
  0.12541295E+001  0.80209398E+000  0.54825838E+001  0.73747311E+002
  0.12541361E+001  0.80210394E+000  0.54826146E+001  0.73747584E+002
  0.12541428E+001  0.80211373E+000  0.54826459E+001  0.73747867E+002
  0.12541496E+001  0.80212333E+000  0.54826778E+001  0.73748162E+002
  0.12541564E+001  0.80213275E+000  0.54827101E+001  0.73748467E+002
  0.12541631E+001  0.80214197E+000  0.54827428E+001  0.73748784E+002
  0.12541699E+001  0.80215098E+000  0.54827759E+001  0.73749110E+002
  0.12541767E+001  0.80215979E+000  0.54828093E+001  0.73749448E+002
  0.12541834E+001  0.80216840E+000  0.54828430E+001  0.73749796E+002
  0.12541902E+001  0.80217679E+000  0.54828769E+001  0.73750154E+002
  0.12541969E+001  0.80218498E+000  0.54829110E+001  0.73750522E+002
  0.12542036E+001  0.80219296E+000  0.54829452E+001  0.73750900E+002
  0.12542102E+001  0.80220073E+000  0.54829796E+001  0.73751287E+002
  0.12542168E+001  0.80217965E+000  0.54830427E+001  0.73751684E+002
  0.12542234E+001  0.80218702E+000  0.54830772E+001  0.73752090E+002
  0.12542299E+001  0.80219420E+000  0.54831118E+001  0.73752505E+002
  0.12542364E+001  0.80220118E+000  0.54831464E+001  0.73752929E+002
  0.12542428E+001  0.80220798E+000  0.54831811E+001  0.73753361E+002
  0.12542492E+001  0.80224325E+000  0.54831871E+001  0.73753801E+002
  0.12542556E+001  0.80224967E+000  0.54832218E+001  0.73754250E+002
  0.12542619E+001  0.80225592E+000  0.54832565E+001  0.73754705E+002
  0.12542681E+001  0.80226199E+000  0.54832912E+001  0.73755169E+002
  0.12542743E+001  0.80226789E+000  0.54833259E+001  0.73755639E+002
  0.12542805E+001  0.80227363E+000  0.54833607E+001  0.73756116E+002
  0.12542866E+001  0.80227919E+000  0.54833954E+001  0.73756600E+002
  0.12542927E+001  0.80228460E+000  0.54834300E+001  0.73757089E+002
  0.12542987E+001  0.80228985E+000  0.54834647E+001  0.73757585E+002
  0.12543047E+001  0.80229494E+000  0.54834994E+001  0.73758087E+002
  0.12543106E+001  0.80229988E+000  0.54835340E+001  0.73758594E+002
  0.12543165E+001  0.80230467E+000  0.54835686E+001  0.73759107E+002
  0.12543223E+001  0.80230932E+000  0.54836031E+001  0.73759624E+002
  0.12543281E+001  0.80231382E+000  0.54836376E+001  0.73760147E+002
  0.12543338E+001  0.80231818E+000  0.54836720E+001  0.73760673E+002
  0.12543395E+001  0.80232241E+000  0.54837064E+001  0.73761204E+002
  0.12543451E+001  0.80232650E+000  0.54837406E+001  0.73761739E+002
  0.12543507E+001  0.80233046E+000  0.54837748E+001  0.73762278E+002
  0.12543562E+001  0.80233429E+000  0.54838088E+001  0.73762820E+002
  0.12543616E+001  0.80233800E+000  0.54838426E+001  0.73763365E+002
  0.12543669E+001  0.80234158E+000  0.54838763E+001  0.73763913E+002
  0.12543722E+001  0.80234505E+000  0.54839097E+001  0.73764464E+002
  0.12543774E+001  0.80234840E+000  0.54839429E+001  0.73765017E+002
  0.12543826E+001  0.80235164E+000  0.54839758E+001  0.73765573E+002
  0.12543876E+001  0.80235476E+000  0.54840084E+001  0.73766130E+002
  0.12543925E+001  0.80235778E+000  0.54840407E+001  0.73766690E+002
  0.12543974E+001  0.80236070E+000  0.54840725E+001  0.73767251E+002
  0.12544021E+001  0.80236352E+000  0.54841040E+001  0.73767813E+002
  0.12544067E+001  0.80236623E+000  0.54841349E+001  0.73768376E+002
  0.12544112E+001  0.80236885E+000  0.54841654E+001  0.73768940E+002
  0.12544155E+001  0.80237138E+000  0.54841953E+001  0.73769504E+002
  0.12544197E+001  0.80237381E+000  0.54842246E+001  0.73770069E+002
  0.12544238E+001  0.80237615E+000  0.54842533E+001  0.73770634E+002
  0.12544278E+001  0.80237840E+000  0.54842814E+001  0.73771199E+002
  0.12544315E+001  0.80238057E+000  0.54843087E+001  0.73771764E+002
  0.12544352E+001  0.80238265E+000  0.54843353E+001  0.73772328E+002
  0.12544386E+001  0.80238464E+000  0.54843611E+001  0.73772892E+002
  0.12544419E+001  0.80238655E+000  0.54843861E+001  0.73773455E+002
  0.12544450E+001  0.80238838E+000  0.54844102E+001  0.73774016E+002
  0.12544480E+001  0.80239013E+000  0.54844335E+001  0.73774577E+002
  0.12544507E+001  0.80239179E+000  0.54844559E+001  0.73775135E+002
  0.12544533E+001  0.80239337E+000  0.54844773E+001  0.73775693E+002
  0.12544557E+001  0.80239486E+000  0.54844978E+001  0.73776248E+002
  0.12544579E+001  0.80239628E+000  0.54845174E+001  0.73776801E+002
  0.12544600E+001  0.80239761E+000  0.54845360E+001  0.73777352E+002
  0.12544618E+001  0.80239886E+000  0.54845536E+001  0.73777900E+002
  0.12544635E+001  0.80240002E+000  0.54845702E+001  0.73778446E+002
  0.12544650E+001  0.80240110E+000  0.54845858E+001  0.73778988E+002
  0.12544663E+001  0.80240209E+000  0.54846004E+001  0.73779528E+002
  0.12544674E+001  0.80240299E+000  0.54846140E+001  0.73780064E+002
  0.12544683E+001  0.80240381E+000  0.54846266E+001  0.73780597E+002
  0.12544691E+001  0.80240453E+000  0.54846382E+001  0.73781126E+002
  0.12544696E+001  0.80240516E+000  0.54846488E+001  0.73781652E+002
  0.12544700E+001  0.80240570E+000  0.54846585E+001  0.73782173E+002
  0.12544703E+001  0.80240614E+000  0.54846672E+001  0.73782690E+002
  0.12544703E+001  0.80240648E+000  0.54846749E+001  0.73783203E+002
  0.12544703E+001  0.80240672E+000  0.54846817E+001  0.73783710E+002
  0.12544700E+001  0.80240686E+000  0.54846876E+001  0.73784214E+002
  0.12544696E+001  0.80240689E+000  0.54846925E+001  0.73784712E+002
  0.12544690E+001  0.80240681E+000  0.54846965E+001  0.73785204E+002
  0.12544683E+001  0.80240661E+000  0.54846997E+001  0.73785692E+002
  0.12544674E+001  0.80240630E+000  0.54847019E+001  0.73786173E+002
  0.12544663E+001  0.80240587E+000  0.54847033E+001  0.73786649E+002
  0.12544651E+001  0.80240531E+000  0.54847038E+001  0.73787119E+002
  0.12544638E+001  0.80240462E+000  0.54847035E+001  0.73787582E+002
  0.12544623E+001  0.80240380E+000  0.54847023E+001  0.73788039E+002
  0.12544606E+001  0.80240283E+000  0.54847002E+001  0.73788489E+002
  0.12544587E+001  0.80240171E+000  0.54846972E+001  0.73788932E+002
  0.12544567E+001  0.80240043E+000  0.54846934E+001  0.73789367E+002
  0.12544545E+001  0.80239898E+000  0.54846886E+001  0.73789795E+002
  0.12544521E+001  0.80239736E+000  0.54846829E+001  0.73790215E+002
  0.12544495E+001  0.80239555E+000  0.54846762E+001  0.73790626E+002
  0.12544467E+001  0.80239354E+000  0.54846686E+001  0.73791029E+002
  0.12544437E+001  0.80239132E+000  0.54846598E+001  0.73791422E+002
  0.12544404E+001  0.80238888E+000  0.54846500E+001  0.73791805E+002
  0.12544369E+001  0.80238619E+000  0.54846390E+001  0.73792178E+002
  0.12544330E+001  0.80238325E+000  0.54846267E+001  0.73792541E+002
  0.12544289E+001  0.80238004E+000  0.54846131E+001  0.73792892E+002
  0.12544244E+001  0.80237653E+000  0.54845981E+001  0.73793230E+002
  0.12544195E+001  0.80237272E+000  0.54845815E+001  0.73793556E+002
  0.12544143E+001  0.80236856E+000  0.54845632E+001  0.73793867E+002
  0.12544086E+001  0.80236405E+000  0.54845431E+001  0.73794164E+002
  0.12544024E+001  0.80235916E+000  0.54845210E+001  0.73794444E+002
  0.12543957E+001  0.80235385E+000  0.54844968E+001  0.73794706E+002
  0.12543884E+001  0.80234811E+000  0.54844702E+001  0.73794950E+002
  0.12543805E+001  0.80234189E+000  0.54844411E+001  0.73795173E+002
  0.12543720E+001  0.80233516E+000  0.54844092E+001  0.73795374E+002
  0.12543627E+001  0.80232790E+000  0.54843744E+001  0.73795550E+002
  0.12543527E+001  0.80232007E+000  0.54843365E+001  0.73795699E+002
  0.12543418E+001  0.80231167E+000  0.54842953E+001  0.73795819E+002
  0.12543300E+001  0.80230268E+000  0.54842512E+001  0.73795905E+002
  0.12543173E+001  0.80229311E+000  0.54842041E+001  0.73795954E+002
  0.12543035E+001  0.80228288E+000  0.54841540E+001  0.73795963E+002
  0.12542887E+001  0.80227188E+000  0.54840996E+001  0.73795931E+002
  0.12542725E+001  0.80225962E+000  0.54840382E+001  0.73795856E+002
  0.12542551E+001  0.80224620E+000  0.54839691E+001  0.73795739E+002
  0.12542357E+001  0.80223126E+000  0.54839153E+001  0.73795527E+002
  0.12542159E+001  0.80218976E+000  0.54839057E+001  0.73795243E+002
