  0.21503135E-001  0.20337940E+000  0.17619700E+001  0.79290806E+002
  0.21521563E-001  0.20312521E+000  0.17624800E+001  0.79292435E+002
  0.21537125E-001  0.20291341E+000  0.17629055E+001  0.79293354E+002
  0.21550066E-001  0.20273803E+000  0.17632593E+001  0.79293868E+002
  0.21560681E-001  0.20259368E+000  0.17635520E+001  0.79294138E+002
  0.21569277E-001  0.20247567E+000  0.17637929E+001  0.79294257E+002
  0.21576147E-001  0.20237999E+000  0.17639901E+001  0.79294280E+002
  0.21581560E-001  0.20230323E+000  0.17641505E+001  0.79294241E+002
  0.21585752E-001  0.20224250E+000  0.17642797E+001  0.79294164E+002
  0.21588927E-001  0.20219537E+000  0.17643828E+001  0.79294063E+002
  0.21591257E-001  0.20215978E+000  0.17644639E+001  0.79293948E+002
  0.21592889E-001  0.20213398E+000  0.17645263E+001  0.79293827E+002
  0.21593943E-001  0.20211649E+000  0.17645581E+001  0.79293718E+002
  0.21594520E-001  0.20210604E+000  0.17645787E+001  0.79293609E+002
  0.21594706E-001  0.20210155E+000  0.17645922E+001  0.79293500E+002
  0.21594570E-001  0.20210209E+000  0.17645995E+001  0.79293392E+002
  0.21594170E-001  0.20210687E+000  0.17646018E+001  0.79293288E+002
  0.21593557E-001  0.20211520E+000  0.17645998E+001  0.79293188E+002
  0.21592770E-001  0.20212651E+000  0.17645943E+001  0.79293093E+002
  0.21591844E-001  0.20214031E+000  0.17645859E+001  0.79293003E+002
  0.21590808E-001  0.20215618E+000  0.17645752E+001  0.79292918E+002
  0.21589685E-001  0.20217378E+000  0.17645625E+001  0.79292839E+002
  0.21588496E-001  0.20219280E+000  0.17645482E+001  0.79292766E+002
  0.21587259E-001  0.20221300E+000  0.17645327E+001  0.79292698E+002
  0.21585986E-001  0.20223419E+000  0.17645162E+001  0.79292635E+002
  0.21584691E-001  0.20225619E+000  0.17644941E+001  0.79292582E+002
  0.21583383E-001  0.20227888E+000  0.17644656E+001  0.79292539E+002
  0.21582071E-001  0.20230214E+000  0.17644360E+001  0.79292502E+002
  0.21580761E-001  0.20232589E+000  0.17644055E+001  0.79292470E+002
  0.21579459E-001  0.20235007E+000  0.17643743E+001  0.79292443E+002
  0.21578169E-001  0.20237462E+000  0.17643424E+001  0.79292420E+002
  0.21576894E-001  0.20239951E+000  0.17643099E+001  0.79292402E+002
  0.21575636E-001  0.20242470E+000  0.17642770E+001  0.79292388E+002
  0.21574396E-001  0.20245019E+000  0.17642435E+001  0.79292378E+002
  0.21573174E-001  0.20247594E+000  0.17642096E+001  0.79292372E+002
  0.21571971E-001  0.20250195E+000  0.17641753E+001  0.79292369E+002
  0.21570785E-001  0.20252822E+000  0.17641406E+001  0.79292371E+002
  0.21569614E-001  0.20255473E+000  0.17641054E+001  0.79292375E+002
  0.21568458E-001  0.20258147E+000  0.17640699E+001  0.79292384E+002
  0.21567314E-001  0.20260843E+000  0.17640339E+001  0.79292396E+002
  0.21566178E-001  0.20263560E+000  0.17639975E+001  0.79292411E+002
  0.21565049E-001  0.20266295E+000  0.17639607E+001  0.79292430E+002
  0.21563924E-001  0.20269048E+000  0.17639234E+001  0.79292453E+002
  0.21562801E-001  0.20271814E+000  0.17638858E+001  0.79292479E+002
  0.21561676E-001  0.20274592E+000  0.17638477E+001  0.79292509E+002
  0.21560548E-001  0.20277377E+000  0.17638093E+001  0.79292543E+002
  0.21559416E-001  0.20280166E+000  0.17637705E+001  0.79292580E+002
  0.21558276E-001  0.20282954E+000  0.17637314E+001  0.79292622E+002
  0.21557129E-001  0.20285736E+000  0.17636919E+001  0.79292667E+002
  0.21555973E-001  0.20288508E+000  0.17636522E+001  0.79292717E+002
  0.21554809E-001  0.20291263E+000  0.17636123E+001  0.79292771E+002
  0.21553636E-001  0.20293997E+000  0.17635722E+001  0.79292830E+002
  0.21552456E-001  0.20296703E+000  0.17635319E+001  0.79292893E+002
  0.21551270E-001  0.20299375E+000  0.17634916E+001  0.79292961E+002
  0.21550079E-001  0.20302008E+000  0.17634513E+001  0.79293034E+002
  0.21548886E-001  0.20304595E+000  0.17634110E+001  0.79293113E+002
  0.21547692E-001  0.20307132E+000  0.17633708E+001  0.79293197E+002
  0.21546502E-001  0.20309613E+000  0.17633308E+001  0.79293286E+002
  0.21545317E-001  0.20312033E+000  0.17632909E+001  0.79293381E+002
  0.21544140E-001  0.20314389E+000  0.17632514E+001  0.79293482E+002
  0.21542976E-001  0.20316677E+000  0.17632121E+001  0.79293590E+002
  0.21541826E-001  0.20318894E+000  0.17631733E+001  0.79293703E+002
  0.21540695E-001  0.20321039E+000  0.17631348E+001  0.79293824E+002
  0.21539585E-001  0.20323108E+000  0.17630968E+001  0.79293951E+002
  0.21538499E-001  0.20325104E+000  0.17630592E+001  0.79294086E+002
  0.21537439E-001  0.20327024E+000  0.17630222E+001  0.79294228E+002
  0.21536409E-001  0.20328871E+000  0.17629858E+001  0.79294377E+002
  0.21535410E-001  0.20330646E+000  0.17629500E+001  0.79294534E+002
  0.21534444E-001  0.20332350E+000  0.17629148E+001  0.79294699E+002
  0.21533513E-001  0.20333987E+000  0.17628802E+001  0.79294873E+002
  0.21532618E-001  0.20335560E+000  0.17628464E+001  0.79295055E+002
  0.21531759E-001  0.20337071E+000  0.17628134E+001  0.79295245E+002
  0.21530939E-001  0.20338525E+000  0.17627811E+001  0.79295445E+002
  0.21530156E-001  0.20339924E+000  0.17627498E+001  0.79295653E+002
  0.21529413E-001  0.20341272E+000  0.17627193E+001  0.79295871E+002
  0.21528709E-001  0.20342572E+000  0.17626899E+001  0.79296098E+002
  0.21528043E-001  0.20343827E+000  0.17626615E+001  0.79296335E+002
  0.21527417E-001  0.20345040E+000  0.17626342E+001  0.79296582E+002
  0.21526830E-001  0.20346214E+000  0.17626082E+001  0.79296838E+002
  0.21526282E-001  0.20347350E+000  0.17625834E+001  0.79297105E+002
  0.21525772E-001  0.20348451E+000  0.17625600E+001  0.79297381E+002
  0.21525301E-001  0.20349519E+000  0.17625380E+001  0.79297668E+002
  0.21524867E-001  0.20350553E+000  0.17625175E+001  0.79297965E+002
  0.21524471E-001  0.20351557E+000  0.17624985E+001  0.79298271E+002
  0.21524111E-001  0.20352529E+000  0.17624811E+001  0.79298588E+002
  0.21523787E-001  0.20353472E+000  0.17624653E+001  0.79298915E+002
  0.21523499E-001  0.20354386E+000  0.17624512E+001  0.79299252E+002
  0.21523244E-001  0.20355270E+000  0.17624387E+001  0.79299599E+002
  0.21523023E-001  0.20356126E+000  0.17624279E+001  0.79299955E+002
  0.21522835E-001  0.20356953E+000  0.17624188E+001  0.79300321E+002
  0.21522677E-001  0.20357752E+000  0.17624113E+001  0.79300696E+002
  0.21522549E-001  0.20358523E+000  0.17624054E+001  0.79301081E+002
  0.21522450E-001  0.20359266E+000  0.17624012E+001  0.79301475E+002
  0.21522379E-001  0.20359982E+000  0.17623985E+001  0.79301877E+002
  0.21522333E-001  0.20360671E+000  0.17623973E+001  0.79302289E+002
  0.21522312E-001  0.20361333E+000  0.17623976E+001  0.79302709E+002
  0.21522314E-001  0.20361968E+000  0.17623993E+001  0.79303137E+002
  0.21522337E-001  0.20362577E+000  0.17624024E+001  0.79303573E+002
  0.21522380E-001  0.20363161E+000  0.17624068E+001  0.79304018E+002
  0.21522442E-001  0.20363720E+000  0.17624124E+001  0.79304470E+002
  0.21522520E-001  0.20364255E+000  0.17624192E+001  0.79304929E+002
  0.21522613E-001  0.20364765E+000  0.17624270E+001  0.79305396E+002
  0.21522720E-001  0.20365253E+000  0.17624360E+001  0.79305870E+002
  0.21522840E-001  0.20365718E+000  0.17624458E+001  0.79306351E+002
  0.21522969E-001  0.20366162E+000  0.17624566E+001  0.79306839E+002
  0.21523108E-001  0.20366584E+000  0.17624681E+001  0.79307333E+002
  0.21523255E-001  0.20366986E+000  0.17624804E+001  0.79307834E+002
  0.21523409E-001  0.20367368E+000  0.17624933E+001  0.79308341E+002
  0.21523567E-001  0.20367731E+000  0.17625068E+001  0.79308854E+002
  0.21523730E-001  0.20368076E+000  0.17625208E+001  0.79309372E+002
  0.21523896E-001  0.20368404E+000  0.17625353E+001  0.79309896E+002
  0.21524064E-001  0.20368714E+000  0.17625501E+001  0.79310426E+002
  0.21524233E-001  0.20369009E+000  0.17625651E+001  0.79310960E+002
  0.21524401E-001  0.20369287E+000  0.17625804E+001  0.79311500E+002
  0.21524569E-001  0.20369551E+000  0.17625958E+001  0.79312044E+002
  0.21524735E-001  0.20369801E+000  0.17626113E+001  0.79312593E+002
  0.21524899E-001  0.20370038E+000  0.17626268E+001  0.79313146E+002
  0.21525060E-001  0.20370262E+000  0.17626422E+001  0.79313703E+002
  0.21525217E-001  0.20370474E+000  0.17626575E+001  0.79314265E+002
  0.21525369E-001  0.20370674E+000  0.17626727E+001  0.79314830E+002
  0.21525516E-001  0.20370865E+000  0.17626875E+001  0.79315398E+002
  0.21525658E-001  0.20371045E+000  0.17627021E+001  0.79315970E+002
  0.21525793E-001  0.20371216E+000  0.17627163E+001  0.79316544E+002
  0.21525921E-001  0.20371379E+000  0.17627302E+001  0.79317122E+002
  0.21526043E-001  0.20371533E+000  0.17627435E+001  0.79317702E+002
  0.21526157E-001  0.20371681E+000  0.17627565E+001  0.79318284E+002
  0.21526263E-001  0.20371822E+000  0.17627689E+001  0.79318869E+002
  0.21526361E-001  0.20371957E+000  0.17627807E+001  0.79319455E+002
  0.21526450E-001  0.20372086E+000  0.17627920E+001  0.79320042E+002
  0.21526531E-001  0.20372211E+000  0.17628027E+001  0.79320631E+002
  0.21526603E-001  0.20372331E+000  0.17628128E+001  0.79321222E+002
  0.21526665E-001  0.20372446E+000  0.17628222E+001  0.79321812E+002
  0.21526719E-001  0.20372558E+000  0.17628310E+001  0.79322404E+002
  0.21526764E-001  0.20372667E+000  0.17628392E+001  0.79322995E+002
  0.21526799E-001  0.20372773E+000  0.17628467E+001  0.79323587E+002
  0.21526825E-001  0.20372875E+000  0.17628536E+001  0.79324178E+002
  0.21526842E-001  0.20372975E+000  0.17628598E+001  0.79324769E+002
  0.21526850E-001  0.20373073E+000  0.17628654E+001  0.79325359E+002
  0.21526849E-001  0.20373168E+000  0.17628704E+001  0.79325948E+002
  0.21526839E-001  0.20373260E+000  0.17628747E+001  0.79326536E+002
  0.21526821E-001  0.20373351E+000  0.17628785E+001  0.79327122E+002
  0.21526794E-001  0.20373439E+000  0.17628817E+001  0.79327706E+002
  0.21526759E-001  0.20373525E+000  0.17628843E+001  0.79328288E+002
  0.21526715E-001  0.20373608E+000  0.17628864E+001  0.79328868E+002
  0.21526664E-001  0.20373689E+000  0.17628880E+001  0.79329445E+002
  0.21526605E-001  0.20373767E+000  0.17628891E+001  0.79330020E+002
  0.21526538E-001  0.20373843E+000  0.17628897E+001  0.79330591E+002
  0.21526464E-001  0.20373915E+000  0.17628899E+001  0.79331159E+002
  0.21526383E-001  0.20373985E+000  0.17628897E+001  0.79331724E+002
  0.21526294E-001  0.20374051E+000  0.17628890E+001  0.79332285E+002
  0.21526199E-001  0.20374113E+000  0.17628880E+001  0.79332842E+002
  0.21526097E-001  0.20374171E+000  0.17628867E+001  0.79333395E+002
  0.21525988E-001  0.20374224E+000  0.17628850E+001  0.79333943E+002
  0.21525872E-001  0.20374273E+000  0.17628830E+001  0.79334487E+002
  0.21525750E-001  0.20374317E+000  0.17628808E+001  0.79335026E+002
  0.21525621E-001  0.20374355E+000  0.17628783E+001  0.79335560E+002
  0.21525485E-001  0.20374387E+000  0.17628756E+001  0.79336089E+002
  0.21525342E-001  0.20374412E+000  0.17628726E+001  0.79336613E+002
  0.21525192E-001  0.20374431E+000  0.17628694E+001  0.79337131E+002
  0.21525035E-001  0.20374442E+000  0.17628661E+001  0.79337643E+002
  0.21524870E-001  0.20374444E+000  0.17628625E+001  0.79338149E+002
  0.21524697E-001  0.20374438E+000  0.17628588E+001  0.79338650E+002
  0.21524515E-001  0.20374423E+000  0.17628549E+001  0.79339143E+002
  0.21524325E-001  0.20374397E+000  0.17628509E+001  0.79339631E+002
  0.21524125E-001  0.20374360E+000  0.17628467E+001  0.79340111E+002
  0.21523915E-001  0.20374311E+000  0.17628423E+001  0.79340585E+002
  0.21523695E-001  0.20374250E+000  0.17628378E+001  0.79341051E+002
  0.21523464E-001  0.20374174E+000  0.17628331E+001  0.79341510E+002
  0.21523220E-001  0.20374084E+000  0.17628281E+001  0.79341961E+002
  0.21522963E-001  0.20373979E+000  0.17628230E+001  0.79342405E+002
  0.21522693E-001  0.20373856E+000  0.17628177E+001  0.79342840E+002
  0.21522408E-001  0.20373715E+000  0.17628121E+001  0.79343266E+002
  0.21522108E-001  0.20373554E+000  0.17628062E+001  0.79343684E+002
  0.21521792E-001  0.20373373E+000  0.17628000E+001  0.79344093E+002
  0.21521458E-001  0.20373169E+000  0.17627935E+001  0.79344491E+002
  0.21521107E-001  0.20372941E+000  0.17627866E+001  0.79344880E+002
  0.21520736E-001  0.20372688E+000  0.17627793E+001  0.79345258E+002
  0.21520346E-001  0.20372407E+000  0.17627715E+001  0.79345625E+002
  0.21519934E-001  0.20372098E+000  0.17627632E+001  0.79345980E+002
  0.21519502E-001  0.20371757E+000  0.17627543E+001  0.79346323E+002
  0.21519047E-001  0.20371384E+000  0.17627448E+001  0.79346652E+002
  0.21518569E-001  0.20370977E+000  0.17627346E+001  0.79346967E+002
  0.21518068E-001  0.20370533E+000  0.17627237E+001  0.79347267E+002
  0.21517543E-001  0.20370051E+000  0.17627120E+001  0.79347550E+002
  0.21516995E-001  0.20369528E+000  0.17626995E+001  0.79347815E+002
  0.21516424E-001  0.20368962E+000  0.17626860E+001  0.79348061E+002
  0.21515829E-001  0.20368351E+000  0.17626716E+001  0.79348287E+002
  0.21515211E-001  0.20367693E+000  0.17626563E+001  0.79348489E+002
  0.21514572E-001  0.20366985E+000  0.17626399E+001  0.79348667E+002
  0.21513909E-001  0.20366226E+000  0.17626225E+001  0.79348817E+002
  0.21513221E-001  0.20365417E+000  0.17626040E+001  0.79348938E+002
  0.21512504E-001  0.20364558E+000  0.17625843E+001  0.79349026E+002
  0.21511750E-001  0.20363653E+000  0.17625633E+001  0.79349078E+002
  0.21510960E-001  0.20362702E+000  0.17625410E+001  0.79349090E+002
  0.21510144E-001  0.20361691E+000  0.17625176E+001  0.79349059E+002
  0.21509354E-001  0.20360588E+000  0.17624940E+001  0.79348983E+002
  0.21508649E-001  0.20359316E+000  0.17624720E+001  0.79348853E+002
  0.21508077E-001  0.20357860E+000  0.17624523E+001  0.79348671E+002
  0.21507430E-001  0.20356209E+000  0.17624336E+001  0.79348407E+002
  0.21506752E-001  0.20354861E+000  0.17624075E+001  0.79348092E+002
