  0.68657801E-001
  0.68952249E-001
  0.69096025E-001
  0.69172485E-001
  0.69214058E-001
  0.69236293E-001
  0.69247343E-001
  0.69251828E-001
  0.69252309E-001
  0.69250389E-001
  0.69247055E-001
  0.69242953E-001
  0.69238502E-001
  0.69233929E-001
  0.69229406E-001
  0.69225031E-001
  0.69220874E-001
  0.69216979E-001
  0.69213368E-001
  0.69210050E-001
  0.69207023E-001
  0.69204274E-001
  0.69201790E-001
  0.69199557E-001
  0.69197559E-001
  0.69195780E-001
  0.69194204E-001
  0.69192815E-001
  0.69191596E-001
  0.69190533E-001
  0.69189610E-001
  0.69188816E-001
  0.69188135E-001
  0.69187556E-001
  0.69187068E-001
  0.69186659E-001
  0.69186320E-001
  0.69186042E-001
  0.69185817E-001
  0.69185637E-001
  0.69185496E-001
  0.69185388E-001
  0.69185308E-001
  0.69185251E-001
  0.69185213E-001
  0.69185191E-001
  0.69185183E-001
  0.69185185E-001
  0.69185195E-001
  0.69185212E-001
  0.69185234E-001
  0.69185261E-001
  0.69185290E-001
  0.69185322E-001
  0.69185356E-001
  0.69185391E-001
  0.69185427E-001
  0.69185464E-001
  0.69185501E-001
  0.69185538E-001
  0.69185576E-001
  0.69185614E-001
  0.69185652E-001
  0.69185691E-001
  0.69185730E-001
  0.69185770E-001
  0.69185811E-001
  0.69185852E-001
  0.69185895E-001
  0.69185939E-001
  0.69185985E-001
  0.69186034E-001
  0.69186086E-001
  0.69186142E-001
  0.69186202E-001
  0.69186269E-001
  0.69186341E-001
  0.69186422E-001
  0.69186511E-001
  0.69186610E-001
  0.69186720E-001
  0.69186842E-001
  0.69186976E-001
  0.69187124E-001
  0.69187286E-001
  0.69187463E-001
  0.69187654E-001
  0.69187862E-001
  0.69188084E-001
  0.69188322E-001
  0.69188576E-001
  0.69188845E-001
  0.69189129E-001
  0.69189427E-001
  0.69189740E-001
  0.69190066E-001
  0.69190405E-001
  0.69190758E-001
  0.69191122E-001
  0.69191498E-001
  0.69191886E-001
  0.69192284E-001
  0.69192692E-001
  0.69193109E-001
  0.69193536E-001
  0.69193971E-001
  0.69194414E-001
  0.69194866E-001
  0.69195324E-001
  0.69195789E-001
  0.69196261E-001
  0.69196739E-001
  0.69197222E-001
  0.69197711E-001
  0.69198206E-001
  0.69198705E-001
  0.69199208E-001
  0.69199716E-001
  0.69200227E-001
  0.69200743E-001
  0.69201261E-001
  0.69201783E-001
  0.69202307E-001
  0.69202834E-001
  0.69203364E-001
  0.69203895E-001
  0.69204428E-001
  0.69204963E-001
  0.69205499E-001
  0.69206037E-001
  0.69206575E-001
  0.69207114E-001
  0.69207653E-001
  0.69208192E-001
  0.69208731E-001
  0.69209271E-001
  0.69209809E-001
  0.69210348E-001
  0.69210885E-001
  0.69211421E-001
  0.69211956E-001
  0.69212490E-001
  0.69213022E-001
  0.69213552E-001
  0.69214081E-001
  0.69214607E-001
  0.69215131E-001
  0.69215653E-001
  0.69216171E-001
  0.69216687E-001
  0.69217201E-001
  0.69217711E-001
  0.69218217E-001
  0.69218721E-001
  0.69219220E-001
  0.69219716E-001
  0.69220209E-001
  0.69220697E-001
  0.69221181E-001
  0.69221660E-001
  0.69222135E-001
  0.69222606E-001
  0.69223071E-001
  0.69223532E-001
  0.69223988E-001
  0.69224438E-001
  0.69224883E-001
  0.69225323E-001
  0.69225756E-001
  0.69226184E-001
  0.69226605E-001
  0.69227020E-001
  0.69227429E-001
  0.69227830E-001
  0.69228225E-001
  0.69228612E-001
  0.69228992E-001
  0.69229363E-001
  0.69229727E-001
  0.69230082E-001
  0.69230429E-001
  0.69230766E-001
  0.69231094E-001
  0.69231412E-001
  0.69231721E-001
  0.69232019E-001
  0.69232306E-001
  0.69232583E-001
  0.69232849E-001
  0.69233107E-001
  0.69233358E-001
  0.69233607E-001
  0.69233854E-001
  0.69234097E-001
  0.69234307E-001
  0.69234474E-001
  0.69234615E-001
  0.69235248E-001
  0.69235788E-001
  0.69233595E-001
