  0.10617729E+001  0.59566750E+000  0.83020282E+000  0.39902823E+001
  0.10523659E+001  0.59226380E+000  0.83953590E+000  0.39858013E+001
  0.10396291E+001  0.59716113E+000  0.84457687E+000  0.39822994E+001
  0.10336919E+001  0.59646168E+000  0.84903134E+000  0.39794204E+001
  0.10316838E+001  0.59138573E+000  0.85117034E+000  0.39802747E+001
  0.10236487E+001  0.59319107E+000  0.85582914E+000  0.39785350E+001
  0.10194138E+001  0.59425273E+000  0.85761313E+000  0.39772496E+001
  0.10185230E+001  0.58933185E+000  0.86209045E+000  0.39764339E+001
  0.10172859E+001  0.58867761E+000  0.86123191E+000  0.39774688E+001
  0.10159291E+001  0.58665857E+000  0.86369360E+000  0.39770299E+001
  0.10058956E+001  0.59217240E+000  0.86592190E+000  0.39782703E+001
  0.10041037E+001  0.59103255E+000  0.86597760E+000  0.39803481E+001
  0.99801163E+000  0.59689755E+000  0.86582201E+000  0.39801441E+001
  0.99324216E+000  0.60146741E+000  0.86573284E+000  0.39800239E+001
  0.99027991E+000  0.60347535E+000  0.86636167E+000  0.39800896E+001
  0.99021091E+000  0.60314827E+000  0.86657337E+000  0.39801397E+001
  0.98710089E+000  0.60606080E+000  0.86586402E+000  0.39810181E+001
  0.98661559E+000  0.60654475E+000  0.86582843E+000  0.39811158E+001
  0.98278810E+000  0.61039687E+000  0.86580891E+000  0.39812470E+001
  0.98282149E+000  0.60742181E+000  0.86870596E+000  0.39814919E+001
  0.98231355E+000  0.60769582E+000  0.86901220E+000  0.39816742E+001
  0.98237538E+000  0.60741501E+000  0.86933025E+000  0.39818761E+001
  0.97649041E+000  0.61281025E+000  0.86994218E+000  0.39820943E+001
  0.97657361E+000  0.61284483E+000  0.86996663E+000  0.39823264E+001
  0.97666550E+000  0.61283091E+000  0.87004825E+000  0.39825702E+001
  0.97655748E+000  0.61307870E+000  0.87008321E+000  0.39828241E+001
  0.97666368E+000  0.61267181E+000  0.87057186E+000  0.39830868E+001
  0.97677576E+000  0.61271636E+000  0.87061478E+000  0.39833569E+001
  0.97689304E+000  0.61276271E+000  0.87066096E+000  0.39836337E+001
  0.97701491E+000  0.61262540E+000  0.87089527E+000  0.39839165E+001
  0.97714088E+000  0.61267468E+000  0.87094703E+000  0.39842046E+001
  0.97138970E+000  0.61860604E+000  0.87100116E+000  0.39844977E+001
  0.97152160E+000  0.61865875E+000  0.87105749E+000  0.39847953E+001
  0.97165640E+000  0.61871254E+000  0.87111588E+000  0.39850973E+001
  0.97178881E+000  0.61877235E+000  0.87117626E+000  0.39854035E+001
  0.97192861E+000  0.61882807E+000  0.87123857E+000  0.39857138E+001
  0.97207055E+000  0.61888465E+000  0.87130279E+000  0.39860280E+001
  0.97221443E+000  0.61894205E+000  0.87136892E+000  0.39863462E+001
  0.97236005E+000  0.61900021E+000  0.87143699E+000  0.39866683E+001
  0.97250724E+000  0.61905910E+000  0.87150703E+000  0.39869944E+001
  0.97265584E+000  0.61911866E+000  0.87157910E+000  0.39873244E+001
  0.97280569E+000  0.61917886E+000  0.87165324E+000  0.39876584E+001
  0.97295662E+000  0.61923965E+000  0.87172953E+000  0.39879963E+001
  0.97310847E+000  0.61930098E+000  0.87180801E+000  0.39883381E+001
  0.97326109E+000  0.61887279E+000  0.87237875E+000  0.39886838E+001
  0.97341430E+000  0.61893495E+000  0.87246185E+000  0.39890332E+001
  0.97356792E+000  0.61899746E+000  0.87254727E+000  0.39893862E+001
  0.97372177E+000  0.61906027E+000  0.87263503E+000  0.39897428E+001
  0.97387564E+000  0.61912327E+000  0.87272512E+000  0.39901026E+001
  0.97402935E+000  0.61918637E+000  0.87281753E+000  0.39904654E+001
  0.97418266E+000  0.61924948E+000  0.87291221E+000  0.39908309E+001
  0.97433535E+000  0.61931249E+000  0.87300910E+000  0.39911988E+001
  0.97448720E+000  0.61937529E+000  0.87310812E+000  0.39915687E+001
  0.97463795E+000  0.61943775E+000  0.87320915E+000  0.39919400E+001
  0.97478737E+000  0.61949976E+000  0.87331206E+000  0.39923124E+001
  0.97493049E+000  0.61956591E+000  0.87341669E+000  0.39926853E+001
  0.97507649E+000  0.61962666E+000  0.87352286E+000  0.39930582E+001
  0.97522040E+000  0.61968660E+000  0.87363037E+000  0.39934304E+001
  0.97084085E+000  0.62426675E+000  0.87373330E+000  0.39938071E+001
  0.97097974E+000  0.62432487E+000  0.87382949E+000  0.39941895E+001
  0.97111584E+000  0.62438184E+000  0.87392638E+000  0.39945694E+001
  0.97124895E+000  0.62443758E+000  0.87402376E+000  0.39949461E+001
  0.97122490E+000  0.62464596E+000  0.87412138E+000  0.39953188E+001
  0.97135140E+000  0.62469902E+000  0.87421899E+000  0.39956870E+001
  0.97147437E+000  0.62475063E+000  0.87431633E+000  0.39960500E+001
  0.97159367E+000  0.62480072E+000  0.87441316E+000  0.39964072E+001
  0.97170917E+000  0.62484926E+000  0.87450922E+000  0.39967581E+001
  0.97182078E+000  0.62489621E+000  0.87460426E+000  0.39971021E+001
  0.97192843E+000  0.62494153E+000  0.87469805E+000  0.39974386E+001
  0.97203207E+000  0.62498522E+000  0.87479035E+000  0.39977672E+001
  0.97213166E+000  0.62502726E+000  0.87488096E+000  0.39980875E+001
  0.97222720E+000  0.62506764E+000  0.87496966E+000  0.39983989E+001
  0.97231868E+000  0.62510636E+000  0.87505627E+000  0.39987011E+001
  0.97240613E+000  0.62514343E+000  0.87514063E+000  0.39989937E+001
  0.97248957E+000  0.62517885E+000  0.87522258E+000  0.39992764E+001
  0.97256905E+000  0.62521264E+000  0.87530200E+000  0.39995488E+001
  0.97264460E+000  0.62524481E+000  0.87537876E+000  0.39998107E+001
  0.97271629E+000  0.62527539E+000  0.87545276E+000  0.40000617E+001
  0.97278417E+000  0.62530438E+000  0.87552394E+000  0.40003017E+001
  0.97284830E+000  0.62533182E+000  0.87559222E+000  0.40005305E+001
  0.97290875E+000  0.62535772E+000  0.87565756E+000  0.40007478E+001
  0.97296558E+000  0.62538211E+000  0.87571994E+000  0.40009536E+001
  0.97301887E+000  0.62540503E+000  0.87577932E+000  0.40011478E+001
  0.97306869E+000  0.62542649E+000  0.87583572E+000  0.40013303E+001
  0.97311511E+000  0.62544653E+000  0.87588915E+000  0.40015013E+001
  0.97315821E+000  0.62546519E+000  0.87593962E+000  0.40016606E+001
  0.97319807E+000  0.62548249E+000  0.87598717E+000  0.40018084E+001
  0.97323476E+000  0.62549846E+000  0.87603186E+000  0.40019449E+001
  0.97326838E+000  0.62551316E+000  0.87607372E+000  0.40020702E+001
  0.97329901E+000  0.62552661E+000  0.87611283E+000  0.40021845E+001
  0.97332673E+000  0.62553886E+000  0.87614925E+000  0.40022881E+001
  0.97335163E+000  0.62554994E+000  0.87618305E+000  0.40023813E+001
  0.97337382E+000  0.62555989E+000  0.87621432E+000  0.40024644E+001
  0.97339338E+000  0.62556877E+000  0.87624314E+000  0.40025377E+001
  0.97341041E+000  0.62557661E+000  0.87626959E+000  0.40026015E+001
  0.97342501E+000  0.62558346E+000  0.87629378E+000  0.40026563E+001
  0.97343729E+000  0.62558936E+000  0.87631579E+000  0.40027024E+001
  0.97344736E+000  0.62556368E+000  0.87636639E+000  0.40027402E+001
  0.97345531E+000  0.62556782E+000  0.87638433E+000  0.40027702E+001
  0.97346126E+000  0.62557114E+000  0.87640039E+000  0.40027927E+001
  0.97346532E+000  0.62557370E+000  0.87641466E+000  0.40028082E+001
  0.97346761E+000  0.62557555E+000  0.87642724E+000  0.40028171E+001
  0.97346823E+000  0.62560739E+000  0.87640757E+000  0.40028199E+001
  0.97346730E+000  0.62560793E+000  0.87641709E+000  0.40028169E+001
  0.97346493E+000  0.62560789E+000  0.87642522E+000  0.40028086E+001
  0.97346123E+000  0.62560731E+000  0.87643207E+000  0.40027954E+001
  0.97345631E+000  0.62560622E+000  0.87643773E+000  0.40027777E+001
  0.97345028E+000  0.62560468E+000  0.87644229E+000  0.40027559E+001
  0.97344325E+000  0.62560273E+000  0.87644585E+000  0.40027303E+001
  0.97343531E+000  0.62560039E+000  0.87644849E+000  0.40027015E+001
  0.97342657E+000  0.62559771E+000  0.87645032E+000  0.40026696E+001
  0.97341712E+000  0.62559473E+000  0.87645140E+000  0.40026352E+001
  0.97340706E+000  0.62559147E+000  0.87645182E+000  0.40025984E+001
  0.97339647E+000  0.62558798E+000  0.87645167E+000  0.40025598E+001
  0.97338544E+000  0.62558429E+000  0.87645102E+000  0.40025194E+001
  0.97337407E+000  0.62558042E+000  0.87644993E+000  0.40024778E+001
  0.97336241E+000  0.62557640E+000  0.87644849E+000  0.40024351E+001
  0.97335057E+000  0.62557227E+000  0.87644676E+000  0.40023917E+001
  0.97333860E+000  0.62556805E+000  0.87644480E+000  0.40023478E+001
  0.97332657E+000  0.62556377E+000  0.87644268E+000  0.40023036E+001
  0.97331456E+000  0.62555946E+000  0.87644045E+000  0.40022594E+001
  0.97330263E+000  0.62555513E+000  0.87643817E+000  0.40022155E+001
  0.97329084E+000  0.62555082E+000  0.87643588E+000  0.40021720E+001
  0.97327924E+000  0.62554654E+000  0.87643365E+000  0.40021292E+001
  0.97326789E+000  0.62554231E+000  0.87643151E+000  0.40020872E+001
  0.97325683E+000  0.62553816E+000  0.87642950E+000  0.40020462E+001
  0.97324611E+000  0.62553411E+000  0.87642767E+000  0.40020063E+001
  0.97323577E+000  0.62553016E+000  0.87642605E+000  0.40019678E+001
  0.97322584E+000  0.62552634E+000  0.87642466E+000  0.40019307E+001
  0.97321636E+000  0.62552266E+000  0.87642355E+000  0.40018951E+001
  0.97320736E+000  0.62551913E+000  0.87642273E+000  0.40018612E+001
  0.97319885E+000  0.62551576E+000  0.87642222E+000  0.40018289E+001
  0.97319086E+000  0.62551257E+000  0.87642205E+000  0.40017985E+001
  0.97318341E+000  0.62550955E+000  0.87642222E+000  0.40017699E+001
  0.97317650E+000  0.62550672E+000  0.87642275E+000  0.40017432E+001
  0.97317014E+000  0.62550408E+000  0.87642364E+000  0.40017184E+001
  0.97316434E+000  0.62550164E+000  0.87642490E+000  0.40016955E+001
  0.97315910E+000  0.62549940E+000  0.87642653E+000  0.40016745E+001
  0.97315441E+000  0.62549735E+000  0.87642852E+000  0.40016555E+001
  0.97315027E+000  0.62549551E+000  0.87643088E+000  0.40016383E+001
  0.97314667E+000  0.62549386E+000  0.87643359E+000  0.40016230E+001
  0.97314360E+000  0.62549240E+000  0.87643665E+000  0.40016095E+001
  0.97314104E+000  0.62549114E+000  0.87644005E+000  0.40015977E+001
  0.97313898E+000  0.62549006E+000  0.87644376E+000  0.40015877E+001
  0.97313740E+000  0.62548916E+000  0.87644778E+000  0.40015793E+001
  0.97313628E+000  0.62548843E+000  0.87645208E+000  0.40015725E+001
  0.97313559E+000  0.62548787E+000  0.87645665E+000  0.40015672E+001
  0.97313532E+000  0.62548747E+000  0.87646146E+000  0.40015633E+001
  0.97313544E+000  0.62548722E+000  0.87646650E+000  0.40015607E+001
  0.97313592E+000  0.62548712E+000  0.87647174E+000  0.40015594E+001
  0.97313674E+000  0.62548714E+000  0.87647716E+000  0.40015593E+001
  0.97313788E+000  0.62548729E+000  0.87648274E+000  0.40015602E+001
  0.97313930E+000  0.62548756E+000  0.87648845E+000  0.40015620E+001
  0.97314097E+000  0.62548793E+000  0.87649427E+000  0.40015648E+001
  0.97314288E+000  0.62548839E+000  0.87650017E+000  0.40015683E+001
  0.97314500E+000  0.62548893E+000  0.87650613E+000  0.40015726E+001
  0.97314730E+000  0.62548956E+000  0.87651212E+000  0.40015774E+001
  0.97314975E+000  0.62549024E+000  0.87651813E+000  0.40015828E+001
  0.97315233E+000  0.62549099E+000  0.87652413E+000  0.40015886E+001
  0.97315502E+000  0.62549178E+000  0.87653010E+000  0.40015948E+001
  0.97315780E+000  0.62549260E+000  0.87653601E+000  0.40016012E+001
  0.97316064E+000  0.62549346E+000  0.87654185E+000  0.40016079E+001
  0.97316353E+000  0.62549434E+000  0.87654760E+000  0.40016147E+001
  0.97316644E+000  0.62549524E+000  0.87655323E+000  0.40016216E+001
  0.97316937E+000  0.62549614E+000  0.87655874E+000  0.40016284E+001
  0.97317229E+000  0.62549704E+000  0.87656410E+000  0.40016353E+001
  0.97317519E+000  0.62549793E+000  0.87656931E+000  0.40016421E+001
  0.97317806E+000  0.62549882E+000  0.87657433E+000  0.40016487E+001
  0.97318088E+000  0.62549969E+000  0.87657918E+000  0.40016552E+001
  0.97318366E+000  0.62550054E+000  0.87658382E+000  0.40016614E+001
  0.97318639E+000  0.62550137E+000  0.87658825E+000  0.40016674E+001
  0.97318905E+000  0.62550217E+000  0.87659246E+000  0.40016732E+001
  0.97319165E+000  0.62550294E+000  0.87659644E+000  0.40016787E+001
  0.97319418E+000  0.62550368E+000  0.87660019E+000  0.40016840E+001
  0.97319665E+000  0.62550438E+000  0.87660369E+000  0.40016889E+001
  0.97319905E+000  0.62550506E+000  0.87660694E+000  0.40016936E+001
  0.97320140E+000  0.62550569E+000  0.87660992E+000  0.40016980E+001
  0.97320369E+000  0.62550630E+000  0.87661265E+000  0.40017021E+001
  0.97320594E+000  0.62550687E+000  0.87661510E+000  0.40017060E+001
  0.97320816E+000  0.62550740E+000  0.87661728E+000  0.40017097E+001
  0.97321035E+000  0.62550791E+000  0.87661917E+000  0.40017132E+001
  0.97321253E+000  0.62550838E+000  0.87662077E+000  0.40017165E+001
  0.97321471E+000  0.62550882E+000  0.87662207E+000  0.40017197E+001
  0.97321689E+000  0.62550923E+000  0.87662306E+000  0.40017227E+001
  0.97321908E+000  0.62550961E+000  0.87662372E+000  0.40017257E+001
  0.97322128E+000  0.62550995E+000  0.87662402E+000  0.40017287E+001
  0.97322348E+000  0.62551023E+000  0.87662394E+000  0.40017315E+001
  0.97322567E+000  0.62551046E+000  0.87662344E+000  0.40017342E+001
  0.97322785E+000  0.62551061E+000  0.87662249E+000  0.40017369E+001
  0.97323003E+000  0.62551070E+000  0.87662104E+000  0.40017397E+001
  0.97323228E+000  0.62551075E+000  0.87661910E+000  0.40017427E+001
  0.97323475E+000  0.62551083E+000  0.87661667E+000  0.40017465E+001
  0.97323757E+000  0.62551105E+000  0.87661378E+000  0.40017515E+001
  0.97324083E+000  0.62551148E+000  0.87661041E+000  0.40017579E+001
  0.97324401E+000  0.62551187E+000  0.87660627E+000  0.40017645E+001
  0.97324590E+000  0.62551164E+000  0.87660064E+000  0.40017667E+001
  0.97324315E+000  0.62550886E+000  0.87659175E+000  0.40017581E+001
  0.97323519E+000  0.62550349E+000  0.87657868E+000  0.40017315E+001
  0.97322080E+000  0.62549413E+000  0.87655967E+000  0.40017140E+001
  0.97322361E+000  0.62546553E+000  0.87657929E+000  0.40017246E+001
