 -0.17162812E+000  0.12896463E+000  0.18736487E+001  0.46469403E+001
 -0.17185390E+000  0.12859736E+000  0.18710438E+001  0.46421797E+001
 -0.17203576E+000  0.12829642E+000  0.18688626E+001  0.46385433E+001
 -0.17218142E+000  0.12805331E+000  0.18670419E+001  0.46356916E+001
 -0.17229722E+000  0.12785901E+000  0.18655293E+001  0.46334236E+001
 -0.17238836E+000  0.12770559E+000  0.18642788E+001  0.46316079E+001
 -0.17245913E+000  0.12758571E+000  0.18632511E+001  0.46301517E+001
 -0.17251308E+000  0.12749357E+000  0.18624128E+001  0.46289860E+001
 -0.17255315E+000  0.12742438E+000  0.18617351E+001  0.46280579E+001
 -0.17258179E+000  0.12737420E+000  0.18611937E+001  0.46273251E+001
 -0.17260100E+000  0.12734003E+000  0.18607676E+001  0.46267537E+001
 -0.17261248E+000  0.12731894E+000  0.18604393E+001  0.46263162E+001
 -0.17261762E+000  0.12730855E+000  0.18602099E+001  0.46259746E+001
 -0.17261758E+000  0.12730692E+000  0.18600486E+001  0.46257284E+001
 -0.17261332E+000  0.12731243E+000  0.18599431E+001  0.46255643E+001
 -0.17260563E+000  0.12732376E+000  0.18598851E+001  0.46254691E+001
 -0.17259519E+000  0.12733984E+000  0.18598674E+001  0.46254318E+001
 -0.17258255E+000  0.12735976E+000  0.18598842E+001  0.46254433E+001
 -0.17256816E+000  0.12738281E+000  0.18599304E+001  0.46254960E+001
 -0.17255240E+000  0.12740837E+000  0.18600017E+001  0.46255836E+001
 -0.17253560E+000  0.12743596E+000  0.18600947E+001  0.46257009E+001
 -0.17251801E+000  0.12746517E+000  0.18602061E+001  0.46258435E+001
 -0.17249985E+000  0.12749566E+000  0.18603335E+001  0.46260079E+001
 -0.17248130E+000  0.12752715E+000  0.18604746E+001  0.46261910E+001
 -0.17246251E+000  0.12755940E+000  0.18606277E+001  0.46263904E+001
 -0.17244360E+000  0.12759223E+000  0.18607961E+001  0.46265988E+001
 -0.17242467E+000  0.12762545E+000  0.18609797E+001  0.46268137E+001
 -0.17240580E+000  0.12765894E+000  0.18611718E+001  0.46270390E+001
 -0.17238705E+000  0.12769257E+000  0.18613714E+001  0.46272736E+001
 -0.17236845E+000  0.12772624E+000  0.18615776E+001  0.46275168E+001
 -0.17235006E+000  0.12775986E+000  0.18617897E+001  0.46277678E+001
 -0.17233189E+000  0.12779338E+000  0.18620070E+001  0.46280261E+001
 -0.17231395E+000  0.12782671E+000  0.18622292E+001  0.46282913E+001
 -0.17229625E+000  0.12785983E+000  0.18624556E+001  0.46285631E+001
 -0.17227879E+000  0.12789268E+000  0.18626861E+001  0.46288411E+001
 -0.17226156E+000  0.12792524E+000  0.18629202E+001  0.46291253E+001
 -0.17224453E+000  0.12795748E+000  0.18631577E+001  0.46294155E+001
 -0.17222771E+000  0.12798938E+000  0.18633984E+001  0.46297116E+001
 -0.17221105E+000  0.12802095E+000  0.18636421E+001  0.46300137E+001
 -0.17219455E+000  0.12805217E+000  0.18638887E+001  0.46303216E+001
 -0.17217818E+000  0.12808304E+000  0.18641380E+001  0.46306353E+001
 -0.17216192E+000  0.12811357E+000  0.18643898E+001  0.46309548E+001
 -0.17214574E+000  0.12814377E+000  0.18646440E+001  0.46312802E+001
 -0.17212962E+000  0.12817364E+000  0.18649004E+001  0.46316113E+001
 -0.17211355E+000  0.12820319E+000  0.18651588E+001  0.46319480E+001
 -0.17209752E+000  0.12823242E+000  0.18654191E+001  0.46322904E+001
 -0.17208150E+000  0.12826135E+000  0.18656809E+001  0.46326382E+001
 -0.17206550E+000  0.12828996E+000  0.18659441E+001  0.46329914E+001
 -0.17204952E+000  0.12831825E+000  0.18662083E+001  0.46333497E+001
 -0.17203356E+000  0.12834623E+000  0.18664732E+001  0.46337128E+001
 -0.17201762E+000  0.12837387E+000  0.18667385E+001  0.46340806E+001
 -0.17200173E+000  0.12840115E+000  0.18670038E+001  0.46344526E+001
 -0.17198589E+000  0.12842806E+000  0.18672686E+001  0.46348285E+001
 -0.17197012E+000  0.12845456E+000  0.18675326E+001  0.46352079E+001
 -0.17195445E+000  0.12848064E+000  0.18677954E+001  0.46355901E+001
 -0.17193890E+000  0.12850624E+000  0.18680563E+001  0.46359748E+001
 -0.17192351E+000  0.12853134E+000  0.18683152E+001  0.46363613E+001
 -0.17190829E+000  0.12855590E+000  0.18685713E+001  0.46367489E+001
 -0.17189328E+000  0.12857987E+000  0.18688244E+001  0.46371370E+001
 -0.17187850E+000  0.12860323E+000  0.18690740E+001  0.46375249E+001
 -0.17186399E+000  0.12862593E+000  0.18693197E+001  0.46379119E+001
 -0.17184977E+000  0.12864794E+000  0.18695611E+001  0.46382972E+001
 -0.17183585E+000  0.12866923E+000  0.18697978E+001  0.46386799E+001
 -0.17182227E+000  0.12868978E+000  0.18700295E+001  0.46390594E+001
 -0.17180904E+000  0.12870957E+000  0.18702560E+001  0.46394349E+001
 -0.17179617E+000  0.12872859E+000  0.18704769E+001  0.46398055E+001
 -0.17178367E+000  0.12874683E+000  0.18706922E+001  0.46401705E+001
 -0.17177156E+000  0.12876429E+000  0.18709015E+001  0.46405292E+001
 -0.17175983E+000  0.12878098E+000  0.18711048E+001  0.46408808E+001
 -0.17174850E+000  0.12879691E+000  0.18713019E+001  0.46412246E+001
 -0.17173755E+000  0.12881209E+000  0.18714928E+001  0.46415600E+001
 -0.17172699E+000  0.12882655E+000  0.18716775E+001  0.46418864E+001
 -0.17171682E+000  0.12884031E+000  0.18718559E+001  0.46422031E+001
 -0.17170704E+000  0.12885339E+000  0.18720280E+001  0.46425097E+001
 -0.17169763E+000  0.12886581E+000  0.18721938E+001  0.46428055E+001
 -0.17168860E+000  0.12887761E+000  0.18723533E+001  0.46430902E+001
 -0.17167994E+000  0.12888881E+000  0.18725066E+001  0.46433634E+001
 -0.17167165E+000  0.12889943E+000  0.18726537E+001  0.46436248E+001
 -0.17166372E+000  0.12890949E+000  0.18727946E+001  0.46438739E+001
 -0.17165616E+000  0.12891902E+000  0.18729293E+001  0.46441107E+001
 -0.17164897E+000  0.12892803E+000  0.18730580E+001  0.46443349E+001
 -0.17164213E+000  0.12893653E+000  0.18731806E+001  0.46445463E+001
 -0.17163566E+000  0.12894454E+000  0.18732972E+001  0.46447450E+001
 -0.17162955E+000  0.12895208E+000  0.18734079E+001  0.46449309E+001
 -0.17162379E+000  0.12895915E+000  0.18735127E+001  0.46451041E+001
 -0.17161839E+000  0.12896577E+000  0.18736117E+001  0.46452645E+001
 -0.17161335E+000  0.12897195E+000  0.18737051E+001  0.46454125E+001
 -0.17160865E+000  0.12897769E+000  0.18737929E+001  0.46455481E+001
 -0.17160431E+000  0.12898301E+000  0.18738753E+001  0.46456715E+001
 -0.17160030E+000  0.12898792E+000  0.18739523E+001  0.46457831E+001
 -0.17159664E+000  0.12899243E+000  0.18740242E+001  0.46458831E+001
 -0.17159330E+000  0.12899654E+000  0.18740910E+001  0.46459718E+001
 -0.17159028E+000  0.12900028E+000  0.18741529E+001  0.46460496E+001
 -0.17158758E+000  0.12900365E+000  0.18742102E+001  0.46461168E+001
 -0.17158519E+000  0.12900666E+000  0.18742629E+001  0.46461738E+001
 -0.17158308E+000  0.12900934E+000  0.18743113E+001  0.46462210E+001
 -0.17158126E+000  0.12901170E+000  0.18743556E+001  0.46462589E+001
 -0.17157971E+000  0.12901374E+000  0.18743959E+001  0.46462878E+001
 -0.17157841E+000  0.12901550E+000  0.18744325E+001  0.46463081E+001
 -0.17157736E+000  0.12901697E+000  0.18744656E+001  0.46463204E+001
 -0.17157654E+000  0.12901819E+000  0.18744954E+001  0.46463250E+001
 -0.17157594E+000  0.12901917E+000  0.18745221E+001  0.46463223E+001
 -0.17157553E+000  0.12901992E+000  0.18745459E+001  0.46463129E+001
 -0.17157532E+000  0.12902047E+000  0.18745670E+001  0.46462971E+001
 -0.17157528E+000  0.12902082E+000  0.18745857E+001  0.46462754E+001
 -0.17157539E+000  0.12902100E+000  0.18746022E+001  0.46462482E+001
 -0.17157565E+000  0.12902102E+000  0.18746167E+001  0.46462160E+001
 -0.17157605E+000  0.12902090E+000  0.18746293E+001  0.46461790E+001
 -0.17157656E+000  0.12902065E+000  0.18746403E+001  0.46461379E+001
 -0.17157718E+000  0.12902029E+000  0.18746498E+001  0.46460928E+001
 -0.17157789E+000  0.12901983E+000  0.18746581E+001  0.46460443E+001
 -0.17157869E+000  0.12901928E+000  0.18746652E+001  0.46459927E+001
 -0.17157955E+000  0.12901866E+000  0.18746715E+001  0.46459383E+001
 -0.17158048E+000  0.12901797E+000  0.18746769E+001  0.46458816E+001
 -0.17158146E+000  0.12901724E+000  0.18746818E+001  0.46458227E+001
 -0.17158247E+000  0.12901646E+000  0.18746861E+001  0.46457622E+001
 -0.17158352E+000  0.12901565E+000  0.18746901E+001  0.46457003E+001
 -0.17158459E+000  0.12901482E+000  0.18746939E+001  0.46456373E+001
 -0.17158567E+000  0.12901398E+000  0.18746975E+001  0.46455734E+001
 -0.17158675E+000  0.12901314E+000  0.18747012E+001  0.46455091E+001
 -0.17158783E+000  0.12901231E+000  0.18747050E+001  0.46454445E+001
 -0.17158890E+000  0.12901149E+000  0.18747090E+001  0.46453799E+001
 -0.17158994E+000  0.12901070E+000  0.18747133E+001  0.46453156E+001
 -0.17159096E+000  0.12900993E+000  0.18747179E+001  0.46452518E+001
 -0.17159195E+000  0.12900920E+000  0.18747230E+001  0.46451887E+001
 -0.17159290E+000  0.12900851E+000  0.18747286E+001  0.46451266E+001
 -0.17159380E+000  0.12900786E+000  0.18747347E+001  0.46450656E+001
 -0.17159466E+000  0.12900727E+000  0.18747414E+001  0.46450059E+001
 -0.17159546E+000  0.12900674E+000  0.18747487E+001  0.46449476E+001
 -0.17159621E+000  0.12900626E+000  0.18747567E+001  0.46448910E+001
 -0.17159690E+000  0.12900584E+000  0.18747653E+001  0.46448362E+001
 -0.17159753E+000  0.12900549E+000  0.18747747E+001  0.46447832E+001
 -0.17159809E+000  0.12900521E+000  0.18747847E+001  0.46447323E+001
 -0.17159859E+000  0.12900500E+000  0.18747954E+001  0.46446834E+001
 -0.17159903E+000  0.12900485E+000  0.18748068E+001  0.46446367E+001
 -0.17159939E+000  0.12900477E+000  0.18748188E+001  0.46445922E+001
 -0.17159970E+000  0.12900476E+000  0.18748315E+001  0.46445499E+001
 -0.17159993E+000  0.12900481E+000  0.18748447E+001  0.46445100E+001
 -0.17160010E+000  0.12900494E+000  0.18748586E+001  0.46444724E+001
 -0.17160021E+000  0.12900512E+000  0.18748729E+001  0.46444372E+001
 -0.17160026E+000  0.12900537E+000  0.18748878E+001  0.46444043E+001
 -0.17160025E+000  0.12900567E+000  0.18749031E+001  0.46443737E+001
 -0.17160018E+000  0.12900603E+000  0.18749188E+001  0.46443454E+001
 -0.17160006E+000  0.12900645E+000  0.18749349E+001  0.46443193E+001
 -0.17159988E+000  0.12900691E+000  0.18749513E+001  0.46442954E+001
 -0.17159966E+000  0.12900743E+000  0.18749679E+001  0.46442737E+001
 -0.17159940E+000  0.12900798E+000  0.18749847E+001  0.46442541E+001
 -0.17159909E+000  0.12900857E+000  0.18750017E+001  0.46442365E+001
 -0.17159874E+000  0.12900920E+000  0.18750187E+001  0.46442208E+001
 -0.17159837E+000  0.12900985E+000  0.18750358E+001  0.46442070E+001
 -0.17159796E+000  0.12901053E+000  0.18750529E+001  0.46441949E+001
 -0.17159752E+000  0.12901124E+000  0.18750699E+001  0.46441846E+001
 -0.17159707E+000  0.12901196E+000  0.18750868E+001  0.46441758E+001
 -0.17159659E+000  0.12901269E+000  0.18751035E+001  0.46441685E+001
 -0.17159610E+000  0.12901344E+000  0.18751199E+001  0.46441626E+001
 -0.17159560E+000  0.12901419E+000  0.18751362E+001  0.46441579E+001
 -0.17159509E+000  0.12901494E+000  0.18751521E+001  0.46441545E+001
 -0.17159458E+000  0.12901569E+000  0.18751676E+001  0.46441522E+001
 -0.17159406E+000  0.12901643E+000  0.18751828E+001  0.46441510E+001
 -0.17159356E+000  0.12901716E+000  0.18751975E+001  0.46441506E+001
 -0.17159305E+000  0.12901788E+000  0.18752118E+001  0.46441511E+001
 -0.17159256E+000  0.12901858E+000  0.18752256E+001  0.46441523E+001
 -0.17159208E+000  0.12901927E+000  0.18752388E+001  0.46441542E+001
 -0.17159161E+000  0.12901993E+000  0.18752515E+001  0.46441567E+001
 -0.17159116E+000  0.12902057E+000  0.18752636E+001  0.46441597E+001
 -0.17159074E+000  0.12902118E+000  0.18752751E+001  0.46441632E+001
 -0.17159033E+000  0.12902176E+000  0.18752860E+001  0.46441671E+001
 -0.17158995E+000  0.12902231E+000  0.18752962E+001  0.46441714E+001
 -0.17158960E+000  0.12902283E+000  0.18753057E+001  0.46441760E+001
 -0.17158928E+000  0.12902331E+000  0.18753145E+001  0.46441810E+001
 -0.17158899E+000  0.12902376E+000  0.18753226E+001  0.46441861E+001
 -0.17158873E+000  0.12902416E+000  0.18753300E+001  0.46441916E+001
 -0.17158851E+000  0.12902453E+000  0.18753366E+001  0.46441972E+001
 -0.17158832E+000  0.12902486E+000  0.18753424E+001  0.46442032E+001
 -0.17158817E+000  0.12902514E+000  0.18753474E+001  0.46442094E+001
 -0.17158806E+000  0.12902538E+000  0.18753515E+001  0.46442159E+001
 -0.17158799E+000  0.12902558E+000  0.18753548E+001  0.46442227E+001
 -0.17158796E+000  0.12902573E+000  0.18753571E+001  0.46442299E+001
 -0.17158798E+000  0.12902583E+000  0.18753586E+001  0.46442376E+001
 -0.17158804E+000  0.12902588E+000  0.18753590E+001  0.46442458E+001
 -0.17158815E+000  0.12902588E+000  0.18753584E+001  0.46442546E+001
 -0.17158830E+000  0.12902583E+000  0.18753566E+001  0.46442641E+001
 -0.17158851E+000  0.12902572E+000  0.18753537E+001  0.46442744E+001
 -0.17158877E+000  0.12902555E+000  0.18753495E+001  0.46442857E+001
 -0.17158909E+000  0.12902531E+000  0.18753439E+001  0.46442981E+001
 -0.17158947E+000  0.12902500E+000  0.18753367E+001  0.46443117E+001
 -0.17158993E+000  0.12902459E+000  0.18753278E+001  0.46443267E+001
 -0.17159047E+000  0.12902409E+000  0.18753171E+001  0.46443432E+001
 -0.17159110E+000  0.12902348E+000  0.18753042E+001  0.46443614E+001
 -0.17159181E+000  0.12902275E+000  0.18752890E+001  0.46443816E+001
 -0.17159258E+000  0.12902193E+000  0.18752715E+001  0.46444041E+001
 -0.17159336E+000  0.12902107E+000  0.18752517E+001  0.46444294E+001
 -0.17159411E+000  0.12902025E+000  0.18752297E+001  0.46444582E+001
 -0.17159481E+000  0.12901950E+000  0.18752052E+001  0.46444908E+001
 -0.17159563E+000  0.12901862E+000  0.18751768E+001  0.46445269E+001
 -0.17159711E+000  0.12901701E+000  0.18751411E+001  0.46445639E+001
 -0.17160013E+000  0.12901338E+000  0.18750910E+001  0.46445977E+001
 -0.17160494E+000  0.12900720E+000  0.18750240E+001  0.46446227E+001
 -0.17160999E+000  0.12899954E+000  0.18749425E+001  0.46446566E+001
 -0.17161429E+000  0.12899496E+000  0.18748890E+001  0.46447235E+001
