 -0.52254128E-001
 -0.52341540E-001
 -0.52410587E-001
 -0.52464699E-001
 -0.52506678E-001
 -0.52538825E-001
 -0.52562990E-001
 -0.52580679E-001
 -0.52593117E-001
 -0.52601293E-001
 -0.52606025E-001
 -0.52608014E-001
 -0.52607802E-001
 -0.52605830E-001
 -0.52602461E-001
 -0.52597991E-001
 -0.52592663E-001
 -0.52586679E-001
 -0.52580202E-001
 -0.52573365E-001
 -0.52566274E-001
 -0.52559018E-001
 -0.52551669E-001
 -0.52544286E-001
 -0.52536916E-001
 -0.52529597E-001
 -0.52522358E-001
 -0.52515223E-001
 -0.52508208E-001
 -0.52501326E-001
 -0.52494585E-001
 -0.52487988E-001
 -0.52481536E-001
 -0.52475228E-001
 -0.52469058E-001
 -0.52463021E-001
 -0.52457109E-001
 -0.52451311E-001
 -0.52445620E-001
 -0.52440023E-001
 -0.52434510E-001
 -0.52429070E-001
 -0.52423694E-001
 -0.52418373E-001
 -0.52413097E-001
 -0.52407860E-001
 -0.52402657E-001
 -0.52397482E-001
 -0.52392335E-001
 -0.52387213E-001
 -0.52382118E-001
 -0.52377051E-001
 -0.52372016E-001
 -0.52367018E-001
 -0.52362062E-001
 -0.52357156E-001
 -0.52352305E-001
 -0.52347518E-001
 -0.52342803E-001
 -0.52338166E-001
 -0.52333616E-001
 -0.52329159E-001
 -0.52324801E-001
 -0.52320547E-001
 -0.52316402E-001
 -0.52312369E-001
 -0.52308450E-001
 -0.52304649E-001
 -0.52300965E-001
 -0.52297399E-001
 -0.52293951E-001
 -0.52290619E-001
 -0.52287405E-001
 -0.52284306E-001
 -0.52281321E-001
 -0.52278451E-001
 -0.52275695E-001
 -0.52273052E-001
 -0.52270523E-001
 -0.52268108E-001
 -0.52265808E-001
 -0.52263622E-001
 -0.52261552E-001
 -0.52259597E-001
 -0.52257759E-001
 -0.52256038E-001
 -0.52254432E-001
 -0.52252942E-001
 -0.52251567E-001
 -0.52250305E-001
 -0.52249156E-001
 -0.52248116E-001
 -0.52247184E-001
 -0.52246356E-001
 -0.52245630E-001
 -0.52245002E-001
 -0.52244467E-001
 -0.52244023E-001
 -0.52243665E-001
 -0.52243388E-001
 -0.52243188E-001
 -0.52243059E-001
 -0.52242997E-001
 -0.52242997E-001
 -0.52243055E-001
 -0.52243165E-001
 -0.52243323E-001
 -0.52243524E-001
 -0.52243764E-001
 -0.52244038E-001
 -0.52244343E-001
 -0.52244675E-001
 -0.52245029E-001
 -0.52245401E-001
 -0.52245789E-001
 -0.52246189E-001
 -0.52246598E-001
 -0.52247012E-001
 -0.52247428E-001
 -0.52247844E-001
 -0.52248256E-001
 -0.52248663E-001
 -0.52249062E-001
 -0.52249450E-001
 -0.52249825E-001
 -0.52250186E-001
 -0.52250530E-001
 -0.52250857E-001
 -0.52251164E-001
 -0.52251451E-001
 -0.52251716E-001
 -0.52251960E-001
 -0.52252180E-001
 -0.52252378E-001
 -0.52252551E-001
 -0.52252702E-001
 -0.52252828E-001
 -0.52252931E-001
 -0.52253012E-001
 -0.52253069E-001
 -0.52253105E-001
 -0.52253120E-001
 -0.52253114E-001
 -0.52253089E-001
 -0.52253046E-001
 -0.52252985E-001
 -0.52252908E-001
 -0.52252816E-001
 -0.52252710E-001
 -0.52252591E-001
 -0.52252461E-001
 -0.52252321E-001
 -0.52252172E-001
 -0.52252016E-001
 -0.52251853E-001
 -0.52251685E-001
 -0.52251514E-001
 -0.52251339E-001
 -0.52251163E-001
 -0.52250986E-001
 -0.52250810E-001
 -0.52250635E-001
 -0.52250463E-001
 -0.52250294E-001
 -0.52250128E-001
 -0.52249968E-001
 -0.52249813E-001
 -0.52249663E-001
 -0.52249521E-001
 -0.52249385E-001
 -0.52249256E-001
 -0.52249136E-001
 -0.52249023E-001
 -0.52248919E-001
 -0.52248824E-001
 -0.52248737E-001
 -0.52248659E-001
 -0.52248590E-001
 -0.52248530E-001
 -0.52248478E-001
 -0.52248436E-001
 -0.52248403E-001
 -0.52248379E-001
 -0.52248365E-001
 -0.52248362E-001
 -0.52248371E-001
 -0.52248394E-001
 -0.52248433E-001
 -0.52248491E-001
 -0.52248563E-001
 -0.52248644E-001
 -0.52248716E-001
 -0.52248761E-001
 -0.52248773E-001
 -0.52248802E-001
 -0.52249009E-001
 -0.52249667E-001
 -0.52250854E-001
 -0.52252037E-001
 -0.52252930E-001
