  0.16717354E+001
  0.16698331E+001
  0.16683271E+001
  0.16671159E+001
  0.16661352E+001
  0.16653397E+001
  0.16646952E+001
  0.16641754E+001
  0.16637591E+001
  0.16634289E+001
  0.16631710E+001
  0.16629734E+001
  0.16628265E+001
  0.16627223E+001
  0.16626540E+001
  0.16626159E+001
  0.16626035E+001
  0.16626127E+001
  0.16626403E+001
  0.16626835E+001
  0.16627401E+001
  0.16628081E+001
  0.16628858E+001
  0.16629720E+001
  0.16630655E+001
  0.16631654E+001
  0.16632708E+001
  0.16633811E+001
  0.16634957E+001
  0.16636142E+001
  0.16637363E+001
  0.16638615E+001
  0.16639897E+001
  0.16641206E+001
  0.16642542E+001
  0.16643902E+001
  0.16645285E+001
  0.16646691E+001
  0.16648119E+001
  0.16649568E+001
  0.16651039E+001
  0.16652530E+001
  0.16654041E+001
  0.16655571E+001
  0.16657121E+001
  0.16658688E+001
  0.16660273E+001
  0.16661873E+001
  0.16663489E+001
  0.16665118E+001
  0.16666758E+001
  0.16668409E+001
  0.16670067E+001
  0.16671731E+001
  0.16673398E+001
  0.16675066E+001
  0.16676732E+001
  0.16678393E+001
  0.16680047E+001
  0.16681690E+001
  0.16683319E+001
  0.16684931E+001
  0.16686524E+001
  0.16688095E+001
  0.16689641E+001
  0.16691159E+001
  0.16692648E+001
  0.16694104E+001
  0.16695525E+001
  0.16696910E+001
  0.16698257E+001
  0.16699563E+001
  0.16700829E+001
  0.16702052E+001
  0.16703231E+001
  0.16704365E+001
  0.16705453E+001
  0.16706495E+001
  0.16707490E+001
  0.16708437E+001
  0.16709336E+001
  0.16710188E+001
  0.16710992E+001
  0.16711748E+001
  0.16712456E+001
  0.16713118E+001
  0.16713733E+001
  0.16714303E+001
  0.16714828E+001
  0.16715309E+001
  0.16715748E+001
  0.16716145E+001
  0.16716502E+001
  0.16716820E+001
  0.16717100E+001
  0.16717345E+001
  0.16717555E+001
  0.16717733E+001
  0.16717879E+001
  0.16717996E+001
  0.16718085E+001
  0.16718148E+001
  0.16718186E+001
  0.16718202E+001
  0.16718196E+001
  0.16718170E+001
  0.16718127E+001
  0.16718067E+001
  0.16717992E+001
  0.16717903E+001
  0.16717803E+001
  0.16717692E+001
  0.16717571E+001
  0.16717442E+001
  0.16717307E+001
  0.16717166E+001
  0.16717021E+001
  0.16716872E+001
  0.16716721E+001
  0.16716569E+001
  0.16716416E+001
  0.16716264E+001
  0.16716113E+001
  0.16715965E+001
  0.16715819E+001
  0.16715677E+001
  0.16715540E+001
  0.16715407E+001
  0.16715279E+001
  0.16715157E+001
  0.16715042E+001
  0.16714933E+001
  0.16714831E+001
  0.16714735E+001
  0.16714647E+001
  0.16714566E+001
  0.16714493E+001
  0.16714427E+001
  0.16714368E+001
  0.16714317E+001
  0.16714273E+001
  0.16714235E+001
  0.16714205E+001
  0.16714181E+001
  0.16714163E+001
  0.16714152E+001
  0.16714146E+001
  0.16714146E+001
  0.16714151E+001
  0.16714160E+001
  0.16714174E+001
  0.16714192E+001
  0.16714214E+001
  0.16714239E+001
  0.16714267E+001
  0.16714297E+001
  0.16714330E+001
  0.16714364E+001
  0.16714401E+001
  0.16714438E+001
  0.16714476E+001
  0.16714515E+001
  0.16714554E+001
  0.16714593E+001
  0.16714632E+001
  0.16714670E+001
  0.16714708E+001
  0.16714745E+001
  0.16714781E+001
  0.16714816E+001
  0.16714850E+001
  0.16714882E+001
  0.16714913E+001
  0.16714943E+001
  0.16714971E+001
  0.16714998E+001
  0.16715023E+001
  0.16715047E+001
  0.16715069E+001
  0.16715090E+001
  0.16715110E+001
  0.16715128E+001
  0.16715146E+001
  0.16715162E+001
  0.16715178E+001
  0.16715192E+001
  0.16715206E+001
  0.16715218E+001
  0.16715228E+001
  0.16715238E+001
  0.16715247E+001
  0.16715258E+001
  0.16715271E+001
  0.16715288E+001
  0.16715303E+001
  0.16715301E+001
  0.16715250E+001
  0.16715130E+001
  0.16714991E+001
  0.16715011E+001
