  0.11486151E+001
  0.11481674E+001
  0.11478718E+001
  0.11476501E+001
  0.11474752E+001
  0.11473338E+001
  0.11472179E+001
  0.11471221E+001
  0.11470429E+001
  0.11469771E+001
  0.11469227E+001
  0.11468777E+001
  0.11468406E+001
  0.11468101E+001
  0.11467851E+001
  0.11467648E+001
  0.11467484E+001
  0.11467353E+001
  0.11467251E+001
  0.11467172E+001
  0.11467113E+001
  0.11467071E+001
  0.11467043E+001
  0.11467027E+001
  0.11467021E+001
  0.11467024E+001
  0.11467033E+001
  0.11467048E+001
  0.11467068E+001
  0.11467092E+001
  0.11467119E+001
  0.11467148E+001
  0.11467179E+001
  0.11467212E+001
  0.11467246E+001
  0.11467281E+001
  0.11467317E+001
  0.11467353E+001
  0.11467390E+001
  0.11467427E+001
  0.11467464E+001
  0.11467502E+001
  0.11467540E+001
  0.11467578E+001
  0.11467616E+001
  0.11467655E+001
  0.11467694E+001
  0.11467733E+001
  0.11467772E+001
  0.11467812E+001
  0.11467853E+001
  0.11467893E+001
  0.11467934E+001
  0.11467976E+001
  0.11468017E+001
  0.11468059E+001
  0.11468101E+001
  0.11468144E+001
  0.11468186E+001
  0.11468228E+001
  0.11468270E+001
  0.11468312E+001
  0.11468354E+001
  0.11468395E+001
  0.11468436E+001
  0.11468477E+001
  0.11468516E+001
  0.11468555E+001
  0.11468594E+001
  0.11468632E+001
  0.11468669E+001
  0.11468705E+001
  0.11468740E+001
  0.11468775E+001
  0.11468809E+001
  0.11468842E+001
  0.11468874E+001
  0.11468905E+001
  0.11468936E+001
  0.11468966E+001
  0.11468995E+001
  0.11469023E+001
  0.11469051E+001
  0.11469078E+001
  0.11469104E+001
  0.11469130E+001
  0.11469155E+001
  0.11469179E+001
  0.11469202E+001
  0.11469225E+001
  0.11469247E+001
  0.11469269E+001
  0.11469290E+001
  0.11469310E+001
  0.11469330E+001
  0.11469349E+001
  0.11469368E+001
  0.11469386E+001
  0.11469404E+001
  0.11469421E+001
  0.11469438E+001
  0.11469455E+001
  0.11469471E+001
  0.11469487E+001
  0.11469502E+001
  0.11469518E+001
  0.11469532E+001
  0.11469547E+001
  0.11469562E+001
  0.11469576E+001
  0.11469590E+001
  0.11469604E+001
  0.11469618E+001
  0.11469631E+001
  0.11469645E+001
  0.11469658E+001
  0.11469672E+001
  0.11469685E+001
  0.11469698E+001
  0.11469712E+001
  0.11469725E+001
  0.11469738E+001
  0.11469752E+001
  0.11469765E+001
  0.11469778E+001
  0.11469792E+001
  0.11469805E+001
  0.11469819E+001
  0.11469832E+001
  0.11469846E+001
  0.11469860E+001
  0.11469874E+001
  0.11469888E+001
  0.11469902E+001
  0.11469916E+001
  0.11469930E+001
  0.11469944E+001
  0.11469959E+001
  0.11469973E+001
  0.11469988E+001
  0.11470002E+001
  0.11470017E+001
  0.11470032E+001
  0.11470047E+001
  0.11470062E+001
  0.11470077E+001
  0.11470092E+001
  0.11470107E+001
  0.11470122E+001
  0.11470138E+001
  0.11470153E+001
  0.11470168E+001
  0.11470183E+001
  0.11470199E+001
  0.11470214E+001
  0.11470229E+001
  0.11470244E+001
  0.11470259E+001
  0.11470274E+001
  0.11470289E+001
  0.11470304E+001
  0.11470319E+001
  0.11470334E+001
  0.11470349E+001
  0.11470363E+001
  0.11470378E+001
  0.11470392E+001
  0.11470407E+001
  0.11470421E+001
  0.11470435E+001
  0.11470449E+001
  0.11470462E+001
  0.11470476E+001
  0.11470489E+001
  0.11470503E+001
  0.11470516E+001
  0.11470529E+001
  0.11470542E+001
  0.11470554E+001
  0.11470567E+001
  0.11470579E+001
  0.11470591E+001
  0.11470603E+001
  0.11470615E+001
  0.11470626E+001
  0.11470638E+001
  0.11470649E+001
  0.11470661E+001
  0.11470672E+001
  0.11470682E+001
  0.11470692E+001
  0.11470702E+001
  0.11470712E+001
  0.11470722E+001
  0.11470734E+001
  0.11470749E+001
  0.11470765E+001
  0.11470773E+001
  0.11470776E+001
  0.11470940E+001
