  0.59870860E+000
  0.59898622E+000
  0.59909294E+000
  0.59911447E+000
  0.59908738E+000
  0.59903676E+000
  0.59897287E+000
  0.59890182E+000
  0.59882730E+000
  0.59875047E+000
  0.59867226E+000
  0.59859673E+000
  0.59852468E+000
  0.59845611E+000
  0.59839103E+000
  0.59832940E+000
  0.59827117E+000
  0.59821623E+000
  0.59816446E+000
  0.59811576E+000
  0.59807002E+000
  0.59802712E+000
  0.59798691E+000
  0.59794925E+000
  0.59791401E+000
  0.59788106E+000
  0.59785027E+000
  0.59782151E+000
  0.59779468E+000
  0.59776966E+000
  0.59774634E+000
  0.59772462E+000
  0.59770440E+000
  0.59768559E+000
  0.59766810E+000
  0.59765184E+000
  0.59763673E+000
  0.59762268E+000
  0.59760960E+000
  0.59759743E+000
  0.59758608E+000
  0.59757548E+000
  0.59756556E+000
  0.59755625E+000
  0.59754749E+000
  0.59753923E+000
  0.59753141E+000
  0.59752399E+000
  0.59751692E+000
  0.59751018E+000
  0.59750372E+000
  0.59749753E+000
  0.59749159E+000
  0.59748588E+000
  0.59748038E+000
  0.59747509E+000
  0.59747001E+000
  0.59746512E+000
  0.59746041E+000
  0.59745590E+000
  0.59745156E+000
  0.59744740E+000
  0.59744341E+000
  0.59743958E+000
  0.59743590E+000
  0.59743237E+000
  0.59742899E+000
  0.59742573E+000
  0.59742259E+000
  0.59741956E+000
  0.59741664E+000
  0.59741381E+000
  0.59741108E+000
  0.59740843E+000
  0.59740586E+000
  0.59740337E+000
  0.59740096E+000
  0.59739863E+000
  0.59739639E+000
  0.59739422E+000
  0.59739215E+000
  0.59739017E+000
  0.59738828E+000
  0.59738649E+000
  0.59738481E+000
  0.59738324E+000
  0.59738178E+000
  0.59738043E+000
  0.59737920E+000
  0.59737808E+000
  0.59737709E+000
  0.59737620E+000
  0.59737544E+000
  0.59737478E+000
  0.59737423E+000
  0.59737380E+000
  0.59737346E+000
  0.59737322E+000
  0.59737307E+000
  0.59737301E+000
  0.59737304E+000
  0.59737314E+000
  0.59737331E+000
  0.59737355E+000
  0.59737385E+000
  0.59737421E+000
  0.59737462E+000
  0.59737507E+000
  0.59737556E+000
  0.59737609E+000
  0.59737665E+000
  0.59737724E+000
  0.59737785E+000
  0.59737847E+000
  0.59737912E+000
  0.59737977E+000
  0.59738043E+000
  0.59738110E+000
  0.59738177E+000
  0.59738243E+000
  0.59738309E+000
  0.59738373E+000
  0.59738437E+000
  0.59738499E+000
  0.59738559E+000
  0.59738618E+000
  0.59738674E+000
  0.59738729E+000
  0.59738780E+000
  0.59738829E+000
  0.59738876E+000
  0.59738919E+000
  0.59738960E+000
  0.59738997E+000
  0.59739032E+000
  0.59739063E+000
  0.59739092E+000
  0.59739118E+000
  0.59739140E+000
  0.59739160E+000
  0.59739176E+000
  0.59739190E+000
  0.59739201E+000
  0.59739210E+000
  0.59739216E+000
  0.59739219E+000
  0.59739220E+000
  0.59739219E+000
  0.59739216E+000
  0.59739211E+000
  0.59739204E+000
  0.59739196E+000
  0.59739186E+000
  0.59739174E+000
  0.59739161E+000
  0.59739147E+000
  0.59739132E+000
  0.59739117E+000
  0.59739100E+000
  0.59739083E+000
  0.59739065E+000
  0.59739046E+000
  0.59739028E+000
  0.59739009E+000
  0.59738989E+000
  0.59738970E+000
  0.59738950E+000
  0.59738931E+000
  0.59738911E+000
  0.59738892E+000
  0.59738872E+000
  0.59738853E+000
  0.59738834E+000
  0.59738815E+000
  0.59738796E+000
  0.59738777E+000
  0.59738759E+000
  0.59738740E+000
  0.59738722E+000
  0.59738703E+000
  0.59738685E+000
  0.59738667E+000
  0.59738649E+000
  0.59738631E+000
  0.59738613E+000
  0.59738596E+000
  0.59738579E+000
  0.59738564E+000
  0.59738549E+000
  0.59738534E+000
  0.59738518E+000
  0.59738498E+000
  0.59738472E+000
  0.59738440E+000
  0.59738414E+000
  0.59738424E+000
  0.59738494E+000
  0.59738591E+000
  0.59738723E+000
  0.59740200E+000
