  0.65594616E+000  0.85436687E+000  0.94813290E+000  0.21360146E+001
  0.65516028E+000  0.85420299E+000  0.94823794E+000  0.21350687E+001
  0.65437772E+000  0.85433575E+000  0.94833202E+000  0.21344419E+001
  0.65386811E+000  0.85429488E+000  0.94845322E+000  0.21339845E+001
  0.65365492E+000  0.85394855E+000  0.94857176E+000  0.21337257E+001
  0.65298437E+000  0.85416558E+000  0.94872017E+000  0.21334655E+001
  0.65271484E+000  0.85412669E+000  0.94877421E+000  0.21332563E+001
  0.65261214E+000  0.85385901E+000  0.94892104E+000  0.21330967E+001
  0.65248751E+000  0.85381986E+000  0.94881691E+000  0.21330475E+001
  0.65237678E+000  0.85372528E+000  0.94886067E+000  0.21329460E+001
  0.65161459E+000  0.85419339E+000  0.94897316E+000  0.21329099E+001
  0.65145383E+000  0.85416412E+000  0.94899254E+000  0.21329006E+001
  0.65106341E+000  0.85449420E+000  0.94896414E+000  0.21328409E+001
  0.65075396E+000  0.85475275E+000  0.94894152E+000  0.21327923E+001
  0.65053504E+000  0.85488974E+000  0.94895287E+000  0.21327629E+001
  0.65051444E+000  0.85486467E+000  0.94894802E+000  0.21327321E+001
  0.65027263E+000  0.85507454E+000  0.94892151E+000  0.21327251E+001
  0.65024379E+000  0.85508137E+000  0.94891117E+000  0.21327052E+001
  0.64995267E+000  0.85535510E+000  0.94890296E+000  0.21326898E+001
  0.64994527E+000  0.85518214E+000  0.94906107E+000  0.21326805E+001
  0.64992400E+000  0.85518470E+000  0.94906477E+000  0.21326720E+001
  0.64992054E+000  0.85515961E+000  0.94908242E+000  0.21326661E+001
  0.64951258E+000  0.85553478E+000  0.94910782E+000  0.21326624E+001
  0.64951201E+000  0.85553266E+000  0.94910607E+000  0.21326604E+001
  0.64951257E+000  0.85552993E+000  0.94910631E+000  0.21326600E+001
  0.64950867E+000  0.85553442E+000  0.94910590E+000  0.21326608E+001
  0.64951101E+000  0.85550884E+000  0.94913107E+000  0.21326626E+001
  0.64951405E+000  0.85550873E+000  0.94913156E+000  0.21326653E+001
  0.64951767E+000  0.85550892E+000  0.94913238E+000  0.21326686E+001
  0.64952180E+000  0.85550296E+000  0.94913986E+000  0.21326724E+001
  0.64952634E+000  0.85550361E+000  0.94914114E+000  0.21326767E+001
  0.64909691E+000  0.85593875E+000  0.94914257E+000  0.21326813E+001
  0.64910202E+000  0.85593977E+000  0.94914412E+000  0.21326861E+001
  0.64910738E+000  0.85594090E+000  0.94914574E+000  0.21326911E+001
  0.64911090E+000  0.85594416E+000  0.94914743E+000  0.21326963E+001
  0.64911662E+000  0.85594544E+000  0.94914916E+000  0.21327016E+001
  0.64912247E+000  0.85594677E+000  0.94915092E+000  0.21327069E+001
  0.64912843E+000  0.85594815E+000  0.94915269E+000  0.21327123E+001
  0.64913448E+000  0.85594955E+000  0.94915447E+000  0.21327178E+001
  0.64914060E+000  0.85595098E+000  0.94915626E+000  0.21327233E+001
  0.64914677E+000  0.85595242E+000  0.94915806E+000  0.21327288E+001
  0.64915299E+000  0.85595388E+000  0.94915987E+000  0.21327343E+001
  0.64915925E+000  0.85595536E+000  0.94916169E+000  0.21327398E+001
  0.64916553E+000  0.85595684E+000  0.94916354E+000  0.21327454E+001
  0.64917183E+000  0.85593101E+000  0.94919275E+000  0.21327511E+001
  0.64917814E+000  0.85593252E+000  0.94919467E+000  0.21327568E+001
  0.64918446E+000  0.85593404E+000  0.94919662E+000  0.21327625E+001
  0.64919078E+000  0.85593558E+000  0.94919863E+000  0.21327684E+001
  0.64919709E+000  0.85593714E+000  0.94920068E+000  0.21327743E+001
  0.64920338E+000  0.85593870E+000  0.94920280E+000  0.21327803E+001
  0.64920965E+000  0.85594029E+000  0.94920498E+000  0.21327864E+001
  0.64921589E+000  0.85594189E+000  0.94920722E+000  0.21327926E+001
  0.64922209E+000  0.85594350E+000  0.94920954E+000  0.21327989E+001
  0.64922825E+000  0.85594511E+000  0.94921192E+000  0.21328053E+001
  0.64923434E+000  0.85594674E+000  0.94921437E+000  0.21328118E+001
  0.64924022E+000  0.85594851E+000  0.94921689E+000  0.21328183E+001
  0.64924617E+000  0.85595014E+000  0.94921948E+000  0.21328250E+001
  0.64925203E+000  0.85595177E+000  0.94922212E+000  0.21328318E+001
  0.64892418E+000  0.85628698E+000  0.94922460E+000  0.21328389E+001
  0.64892982E+000  0.85628859E+000  0.94922682E+000  0.21328463E+001
  0.64893534E+000  0.85629017E+000  0.94922909E+000  0.21328538E+001
  0.64894073E+000  0.85629174E+000  0.94923140E+000  0.21328613E+001
  0.64894166E+000  0.85629759E+000  0.94923375E+000  0.21328689E+001
  0.64894675E+000  0.85629909E+000  0.94923612E+000  0.21328764E+001
  0.64895169E+000  0.85630056E+000  0.94923851E+000  0.21328840E+001
  0.64895647E+000  0.85630198E+000  0.94924092E+000  0.21328915E+001
  0.64896108E+000  0.85630337E+000  0.94924333E+000  0.21328990E+001
  0.64896552E+000  0.85630470E+000  0.94924574E+000  0.21329065E+001
  0.64896979E+000  0.85630599E+000  0.94924815E+000  0.21329139E+001
  0.64897389E+000  0.85630724E+000  0.94925055E+000  0.21329212E+001
  0.64897782E+000  0.85630843E+000  0.94925293E+000  0.21329285E+001
  0.64898158E+000  0.85630957E+000  0.94925529E+000  0.21329357E+001
  0.64898517E+000  0.85631067E+000  0.94925762E+000  0.21329429E+001
  0.64898860E+000  0.85631171E+000  0.94925993E+000  0.21329499E+001
  0.64899187E+000  0.85631271E+000  0.94926220E+000  0.21329569E+001
  0.64899499E+000  0.85631367E+000  0.94926445E+000  0.21329638E+001
  0.64899795E+000  0.85631457E+000  0.94926666E+000  0.21329706E+001
  0.64900078E+000  0.85631544E+000  0.94926883E+000  0.21329773E+001
  0.64900346E+000  0.85631627E+000  0.94927096E+000  0.21329840E+001
  0.64900601E+000  0.85631705E+000  0.94927305E+000  0.21329905E+001
  0.64900842E+000  0.85631780E+000  0.94927511E+000  0.21329969E+001
  0.64901071E+000  0.85631852E+000  0.94927712E+000  0.21330033E+001
  0.64901288E+000  0.85631920E+000  0.94927909E+000  0.21330095E+001
  0.64901493E+000  0.85631985E+000  0.94928102E+000  0.21330157E+001
  0.64901686E+000  0.85632046E+000  0.94928291E+000  0.21330217E+001
  0.64901868E+000  0.85632105E+000  0.94928475E+000  0.21330277E+001
  0.64902038E+000  0.85632161E+000  0.94928655E+000  0.21330336E+001
  0.64902199E+000  0.85632215E+000  0.94928831E+000  0.21330393E+001
  0.64902348E+000  0.85632265E+000  0.94929003E+000  0.21330450E+001
  0.64902488E+000  0.85632314E+000  0.94929171E+000  0.21330506E+001
  0.64902618E+000  0.85632360E+000  0.94929335E+000  0.21330560E+001
  0.64902738E+000  0.85632404E+000  0.94929495E+000  0.21330614E+001
  0.64902848E+000  0.85632445E+000  0.94929650E+000  0.21330667E+001
  0.64902950E+000  0.85632485E+000  0.94929803E+000  0.21330719E+001
  0.64903043E+000  0.85632522E+000  0.94929951E+000  0.21330771E+001
  0.64903128E+000  0.85632558E+000  0.94930096E+000  0.21330821E+001
  0.64903204E+000  0.85632591E+000  0.94930237E+000  0.21330871E+001
  0.64903273E+000  0.85632559E+000  0.94930440E+000  0.21330921E+001
  0.64903334E+000  0.85632589E+000  0.94930574E+000  0.21330969E+001
  0.64903388E+000  0.85632618E+000  0.94930706E+000  0.21331017E+001
  0.64903435E+000  0.85632644E+000  0.94930834E+000  0.21331065E+001
  0.64903475E+000  0.85632670E+000  0.94930960E+000  0.21331112E+001
  0.64903509E+000  0.85632758E+000  0.94931019E+000  0.21331158E+001
  0.64903537E+000  0.85632780E+000  0.94931139E+000  0.21331204E+001
  0.64903560E+000  0.85632801E+000  0.94931256E+000  0.21331250E+001
  0.64903578E+000  0.85632821E+000  0.94931372E+000  0.21331296E+001
  0.64903591E+000  0.85632839E+000  0.94931485E+000  0.21331341E+001
  0.64903600E+000  0.85632856E+000  0.94931595E+000  0.21331386E+001
  0.64903604E+000  0.85632873E+000  0.94931704E+000  0.21331431E+001
  0.64903605E+000  0.85632888E+000  0.94931811E+000  0.21331476E+001
  0.64903602E+000  0.85632902E+000  0.94931916E+000  0.21331520E+001
  0.64903597E+000  0.85632915E+000  0.94932019E+000  0.21331565E+001
  0.64903588E+000  0.85632927E+000  0.94932121E+000  0.21331609E+001
  0.64903577E+000  0.85632938E+000  0.94932221E+000  0.21331654E+001
  0.64903564E+000  0.85632948E+000  0.94932320E+000  0.21331699E+001
  0.64903549E+000  0.85632958E+000  0.94932417E+000  0.21331743E+001
  0.64903533E+000  0.85632966E+000  0.94932514E+000  0.21331788E+001
  0.64903515E+000  0.85632974E+000  0.94932609E+000  0.21331833E+001
  0.64903496E+000  0.85632982E+000  0.94932703E+000  0.21331878E+001
  0.64903476E+000  0.85632988E+000  0.94932796E+000  0.21331923E+001
  0.64903455E+000  0.85632994E+000  0.94932889E+000  0.21331969E+001
  0.64903434E+000  0.85633000E+000  0.94932980E+000  0.21332015E+001
  0.64903413E+000  0.85633004E+000  0.94933071E+000  0.21332060E+001
  0.64903391E+000  0.85633009E+000  0.94933161E+000  0.21332107E+001
  0.64903370E+000  0.85633013E+000  0.94933250E+000  0.21332153E+001
  0.64903349E+000  0.85633016E+000  0.94933338E+000  0.21332199E+001
  0.64903328E+000  0.85633019E+000  0.94933426E+000  0.21332246E+001
  0.64903308E+000  0.85633022E+000  0.94933514E+000  0.21332293E+001
  0.64903289E+000  0.85633024E+000  0.94933600E+000  0.21332341E+001
  0.64903271E+000  0.85633027E+000  0.94933686E+000  0.21332389E+001
  0.64903253E+000  0.85633029E+000  0.94933772E+000  0.21332437E+001
  0.64903237E+000  0.85633030E+000  0.94933857E+000  0.21332485E+001
  0.64903222E+000  0.85633032E+000  0.94933942E+000  0.21332534E+001
  0.64903208E+000  0.85633033E+000  0.94934026E+000  0.21332583E+001
  0.64903195E+000  0.85633034E+000  0.94934109E+000  0.21332632E+001
  0.64903184E+000  0.85633036E+000  0.94934192E+000  0.21332681E+001
  0.64903174E+000  0.85633037E+000  0.94934275E+000  0.21332731E+001
  0.64903166E+000  0.85633038E+000  0.94934356E+000  0.21332781E+001
  0.64903159E+000  0.85633039E+000  0.94934438E+000  0.21332832E+001
  0.64903153E+000  0.85633040E+000  0.94934518E+000  0.21332883E+001
  0.64903149E+000  0.85633041E+000  0.94934598E+000  0.21332934E+001
  0.64903146E+000  0.85633043E+000  0.94934677E+000  0.21332985E+001
  0.64903144E+000  0.85633044E+000  0.94934755E+000  0.21333036E+001
  0.64903144E+000  0.85633046E+000  0.94934833E+000  0.21333088E+001
  0.64903145E+000  0.85633047E+000  0.94934909E+000  0.21333140E+001
  0.64903148E+000  0.85633049E+000  0.94934985E+000  0.21333192E+001
  0.64903151E+000  0.85633050E+000  0.94935060E+000  0.21333245E+001
  0.64903156E+000  0.85633052E+000  0.94935133E+000  0.21333297E+001
  0.64903162E+000  0.85633054E+000  0.94935206E+000  0.21333350E+001
  0.64903168E+000  0.85633056E+000  0.94935277E+000  0.21333403E+001
  0.64903176E+000  0.85633059E+000  0.94935348E+000  0.21333456E+001
  0.64903185E+000  0.85633061E+000  0.94935417E+000  0.21333509E+001
  0.64903194E+000  0.85633063E+000  0.94935484E+000  0.21333562E+001
  0.64903204E+000  0.85633066E+000  0.94935551E+000  0.21333615E+001
  0.64903215E+000  0.85633068E+000  0.94935616E+000  0.21333668E+001
  0.64903226E+000  0.85633071E+000  0.94935679E+000  0.21333721E+001
  0.64903238E+000  0.85633074E+000  0.94935741E+000  0.21333774E+001
  0.64903250E+000  0.85633077E+000  0.94935802E+000  0.21333827E+001
  0.64903263E+000  0.85633080E+000  0.94935860E+000  0.21333880E+001
  0.64903276E+000  0.85633083E+000  0.94935918E+000  0.21333933E+001
  0.64903289E+000  0.85633086E+000  0.94935973E+000  0.21333985E+001
  0.64903302E+000  0.85633089E+000  0.94936027E+000  0.21334038E+001
  0.64903316E+000  0.85633093E+000  0.94936080E+000  0.21334090E+001
  0.64903329E+000  0.85633096E+000  0.94936130E+000  0.21334142E+001
  0.64903343E+000  0.85633099E+000  0.94936179E+000  0.21334194E+001
  0.64903356E+000  0.85633103E+000  0.94936226E+000  0.21334246E+001
  0.64903369E+000  0.85633106E+000  0.94936271E+000  0.21334297E+001
  0.64903383E+000  0.85633109E+000  0.94936315E+000  0.21334348E+001
  0.64903396E+000  0.85633113E+000  0.94936356E+000  0.21334399E+001
  0.64903409E+000  0.85633116E+000  0.94936396E+000  0.21334450E+001
  0.64903422E+000  0.85633119E+000  0.94936434E+000  0.21334500E+001
  0.64903435E+000  0.85633123E+000  0.94936470E+000  0.21334549E+001
  0.64903447E+000  0.85633126E+000  0.94936504E+000  0.21334599E+001
  0.64903460E+000  0.85633129E+000  0.94936537E+000  0.21334648E+001
  0.64903472E+000  0.85633132E+000  0.94936567E+000  0.21334696E+001
  0.64903484E+000  0.85633136E+000  0.94936595E+000  0.21334744E+001
  0.64903496E+000  0.85633139E+000  0.94936622E+000  0.21334792E+001
  0.64903508E+000  0.85633142E+000  0.94936647E+000  0.21334839E+001
  0.64903520E+000  0.85633145E+000  0.94936669E+000  0.21334886E+001
  0.64903532E+000  0.85633148E+000  0.94936690E+000  0.21334932E+001
  0.64903544E+000  0.85633151E+000  0.94936708E+000  0.21334978E+001
  0.64903556E+000  0.85633154E+000  0.94936725E+000  0.21335023E+001
  0.64903568E+000  0.85633157E+000  0.94936739E+000  0.21335068E+001
  0.64903581E+000  0.85633160E+000  0.94936752E+000  0.21335113E+001
  0.64903594E+000  0.85633164E+000  0.94936762E+000  0.21335157E+001
  0.64903608E+000  0.85633167E+000  0.94936770E+000  0.21335200E+001
  0.64903622E+000  0.85633171E+000  0.94936776E+000  0.21335243E+001
  0.64903637E+000  0.85633175E+000  0.94936779E+000  0.21335286E+001
  0.64903652E+000  0.85633178E+000  0.94936780E+000  0.21335328E+001
  0.64903667E+000  0.85633182E+000  0.94936777E+000  0.21335369E+001
  0.64903681E+000  0.85633184E+000  0.94936770E+000  0.21335409E+001
  0.64903694E+000  0.85633185E+000  0.94936758E+000  0.21335448E+001
  0.64903709E+000  0.85633185E+000  0.94936742E+000  0.21335487E+001
  0.64903732E+000  0.85633189E+000  0.94936726E+000  0.21335526E+001
  0.64903771E+000  0.85633201E+000  0.94936718E+000  0.21335569E+001
  0.64903840E+000  0.85633240E+000  0.94936734E+000  0.21335618E+001
  0.64903907E+000  0.85633280E+000  0.94936749E+000  0.21335668E+001
  0.64903941E+000  0.85633332E+000  0.94936749E+000  0.21335692E+001
  0.64903933E+000  0.85633241E+000  0.94936595E+000  0.21335728E+001
  0.64905040E+000  0.85634321E+000  0.94938252E+000  0.21336003E+001
