  0.69081573E+000  0.85035964E+000  0.10147503E+001  0.20385349E+001
  0.69072512E+000  0.85018295E+000  0.10142590E+001  0.20375029E+001
  0.69063181E+000  0.85004326E+000  0.10138834E+001  0.20369289E+001
  0.69054369E+000  0.84993132E+000  0.10135765E+001  0.20365491E+001
  0.69046425E+000  0.84983979E+000  0.10133218E+001  0.20362750E+001
  0.69039470E+000  0.84976454E+000  0.10131087E+001  0.20360677E+001
  0.69033499E+000  0.84970130E+000  0.10129298E+001  0.20359058E+001
  0.69028442E+000  0.84964760E+000  0.10127800E+001  0.20357768E+001
  0.69024201E+000  0.84960155E+000  0.10126546E+001  0.20356736E+001
  0.69020674E+000  0.84956141E+000  0.10125498E+001  0.20355908E+001
  0.69017761E+000  0.84952695E+000  0.10124625E+001  0.20355240E+001
  0.69015372E+000  0.84949734E+000  0.10123899E+001  0.20354701E+001
  0.69013429E+000  0.84947179E+000  0.10123312E+001  0.20354253E+001
  0.69011862E+000  0.84944971E+000  0.10122829E+001  0.20353893E+001
  0.69010614E+000  0.84943060E+000  0.10122432E+001  0.20353606E+001
  0.69009633E+000  0.84941406E+000  0.10122108E+001  0.20353381E+001
  0.69008880E+000  0.84939976E+000  0.10121847E+001  0.20353205E+001
  0.69008316E+000  0.84938743E+000  0.10121639E+001  0.20353071E+001
  0.69007913E+000  0.84937683E+000  0.10121475E+001  0.20352971E+001
  0.69007644E+000  0.84936777E+000  0.10121349E+001  0.20352899E+001
  0.69007487E+000  0.84936007E+000  0.10121256E+001  0.20352850E+001
  0.69007425E+000  0.84935360E+000  0.10121188E+001  0.20352820E+001
  0.69007442E+000  0.84934821E+000  0.10121144E+001  0.20352806E+001
  0.69007523E+000  0.84934381E+000  0.10121117E+001  0.20352804E+001
  0.69007659E+000  0.84934028E+000  0.10121106E+001  0.20352814E+001
  0.69007840E+000  0.84933753E+000  0.10121111E+001  0.20352827E+001
  0.69008057E+000  0.84933548E+000  0.10121132E+001  0.20352843E+001
  0.69008304E+000  0.84933405E+000  0.10121162E+001  0.20352863E+001
  0.69008576E+000  0.84933317E+000  0.10121199E+001  0.20352888E+001
  0.69008866E+000  0.84933276E+000  0.10121241E+001  0.20352915E+001
  0.69009171E+000  0.84933276E+000  0.10121287E+001  0.20352946E+001
  0.69009488E+000  0.84933312E+000  0.10121337E+001  0.20352978E+001
  0.69009814E+000  0.84933379E+000  0.10121390E+001  0.20353011E+001
  0.69010147E+000  0.84933470E+000  0.10121445E+001  0.20353045E+001
  0.69010484E+000  0.84933582E+000  0.10121502E+001  0.20353080E+001
  0.69010826E+000  0.84933711E+000  0.10121560E+001  0.20353114E+001
  0.69011170E+000  0.84933854E+000  0.10121620E+001  0.20353149E+001
  0.69011515E+000  0.84934007E+000  0.10121681E+001  0.20353183E+001
  0.69011862E+000  0.84934167E+000  0.10121743E+001  0.20353217E+001
  0.69012210E+000  0.84934334E+000  0.10121807E+001  0.20353250E+001
  0.69012559E+000  0.84934504E+000  0.10121872E+001  0.20353282E+001
  0.69012908E+000  0.84934677E+000  0.10121938E+001  0.20353314E+001
  0.69013258E+000  0.84934850E+000  0.10122005E+001  0.20353346E+001
  0.69013609E+000  0.84935025E+000  0.10122073E+001  0.20353377E+001
  0.69013960E+000  0.84935199E+000  0.10122143E+001  0.20353407E+001
  0.69014312E+000  0.84935373E+000  0.10122215E+001  0.20353438E+001
  0.69014664E+000  0.84935545E+000  0.10122287E+001  0.20353469E+001
  0.69015018E+000  0.84935717E+000  0.10122361E+001  0.20353499E+001
  0.69015371E+000  0.84935888E+000  0.10122435E+001  0.20353531E+001
  0.69015725E+000  0.84936057E+000  0.10122511E+001  0.20353562E+001
  0.69016079E+000  0.84936225E+000  0.10122588E+001  0.20353595E+001
  0.69016433E+000  0.84936392E+000  0.10122665E+001  0.20353628E+001
  0.69016786E+000  0.84936557E+000  0.10122744E+001  0.20353662E+001
  0.69017137E+000  0.84936721E+000  0.10122823E+001  0.20353697E+001
  0.69017487E+000  0.84936882E+000  0.10122903E+001  0.20353733E+001
  0.69017834E+000  0.84937041E+000  0.10122983E+001  0.20353769E+001
  0.69018178E+000  0.84937198E+000  0.10123063E+001  0.20353807E+001
  0.69018519E+000  0.84937351E+000  0.10123144E+001  0.20353846E+001
  0.69018855E+000  0.84937501E+000  0.10123224E+001  0.20353886E+001
  0.69019186E+000  0.84937646E+000  0.10123305E+001  0.20353927E+001
  0.69019512E+000  0.84937787E+000  0.10123385E+001  0.20353969E+001
  0.69019831E+000  0.84937923E+000  0.10123465E+001  0.20354011E+001
  0.69020144E+000  0.84938053E+000  0.10123545E+001  0.20354054E+001
  0.69020449E+000  0.84938177E+000  0.10123623E+001  0.20354098E+001
  0.69020747E+000  0.84938294E+000  0.10123701E+001  0.20354142E+001
  0.69021038E+000  0.84938405E+000  0.10123779E+001  0.20354186E+001
  0.69021320E+000  0.84938508E+000  0.10123855E+001  0.20354230E+001
  0.69021593E+000  0.84938604E+000  0.10123930E+001  0.20354275E+001
  0.69021859E+000  0.84938693E+000  0.10124003E+001  0.20354320E+001
  0.69022116E+000  0.84938775E+000  0.10124076E+001  0.20354364E+001
  0.69022365E+000  0.84938850E+000  0.10124147E+001  0.20354409E+001
  0.69022605E+000  0.84938919E+000  0.10124216E+001  0.20354453E+001
  0.69022838E+000  0.84938981E+000  0.10124284E+001  0.20354497E+001
  0.69023062E+000  0.84939037E+000  0.10124351E+001  0.20354541E+001
  0.69023279E+000  0.84939088E+000  0.10124416E+001  0.20354584E+001
  0.69023488E+000  0.84939135E+000  0.10124479E+001  0.20354627E+001
  0.69023690E+000  0.84939178E+000  0.10124541E+001  0.20354670E+001
  0.69023884E+000  0.84939218E+000  0.10124601E+001  0.20354712E+001
  0.69024072E+000  0.84939255E+000  0.10124660E+001  0.20354754E+001
  0.69024252E+000  0.84939291E+000  0.10124717E+001  0.20354795E+001
  0.69024426E+000  0.84939325E+000  0.10124772E+001  0.20354836E+001
  0.69024593E+000  0.84939358E+000  0.10124825E+001  0.20354876E+001
  0.69024754E+000  0.84939391E+000  0.10124877E+001  0.20354916E+001
  0.69024908E+000  0.84939425E+000  0.10124927E+001  0.20354955E+001
  0.69025055E+000  0.84939459E+000  0.10124975E+001  0.20354994E+001
  0.69025196E+000  0.84939495E+000  0.10125021E+001  0.20355032E+001
  0.69025331E+000  0.84939532E+000  0.10125065E+001  0.20355069E+001
  0.69025460E+000  0.84939570E+000  0.10125108E+001  0.20355106E+001
  0.69025582E+000  0.84939611E+000  0.10125149E+001  0.20355143E+001
  0.69025698E+000  0.84939653E+000  0.10125189E+001  0.20355179E+001
  0.69025808E+000  0.84939698E+000  0.10125226E+001  0.20355214E+001
  0.69025912E+000  0.84939745E+000  0.10125263E+001  0.20355250E+001
  0.69026010E+000  0.84939794E+000  0.10125297E+001  0.20355284E+001
  0.69026102E+000  0.84939846E+000  0.10125330E+001  0.20355318E+001
  0.69026188E+000  0.84939900E+000  0.10125361E+001  0.20355352E+001
  0.69026269E+000  0.84939956E+000  0.10125391E+001  0.20355386E+001
  0.69026345E+000  0.84940015E+000  0.10125420E+001  0.20355419E+001
  0.69026415E+000  0.84940076E+000  0.10125447E+001  0.20355451E+001
  0.69026480E+000  0.84940138E+000  0.10125473E+001  0.20355484E+001
  0.69026540E+000  0.84940203E+000  0.10125498E+001  0.20355516E+001
  0.69026596E+000  0.84940269E+000  0.10125522E+001  0.20355548E+001
  0.69026647E+000  0.84940337E+000  0.10125544E+001  0.20355579E+001
  0.69026693E+000  0.84940407E+000  0.10125566E+001  0.20355611E+001
  0.69026736E+000  0.84940478E+000  0.10125587E+001  0.20355642E+001
  0.69026775E+000  0.84940550E+000  0.10125607E+001  0.20355673E+001
  0.69026810E+000  0.84940624E+000  0.10125626E+001  0.20355704E+001
  0.69026842E+000  0.84940698E+000  0.10125644E+001  0.20355735E+001
  0.69026870E+000  0.84940773E+000  0.10125661E+001  0.20355765E+001
  0.69026896E+000  0.84940849E+000  0.10125679E+001  0.20355796E+001
  0.69026919E+000  0.84940925E+000  0.10125695E+001  0.20355826E+001
  0.69026939E+000  0.84941001E+000  0.10125711E+001  0.20355857E+001
  0.69026957E+000  0.84941078E+000  0.10125727E+001  0.20355888E+001
  0.69026973E+000  0.84941155E+000  0.10125742E+001  0.20355918E+001
  0.69026986E+000  0.84941231E+000  0.10125757E+001  0.20355949E+001
  0.69026998E+000  0.84941307E+000  0.10125772E+001  0.20355979E+001
  0.69027009E+000  0.84941383E+000  0.10125786E+001  0.20356010E+001
  0.69027018E+000  0.84941458E+000  0.10125801E+001  0.20356041E+001
  0.69027025E+000  0.84941532E+000  0.10125815E+001  0.20356072E+001
  0.69027032E+000  0.84941605E+000  0.10125829E+001  0.20356103E+001
  0.69027037E+000  0.84941677E+000  0.10125843E+001  0.20356135E+001
  0.69027042E+000  0.84941747E+000  0.10125857E+001  0.20356166E+001
  0.69027046E+000  0.84941817E+000  0.10125872E+001  0.20356198E+001
  0.69027049E+000  0.84941884E+000  0.10125886E+001  0.20356230E+001
  0.69027052E+000  0.84941951E+000  0.10125900E+001  0.20356262E+001
  0.69027055E+000  0.84942015E+000  0.10125914E+001  0.20356295E+001
  0.69027058E+000  0.84942078E+000  0.10125929E+001  0.20356328E+001
  0.69027060E+000  0.84942138E+000  0.10125943E+001  0.20356361E+001
  0.69027062E+000  0.84942197E+000  0.10125957E+001  0.20356394E+001
  0.69027065E+000  0.84942254E+000  0.10125972E+001  0.20356428E+001
  0.69027067E+000  0.84942309E+000  0.10125987E+001  0.20356463E+001
  0.69027070E+000  0.84942361E+000  0.10126001E+001  0.20356497E+001
  0.69027073E+000  0.84942412E+000  0.10126016E+001  0.20356532E+001
  0.69027077E+000  0.84942460E+000  0.10126031E+001  0.20356568E+001
  0.69027081E+000  0.84942507E+000  0.10126046E+001  0.20356604E+001
  0.69027085E+000  0.84942551E+000  0.10126061E+001  0.20356641E+001
  0.69027090E+000  0.84942593E+000  0.10126076E+001  0.20356678E+001
  0.69027096E+000  0.84942633E+000  0.10126091E+001  0.20356716E+001
  0.69027101E+000  0.84942671E+000  0.10126106E+001  0.20356754E+001
  0.69027108E+000  0.84942707E+000  0.10126121E+001  0.20356793E+001
  0.69027115E+000  0.84942741E+000  0.10126135E+001  0.20356833E+001
  0.69027122E+000  0.84942773E+000  0.10126150E+001  0.20356873E+001
  0.69027130E+000  0.84942803E+000  0.10126165E+001  0.20356913E+001
  0.69027138E+000  0.84942831E+000  0.10126179E+001  0.20356954E+001
  0.69027147E+000  0.84942857E+000  0.10126194E+001  0.20356996E+001
  0.69027156E+000  0.84942882E+000  0.10126208E+001  0.20357038E+001
  0.69027166E+000  0.84942905E+000  0.10126222E+001  0.20357081E+001
  0.69027176E+000  0.84942926E+000  0.10126236E+001  0.20357124E+001
  0.69027186E+000  0.84942946E+000  0.10126249E+001  0.20357168E+001
  0.69027197E+000  0.84942965E+000  0.10126263E+001  0.20357213E+001
  0.69027208E+000  0.84942981E+000  0.10126276E+001  0.20357258E+001
  0.69027219E+000  0.84942997E+000  0.10126289E+001  0.20357303E+001
  0.69027230E+000  0.84943011E+000  0.10126301E+001  0.20357349E+001
  0.69027241E+000  0.84943024E+000  0.10126314E+001  0.20357396E+001
  0.69027252E+000  0.84943036E+000  0.10126326E+001  0.20357442E+001
  0.69027263E+000  0.84943047E+000  0.10126337E+001  0.20357489E+001
  0.69027275E+000  0.84943056E+000  0.10126348E+001  0.20357537E+001
  0.69027286E+000  0.84943065E+000  0.10126359E+001  0.20357585E+001
  0.69027297E+000  0.84943072E+000  0.10126370E+001  0.20357633E+001
  0.69027308E+000  0.84943079E+000  0.10126380E+001  0.20357682E+001
  0.69027318E+000  0.84943084E+000  0.10126390E+001  0.20357730E+001
  0.69027328E+000  0.84943089E+000  0.10126399E+001  0.20357779E+001
  0.69027338E+000  0.84943093E+000  0.10126408E+001  0.20357828E+001
  0.69027348E+000  0.84943096E+000  0.10126417E+001  0.20357878E+001
  0.69027357E+000  0.84943099E+000  0.10126425E+001  0.20357927E+001
  0.69027366E+000  0.84943101E+000  0.10126433E+001  0.20357977E+001
  0.69027374E+000  0.84943102E+000  0.10126441E+001  0.20358026E+001
  0.69027382E+000  0.84943102E+000  0.10126448E+001  0.20358076E+001
  0.69027389E+000  0.84943102E+000  0.10126454E+001  0.20358126E+001
  0.69027395E+000  0.84943101E+000  0.10126461E+001  0.20358175E+001
  0.69027401E+000  0.84943099E+000  0.10126467E+001  0.20358225E+001
  0.69027406E+000  0.84943096E+000  0.10126472E+001  0.20358275E+001
  0.69027410E+000  0.84943093E+000  0.10126477E+001  0.20358325E+001
  0.69027414E+000  0.84943089E+000  0.10126482E+001  0.20358374E+001
  0.69027416E+000  0.84943084E+000  0.10126486E+001  0.20358424E+001
  0.69027418E+000  0.84943078E+000  0.10126490E+001  0.20358474E+001
  0.69027419E+000  0.84943072E+000  0.10126493E+001  0.20358523E+001
  0.69027418E+000  0.84943064E+000  0.10126496E+001  0.20358573E+001
  0.69027417E+000  0.84943056E+000  0.10126499E+001  0.20358622E+001
  0.69027414E+000  0.84943046E+000  0.10126501E+001  0.20358672E+001
  0.69027410E+000  0.84943036E+000  0.10126502E+001  0.20358722E+001
  0.69027404E+000  0.84943024E+000  0.10126503E+001  0.20358772E+001
  0.69027397E+000  0.84943011E+000  0.10126504E+001  0.20358822E+001
  0.69027389E+000  0.84942996E+000  0.10126504E+001  0.20358872E+001
  0.69027378E+000  0.84942980E+000  0.10126503E+001  0.20358923E+001
  0.69027366E+000  0.84942963E+000  0.10126501E+001  0.20358974E+001
  0.69027351E+000  0.84942943E+000  0.10126499E+001  0.20359026E+001
  0.69027335E+000  0.84942923E+000  0.10126496E+001  0.20359078E+001
  0.69027315E+000  0.84942900E+000  0.10126492E+001  0.20359131E+001
  0.69027293E+000  0.84942875E+000  0.10126487E+001  0.20359185E+001
  0.69027268E+000  0.84942847E+000  0.10126480E+001  0.20359240E+001
  0.69027239E+000  0.84942815E+000  0.10126472E+001  0.20359295E+001
  0.69027207E+000  0.84942778E+000  0.10126462E+001  0.20359351E+001
  0.69027172E+000  0.84942736E+000  0.10126451E+001  0.20359408E+001
  0.69027137E+000  0.84942694E+000  0.10126440E+001  0.20359468E+001
  0.69027104E+000  0.84942662E+000  0.10126429E+001  0.20359533E+001
  0.69027070E+000  0.84942656E+000  0.10126422E+001  0.20359605E+001
  0.69027018E+000  0.84942670E+000  0.10126413E+001  0.20359679E+001
  0.69026922E+000  0.84942682E+000  0.10126395E+001  0.20359738E+001
  0.69026825E+000  0.84942645E+000  0.10126364E+001  0.20359794E+001
  0.69027368E+000  0.84943825E+000  0.10126556E+001  0.20360089E+001
