  0.54000331E+000
  0.54017793E+000
  0.54029731E+000
  0.54039144E+000
  0.54046885E+000
  0.54053330E+000
  0.54058733E+000
  0.54063269E+000
  0.54067074E+000
  0.54070266E+000
  0.54072933E+000
  0.54075154E+000
  0.54076999E+000
  0.54078528E+000
  0.54079789E+000
  0.54080822E+000
  0.54081661E+000
  0.54082336E+000
  0.54082872E+000
  0.54083289E+000
  0.54083606E+000
  0.54083839E+000
  0.54084000E+000
  0.54084100E+000
  0.54084149E+000
  0.54084156E+000
  0.54084127E+000
  0.54084069E+000
  0.54083986E+000
  0.54083883E+000
  0.54083764E+000
  0.54083632E+000
  0.54083489E+000
  0.54083339E+000
  0.54083182E+000
  0.54083021E+000
  0.54082856E+000
  0.54082689E+000
  0.54082521E+000
  0.54082350E+000
  0.54082179E+000
  0.54082008E+000
  0.54081835E+000
  0.54081663E+000
  0.54081489E+000
  0.54081316E+000
  0.54081141E+000
  0.54080966E+000
  0.54080789E+000
  0.54080612E+000
  0.54080435E+000
  0.54080256E+000
  0.54080076E+000
  0.54079897E+000
  0.54079716E+000
  0.54079536E+000
  0.54079355E+000
  0.54079175E+000
  0.54078996E+000
  0.54078818E+000
  0.54078641E+000
  0.54078466E+000
  0.54078294E+000
  0.54078124E+000
  0.54077957E+000
  0.54077794E+000
  0.54077634E+000
  0.54077477E+000
  0.54077325E+000
  0.54077177E+000
  0.54077033E+000
  0.54076893E+000
  0.54076757E+000
  0.54076625E+000
  0.54076498E+000
  0.54076375E+000
  0.54076256E+000
  0.54076141E+000
  0.54076029E+000
  0.54075922E+000
  0.54075818E+000
  0.54075719E+000
  0.54075622E+000
  0.54075530E+000
  0.54075441E+000
  0.54075356E+000
  0.54075274E+000
  0.54075195E+000
  0.54075120E+000
  0.54075048E+000
  0.54074980E+000
  0.54074914E+000
  0.54074852E+000
  0.54074792E+000
  0.54074736E+000
  0.54074682E+000
  0.54074631E+000
  0.54074583E+000
  0.54074537E+000
  0.54074493E+000
  0.54074452E+000
  0.54074413E+000
  0.54074377E+000
  0.54074342E+000
  0.54074309E+000
  0.54074278E+000
  0.54074248E+000
  0.54074220E+000
  0.54074194E+000
  0.54074168E+000
  0.54074144E+000
  0.54074121E+000
  0.54074099E+000
  0.54074078E+000
  0.54074058E+000
  0.54074039E+000
  0.54074020E+000
  0.54074002E+000
  0.54073984E+000
  0.54073967E+000
  0.54073950E+000
  0.54073934E+000
  0.54073918E+000
  0.54073902E+000
  0.54073887E+000
  0.54073871E+000
  0.54073856E+000
  0.54073841E+000
  0.54073826E+000
  0.54073810E+000
  0.54073795E+000
  0.54073780E+000
  0.54073764E+000
  0.54073749E+000
  0.54073733E+000
  0.54073717E+000
  0.54073701E+000
  0.54073685E+000
  0.54073669E+000
  0.54073653E+000
  0.54073636E+000
  0.54073619E+000
  0.54073603E+000
  0.54073586E+000
  0.54073569E+000
  0.54073551E+000
  0.54073534E+000
  0.54073517E+000
  0.54073500E+000
  0.54073482E+000
  0.54073465E+000
  0.54073448E+000
  0.54073430E+000
  0.54073413E+000
  0.54073396E+000
  0.54073379E+000
  0.54073362E+000
  0.54073346E+000
  0.54073329E+000
  0.54073313E+000
  0.54073297E+000
  0.54073281E+000
  0.54073266E+000
  0.54073250E+000
  0.54073235E+000
  0.54073221E+000
  0.54073206E+000
  0.54073192E+000
  0.54073179E+000
  0.54073165E+000
  0.54073152E+000
  0.54073140E+000
  0.54073127E+000
  0.54073115E+000
  0.54073104E+000
  0.54073092E+000
  0.54073081E+000
  0.54073071E+000
  0.54073060E+000
  0.54073050E+000
  0.54073040E+000
  0.54073031E+000
  0.54073022E+000
  0.54073012E+000
  0.54073003E+000
  0.54072994E+000
  0.54072986E+000
  0.54072977E+000
  0.54072968E+000
  0.54072961E+000
  0.54072954E+000
  0.54072948E+000
  0.54072943E+000
  0.54072934E+000
  0.54072917E+000
  0.54072884E+000
  0.54072848E+000
  0.54072830E+000
  0.54072873E+000
  0.54072046E+000
