 -0.15012498E+000  0.33234403E+000  0.36356188E+001  0.83937747E+002
 -0.15033234E+000  0.33172257E+000  0.36335237E+001  0.83934615E+002
 -0.15049864E+000  0.33120983E+000  0.36317681E+001  0.83931897E+002
 -0.15063136E+000  0.33079134E+000  0.36303012E+001  0.83929559E+002
 -0.15073654E+000  0.33045269E+000  0.36290813E+001  0.83927562E+002
 -0.15081908E+000  0.33018126E+000  0.36280717E+001  0.83925865E+002
 -0.15088298E+000  0.32996569E+000  0.36272412E+001  0.83924432E+002
 -0.15093152E+000  0.32979679E+000  0.36265633E+001  0.83923227E+002
 -0.15096740E+000  0.32966688E+000  0.36260149E+001  0.83922222E+002
 -0.15099286E+000  0.32956957E+000  0.36255765E+001  0.83921388E+002
 -0.15100975E+000  0.32949981E+000  0.36252314E+001  0.83920702E+002
 -0.15101960E+000  0.32945292E+000  0.36249656E+001  0.83920143E+002
 -0.15102368E+000  0.32942505E+000  0.36247679E+001  0.83919693E+002
 -0.15102306E+000  0.32941296E+000  0.36246273E+001  0.83919338E+002
 -0.15101861E+000  0.32941398E+000  0.36245353E+001  0.83919064E+002
 -0.15101106E+000  0.32942585E+000  0.36244846E+001  0.83918861E+002
 -0.15100102E+000  0.32944670E+000  0.36244692E+001  0.83918720E+002
 -0.15098899E+000  0.32947496E+000  0.36244840E+001  0.83918631E+002
 -0.15097539E+000  0.32950932E+000  0.36245247E+001  0.83918589E+002
 -0.15096056E+000  0.32954869E+000  0.36245877E+001  0.83918586E+002
 -0.15094479E+000  0.32959215E+000  0.36246698E+001  0.83918619E+002
 -0.15092832E+000  0.32963895E+000  0.36247686E+001  0.83918683E+002
 -0.15091135E+000  0.32968846E+000  0.36248817E+001  0.83918774E+002
 -0.15089404E+000  0.32974016E+000  0.36250073E+001  0.83918889E+002
 -0.15087653E+000  0.32979360E+000  0.36251439E+001  0.83919025E+002
 -0.15085891E+000  0.32984842E+000  0.36252903E+001  0.83919181E+002
 -0.15084129E+000  0.32990433E+000  0.36254453E+001  0.83919353E+002
 -0.15082373E+000  0.32996108E+000  0.36256078E+001  0.83919541E+002
 -0.15080628E+000  0.33001846E+000  0.36257769E+001  0.83919744E+002
 -0.15078900E+000  0.33007631E+000  0.36259519E+001  0.83919960E+002
 -0.15077189E+000  0.33013449E+000  0.36261321E+001  0.83920188E+002
 -0.15075500E+000  0.33019289E+000  0.36263170E+001  0.83920428E+002
 -0.15073832E+000  0.33025142E+000  0.36265061E+001  0.83920679E+002
 -0.15072186E+000  0.33031001E+000  0.36266991E+001  0.83920941E+002
 -0.15070562E+000  0.33036862E+000  0.36268957E+001  0.83921213E+002
 -0.15068959E+000  0.33042719E+000  0.36270955E+001  0.83921495E+002
 -0.15067375E+000  0.33048570E+000  0.36272982E+001  0.83921786E+002
 -0.15065809E+000  0.33054411E+000  0.36275038E+001  0.83922087E+002
 -0.15064260E+000  0.33060242E+000  0.36277120E+001  0.83922398E+002
 -0.15062724E+000  0.33066060E+000  0.36279226E+001  0.83922717E+002
 -0.15061201E+000  0.33071864E+000  0.36281354E+001  0.83923047E+002
 -0.15059687E+000  0.33077653E+000  0.36283504E+001  0.83923385E+002
 -0.15058181E+000  0.33083425E+000  0.36285674E+001  0.83923733E+002
 -0.15056682E+000  0.33089178E+000  0.36287861E+001  0.83924091E+002
 -0.15055188E+000  0.33094911E+000  0.36290065E+001  0.83924457E+002
 -0.15053697E+000  0.33100619E+000  0.36292284E+001  0.83924833E+002
 -0.15052209E+000  0.33106300E+000  0.36294514E+001  0.83925219E+002
 -0.15050723E+000  0.33111949E+000  0.36296755E+001  0.83925613E+002
 -0.15049239E+000  0.33117562E+000  0.36299002E+001  0.83926017E+002
 -0.15047759E+000  0.33123131E+000  0.36301254E+001  0.83926430E+002
 -0.15046282E+000  0.33128650E+000  0.36303508E+001  0.83926852E+002
 -0.15044809E+000  0.33134112E+000  0.36305760E+001  0.83927283E+002
 -0.15043343E+000  0.33139508E+000  0.36308006E+001  0.83927722E+002
 -0.15041885E+000  0.33144831E+000  0.36310242E+001  0.83928169E+002
 -0.15040437E+000  0.33150071E+000  0.36312466E+001  0.83928625E+002
 -0.15039002E+000  0.33155219E+000  0.36314673E+001  0.83929088E+002
 -0.15037581E+000  0.33160266E+000  0.36316860E+001  0.83929558E+002
 -0.15036179E+000  0.33165202E+000  0.36319021E+001  0.83930035E+002
 -0.15034796E+000  0.33170021E+000  0.36321154E+001  0.83930518E+002
 -0.15033436E+000  0.33174712E+000  0.36323254E+001  0.83931007E+002
 -0.15032101E+000  0.33179270E+000  0.36325319E+001  0.83931502E+002
 -0.15030794E+000  0.33183688E+000  0.36327343E+001  0.83932001E+002
 -0.15029516E+000  0.33187962E+000  0.36329326E+001  0.83932504E+002
 -0.15028269E+000  0.33192087E+000  0.36331263E+001  0.83933011E+002
 -0.15027054E+000  0.33196061E+000  0.36333152E+001  0.83933521E+002
 -0.15025873E+000  0.33199883E+000  0.36334992E+001  0.83934033E+002
 -0.15024726E+000  0.33203554E+000  0.36336780E+001  0.83934548E+002
 -0.15023615E+000  0.33207075E+000  0.36338514E+001  0.83935063E+002
 -0.15022539E+000  0.33210448E+000  0.36340195E+001  0.83935580E+002
 -0.15021498E+000  0.33213678E+000  0.36341821E+001  0.83936097E+002
 -0.15020493E+000  0.33216769E+000  0.36343393E+001  0.83936615E+002
 -0.15019524E+000  0.33219727E+000  0.36344909E+001  0.83937132E+002
 -0.15018589E+000  0.33222556E+000  0.36346371E+001  0.83937648E+002
 -0.15017688E+000  0.33225263E+000  0.36347778E+001  0.83938163E+002
 -0.15016822E+000  0.33227853E+000  0.36349131E+001  0.83938677E+002
 -0.15015989E+000  0.33230333E+000  0.36350432E+001  0.83939189E+002
 -0.15015189E+000  0.33232708E+000  0.36351681E+001  0.83939699E+002
 -0.15014423E+000  0.33234983E+000  0.36352879E+001  0.83940207E+002
 -0.15013689E+000  0.33237163E+000  0.36354028E+001  0.83940712E+002
 -0.15012988E+000  0.33239252E+000  0.36355128E+001  0.83941215E+002
 -0.15012319E+000  0.33241254E+000  0.36356180E+001  0.83941716E+002
 -0.15011683E+000  0.33243171E+000  0.36357186E+001  0.83942214E+002
 -0.15011079E+000  0.33245008E+000  0.36358147E+001  0.83942710E+002
 -0.15010508E+000  0.33246765E+000  0.36359064E+001  0.83943202E+002
 -0.15009968E+000  0.33248445E+000  0.36359938E+001  0.83943692E+002
 -0.15009460E+000  0.33250049E+000  0.36360771E+001  0.83944180E+002
 -0.15008985E+000  0.33251580E+000  0.36361563E+001  0.83944664E+002
 -0.15008541E+000  0.33253039E+000  0.36362317E+001  0.83945147E+002
 -0.15008128E+000  0.33254427E+000  0.36363032E+001  0.83945627E+002
 -0.15007747E+000  0.33255745E+000  0.36363711E+001  0.83946104E+002
 -0.15007396E+000  0.33256995E+000  0.36364355E+001  0.83946579E+002
 -0.15007075E+000  0.33258177E+000  0.36364964E+001  0.83947053E+002
 -0.15006783E+000  0.33259294E+000  0.36365541E+001  0.83947524E+002
 -0.15006520E+000  0.33260347E+000  0.36366087E+001  0.83947994E+002
 -0.15006285E+000  0.33261337E+000  0.36366602E+001  0.83948463E+002
 -0.15006077E+000  0.33262267E+000  0.36367089E+001  0.83948930E+002
 -0.15005895E+000  0.33263138E+000  0.36367549E+001  0.83949396E+002
 -0.15005737E+000  0.33263952E+000  0.36367983E+001  0.83949861E+002
 -0.15005603E+000  0.33264711E+000  0.36368393E+001  0.83950326E+002
 -0.15005492E+000  0.33265417E+000  0.36368780E+001  0.83950790E+002
 -0.15005402E+000  0.33266074E+000  0.36369145E+001  0.83951254E+002
 -0.15005332E+000  0.33266682E+000  0.36369491E+001  0.83951719E+002
 -0.15005281E+000  0.33267245E+000  0.36369818E+001  0.83952183E+002
 -0.15005248E+000  0.33267765E+000  0.36370128E+001  0.83952649E+002
 -0.15005231E+000  0.33268243E+000  0.36370423E+001  0.83953115E+002
 -0.15005228E+000  0.33268684E+000  0.36370703E+001  0.83953582E+002
 -0.15005240E+000  0.33269088E+000  0.36370971E+001  0.83954050E+002
 -0.15005264E+000  0.33269458E+000  0.36371226E+001  0.83954520E+002
 -0.15005299E+000  0.33269797E+000  0.36371471E+001  0.83954992E+002
 -0.15005345E+000  0.33270105E+000  0.36371706E+001  0.83955465E+002
 -0.15005400E+000  0.33270387E+000  0.36371933E+001  0.83955940E+002
 -0.15005462E+000  0.33270642E+000  0.36372153E+001  0.83956418E+002
 -0.15005532E+000  0.33270874E+000  0.36372366E+001  0.83956898E+002
 -0.15005608E+000  0.33271085E+000  0.36372573E+001  0.83957381E+002
 -0.15005689E+000  0.33271275E+000  0.36372776E+001  0.83957867E+002
 -0.15005774E+000  0.33271447E+000  0.36372974E+001  0.83958355E+002
 -0.15005862E+000  0.33271603E+000  0.36373169E+001  0.83958846E+002
 -0.15005953E+000  0.33271744E+000  0.36373361E+001  0.83959341E+002
 -0.15006045E+000  0.33271872E+000  0.36373551E+001  0.83959838E+002
 -0.15006138E+000  0.33271989E+000  0.36373739E+001  0.83960339E+002
 -0.15006231E+000  0.33272096E+000  0.36373925E+001  0.83960843E+002
 -0.15006324E+000  0.33272194E+000  0.36374111E+001  0.83961350E+002
 -0.15006415E+000  0.33272285E+000  0.36374296E+001  0.83961860E+002
 -0.15006504E+000  0.33272371E+000  0.36374481E+001  0.83962374E+002
 -0.15006591E+000  0.33272453E+000  0.36374665E+001  0.83962891E+002
 -0.15006674E+000  0.33272531E+000  0.36374850E+001  0.83963411E+002
 -0.15006754E+000  0.33272608E+000  0.36375035E+001  0.83963934E+002
 -0.15006830E+000  0.33272684E+000  0.36375221E+001  0.83964461E+002
 -0.15006901E+000  0.33272760E+000  0.36375407E+001  0.83964990E+002
 -0.15006968E+000  0.33272837E+000  0.36375594E+001  0.83965523E+002
 -0.15007030E+000  0.33272915E+000  0.36375781E+001  0.83966058E+002
 -0.15007086E+000  0.33272996E+000  0.36375969E+001  0.83966596E+002
 -0.15007137E+000  0.33273080E+000  0.36376157E+001  0.83967136E+002
 -0.15007183E+000  0.33273167E+000  0.36376346E+001  0.83967679E+002
 -0.15007223E+000  0.33273258E+000  0.36376535E+001  0.83968224E+002
 -0.15007257E+000  0.33273352E+000  0.36376724E+001  0.83968770E+002
 -0.15007285E+000  0.33273451E+000  0.36376913E+001  0.83969319E+002
 -0.15007308E+000  0.33273554E+000  0.36377101E+001  0.83969869E+002
 -0.15007325E+000  0.33273661E+000  0.36377289E+001  0.83970420E+002
 -0.15007337E+000  0.33273772E+000  0.36377477E+001  0.83970973E+002
 -0.15007344E+000  0.33273888E+000  0.36377663E+001  0.83971526E+002
 -0.15007345E+000  0.33274006E+000  0.36377848E+001  0.83972080E+002
 -0.15007342E+000  0.33274128E+000  0.36378032E+001  0.83972634E+002
 -0.15007334E+000  0.33274253E+000  0.36378213E+001  0.83973187E+002
 -0.15007322E+000  0.33274381E+000  0.36378393E+001  0.83973741E+002
 -0.15007306E+000  0.33274510E+000  0.36378570E+001  0.83974294E+002
 -0.15007286E+000  0.33274641E+000  0.36378744E+001  0.83974845E+002
 -0.15007262E+000  0.33274772E+000  0.36378916E+001  0.83975396E+002
 -0.15007236E+000  0.33274904E+000  0.36379084E+001  0.83975945E+002
 -0.15007207E+000  0.33275036E+000  0.36379248E+001  0.83976492E+002
 -0.15007176E+000  0.33275166E+000  0.36379409E+001  0.83977037E+002
 -0.15007143E+000  0.33275294E+000  0.36379565E+001  0.83977579E+002
 -0.15007108E+000  0.33275420E+000  0.36379718E+001  0.83978119E+002
 -0.15007072E+000  0.33275542E+000  0.36379865E+001  0.83978656E+002
 -0.15007035E+000  0.33275660E+000  0.36380007E+001  0.83979189E+002
 -0.15006998E+000  0.33275773E+000  0.36380145E+001  0.83979718E+002
 -0.15006960E+000  0.33275881E+000  0.36380276E+001  0.83980244E+002
 -0.15006924E+000  0.33275981E+000  0.36380402E+001  0.83980765E+002
 -0.15006887E+000  0.33276074E+000  0.36380522E+001  0.83981282E+002
 -0.15006852E+000  0.33276158E+000  0.36380636E+001  0.83981794E+002
 -0.15006818E+000  0.33276232E+000  0.36380744E+001  0.83982300E+002
 -0.15006786E+000  0.33276296E+000  0.36380844E+001  0.83982802E+002
 -0.15006756E+000  0.33276349E+000  0.36380938E+001  0.83983298E+002
 -0.15006729E+000  0.33276390E+000  0.36381024E+001  0.83983787E+002
 -0.15006704E+000  0.33276417E+000  0.36381103E+001  0.83984271E+002
 -0.15006682E+000  0.33276429E+000  0.36381175E+001  0.83984748E+002
 -0.15006664E+000  0.33276426E+000  0.36381238E+001  0.83985218E+002
 -0.15006649E+000  0.33276405E+000  0.36381292E+001  0.83985681E+002
 -0.15006638E+000  0.33276367E+000  0.36381338E+001  0.83986137E+002
 -0.15006632E+000  0.33276310E+000  0.36381375E+001  0.83986585E+002
 -0.15006629E+000  0.33276231E+000  0.36381403E+001  0.83987026E+002
 -0.15006632E+000  0.33276131E+000  0.36381421E+001  0.83987458E+002
 -0.15006640E+000  0.33276007E+000  0.36381428E+001  0.83987881E+002
 -0.15006653E+000  0.33275859E+000  0.36381424E+001  0.83988296E+002
 -0.15006671E+000  0.33275683E+000  0.36381409E+001  0.83988701E+002
 -0.15006695E+000  0.33275479E+000  0.36381381E+001  0.83989096E+002
 -0.15006725E+000  0.33275246E+000  0.36381341E+001  0.83989481E+002
 -0.15006762E+000  0.33274980E+000  0.36381286E+001  0.83989855E+002
 -0.15006805E+000  0.33274680E+000  0.36381217E+001  0.83990218E+002
 -0.15006854E+000  0.33274345E+000  0.36381133E+001  0.83990569E+002
 -0.15006910E+000  0.33273972E+000  0.36381032E+001  0.83990907E+002
 -0.15006974E+000  0.33273560E+000  0.36380913E+001  0.83991231E+002
 -0.15007044E+000  0.33273105E+000  0.36380774E+001  0.83991541E+002
 -0.15007123E+000  0.33272605E+000  0.36380615E+001  0.83991836E+002
 -0.15007209E+000  0.33272059E+000  0.36380433E+001  0.83992113E+002
 -0.15007305E+000  0.33271461E+000  0.36380227E+001  0.83992373E+002
 -0.15007410E+000  0.33270810E+000  0.36379995E+001  0.83992613E+002
 -0.15007526E+000  0.33270102E+000  0.36379733E+001  0.83992832E+002
 -0.15007653E+000  0.33269333E+000  0.36379441E+001  0.83993028E+002
 -0.15007790E+000  0.33268501E+000  0.36379115E+001  0.83993199E+002
 -0.15007936E+000  0.33267610E+000  0.36378755E+001  0.83993342E+002
 -0.15008086E+000  0.33266665E+000  0.36378360E+001  0.83993455E+002
 -0.15008236E+000  0.33265677E+000  0.36377930E+001  0.83993536E+002
 -0.15008385E+000  0.33264651E+000  0.36377462E+001  0.83993581E+002
 -0.15008549E+000  0.33263553E+000  0.36376944E+001  0.83993586E+002
 -0.15008776E+000  0.33262289E+000  0.36376352E+001  0.83993547E+002
 -0.15009148E+000  0.33260654E+000  0.36375630E+001  0.83993451E+002
 -0.15009686E+000  0.33258581E+000  0.36374763E+001  0.83993294E+002
 -0.15010256E+000  0.33256163E+000  0.36373761E+001  0.83993064E+002
 -0.15010754E+000  0.33254357E+000  0.36372965E+001  0.83992815E+002
