  0.57742991E+000
  0.57760948E+000
  0.57773614E+000
  0.57783672E+000
  0.57791956E+000
  0.57798856E+000
  0.57804649E+000
  0.57809521E+000
  0.57813609E+000
  0.57817042E+000
  0.57819910E+000
  0.57822302E+000
  0.57824289E+000
  0.57825938E+000
  0.57827299E+000
  0.57828414E+000
  0.57829322E+000
  0.57830053E+000
  0.57830634E+000
  0.57831087E+000
  0.57831432E+000
  0.57831686E+000
  0.57831863E+000
  0.57831974E+000
  0.57832030E+000
  0.57832039E+000
  0.57832010E+000
  0.57831949E+000
  0.57831862E+000
  0.57831752E+000
  0.57831625E+000
  0.57831484E+000
  0.57831332E+000
  0.57831170E+000
  0.57831002E+000
  0.57830829E+000
  0.57830652E+000
  0.57830473E+000
  0.57830291E+000
  0.57830108E+000
  0.57829924E+000
  0.57829739E+000
  0.57829554E+000
  0.57829369E+000
  0.57829183E+000
  0.57828996E+000
  0.57828809E+000
  0.57828621E+000
  0.57828432E+000
  0.57828243E+000
  0.57828052E+000
  0.57827861E+000
  0.57827670E+000
  0.57827478E+000
  0.57827285E+000
  0.57827093E+000
  0.57826900E+000
  0.57826708E+000
  0.57826517E+000
  0.57826328E+000
  0.57826140E+000
  0.57825954E+000
  0.57825770E+000
  0.57825590E+000
  0.57825412E+000
  0.57825238E+000
  0.57825068E+000
  0.57824902E+000
  0.57824741E+000
  0.57824584E+000
  0.57824431E+000
  0.57824283E+000
  0.57824139E+000
  0.57824000E+000
  0.57823866E+000
  0.57823736E+000
  0.57823610E+000
  0.57823489E+000
  0.57823372E+000
  0.57823259E+000
  0.57823150E+000
  0.57823045E+000
  0.57822944E+000
  0.57822847E+000
  0.57822753E+000
  0.57822664E+000
  0.57822578E+000
  0.57822496E+000
  0.57822417E+000
  0.57822342E+000
  0.57822270E+000
  0.57822202E+000
  0.57822136E+000
  0.57822074E+000
  0.57822016E+000
  0.57821960E+000
  0.57821907E+000
  0.57821856E+000
  0.57821809E+000
  0.57821764E+000
  0.57821722E+000
  0.57821681E+000
  0.57821644E+000
  0.57821608E+000
  0.57821574E+000
  0.57821542E+000
  0.57821512E+000
  0.57821483E+000
  0.57821456E+000
  0.57821431E+000
  0.57821407E+000
  0.57821384E+000
  0.57821362E+000
  0.57821341E+000
  0.57821321E+000
  0.57821301E+000
  0.57821283E+000
  0.57821265E+000
  0.57821248E+000
  0.57821232E+000
  0.57821216E+000
  0.57821200E+000
  0.57821185E+000
  0.57821170E+000
  0.57821155E+000
  0.57821141E+000
  0.57821126E+000
  0.57821112E+000
  0.57821098E+000
  0.57821084E+000
  0.57821069E+000
  0.57821055E+000
  0.57821041E+000
  0.57821027E+000
  0.57821012E+000
  0.57820998E+000
  0.57820983E+000
  0.57820969E+000
  0.57820954E+000
  0.57820939E+000
  0.57820923E+000
  0.57820908E+000
  0.57820893E+000
  0.57820877E+000
  0.57820861E+000
  0.57820845E+000
  0.57820829E+000
  0.57820813E+000
  0.57820797E+000
  0.57820781E+000
  0.57820765E+000
  0.57820749E+000
  0.57820733E+000
  0.57820717E+000
  0.57820701E+000
  0.57820684E+000
  0.57820669E+000
  0.57820653E+000
  0.57820637E+000
  0.57820622E+000
  0.57820606E+000
  0.57820591E+000
  0.57820576E+000
  0.57820561E+000
  0.57820547E+000
  0.57820532E+000
  0.57820518E+000
  0.57820504E+000
  0.57820490E+000
  0.57820477E+000
  0.57820464E+000
  0.57820451E+000
  0.57820438E+000
  0.57820426E+000
  0.57820413E+000
  0.57820401E+000
  0.57820389E+000
  0.57820377E+000
  0.57820366E+000
  0.57820354E+000
  0.57820342E+000
  0.57820331E+000
  0.57820319E+000
  0.57820307E+000
  0.57820295E+000
  0.57820283E+000
  0.57820271E+000
  0.57820258E+000
  0.57820245E+000
  0.57820232E+000
  0.57820220E+000
  0.57820209E+000
  0.57820198E+000
  0.57820182E+000
  0.57820156E+000
  0.57820113E+000
  0.57820063E+000
  0.57820041E+000
  0.57820072E+000
  0.57819229E+000
