  0.21938893E+002
  0.21937380E+002
  0.21936092E+002
  0.21935003E+002
  0.21934087E+002
  0.21933322E+002
  0.21932686E+002
  0.21932161E+002
  0.21931731E+002
  0.21931383E+002
  0.21931103E+002
  0.21930883E+002
  0.21930713E+002
  0.21930586E+002
  0.21930496E+002
  0.21930438E+002
  0.21930406E+002
  0.21930398E+002
  0.21930409E+002
  0.21930438E+002
  0.21930481E+002
  0.21930538E+002
  0.21930606E+002
  0.21930683E+002
  0.21930769E+002
  0.21930863E+002
  0.21930963E+002
  0.21931069E+002
  0.21931181E+002
  0.21931297E+002
  0.21931418E+002
  0.21931543E+002
  0.21931672E+002
  0.21931804E+002
  0.21931940E+002
  0.21932079E+002
  0.21932221E+002
  0.21932367E+002
  0.21932515E+002
  0.21932666E+002
  0.21932820E+002
  0.21932976E+002
  0.21933136E+002
  0.21933298E+002
  0.21933463E+002
  0.21933630E+002
  0.21933800E+002
  0.21933973E+002
  0.21934148E+002
  0.21934325E+002
  0.21934504E+002
  0.21934685E+002
  0.21934868E+002
  0.21935053E+002
  0.21935239E+002
  0.21935427E+002
  0.21935615E+002
  0.21935804E+002
  0.21935994E+002
  0.21936184E+002
  0.21936374E+002
  0.21936563E+002
  0.21936753E+002
  0.21936941E+002
  0.21937129E+002
  0.21937316E+002
  0.21937501E+002
  0.21937685E+002
  0.21937867E+002
  0.21938048E+002
  0.21938227E+002
  0.21938404E+002
  0.21938579E+002
  0.21938752E+002
  0.21938922E+002
  0.21939091E+002
  0.21939258E+002
  0.21939422E+002
  0.21939585E+002
  0.21939745E+002
  0.21939903E+002
  0.21940059E+002
  0.21940213E+002
  0.21940365E+002
  0.21940515E+002
  0.21940663E+002
  0.21940809E+002
  0.21940953E+002
  0.21941096E+002
  0.21941236E+002
  0.21941375E+002
  0.21941512E+002
  0.21941648E+002
  0.21941783E+002
  0.21941916E+002
  0.21942048E+002
  0.21942178E+002
  0.21942308E+002
  0.21942436E+002
  0.21942564E+002
  0.21942691E+002
  0.21942818E+002
  0.21942944E+002
  0.21943069E+002
  0.21943194E+002
  0.21943319E+002
  0.21943444E+002
  0.21943569E+002
  0.21943693E+002
  0.21943818E+002
  0.21943943E+002
  0.21944069E+002
  0.21944195E+002
  0.21944321E+002
  0.21944447E+002
  0.21944575E+002
  0.21944703E+002
  0.21944831E+002
  0.21944960E+002
  0.21945090E+002
  0.21945221E+002
  0.21945352E+002
  0.21945484E+002
  0.21945618E+002
  0.21945751E+002
  0.21945886E+002
  0.21946021E+002
  0.21946158E+002
  0.21946295E+002
  0.21946433E+002
  0.21946571E+002
  0.21946710E+002
  0.21946850E+002
  0.21946991E+002
  0.21947132E+002
  0.21947273E+002
  0.21947415E+002
  0.21947558E+002
  0.21947701E+002
  0.21947844E+002
  0.21947987E+002
  0.21948130E+002
  0.21948274E+002
  0.21948417E+002
  0.21948560E+002
  0.21948703E+002
  0.21948846E+002
  0.21948988E+002
  0.21949130E+002
  0.21949271E+002
  0.21949412E+002
  0.21949552E+002
  0.21949691E+002
  0.21949829E+002
  0.21949966E+002
  0.21950103E+002
  0.21950238E+002
  0.21950371E+002
  0.21950504E+002
  0.21950635E+002
  0.21950765E+002
  0.21950893E+002
  0.21951019E+002
  0.21951144E+002
  0.21951267E+002
  0.21951388E+002
  0.21951507E+002
  0.21951624E+002
  0.21951740E+002
  0.21951852E+002
  0.21951963E+002
  0.21952071E+002
  0.21952177E+002
  0.21952280E+002
  0.21952380E+002
  0.21952478E+002
  0.21952572E+002
  0.21952664E+002
  0.21952752E+002
  0.21952837E+002
  0.21952918E+002
  0.21952995E+002
  0.21953067E+002
  0.21953135E+002
  0.21953199E+002
  0.21953257E+002
  0.21953309E+002
  0.21953355E+002
  0.21953395E+002
  0.21953427E+002
  0.21953451E+002
  0.21953467E+002
  0.21953473E+002
  0.21953470E+002
  0.21953455E+002
  0.21953427E+002
  0.21953380E+002
  0.21953312E+002
  0.21953222E+002
  0.21953134E+002
