  0.10274328E+000
  0.10281053E+000
  0.10279758E+000
  0.10275894E+000
  0.10271700E+000
  0.10268001E+000
  0.10265018E+000
  0.10262732E+000
  0.10261046E+000
  0.10259849E+000
  0.10259041E+000
  0.10258539E+000
  0.10258273E+000
  0.10258192E+000
  0.10258252E+000
  0.10258419E+000
  0.10258667E+000
  0.10258975E+000
  0.10259326E+000
  0.10259706E+000
  0.10260104E+000
  0.10260513E+000
  0.10260923E+000
  0.10261331E+000
  0.10261730E+000
  0.10262118E+000
  0.10262492E+000
  0.10262848E+000
  0.10263185E+000
  0.10263502E+000
  0.10263797E+000
  0.10264070E+000
  0.10264319E+000
  0.10264546E+000
  0.10264750E+000
  0.10264930E+000
  0.10265089E+000
  0.10265226E+000
  0.10265342E+000
  0.10265439E+000
  0.10265517E+000
  0.10265578E+000
  0.10265624E+000
  0.10265655E+000
  0.10265675E+000
  0.10265683E+000
  0.10265682E+000
  0.10265673E+000
  0.10265658E+000
  0.10265638E+000
  0.10265613E+000
  0.10265586E+000
  0.10265556E+000
  0.10265525E+000
  0.10265493E+000
  0.10265461E+000
  0.10265429E+000
  0.10265396E+000
  0.10265363E+000
  0.10265331E+000
  0.10265299E+000
  0.10265266E+000
  0.10265234E+000
  0.10265202E+000
  0.10265169E+000
  0.10265137E+000
  0.10265104E+000
  0.10265071E+000
  0.10265038E+000
  0.10265006E+000
  0.10264973E+000
  0.10264941E+000
  0.10264910E+000
  0.10264878E+000
  0.10264848E+000
  0.10264818E+000
  0.10264789E+000
  0.10264760E+000
  0.10264732E+000
  0.10264705E+000
  0.10264678E+000
  0.10264652E+000
  0.10264626E+000
  0.10264601E+000
  0.10264575E+000
  0.10264551E+000
  0.10264526E+000
  0.10264501E+000
  0.10264476E+000
  0.10264451E+000
  0.10264426E+000
  0.10264401E+000
  0.10264375E+000
  0.10264349E+000
  0.10264322E+000
  0.10264295E+000
  0.10264268E+000
  0.10264240E+000
  0.10264212E+000
  0.10264183E+000
  0.10264155E+000
  0.10264126E+000
  0.10264096E+000
  0.10264067E+000
  0.10264037E+000
  0.10264008E+000
  0.10263978E+000
  0.10263948E+000
  0.10263919E+000
  0.10263890E+000
  0.10263861E+000
  0.10263833E+000
  0.10263805E+000
  0.10263777E+000
  0.10263750E+000
  0.10263724E+000
  0.10263698E+000
  0.10263674E+000
  0.10263650E+000
  0.10263627E+000
  0.10263604E+000
  0.10263583E+000
  0.10263563E+000
  0.10263544E+000
  0.10263527E+000
  0.10263510E+000
  0.10263495E+000
  0.10263481E+000
  0.10263469E+000
  0.10263458E+000
  0.10263448E+000
  0.10263440E+000
  0.10263433E+000
  0.10263428E+000
  0.10263424E+000
  0.10263422E+000
  0.10263422E+000
  0.10263423E+000
  0.10263426E+000
  0.10263430E+000
  0.10263437E+000
  0.10263445E+000
  0.10263455E+000
  0.10263467E+000
  0.10263481E+000
  0.10263497E+000
  0.10263515E+000
  0.10263535E+000
  0.10263558E+000
  0.10263583E+000
  0.10263610E+000
  0.10263641E+000
  0.10263674E+000
  0.10263710E+000
  0.10263749E+000
  0.10263791E+000
  0.10263837E+000
  0.10263887E+000
  0.10263941E+000
  0.10264000E+000
  0.10264063E+000
  0.10264131E+000
  0.10264204E+000
  0.10264283E+000
  0.10264367E+000
  0.10264459E+000
  0.10264556E+000
  0.10264661E+000
  0.10264773E+000
  0.10264894E+000
  0.10265022E+000
  0.10265159E+000
  0.10265305E+000
  0.10265461E+000
  0.10265626E+000
  0.10265801E+000
  0.10265987E+000
  0.10266184E+000
  0.10266391E+000
  0.10266610E+000
  0.10266840E+000
  0.10267081E+000
  0.10267334E+000
  0.10267599E+000
  0.10267875E+000
  0.10268163E+000
  0.10268462E+000
  0.10268773E+000
  0.10269095E+000
  0.10269429E+000
  0.10269775E+000
  0.10270133E+000
  0.10270506E+000
  0.10270893E+000
  0.10271298E+000
  0.10271708E+000
  0.10272131E+000
  0.10272534E+000
  0.10273001E+000
  0.10273422E+000
