  0.28914969E+000
  0.29716450E+000
  0.29752478E+000
  0.29664943E+000
  0.29567030E+000
  0.29477084E+000
  0.29399173E+000
  0.29334363E+000
  0.29279688E+000
  0.29234263E+000
  0.29196698E+000
  0.29163628E+000
  0.29134703E+000
  0.29109599E+000
  0.29088484E+000
  0.29070398E+000
  0.29054859E+000
  0.29041432E+000
  0.29029809E+000
  0.29019809E+000
  0.29011222E+000
  0.29003853E+000
  0.28997531E+000
  0.28992103E+000
  0.28987438E+000
  0.28983424E+000
  0.28979960E+000
  0.28976962E+000
  0.28974354E+000
  0.28972072E+000
  0.28970061E+000
  0.28968270E+000
  0.28966658E+000
  0.28965187E+000
  0.28963827E+000
  0.28962549E+000
  0.28961330E+000
  0.28960152E+000
  0.28958999E+000
  0.28957856E+000
  0.28956714E+000
  0.28955564E+000
  0.28954402E+000
  0.28953224E+000
  0.28952026E+000
  0.28950810E+000
  0.28949576E+000
  0.28948325E+000
  0.28947059E+000
  0.28945783E+000
  0.28944500E+000
  0.28943213E+000
  0.28941928E+000
  0.28940647E+000
  0.28939375E+000
  0.28938116E+000
  0.28936874E+000
  0.28935653E+000
  0.28934455E+000
  0.28933284E+000
  0.28932142E+000
  0.28931032E+000
  0.28929953E+000
  0.28928909E+000
  0.28927899E+000
  0.28926924E+000
  0.28925984E+000
  0.28925078E+000
  0.28924206E+000
  0.28923368E+000
  0.28922563E+000
  0.28921789E+000
  0.28921046E+000
  0.28920334E+000
  0.28919651E+000
  0.28918997E+000
  0.28918372E+000
  0.28917775E+000
  0.28917207E+000
  0.28916666E+000
  0.28916152E+000
  0.28915667E+000
  0.28915209E+000
  0.28914778E+000
  0.28914374E+000
  0.28913996E+000
  0.28913646E+000
  0.28913321E+000
  0.28913021E+000
  0.28912747E+000
  0.28912497E+000
  0.28912271E+000
  0.28912068E+000
  0.28911888E+000
  0.28911729E+000
  0.28911590E+000
  0.28911471E+000
  0.28911370E+000
  0.28911287E+000
  0.28911221E+000
  0.28911170E+000
  0.28911134E+000
  0.28911111E+000
  0.28911100E+000
  0.28911101E+000
  0.28911112E+000
  0.28911132E+000
  0.28911161E+000
  0.28911197E+000
  0.28911240E+000
  0.28911288E+000
  0.28911342E+000
  0.28911400E+000
  0.28911461E+000
  0.28911525E+000
  0.28911592E+000
  0.28911660E+000
  0.28911728E+000
  0.28911797E+000
  0.28911866E+000
  0.28911934E+000
  0.28912000E+000
  0.28912064E+000
  0.28912127E+000
  0.28912186E+000
  0.28912243E+000
  0.28912296E+000
  0.28912345E+000
  0.28912391E+000
  0.28912432E+000
  0.28912469E+000
  0.28912501E+000
  0.28912529E+000
  0.28912552E+000
  0.28912570E+000
  0.28912584E+000
  0.28912593E+000
  0.28912597E+000
  0.28912598E+000
  0.28912593E+000
  0.28912585E+000
  0.28912573E+000
  0.28912556E+000
  0.28912537E+000
  0.28912514E+000
  0.28912488E+000
  0.28912459E+000
  0.28912428E+000
  0.28912394E+000
  0.28912359E+000
  0.28912322E+000
  0.28912283E+000
  0.28912244E+000
  0.28912204E+000
  0.28912164E+000
  0.28912123E+000
  0.28912083E+000
  0.28912044E+000
  0.28912005E+000
  0.28911968E+000
  0.28911931E+000
  0.28911897E+000
  0.28911865E+000
  0.28911835E+000
  0.28911807E+000
  0.28911782E+000
  0.28911760E+000
  0.28911742E+000
  0.28911726E+000
  0.28911715E+000
  0.28911707E+000
  0.28911704E+000
  0.28911704E+000
  0.28911709E+000
  0.28911719E+000
  0.28911733E+000
  0.28911753E+000
  0.28911777E+000
  0.28911806E+000
  0.28911840E+000
  0.28911879E+000
  0.28911923E+000
  0.28911973E+000
  0.28912027E+000
  0.28912086E+000
  0.28912151E+000
  0.28912222E+000
  0.28912299E+000
  0.28912383E+000
  0.28912474E+000
  0.28912567E+000
  0.28912658E+000
  0.28912736E+000
  0.28912790E+000
  0.28912828E+000
  0.28912898E+000
  0.28913114E+000
  0.28913504E+000
  0.28913818E+000
  0.28913537E+000
