  0.18640641E+000
  0.19435396E+000
  0.19472719E+000
  0.19389049E+000
  0.19295330E+000
  0.19209083E+000
  0.19134156E+000
  0.19071631E+000
  0.19018643E+000
  0.18974414E+000
  0.18937657E+000
  0.18905089E+000
  0.18876430E+000
  0.18851407E+000
  0.18830233E+000
  0.18811979E+000
  0.18796192E+000
  0.18782457E+000
  0.18770483E+000
  0.18760103E+000
  0.18751117E+000
  0.18743341E+000
  0.18736607E+000
  0.18730772E+000
  0.18725708E+000
  0.18721306E+000
  0.18717469E+000
  0.18714114E+000
  0.18711169E+000
  0.18708570E+000
  0.18706264E+000
  0.18704200E+000
  0.18702338E+000
  0.18700641E+000
  0.18699077E+000
  0.18697618E+000
  0.18696242E+000
  0.18694927E+000
  0.18693657E+000
  0.18692417E+000
  0.18691197E+000
  0.18689986E+000
  0.18688779E+000
  0.18687568E+000
  0.18686352E+000
  0.18685127E+000
  0.18683894E+000
  0.18682651E+000
  0.18681401E+000
  0.18680146E+000
  0.18678887E+000
  0.18677628E+000
  0.18676371E+000
  0.18675121E+000
  0.18673881E+000
  0.18672655E+000
  0.18671446E+000
  0.18670257E+000
  0.18669092E+000
  0.18667953E+000
  0.18666844E+000
  0.18665765E+000
  0.18664719E+000
  0.18663707E+000
  0.18662730E+000
  0.18661787E+000
  0.18660880E+000
  0.18660007E+000
  0.18659168E+000
  0.18658362E+000
  0.18657589E+000
  0.18656847E+000
  0.18656136E+000
  0.18655455E+000
  0.18654803E+000
  0.18654179E+000
  0.18653583E+000
  0.18653015E+000
  0.18652475E+000
  0.18651961E+000
  0.18651475E+000
  0.18651015E+000
  0.18650583E+000
  0.18650177E+000
  0.18649798E+000
  0.18649446E+000
  0.18649120E+000
  0.18648820E+000
  0.18648545E+000
  0.18648296E+000
  0.18648071E+000
  0.18647871E+000
  0.18647694E+000
  0.18647539E+000
  0.18647406E+000
  0.18647295E+000
  0.18647203E+000
  0.18647130E+000
  0.18647075E+000
  0.18647038E+000
  0.18647016E+000
  0.18647008E+000
  0.18647015E+000
  0.18647034E+000
  0.18647064E+000
  0.18647104E+000
  0.18647154E+000
  0.18647212E+000
  0.18647278E+000
  0.18647350E+000
  0.18647427E+000
  0.18647509E+000
  0.18647595E+000
  0.18647684E+000
  0.18647775E+000
  0.18647868E+000
  0.18647961E+000
  0.18648055E+000
  0.18648148E+000
  0.18648239E+000
  0.18648329E+000
  0.18648417E+000
  0.18648501E+000
  0.18648582E+000
  0.18648660E+000
  0.18648732E+000
  0.18648801E+000
  0.18648864E+000
  0.18648922E+000
  0.18648974E+000
  0.18649021E+000
  0.18649061E+000
  0.18649096E+000
  0.18649124E+000
  0.18649146E+000
  0.18649162E+000
  0.18649171E+000
  0.18649175E+000
  0.18649172E+000
  0.18649163E+000
  0.18649148E+000
  0.18649128E+000
  0.18649101E+000
  0.18649070E+000
  0.18649033E+000
  0.18648991E+000
  0.18648944E+000
  0.18648892E+000
  0.18648836E+000
  0.18648776E+000
  0.18648711E+000
  0.18648643E+000
  0.18648571E+000
  0.18648495E+000
  0.18648415E+000
  0.18648332E+000
  0.18648246E+000
  0.18648156E+000
  0.18648064E+000
  0.18647968E+000
  0.18647869E+000
  0.18647766E+000
  0.18647661E+000
  0.18647552E+000
  0.18647439E+000
  0.18647324E+000
  0.18647204E+000
  0.18647080E+000
  0.18646953E+000
  0.18646821E+000
  0.18646685E+000
  0.18646545E+000
  0.18646399E+000
  0.18646249E+000
  0.18646093E+000
  0.18645932E+000
  0.18645765E+000
  0.18645593E+000
  0.18645415E+000
  0.18645230E+000
  0.18645040E+000
  0.18644842E+000
  0.18644639E+000
  0.18644428E+000
  0.18644212E+000
  0.18643989E+000
  0.18643760E+000
  0.18643527E+000
  0.18643288E+000
  0.18643045E+000
  0.18642793E+000
  0.18642526E+000
  0.18642230E+000
  0.18641897E+000
  0.18641530E+000
  0.18641190E+000
  0.18640983E+000
  0.18640970E+000
  0.18640817E+000
  0.18640115E+000
