  0.86221427E+000
  0.86256147E+000
  0.86280103E+000
  0.86297319E+000
  0.86309887E+000
  0.86319074E+000
  0.86325726E+000
  0.86330435E+000
  0.86333636E+000
  0.86335652E+000
  0.86336731E+000
  0.86337073E+000
  0.86336833E+000
  0.86336132E+000
  0.86335068E+000
  0.86333720E+000
  0.86332152E+000
  0.86330415E+000
  0.86328551E+000
  0.86326591E+000
  0.86324562E+000
  0.86322485E+000
  0.86320378E+000
  0.86318255E+000
  0.86316126E+000
  0.86313999E+000
  0.86311883E+000
  0.86309782E+000
  0.86307700E+000
  0.86305639E+000
  0.86303603E+000
  0.86301591E+000
  0.86299604E+000
  0.86297642E+000
  0.86295705E+000
  0.86293791E+000
  0.86291900E+000
  0.86290030E+000
  0.86288180E+000
  0.86286348E+000
  0.86284532E+000
  0.86282732E+000
  0.86280945E+000
  0.86279170E+000
  0.86277407E+000
  0.86275655E+000
  0.86273913E+000
  0.86272181E+000
  0.86270460E+000
  0.86268749E+000
  0.86267050E+000
  0.86265363E+000
  0.86263690E+000
  0.86262032E+000
  0.86260391E+000
  0.86258769E+000
  0.86257167E+000
  0.86255588E+000
  0.86254032E+000
  0.86252503E+000
  0.86251001E+000
  0.86249528E+000
  0.86248084E+000
  0.86246672E+000
  0.86245292E+000
  0.86243944E+000
  0.86242628E+000
  0.86241346E+000
  0.86240096E+000
  0.86238880E+000
  0.86237697E+000
  0.86236547E+000
  0.86235431E+000
  0.86234348E+000
  0.86233299E+000
  0.86232284E+000
  0.86231305E+000
  0.86230361E+000
  0.86229454E+000
  0.86228584E+000
  0.86227753E+000
  0.86226961E+000
  0.86226208E+000
  0.86225496E+000
  0.86224825E+000
  0.86224196E+000
  0.86223609E+000
  0.86223063E+000
  0.86222558E+000
  0.86222094E+000
  0.86221671E+000
  0.86221288E+000
  0.86220943E+000
  0.86220636E+000
  0.86220365E+000
  0.86220130E+000
  0.86219928E+000
  0.86219759E+000
  0.86219620E+000
  0.86219510E+000
  0.86219427E+000
  0.86219370E+000
  0.86219338E+000
  0.86219327E+000
  0.86219337E+000
  0.86219366E+000
  0.86219412E+000
  0.86219474E+000
  0.86219551E+000
  0.86219640E+000
  0.86219741E+000
  0.86219852E+000
  0.86219972E+000
  0.86220100E+000
  0.86220233E+000
  0.86220372E+000
  0.86220516E+000
  0.86220662E+000
  0.86220810E+000
  0.86220959E+000
  0.86221108E+000
  0.86221256E+000
  0.86221403E+000
  0.86221547E+000
  0.86221688E+000
  0.86221825E+000
  0.86221958E+000
  0.86222085E+000
  0.86222207E+000
  0.86222324E+000
  0.86222434E+000
  0.86222537E+000
  0.86222633E+000
  0.86222723E+000
  0.86222805E+000
  0.86222879E+000
  0.86222947E+000
  0.86223006E+000
  0.86223059E+000
  0.86223104E+000
  0.86223142E+000
  0.86223173E+000
  0.86223198E+000
  0.86223215E+000
  0.86223227E+000
  0.86223233E+000
  0.86223233E+000
  0.86223227E+000
  0.86223217E+000
  0.86223202E+000
  0.86223183E+000
  0.86223160E+000
  0.86223133E+000
  0.86223103E+000
  0.86223071E+000
  0.86223036E+000
  0.86222999E+000
  0.86222961E+000
  0.86222921E+000
  0.86222880E+000
  0.86222838E+000
  0.86222796E+000
  0.86222754E+000
  0.86222712E+000
  0.86222671E+000
  0.86222630E+000
  0.86222590E+000
  0.86222552E+000
  0.86222514E+000
  0.86222478E+000
  0.86222444E+000
  0.86222411E+000
  0.86222380E+000
  0.86222350E+000
  0.86222323E+000
  0.86222298E+000
  0.86222275E+000
  0.86222253E+000
  0.86222234E+000
  0.86222217E+000
  0.86222202E+000
  0.86222189E+000
  0.86222178E+000
  0.86222170E+000
  0.86222164E+000
  0.86222161E+000
  0.86222161E+000
  0.86222166E+000
  0.86222175E+000
  0.86222189E+000
  0.86222205E+000
  0.86222220E+000
  0.86222229E+000
  0.86222230E+000
  0.86222235E+000
  0.86222282E+000
  0.86222446E+000
  0.86222750E+000
  0.86223080E+000
  0.86223181E+000
