  0.89166095E+000
  0.89169617E+000
  0.89172517E+000
  0.89174882E+000
  0.89176807E+000
  0.89178370E+000
  0.89179632E+000
  0.89180643E+000
  0.89181445E+000
  0.89182072E+000
  0.89182551E+000
  0.89182906E+000
  0.89183158E+000
  0.89183323E+000
  0.89183414E+000
  0.89183444E+000
  0.89183422E+000
  0.89183356E+000
  0.89183253E+000
  0.89183119E+000
  0.89182959E+000
  0.89182777E+000
  0.89182576E+000
  0.89182359E+000
  0.89182128E+000
  0.89181886E+000
  0.89181634E+000
  0.89181374E+000
  0.89181106E+000
  0.89180833E+000
  0.89180554E+000
  0.89180270E+000
  0.89179982E+000
  0.89179690E+000
  0.89179395E+000
  0.89179097E+000
  0.89178795E+000
  0.89178491E+000
  0.89178185E+000
  0.89177876E+000
  0.89177564E+000
  0.89177251E+000
  0.89176935E+000
  0.89176617E+000
  0.89176297E+000
  0.89175975E+000
  0.89175652E+000
  0.89175328E+000
  0.89175003E+000
  0.89174677E+000
  0.89174350E+000
  0.89174024E+000
  0.89173699E+000
  0.89173374E+000
  0.89173051E+000
  0.89172730E+000
  0.89172412E+000
  0.89172096E+000
  0.89171785E+000
  0.89171477E+000
  0.89171175E+000
  0.89170877E+000
  0.89170585E+000
  0.89170299E+000
  0.89170020E+000
  0.89169747E+000
  0.89169482E+000
  0.89169223E+000
  0.89168972E+000
  0.89168729E+000
  0.89168493E+000
  0.89168264E+000
  0.89168044E+000
  0.89167830E+000
  0.89167625E+000
  0.89167427E+000
  0.89167236E+000
  0.89167053E+000
  0.89166877E+000
  0.89166708E+000
  0.89166546E+000
  0.89166391E+000
  0.89166244E+000
  0.89166103E+000
  0.89165969E+000
  0.89165841E+000
  0.89165720E+000
  0.89165606E+000
  0.89165498E+000
  0.89165396E+000
  0.89165300E+000
  0.89165210E+000
  0.89165125E+000
  0.89165047E+000
  0.89164973E+000
  0.89164905E+000
  0.89164841E+000
  0.89164783E+000
  0.89164729E+000
  0.89164679E+000
  0.89164633E+000
  0.89164591E+000
  0.89164553E+000
  0.89164518E+000
  0.89164486E+000
  0.89164458E+000
  0.89164432E+000
  0.89164408E+000
  0.89164387E+000
  0.89164369E+000
  0.89164352E+000
  0.89164337E+000
  0.89164323E+000
  0.89164311E+000
  0.89164301E+000
  0.89164291E+000
  0.89164283E+000
  0.89164276E+000
  0.89164269E+000
  0.89164263E+000
  0.89164258E+000
  0.89164253E+000
  0.89164249E+000
  0.89164245E+000
  0.89164241E+000
  0.89164238E+000
  0.89164235E+000
  0.89164231E+000
  0.89164228E+000
  0.89164225E+000
  0.89164222E+000
  0.89164219E+000
  0.89164216E+000
  0.89164213E+000
  0.89164210E+000
  0.89164207E+000
  0.89164204E+000
  0.89164202E+000
  0.89164199E+000
  0.89164196E+000
  0.89164194E+000
  0.89164192E+000
  0.89164190E+000
  0.89164188E+000
  0.89164187E+000
  0.89164186E+000
  0.89164186E+000
  0.89164186E+000
  0.89164187E+000
  0.89164188E+000
  0.89164190E+000
  0.89164193E+000
  0.89164196E+000
  0.89164200E+000
  0.89164205E+000
  0.89164211E+000
  0.89164218E+000
  0.89164226E+000
  0.89164234E+000
  0.89164244E+000
  0.89164255E+000
  0.89164267E+000
  0.89164280E+000
  0.89164295E+000
  0.89164310E+000
  0.89164327E+000
  0.89164345E+000
  0.89164365E+000
  0.89164386E+000
  0.89164408E+000
  0.89164432E+000
  0.89164457E+000
  0.89164484E+000
  0.89164512E+000
  0.89164543E+000
  0.89164575E+000
  0.89164609E+000
  0.89164645E+000
  0.89164683E+000
  0.89164724E+000
  0.89164766E+000
  0.89164812E+000
  0.89164860E+000
  0.89164911E+000
  0.89164966E+000
  0.89165024E+000
  0.89165086E+000
  0.89165152E+000
  0.89165223E+000
  0.89165298E+000
  0.89165379E+000
  0.89165464E+000
  0.89165555E+000
  0.89165650E+000
  0.89165753E+000
  0.89165868E+000
  0.89166004E+000
  0.89166165E+000
  0.89166346E+000
  0.89166498E+000
