 -0.93401742E+000 -0.83813383E+000 -0.56492699E+000 -0.20764928E+000 -0.57295680E-002  0.84681032E-003  0.95404910E+000  0.45945677E+001  0.89465163E+001  0.16278867E+002  0.22291896E+002
 -0.93414495E+000 -0.83837693E+000 -0.56554152E+000 -0.20859855E+000 -0.58421813E-002  0.77048072E-003  0.95078036E+000  0.45901746E+001  0.89387122E+001  0.16264987E+002  0.22277599E+002
 -0.93423718E+000 -0.83857094E+000 -0.56604725E+000 -0.20935787E+000 -0.58621916E-002  0.75474467E-003  0.94832392E+000  0.45864335E+001  0.89320382E+001  0.16253208E+002  0.22265366E+002
 -0.93430293E+000 -0.83872286E+000 -0.56645898E+000 -0.20996029E+000 -0.58628862E-002  0.75608392E-003  0.94650195E+000  0.45832677E+001  0.89263594E+001  0.16243263E+002  0.22254947E+002
 -0.93434937E+000 -0.83883950E+000 -0.56679082E+000 -0.21043358E+000 -0.58580578E-002  0.76212339E-003  0.94517201E+000  0.45806075E+001  0.89215495E+001  0.16234881E+002  0.22246104E+002
 -0.93438186E+000 -0.83892717E+000 -0.56705580E+000 -0.21080030E+000 -0.58510531E-002  0.76926421E-003  0.94422029E+000  0.45783833E+001  0.89174932E+001  0.16227845E+002  0.22238622E+002
 -0.93440431E+000 -0.83899153E+000 -0.56726491E+000 -0.21107918E+000 -0.58432563E-002  0.77625579E-003  0.94355620E+000  0.45765337E+001  0.89140884E+001  0.16221961E+002  0.22232312E+002
 -0.93441952E+000 -0.83903743E+000 -0.56742742E+000 -0.21128565E+000 -0.58354617E-002  0.78273259E-003  0.94310428E+000  0.45750051E+001  0.89112451E+001  0.16217062E+002  0.22227007E+002
 -0.93442955E+000 -0.83906892E+000 -0.56755118E+000 -0.21143244E+000 -0.58278374E-002  0.78859342E-003  0.94281365E+000  0.45737507E+001  0.89088847E+001  0.16213015E+002  0.22222563E+002
 -0.93443589E+000 -0.83908928E+000 -0.56764277E+000 -0.21153009E+000 -0.58206091E-002  0.79381808E-003  0.94264655E+000  0.45727300E+001  0.89069390E+001  0.16209695E+002  0.22218836E+002
 -0.93443964E+000 -0.83910115E+000 -0.56770772E+000 -0.21158751E+000 -0.58138660E-002  0.79844359E-003  0.94257437E+000  0.45719084E+001  0.89053490E+001  0.16206997E+002  0.22215725E+002
 -0.93444157E+000 -0.83910661E+000 -0.56775065E+000 -0.21161199E+000 -0.58075238E-002  0.80255461E-003  0.94257483E+000  0.45712567E+001  0.89040639E+001  0.16204828E+002  0.22213143E+002
 -0.93444226E+000 -0.83910728E+000 -0.56777545E+000 -0.21160955E+000 -0.58016411E-002  0.80618291E-003  0.94263096E+000  0.45707492E+001  0.89030401E+001  0.16203110E+002  0.22211016E+002
 -0.93444211E+000 -0.83910444E+000 -0.56778538E+000 -0.21158520E+000 -0.57962389E-002  0.80939093E-003  0.94272949E+000  0.45703649E+001  0.89022402E+001  0.16201776E+002  0.22209281E+002
 -0.93444142E+000 -0.83909905E+000 -0.56778314E+000 -0.21154311E+000 -0.57913718E-002  0.81223934E-003  0.94285996E+000  0.45700865E+001  0.89016324E+001  0.16200771E+002  0.22207884E+002
 -0.93444039E+000 -0.83909187E+000 -0.56777102E+000 -0.21148676E+000 -0.57869572E-002  0.81477378E-003  0.94301414E+000  0.45698987E+001  0.89011891E+001  0.16200047E+002  0.22206779E+002
 -0.93443916E+000 -0.83908347E+000 -0.56775090E+000 -0.21141904E+000 -0.57829540E-002  0.81702604E-003  0.94318554E+000  0.45697882E+001  0.89008873E+001  0.16199566E+002  0.22205930E+002
 -0.93443783E+000 -0.83907427E+000 -0.56772439E+000 -0.21134236E+000 -0.57793276E-002  0.81902859E-003  0.94336905E+000  0.45697441E+001  0.89007067E+001  0.16199294E+002  0.22205305E+002
 -0.93443645E+000 -0.83906461E+000 -0.56769277E+000 -0.21125873E+000 -0.57760473E-002  0.82081047E-003  0.94356069E+000  0.45697568E+001  0.89006305E+001  0.16199203E+002  0.22204877E+002
 -0.93443509E+000 -0.83905472E+000 -0.56765716E+000 -0.21116983E+000 -0.57730827E-002  0.82239642E-003  0.94375743E+000  0.45698186E+001  0.89006439E+001  0.16199271E+002  0.22204621E+002
 -0.93443374E+000 -0.83904477E+000 -0.56761844E+000 -0.21107707E+000 -0.57704015E-002  0.82381050E-003  0.94395690E+000  0.45699227E+001  0.89007344E+001  0.16199474E+002  0.22204517E+002
 -0.93443244E+000 -0.83903489E+000 -0.56757737E+000 -0.21098162E+000 -0.57679734E-002  0.82507435E-003  0.94415732E+000  0.45700632E+001  0.89008913E+001  0.16199796E+002  0.22204547E+002
 -0.93443118E+000 -0.83902514E+000 -0.56753454E+000 -0.21088449E+000 -0.57657709E-002  0.82620712E-003  0.94435733E+000  0.45702352E+001  0.89011055E+001  0.16200220E+002  0.22204697E+002
 -0.93442996E+000 -0.83901558E+000 -0.56749047E+000 -0.21078651E+000 -0.57637695E-002  0.82722563E-003  0.94455593E+000  0.45704344E+001  0.89013694E+001  0.16200735E+002  0.22204956E+002
 -0.93442877E+000 -0.83900623E+000 -0.56744553E+000 -0.21068837E+000 -0.57619473E-002  0.82814459E-003  0.94475242E+000  0.45706572E+001  0.89016763E+001  0.16201330E+002  0.22205312E+002
 -0.93442760E+000 -0.83899709E+000 -0.56740005E+000 -0.21059065E+000 -0.57602845E-002  0.82897688E-003  0.94494634E+000  0.45709003E+001  0.89020210E+001  0.16201997E+002  0.22205759E+002
 -0.93442643E+000 -0.83898815E+000 -0.56735428E+000 -0.21049386E+000 -0.57587637E-002  0.82973377E-003  0.94513741E+000  0.45711609E+001  0.89023988E+001  0.16202727E+002  0.22206289E+002
 -0.93442525E+000 -0.83897938E+000 -0.56730840E+000 -0.21039838E+000 -0.57573692E-002  0.83042514E-003  0.94532551E+000  0.45714366E+001  0.89028061E+001  0.16203515E+002  0.22206897E+002
 -0.93442404E+000 -0.83897075E+000 -0.56726255E+000 -0.21030455E+000 -0.57560870E-002  0.83105968E-003  0.94551063E+000  0.45717253E+001  0.89032400E+001  0.16204354E+002  0.22207579E+002
 -0.93442278E+000 -0.83896221E+000 -0.56721682E+000 -0.21021264E+000 -0.57549046E-002  0.83164503E-003  0.94569285E+000  0.45720251E+001  0.89036980E+001  0.16205239E+002  0.22208332E+002
 -0.93442143E+000 -0.83895371E+000 -0.56717126E+000 -0.21012286E+000 -0.57538107E-002  0.83218790E-003  0.94587235E+000  0.45723346E+001  0.89041784E+001  0.16206167E+002  0.22209153E+002
 -0.93441999E+000 -0.83894520E+000 -0.56712590E+000 -0.21003535E+000 -0.57527954E-002  0.83269421E-003  0.94604935E+000  0.45726524E+001  0.89046797E+001  0.16207134E+002  0.22210041E+002
 -0.93441841E+000 -0.83893662E+000 -0.56708073E+000 -0.20995023E+000 -0.57518496E-002  0.83316919E-003  0.94622410E+000  0.45729775E+001  0.89052009E+001  0.16208136E+002  0.22210995E+002
 -0.93441668E+000 -0.83892791E+000 -0.56703572E+000 -0.20986757E+000 -0.57509651E-002  0.83361742E-003  0.94639690E+000  0.45733091E+001  0.89057413E+001  0.16209172E+002  0.22212015E+002
 -0.93441476E+000 -0.83891901E+000 -0.56699084E+000 -0.20978740E+000 -0.57501348E-002  0.83404290E-003  0.94656806E+000  0.45736463E+001  0.89063004E+001  0.16210237E+002  0.22213099E+002
 -0.93441262E+000 -0.83890986E+000 -0.56694602E+000 -0.20970971E+000 -0.57493521E-002  0.83444914E-003  0.94673787E+000  0.45739888E+001  0.89068777E+001  0.16211331E+002  0.22214249E+002
 -0.93441024E+000 -0.83890040E+000 -0.56690120E+000 -0.20963447E+000 -0.57486112E-002  0.83483918E-003  0.94690663E+000  0.45743363E+001  0.89074731E+001  0.16212451E+002  0.22215465E+002
 -0.93440759E+000 -0.83889056E+000 -0.56685632E+000 -0.20956161E+000 -0.57479069E-002  0.83521565E-003  0.94707464E+000  0.45746883E+001  0.89080864E+001  0.16213596E+002  0.22216745E+002
 -0.93440463E+000 -0.83888031E+000 -0.56681130E+000 -0.20949106E+000 -0.57472346E-002  0.83558083E-003  0.94724214E+000  0.45750450E+001  0.89087174E+001  0.16214765E+002  0.22218091E+002
 -0.93440135E+000 -0.83886958E+000 -0.56676607E+000 -0.20942271E+000 -0.57465901E-002  0.83593665E-003  0.94740938E+000  0.45754061E+001  0.89093657E+001  0.16215958E+002  0.22219501E+002
 -0.93439772E+000 -0.83885834E+000 -0.56672056E+000 -0.20935646E+000 -0.57459699E-002  0.83628472E-003  0.94757657E+000  0.45757718E+001  0.89100313E+001  0.16217173E+002  0.22220975E+002
 -0.93439370E+000 -0.83884654E+000 -0.56667472E+000 -0.20929218E+000 -0.57453707E-002  0.83662639E-003  0.94774386E+000  0.45761422E+001  0.89107138E+001  0.16218411E+002  0.22222511E+002
 -0.93438929E+000 -0.83883414E+000 -0.56662849E+000 -0.20922975E+000 -0.57447897E-002  0.83696276E-003  0.94791140E+000  0.45765173E+001  0.89114128E+001  0.16219673E+002  0.22224108E+002
 -0.93438446E+000 -0.83882113E+000 -0.56658184E+000 -0.20916905E+000 -0.57442246E-002  0.83729469E-003  0.94807926E+000  0.45768972E+001  0.89121278E+001  0.16220957E+002  0.22225763E+002
 -0.93437920E+000 -0.83880749E+000 -0.56653473E+000 -0.20910994E+000 -0.57436734E-002  0.83762282E-003  0.94824749E+000  0.45772821E+001  0.89128584E+001  0.16222266E+002  0.22227472E+002
 -0.93437350E+000 -0.83879320E+000 -0.56648717E+000 -0.20905233E+000 -0.57431345E-002  0.83794761E-003  0.94841611E+000  0.45776719E+001  0.89136039E+001  0.16223600E+002  0.22229233E+002
 -0.93436735E+000 -0.83877827E+000 -0.56643915E+000 -0.20899611E+000 -0.57426065E-002  0.83826936E-003  0.94858508E+000  0.45780669E+001  0.89143637E+001  0.16224958E+002  0.22231041E+002
 -0.93436075E+000 -0.83876269E+000 -0.56639070E+000 -0.20894117E+000 -0.57420883E-002  0.83858820E-003  0.94875432E+000  0.45784668E+001  0.89151373E+001  0.16226343E+002  0.22232891E+002
 -0.93435371E+000 -0.83874650E+000 -0.56634183E+000 -0.20888746E+000 -0.57415793E-002  0.83890415E-003  0.94892372E+000  0.45788718E+001  0.89159238E+001  0.16227754E+002  0.22234779E+002
 -0.93434622E+000 -0.83872971E+000 -0.56629261E+000 -0.20883489E+000 -0.57410788E-002  0.83921710E-003  0.94909315E+000  0.45792816E+001  0.89167228E+001  0.16229191E+002  0.22236699E+002
 -0.93433830E+000 -0.83871235E+000 -0.56624309E+000 -0.20878343E+000 -0.57405866E-002  0.83952687E-003  0.94926242E+000  0.45796961E+001  0.89175334E+001  0.16230653E+002  0.22238645E+002
 -0.93432997E+000 -0.83869446E+000 -0.56619335E+000 -0.20873303E+000 -0.57401026E-002  0.83983317E-003  0.94943134E+000  0.45801150E+001  0.89183551E+001  0.16232142E+002  0.22240612E+002
 -0.93432124E+000 -0.83867610E+000 -0.56614347E+000 -0.20868368E+000 -0.57396268E-002  0.84013565E-003  0.94959967E+000  0.45805382E+001  0.89191871E+001  0.16233654E+002  0.22242593E+002
 -0.93431216E+000 -0.83865732E+000 -0.56609355E+000 -0.20863536E+000 -0.57391594E-002  0.84043394E-003  0.94976720E+000  0.45809652E+001  0.89200289E+001  0.16235189E+002  0.22244583E+002
 -0.93430273E+000 -0.83863817E+000 -0.56604370E+000 -0.20858808E+000 -0.57387007E-002  0.84072760E-003  0.94993364E+000  0.45813957E+001  0.89208796E+001  0.16236744E+002  0.22246575E+002
 -0.93429301E+000 -0.83861873E+000 -0.56599401E+000 -0.20854185E+000 -0.57382511E-002  0.84101619E-003  0.95009876E+000  0.45818293E+001  0.89217384E+001  0.16238317E+002  0.22248564E+002
 -0.93428302E+000 -0.83859905E+000 -0.56594462E+000 -0.20849667E+000 -0.57378111E-002  0.84129925E-003  0.95026227E+000  0.45822655E+001  0.89226045E+001  0.16239905E+002  0.22250543E+002
 -0.93427280E+000 -0.83857920E+000 -0.56589562E+000 -0.20845257E+000 -0.57373811E-002  0.84157636E-003  0.95042393E+000  0.45827039E+001  0.89234769E+001  0.16241503E+002  0.22252508E+002
 -0.93426239E+000 -0.83855926E+000 -0.56584713E+000 -0.20840958E+000 -0.57369615E-002  0.84184710E-003  0.95058349E+000  0.45831438E+001  0.89243544E+001  0.16243109E+002  0.22254451E+002
 -0.93425183E+000 -0.83853929E+000 -0.56579926E+000 -0.20836771E+000 -0.57365528E-002  0.84211111E-003  0.95074070E+000  0.45835847E+001  0.89252357E+001  0.16244716E+002  0.22256369E+002
 -0.93424117E+000 -0.83851936E+000 -0.56575213E+000 -0.20832700E+000 -0.57361553E-002  0.84236806E-003  0.95089535E+000  0.45840261E+001  0.89261195E+001  0.16246322E+002  0.22258255E+002
 -0.93423043E+000 -0.83849954E+000 -0.56570581E+000 -0.20828744E+000 -0.57357694E-002  0.84261771E-003  0.95104726E+000  0.45844673E+001  0.89270041E+001  0.16247921E+002  0.22260105E+002
 -0.93421967E+000 -0.83847987E+000 -0.56566041E+000 -0.20824907E+000 -0.57353951E-002  0.84285985E-003  0.95119624E+000  0.45849076E+001  0.89278878E+001  0.16249509E+002  0.22261914E+002
 -0.93420892E+000 -0.83846043E+000 -0.56561600E+000 -0.20821189E+000 -0.57350327E-002  0.84309436E-003  0.95134216E+000  0.45853463E+001  0.89287687E+001  0.16251079E+002  0.22263678E+002
 -0.93419821E+000 -0.83844126E+000 -0.56557266E+000 -0.20817589E+000 -0.57346821E-002  0.84332118E-003  0.95148490E+000  0.45857827E+001  0.89296448E+001  0.16252629E+002  0.22265394E+002
 -0.93418758E+000 -0.83842241E+000 -0.56553043E+000 -0.20814107E+000 -0.57343434E-002  0.84354034E-003  0.95162437E+000  0.45862161E+001  0.89305141E+001  0.16254152E+002  0.22267058E+002
 -0.93417705E+000 -0.83840391E+000 -0.56548937E+000 -0.20810743E+000 -0.57340163E-002  0.84375189E-003  0.95176050E+000  0.45866457E+001  0.89313745E+001  0.16255645E+002  0.22268667E+002
 -0.93416665E+000 -0.83838580E+000 -0.56544950E+000 -0.20807493E+000 -0.57337008E-002  0.84395596E-003  0.95189325E+000  0.45870706E+001  0.89322237E+001  0.16257104E+002  0.22270220E+002
 -0.93415642E+000 -0.83836811E+000 -0.56541086E+000 -0.20804358E+000 -0.57333964E-002  0.84415271E-003  0.95202258E+000  0.45874901E+001  0.89330597E+001  0.16258525E+002  0.22271714E+002
 -0.93414636E+000 -0.83835087E+000 -0.56537346E+000 -0.20801333E+000 -0.57331030E-002  0.84434233E-003  0.95214847E+000  0.45879032E+001  0.89338802E+001  0.16259905E+002  0.22273148E+002
 -0.93413650E+000 -0.83833409E+000 -0.56533731E+000 -0.20798416E+000 -0.57328202E-002  0.84452502E-003  0.95227089E+000  0.45883092E+001  0.89346834E+001  0.16261240E+002  0.22274523E+002
 -0.93412687E+000 -0.83831780E+000 -0.56530241E+000 -0.20795605E+000 -0.57325478E-002  0.84470099E-003  0.95238984E+000  0.45887071E+001  0.89354672E+001  0.16262529E+002  0.22275836E+002
 -0.93411746E+000 -0.83830200E+000 -0.56526876E+000 -0.20792897E+000 -0.57322854E-002  0.84487044E-003  0.95250528E+000  0.45890962E+001  0.89362300E+001  0.16263769E+002  0.22277089E+002
 -0.93410831E+000 -0.83828671E+000 -0.56523635E+000 -0.20790290E+000 -0.57320329E-002  0.84503354E-003  0.95261718E+000  0.45894755E+001  0.89369700E+001  0.16264960E+002  0.22278281E+002
 -0.93409942E+000 -0.83827193E+000 -0.56520518E+000 -0.20787782E+000 -0.57317900E-002  0.84519044E-003  0.95272550E+000  0.45898443E+001  0.89376858E+001  0.16266100E+002  0.22279415E+002
 -0.93409080E+000 -0.83825768E+000 -0.56517524E+000 -0.20785370E+000 -0.57315566E-002  0.84534127E-003  0.95283020E+000  0.45902018E+001  0.89383762E+001  0.16267187E+002  0.22280489E+002
 -0.93408248E+000 -0.83824396E+000 -0.56514653E+000 -0.20783055E+000 -0.57313326E-002  0.84548608E-003  0.95293119E+000  0.45905473E+001  0.89390399E+001  0.16268223E+002  0.22281507E+002
 -0.93407445E+000 -0.83823078E+000 -0.56511904E+000 -0.20780835E+000 -0.57311178E-002  0.84562495E-003  0.95302843E+000  0.45908802E+001  0.89396762E+001  0.16269206E+002  0.22282469E+002
 -0.93406673E+000 -0.83821815E+000 -0.56509277E+000 -0.20778710E+000 -0.57309124E-002  0.84575789E-003  0.95312181E+000  0.45911999E+001  0.89402842E+001  0.16270138E+002  0.22283376E+002
 -0.93405933E+000 -0.83820607E+000 -0.56506772E+000 -0.20776679E+000 -0.57307163E-002  0.84588490E-003  0.95321127E+000  0.45915059E+001  0.89408634E+001  0.16271017E+002  0.22284230E+002
 -0.93405226E+000 -0.83819455E+000 -0.56504388E+000 -0.20774744E+000 -0.57305296E-002  0.84600595E-003  0.95329672E+000  0.45917977E+001  0.89414135E+001  0.16271846E+002  0.22285033E+002
 -0.93404552E+000 -0.83818359E+000 -0.56502125E+000 -0.20772905E+000 -0.57303522E-002  0.84612101E-003  0.95337809E+000  0.45920752E+001  0.89419343E+001  0.16272625E+002  0.22285785E+002
 -0.93403912E+000 -0.83817320E+000 -0.56499985E+000 -0.20771162E+000 -0.57301843E-002  0.84623005E-003  0.95345530E+000  0.45923379E+001  0.89424256E+001  0.16273355E+002  0.22286490E+002
 -0.93403308E+000 -0.83816339E+000 -0.56497966E+000 -0.20769516E+000 -0.57300259E-002  0.84633303E-003  0.95352830E+000  0.45925858E+001  0.89428876E+001  0.16274037E+002  0.22287147E+002
 -0.93402739E+000 -0.83815414E+000 -0.56496069E+000 -0.20767967E+000 -0.57298770E-002  0.84642992E-003  0.95359705E+000  0.45928188E+001  0.89433206E+001  0.16274672E+002  0.22287759E+002
 -0.93402205E+000 -0.83814548E+000 -0.56494294E+000 -0.20766515E+000 -0.57297376E-002  0.84652072E-003  0.95366152E+000  0.45930370E+001  0.89437248E+001  0.16275262E+002  0.22288327E+002
 -0.93401708E+000 -0.83813739E+000 -0.56492639E+000 -0.20765161E+000 -0.57296077E-002  0.84660542E-003  0.95372170E+000  0.45932404E+001  0.89441007E+001  0.16275807E+002  0.22288852E+002
 -0.93401246E+000 -0.83812988E+000 -0.56491105E+000 -0.20763904E+000 -0.57294872E-002  0.84668407E-003  0.95377760E+000  0.45934292E+001  0.89444488E+001  0.16276309E+002  0.22289336E+002
 -0.93400820E+000 -0.83812293E+000 -0.56489690E+000 -0.20762744E+000 -0.57293761E-002  0.84675670E-003  0.95382927E+000  0.45936036E+001  0.89447697E+001  0.16276770E+002  0.22289780E+002
 -0.93400430E+000 -0.83811655E+000 -0.56488393E+000 -0.20761679E+000 -0.57292743E-002  0.84682339E-003  0.95387674E+000  0.45937639E+001  0.89450643E+001  0.16277190E+002  0.22290185E+002
 -0.93400075E+000 -0.83811073E+000 -0.56487212E+000 -0.20760709E+000 -0.57291815E-002  0.84688423E-003  0.95392008E+000  0.45939105E+001  0.89453331E+001  0.16277572E+002  0.22290553E+002
 -0.93399754E+000 -0.83810545E+000 -0.56486145E+000 -0.20759831E+000 -0.57290976E-002  0.84693934E-003  0.95395939E+000  0.45940438E+001  0.89455770E+001  0.16277915E+002  0.22290884E+002
 -0.93399467E+000 -0.83810070E+000 -0.56485189E+000 -0.20759043E+000 -0.57290223E-002  0.84698886E-003  0.95399476E+000  0.45941641E+001  0.89457968E+001  0.16278223E+002  0.22291180E+002
 -0.93399213E+000 -0.83809648E+000 -0.56484341E+000 -0.20758344E+000 -0.57289555E-002  0.84703295E-003  0.95402631E+000  0.45942719E+001  0.89459934E+001  0.16278496E+002  0.22291442E+002
 -0.93398991E+000 -0.83809276E+000 -0.56483599E+000 -0.20757731E+000 -0.57288969E-002  0.84707178E-003  0.95405416E+000  0.45943677E+001  0.89461677E+001  0.16278736E+002  0.22291672E+002
 -0.93398801E+000 -0.83808953E+000 -0.56482957E+000 -0.20757200E+000 -0.57288461E-002  0.84710555E-003  0.95407845E+000  0.45944519E+001  0.89463207E+001  0.16278943E+002  0.22291870E+002
 -0.93398639E+000 -0.83808676E+000 -0.56482414E+000 -0.20756749E+000 -0.57288028E-002  0.84713447E-003  0.95409933E+000  0.45945251E+001  0.89464531E+001  0.16279120E+002  0.22292039E+002
 -0.93398506E+000 -0.83808445E+000 -0.56481963E+000 -0.20756373E+000 -0.57287667E-002  0.84715876E-003  0.95411696E+000  0.45945878E+001  0.89465662E+001  0.16279268E+002  0.22292179E+002
 -0.93398401E+000 -0.83808256E+000 -0.56481601E+000 -0.20756070E+000 -0.57287374E-002  0.84717866E-003  0.95413148E+000  0.45946405E+001  0.89466606E+001  0.16279389E+002  0.22292292E+002
 -0.93398321E+000 -0.83808108E+000 -0.56481323E+000 -0.20755836E+000 -0.57287145E-002  0.84719440E-003  0.95414307E+000  0.45946837E+001  0.89467376E+001  0.16279483E+002  0.22292379E+002
 -0.93398265E+000 -0.83807999E+000 -0.56481125E+000 -0.20755665E+000 -0.57286977E-002  0.84720623E-003  0.95415189E+000  0.45947180E+001  0.89467979E+001  0.16279553E+002  0.22292442E+002
 -0.93398231E+000 -0.83807925E+000 -0.56481001E+000 -0.20755556E+000 -0.57286866E-002  0.84721442E-003  0.95415811E+000  0.45947439E+001  0.89468427E+001  0.16279599E+002  0.22292481E+002
 -0.93398219E+000 -0.83807884E+000 -0.56480946E+000 -0.20755502E+000 -0.57286807E-002  0.84721919E-003  0.95416189E+000  0.45947619E+001  0.89468728E+001  0.16279624E+002  0.22292499E+002
 -0.93398226E+000 -0.83807875E+000 -0.56480955E+000 -0.20755501E+000 -0.57286797E-002  0.84722080E-003  0.95416340E+000  0.45947725E+001  0.89468893E+001  0.16279628E+002  0.22292497E+002
 -0.93398251E+000 -0.83807895E+000 -0.56481023E+000 -0.20755549E+000 -0.57286832E-002  0.84721951E-003  0.95416281E+000  0.45947763E+001  0.89468930E+001  0.16279613E+002  0.22292477E+002
 -0.93398293E+000 -0.83807941E+000 -0.56481146E+000 -0.20755640E+000 -0.57286908E-002  0.84721555E-003  0.95416027E+000  0.45947738E+001  0.89468850E+001  0.16279582E+002  0.22292439E+002
 -0.93398350E+000 -0.83808011E+000 -0.56481318E+000 -0.20755772E+000 -0.57287021E-002  0.84720915E-003  0.95415595E+000  0.45947654E+001  0.89468662E+001  0.16279534E+002  0.22292385E+002
 -0.93398420E+000 -0.83808102E+000 -0.56481535E+000 -0.20755940E+000 -0.57287168E-002  0.84720055E-003  0.95414999E+000  0.45947517E+001  0.89468374E+001  0.16279472E+002  0.22292317E+002
 -0.93398503E+000 -0.83808214E+000 -0.56481792E+000 -0.20756141E+000 -0.57287345E-002  0.84718997E-003  0.95414256E+000  0.45947331E+001  0.89467996E+001  0.16279396E+002  0.22292236E+002
 -0.93398596E+000 -0.83808343E+000 -0.56482085E+000 -0.20756370E+000 -0.57287549E-002  0.84717762E-003  0.95413379E+000  0.45947101E+001  0.89467536E+001  0.16279309E+002  0.22292143E+002
 -0.93398699E+000 -0.83808487E+000 -0.56482409E+000 -0.20756626E+000 -0.57287776E-002  0.84716370E-003  0.95412382E+000  0.45946832E+001  0.89467003E+001  0.16279212E+002  0.22292040E+002
 -0.93398810E+000 -0.83808645E+000 -0.56482760E+000 -0.20756904E+000 -0.57288024E-002  0.84714842E-003  0.95411278E+000  0.45946527E+001  0.89466405E+001  0.16279105E+002  0.22291928E+002
 -0.93398928E+000 -0.83808814E+000 -0.56483135E+000 -0.20757200E+000 -0.57288289E-002  0.84713195E-003  0.95410081E+000  0.45946191E+001  0.89465750E+001  0.16278990E+002  0.22291807E+002
 -0.93399052E+000 -0.83808993E+000 -0.56483529E+000 -0.20757513E+000 -0.57288569E-002  0.84711450E-003  0.95408804E+000  0.45945828E+001  0.89465045E+001  0.16278869E+002  0.22291680E+002
 -0.93399180E+000 -0.83809180E+000 -0.56483938E+000 -0.20757838E+000 -0.57288860E-002  0.84709623E-003  0.95407458E+000  0.45945442E+001  0.89464297E+001  0.16278741E+002  0.22291548E+002
 -0.93399312E+000 -0.83809374E+000 -0.56484360E+000 -0.20758173E+000 -0.57289161E-002  0.84707731E-003  0.95406054E+000  0.45945036E+001  0.89463515E+001  0.16278610E+002  0.22291411E+002
 -0.93399446E+000 -0.83809571E+000 -0.56484790E+000 -0.20758516E+000 -0.57289467E-002  0.84705790E-003  0.95404605E+000  0.45944614E+001  0.89462704E+001  0.16278474E+002  0.22291271E+002
 -0.93399583E+000 -0.83809772E+000 -0.56485226E+000 -0.20758863E+000 -0.57289778E-002  0.84703817E-003  0.95403120E+000  0.45944179E+001  0.89461871E+001  0.16278337E+002  0.22291128E+002
 -0.93399719E+000 -0.83809974E+000 -0.56485665E+000 -0.20759211E+000 -0.57290090E-002  0.84701826E-003  0.95401609E+000  0.45943736E+001  0.89461023E+001  0.16278197E+002  0.22290983E+002
 -0.93399856E+000 -0.83810177E+000 -0.56486102E+000 -0.20759559E+000 -0.57290401E-002  0.84699833E-003  0.95400084E+000  0.45943286E+001  0.89460165E+001  0.16278057E+002  0.22290839E+002
 -0.93399991E+000 -0.83810378E+000 -0.56486536E+000 -0.20759905E+000 -0.57290709E-002  0.84697850E-003  0.95398552E+000  0.45942833E+001  0.89459302E+001  0.16277917E+002  0.22290694E+002
 -0.93400124E+000 -0.83810577E+000 -0.56486964E+000 -0.20760245E+000 -0.57291012E-002  0.84695890E-003  0.95397022E+000  0.45942380E+001  0.89458441E+001  0.16277778E+002  0.22290551E+002
 -0.93400255E+000 -0.83810772E+000 -0.56487384E+000 -0.20760578E+000 -0.57291309E-002  0.84693967E-003  0.95395504E+000  0.45941929E+001  0.89457586E+001  0.16277641E+002  0.22290410E+002
 -0.93400382E+000 -0.83810962E+000 -0.56487792E+000 -0.20760902E+000 -0.57291596E-002  0.84692091E-003  0.95394004E+000  0.45941483E+001  0.89456741E+001  0.16277507E+002  0.22290271E+002
 -0.93400504E+000 -0.83811146E+000 -0.56488187E+000 -0.20761215E+000 -0.57291873E-002  0.84690273E-003  0.95392530E+000  0.45941043E+001  0.89455912E+001  0.16277376E+002  0.22290135E+002
 -0.93400623E+000 -0.83811323E+000 -0.56488567E+000 -0.20761515E+000 -0.57292138E-002  0.84688523E-003  0.95391089E+000  0.45940614E+001  0.89455102E+001  0.16277248E+002  0.22290004E+002
 -0.93400736E+000 -0.83811493E+000 -0.56488930E+000 -0.20761802E+000 -0.57292390E-002  0.84686850E-003  0.95389687E+000  0.45940195E+001  0.89454315E+001  0.16277125E+002  0.22289877E+002
 -0.93400843E+000 -0.83811655E+000 -0.56489275E+000 -0.20762073E+000 -0.57292627E-002  0.84685263E-003  0.95388329E+000  0.45939789E+001  0.89453554E+001  0.16277006E+002  0.22289755E+002
 -0.93400944E+000 -0.83811807E+000 -0.56489600E+000 -0.20762327E+000 -0.57292849E-002  0.84683767E-003  0.95387021E+000  0.45939398E+001  0.89452823E+001  0.16276893E+002  0.22289639E+002
 -0.93401038E+000 -0.83811949E+000 -0.56489903E+000 -0.20762565E+000 -0.57293054E-002  0.84682370E-003  0.95385767E+000  0.45939023E+001  0.89452124E+001  0.16276786E+002  0.22289528E+002
 -0.93401126E+000 -0.83812082E+000 -0.56490185E+000 -0.20762783E+000 -0.57293241E-002  0.84681076E-003  0.95384572E+000  0.45938666E+001  0.89451459E+001  0.16276684E+002  0.22289424E+002
 -0.93401207E+000 -0.83812203E+000 -0.56490443E+000 -0.20762983E+000 -0.57293411E-002  0.84679890E-003  0.95383438E+000  0.45938327E+001  0.89450831E+001  0.16276589E+002  0.22289326E+002
 -0.93401280E+000 -0.83812314E+000 -0.56490678E+000 -0.20763163E+000 -0.57293563E-002  0.84678815E-003  0.95382369E+000  0.45938007E+001  0.89450242E+001  0.16276501E+002  0.22289235E+002
 -0.93401346E+000 -0.83812414E+000 -0.56490888E+000 -0.20763324E+000 -0.57293695E-002  0.84677854E-003  0.95381366E+000  0.45937708E+001  0.89449691E+001  0.16276419E+002  0.22289151E+002
 -0.93401404E+000 -0.83812502E+000 -0.56491075E+000 -0.20763464E+000 -0.57293809E-002  0.84677009E-003  0.95380433E+000  0.45937430E+001  0.89449182E+001  0.16276344E+002  0.22289074E+002
 -0.93401455E+000 -0.83812579E+000 -0.56491236E+000 -0.20763584E+000 -0.57293904E-002  0.84676280E-003  0.95379569E+000  0.45937173E+001  0.89448714E+001  0.16276276E+002  0.22289004E+002
 -0.93401499E+000 -0.83812645E+000 -0.56491374E+000 -0.20763684E+000 -0.57293980E-002  0.84675668E-003  0.95378775E+000  0.45936937E+001  0.89448288E+001  0.16276215E+002  0.22288941E+002
 -0.93401535E+000 -0.83812699E+000 -0.56491487E+000 -0.20763764E+000 -0.57294038E-002  0.84675172E-003  0.95378053E+000  0.45936723E+001  0.89447904E+001  0.16276161E+002  0.22288885E+002
 -0.93401564E+000 -0.83812742E+000 -0.56491577E+000 -0.20763824E+000 -0.57294077E-002  0.84674790E-003  0.95377402E+000  0.45936531E+001  0.89447562E+001  0.16276114E+002  0.22288836E+002
 -0.93401586E+000 -0.83812775E+000 -0.56491643E+000 -0.20763866E+000 -0.57294098E-002  0.84674520E-003  0.95376821E+000  0.45936360E+001  0.89447261E+001  0.16276073E+002  0.22288795E+002
 -0.93401600E+000 -0.83812797E+000 -0.56491686E+000 -0.20763888E+000 -0.57294102E-002  0.84674359E-003  0.95376310E+000  0.45936211E+001  0.89447002E+001  0.16276039E+002  0.22288760E+002
 -0.93401609E+000 -0.83812808E+000 -0.56491708E+000 -0.20763892E+000 -0.57294089E-002  0.84674305E-003  0.95375866E+000  0.45936082E+001  0.89446783E+001  0.16276012E+002  0.22288732E+002
 -0.93401610E+000 -0.83812810E+000 -0.56491709E+000 -0.20763880E+000 -0.57294060E-002  0.84674353E-003  0.95375489E+000  0.45935974E+001  0.89446603E+001  0.16275991E+002  0.22288710E+002
 -0.93401606E+000 -0.83812802E+000 -0.56491689E+000 -0.20763850E+000 -0.57294016E-002  0.84674500E-003  0.95375177E+000  0.45935885E+001  0.89446461E+001  0.16275976E+002  0.22288695E+002
 -0.93401595E+000 -0.83812786E+000 -0.56491650E+000 -0.20763805E+000 -0.57293958E-002  0.84674739E-003  0.95374926E+000  0.45935816E+001  0.89446356E+001  0.16275967E+002  0.22288686E+002
 -0.93401580E+000 -0.83812760E+000 -0.56491594E+000 -0.20763745E+000 -0.57293886E-002  0.84675067E-003  0.95374735E+000  0.45935765E+001  0.89446285E+001  0.16275964E+002  0.22288682E+002
 -0.93401559E+000 -0.83812727E+000 -0.56491520E+000 -0.20763672E+000 -0.57293801E-002  0.84675477E-003  0.95374601E+000  0.45935732E+001  0.89446248E+001  0.16275966E+002  0.22288684E+002
 -0.93401533E+000 -0.83812687E+000 -0.56491431E+000 -0.20763585E+000 -0.57293705E-002  0.84675965E-003  0.95374521E+000  0.45935715E+001  0.89446243E+001  0.16275972E+002  0.22288690E+002
 -0.93401503E+000 -0.83812640E+000 -0.56491328E+000 -0.20763487E+000 -0.57293598E-002  0.84676524E-003  0.95374491E+000  0.45935714E+001  0.89446267E+001  0.16275984E+002  0.22288702E+002
 -0.93401469E+000 -0.83812587E+000 -0.56491211E+000 -0.20763378E+000 -0.57293481E-002  0.84677147E-003  0.95374509E+000  0.45935727E+001  0.89446319E+001  0.16275999E+002  0.22288718E+002
 -0.93401431E+000 -0.83812528E+000 -0.56491083E+000 -0.20763260E+000 -0.57293356E-002  0.84677830E-003  0.95374571E+000  0.45935754E+001  0.89446397E+001  0.16276019E+002  0.22288737E+002
 -0.93401390E+000 -0.83812464E+000 -0.56490944E+000 -0.20763133E+000 -0.57293224E-002  0.84678564E-003  0.95374675E+000  0.45935794E+001  0.89446498E+001  0.16276042E+002  0.22288761E+002
 -0.93401347E+000 -0.83812395E+000 -0.56490796E+000 -0.20762999E+000 -0.57293085E-002  0.84679345E-003  0.95374815E+000  0.45935845E+001  0.89446621E+001  0.16276068E+002  0.22288788E+002
 -0.93401300E+000 -0.83812323E+000 -0.56490640E+000 -0.20762858E+000 -0.57292941E-002  0.84680165E-003  0.95374989E+000  0.45935907E+001  0.89446763E+001  0.16276097E+002  0.22288818E+002
 -0.93401252E+000 -0.83812248E+000 -0.56490478E+000 -0.20762713E+000 -0.57292792E-002  0.84681019E-003  0.95375194E+000  0.45935978E+001  0.89446922E+001  0.16276129E+002  0.22288850E+002
 -0.93401203E+000 -0.83812170E+000 -0.56490310E+000 -0.20762563E+000 -0.57292640E-002  0.84681900E-003  0.95375425E+000  0.45936057E+001  0.89447097E+001  0.16276163E+002  0.22288884E+002
 -0.93401151E+000 -0.83812091E+000 -0.56490138E+000 -0.20762410E+000 -0.57292486E-002  0.84682802E-003  0.95375680E+000  0.45936144E+001  0.89447285E+001  0.16276198E+002  0.22288921E+002
 -0.93401099E+000 -0.83812009E+000 -0.56489963E+000 -0.20762254E+000 -0.57292330E-002  0.84683718E-003  0.95375955E+000  0.45936236E+001  0.89447484E+001  0.16276235E+002  0.22288959E+002
 -0.93401047E+000 -0.83811927E+000 -0.56489787E+000 -0.20762098E+000 -0.57292174E-002  0.84684645E-003  0.95376247E+000  0.45936334E+001  0.89447692E+001  0.16276274E+002  0.22288998E+002
 -0.93400994E+000 -0.83811845E+000 -0.56489609E+000 -0.20761941E+000 -0.57292019E-002  0.84685574E-003  0.95376553E+000  0.45936436E+001  0.89447908E+001  0.16276313E+002  0.22289038E+002
 -0.93400942E+000 -0.83811762E+000 -0.56489432E+000 -0.20761785E+000 -0.57291865E-002  0.84686502E-003  0.95376869E+000  0.45936542E+001  0.89448129E+001  0.16276353E+002  0.22289079E+002
 -0.93400889E+000 -0.83811680E+000 -0.56489257E+000 -0.20761630E+000 -0.57291713E-002  0.84687423E-003  0.95377193E+000  0.45936650E+001  0.89448354E+001  0.16276393E+002  0.22289120E+002
 -0.93400838E+000 -0.83811599E+000 -0.56489084E+000 -0.20761477E+000 -0.57291565E-002  0.84688332E-003  0.95377522E+000  0.45936759E+001  0.89448581E+001  0.16276433E+002  0.22289161E+002
 -0.93400787E+000 -0.83811520E+000 -0.56488914E+000 -0.20761327E+000 -0.57291420E-002  0.84689224E-003  0.95377853E+000  0.45936869E+001  0.89448809E+001  0.16276473E+002  0.22289201E+002
 -0.93400738E+000 -0.83811442E+000 -0.56488748E+000 -0.20761181E+000 -0.57291279E-002  0.84690097E-003  0.95378185E+000  0.45936979E+001  0.89449036E+001  0.16276512E+002  0.22289242E+002
 -0.93400690E+000 -0.83811367E+000 -0.56488587E+000 -0.20761039E+000 -0.57291144E-002  0.84690944E-003  0.95378514E+000  0.45937089E+001  0.89449261E+001  0.16276551E+002  0.22289281E+002
 -0.93400643E+000 -0.83811294E+000 -0.56488431E+000 -0.20760902E+000 -0.57291014E-002  0.84691763E-003  0.95378839E+000  0.45937197E+001  0.89449483E+001  0.16276589E+002  0.22289320E+002
 -0.93400599E+000 -0.83811224E+000 -0.56488282E+000 -0.20760771E+000 -0.57290890E-002  0.84692550E-003  0.95379157E+000  0.45937303E+001  0.89449701E+001  0.16276627E+002  0.22289358E+002
 -0.93400556E+000 -0.83811156E+000 -0.56488139E+000 -0.20760645E+000 -0.57290774E-002  0.84693302E-003  0.95379468E+000  0.45937407E+001  0.89449913E+001  0.16276663E+002  0.22289395E+002
 -0.93400515E+000 -0.83811092E+000 -0.56488003E+000 -0.20760525E+000 -0.57290664E-002  0.84694016E-003  0.95379769E+000  0.45937508E+001  0.89450120E+001  0.16276698E+002  0.22289430E+002
 -0.93400477E+000 -0.83811032E+000 -0.56487875E+000 -0.20760411E+000 -0.57290562E-002  0.84694691E-003  0.95380060E+000  0.45937606E+001  0.89450320E+001  0.16276731E+002  0.22289465E+002
 -0.93400441E+000 -0.83810975E+000 -0.56487755E+000 -0.20760305E+000 -0.57290468E-002  0.84695322E-003  0.95380338E+000  0.45937700E+001  0.89450513E+001  0.16276763E+002  0.22289497E+002
 -0.93400408E+000 -0.83810922E+000 -0.56487643E+000 -0.20760206E+000 -0.57290383E-002  0.84695909E-003  0.95380604E+000  0.45937791E+001  0.89450698E+001  0.16276794E+002  0.22289528E+002
 -0.93400377E+000 -0.83810873E+000 -0.56487539E+000 -0.20760114E+000 -0.57290306E-002  0.84696451E-003  0.95380855E+000  0.45937878E+001  0.89450875E+001  0.16276823E+002  0.22289558E+002
 -0.93400348E+000 -0.83810828E+000 -0.56487445E+000 -0.20760029E+000 -0.57290238E-002  0.84696944E-003  0.95381093E+000  0.45937961E+001  0.89451044E+001  0.16276851E+002  0.22289586E+002
 -0.93400322E+000 -0.83810787E+000 -0.56487359E+000 -0.20759952E+000 -0.57290179E-002  0.84697390E-003  0.95381315E+000  0.45938039E+001  0.89451206E+001  0.16276878E+002  0.22289613E+002
 -0.93400299E+000 -0.83810751E+000 -0.56487283E+000 -0.20759883E+000 -0.57290129E-002  0.84697786E-003  0.95381523E+000  0.45938114E+001  0.89451359E+001  0.16276902E+002  0.22289638E+002
 -0.93400279E+000 -0.83810718E+000 -0.56487216E+000 -0.20759822E+000 -0.57290088E-002  0.84698132E-003  0.95381715E+000  0.45938184E+001  0.89451505E+001  0.16276926E+002  0.22289662E+002
 -0.93400261E+000 -0.83810690E+000 -0.56487158E+000 -0.20759768E+000 -0.57290057E-002  0.84698429E-003  0.95381892E+000  0.45938251E+001  0.89451643E+001  0.16276948E+002  0.22289684E+002
 -0.93400246E+000 -0.83810666E+000 -0.56487109E+000 -0.20759723E+000 -0.57290035E-002  0.84698676E-003  0.95382053E+000  0.45938314E+001  0.89451775E+001  0.16276970E+002  0.22289706E+002
 -0.93400234E+000 -0.83810646E+000 -0.56487069E+000 -0.20759685E+000 -0.57290022E-002  0.84698874E-003  0.95382200E+000  0.45938373E+001  0.89451900E+001  0.16276990E+002  0.22289726E+002
 -0.93400224E+000 -0.83810631E+000 -0.56487039E+000 -0.20759655E+000 -0.57290019E-002  0.84699023E-003  0.95382332E+000  0.45938428E+001  0.89452019E+001  0.16277009E+002  0.22289745E+002
 -0.93400218E+000 -0.83810620E+000 -0.56487019E+000 -0.20759634E+000 -0.57290025E-002  0.84699123E-003  0.95382448E+000  0.45938481E+001  0.89452132E+001  0.16277028E+002  0.22289764E+002
 -0.93400214E+000 -0.83810614E+000 -0.56487009E+000 -0.20759620E+000 -0.57290040E-002  0.84699174E-003  0.95382549E+000  0.45938529E+001  0.89452241E+001  0.16277046E+002  0.22289783E+002
 -0.93400213E+000 -0.83810613E+000 -0.56487010E+000 -0.20759617E+000 -0.57290066E-002  0.84699171E-003  0.95382633E+000  0.45938575E+001  0.89452344E+001  0.16277063E+002  0.22289801E+002
 -0.93400217E+000 -0.83810617E+000 -0.56487023E+000 -0.20759623E+000 -0.57290103E-002  0.84699109E-003  0.95382697E+000  0.45938616E+001  0.89452443E+001  0.16277080E+002  0.22289819E+002
 -0.93400224E+000 -0.83810628E+000 -0.56487052E+000 -0.20759642E+000 -0.57290152E-002  0.84698977E-003  0.95382737E+000  0.45938653E+001  0.89452536E+001  0.16277097E+002  0.22289838E+002
 -0.93400237E+000 -0.83810647E+000 -0.56487097E+000 -0.20759676E+000 -0.57290217E-002  0.84698761E-003  0.95382749E+000  0.45938685E+001  0.89452623E+001  0.16277114E+002  0.22289857E+002
 -0.93400255E+000 -0.83810675E+000 -0.56487161E+000 -0.20759725E+000 -0.57290298E-002  0.84698450E-003  0.95382728E+000  0.45938711E+001  0.89452704E+001  0.16277131E+002  0.22289877E+002
 -0.93400278E+000 -0.83810709E+000 -0.56487240E+000 -0.20759788E+000 -0.57290395E-002  0.84698050E-003  0.95382677E+000  0.45938733E+001  0.89452780E+001  0.16277149E+002  0.22289898E+002
 -0.93400302E+000 -0.83810747E+000 -0.56487327E+000 -0.20759859E+000 -0.57290498E-002  0.84697604E-003  0.95382608E+000  0.45938751E+001  0.89452853E+001  0.16277167E+002  0.22289921E+002
 -0.93400321E+000 -0.83810781E+000 -0.56487406E+000 -0.20759923E+000 -0.57290591E-002  0.84697221E-003  0.95382548E+000  0.45938768E+001  0.89452926E+001  0.16277187E+002  0.22289947E+002
 -0.93400331E+000 -0.83810802E+000 -0.56487460E+000 -0.20759961E+000 -0.57290645E-002  0.84697080E-003  0.95382539E+000  0.45938789E+001  0.89453006E+001  0.16277211E+002  0.22289977E+002
 -0.93400328E+000 -0.83810809E+000 -0.56487485E+000 -0.20759966E+000 -0.57290638E-002  0.84697351E-003  0.95382605E+000  0.45938812E+001  0.89453091E+001  0.16277237E+002  0.22290013E+002
 -0.93400334E+000 -0.83810824E+000 -0.56487538E+000 -0.20759980E+000 -0.57290599E-002  0.84697917E-003  0.95382668E+000  0.45938821E+001  0.89453161E+001  0.16277264E+002  0.22290052E+002
 -0.93400402E+000 -0.83810922E+000 -0.56487782E+000 -0.20760143E+000 -0.57290684E-002  0.84697916E-003  0.95382459E+000  0.45938776E+001  0.89453156E+001  0.16277282E+002  0.22290087E+002
 -0.93400607E+000 -0.83811216E+000 -0.56488481E+000 -0.20760714E+000 -0.57291219E-002  0.84695416E-003  0.95381398E+000  0.45938598E+001  0.89452970E+001  0.16277276E+002  0.22290101E+002
 -0.93400947E+000 -0.83811729E+000 -0.56489710E+000 -0.20761777E+000 -0.57292321E-002  0.84689683E-003  0.95379304E+000  0.45938244E+001  0.89452504E+001  0.16277222E+002  0.22290068E+002
 -0.93401169E+000 -0.83812162E+000 -0.56490929E+000 -0.20762905E+000 -0.57293364E-002  0.84686799E-003  0.95377104E+000  0.45937794E+001  0.89451959E+001  0.16277175E+002  0.22290036E+002
 -0.93401662E+000 -0.83812756E+000 -0.56491881E+000 -0.20763536E+000 -0.57293214E-002  0.84693343E-003  0.95377899E+000  0.45937827E+001  0.89452076E+001  0.16277231E+002  0.22290081E+002
