  0.00000000E+000  0.00000000E+000  0.00000000E+000  0.00000000E+000  0.89217519E-002  0.14320018E+000  0.35052330E+001  0.29841560E+002  0.74484169E+002  0.19066032E+003  0.35724372E+003
  0.00000000E+000  0.00000000E+000  0.00000000E+000  0.00000000E+000  0.89257032E-002  0.14322219E+000  0.35055036E+001  0.29842040E+002  0.74485434E+002  0.19066414E+003  0.35725120E+003
  0.00000000E+000  0.00000000E+000  0.00000000E+000  0.00000000E+000  0.89288601E-002  0.14324060E+000  0.35057287E+001  0.29842363E+002  0.74486126E+002  0.19066611E+003  0.35725492E+003
  0.00000000E+000  0.00000000E+000  0.00000000E+000  0.00000000E+000  0.89313888E-002  0.14325589E+000  0.35059169E+001  0.29842604E+002  0.74486552E+002  0.19066712E+003  0.35725655E+003
  0.00000000E+000  0.00000000E+000  0.00000000E+000  0.00000000E+000  0.89334158E-002  0.14326849E+000  0.35060741E+001  0.29842788E+002  0.74486832E+002  0.19066761E+003  0.35725704E+003
  0.00000000E+000  0.00000000E+000  0.00000000E+000  0.00000000E+000  0.89350387E-002  0.14327879E+000  0.35062054E+001  0.29842928E+002  0.74487019E+002  0.19066780E+003  0.35725692E+003
  0.00000000E+000  0.00000000E+000  0.00000000E+000  0.00000000E+000  0.89363342E-002  0.14328712E+000  0.35063150E+001  0.29843032E+002  0.74487142E+002  0.19066781E+003  0.35725650E+003
  0.00000000E+000  0.00000000E+000  0.00000000E+000  0.00000000E+000  0.89373637E-002  0.14329378E+000  0.35064062E+001  0.29843107E+002  0.74487216E+002  0.19066772E+003  0.35725594E+003
  0.00000000E+000  0.00000000E+000  0.00000000E+000  0.00000000E+000  0.89381769E-002  0.14329905E+000  0.35064819E+001  0.29843157E+002  0.74487252E+002  0.19066756E+003  0.35725533E+003
  0.00000000E+000  0.00000000E+000  0.00000000E+000  0.00000000E+000  0.89388142E-002  0.14330313E+000  0.35065447E+001  0.29843189E+002  0.74487258E+002  0.19066738E+003  0.35725473E+003
  0.00000000E+000  0.00000000E+000  0.00000000E+000  0.00000000E+000  0.89393088E-002  0.14330623E+000  0.35065964E+001  0.29843204E+002  0.74487241E+002  0.19066718E+003  0.35725418E+003
  0.00000000E+000  0.00000000E+000  0.00000000E+000  0.00000000E+000  0.89396880E-002  0.14330850E+000  0.35066389E+001  0.29843207E+002  0.74487205E+002  0.19066698E+003  0.35725368E+003
  0.00000000E+000  0.00000000E+000  0.00000000E+000  0.00000000E+000  0.89399742E-002  0.14331009E+000  0.35066735E+001  0.29843200E+002  0.74487155E+002  0.19066678E+003  0.35725324E+003
  0.00000000E+000  0.00000000E+000  0.00000000E+000  0.00000000E+000  0.89401861E-002  0.14331110E+000  0.35067016E+001  0.29843185E+002  0.74487094E+002  0.19066658E+003  0.35725287E+003
  0.00000000E+000  0.00000000E+000  0.00000000E+000  0.00000000E+000  0.89403389E-002  0.14331166E+000  0.35067240E+001  0.29843162E+002  0.74487024E+002  0.19066639E+003  0.35725255E+003
  0.00000000E+000  0.00000000E+000  0.00000000E+000  0.00000000E+000  0.89404453E-002  0.14331182E+000  0.35067417E+001  0.29843135E+002  0.74486947E+002  0.19066622E+003  0.35725229E+003
  0.00000000E+000  0.00000000E+000  0.00000000E+000  0.00000000E+000  0.89405160E-002  0.14331168E+000  0.35067554E+001  0.29843102E+002  0.74486865E+002  0.19066605E+003  0.35725208E+003
  0.00000000E+000  0.00000000E+000  0.00000000E+000  0.00000000E+000  0.89405596E-002  0.14331128E+000  0.35067657E+001  0.29843067E+002  0.74486780E+002  0.19066589E+003  0.35725192E+003
  0.00000000E+000  0.00000000E+000  0.00000000E+000  0.00000000E+000  0.89405835E-002  0.14331068E+000  0.35067731E+001  0.29843029E+002  0.74486693E+002  0.19066575E+003  0.35725181E+003
  0.00000000E+000  0.00000000E+000  0.00000000E+000  0.00000000E+000  0.89405938E-002  0.14330991E+000  0.35067780E+001  0.29842989E+002  0.74486604E+002  0.19066563E+003  0.35725173E+003
  0.00000000E+000  0.00000000E+000  0.00000000E+000  0.00000000E+000  0.89405956E-002  0.14330901E+000  0.35067808E+001  0.29842947E+002  0.74486515E+002  0.19066551E+003  0.35725169E+003
  0.00000000E+000  0.00000000E+000  0.00000000E+000  0.00000000E+000  0.89405931E-002  0.14330802E+000  0.35067818E+001  0.29842905E+002  0.74486425E+002  0.19066541E+003  0.35725169E+003
  0.00000000E+000  0.00000000E+000  0.00000000E+000  0.00000000E+000  0.89405901E-002  0.14330695E+000  0.35067812E+001  0.29842862E+002  0.74486336E+002  0.19066532E+003  0.35725172E+003
  0.00000000E+000  0.00000000E+000  0.00000000E+000  0.00000000E+000  0.89405895E-002  0.14330583E+000  0.35067794E+001  0.29842819E+002  0.74486248E+002  0.19066525E+003  0.35725178E+003
  0.00000000E+000  0.00000000E+000  0.00000000E+000  0.00000000E+000  0.89405940E-002  0.14330467E+000  0.35067764E+001  0.29842775E+002  0.74486161E+002  0.19066518E+003  0.35725186E+003
  0.00000000E+000  0.00000000E+000  0.00000000E+000  0.00000000E+000  0.89406059E-002  0.14330349E+000  0.35067724E+001  0.29842732E+002  0.74486076E+002  0.19066513E+003  0.35725197E+003
  0.00000000E+000  0.00000000E+000  0.00000000E+000  0.00000000E+000  0.89406269E-002  0.14330230E+000  0.35067677E+001  0.29842689E+002  0.74485993E+002  0.19066509E+003  0.35725210E+003
  0.00000000E+000  0.00000000E+000  0.00000000E+000  0.00000000E+000  0.89406588E-002  0.14330112E+000  0.35067622E+001  0.29842647E+002  0.74485911E+002  0.19066506E+003  0.35725226E+003
  0.00000000E+000  0.00000000E+000  0.00000000E+000  0.00000000E+000  0.89407030E-002  0.14329995E+000  0.35067561E+001  0.29842605E+002  0.74485832E+002  0.19066504E+003  0.35725244E+003
  0.00000000E+000  0.00000000E+000  0.00000000E+000  0.00000000E+000  0.89407606E-002  0.14329880E+000  0.35067495E+001  0.29842565E+002  0.74485755E+002  0.19066504E+003  0.35725263E+003
  0.00000000E+000  0.00000000E+000  0.00000000E+000  0.00000000E+000  0.89408327E-002  0.14329768E+000  0.35067424E+001  0.29842524E+002  0.74485680E+002  0.19066504E+003  0.35725285E+003
  0.00000000E+000  0.00000000E+000  0.00000000E+000  0.00000000E+000  0.89409201E-002  0.14329661E+000  0.35067350E+001  0.29842485E+002  0.74485607E+002  0.19066505E+003  0.35725308E+003
  0.00000000E+000  0.00000000E+000  0.00000000E+000  0.00000000E+000  0.89410235E-002  0.14329558E+000  0.35067273E+001  0.29842447E+002  0.74485537E+002  0.19066507E+003  0.35725333E+003
  0.00000000E+000  0.00000000E+000  0.00000000E+000  0.00000000E+000  0.89411434E-002  0.14329460E+000  0.35067193E+001  0.29842410E+002  0.74485469E+002  0.19066510E+003  0.35725360E+003
  0.00000000E+000  0.00000000E+000  0.00000000E+000  0.00000000E+000  0.89412804E-002  0.14329368E+000  0.35067111E+001  0.29842374E+002  0.74485404E+002  0.19066514E+003  0.35725388E+003
  0.00000000E+000  0.00000000E+000  0.00000000E+000  0.00000000E+000  0.89414348E-002  0.14329282E+000  0.35067028E+001  0.29842340E+002  0.74485341E+002  0.19066519E+003  0.35725418E+003
  0.00000000E+000  0.00000000E+000  0.00000000E+000  0.00000000E+000  0.89416067E-002  0.14329203E+000  0.35066944E+001  0.29842306E+002  0.74485281E+002  0.19066525E+003  0.35725450E+003
  0.00000000E+000  0.00000000E+000  0.00000000E+000  0.00000000E+000  0.89417962E-002  0.14329132E+000  0.35066859E+001  0.29842274E+002  0.74485223E+002  0.19066531E+003  0.35725483E+003
  0.00000000E+000  0.00000000E+000  0.00000000E+000  0.00000000E+000  0.89420035E-002  0.14329068E+000  0.35066774E+001  0.29842244E+002  0.74485167E+002  0.19066539E+003  0.35725518E+003
  0.00000000E+000  0.00000000E+000  0.00000000E+000  0.00000000E+000  0.89422283E-002  0.14329012E+000  0.35066689E+001  0.29842215E+002  0.74485114E+002  0.19066547E+003  0.35725555E+003
  0.00000000E+000  0.00000000E+000  0.00000000E+000  0.00000000E+000  0.89424706E-002  0.14328964E+000  0.35066604E+001  0.29842187E+002  0.74485063E+002  0.19066556E+003  0.35725594E+003
  0.00000000E+000  0.00000000E+000  0.00000000E+000  0.00000000E+000  0.89427300E-002  0.14328925E+000  0.35066521E+001  0.29842161E+002  0.74485014E+002  0.19066565E+003  0.35725634E+003
  0.00000000E+000  0.00000000E+000  0.00000000E+000  0.00000000E+000  0.89430063E-002  0.14328895E+000  0.35066438E+001  0.29842137E+002  0.74484967E+002  0.19066576E+003  0.35725676E+003
  0.00000000E+000  0.00000000E+000  0.00000000E+000  0.00000000E+000  0.89432990E-002  0.14328874E+000  0.35066358E+001  0.29842115E+002  0.74484923E+002  0.19066587E+003  0.35725719E+003
  0.00000000E+000  0.00000000E+000  0.00000000E+000  0.00000000E+000  0.89436076E-002  0.14328864E+000  0.35066279E+001  0.29842094E+002  0.74484880E+002  0.19066599E+003  0.35725765E+003
  0.00000000E+000  0.00000000E+000  0.00000000E+000  0.00000000E+000  0.89439317E-002  0.14328863E+000  0.35066202E+001  0.29842075E+002  0.74484840E+002  0.19066612E+003  0.35725812E+003
  0.00000000E+000  0.00000000E+000  0.00000000E+000  0.00000000E+000  0.89442707E-002  0.14328872E+000  0.35066127E+001  0.29842059E+002  0.74484802E+002  0.19066625E+003  0.35725861E+003
  0.00000000E+000  0.00000000E+000  0.00000000E+000  0.00000000E+000  0.89446239E-002  0.14328892E+000  0.35066055E+001  0.29842045E+002  0.74484766E+002  0.19066640E+003  0.35725912E+003
  0.00000000E+000  0.00000000E+000  0.00000000E+000  0.00000000E+000  0.89449906E-002  0.14328922E+000  0.35065987E+001  0.29842032E+002  0.74484732E+002  0.19066655E+003  0.35725966E+003
  0.00000000E+000  0.00000000E+000  0.00000000E+000  0.00000000E+000  0.89453702E-002  0.14328964E+000  0.35065921E+001  0.29842023E+002  0.74484701E+002  0.19066671E+003  0.35726021E+003
  0.00000000E+000  0.00000000E+000  0.00000000E+000  0.00000000E+000  0.89457618E-002  0.14329018E+000  0.35065860E+001  0.29842016E+002  0.74484671E+002  0.19066688E+003  0.35726078E+003
  0.00000000E+000  0.00000000E+000  0.00000000E+000  0.00000000E+000  0.89461647E-002  0.14329083E+000  0.35065803E+001  0.29842011E+002  0.74484645E+002  0.19066705E+003  0.35726137E+003
  0.00000000E+000  0.00000000E+000  0.00000000E+000  0.00000000E+000  0.89465780E-002  0.14329161E+000  0.35065751E+001  0.29842010E+002  0.74484620E+002  0.19066724E+003  0.35726199E+003
  0.00000000E+000  0.00000000E+000  0.00000000E+000  0.00000000E+000  0.89470009E-002  0.14329251E+000  0.35065704E+001  0.29842011E+002  0.74484598E+002  0.19066743E+003  0.35726263E+003
  0.00000000E+000  0.00000000E+000  0.00000000E+000  0.00000000E+000  0.89474325E-002  0.14329353E+000  0.35065664E+001  0.29842015E+002  0.74484579E+002  0.19066764E+003  0.35726329E+003
  0.00000000E+000  0.00000000E+000  0.00000000E+000  0.00000000E+000  0.89478720E-002  0.14329469E+000  0.35065630E+001  0.29842023E+002  0.74484564E+002  0.19066785E+003  0.35726397E+003
  0.00000000E+000  0.00000000E+000  0.00000000E+000  0.00000000E+000  0.89483183E-002  0.14329598E+000  0.35065603E+001  0.29842034E+002  0.74484552E+002  0.19066807E+003  0.35726468E+003
  0.00000000E+000  0.00000000E+000  0.00000000E+000  0.00000000E+000  0.89487706E-002  0.14329740E+000  0.35065585E+001  0.29842048E+002  0.74484543E+002  0.19066831E+003  0.35726541E+003
  0.00000000E+000  0.00000000E+000  0.00000000E+000  0.00000000E+000  0.89492278E-002  0.14329896E+000  0.35065576E+001  0.29842067E+002  0.74484539E+002  0.19066855E+003  0.35726617E+003
  0.00000000E+000  0.00000000E+000  0.00000000E+000  0.00000000E+000  0.89496891E-002  0.14330066E+000  0.35065576E+001  0.29842089E+002  0.74484539E+002  0.19066881E+003  0.35726695E+003
  0.00000000E+000  0.00000000E+000  0.00000000E+000  0.00000000E+000  0.89501534E-002  0.14330249E+000  0.35065586E+001  0.29842115E+002  0.74484544E+002  0.19066907E+003  0.35726776E+003
  0.00000000E+000  0.00000000E+000  0.00000000E+000  0.00000000E+000  0.89506198E-002  0.14330446E+000  0.35065607E+001  0.29842146E+002  0.74484555E+002  0.19066935E+003  0.35726859E+003
  0.00000000E+000  0.00000000E+000  0.00000000E+000  0.00000000E+000  0.89510872E-002  0.14330657E+000  0.35065640E+001  0.29842180E+002  0.74484572E+002  0.19066964E+003  0.35726945E+003
  0.00000000E+000  0.00000000E+000  0.00000000E+000  0.00000000E+000  0.89515548E-002  0.14330882E+000  0.35065686E+001  0.29842219E+002  0.74484595E+002  0.19066994E+003  0.35727034E+003
  0.00000000E+000  0.00000000E+000  0.00000000E+000  0.00000000E+000  0.89520214E-002  0.14331121E+000  0.35065744E+001  0.29842263E+002  0.74484626E+002  0.19067025E+003  0.35727125E+003
  0.00000000E+000  0.00000000E+000  0.00000000E+000  0.00000000E+000  0.89524861E-002  0.14331374E+000  0.35065817E+001  0.29842312E+002  0.74484665E+002  0.19067058E+003  0.35727219E+003
  0.00000000E+000  0.00000000E+000  0.00000000E+000  0.00000000E+000  0.89529480E-002  0.14331640E+000  0.35065903E+001  0.29842366E+002  0.74484712E+002  0.19067092E+003  0.35727316E+003
  0.00000000E+000  0.00000000E+000  0.00000000E+000  0.00000000E+000  0.89534061E-002  0.14331920E+000  0.35066004E+001  0.29842425E+002  0.74484769E+002  0.19067127E+003  0.35727415E+003
  0.00000000E+000  0.00000000E+000  0.00000000E+000  0.00000000E+000  0.89538596E-002  0.14332214E+000  0.35066120E+001  0.29842490E+002  0.74484836E+002  0.19067164E+003  0.35727517E+003
  0.00000000E+000  0.00000000E+000  0.00000000E+000  0.00000000E+000  0.89543077E-002  0.14332520E+000  0.35066251E+001  0.29842560E+002  0.74484913E+002  0.19067202E+003  0.35727622E+003
  0.00000000E+000  0.00000000E+000  0.00000000E+000  0.00000000E+000  0.89547494E-002  0.14332839E+000  0.35066399E+001  0.29842636E+002  0.74485002E+002  0.19067241E+003  0.35727730E+003
  0.00000000E+000  0.00000000E+000  0.00000000E+000  0.00000000E+000  0.89551841E-002  0.14333172E+000  0.35066563E+001  0.29842718E+002  0.74485103E+002  0.19067282E+003  0.35727841E+003
  0.00000000E+000  0.00000000E+000  0.00000000E+000  0.00000000E+000  0.89556111E-002  0.14333516E+000  0.35066743E+001  0.29842807E+002  0.74485217E+002  0.19067324E+003  0.35727954E+003
  0.00000000E+000  0.00000000E+000  0.00000000E+000  0.00000000E+000  0.89560298E-002  0.14333873E+000  0.35066940E+001  0.29842902E+002  0.74485344E+002  0.19067368E+003  0.35728070E+003
  0.00000000E+000  0.00000000E+000  0.00000000E+000  0.00000000E+000  0.89564397E-002  0.14334242E+000  0.35067154E+001  0.29843004E+002  0.74485486E+002  0.19067413E+003  0.35728189E+003
  0.00000000E+000  0.00000000E+000  0.00000000E+000  0.00000000E+000  0.89568404E-002  0.14334623E+000  0.35067386E+001  0.29843113E+002  0.74485642E+002  0.19067460E+003  0.35728311E+003
  0.00000000E+000  0.00000000E+000  0.00000000E+000  0.00000000E+000  0.89572313E-002  0.14335015E+000  0.35067635E+001  0.29843230E+002  0.74485814E+002  0.19067509E+003  0.35728436E+003
  0.00000000E+000  0.00000000E+000  0.00000000E+000  0.00000000E+000  0.89576124E-002  0.14335418E+000  0.35067901E+001  0.29843354E+002  0.74486002E+002  0.19067559E+003  0.35728564E+003
  0.00000000E+000  0.00000000E+000  0.00000000E+000  0.00000000E+000  0.89579833E-002  0.14335832E+000  0.35068185E+001  0.29843485E+002  0.74486205E+002  0.19067612E+003  0.35728695E+003
  0.00000000E+000  0.00000000E+000  0.00000000E+000  0.00000000E+000  0.89583439E-002  0.14336257E+000  0.35068487E+001  0.29843624E+002  0.74486425E+002  0.19067666E+003  0.35728828E+003
  0.00000000E+000  0.00000000E+000  0.00000000E+000  0.00000000E+000  0.89586942E-002  0.14336691E+000  0.35068807E+001  0.29843771E+002  0.74486662E+002  0.19067721E+003  0.35728964E+003
  0.00000000E+000  0.00000000E+000  0.00000000E+000  0.00000000E+000  0.89590341E-002  0.14337135E+000  0.35069145E+001  0.29843926E+002  0.74486916E+002  0.19067779E+003  0.35729104E+003
  0.00000000E+000  0.00000000E+000  0.00000000E+000  0.00000000E+000  0.89593637E-002  0.14337587E+000  0.35069501E+001  0.29844089E+002  0.74487187E+002  0.19067839E+003  0.35729246E+003
  0.00000000E+000  0.00000000E+000  0.00000000E+000  0.00000000E+000  0.89596830E-002  0.14338048E+000  0.35069876E+001  0.29844259E+002  0.74487475E+002  0.19067901E+003  0.35729391E+003
  0.00000000E+000  0.00000000E+000  0.00000000E+000  0.00000000E+000  0.89599923E-002  0.14338517E+000  0.35070268E+001  0.29844438E+002  0.74487780E+002  0.19067965E+003  0.35729539E+003
  0.00000000E+000  0.00000000E+000  0.00000000E+000  0.00000000E+000  0.89602917E-002  0.14338993E+000  0.35070679E+001  0.29844624E+002  0.74488102E+002  0.19068031E+003  0.35729690E+003
  0.00000000E+000  0.00000000E+000  0.00000000E+000  0.00000000E+000  0.89605814E-002  0.14339475E+000  0.35071108E+001  0.29844818E+002  0.74488440E+002  0.19068099E+003  0.35729843E+003
  0.00000000E+000  0.00000000E+000  0.00000000E+000  0.00000000E+000  0.89608616E-002  0.14339962E+000  0.35071556E+001  0.29845020E+002  0.74488795E+002  0.19068170E+003  0.35730000E+003
  0.00000000E+000  0.00000000E+000  0.00000000E+000  0.00000000E+000  0.89611327E-002  0.14340455E+000  0.35072022E+001  0.29845228E+002  0.74489166E+002  0.19068242E+003  0.35730160E+003
  0.00000000E+000  0.00000000E+000  0.00000000E+000  0.00000000E+000  0.89613949E-002  0.14340951E+000  0.35072506E+001  0.29845444E+002  0.74489552E+002  0.19068318E+003  0.35730322E+003
  0.00000000E+000  0.00000000E+000  0.00000000E+000  0.00000000E+000  0.89616485E-002  0.14341450E+000  0.35073009E+001  0.29845666E+002  0.74489954E+002  0.19068395E+003  0.35730487E+003
  0.00000000E+000  0.00000000E+000  0.00000000E+000  0.00000000E+000  0.89618938E-002  0.14341950E+000  0.35073530E+001  0.29845895E+002  0.74490370E+002  0.19068475E+003  0.35730656E+003
  0.00000000E+000  0.00000000E+000  0.00000000E+000  0.00000000E+000  0.89621311E-002  0.14342452E+000  0.35074069E+001  0.29846130E+002  0.74490801E+002  0.19068558E+003  0.35730827E+003
  0.00000000E+000  0.00000000E+000  0.00000000E+000  0.00000000E+000  0.89623607E-002  0.14342954E+000  0.35074626E+001  0.29846371E+002  0.74491245E+002  0.19068643E+003  0.35731001E+003
  0.00000000E+000  0.00000000E+000  0.00000000E+000  0.00000000E+000  0.89625829E-002  0.14343455E+000  0.35075202E+001  0.29846617E+002  0.74491702E+002  0.19068730E+003  0.35731179E+003
  0.00000000E+000  0.00000000E+000  0.00000000E+000  0.00000000E+000  0.89627980E-002  0.14343954E+000  0.35075794E+001  0.29846869E+002  0.74492172E+002  0.19068820E+003  0.35731359E+003
  0.00000000E+000  0.00000000E+000  0.00000000E+000  0.00000000E+000  0.89630063E-002  0.14344450E+000  0.35076405E+001  0.29847126E+002  0.74492654E+002  0.19068913E+003  0.35731542E+003
  0.00000000E+000  0.00000000E+000  0.00000000E+000  0.00000000E+000  0.89632080E-002  0.14344941E+000  0.35077032E+001  0.29847387E+002  0.74493148E+002  0.19069008E+003  0.35731729E+003
  0.00000000E+000  0.00000000E+000  0.00000000E+000  0.00000000E+000  0.89634034E-002  0.14345429E+000  0.35077677E+001  0.29847653E+002  0.74493653E+002  0.19069106E+003  0.35731918E+003
  0.00000000E+000  0.00000000E+000  0.00000000E+000  0.00000000E+000  0.89635927E-002  0.14345910E+000  0.35078338E+001  0.29847923E+002  0.74494168E+002  0.19069207E+003  0.35732111E+003
  0.00000000E+000  0.00000000E+000  0.00000000E+000  0.00000000E+000  0.89637761E-002  0.14346385E+000  0.35079015E+001  0.29848196E+002  0.74494693E+002  0.19069310E+003  0.35732307E+003
  0.00000000E+000  0.00000000E+000  0.00000000E+000  0.00000000E+000  0.89639539E-002  0.14346852E+000  0.35079708E+001  0.29848473E+002  0.74495227E+002  0.19069416E+003  0.35732506E+003
  0.00000000E+000  0.00000000E+000  0.00000000E+000  0.00000000E+000  0.89641262E-002  0.14347312E+000  0.35080416E+001  0.29848753E+002  0.74495770E+002  0.19069525E+003  0.35732708E+003
  0.00000000E+000  0.00000000E+000  0.00000000E+000  0.00000000E+000  0.89642931E-002  0.14347762E+000  0.35081139E+001  0.29849036E+002  0.74496322E+002  0.19069637E+003  0.35732914E+003
  0.00000000E+000  0.00000000E+000  0.00000000E+000  0.00000000E+000  0.89644549E-002  0.14348203E+000  0.35081876E+001  0.29849321E+002  0.74496881E+002  0.19069751E+003  0.35733123E+003
  0.00000000E+000  0.00000000E+000  0.00000000E+000  0.00000000E+000  0.89646116E-002  0.14348634E+000  0.35082626E+001  0.29849609E+002  0.74497448E+002  0.19069868E+003  0.35733335E+003
  0.00000000E+000  0.00000000E+000  0.00000000E+000  0.00000000E+000  0.89647634E-002  0.14349055E+000  0.35083388E+001  0.29849899E+002  0.74498021E+002  0.19069987E+003  0.35733551E+003
  0.00000000E+000  0.00000000E+000  0.00000000E+000  0.00000000E+000  0.89649103E-002  0.14349465E+000  0.35084163E+001  0.29850191E+002  0.74498601E+002  0.19070109E+003  0.35733771E+003
  0.00000000E+000  0.00000000E+000  0.00000000E+000  0.00000000E+000  0.89650525E-002  0.14349864E+000  0.35084948E+001  0.29850484E+002  0.74499186E+002  0.19070234E+003  0.35733995E+003
  0.00000000E+000  0.00000000E+000  0.00000000E+000  0.00000000E+000  0.89651900E-002  0.14350251E+000  0.35085744E+001  0.29850779E+002  0.74499777E+002  0.19070362E+003  0.35734222E+003
  0.00000000E+000  0.00000000E+000  0.00000000E+000  0.00000000E+000  0.89653228E-002  0.14350626E+000  0.35086548E+001  0.29851075E+002  0.74500373E+002  0.19070492E+003  0.35734453E+003
  0.00000000E+000  0.00000000E+000  0.00000000E+000  0.00000000E+000  0.89654511E-002  0.14350990E+000  0.35087361E+001  0.29851371E+002  0.74500973E+002  0.19070625E+003  0.35734687E+003
  0.00000000E+000  0.00000000E+000  0.00000000E+000  0.00000000E+000  0.89655748E-002  0.14351341E+000  0.35088181E+001  0.29851669E+002  0.74501577E+002  0.19070760E+003  0.35734926E+003
  0.00000000E+000  0.00000000E+000  0.00000000E+000  0.00000000E+000  0.89656940E-002  0.14351680E+000  0.35089006E+001  0.29851967E+002  0.74502185E+002  0.19070898E+003  0.35735169E+003
  0.00000000E+000  0.00000000E+000  0.00000000E+000  0.00000000E+000  0.89658086E-002  0.14352008E+000  0.35089837E+001  0.29852266E+002  0.74502795E+002  0.19071039E+003  0.35735416E+003
  0.00000000E+000  0.00000000E+000  0.00000000E+000  0.00000000E+000  0.89659188E-002  0.14352323E+000  0.35090671E+001  0.29852565E+002  0.74503409E+002  0.19071182E+003  0.35735667E+003
  0.00000000E+000  0.00000000E+000  0.00000000E+000  0.00000000E+000  0.89660244E-002  0.14352626E+000  0.35091507E+001  0.29852864E+002  0.74504025E+002  0.19071327E+003  0.35735922E+003
  0.00000000E+000  0.00000000E+000  0.00000000E+000  0.00000000E+000  0.89661254E-002  0.14352917E+000  0.35092344E+001  0.29853163E+002  0.74504643E+002  0.19071475E+003  0.35736181E+003
  0.00000000E+000  0.00000000E+000  0.00000000E+000  0.00000000E+000  0.89662220E-002  0.14353196E+000  0.35093181E+001  0.29853461E+002  0.74505262E+002  0.19071625E+003  0.35736445E+003
  0.00000000E+000  0.00000000E+000  0.00000000E+000  0.00000000E+000  0.89663139E-002  0.14353464E+000  0.35094017E+001  0.29853759E+002  0.74505882E+002  0.19071777E+003  0.35736713E+003
  0.00000000E+000  0.00000000E+000  0.00000000E+000  0.00000000E+000  0.89664012E-002  0.14353720E+000  0.35094849E+001  0.29854057E+002  0.74506503E+002  0.19071932E+003  0.35736986E+003
  0.00000000E+000  0.00000000E+000  0.00000000E+000  0.00000000E+000  0.89664839E-002  0.14353964E+000  0.35095677E+001  0.29854354E+002  0.74507125E+002  0.19072089E+003  0.35737263E+003
  0.00000000E+000  0.00000000E+000  0.00000000E+000  0.00000000E+000  0.89665619E-002  0.14354198E+000  0.35096500E+001  0.29854650E+002  0.74507746E+002  0.19072247E+003  0.35737545E+003
  0.00000000E+000  0.00000000E+000  0.00000000E+000  0.00000000E+000  0.89666352E-002  0.14354420E+000  0.35097315E+001  0.29854945E+002  0.74508368E+002  0.19072408E+003  0.35737832E+003
  0.00000000E+000  0.00000000E+000  0.00000000E+000  0.00000000E+000  0.89667038E-002  0.14354632E+000  0.35098122E+001  0.29855238E+002  0.74508988E+002  0.19072571E+003  0.35738123E+003
  0.00000000E+000  0.00000000E+000  0.00000000E+000  0.00000000E+000  0.89667675E-002  0.14354833E+000  0.35098920E+001  0.29855531E+002  0.74509608E+002  0.19072735E+003  0.35738418E+003
  0.00000000E+000  0.00000000E+000  0.00000000E+000  0.00000000E+000  0.89668264E-002  0.14355024E+000  0.35099706E+001  0.29855822E+002  0.74510226E+002  0.19072901E+003  0.35738718E+003
  0.00000000E+000  0.00000000E+000  0.00000000E+000  0.00000000E+000  0.89668805E-002  0.14355205E+000  0.35100480E+001  0.29856112E+002  0.74510843E+002  0.19073069E+003  0.35739023E+003
  0.00000000E+000  0.00000000E+000  0.00000000E+000  0.00000000E+000  0.89669296E-002  0.14355375E+000  0.35101242E+001  0.29856399E+002  0.74511457E+002  0.19073238E+003  0.35739333E+003
  0.00000000E+000  0.00000000E+000  0.00000000E+000  0.00000000E+000  0.89669738E-002  0.14355537E+000  0.35101988E+001  0.29856685E+002  0.74512070E+002  0.19073409E+003  0.35739647E+003
  0.00000000E+000  0.00000000E+000  0.00000000E+000  0.00000000E+000  0.89670130E-002  0.14355688E+000  0.35102719E+001  0.29856969E+002  0.74512680E+002  0.19073581E+003  0.35739965E+003
  0.00000000E+000  0.00000000E+000  0.00000000E+000  0.00000000E+000  0.89670471E-002  0.14355831E+000  0.35103434E+001  0.29857251E+002  0.74513287E+002  0.19073754E+003  0.35740288E+003
  0.00000000E+000  0.00000000E+000  0.00000000E+000  0.00000000E+000  0.89670761E-002  0.14355964E+000  0.35104131E+001  0.29857531E+002  0.74513891E+002  0.19073928E+003  0.35740615E+003
  0.00000000E+000  0.00000000E+000  0.00000000E+000  0.00000000E+000  0.89671000E-002  0.14356089E+000  0.35104810E+001  0.29857808E+002  0.74514491E+002  0.19074103E+003  0.35740947E+003
  0.00000000E+000  0.00000000E+000  0.00000000E+000  0.00000000E+000  0.89671187E-002  0.14356205E+000  0.35105470E+001  0.29858082E+002  0.74515088E+002  0.19074279E+003  0.35741283E+003
  0.00000000E+000  0.00000000E+000  0.00000000E+000  0.00000000E+000  0.89671321E-002  0.14356313E+000  0.35106111E+001  0.29858354E+002  0.74515681E+002  0.19074456E+003  0.35741623E+003
  0.00000000E+000  0.00000000E+000  0.00000000E+000  0.00000000E+000  0.89671401E-002  0.14356413E+000  0.35106731E+001  0.29858624E+002  0.74516271E+002  0.19074634E+003  0.35741967E+003
  0.00000000E+000  0.00000000E+000  0.00000000E+000  0.00000000E+000  0.89671427E-002  0.14356504E+000  0.35107331E+001  0.29858890E+002  0.74516855E+002  0.19074812E+003  0.35742315E+003
  0.00000000E+000  0.00000000E+000  0.00000000E+000  0.00000000E+000  0.89671397E-002  0.14356588E+000  0.35107909E+001  0.29859153E+002  0.74517435E+002  0.19074990E+003  0.35742667E+003
  0.00000000E+000  0.00000000E+000  0.00000000E+000  0.00000000E+000  0.89671311E-002  0.14356665E+000  0.35108466E+001  0.29859413E+002  0.74518011E+002  0.19075169E+003  0.35743022E+003
  0.00000000E+000  0.00000000E+000  0.00000000E+000  0.00000000E+000  0.89671167E-002  0.14356734E+000  0.35109001E+001  0.29859669E+002  0.74518581E+002  0.19075348E+003  0.35743381E+003
  0.00000000E+000  0.00000000E+000  0.00000000E+000  0.00000000E+000  0.89670964E-002  0.14356796E+000  0.35109514E+001  0.29859922E+002  0.74519146E+002  0.19075528E+003  0.35743743E+003
  0.00000000E+000  0.00000000E+000  0.00000000E+000  0.00000000E+000  0.89670700E-002  0.14356850E+000  0.35110006E+001  0.29860171E+002  0.74519706E+002  0.19075707E+003  0.35744108E+003
  0.00000000E+000  0.00000000E+000  0.00000000E+000  0.00000000E+000  0.89670372E-002  0.14356898E+000  0.35110475E+001  0.29860417E+002  0.74520260E+002  0.19075886E+003  0.35744476E+003
  0.00000000E+000  0.00000000E+000  0.00000000E+000  0.00000000E+000  0.89669979E-002  0.14356940E+000  0.35110923E+001  0.29860658E+002  0.74520808E+002  0.19076065E+003  0.35744847E+003
  0.00000000E+000  0.00000000E+000  0.00000000E+000  0.00000000E+000  0.89669518E-002  0.14356974E+000  0.35111348E+001  0.29860896E+002  0.74521351E+002  0.19076243E+003  0.35745221E+003
  0.00000000E+000  0.00000000E+000  0.00000000E+000  0.00000000E+000  0.89668986E-002  0.14357002E+000  0.35111752E+001  0.29861129E+002  0.74521887E+002  0.19076421E+003  0.35745596E+003
  0.00000000E+000  0.00000000E+000  0.00000000E+000  0.00000000E+000  0.89668380E-002  0.14357024E+000  0.35112135E+001  0.29861358E+002  0.74522416E+002  0.19076599E+003  0.35745974E+003
  0.00000000E+000  0.00000000E+000  0.00000000E+000  0.00000000E+000  0.89667696E-002  0.14357039E+000  0.35112496E+001  0.29861582E+002  0.74522939E+002  0.19076776E+003  0.35746354E+003
  0.00000000E+000  0.00000000E+000  0.00000000E+000  0.00000000E+000  0.89666929E-002  0.14357048E+000  0.35112837E+001  0.29861802E+002  0.74523456E+002  0.19076952E+003  0.35746736E+003
  0.00000000E+000  0.00000000E+000  0.00000000E+000  0.00000000E+000  0.89666075E-002  0.14357051E+000  0.35113157E+001  0.29862017E+002  0.74523965E+002  0.19077127E+003  0.35747119E+003
  0.00000000E+000  0.00000000E+000  0.00000000E+000  0.00000000E+000  0.89665129E-002  0.14357048E+000  0.35113457E+001  0.29862228E+002  0.74524467E+002  0.19077302E+003  0.35747503E+003
  0.00000000E+000  0.00000000E+000  0.00000000E+000  0.00000000E+000  0.89664085E-002  0.14357038E+000  0.35113738E+001  0.29862433E+002  0.74524962E+002  0.19077475E+003  0.35747888E+003
  0.00000000E+000  0.00000000E+000  0.00000000E+000  0.00000000E+000  0.89662936E-002  0.14357022E+000  0.35114000E+001  0.29862633E+002  0.74525449E+002  0.19077647E+003  0.35748274E+003
  0.00000000E+000  0.00000000E+000  0.00000000E+000  0.00000000E+000  0.89661676E-002  0.14356999E+000  0.35114242E+001  0.29862829E+002  0.74525929E+002  0.19077818E+003  0.35748660E+003
  0.00000000E+000  0.00000000E+000  0.00000000E+000  0.00000000E+000  0.89660296E-002  0.14356970E+000  0.35114467E+001  0.29863019E+002  0.74526401E+002  0.19077988E+003  0.35749047E+003
  0.00000000E+000  0.00000000E+000  0.00000000E+000  0.00000000E+000  0.89658788E-002  0.14356933E+000  0.35114673E+001  0.29863204E+002  0.74526865E+002  0.19078156E+003  0.35749434E+003
  0.00000000E+000  0.00000000E+000  0.00000000E+000  0.00000000E+000  0.89657144E-002  0.14356890E+000  0.35114862E+001  0.29863383E+002  0.74527321E+002  0.19078323E+003  0.35749820E+003
  0.00000000E+000  0.00000000E+000  0.00000000E+000  0.00000000E+000  0.89655352E-002  0.14356839E+000  0.35115034E+001  0.29863557E+002  0.74527769E+002  0.19078488E+003  0.35750206E+003
  0.00000000E+000  0.00000000E+000  0.00000000E+000  0.00000000E+000  0.89653402E-002  0.14356781E+000  0.35115190E+001  0.29863726E+002  0.74528208E+002  0.19078652E+003  0.35750591E+003
  0.00000000E+000  0.00000000E+000  0.00000000E+000  0.00000000E+000  0.89651283E-002  0.14356714E+000  0.35115328E+001  0.29863889E+002  0.74528638E+002  0.19078814E+003  0.35750976E+003
  0.00000000E+000  0.00000000E+000  0.00000000E+000  0.00000000E+000  0.89648983E-002  0.14356639E+000  0.35115451E+001  0.29864046E+002  0.74529060E+002  0.19078974E+003  0.35751359E+003
  0.00000000E+000  0.00000000E+000  0.00000000E+000  0.00000000E+000  0.89646488E-002  0.14356554E+000  0.35115558E+001  0.29864198E+002  0.74529472E+002  0.19079132E+003  0.35751740E+003
  0.00000000E+000  0.00000000E+000  0.00000000E+000  0.00000000E+000  0.89643785E-002  0.14356460E+000  0.35115649E+001  0.29864344E+002  0.74529876E+002  0.19079289E+003  0.35752120E+003
  0.00000000E+000  0.00000000E+000  0.00000000E+000  0.00000000E+000  0.89640858E-002  0.14356354E+000  0.35115724E+001  0.29864485E+002  0.74530270E+002  0.19079443E+003  0.35752498E+003
  0.00000000E+000  0.00000000E+000  0.00000000E+000  0.00000000E+000  0.89637694E-002  0.14356238E+000  0.35115784E+001  0.29864619E+002  0.74530655E+002  0.19079595E+003  0.35752874E+003
  0.00000000E+000  0.00000000E+000  0.00000000E+000  0.00000000E+000  0.89634275E-002  0.14356109E+000  0.35115828E+001  0.29864748E+002  0.74531029E+002  0.19079745E+003  0.35753248E+003
  0.00000000E+000  0.00000000E+000  0.00000000E+000  0.00000000E+000  0.89630585E-002  0.14355967E+000  0.35115856E+001  0.29864871E+002  0.74531395E+002  0.19079893E+003  0.35753619E+003
  0.00000000E+000  0.00000000E+000  0.00000000E+000  0.00000000E+000  0.89626608E-002  0.14355811E+000  0.35115867E+001  0.29864988E+002  0.74531750E+002  0.19080039E+003  0.35753987E+003
  0.00000000E+000  0.00000000E+000  0.00000000E+000  0.00000000E+000  0.89622325E-002  0.14355639E+000  0.35115862E+001  0.29865099E+002  0.74532094E+002  0.19080182E+003  0.35754352E+003
  0.00000000E+000  0.00000000E+000  0.00000000E+000  0.00000000E+000  0.89617720E-002  0.14355450E+000  0.35115839E+001  0.29865204E+002  0.74532429E+002  0.19080322E+003  0.35754714E+003
  0.00000000E+000  0.00000000E+000  0.00000000E+000  0.00000000E+000  0.89612773E-002  0.14355243E+000  0.35115798E+001  0.29865302E+002  0.74532752E+002  0.19080461E+003  0.35755073E+003
  0.00000000E+000  0.00000000E+000  0.00000000E+000  0.00000000E+000  0.89607467E-002  0.14355016E+000  0.35115737E+001  0.29865395E+002  0.74533065E+002  0.19080596E+003  0.35755427E+003
  0.00000000E+000  0.00000000E+000  0.00000000E+000  0.00000000E+000  0.89601784E-002  0.14354768E+000  0.35115656E+001  0.29865481E+002  0.74533366E+002  0.19080729E+003  0.35755778E+003
  0.00000000E+000  0.00000000E+000  0.00000000E+000  0.00000000E+000  0.89595707E-002  0.14354497E+000  0.35115552E+001  0.29865560E+002  0.74533655E+002  0.19080859E+003  0.35756125E+003
  0.00000000E+000  0.00000000E+000  0.00000000E+000  0.00000000E+000  0.89589218E-002  0.14354201E+000  0.35115425E+001  0.29865632E+002  0.74533933E+002  0.19080986E+003  0.35756467E+003
  0.00000000E+000  0.00000000E+000  0.00000000E+000  0.00000000E+000  0.89582301E-002  0.14353879E+000  0.35115273E+001  0.29865697E+002  0.74534198E+002  0.19081111E+003  0.35756805E+003
  0.00000000E+000  0.00000000E+000  0.00000000E+000  0.00000000E+000  0.89574941E-002  0.14353527E+000  0.35115092E+001  0.29865755E+002  0.74534450E+002  0.19081232E+003  0.35757138E+003
  0.00000000E+000  0.00000000E+000  0.00000000E+000  0.00000000E+000  0.89567122E-002  0.14353145E+000  0.35114882E+001  0.29865804E+002  0.74534689E+002  0.19081350E+003  0.35757466E+003
  0.00000000E+000  0.00000000E+000  0.00000000E+000  0.00000000E+000  0.89558833E-002  0.14352731E+000  0.35114638E+001  0.29865846E+002  0.74534913E+002  0.19081465E+003  0.35757789E+003
  0.00000000E+000  0.00000000E+000  0.00000000E+000  0.00000000E+000  0.89550062E-002  0.14352281E+000  0.35114357E+001  0.29865878E+002  0.74535123E+002  0.19081576E+003  0.35758106E+003
  0.00000000E+000  0.00000000E+000  0.00000000E+000  0.00000000E+000  0.89540798E-002  0.14351795E+000  0.35114037E+001  0.29865901E+002  0.74535316E+002  0.19081684E+003  0.35758418E+003
  0.00000000E+000  0.00000000E+000  0.00000000E+000  0.00000000E+000  0.89531034E-002  0.14351269E+000  0.35113673E+001  0.29865914E+002  0.74535493E+002  0.19081788E+003  0.35758723E+003
  0.00000000E+000  0.00000000E+000  0.00000000E+000  0.00000000E+000  0.89520764E-002  0.14350703E+000  0.35113262E+001  0.29865916E+002  0.74535652E+002  0.19081888E+003  0.35759022E+003
  0.00000000E+000  0.00000000E+000  0.00000000E+000  0.00000000E+000  0.89509983E-002  0.14350094E+000  0.35112799E+001  0.29865905E+002  0.74535792E+002  0.19081984E+003  0.35759315E+003
  0.00000000E+000  0.00000000E+000  0.00000000E+000  0.00000000E+000  0.89498690E-002  0.14349441E+000  0.35112278E+001  0.29865882E+002  0.74535910E+002  0.19082075E+003  0.35759600E+003
  0.00000000E+000  0.00000000E+000  0.00000000E+000  0.00000000E+000  0.89486883E-002  0.14348741E+000  0.35111696E+001  0.29865843E+002  0.74536006E+002  0.19082162E+003  0.35759878E+003
  0.00000000E+000  0.00000000E+000  0.00000000E+000  0.00000000E+000  0.89474565E-002  0.14347994E+000  0.35111048E+001  0.29865789E+002  0.74536077E+002  0.19082243E+003  0.35760148E+003
  0.00000000E+000  0.00000000E+000  0.00000000E+000  0.00000000E+000  0.89461736E-002  0.14347197E+000  0.35110327E+001  0.29865716E+002  0.74536120E+002  0.19082319E+003  0.35760410E+003
  0.00000000E+000  0.00000000E+000  0.00000000E+000  0.00000000E+000  0.89448400E-002  0.14346351E+000  0.35109528E+001  0.29865623E+002  0.74536133E+002  0.19082389E+003  0.35760663E+003
  0.00000000E+000  0.00000000E+000  0.00000000E+000  0.00000000E+000  0.89434550E-002  0.14345453E+000  0.35108646E+001  0.29865508E+002  0.74536112E+002  0.19082452E+003  0.35760906E+003
  0.00000000E+000  0.00000000E+000  0.00000000E+000  0.00000000E+000  0.89420193E-002  0.14344504E+000  0.35107675E+001  0.29865368E+002  0.74536053E+002  0.19082509E+003  0.35761139E+003
  0.00000000E+000  0.00000000E+000  0.00000000E+000  0.00000000E+000  0.89405298E-002  0.14343502E+000  0.35106609E+001  0.29865200E+002  0.74535952E+002  0.19082557E+003  0.35761361E+003
  0.00000000E+000  0.00000000E+000  0.00000000E+000  0.00000000E+000  0.89389901E-002  0.14342448E+000  0.35105444E+001  0.29865000E+002  0.74535803E+002  0.19082597E+003  0.35761571E+003
  0.00000000E+000  0.00000000E+000  0.00000000E+000  0.00000000E+000  0.89373928E-002  0.14341343E+000  0.35104175E+001  0.29864766E+002  0.74535601E+002  0.19082627E+003  0.35761767E+003
  0.00000000E+000  0.00000000E+000  0.00000000E+000  0.00000000E+000  0.89357573E-002  0.14340195E+000  0.35102808E+001  0.29864495E+002  0.74535340E+002  0.19082646E+003  0.35761949E+003
  0.00000000E+000  0.00000000E+000  0.00000000E+000  0.00000000E+000  0.89340589E-002  0.14339007E+000  0.35101337E+001  0.29864180E+002  0.74535010E+002  0.19082653E+003  0.35762114E+003
  0.00000000E+000  0.00000000E+000  0.00000000E+000  0.00000000E+000  0.89323579E-002  0.14337791E+000  0.35099774E+001  0.29863822E+002  0.74534610E+002  0.19082648E+003  0.35762263E+003
  0.00000000E+000  0.00000000E+000  0.00000000E+000  0.00000000E+000  0.89305085E-002  0.14336512E+000  0.35098043E+001  0.29863398E+002  0.74534102E+002  0.19082624E+003  0.35762388E+003
  0.00000000E+000  0.00000000E+000  0.00000000E+000  0.00000000E+000  0.89287312E-002  0.14335210E+000  0.35096218E+001  0.29862935E+002  0.74533526E+002  0.19082586E+003  0.35762493E+003
