    0.00631359941106
    0.01262719882213
    0.01262719882213
    0.01262719882213
    0.01262719882213
    0.01262719882213
    0.01262719882213
    0.01262719882213
    0.01262719882213
    0.06419283930787
    0.15970896340788
    0.27206099434697
    0.44293378894276
    0.69406484757273
    1.05256408288244
    1.55167816837997
    2.23159521458825
    3.14028875886891
    4.33440017037181
    5.88016316343226
    7.85434401385684
   10.34525315467064
   13.45377587434708
   17.29441592215407
   21.99640758944755
   27.70484381630315
   34.58184097194607
   42.80773646303525
   52.58231872530764
   64.12608917725372
   77.68155573562609
   93.51455751192250
  111.91562032674560
  133.20134269530161
  157.71581195240663
  185.83205019936497
  217.95348976807577
  254.51547790980612
  295.98681042734802
  159.00527558299075
