    0.06748028263070
    0.10610810864216
    0.15720793897069
    0.18769491746960
    0.21766294778829
    0.27774192264658
    0.29513736336051
    0.31476813582735
    0.35673037180743
    0.43727041411719
    0.45519451215278
    0.52206925813539
    0.60542468091353
    0.63024159717574
    0.77253302228623
    0.82091806522675
    0.87552062577310
    0.93375502211953
    0.99223767015893
    1.21625797089426
    1.26611350729457
    1.46826566439070
    1.68397541202530
    1.75300304206881
    2.14878358203802
    2.43524130591978
    2.59721899466115
    2.75988716017326
    3.52166675101594
    4.08394844403962
    4.87593928889956
    7.22410733697255
   11.35941250200712
