  0.12534521E+001  0.80156271E+000  0.54791260E+001  0.73644234E+002
  0.12534538E+001  0.80156534E+000  0.54789801E+001  0.73644530E+002
  0.12534555E+001  0.80156763E+000  0.54789247E+001  0.73644729E+002
  0.12534572E+001  0.80156966E+000  0.54789054E+001  0.73644889E+002
  0.12534588E+001  0.80157149E+000  0.54789004E+001  0.73645031E+002
  0.12534603E+001  0.80157319E+000  0.54789013E+001  0.73645167E+002
  0.12534618E+001  0.80157479E+000  0.54789045E+001  0.73645299E+002
  0.12534632E+001  0.80157631E+000  0.54789086E+001  0.73645429E+002
  0.12534647E+001  0.80157777E+000  0.54789131E+001  0.73645558E+002
  0.12534661E+001  0.80157919E+000  0.54789178E+001  0.73645688E+002
  0.12534675E+001  0.80158057E+000  0.54789227E+001  0.73645817E+002
  0.12534688E+001  0.80158192E+000  0.54789276E+001  0.73645947E+002
  0.12534702E+001  0.80158326E+000  0.54789326E+001  0.73646077E+002
  0.12534716E+001  0.80158458E+000  0.54789377E+001  0.73646208E+002
  0.12534731E+001  0.80158590E+000  0.54789428E+001  0.73646340E+002
  0.12534745E+001  0.80158721E+000  0.54789480E+001  0.73646473E+002
  0.12534760E+001  0.80158852E+000  0.54789533E+001  0.73646608E+002
  0.12534774E+001  0.80158983E+000  0.54789587E+001  0.73646744E+002
  0.12534789E+001  0.80159115E+000  0.54789642E+001  0.73646882E+002
  0.12534805E+001  0.80159247E+000  0.54789698E+001  0.73647022E+002
  0.12534820E+001  0.80159381E+000  0.54789755E+001  0.73647164E+002
  0.12534836E+001  0.80159517E+000  0.54789813E+001  0.73647308E+002
  0.12534853E+001  0.80159655E+000  0.54789873E+001  0.73647456E+002
  0.12534870E+001  0.80159795E+000  0.54789934E+001  0.73647606E+002
  0.12534887E+001  0.80159937E+000  0.54789997E+001  0.73647760E+002
  0.12534905E+001  0.80160082E+000  0.54790062E+001  0.73647918E+002
  0.12534924E+001  0.80160230E+000  0.54790128E+001  0.73648079E+002
  0.12534943E+001  0.80160382E+000  0.54790196E+001  0.73648244E+002
  0.12534962E+001  0.80160538E+000  0.54790267E+001  0.73648414E+002
  0.12534983E+001  0.80160698E+000  0.54790339E+001  0.73648589E+002
  0.12535004E+001  0.80160862E+000  0.54790414E+001  0.73648768E+002
  0.12535026E+001  0.80161032E+000  0.54790491E+001  0.73648954E+002
  0.12535049E+001  0.80161206E+000  0.54790571E+001  0.73649144E+002
  0.12535073E+001  0.80161386E+000  0.54790654E+001  0.73649341E+002
  0.12535098E+001  0.80161572E+000  0.54790740E+001  0.73649544E+002
  0.12535123E+001  0.80161764E+000  0.54790830E+001  0.73649754E+002
  0.12535150E+001  0.80161962E+000  0.54790922E+001  0.73649970E+002
  0.12535178E+001  0.80162168E+000  0.54791019E+001  0.73650194E+002
  0.12535207E+001  0.80162381E+000  0.54791119E+001  0.73650426E+002
  0.12535238E+001  0.80162602E+000  0.54791223E+001  0.73650665E+002
  0.12535270E+001  0.80162831E+000  0.54791331E+001  0.73650913E+002
  0.12535303E+001  0.80163068E+000  0.54791444E+001  0.73651169E+002
  0.12535337E+001  0.80163315E+000  0.54791562E+001  0.73651434E+002
  0.12535373E+001  0.80163571E+000  0.54791684E+001  0.73651708E+002
  0.12535411E+001  0.80163837E+000  0.54791812E+001  0.73651992E+002
  0.12535450E+001  0.80164113E+000  0.54791946E+001  0.73652285E+002
  0.12535491E+001  0.80164400E+000  0.54792085E+001  0.73652588E+002
  0.12535533E+001  0.80164698E+000  0.54792230E+001  0.73652902E+002
  0.12535578E+001  0.80165008E+000  0.54792382E+001  0.73653226E+002
  0.12535624E+001  0.80165330E+000  0.54792540E+001  0.73653561E+002
  0.12535672E+001  0.80165665E+000  0.54792705E+001  0.73653907E+002
  0.12535722E+001  0.80166013E+000  0.54792877E+001  0.73654265E+002
  0.12535774E+001  0.80166375E+000  0.54793056E+001  0.73654634E+002
  0.12535828E+001  0.80166752E+000  0.54793243E+001  0.73655015E+002
  0.12535884E+001  0.80167143E+000  0.54793438E+001  0.73655408E+002
  0.12535942E+001  0.80167550E+000  0.54793641E+001  0.73655814E+002
  0.12536003E+001  0.80167972E+000  0.54793852E+001  0.73656232E+002
  0.12536065E+001  0.80168411E+000  0.54794072E+001  0.73656663E+002
  0.12536130E+001  0.80168866E+000  0.54794301E+001  0.73657107E+002
  0.12536197E+001  0.80169339E+000  0.54794539E+001  0.73657564E+002
  0.12536266E+001  0.80169829E+000  0.54794787E+001  0.73658035E+002
  0.12536337E+001  0.80170337E+000  0.54795044E+001  0.73658519E+002
  0.12536410E+001  0.80170864E+000  0.54795311E+001  0.73659018E+002
  0.12536486E+001  0.80171408E+000  0.54795589E+001  0.73659530E+002
  0.12536564E+001  0.80171971E+000  0.54795877E+001  0.73660056E+002
  0.12536644E+001  0.80172552E+000  0.54796176E+001  0.73660597E+002
  0.12536726E+001  0.80173152E+000  0.54796487E+001  0.73661152E+002
  0.12536810E+001  0.80173771E+000  0.54796809E+001  0.73661722E+002
  0.12536897E+001  0.80174408E+000  0.54797143E+001  0.73662306E+002
  0.12536985E+001  0.80175063E+000  0.54797489E+001  0.73662905E+002
  0.12537075E+001  0.80175737E+000  0.54797848E+001  0.73663518E+002
  0.12537167E+001  0.80176429E+000  0.54798220E+001  0.73664147E+002
  0.12537261E+001  0.80177139E+000  0.54798605E+001  0.73664790E+002
  0.12537357E+001  0.80177868E+000  0.54799004E+001  0.73665449E+002
  0.12537454E+001  0.80178615E+000  0.54799416E+001  0.73666122E+002
  0.12537553E+001  0.80179379E+000  0.54799841E+001  0.73666810E+002
  0.12537654E+001  0.80180162E+000  0.54800281E+001  0.73667513E+002
  0.12537756E+001  0.80180963E+000  0.54800734E+001  0.73668231E+002
  0.12537860E+001  0.80181782E+000  0.54801202E+001  0.73668963E+002
  0.12537965E+001  0.80182619E+000  0.54801683E+001  0.73669710E+002
  0.12538072E+001  0.80183475E+000  0.54802178E+001  0.73670472E+002
  0.12538180E+001  0.80184349E+000  0.54802686E+001  0.73671248E+002
  0.12538289E+001  0.80185241E+000  0.54803208E+001  0.73672038E+002
  0.12538399E+001  0.80186152E+000  0.54803743E+001  0.73672843E+002
  0.12538510E+001  0.80187081E+000  0.54804291E+001  0.73673661E+002
  0.12538623E+001  0.80188028E+000  0.54804852E+001  0.73674493E+002
  0.12538736E+001  0.80188993E+000  0.54805426E+001  0.73675339E+002
  0.12538850E+001  0.80189976E+000  0.54806012E+001  0.73676197E+002
  0.12538965E+001  0.80190976E+000  0.54806609E+001  0.73677070E+002
  0.12539082E+001  0.80191993E+000  0.54807219E+001  0.73677955E+002
  0.12539198E+001  0.80193027E+000  0.54807840E+001  0.73678853E+002
  0.12539316E+001  0.80194077E+000  0.54808471E+001  0.73679763E+002
  0.12539434E+001  0.80195141E+000  0.54809113E+001  0.73680686E+002
  0.12539553E+001  0.80196220E+000  0.54809766E+001  0.73681620E+002
  0.12539672E+001  0.80197313E+000  0.54810428E+001  0.73682567E+002
  0.12539791E+001  0.80198417E+000  0.54811100E+001  0.73683525E+002
  0.12539911E+001  0.80199533E+000  0.54811780E+001  0.73684495E+002
  0.12540032E+001  0.80200659E+000  0.54812469E+001  0.73685476E+002
  0.12540152E+001  0.80201794E+000  0.54813166E+001  0.73686468E+002
  0.12540273E+001  0.80202936E+000  0.54813871E+001  0.73687471E+002
  0.12540394E+001  0.80204084E+000  0.54814583E+001  0.73688484E+002
  0.12540515E+001  0.80205236E+000  0.54815302E+001  0.73689508E+002
  0.12540636E+001  0.80206391E+000  0.54816027E+001  0.73690542E+002
  0.12540756E+001  0.80207547E+000  0.54816757E+001  0.73691586E+002
  0.12540877E+001  0.80208702E+000  0.54817493E+001  0.73692639E+002
  0.12540998E+001  0.80209856E+000  0.54818233E+001  0.73693703E+002
  0.12541118E+001  0.80211005E+000  0.54818977E+001  0.73694775E+002
  0.12541238E+001  0.80212148E+000  0.54819725E+001  0.73695857E+002
  0.12541358E+001  0.80213284E+000  0.54820476E+001  0.73696947E+002
  0.12541477E+001  0.80214411E+000  0.54821229E+001  0.73698047E+002
  0.12541596E+001  0.80215527E+000  0.54821984E+001  0.73699154E+002
  0.12541714E+001  0.80216630E+000  0.54822740E+001  0.73700270E+002
  0.12541832E+001  0.80217719E+000  0.54823497E+001  0.73701394E+002
  0.12541949E+001  0.80218792E+000  0.54824254E+001  0.73702525E+002
  0.12542065E+001  0.80219847E+000  0.54825010E+001  0.73703664E+002
  0.12542181E+001  0.80220884E+000  0.54825764E+001  0.73704811E+002
  0.12542295E+001  0.80221900E+000  0.54826517E+001  0.73705964E+002
  0.12542409E+001  0.80222895E+000  0.54827266E+001  0.73707124E+002
  0.12542521E+001  0.80223867E+000  0.54828012E+001  0.73708290E+002
  0.12542633E+001  0.80224816E+000  0.54828754E+001  0.73709463E+002
  0.12542743E+001  0.80225739E+000  0.54829491E+001  0.73710642E+002
  0.12542852E+001  0.80226638E+000  0.54830222E+001  0.73711826E+002
  0.12542959E+001  0.80227510E+000  0.54830947E+001  0.73713015E+002
  0.12543065E+001  0.80228355E+000  0.54831664E+001  0.73714210E+002
  0.12543169E+001  0.80229173E+000  0.54832373E+001  0.73715409E+002
  0.12543271E+001  0.80229963E+000  0.54833073E+001  0.73716612E+002
  0.12543371E+001  0.80230725E+000  0.54833763E+001  0.73717820E+002
  0.12543469E+001  0.80231460E+000  0.54834443E+001  0.73719032E+002
  0.12543566E+001  0.80232165E+000  0.54835111E+001  0.73720247E+002
  0.12543660E+001  0.80232843E+000  0.54835767E+001  0.73721465E+002
  0.12543751E+001  0.80233493E+000  0.54836411E+001  0.73722685E+002
  0.12543840E+001  0.80234115E+000  0.54837040E+001  0.73723909E+002
  0.12543927E+001  0.80234709E+000  0.54837656E+001  0.73725134E+002
  0.12544010E+001  0.80235277E+000  0.54838256E+001  0.73726361E+002
  0.12544091E+001  0.80235817E+000  0.54838841E+001  0.73727589E+002
  0.12544169E+001  0.80236331E+000  0.54839409E+001  0.73728818E+002
  0.12544244E+001  0.80236820E+000  0.54839961E+001  0.73730047E+002
  0.12544316E+001  0.80237283E+000  0.54840495E+001  0.73731277E+002
  0.12544384E+001  0.80237721E+000  0.54841011E+001  0.73732506E+002
  0.12544450E+001  0.80238136E+000  0.54841508E+001  0.73733734E+002
  0.12544512E+001  0.80238527E+000  0.54841988E+001  0.73734962E+002
  0.12544571E+001  0.80238895E+000  0.54842448E+001  0.73736187E+002
  0.12544626E+001  0.80239240E+000  0.54842888E+001  0.73737411E+002
  0.12544678E+001  0.80239564E+000  0.54843310E+001  0.73738632E+002
  0.12544726E+001  0.80239867E+000  0.54843711E+001  0.73739850E+002
  0.12544771E+001  0.80240149E+000  0.54844093E+001  0.73741065E+002
  0.12544812E+001  0.80240411E+000  0.54844456E+001  0.73742276E+002
  0.12544850E+001  0.80240654E+000  0.54844798E+001  0.73743483E+002
  0.12544885E+001  0.80240877E+000  0.54845121E+001  0.73744685E+002
  0.12544916E+001  0.80241082E+000  0.54845425E+001  0.73745881E+002
  0.12544943E+001  0.80241269E+000  0.54845709E+001  0.73747072E+002
  0.12544968E+001  0.80241438E+000  0.54845974E+001  0.73748257E+002
  0.12544989E+001  0.80241589E+000  0.54846220E+001  0.73749435E+002
  0.12545007E+001  0.80241724E+000  0.54846448E+001  0.73750606E+002
  0.12545022E+001  0.80241842E+000  0.54846658E+001  0.73751770E+002
  0.12545033E+001  0.80241943E+000  0.54846850E+001  0.73752925E+002
  0.12545042E+001  0.80242028E+000  0.54847024E+001  0.73754072E+002
  0.12545048E+001  0.80242097E+000  0.54847182E+001  0.73755210E+002
  0.12545051E+001  0.80242150E+000  0.54847324E+001  0.73756339E+002
  0.12545052E+001  0.80242187E+000  0.54847449E+001  0.73757457E+002
  0.12545049E+001  0.80242209E+000  0.54847559E+001  0.73758566E+002
  0.12545045E+001  0.80242215E+000  0.54847653E+001  0.73759663E+002
  0.12545037E+001  0.80242205E+000  0.54847733E+001  0.73760750E+002
  0.12545028E+001  0.80242179E+000  0.54847799E+001  0.73761825E+002
  0.12545016E+001  0.80242138E+000  0.54847851E+001  0.73762887E+002
  0.12545001E+001  0.80242080E+000  0.54847890E+001  0.73763938E+002
  0.12544985E+001  0.80242006E+000  0.54847915E+001  0.73764975E+002
  0.12544966E+001  0.80241916E+000  0.54847927E+001  0.73765999E+002
  0.12544945E+001  0.80241808E+000  0.54847927E+001  0.73767009E+002
  0.12544922E+001  0.80241683E+000  0.54847914E+001  0.73768004E+002
  0.12544897E+001  0.80241540E+000  0.54847890E+001  0.73768985E+002
  0.12544870E+001  0.80241378E+000  0.54847853E+001  0.73769951E+002
  0.12544840E+001  0.80241197E+000  0.54847803E+001  0.73770901E+002
  0.12544808E+001  0.80240995E+000  0.54847742E+001  0.73771835E+002
  0.12544773E+001  0.80240772E+000  0.54847667E+001  0.73772752E+002
  0.12544737E+001  0.80240527E+000  0.54847581E+001  0.73773652E+002
  0.12544697E+001  0.80240258E+000  0.54847481E+001  0.73774534E+002
  0.12544655E+001  0.80239964E+000  0.54847367E+001  0.73775397E+002
  0.12544609E+001  0.80239644E+000  0.54847239E+001  0.73776242E+002
  0.12544561E+001  0.80239295E+000  0.54847096E+001  0.73777066E+002
  0.12544509E+001  0.80238917E+000  0.54846938E+001  0.73777870E+002
  0.12544453E+001  0.80238508E+000  0.54846762E+001  0.73778652E+002
  0.12544393E+001  0.80238064E+000  0.54846569E+001  0.73779411E+002
  0.12544329E+001  0.80237585E+000  0.54846356E+001  0.73780147E+002
  0.12544260E+001  0.80237067E+000  0.54846123E+001  0.73780858E+002
  0.12544186E+001  0.80236509E+000  0.54845868E+001  0.73781543E+002
  0.12544107E+001  0.80235907E+000  0.54845590E+001  0.73782201E+002
  0.12544021E+001  0.80235258E+000  0.54845286E+001  0.73782829E+002
  0.12543929E+001  0.80234560E+000  0.54844954E+001  0.73783426E+002
  0.12543829E+001  0.80233810E+000  0.54844594E+001  0.73783991E+002
  0.12543722E+001  0.80233003E+000  0.54844202E+001  0.73784520E+002
  0.12543607E+001  0.80232136E+000  0.54843777E+001  0.73785011E+002
  0.12543483E+001  0.80231206E+000  0.54843317E+001  0.73785462E+002
  0.12543350E+001  0.80230207E+000  0.54842821E+001  0.73785870E+002
  0.12543206E+001  0.80229131E+000  0.54842287E+001  0.73786231E+002
  0.12543051E+001  0.80227976E+000  0.54841714E+001  0.73786541E+002
  0.12542884E+001  0.80226711E+000  0.54841101E+001  0.73786795E+002
  0.12542704E+001  0.80225347E+000  0.54840447E+001  0.73786994E+002
  0.12542505E+001  0.80223718E+000  0.54839730E+001  0.73787122E+002
  0.12542297E+001  0.80222008E+000  0.54838935E+001  0.73787205E+002
