  0.21474872E-001  0.20291757E+000  0.17611419E+001  0.79192841E+002
  0.21475306E-001  0.20291919E+000  0.17611427E+001  0.79192993E+002
  0.21475637E-001  0.20292098E+000  0.17611435E+001  0.79193138E+002
  0.21475932E-001  0.20292282E+000  0.17611443E+001  0.79193279E+002
  0.21476212E-001  0.20292463E+000  0.17611451E+001  0.79193417E+002
  0.21476487E-001  0.20292640E+000  0.17611460E+001  0.79193553E+002
  0.21476760E-001  0.20292811E+000  0.17611470E+001  0.79193688E+002
  0.21477035E-001  0.20292977E+000  0.17611481E+001  0.79193823E+002
  0.21477311E-001  0.20293138E+000  0.17611493E+001  0.79193957E+002
  0.21477589E-001  0.20293294E+000  0.17611505E+001  0.79194090E+002
  0.21477868E-001  0.20293447E+000  0.17611518E+001  0.79194224E+002
  0.21478149E-001  0.20293597E+000  0.17611532E+001  0.79194359E+002
  0.21478432E-001  0.20293744E+000  0.17611546E+001  0.79194493E+002
  0.21478716E-001  0.20293887E+000  0.17611561E+001  0.79194629E+002
  0.21479002E-001  0.20294028E+000  0.17611577E+001  0.79194765E+002
  0.21479289E-001  0.20294165E+000  0.17611594E+001  0.79194903E+002
  0.21479579E-001  0.20294300E+000  0.17611612E+001  0.79195042E+002
  0.21479871E-001  0.20294432E+000  0.17611630E+001  0.79195183E+002
  0.21480165E-001  0.20294562E+000  0.17611649E+001  0.79195326E+002
  0.21480462E-001  0.20294690E+000  0.17611669E+001  0.79195471E+002
  0.21480763E-001  0.20294817E+000  0.17611690E+001  0.79195618E+002
  0.21481066E-001  0.20294943E+000  0.17611712E+001  0.79195768E+002
  0.21481374E-001  0.20295068E+000  0.17611735E+001  0.79195920E+002
  0.21481686E-001  0.20295193E+000  0.17611759E+001  0.79196076E+002
  0.21482002E-001  0.20295318E+000  0.17611784E+001  0.79196235E+002
  0.21482323E-001  0.20295445E+000  0.17611809E+001  0.79196398E+002
  0.21482650E-001  0.20295572E+000  0.17611836E+001  0.79196565E+002
  0.21482983E-001  0.20295702E+000  0.17611864E+001  0.79196736E+002
  0.21483322E-001  0.20295834E+000  0.17611894E+001  0.79196912E+002
  0.21483668E-001  0.20295968E+000  0.17611924E+001  0.79197093E+002
  0.21484021E-001  0.20296106E+000  0.17611956E+001  0.79197279E+002
  0.21484381E-001  0.20296248E+000  0.17611988E+001  0.79197471E+002
  0.21484750E-001  0.20296393E+000  0.17612023E+001  0.79197668E+002
  0.21485127E-001  0.20296544E+000  0.17612059E+001  0.79197872E+002
  0.21485513E-001  0.20296699E+000  0.17612096E+001  0.79198082E+002
  0.21485909E-001  0.20296861E+000  0.17612135E+001  0.79198299E+002
  0.21486315E-001  0.20297028E+000  0.17612176E+001  0.79198524E+002
  0.21486730E-001  0.20297202E+000  0.17612218E+001  0.79198756E+002
  0.21487157E-001  0.20297384E+000  0.17612263E+001  0.79198996E+002
  0.21487595E-001  0.20297573E+000  0.17612309E+001  0.79199244E+002
  0.21488044E-001  0.20297771E+000  0.17612358E+001  0.79199500E+002
  0.21488506E-001  0.20297978E+000  0.17612409E+001  0.79199766E+002
  0.21488980E-001  0.20298195E+000  0.17612462E+001  0.79200041E+002
  0.21489467E-001  0.20298423E+000  0.17612518E+001  0.79200325E+002
  0.21489967E-001  0.20298663E+000  0.17612576E+001  0.79200619E+002
  0.21490480E-001  0.20298914E+000  0.17612636E+001  0.79200923E+002
  0.21491007E-001  0.20299179E+000  0.17612699E+001  0.79201238E+002
  0.21491548E-001  0.20299458E+000  0.17612765E+001  0.79201563E+002
  0.21492104E-001  0.20299752E+000  0.17612834E+001  0.79201900E+002
  0.21492674E-001  0.20300061E+000  0.17612906E+001  0.79202247E+002
  0.21493258E-001  0.20300388E+000  0.17612980E+001  0.79202607E+002
  0.21493857E-001  0.20300732E+000  0.17613058E+001  0.79202978E+002
  0.21494470E-001  0.20301095E+000  0.17613139E+001  0.79203362E+002
  0.21495097E-001  0.20301478E+000  0.17613222E+001  0.79203758E+002
  0.21495739E-001  0.20301881E+000  0.17613310E+001  0.79204167E+002
  0.21496394E-001  0.20302306E+000  0.17613400E+001  0.79204589E+002
  0.21497063E-001  0.20302754E+000  0.17613493E+001  0.79205024E+002
  0.21497745E-001  0.20303225E+000  0.17613591E+001  0.79205472E+002
  0.21498439E-001  0.20303720E+000  0.17613691E+001  0.79205935E+002
  0.21499145E-001  0.20304240E+000  0.17613795E+001  0.79206411E+002
  0.21499862E-001  0.20304786E+000  0.17613903E+001  0.79206901E+002
  0.21500590E-001  0.20305358E+000  0.17614014E+001  0.79207406E+002
  0.21501327E-001  0.20305956E+000  0.17614129E+001  0.79207925E+002
  0.21502073E-001  0.20306582E+000  0.17614248E+001  0.79208459E+002
  0.21502827E-001  0.20307236E+000  0.17614371E+001  0.79209008E+002
  0.21503588E-001  0.20307917E+000  0.17614498E+001  0.79209573E+002
  0.21504354E-001  0.20308626E+000  0.17614629E+001  0.79210152E+002
  0.21505125E-001  0.20309362E+000  0.17614764E+001  0.79210747E+002
  0.21505900E-001  0.20310127E+000  0.17614903E+001  0.79211357E+002
  0.21506678E-001  0.20310919E+000  0.17615046E+001  0.79211983E+002
  0.21507456E-001  0.20311739E+000  0.17615194E+001  0.79212625E+002
  0.21508235E-001  0.20312586E+000  0.17615345E+001  0.79213282E+002
  0.21509012E-001  0.20313459E+000  0.17615501E+001  0.79213955E+002
  0.21509787E-001  0.20314359E+000  0.17615661E+001  0.79214645E+002
  0.21510559E-001  0.20315284E+000  0.17615825E+001  0.79215350E+002
  0.21511326E-001  0.20316235E+000  0.17615993E+001  0.79216071E+002
  0.21512087E-001  0.20317209E+000  0.17616166E+001  0.79216808E+002
  0.21512840E-001  0.20318207E+000  0.17616342E+001  0.79217561E+002
  0.21513586E-001  0.20319228E+000  0.17616522E+001  0.79218330E+002
  0.21514322E-001  0.20320271E+000  0.17616705E+001  0.79219115E+002
  0.21515047E-001  0.20321334E+000  0.17616892E+001  0.79219915E+002
  0.21515760E-001  0.20322417E+000  0.17617083E+001  0.79220730E+002
  0.21516461E-001  0.20323519E+000  0.17617277E+001  0.79221562E+002
  0.21517148E-001  0.20324639E+000  0.17617474E+001  0.79222408E+002
  0.21517821E-001  0.20325775E+000  0.17617675E+001  0.79223269E+002
  0.21518477E-001  0.20326925E+000  0.17617878E+001  0.79224146E+002
  0.21519117E-001  0.20328090E+000  0.17618085E+001  0.79225037E+002
  0.21519740E-001  0.20329266E+000  0.17618294E+001  0.79225942E+002
  0.21520344E-001  0.20330454E+000  0.17618506E+001  0.79226862E+002
  0.21520930E-001  0.20331650E+000  0.17618722E+001  0.79227796E+002
  0.21521495E-001  0.20332854E+000  0.17618940E+001  0.79228743E+002
  0.21522041E-001  0.20334064E+000  0.17619161E+001  0.79229704E+002
  0.21522565E-001  0.20335277E+000  0.17619385E+001  0.79230678E+002
  0.21523068E-001  0.20336493E+000  0.17619612E+001  0.79231666E+002
  0.21523549E-001  0.20337710E+000  0.17619842E+001  0.79232666E+002
  0.21524007E-001  0.20338925E+000  0.17620075E+001  0.79233678E+002
  0.21524443E-001  0.20340136E+000  0.17620311E+001  0.79234703E+002
  0.21524856E-001  0.20341343E+000  0.17620550E+001  0.79235740E+002
  0.21525246E-001  0.20342542E+000  0.17620792E+001  0.79236788E+002
  0.21525613E-001  0.20343733E+000  0.17621036E+001  0.79237848E+002
  0.21525957E-001  0.20344912E+000  0.17621284E+001  0.79238920E+002
  0.21526278E-001  0.20346079E+000  0.17621534E+001  0.79240002E+002
  0.21526576E-001  0.20347231E+000  0.17621786E+001  0.79241095E+002
  0.21526851E-001  0.20348367E+000  0.17622041E+001  0.79242199E+002
  0.21527104E-001  0.20349485E+000  0.17622298E+001  0.79243312E+002
  0.21527335E-001  0.20350584E+000  0.17622556E+001  0.79244436E+002
  0.21527545E-001  0.20351661E+000  0.17622815E+001  0.79245570E+002
  0.21527734E-001  0.20352716E+000  0.17623075E+001  0.79246713E+002
  0.21527902E-001  0.20353748E+000  0.17623336E+001  0.79247865E+002
  0.21528050E-001  0.20354755E+000  0.17623596E+001  0.79249027E+002
  0.21528180E-001  0.20355735E+000  0.17623856E+001  0.79250197E+002
  0.21528291E-001  0.20356689E+000  0.17624115E+001  0.79251376E+002
  0.21528385E-001  0.20357615E+000  0.17624372E+001  0.79252563E+002
  0.21528462E-001  0.20358513E+000  0.17624626E+001  0.79253758E+002
  0.21528523E-001  0.20359381E+000  0.17624878E+001  0.79254961E+002
  0.21528570E-001  0.20360220E+000  0.17625127E+001  0.79256171E+002
  0.21528602E-001  0.20361030E+000  0.17625371E+001  0.79257389E+002
  0.21528621E-001  0.20361809E+000  0.17625611E+001  0.79258613E+002
  0.21528628E-001  0.20362559E+000  0.17625845E+001  0.79259844E+002
  0.21528624E-001  0.20363278E+000  0.17626074E+001  0.79261082E+002
  0.21528609E-001  0.20363968E+000  0.17626297E+001  0.79262325E+002
  0.21528585E-001  0.20364627E+000  0.17626513E+001  0.79263574E+002
  0.21528552E-001  0.20365258E+000  0.17626721E+001  0.79264828E+002
  0.21528511E-001  0.20365859E+000  0.17626922E+001  0.79266087E+002
  0.21528463E-001  0.20366432E+000  0.17627115E+001  0.79267351E+002
  0.21528408E-001  0.20366978E+000  0.17627299E+001  0.79268619E+002
  0.21528348E-001  0.20367496E+000  0.17627475E+001  0.79269891E+002
  0.21528283E-001  0.20367987E+000  0.17627642E+001  0.79271166E+002
  0.21528214E-001  0.20368452E+000  0.17627800E+001  0.79272444E+002
  0.21528141E-001  0.20368893E+000  0.17627949E+001  0.79273725E+002
  0.21528065E-001  0.20369309E+000  0.17628088E+001  0.79275007E+002
  0.21527987E-001  0.20369701E+000  0.17628218E+001  0.79276292E+002
  0.21527906E-001  0.20370071E+000  0.17628339E+001  0.79277577E+002
  0.21527823E-001  0.20370419E+000  0.17628451E+001  0.79278864E+002
  0.21527740E-001  0.20370746E+000  0.17628553E+001  0.79280150E+002
  0.21527655E-001  0.20371053E+000  0.17628647E+001  0.79281437E+002
  0.21527569E-001  0.20371341E+000  0.17628732E+001  0.79282722E+002
  0.21527483E-001  0.20371610E+000  0.17628808E+001  0.79284007E+002
  0.21527397E-001  0.20371861E+000  0.17628876E+001  0.79285290E+002
  0.21527310E-001  0.20372095E+000  0.17628937E+001  0.79286570E+002
  0.21527224E-001  0.20372314E+000  0.17628990E+001  0.79287848E+002
  0.21527137E-001  0.20372516E+000  0.17629035E+001  0.79289123E+002
  0.21527050E-001  0.20372704E+000  0.17629074E+001  0.79290394E+002
  0.21526964E-001  0.20372878E+000  0.17629106E+001  0.79291661E+002
  0.21526877E-001  0.20373039E+000  0.17629131E+001  0.79292923E+002
  0.21526790E-001  0.20373187E+000  0.17629152E+001  0.79294180E+002
  0.21526703E-001  0.20373322E+000  0.17629166E+001  0.79295431E+002
  0.21526615E-001  0.20373446E+000  0.17629176E+001  0.79296676E+002
  0.21526526E-001  0.20373558E+000  0.17629180E+001  0.79297914E+002
  0.21526437E-001  0.20373659E+000  0.17629181E+001  0.79299146E+002
  0.21526346E-001  0.20373750E+000  0.17629177E+001  0.79300369E+002
  0.21526253E-001  0.20373831E+000  0.17629170E+001  0.79301585E+002
  0.21526159E-001  0.20373902E+000  0.17629159E+001  0.79302791E+002
  0.21526062E-001  0.20373963E+000  0.17629145E+001  0.79303989E+002
  0.21525962E-001  0.20374014E+000  0.17629129E+001  0.79305178E+002
  0.21525858E-001  0.20374056E+000  0.17629109E+001  0.79306356E+002
  0.21525751E-001  0.20374089E+000  0.17629088E+001  0.79307524E+002
  0.21525640E-001  0.20374112E+000  0.17629063E+001  0.79308682E+002
  0.21525523E-001  0.20374126E+000  0.17629037E+001  0.79309828E+002
  0.21525400E-001  0.20374130E+000  0.17629009E+001  0.79310962E+002
  0.21525271E-001  0.20374124E+000  0.17628979E+001  0.79312085E+002
  0.21525135E-001  0.20374108E+000  0.17628948E+001  0.79313195E+002
  0.21524991E-001  0.20374082E+000  0.17628914E+001  0.79314292E+002
  0.21524838E-001  0.20374045E+000  0.17628879E+001  0.79315377E+002
  0.21524676E-001  0.20373996E+000  0.17628842E+001  0.79316447E+002
  0.21524503E-001  0.20373936E+000  0.17628803E+001  0.79317504E+002
  0.21524318E-001  0.20373863E+000  0.17628762E+001  0.79318546E+002
  0.21524121E-001  0.20373776E+000  0.17628720E+001  0.79319574E+002
  0.21523911E-001  0.20373675E+000  0.17628675E+001  0.79320587E+002
  0.21523687E-001  0.20373559E+000  0.17628628E+001  0.79321584E+002
  0.21523447E-001  0.20373427E+000  0.17628578E+001  0.79322565E+002
  0.21523190E-001  0.20373278E+000  0.17628525E+001  0.79323529E+002
  0.21522917E-001  0.20373110E+000  0.17628470E+001  0.79324477E+002
  0.21522624E-001  0.20372922E+000  0.17628410E+001  0.79325408E+002
  0.21522313E-001  0.20372712E+000  0.17628347E+001  0.79326320E+002
  0.21521980E-001  0.20372480E+000  0.17628280E+001  0.79327215E+002
  0.21521627E-001  0.20372224E+000  0.17628208E+001  0.79328090E+002
  0.21521251E-001  0.20371942E+000  0.17628130E+001  0.79328946E+002
  0.21520852E-001  0.20371632E+000  0.17628047E+001  0.79329782E+002
  0.21520429E-001  0.20371292E+000  0.17627958E+001  0.79330596E+002
  0.21519981E-001  0.20370921E+000  0.17627862E+001  0.79331389E+002
  0.21519508E-001  0.20370517E+000  0.17627759E+001  0.79332158E+002
  0.21519009E-001  0.20370077E+000  0.17627647E+001  0.79332904E+002
  0.21518483E-001  0.20369600E+000  0.17627528E+001  0.79333625E+002
  0.21517932E-001  0.20369084E+000  0.17627399E+001  0.79334319E+002
  0.21517353E-001  0.20368526E+000  0.17627260E+001  0.79334986E+002
  0.21516748E-001  0.20367926E+000  0.17627111E+001  0.79335623E+002
  0.21516116E-001  0.20367279E+000  0.17626952E+001  0.79336229E+002
  0.21515459E-001  0.20366585E+000  0.17626782E+001  0.79336801E+002
  0.21514776E-001  0.20365841E+000  0.17626601E+001  0.79337338E+002
  0.21514070E-001  0.20365044E+000  0.17626410E+001  0.79337837E+002
  0.21513343E-001  0.20364189E+000  0.17626209E+001  0.79338296E+002
  0.21512599E-001  0.20363273E+000  0.17625998E+001  0.79338710E+002
  0.21511845E-001  0.20362288E+000  0.17625781E+001  0.79339077E+002
  0.21511090E-001  0.20361221E+000  0.17625558E+001  0.79339393E+002
  0.21510360E-001  0.20360059E+000  0.17625336E+001  0.79339654E+002
  0.21509683E-001  0.20358751E+000  0.17625123E+001  0.79339852E+002
  0.21509127E-001  0.20357284E+000  0.17624927E+001  0.79339988E+002
  0.21508830E-001  0.20355426E+000  0.17624791E+001  0.79340041E+002
  0.21508885E-001  0.20353409E+000  0.17624689E+001  0.79340037E+002
