  0.69079580E-001
  0.69082008E-001
  0.69083551E-001
  0.69084614E-001
  0.69085380E-001
  0.69085954E-001
  0.69086397E-001
  0.69086750E-001
  0.69087040E-001
  0.69087285E-001
  0.69087498E-001
  0.69087687E-001
  0.69087860E-001
  0.69088021E-001
  0.69088172E-001
  0.69088318E-001
  0.69088458E-001
  0.69088596E-001
  0.69088731E-001
  0.69088865E-001
  0.69088997E-001
  0.69089130E-001
  0.69089262E-001
  0.69089394E-001
  0.69089528E-001
  0.69089662E-001
  0.69089798E-001
  0.69089936E-001
  0.69090076E-001
  0.69090218E-001
  0.69090364E-001
  0.69090513E-001
  0.69090666E-001
  0.69090824E-001
  0.69090986E-001
  0.69091154E-001
  0.69091328E-001
  0.69091509E-001
  0.69091696E-001
  0.69091891E-001
  0.69092093E-001
  0.69092304E-001
  0.69092524E-001
  0.69092753E-001
  0.69092991E-001
  0.69093239E-001
  0.69093498E-001
  0.69093767E-001
  0.69094048E-001
  0.69094340E-001
  0.69094643E-001
  0.69094959E-001
  0.69095287E-001
  0.69095627E-001
  0.69095981E-001
  0.69096347E-001
  0.69096728E-001
  0.69097121E-001
  0.69097529E-001
  0.69097951E-001
  0.69098387E-001
  0.69098838E-001
  0.69099304E-001
  0.69099784E-001
  0.69100280E-001
  0.69100791E-001
  0.69101318E-001
  0.69101860E-001
  0.69102418E-001
  0.69102991E-001
  0.69103581E-001
  0.69104187E-001
  0.69104809E-001
  0.69105447E-001
  0.69106101E-001
  0.69106772E-001
  0.69107460E-001
  0.69108163E-001
  0.69108883E-001
  0.69109619E-001
  0.69110371E-001
  0.69111139E-001
  0.69111922E-001
  0.69112721E-001
  0.69113535E-001
  0.69114364E-001
  0.69115208E-001
  0.69116065E-001
  0.69116937E-001
  0.69117821E-001
  0.69118718E-001
  0.69119628E-001
  0.69120550E-001
  0.69121483E-001
  0.69122428E-001
  0.69123383E-001
  0.69124349E-001
  0.69125324E-001
  0.69126309E-001
  0.69127303E-001
  0.69128307E-001
  0.69129318E-001
  0.69130338E-001
  0.69131367E-001
  0.69132402E-001
  0.69133445E-001
  0.69134496E-001
  0.69135553E-001
  0.69136617E-001
  0.69137688E-001
  0.69138765E-001
  0.69139848E-001
  0.69140937E-001
  0.69142032E-001
  0.69143132E-001
  0.69144237E-001
  0.69145348E-001
  0.69146463E-001
  0.69147583E-001
  0.69148708E-001
  0.69149837E-001
  0.69150970E-001
  0.69152107E-001
  0.69153247E-001
  0.69154391E-001
  0.69155539E-001
  0.69156689E-001
  0.69157841E-001
  0.69158997E-001
  0.69160154E-001
  0.69161313E-001
  0.69162474E-001
  0.69163637E-001
  0.69164800E-001
  0.69165964E-001
  0.69167129E-001
  0.69168294E-001
  0.69169458E-001
  0.69170622E-001
  0.69171785E-001
  0.69172947E-001
  0.69174107E-001
  0.69175265E-001
  0.69176421E-001
  0.69177575E-001
  0.69178725E-001
  0.69179872E-001
  0.69181015E-001
  0.69182154E-001
  0.69183288E-001
  0.69184418E-001
  0.69185542E-001
  0.69186660E-001
  0.69187772E-001
  0.69188878E-001
  0.69189977E-001
  0.69191069E-001
  0.69192153E-001
  0.69193229E-001
  0.69194297E-001
  0.69195356E-001
  0.69196406E-001
  0.69197446E-001
  0.69198477E-001
  0.69199497E-001
  0.69200507E-001
  0.69201506E-001
  0.69202493E-001
  0.69203469E-001
  0.69204433E-001
  0.69205385E-001
  0.69206323E-001
  0.69207249E-001
  0.69208161E-001
  0.69209059E-001
  0.69209944E-001
  0.69210813E-001
  0.69211667E-001
  0.69212507E-001
  0.69213330E-001
  0.69214137E-001
  0.69214928E-001
  0.69215702E-001
  0.69216460E-001
  0.69217199E-001
  0.69217922E-001
  0.69218627E-001
  0.69219314E-001
  0.69219984E-001
  0.69220637E-001
  0.69221273E-001
  0.69221893E-001
  0.69222497E-001
  0.69223087E-001
  0.69223659E-001
  0.69224227E-001
  0.69224763E-001
  0.69225324E-001
  0.69225770E-001
  0.69225636E-001
