  0.16194813E+001
  0.16194815E+001
  0.16194830E+001
  0.16194851E+001
  0.16194878E+001
  0.16194907E+001
  0.16194937E+001
  0.16194969E+001
  0.16195001E+001
  0.16195033E+001
  0.16195065E+001
  0.16195097E+001
  0.16195128E+001
  0.16195159E+001
  0.16195190E+001
  0.16195220E+001
  0.16195250E+001
  0.16195280E+001
  0.16195309E+001
  0.16195337E+001
  0.16195365E+001
  0.16195393E+001
  0.16195421E+001
  0.16195448E+001
  0.16195475E+001
  0.16195501E+001
  0.16195528E+001
  0.16195553E+001
  0.16195579E+001
  0.16195604E+001
  0.16195628E+001
  0.16195652E+001
  0.16195676E+001
  0.16195699E+001
  0.16195721E+001
  0.16195743E+001
  0.16195764E+001
  0.16195785E+001
  0.16195804E+001
  0.16195823E+001
  0.16195841E+001
  0.16195857E+001
  0.16195873E+001
  0.16195888E+001
  0.16195901E+001
  0.16195913E+001
  0.16195923E+001
  0.16195932E+001
  0.16195940E+001
  0.16195945E+001
  0.16195949E+001
  0.16195951E+001
  0.16195951E+001
  0.16195949E+001
  0.16195944E+001
  0.16195937E+001
  0.16195928E+001
  0.16195916E+001
  0.16195901E+001
  0.16195884E+001
  0.16195863E+001
  0.16195840E+001
  0.16195813E+001
  0.16195784E+001
  0.16195751E+001
  0.16195716E+001
  0.16195677E+001
  0.16195635E+001
  0.16195589E+001
  0.16195541E+001
  0.16195490E+001
  0.16195436E+001
  0.16195380E+001
  0.16195321E+001
  0.16195259E+001
  0.16195196E+001
  0.16195131E+001
  0.16195064E+001
  0.16194996E+001
  0.16194927E+001
  0.16194857E+001
  0.16194787E+001
  0.16194717E+001
  0.16194648E+001
  0.16194578E+001
  0.16194510E+001
  0.16194442E+001
  0.16194375E+001
  0.16194310E+001
  0.16194247E+001
  0.16194184E+001
  0.16194124E+001
  0.16194065E+001
  0.16194008E+001
  0.16193953E+001
  0.16193900E+001
  0.16193848E+001
  0.16193798E+001
  0.16193749E+001
  0.16193702E+001
  0.16193657E+001
  0.16193613E+001
  0.16193570E+001
  0.16193528E+001
  0.16193488E+001
  0.16193448E+001
  0.16193409E+001
  0.16193371E+001
  0.16193334E+001
  0.16193297E+001
  0.16193262E+001
  0.16193226E+001
  0.16193191E+001
  0.16193157E+001
  0.16193123E+001
  0.16193090E+001
  0.16193057E+001
  0.16193024E+001
  0.16192992E+001
  0.16192960E+001
  0.16192928E+001
  0.16192896E+001
  0.16192865E+001
  0.16192835E+001
  0.16192804E+001
  0.16192774E+001
  0.16192744E+001
  0.16192715E+001
  0.16192686E+001
  0.16192657E+001
  0.16192628E+001
  0.16192600E+001
  0.16192573E+001
  0.16192545E+001
  0.16192519E+001
  0.16192492E+001
  0.16192466E+001
  0.16192441E+001
  0.16192415E+001
  0.16192391E+001
  0.16192367E+001
  0.16192343E+001
  0.16192320E+001
  0.16192297E+001
  0.16192275E+001
  0.16192253E+001
  0.16192232E+001
  0.16192211E+001
  0.16192191E+001
  0.16192172E+001
  0.16192153E+001
  0.16192135E+001
  0.16192117E+001
  0.16192100E+001
  0.16192083E+001
  0.16192067E+001
  0.16192052E+001
  0.16192037E+001
  0.16192023E+001
  0.16192010E+001
  0.16191997E+001
  0.16191984E+001
  0.16191973E+001
  0.16191962E+001
  0.16191951E+001
  0.16191942E+001
  0.16191933E+001
  0.16191925E+001
  0.16191917E+001
  0.16191910E+001
  0.16191904E+001
  0.16191899E+001
  0.16191895E+001
  0.16191891E+001
  0.16191889E+001
  0.16191887E+001
  0.16191886E+001
  0.16191887E+001
  0.16191889E+001
  0.16191891E+001
  0.16191895E+001
  0.16191901E+001
  0.16191908E+001
  0.16191916E+001
  0.16191925E+001
  0.16191935E+001
  0.16191947E+001
  0.16191958E+001
  0.16191970E+001
  0.16191981E+001
  0.16191990E+001
  0.16191995E+001
  0.16191993E+001
  0.16191981E+001
  0.16191952E+001
  0.16191900E+001
  0.16191806E+001
  0.16191661E+001
  0.16191401E+001
  0.16191067E+001
