 -0.17165511E+000  0.12887882E+000  0.18710505E+001  0.46496514E+001
 -0.17165575E+000  0.12888017E+000  0.18710582E+001  0.46496440E+001
 -0.17165630E+000  0.12888133E+000  0.18710660E+001  0.46496414E+001
 -0.17165680E+000  0.12888232E+000  0.18710737E+001  0.46496419E+001
 -0.17165724E+000  0.12888319E+000  0.18710813E+001  0.46496443E+001
 -0.17165764E+000  0.12888397E+000  0.18710889E+001  0.46496480E+001
 -0.17165801E+000  0.12888468E+000  0.18710963E+001  0.46496525E+001
 -0.17165835E+000  0.12888534E+000  0.18711036E+001  0.46496576E+001
 -0.17165867E+000  0.12888595E+000  0.18711107E+001  0.46496629E+001
 -0.17165896E+000  0.12888652E+000  0.18711178E+001  0.46496684E+001
 -0.17165923E+000  0.12888704E+000  0.18711247E+001  0.46496740E+001
 -0.17165949E+000  0.12888753E+000  0.18711316E+001  0.46496797E+001
 -0.17165973E+000  0.12888798E+000  0.18711384E+001  0.46496853E+001
 -0.17165995E+000  0.12888841E+000  0.18711450E+001  0.46496908E+001
 -0.17166017E+000  0.12888882E+000  0.18711516E+001  0.46496963E+001
 -0.17166037E+000  0.12888921E+000  0.18711582E+001  0.46497017E+001
 -0.17166056E+000  0.12888959E+000  0.18711646E+001  0.46497070E+001
 -0.17166074E+000  0.12888996E+000  0.18711710E+001  0.46497121E+001
 -0.17166091E+000  0.12889032E+000  0.18711774E+001  0.46497172E+001
 -0.17166107E+000  0.12889067E+000  0.18711838E+001  0.46497221E+001
 -0.17166123E+000  0.12889102E+000  0.18711901E+001  0.46497269E+001
 -0.17166137E+000  0.12889137E+000  0.18711964E+001  0.46497315E+001
 -0.17166151E+000  0.12889171E+000  0.18712027E+001  0.46497361E+001
 -0.17166165E+000  0.12889205E+000  0.18712090E+001  0.46497404E+001
 -0.17166177E+000  0.12889238E+000  0.18712154E+001  0.46497446E+001
 -0.17166190E+000  0.12889271E+000  0.18712217E+001  0.46497486E+001
 -0.17166201E+000  0.12889303E+000  0.18712281E+001  0.46497525E+001
 -0.17166212E+000  0.12889334E+000  0.18712346E+001  0.46497561E+001
 -0.17166222E+000  0.12889364E+000  0.18712411E+001  0.46497596E+001
 -0.17166232E+000  0.12889394E+000  0.18712476E+001  0.46497628E+001
 -0.17166242E+000  0.12889422E+000  0.18712543E+001  0.46497658E+001
 -0.17166250E+000  0.12889450E+000  0.18712610E+001  0.46497685E+001
 -0.17166258E+000  0.12889476E+000  0.18712678E+001  0.46497710E+001
 -0.17166266E+000  0.12889500E+000  0.18712747E+001  0.46497731E+001
 -0.17166273E+000  0.12889524E+000  0.18712818E+001  0.46497749E+001
 -0.17166280E+000  0.12889546E+000  0.18712889E+001  0.46497763E+001
 -0.17166286E+000  0.12889566E+000  0.18712961E+001  0.46497774E+001
 -0.17166291E+000  0.12889584E+000  0.18713035E+001  0.46497780E+001
 -0.17166296E+000  0.12889601E+000  0.18713111E+001  0.46497782E+001
 -0.17166300E+000  0.12889616E+000  0.18713187E+001  0.46497779E+001
 -0.17166304E+000  0.12889629E+000  0.18713265E+001  0.46497771E+001
 -0.17166306E+000  0.12889640E+000  0.18713345E+001  0.46497757E+001
 -0.17166308E+000  0.12889649E+000  0.18713427E+001  0.46497737E+001
 -0.17166309E+000  0.12889656E+000  0.18713511E+001  0.46497711E+001
 -0.17166310E+000  0.12889660E+000  0.18713596E+001  0.46497678E+001
 -0.17166309E+000  0.12889663E+000  0.18713684E+001  0.46497638E+001
 -0.17166308E+000  0.12889663E+000  0.18713773E+001  0.46497590E+001
 -0.17166306E+000  0.12889661E+000  0.18713866E+001  0.46497534E+001
 -0.17166302E+000  0.12889656E+000  0.18713960E+001  0.46497469E+001
 -0.17166298E+000  0.12889649E+000  0.18714057E+001  0.46497395E+001
 -0.17166292E+000  0.12889640E+000  0.18714157E+001  0.46497310E+001
 -0.17166285E+000  0.12889629E+000  0.18714260E+001  0.46497216E+001
 -0.17166277E+000  0.12889615E+000  0.18714366E+001  0.46497110E+001
 -0.17166267E+000  0.12889599E+000  0.18714475E+001  0.46496992E+001
 -0.17166257E+000  0.12889582E+000  0.18714588E+001  0.46496862E+001
 -0.17166244E+000  0.12889563E+000  0.18714704E+001  0.46496718E+001
 -0.17166230E+000  0.12889542E+000  0.18714824E+001  0.46496561E+001
 -0.17166214E+000  0.12889520E+000  0.18714949E+001  0.46496389E+001
 -0.17166197E+000  0.12889497E+000  0.18715077E+001  0.46496203E+001
 -0.17166178E+000  0.12889474E+000  0.18715210E+001  0.46496000E+001
 -0.17166157E+000  0.12889451E+000  0.18715348E+001  0.46495781E+001
 -0.17166133E+000  0.12889428E+000  0.18715491E+001  0.46495545E+001
 -0.17166108E+000  0.12889406E+000  0.18715639E+001  0.46495291E+001
 -0.17166081E+000  0.12889385E+000  0.18715793E+001  0.46495018E+001
 -0.17166051E+000  0.12889366E+000  0.18715952E+001  0.46494727E+001
 -0.17166019E+000  0.12889350E+000  0.18716118E+001  0.46494417E+001
 -0.17165985E+000  0.12889336E+000  0.18716290E+001  0.46494088E+001
 -0.17165948E+000  0.12889327E+000  0.18716468E+001  0.46493739E+001
 -0.17165908E+000  0.12889321E+000  0.18716653E+001  0.46493369E+001
 -0.17165866E+000  0.12889320E+000  0.18716845E+001  0.46492980E+001
 -0.17165821E+000  0.12889323E+000  0.18717045E+001  0.46492571E+001
 -0.17165774E+000  0.12889333E+000  0.18717252E+001  0.46492142E+001
 -0.17165724E+000  0.12889348E+000  0.18717468E+001  0.46491694E+001
 -0.17165670E+000  0.12889370E+000  0.18717692E+001  0.46491227E+001
 -0.17165614E+000  0.12889398E+000  0.18717924E+001  0.46490741E+001
 -0.17165556E+000  0.12889433E+000  0.18718164E+001  0.46490237E+001
 -0.17165494E+000  0.12889475E+000  0.18718414E+001  0.46489716E+001
 -0.17165429E+000  0.12889524E+000  0.18718673E+001  0.46489179E+001
 -0.17165362E+000  0.12889581E+000  0.18718941E+001  0.46488627E+001
 -0.17165292E+000  0.12889645E+000  0.18719218E+001  0.46488061E+001
 -0.17165219E+000  0.12889716E+000  0.18719504E+001  0.46487482E+001
 -0.17165143E+000  0.12889795E+000  0.18719800E+001  0.46486890E+001
 -0.17165065E+000  0.12889882E+000  0.18720105E+001  0.46486288E+001
 -0.17164984E+000  0.12889975E+000  0.18720420E+001  0.46485677E+001
 -0.17164900E+000  0.12890076E+000  0.18720744E+001  0.46485057E+001
 -0.17164814E+000  0.12890185E+000  0.18721077E+001  0.46484430E+001
 -0.17164725E+000  0.12890301E+000  0.18721419E+001  0.46483797E+001
 -0.17164635E+000  0.12890423E+000  0.18721769E+001  0.46483159E+001
 -0.17164542E+000  0.12890553E+000  0.18722128E+001  0.46482517E+001
 -0.17164446E+000  0.12890689E+000  0.18722495E+001  0.46481872E+001
 -0.17164349E+000  0.12890833E+000  0.18722870E+001  0.46481225E+001
 -0.17164250E+000  0.12890982E+000  0.18723252E+001  0.46480576E+001
 -0.17164149E+000  0.12891138E+000  0.18723642E+001  0.46479926E+001
 -0.17164047E+000  0.12891301E+000  0.18724038E+001  0.46479275E+001
 -0.17163943E+000  0.12891469E+000  0.18724441E+001  0.46478625E+001
 -0.17163837E+000  0.12891643E+000  0.18724849E+001  0.46477974E+001
 -0.17163731E+000  0.12891823E+000  0.18725263E+001  0.46477325E+001
 -0.17163623E+000  0.12892008E+000  0.18725683E+001  0.46476676E+001
 -0.17163514E+000  0.12892198E+000  0.18726107E+001  0.46476028E+001
 -0.17163405E+000  0.12892393E+000  0.18726536E+001  0.46475380E+001
 -0.17163295E+000  0.12892593E+000  0.18726970E+001  0.46474734E+001
 -0.17163184E+000  0.12892797E+000  0.18727407E+001  0.46474089E+001
 -0.17163073E+000  0.12893005E+000  0.18727848E+001  0.46473444E+001
 -0.17162962E+000  0.12893217E+000  0.18728293E+001  0.46472800E+001
 -0.17162852E+000  0.12893432E+000  0.18728741E+001  0.46472157E+001
 -0.17162741E+000  0.12893649E+000  0.18729192E+001  0.46471514E+001
 -0.17162630E+000  0.12893870E+000  0.18729646E+001  0.46470872E+001
 -0.17162521E+000  0.12894092E+000  0.18730103E+001  0.46470231E+001
 -0.17162412E+000  0.12894317E+000  0.18730562E+001  0.46469589E+001
 -0.17162303E+000  0.12894542E+000  0.18731023E+001  0.46468948E+001
 -0.17162196E+000  0.12894768E+000  0.18731487E+001  0.46468308E+001
 -0.17162090E+000  0.12894995E+000  0.18731953E+001  0.46467668E+001
 -0.17161986E+000  0.12895222E+000  0.18732420E+001  0.46467028E+001
 -0.17161883E+000  0.12895448E+000  0.18732889E+001  0.46466388E+001
 -0.17161781E+000  0.12895673E+000  0.18733360E+001  0.46465750E+001
 -0.17161681E+000  0.12895897E+000  0.18733832E+001  0.46465112E+001
 -0.17161583E+000  0.12896119E+000  0.18734305E+001  0.46464474E+001
 -0.17161487E+000  0.12896339E+000  0.18734778E+001  0.46463838E+001
 -0.17161393E+000  0.12896557E+000  0.18735252E+001  0.46463204E+001
 -0.17161302E+000  0.12896771E+000  0.18735727E+001  0.46462571E+001
 -0.17161212E+000  0.12896982E+000  0.18736201E+001  0.46461939E+001
 -0.17161125E+000  0.12897189E+000  0.18736675E+001  0.46461311E+001
 -0.17161040E+000  0.12897393E+000  0.18737147E+001  0.46460685E+001
 -0.17160958E+000  0.12897592E+000  0.18737619E+001  0.46460062E+001
 -0.17160878E+000  0.12897786E+000  0.18738089E+001  0.46459442E+001
 -0.17160801E+000  0.12897976E+000  0.18738557E+001  0.46458827E+001
 -0.17160726E+000  0.12898161E+000  0.18739023E+001  0.46458216E+001
 -0.17160654E+000  0.12898340E+000  0.18739486E+001  0.46457611E+001
 -0.17160585E+000  0.12898515E+000  0.18739945E+001  0.46457011E+001
 -0.17160518E+000  0.12898684E+000  0.18740400E+001  0.46456417E+001
 -0.17160453E+000  0.12898847E+000  0.18740851E+001  0.46455829E+001
 -0.17160391E+000  0.12899004E+000  0.18741297E+001  0.46455249E+001
 -0.17160332E+000  0.12899156E+000  0.18741738E+001  0.46454677E+001
 -0.17160275E+000  0.12899303E+000  0.18742173E+001  0.46454112E+001
 -0.17160221E+000  0.12899443E+000  0.18742601E+001  0.46453557E+001
 -0.17160169E+000  0.12899578E+000  0.18743023E+001  0.46453011E+001
 -0.17160119E+000  0.12899708E+000  0.18743437E+001  0.46452474E+001
 -0.17160072E+000  0.12899831E+000  0.18743844E+001  0.46451948E+001
 -0.17160027E+000  0.12899950E+000  0.18744243E+001  0.46451432E+001
 -0.17159984E+000  0.12900063E+000  0.18744633E+001  0.46450928E+001
 -0.17159943E+000  0.12900170E+000  0.18745014E+001  0.46450435E+001
 -0.17159905E+000  0.12900273E+000  0.18745387E+001  0.46449953E+001
 -0.17159868E+000  0.12900370E+000  0.18745750E+001  0.46449484E+001
 -0.17159834E+000  0.12900462E+000  0.18746103E+001  0.46449028E+001
 -0.17159801E+000  0.12900550E+000  0.18746446E+001  0.46448584E+001
 -0.17159770E+000  0.12900633E+000  0.18746779E+001  0.46448152E+001
 -0.17159741E+000  0.12900712E+000  0.18747102E+001  0.46447734E+001
 -0.17159714E+000  0.12900786E+000  0.18747415E+001  0.46447329E+001
 -0.17159688E+000  0.12900857E+000  0.18747717E+001  0.46446938E+001
 -0.17159664E+000  0.12900923E+000  0.18748008E+001  0.46446559E+001
 -0.17159642E+000  0.12900985E+000  0.18748289E+001  0.46446194E+001
 -0.17159621E+000  0.12901044E+000  0.18748560E+001  0.46445843E+001
 -0.17159601E+000  0.12901099E+000  0.18748820E+001  0.46445504E+001
 -0.17159583E+000  0.12901151E+000  0.18749069E+001  0.46445179E+001
 -0.17159566E+000  0.12901200E+000  0.18749308E+001  0.46444867E+001
 -0.17159550E+000  0.12901245E+000  0.18749537E+001  0.46444569E+001
 -0.17159536E+000  0.12901288E+000  0.18749756E+001  0.46444283E+001
 -0.17159523E+000  0.12901328E+000  0.18749964E+001  0.46444010E+001
 -0.17159511E+000  0.12901365E+000  0.18750163E+001  0.46443750E+001
 -0.17159501E+000  0.12901400E+000  0.18750352E+001  0.46443502E+001
 -0.17159491E+000  0.12901432E+000  0.18750532E+001  0.46443266E+001
 -0.17159483E+000  0.12901462E+000  0.18750702E+001  0.46443043E+001
 -0.17159475E+000  0.12901490E+000  0.18750864E+001  0.46442832E+001
 -0.17159469E+000  0.12901516E+000  0.18751016E+001  0.46442632E+001
 -0.17159464E+000  0.12901539E+000  0.18751160E+001  0.46442444E+001
 -0.17159460E+000  0.12901561E+000  0.18751295E+001  0.46442268E+001
 -0.17159458E+000  0.12901581E+000  0.18751421E+001  0.46442103E+001
 -0.17159456E+000  0.12901599E+000  0.18751540E+001  0.46441950E+001
 -0.17159456E+000  0.12901615E+000  0.18751650E+001  0.46441808E+001
 -0.17159457E+000  0.12901630E+000  0.18751753E+001  0.46441677E+001
 -0.17159459E+000  0.12901642E+000  0.18751847E+001  0.46441557E+001
 -0.17159462E+000  0.12901654E+000  0.18751934E+001  0.46441449E+001
 -0.17159467E+000  0.12901663E+000  0.18752013E+001  0.46441352E+001
 -0.17159473E+000  0.12901671E+000  0.18752084E+001  0.46441266E+001
 -0.17159481E+000  0.12901676E+000  0.18752148E+001  0.46441193E+001
 -0.17159491E+000  0.12901680E+000  0.18752203E+001  0.46441131E+001
 -0.17159502E+000  0.12901683E+000  0.18752251E+001  0.46441082E+001
 -0.17159515E+000  0.12901683E+000  0.18752290E+001  0.46441046E+001
 -0.17159530E+000  0.12901681E+000  0.18752321E+001  0.46441024E+001
 -0.17159548E+000  0.12901676E+000  0.18752343E+001  0.46441015E+001
 -0.17159567E+000  0.12901669E+000  0.18752356E+001  0.46441022E+001
 -0.17159589E+000  0.12901660E+000  0.18752358E+001  0.46441044E+001
 -0.17159614E+000  0.12901647E+000  0.18752350E+001  0.46441082E+001
 -0.17159641E+000  0.12901631E+000  0.18752331E+001  0.46441138E+001
 -0.17159672E+000  0.12901611E+000  0.18752298E+001  0.46441213E+001
 -0.17159706E+000  0.12901587E+000  0.18752252E+001  0.46441306E+001
 -0.17159744E+000  0.12901557E+000  0.18752191E+001  0.46441420E+001
 -0.17159787E+000  0.12901522E+000  0.18752112E+001  0.46441554E+001
 -0.17159835E+000  0.12901479E+000  0.18752013E+001  0.46441710E+001
 -0.17159890E+000  0.12901427E+000  0.18751891E+001  0.46441886E+001
 -0.17159953E+000  0.12901364E+000  0.18751742E+001  0.46442084E+001
 -0.17160028E+000  0.12901285E+000  0.18751561E+001  0.46442300E+001
 -0.17160119E+000  0.12901186E+000  0.18751340E+001  0.46442533E+001
 -0.17160236E+000  0.12901056E+000  0.18751070E+001  0.46442779E+001
 -0.17160393E+000  0.12900880E+000  0.18750735E+001  0.46443032E+001
 -0.17160613E+000  0.12900633E+000  0.18750318E+001  0.46443284E+001
 -0.17160947E+000  0.12900246E+000  0.18749776E+001  0.46443525E+001
 -0.17161444E+000  0.12899651E+000  0.18749091E+001  0.46443739E+001
 -0.17162346E+000  0.12898436E+000  0.18748099E+001  0.46443902E+001
 -0.17163613E+000  0.12896781E+000  0.18746952E+001  0.46444006E+001
