 -0.52254128E-001
 -0.52254550E-001
 -0.52254938E-001
 -0.52255292E-001
 -0.52255617E-001
 -0.52255914E-001
 -0.52256186E-001
 -0.52256437E-001
 -0.52256667E-001
 -0.52256879E-001
 -0.52257076E-001
 -0.52257258E-001
 -0.52257427E-001
 -0.52257584E-001
 -0.52257731E-001
 -0.52257868E-001
 -0.52257996E-001
 -0.52258117E-001
 -0.52258230E-001
 -0.52258336E-001
 -0.52258437E-001
 -0.52258532E-001
 -0.52258622E-001
 -0.52258707E-001
 -0.52258788E-001
 -0.52258864E-001
 -0.52258937E-001
 -0.52259007E-001
 -0.52259073E-001
 -0.52259136E-001
 -0.52259196E-001
 -0.52259253E-001
 -0.52259307E-001
 -0.52259359E-001
 -0.52259409E-001
 -0.52259456E-001
 -0.52259501E-001
 -0.52259544E-001
 -0.52259584E-001
 -0.52259623E-001
 -0.52259659E-001
 -0.52259693E-001
 -0.52259725E-001
 -0.52259755E-001
 -0.52259783E-001
 -0.52259809E-001
 -0.52259833E-001
 -0.52259854E-001
 -0.52259874E-001
 -0.52259891E-001
 -0.52259907E-001
 -0.52259920E-001
 -0.52259930E-001
 -0.52259939E-001
 -0.52259946E-001
 -0.52259950E-001
 -0.52259952E-001
 -0.52259953E-001
 -0.52259951E-001
 -0.52259947E-001
 -0.52259941E-001
 -0.52259933E-001
 -0.52259923E-001
 -0.52259911E-001
 -0.52259898E-001
 -0.52259882E-001
 -0.52259865E-001
 -0.52259846E-001
 -0.52259825E-001
 -0.52259803E-001
 -0.52259778E-001
 -0.52259752E-001
 -0.52259724E-001
 -0.52259695E-001
 -0.52259663E-001
 -0.52259629E-001
 -0.52259594E-001
 -0.52259556E-001
 -0.52259515E-001
 -0.52259473E-001
 -0.52259428E-001
 -0.52259380E-001
 -0.52259329E-001
 -0.52259276E-001
 -0.52259220E-001
 -0.52259160E-001
 -0.52259098E-001
 -0.52259032E-001
 -0.52258963E-001
 -0.52258891E-001
 -0.52258815E-001
 -0.52258736E-001
 -0.52258654E-001
 -0.52258569E-001
 -0.52258480E-001
 -0.52258389E-001
 -0.52258294E-001
 -0.52258197E-001
 -0.52258096E-001
 -0.52257994E-001
 -0.52257888E-001
 -0.52257781E-001
 -0.52257671E-001
 -0.52257559E-001
 -0.52257445E-001
 -0.52257329E-001
 -0.52257212E-001
 -0.52257093E-001
 -0.52256973E-001
 -0.52256852E-001
 -0.52256729E-001
 -0.52256606E-001
 -0.52256481E-001
 -0.52256356E-001
 -0.52256231E-001
 -0.52256105E-001
 -0.52255979E-001
 -0.52255852E-001
 -0.52255726E-001
 -0.52255599E-001
 -0.52255473E-001
 -0.52255347E-001
 -0.52255221E-001
 -0.52255096E-001
 -0.52254972E-001
 -0.52254848E-001
 -0.52254725E-001
 -0.52254603E-001
 -0.52254483E-001
 -0.52254363E-001
 -0.52254245E-001
 -0.52254128E-001
 -0.52254012E-001
 -0.52253898E-001
 -0.52253786E-001
 -0.52253676E-001
 -0.52253567E-001
 -0.52253460E-001
 -0.52253356E-001
 -0.52253253E-001
 -0.52253153E-001
 -0.52253054E-001
 -0.52252958E-001
 -0.52252864E-001
 -0.52252773E-001
 -0.52252684E-001
 -0.52252597E-001
 -0.52252512E-001
 -0.52252431E-001
 -0.52252351E-001
 -0.52252274E-001
 -0.52252199E-001
 -0.52252127E-001
 -0.52252057E-001
 -0.52251990E-001
 -0.52251925E-001
 -0.52251862E-001
 -0.52251802E-001
 -0.52251744E-001
 -0.52251688E-001
 -0.52251635E-001
 -0.52251583E-001
 -0.52251534E-001
 -0.52251487E-001
 -0.52251442E-001
 -0.52251399E-001
 -0.52251358E-001
 -0.52251319E-001
 -0.52251282E-001
 -0.52251247E-001
 -0.52251213E-001
 -0.52251182E-001
 -0.52251152E-001
 -0.52251123E-001
 -0.52251097E-001
 -0.52251072E-001
 -0.52251048E-001
 -0.52251026E-001
 -0.52251006E-001
 -0.52250988E-001
 -0.52250971E-001
 -0.52250955E-001
 -0.52250942E-001
 -0.52250930E-001
 -0.52250921E-001
 -0.52250915E-001
 -0.52250911E-001
 -0.52250913E-001
 -0.52250921E-001
 -0.52250938E-001
 -0.52250971E-001
 -0.52251026E-001
 -0.52251118E-001
 -0.52251271E-001
 -0.52251529E-001
 -0.52251957E-001
 -0.52252705E-001
 -0.52253926E-001
 -0.52256362E-001
 -0.52259941E-001
