  0.16717354E+001
  0.16717361E+001
  0.16717379E+001
  0.16717404E+001
  0.16717434E+001
  0.16717466E+001
  0.16717499E+001
  0.16717533E+001
  0.16717568E+001
  0.16717602E+001
  0.16717636E+001
  0.16717669E+001
  0.16717703E+001
  0.16717735E+001
  0.16717767E+001
  0.16717799E+001
  0.16717830E+001
  0.16717861E+001
  0.16717891E+001
  0.16717921E+001
  0.16717950E+001
  0.16717979E+001
  0.16718007E+001
  0.16718035E+001
  0.16718063E+001
  0.16718090E+001
  0.16718117E+001
  0.16718143E+001
  0.16718170E+001
  0.16718195E+001
  0.16718220E+001
  0.16718245E+001
  0.16718269E+001
  0.16718293E+001
  0.16718316E+001
  0.16718338E+001
  0.16718359E+001
  0.16718380E+001
  0.16718400E+001
  0.16718419E+001
  0.16718437E+001
  0.16718454E+001
  0.16718470E+001
  0.16718485E+001
  0.16718499E+001
  0.16718511E+001
  0.16718522E+001
  0.16718531E+001
  0.16718538E+001
  0.16718544E+001
  0.16718548E+001
  0.16718550E+001
  0.16718550E+001
  0.16718548E+001
  0.16718544E+001
  0.16718537E+001
  0.16718527E+001
  0.16718515E+001
  0.16718501E+001
  0.16718483E+001
  0.16718463E+001
  0.16718439E+001
  0.16718413E+001
  0.16718383E+001
  0.16718350E+001
  0.16718314E+001
  0.16718275E+001
  0.16718233E+001
  0.16718188E+001
  0.16718139E+001
  0.16718088E+001
  0.16718034E+001
  0.16717977E+001
  0.16717918E+001
  0.16717856E+001
  0.16717792E+001
  0.16717727E+001
  0.16717660E+001
  0.16717591E+001
  0.16717522E+001
  0.16717452E+001
  0.16717381E+001
  0.16717311E+001
  0.16717240E+001
  0.16717170E+001
  0.16717101E+001
  0.16717033E+001
  0.16716966E+001
  0.16716900E+001
  0.16716835E+001
  0.16716773E+001
  0.16716711E+001
  0.16716652E+001
  0.16716594E+001
  0.16716538E+001
  0.16716483E+001
  0.16716431E+001
  0.16716380E+001
  0.16716330E+001
  0.16716282E+001
  0.16716236E+001
  0.16716191E+001
  0.16716147E+001
  0.16716104E+001
  0.16716062E+001
  0.16716021E+001
  0.16715981E+001
  0.16715942E+001
  0.16715904E+001
  0.16715866E+001
  0.16715829E+001
  0.16715792E+001
  0.16715756E+001
  0.16715721E+001
  0.16715686E+001
  0.16715651E+001
  0.16715617E+001
  0.16715583E+001
  0.16715549E+001
  0.16715516E+001
  0.16715483E+001
  0.16715450E+001
  0.16715418E+001
  0.16715386E+001
  0.16715354E+001
  0.16715323E+001
  0.16715292E+001
  0.16715261E+001
  0.16715230E+001
  0.16715201E+001
  0.16715171E+001
  0.16715142E+001
  0.16715113E+001
  0.16715084E+001
  0.16715056E+001
  0.16715029E+001
  0.16715002E+001
  0.16714975E+001
  0.16714949E+001
  0.16714923E+001
  0.16714898E+001
  0.16714873E+001
  0.16714849E+001
  0.16714826E+001
  0.16714802E+001
  0.16714780E+001
  0.16714758E+001
  0.16714737E+001
  0.16714716E+001
  0.16714695E+001
  0.16714676E+001
  0.16714657E+001
  0.16714638E+001
  0.16714620E+001
  0.16714603E+001
  0.16714587E+001
  0.16714571E+001
  0.16714555E+001
  0.16714541E+001
  0.16714526E+001
  0.16714513E+001
  0.16714500E+001
  0.16714488E+001
  0.16714477E+001
  0.16714466E+001
  0.16714456E+001
  0.16714446E+001
  0.16714438E+001
  0.16714430E+001
  0.16714423E+001
  0.16714416E+001
  0.16714411E+001
  0.16714406E+001
  0.16714402E+001
  0.16714400E+001
  0.16714398E+001
  0.16714397E+001
  0.16714397E+001
  0.16714399E+001
  0.16714401E+001
  0.16714405E+001
  0.16714410E+001
  0.16714417E+001
  0.16714425E+001
  0.16714434E+001
  0.16714444E+001
  0.16714456E+001
  0.16714468E+001
  0.16714480E+001
  0.16714491E+001
  0.16714500E+001
  0.16714505E+001
  0.16714505E+001
  0.16714494E+001
  0.16714468E+001
  0.16714419E+001
  0.16714333E+001
  0.16714201E+001
  0.16713965E+001
  0.16713667E+001
