  0.11466165E+001
  0.11466157E+001
  0.11466156E+001
  0.11466157E+001
  0.11466160E+001
  0.11466164E+001
  0.11466168E+001
  0.11466173E+001
  0.11466178E+001
  0.11466184E+001
  0.11466189E+001
  0.11466195E+001
  0.11466201E+001
  0.11466206E+001
  0.11466212E+001
  0.11466218E+001
  0.11466224E+001
  0.11466230E+001
  0.11466236E+001
  0.11466242E+001
  0.11466248E+001
  0.11466254E+001
  0.11466261E+001
  0.11466267E+001
  0.11466273E+001
  0.11466280E+001
  0.11466287E+001
  0.11466294E+001
  0.11466301E+001
  0.11466308E+001
  0.11466316E+001
  0.11466323E+001
  0.11466331E+001
  0.11466339E+001
  0.11466347E+001
  0.11466355E+001
  0.11466364E+001
  0.11466373E+001
  0.11466382E+001
  0.11466391E+001
  0.11466400E+001
  0.11466410E+001
  0.11466420E+001
  0.11466431E+001
  0.11466441E+001
  0.11466452E+001
  0.11466463E+001
  0.11466474E+001
  0.11466486E+001
  0.11466498E+001
  0.11466510E+001
  0.11466523E+001
  0.11466536E+001
  0.11466549E+001
  0.11466563E+001
  0.11466576E+001
  0.11466590E+001
  0.11466605E+001
  0.11466620E+001
  0.11466635E+001
  0.11466650E+001
  0.11466666E+001
  0.11466681E+001
  0.11466698E+001
  0.11466714E+001
  0.11466731E+001
  0.11466748E+001
  0.11466765E+001
  0.11466783E+001
  0.11466801E+001
  0.11466819E+001
  0.11466838E+001
  0.11466857E+001
  0.11466876E+001
  0.11466895E+001
  0.11466915E+001
  0.11466935E+001
  0.11466956E+001
  0.11466976E+001
  0.11466997E+001
  0.11467019E+001
  0.11467040E+001
  0.11467062E+001
  0.11467085E+001
  0.11467107E+001
  0.11467130E+001
  0.11467154E+001
  0.11467177E+001
  0.11467201E+001
  0.11467226E+001
  0.11467250E+001
  0.11467275E+001
  0.11467301E+001
  0.11467327E+001
  0.11467353E+001
  0.11467379E+001
  0.11467406E+001
  0.11467433E+001
  0.11467460E+001
  0.11467488E+001
  0.11467516E+001
  0.11467545E+001
  0.11467573E+001
  0.11467602E+001
  0.11467631E+001
  0.11467661E+001
  0.11467690E+001
  0.11467720E+001
  0.11467751E+001
  0.11467781E+001
  0.11467812E+001
  0.11467843E+001
  0.11467874E+001
  0.11467905E+001
  0.11467937E+001
  0.11467968E+001
  0.11468000E+001
  0.11468033E+001
  0.11468065E+001
  0.11468097E+001
  0.11468130E+001
  0.11468163E+001
  0.11468196E+001
  0.11468229E+001
  0.11468262E+001
  0.11468296E+001
  0.11468329E+001
  0.11468363E+001
  0.11468397E+001
  0.11468431E+001
  0.11468465E+001
  0.11468499E+001
  0.11468533E+001
  0.11468567E+001
  0.11468601E+001
  0.11468636E+001
  0.11468670E+001
  0.11468704E+001
  0.11468739E+001
  0.11468773E+001
  0.11468808E+001
  0.11468842E+001
  0.11468877E+001
  0.11468911E+001
  0.11468946E+001
  0.11468980E+001
  0.11469014E+001
  0.11469048E+001
  0.11469083E+001
  0.11469117E+001
  0.11469150E+001
  0.11469184E+001
  0.11469218E+001
  0.11469251E+001
  0.11469285E+001
  0.11469318E+001
  0.11469351E+001
  0.11469384E+001
  0.11469416E+001
  0.11469449E+001
  0.11469481E+001
  0.11469513E+001
  0.11469545E+001
  0.11469576E+001
  0.11469608E+001
  0.11469639E+001
  0.11469669E+001
  0.11469700E+001
  0.11469730E+001
  0.11469760E+001
  0.11469789E+001
  0.11469818E+001
  0.11469847E+001
  0.11469876E+001
  0.11469904E+001
  0.11469932E+001
  0.11469959E+001
  0.11469986E+001
  0.11470013E+001
  0.11470040E+001
  0.11470066E+001
  0.11470092E+001
  0.11470117E+001
  0.11470142E+001
  0.11470167E+001
  0.11470191E+001
  0.11470215E+001
  0.11470239E+001
  0.11470262E+001
  0.11470285E+001
  0.11470308E+001
  0.11470330E+001
  0.11470353E+001
  0.11470376E+001
  0.11470399E+001
  0.11470423E+001
  0.11470448E+001
  0.11470479E+001
  0.11470507E+001
  0.11470605E+001
