  0.59735548E+000
  0.59736105E+000
  0.59736369E+000
  0.59736540E+000
  0.59736672E+000
  0.59736782E+000
  0.59736876E+000
  0.59736958E+000
  0.59737029E+000
  0.59737092E+000
  0.59737147E+000
  0.59737196E+000
  0.59737238E+000
  0.59737276E+000
  0.59737309E+000
  0.59737337E+000
  0.59737362E+000
  0.59737383E+000
  0.59737401E+000
  0.59737416E+000
  0.59737428E+000
  0.59737438E+000
  0.59737446E+000
  0.59737452E+000
  0.59737455E+000
  0.59737457E+000
  0.59737458E+000
  0.59737456E+000
  0.59737454E+000
  0.59737450E+000
  0.59737445E+000
  0.59737439E+000
  0.59737432E+000
  0.59737424E+000
  0.59737416E+000
  0.59737406E+000
  0.59737396E+000
  0.59737386E+000
  0.59737375E+000
  0.59737364E+000
  0.59737352E+000
  0.59737340E+000
  0.59737328E+000
  0.59737316E+000
  0.59737304E+000
  0.59737292E+000
  0.59737280E+000
  0.59737268E+000
  0.59737256E+000
  0.59737245E+000
  0.59737234E+000
  0.59737223E+000
  0.59737212E+000
  0.59737202E+000
  0.59737192E+000
  0.59737183E+000
  0.59737175E+000
  0.59737167E+000
  0.59737160E+000
  0.59737153E+000
  0.59737147E+000
  0.59737142E+000
  0.59737138E+000
  0.59737135E+000
  0.59737133E+000
  0.59737132E+000
  0.59737132E+000
  0.59737133E+000
  0.59737136E+000
  0.59737140E+000
  0.59737145E+000
  0.59737152E+000
  0.59737161E+000
  0.59737171E+000
  0.59737182E+000
  0.59737196E+000
  0.59737211E+000
  0.59737227E+000
  0.59737246E+000
  0.59737266E+000
  0.59737288E+000
  0.59737311E+000
  0.59737336E+000
  0.59737362E+000
  0.59737390E+000
  0.59737419E+000
  0.59737449E+000
  0.59737479E+000
  0.59737511E+000
  0.59737543E+000
  0.59737576E+000
  0.59737609E+000
  0.59737643E+000
  0.59737677E+000
  0.59737711E+000
  0.59737744E+000
  0.59737778E+000
  0.59737812E+000
  0.59737845E+000
  0.59737878E+000
  0.59737911E+000
  0.59737944E+000
  0.59737976E+000
  0.59738008E+000
  0.59738039E+000
  0.59738071E+000
  0.59738102E+000
  0.59738132E+000
  0.59738163E+000
  0.59738193E+000
  0.59738223E+000
  0.59738252E+000
  0.59738281E+000
  0.59738310E+000
  0.59738339E+000
  0.59738367E+000
  0.59738396E+000
  0.59738423E+000
  0.59738451E+000
  0.59738478E+000
  0.59738505E+000
  0.59738532E+000
  0.59738558E+000
  0.59738584E+000
  0.59738609E+000
  0.59738634E+000
  0.59738659E+000
  0.59738683E+000
  0.59738707E+000
  0.59738730E+000
  0.59738753E+000
  0.59738775E+000
  0.59738797E+000
  0.59738818E+000
  0.59738839E+000
  0.59738859E+000
  0.59738878E+000
  0.59738897E+000
  0.59738915E+000
  0.59738932E+000
  0.59738949E+000
  0.59738965E+000
  0.59738980E+000
  0.59738995E+000
  0.59739009E+000
  0.59739022E+000
  0.59739034E+000
  0.59739046E+000
  0.59739057E+000
  0.59739067E+000
  0.59739077E+000
  0.59739085E+000
  0.59739093E+000
  0.59739100E+000
  0.59739107E+000
  0.59739112E+000
  0.59739117E+000
  0.59739121E+000
  0.59739125E+000
  0.59739127E+000
  0.59739129E+000
  0.59739130E+000
  0.59739130E+000
  0.59739130E+000
  0.59739128E+000
  0.59739126E+000
  0.59739124E+000
  0.59739120E+000
  0.59739116E+000
  0.59739110E+000
  0.59739104E+000
  0.59739098E+000
  0.59739090E+000
  0.59739082E+000
  0.59739072E+000
  0.59739062E+000
  0.59739051E+000
  0.59739039E+000
  0.59739027E+000
  0.59739013E+000
  0.59738998E+000
  0.59738983E+000
  0.59738967E+000
  0.59738950E+000
  0.59738932E+000
  0.59738913E+000
  0.59738893E+000
  0.59738873E+000
  0.59738852E+000
  0.59738832E+000
  0.59738811E+000
  0.59738792E+000
  0.59738776E+000
  0.59738766E+000
  0.59738767E+000
  0.59738790E+000
  0.59738853E+000
  0.59739023E+000
  0.59739434E+000
  0.59740852E+000
