  0.18757161E+001
  0.18758208E+001
  0.18758356E+001
  0.18758325E+001
  0.18758260E+001
  0.18758196E+001
  0.18758143E+001
  0.18758101E+001
  0.18758069E+001
  0.18758047E+001
  0.18758033E+001
  0.18758024E+001
  0.18758022E+001
  0.18758023E+001
  0.18758027E+001
  0.18758035E+001
  0.18758044E+001
  0.18758056E+001
  0.18758069E+001
  0.18758083E+001
  0.18758098E+001
  0.18758113E+001
  0.18758129E+001
  0.18758146E+001
  0.18758163E+001
  0.18758180E+001
  0.18758198E+001
  0.18758216E+001
  0.18758233E+001
  0.18758251E+001
  0.18758269E+001
  0.18758287E+001
  0.18758305E+001
  0.18758324E+001
  0.18758342E+001
  0.18758360E+001
  0.18758379E+001
  0.18758397E+001
  0.18758416E+001
  0.18758435E+001
  0.18758455E+001
  0.18758475E+001
  0.18758495E+001
  0.18758515E+001
  0.18758536E+001
  0.18758558E+001
  0.18758580E+001
  0.18758602E+001
  0.18758626E+001
  0.18758650E+001
  0.18758675E+001
  0.18758701E+001
  0.18758728E+001
  0.18758756E+001
  0.18758784E+001
  0.18758814E+001
  0.18758845E+001
  0.18758877E+001
  0.18758911E+001
  0.18758945E+001
  0.18758980E+001
  0.18759017E+001
  0.18759054E+001
  0.18759092E+001
  0.18759131E+001
  0.18759171E+001
  0.18759211E+001
  0.18759252E+001
  0.18759293E+001
  0.18759333E+001
  0.18759374E+001
  0.18759415E+001
  0.18759456E+001
  0.18759496E+001
  0.18759535E+001
  0.18759574E+001
  0.18759612E+001
  0.18759650E+001
  0.18759686E+001
  0.18759721E+001
  0.18759756E+001
  0.18759789E+001
  0.18759821E+001
  0.18759851E+001
  0.18759881E+001
  0.18759909E+001
  0.18759936E+001
  0.18759962E+001
  0.18759987E+001
  0.18760011E+001
  0.18760034E+001
  0.18760056E+001
  0.18760076E+001
  0.18760096E+001
  0.18760115E+001
  0.18760134E+001
  0.18760152E+001
  0.18760169E+001
  0.18760185E+001
  0.18760201E+001
  0.18760217E+001
  0.18760233E+001
  0.18760248E+001
  0.18760263E+001
  0.18760277E+001
  0.18760292E+001
  0.18760307E+001
  0.18760322E+001
  0.18760337E+001
  0.18760352E+001
  0.18760367E+001
  0.18760383E+001
  0.18760399E+001
  0.18760416E+001
  0.18760433E+001
  0.18760450E+001
  0.18760468E+001
  0.18760487E+001
  0.18760507E+001
  0.18760527E+001
  0.18760548E+001
  0.18760569E+001
  0.18760592E+001
  0.18760615E+001
  0.18760639E+001
  0.18760664E+001
  0.18760690E+001
  0.18760717E+001
  0.18760745E+001
  0.18760774E+001
  0.18760803E+001
  0.18760834E+001
  0.18760865E+001
  0.18760898E+001
  0.18760931E+001
  0.18760965E+001
  0.18761000E+001
  0.18761036E+001
  0.18761072E+001
  0.18761110E+001
  0.18761148E+001
  0.18761187E+001
  0.18761227E+001
  0.18761267E+001
  0.18761309E+001
  0.18761351E+001
  0.18761393E+001
  0.18761436E+001
  0.18761480E+001
  0.18761524E+001
  0.18761569E+001
  0.18761614E+001
  0.18761660E+001
  0.18761706E+001
  0.18761753E+001
  0.18761800E+001
  0.18761847E+001
  0.18761895E+001
  0.18761943E+001
  0.18761992E+001
  0.18762041E+001
  0.18762090E+001
  0.18762140E+001
  0.18762190E+001
  0.18762240E+001
  0.18762291E+001
  0.18762342E+001
  0.18762393E+001
  0.18762445E+001
  0.18762497E+001
  0.18762549E+001
  0.18762602E+001
  0.18762655E+001
  0.18762709E+001
  0.18762763E+001
  0.18762817E+001
  0.18762872E+001
  0.18762928E+001
  0.18762984E+001
  0.18763040E+001
  0.18763097E+001
  0.18763155E+001
  0.18763213E+001
  0.18763272E+001
  0.18763331E+001
  0.18763391E+001
  0.18763451E+001
  0.18763512E+001
  0.18763573E+001
  0.18763636E+001
  0.18763699E+001
  0.18763764E+001
  0.18763832E+001
  0.18763905E+001
  0.18763986E+001
  0.18764082E+001
  0.18764210E+001
  0.18764389E+001
  0.18764792E+001
  0.18765504E+001
