  0.64902750E+000  0.85631920E+000  0.94916985E+000  0.21319496E+001
  0.64902713E+000  0.85631911E+000  0.94916992E+000  0.21319470E+001
  0.64902699E+000  0.85631910E+000  0.94917015E+000  0.21319463E+001
  0.64902692E+000  0.85631911E+000  0.94917036E+000  0.21319467E+001
  0.64902688E+000  0.85631915E+000  0.94917057E+000  0.21319477E+001
  0.64902687E+000  0.85631918E+000  0.94917077E+000  0.21319490E+001
  0.64902686E+000  0.85631923E+000  0.94917097E+000  0.21319505E+001
  0.64902687E+000  0.85631927E+000  0.94917117E+000  0.21319523E+001
  0.64902688E+000  0.85631932E+000  0.94917138E+000  0.21319541E+001
  0.64902689E+000  0.85631937E+000  0.94917158E+000  0.21319559E+001
  0.64902691E+000  0.85631942E+000  0.94917178E+000  0.21319579E+001
  0.64902693E+000  0.85631947E+000  0.94917199E+000  0.21319598E+001
  0.64902695E+000  0.85631951E+000  0.94917220E+000  0.21319618E+001
  0.64902697E+000  0.85631956E+000  0.94917241E+000  0.21319638E+001
  0.64902699E+000  0.85631961E+000  0.94917262E+000  0.21319659E+001
  0.64902701E+000  0.85631965E+000  0.94917284E+000  0.21319679E+001
  0.64902703E+000  0.85631969E+000  0.94917306E+000  0.21319700E+001
  0.64902705E+000  0.85631974E+000  0.94917328E+000  0.21319721E+001
  0.64902706E+000  0.85631978E+000  0.94917350E+000  0.21319742E+001
  0.64902708E+000  0.85631982E+000  0.94917373E+000  0.21319763E+001
  0.64902710E+000  0.85631986E+000  0.94917396E+000  0.21319785E+001
  0.64902711E+000  0.85631990E+000  0.94917419E+000  0.21319807E+001
  0.64902713E+000  0.85631994E+000  0.94917443E+000  0.21319830E+001
  0.64902714E+000  0.85631997E+000  0.94917468E+000  0.21319852E+001
  0.64902716E+000  0.85632001E+000  0.94917493E+000  0.21319876E+001
  0.64902717E+000  0.85632004E+000  0.94917518E+000  0.21319899E+001
  0.64902718E+000  0.85632007E+000  0.94917545E+000  0.21319923E+001
  0.64902719E+000  0.85632011E+000  0.94917571E+000  0.21319948E+001
  0.64902719E+000  0.85632014E+000  0.94917599E+000  0.21319973E+001
  0.64902720E+000  0.85632017E+000  0.94917626E+000  0.21319999E+001
  0.64902720E+000  0.85632020E+000  0.94917655E+000  0.21320025E+001
  0.64902721E+000  0.85632023E+000  0.94917685E+000  0.21320052E+001
  0.64902721E+000  0.85632026E+000  0.94917715E+000  0.21320080E+001
  0.64902721E+000  0.85632028E+000  0.94917745E+000  0.21320109E+001
  0.64902721E+000  0.85632031E+000  0.94917777E+000  0.21320138E+001
  0.64902720E+000  0.85632034E+000  0.94917810E+000  0.21320168E+001
  0.64902720E+000  0.85632036E+000  0.94917843E+000  0.21320198E+001
  0.64902719E+000  0.85632039E+000  0.94917877E+000  0.21320230E+001
  0.64902718E+000  0.85632041E+000  0.94917912E+000  0.21320262E+001
  0.64902716E+000  0.85632043E+000  0.94917948E+000  0.21320296E+001
  0.64902715E+000  0.85632045E+000  0.94917985E+000  0.21320330E+001
  0.64902713E+000  0.85632047E+000  0.94918023E+000  0.21320365E+001
  0.64902711E+000  0.85632049E+000  0.94918062E+000  0.21320402E+001
  0.64902709E+000  0.85632051E+000  0.94918102E+000  0.21320439E+001
  0.64902706E+000  0.85632053E+000  0.94918143E+000  0.21320477E+001
  0.64902703E+000  0.85632055E+000  0.94918185E+000  0.21320516E+001
  0.64902700E+000  0.85632056E+000  0.94918228E+000  0.21320557E+001
  0.64902696E+000  0.85632057E+000  0.94918272E+000  0.21320598E+001
  0.64902693E+000  0.85632058E+000  0.94918318E+000  0.21320640E+001
  0.64902689E+000  0.85632059E+000  0.94918365E+000  0.21320684E+001
  0.64902684E+000  0.85632060E+000  0.94918413E+000  0.21320729E+001
  0.64902679E+000  0.85632061E+000  0.94918462E+000  0.21320775E+001
  0.64902674E+000  0.85632061E+000  0.94918512E+000  0.21320822E+001
  0.64902669E+000  0.85632062E+000  0.94918564E+000  0.21320870E+001
  0.64902663E+000  0.85632062E+000  0.94918617E+000  0.21320919E+001
  0.64902657E+000  0.85632062E+000  0.94918671E+000  0.21320969E+001
  0.64902651E+000  0.85632062E+000  0.94918727E+000  0.21321021E+001
  0.64902644E+000  0.85632062E+000  0.94918783E+000  0.21321073E+001
  0.64902637E+000  0.85632062E+000  0.94918841E+000  0.21321127E+001
  0.64902630E+000  0.85632062E+000  0.94918900E+000  0.21321182E+001
  0.64902623E+000  0.85632063E+000  0.94918961E+000  0.21321238E+001
  0.64902616E+000  0.85632063E+000  0.94919023E+000  0.21321295E+001
  0.64902608E+000  0.85632063E+000  0.94919086E+000  0.21321353E+001
  0.64902601E+000  0.85632063E+000  0.94919150E+000  0.21321412E+001
  0.64902593E+000  0.85632064E+000  0.94919216E+000  0.21321472E+001
  0.64902585E+000  0.85632064E+000  0.94919283E+000  0.21321533E+001
  0.64902578E+000  0.85632064E+000  0.94919353E+000  0.21321595E+001
  0.64902570E+000  0.85632065E+000  0.94919423E+000  0.21321659E+001
  0.64902563E+000  0.85632066E+000  0.94919496E+000  0.21321723E+001
  0.64902555E+000  0.85632067E+000  0.94919571E+000  0.21321788E+001
  0.64902548E+000  0.85632068E+000  0.94919648E+000  0.21321854E+001
  0.64902542E+000  0.85632069E+000  0.94919727E+000  0.21321921E+001
  0.64902535E+000  0.85632070E+000  0.94919808E+000  0.21321989E+001
  0.64902529E+000  0.85632072E+000  0.94919892E+000  0.21322057E+001
  0.64902524E+000  0.85632074E+000  0.94919979E+000  0.21322127E+001
  0.64902519E+000  0.85632076E+000  0.94920069E+000  0.21322197E+001
  0.64902514E+000  0.85632078E+000  0.94920162E+000  0.21322268E+001
  0.64902510E+000  0.85632081E+000  0.94920258E+000  0.21322340E+001
  0.64902506E+000  0.85632084E+000  0.94920357E+000  0.21322413E+001
  0.64902503E+000  0.85632088E+000  0.94920460E+000  0.21322487E+001
  0.64902501E+000  0.85632092E+000  0.94920566E+000  0.21322561E+001
  0.64902499E+000  0.85632097E+000  0.94920676E+000  0.21322636E+001
  0.64902498E+000  0.85632102E+000  0.94920791E+000  0.21322712E+001
  0.64902498E+000  0.85632108E+000  0.94920909E+000  0.21322789E+001
  0.64902498E+000  0.85632114E+000  0.94921031E+000  0.21322867E+001
  0.64902498E+000  0.85632121E+000  0.94921158E+000  0.21322946E+001
  0.64902499E+000  0.85632129E+000  0.94921288E+000  0.21323025E+001
  0.64902501E+000  0.85632137E+000  0.94921423E+000  0.21323105E+001
  0.64902504E+000  0.85632146E+000  0.94921563E+000  0.21323186E+001
  0.64902506E+000  0.85632156E+000  0.94921707E+000  0.21323268E+001
  0.64902510E+000  0.85632166E+000  0.94921855E+000  0.21323351E+001
  0.64902513E+000  0.85632177E+000  0.94922008E+000  0.21323435E+001
  0.64902517E+000  0.85632189E+000  0.94922165E+000  0.21323519E+001
  0.64902522E+000  0.85632201E+000  0.94922326E+000  0.21323604E+001
  0.64902527E+000  0.85632214E+000  0.94922492E+000  0.21323690E+001
  0.64902532E+000  0.85632228E+000  0.94922661E+000  0.21323777E+001
  0.64902537E+000  0.85632242E+000  0.94922835E+000  0.21323865E+001
  0.64902543E+000  0.85632257E+000  0.94923013E+000  0.21323954E+001
  0.64902548E+000  0.85632272E+000  0.94923194E+000  0.21324043E+001
  0.64902554E+000  0.85632288E+000  0.94923379E+000  0.21324133E+001
  0.64902561E+000  0.85632304E+000  0.94923567E+000  0.21324225E+001
  0.64902567E+000  0.85632320E+000  0.94923759E+000  0.21324316E+001
  0.64902573E+000  0.85632337E+000  0.94923954E+000  0.21324409E+001
  0.64902580E+000  0.85632355E+000  0.94924152E+000  0.21324502E+001
  0.64902587E+000  0.85632372E+000  0.94924352E+000  0.21324597E+001
  0.64902594E+000  0.85632390E+000  0.94924555E+000  0.21324692E+001
  0.64902601E+000  0.85632408E+000  0.94924761E+000  0.21324788E+001
  0.64902608E+000  0.85632426E+000  0.94924968E+000  0.21324884E+001
  0.64902615E+000  0.85632444E+000  0.94925178E+000  0.21324981E+001
  0.64902623E+000  0.85632462E+000  0.94925389E+000  0.21325080E+001
  0.64902630E+000  0.85632480E+000  0.94925602E+000  0.21325178E+001
  0.64902638E+000  0.85632498E+000  0.94925817E+000  0.21325278E+001
  0.64902646E+000  0.85632516E+000  0.94926032E+000  0.21325378E+001
  0.64902654E+000  0.85632534E+000  0.94926249E+000  0.21325480E+001
  0.64902662E+000  0.85632552E+000  0.94926466E+000  0.21325581E+001
  0.64902671E+000  0.85632569E+000  0.94926684E+000  0.21325684E+001
  0.64902680E+000  0.85632586E+000  0.94926903E+000  0.21325787E+001
  0.64902689E+000  0.85632603E+000  0.94927122E+000  0.21325891E+001
  0.64902698E+000  0.85632619E+000  0.94927341E+000  0.21325996E+001
  0.64902708E+000  0.85632636E+000  0.94927559E+000  0.21326102E+001
  0.64902718E+000  0.85632651E+000  0.94927778E+000  0.21326208E+001
  0.64902728E+000  0.85632667E+000  0.94927996E+000  0.21326315E+001
  0.64902738E+000  0.85632682E+000  0.94928214E+000  0.21326423E+001
  0.64902749E+000  0.85632697E+000  0.94928430E+000  0.21326531E+001
  0.64902760E+000  0.85632711E+000  0.94928646E+000  0.21326640E+001
  0.64902771E+000  0.85632725E+000  0.94928861E+000  0.21326750E+001
  0.64902783E+000  0.85632738E+000  0.94929074E+000  0.21326860E+001
  0.64902794E+000  0.85632751E+000  0.94929287E+000  0.21326971E+001
  0.64902806E+000  0.85632764E+000  0.94929497E+000  0.21327083E+001
  0.64902819E+000  0.85632777E+000  0.94929706E+000  0.21327195E+001
  0.64902831E+000  0.85632789E+000  0.94929913E+000  0.21327308E+001
  0.64902844E+000  0.85632800E+000  0.94930118E+000  0.21327421E+001
  0.64902857E+000  0.85632811E+000  0.94930322E+000  0.21327535E+001
  0.64902870E+000  0.85632822E+000  0.94930522E+000  0.21327649E+001
  0.64902883E+000  0.85632833E+000  0.94930721E+000  0.21327764E+001
  0.64902896E+000  0.85632843E+000  0.94930917E+000  0.21327880E+001
  0.64902909E+000  0.85632853E+000  0.94931111E+000  0.21327996E+001
  0.64902923E+000  0.85632863E+000  0.94931301E+000  0.21328112E+001
  0.64902936E+000  0.85632873E+000  0.94931490E+000  0.21328229E+001
  0.64902950E+000  0.85632882E+000  0.94931675E+000  0.21328346E+001
  0.64902963E+000  0.85632891E+000  0.94931857E+000  0.21328463E+001
  0.64902977E+000  0.85632900E+000  0.94932036E+000  0.21328581E+001
  0.64902991E+000  0.85632908E+000  0.94932212E+000  0.21328699E+001
  0.64903004E+000  0.85632917E+000  0.94932385E+000  0.21328817E+001
  0.64903017E+000  0.85632925E+000  0.94932554E+000  0.21328935E+001
  0.64903031E+000  0.85632933E+000  0.94932720E+000  0.21329054E+001
  0.64903044E+000  0.85632941E+000  0.94932882E+000  0.21329173E+001
  0.64903057E+000  0.85632949E+000  0.94933042E+000  0.21329291E+001
  0.64903070E+000  0.85632956E+000  0.94933197E+000  0.21329410E+001
  0.64903083E+000  0.85632964E+000  0.94933349E+000  0.21329529E+001
  0.64903095E+000  0.85632971E+000  0.94933497E+000  0.21329648E+001
  0.64903108E+000  0.85632978E+000  0.94933642E+000  0.21329767E+001
  0.64903120E+000  0.85632985E+000  0.94933783E+000  0.21329885E+001
  0.64903132E+000  0.85632992E+000  0.94933920E+000  0.21330004E+001
  0.64903143E+000  0.85632998E+000  0.94934053E+000  0.21330122E+001
  0.64903155E+000  0.85633005E+000  0.94934183E+000  0.21330240E+001
  0.64903166E+000  0.85633011E+000  0.94934309E+000  0.21330358E+001
  0.64903177E+000  0.85633017E+000  0.94934431E+000  0.21330475E+001
  0.64903188E+000  0.85633024E+000  0.94934549E+000  0.21330592E+001
  0.64903199E+000  0.85633030E+000  0.94934664E+000  0.21330709E+001
  0.64903209E+000  0.85633035E+000  0.94934775E+000  0.21330825E+001
  0.64903219E+000  0.85633041E+000  0.94934882E+000  0.21330941E+001
  0.64903229E+000  0.85633047E+000  0.94934986E+000  0.21331056E+001
  0.64903239E+000  0.85633052E+000  0.94935086E+000  0.21331170E+001
  0.64903248E+000  0.85633057E+000  0.94935182E+000  0.21331284E+001
  0.64903257E+000  0.85633063E+000  0.94935275E+000  0.21331397E+001
  0.64903267E+000  0.85633068E+000  0.94935365E+000  0.21331510E+001
  0.64903276E+000  0.85633073E+000  0.94935450E+000  0.21331621E+001
  0.64903285E+000  0.85633078E+000  0.94935533E+000  0.21331732E+001
  0.64903293E+000  0.85633082E+000  0.94935612E+000  0.21331842E+001
  0.64903302E+000  0.85633087E+000  0.94935687E+000  0.21331951E+001
  0.64903311E+000  0.85633091E+000  0.94935760E+000  0.21332060E+001
  0.64903320E+000  0.85633096E+000  0.94935829E+000  0.21332167E+001
  0.64903328E+000  0.85633100E+000  0.94935894E+000  0.21332273E+001
  0.64903337E+000  0.85633104E+000  0.94935957E+000  0.21332378E+001
  0.64903346E+000  0.85633108E+000  0.94936016E+000  0.21332483E+001
  0.64903355E+000  0.85633112E+000  0.94936072E+000  0.21332586E+001
  0.64903364E+000  0.85633116E+000  0.94936125E+000  0.21332688E+001
  0.64903374E+000  0.85633120E+000  0.94936175E+000  0.21332789E+001
  0.64903384E+000  0.85633124E+000  0.94936222E+000  0.21332889E+001
  0.64903394E+000  0.85633127E+000  0.94936266E+000  0.21332987E+001
  0.64903405E+000  0.85633131E+000  0.94936306E+000  0.21333085E+001
  0.64903416E+000  0.85633134E+000  0.94936344E+000  0.21333181E+001
  0.64903428E+000  0.85633138E+000  0.94936378E+000  0.21333276E+001
  0.64903441E+000  0.85633142E+000  0.94936409E+000  0.21333370E+001
  0.64903454E+000  0.85633145E+000  0.94936438E+000  0.21333463E+001
  0.64903468E+000  0.85633149E+000  0.94936463E+000  0.21333554E+001
  0.64903484E+000  0.85633153E+000  0.94936485E+000  0.21333645E+001
  0.64903501E+000  0.85633157E+000  0.94936503E+000  0.21333734E+001
  0.64903519E+000  0.85633161E+000  0.94936519E+000  0.21333823E+001
  0.64903539E+000  0.85633167E+000  0.94936532E+000  0.21333910E+001
  0.64903562E+000  0.85633173E+000  0.94936543E+000  0.21333996E+001
  0.64903588E+000  0.85633181E+000  0.94936552E+000  0.21334082E+001
  0.64903619E+000  0.85633193E+000  0.94936562E+000  0.21334168E+001
  0.64903656E+000  0.85633209E+000  0.94936570E+000  0.21334253E+001
  0.64903707E+000  0.85633239E+000  0.94936589E+000  0.21334340E+001
  0.64903767E+000  0.85633274E+000  0.94936604E+000  0.21334429E+001
  0.64903886E+000  0.85633387E+000  0.94936693E+000  0.21334523E+001
  0.64903997E+000  0.85633444E+000  0.94936710E+000  0.21334617E+001
  0.64904510E+000  0.85634153E+000  0.94937797E+000  0.21334777E+001
