  0.69023870E+000  0.84934805E+000  0.10122984E+001  0.20345809E+001
  0.69023364E+000  0.84935266E+000  0.10122988E+001  0.20345780E+001
  0.69023154E+000  0.84935432E+000  0.10122995E+001  0.20345772E+001
  0.69023041E+000  0.84935505E+000  0.10123002E+001  0.20345774E+001
  0.69022973E+000  0.84935538E+000  0.10123009E+001  0.20345783E+001
  0.69022929E+000  0.84935554E+000  0.10123015E+001  0.20345795E+001
  0.69022898E+000  0.84935561E+000  0.10123021E+001  0.20345809E+001
  0.69022875E+000  0.84935564E+000  0.10123026E+001  0.20345825E+001
  0.69022856E+000  0.84935566E+000  0.10123031E+001  0.20345842E+001
  0.69022839E+000  0.84935568E+000  0.10123036E+001  0.20345860E+001
  0.69022824E+000  0.84935569E+000  0.10123041E+001  0.20345879E+001
  0.69022810E+000  0.84935570E+000  0.10123046E+001  0.20345898E+001
  0.69022795E+000  0.84935571E+000  0.10123051E+001  0.20345917E+001
  0.69022781E+000  0.84935573E+000  0.10123056E+001  0.20345936E+001
  0.69022767E+000  0.84935576E+000  0.10123060E+001  0.20345956E+001
  0.69022753E+000  0.84935580E+000  0.10123065E+001  0.20345976E+001
  0.69022739E+000  0.84935585E+000  0.10123070E+001  0.20345995E+001
  0.69022724E+000  0.84935592E+000  0.10123074E+001  0.20346015E+001
  0.69022710E+000  0.84935601E+000  0.10123079E+001  0.20346035E+001
  0.69022694E+000  0.84935610E+000  0.10123083E+001  0.20346056E+001
  0.69022679E+000  0.84935622E+000  0.10123088E+001  0.20346076E+001
  0.69022663E+000  0.84935635E+000  0.10123093E+001  0.20346097E+001
  0.69022647E+000  0.84935649E+000  0.10123097E+001  0.20346118E+001
  0.69022630E+000  0.84935665E+000  0.10123102E+001  0.20346139E+001
  0.69022613E+000  0.84935682E+000  0.10123106E+001  0.20346161E+001
  0.69022596E+000  0.84935700E+000  0.10123111E+001  0.20346183E+001
  0.69022578E+000  0.84935719E+000  0.10123115E+001  0.20346205E+001
  0.69022560E+000  0.84935739E+000  0.10123120E+001  0.20346228E+001
  0.69022541E+000  0.84935760E+000  0.10123125E+001  0.20346251E+001
  0.69022522E+000  0.84935782E+000  0.10123130E+001  0.20346275E+001
  0.69022502E+000  0.84935805E+000  0.10123135E+001  0.20346299E+001
  0.69022482E+000  0.84935828E+000  0.10123140E+001  0.20346324E+001
  0.69022462E+000  0.84935852E+000  0.10123145E+001  0.20346350E+001
  0.69022441E+000  0.84935877E+000  0.10123150E+001  0.20346376E+001
  0.69022420E+000  0.84935902E+000  0.10123156E+001  0.20346402E+001
  0.69022399E+000  0.84935927E+000  0.10123162E+001  0.20346429E+001
  0.69022377E+000  0.84935953E+000  0.10123168E+001  0.20346457E+001
  0.69022356E+000  0.84935979E+000  0.10123174E+001  0.20346485E+001
  0.69022334E+000  0.84936005E+000  0.10123181E+001  0.20346515E+001
  0.69022311E+000  0.84936032E+000  0.10123188E+001  0.20346544E+001
  0.69022289E+000  0.84936058E+000  0.10123195E+001  0.20346575E+001
  0.69022267E+000  0.84936084E+000  0.10123202E+001  0.20346606E+001
  0.69022246E+000  0.84936110E+000  0.10123210E+001  0.20346638E+001
  0.69022224E+000  0.84936136E+000  0.10123217E+001  0.20346671E+001
  0.69022203E+000  0.84936162E+000  0.10123226E+001  0.20346705E+001
  0.69022182E+000  0.84936186E+000  0.10123234E+001  0.20346740E+001
  0.69022163E+000  0.84936211E+000  0.10123243E+001  0.20346775E+001
  0.69022144E+000  0.84936234E+000  0.10123252E+001  0.20346811E+001
  0.69022126E+000  0.84936256E+000  0.10123261E+001  0.20346848E+001
  0.69022109E+000  0.84936278E+000  0.10123270E+001  0.20346886E+001
  0.69022094E+000  0.84936298E+000  0.10123280E+001  0.20346925E+001
  0.69022080E+000  0.84936317E+000  0.10123291E+001  0.20346964E+001
  0.69022067E+000  0.84936334E+000  0.10123301E+001  0.20347005E+001
  0.69022057E+000  0.84936350E+000  0.10123312E+001  0.20347046E+001
  0.69022048E+000  0.84936365E+000  0.10123323E+001  0.20347088E+001
  0.69022042E+000  0.84936377E+000  0.10123335E+001  0.20347131E+001
  0.69022038E+000  0.84936388E+000  0.10123347E+001  0.20347175E+001
  0.69022037E+000  0.84936397E+000  0.10123359E+001  0.20347219E+001
  0.69022038E+000  0.84936405E+000  0.10123372E+001  0.20347265E+001
  0.69022042E+000  0.84936410E+000  0.10123385E+001  0.20347311E+001
  0.69022049E+000  0.84936414E+000  0.10123399E+001  0.20347357E+001
  0.69022058E+000  0.84936417E+000  0.10123413E+001  0.20347405E+001
  0.69022071E+000  0.84936418E+000  0.10123427E+001  0.20347452E+001
  0.69022087E+000  0.84936417E+000  0.10123442E+001  0.20347501E+001
  0.69022107E+000  0.84936415E+000  0.10123457E+001  0.20347550E+001
  0.69022130E+000  0.84936413E+000  0.10123473E+001  0.20347600E+001
  0.69022156E+000  0.84936410E+000  0.10123489E+001  0.20347650E+001
  0.69022185E+000  0.84936406E+000  0.10123505E+001  0.20347700E+001
  0.69022218E+000  0.84936402E+000  0.10123522E+001  0.20347751E+001
  0.69022254E+000  0.84936398E+000  0.10123539E+001  0.20347802E+001
  0.69022294E+000  0.84936394E+000  0.10123557E+001  0.20347854E+001
  0.69022337E+000  0.84936392E+000  0.10123576E+001  0.20347906E+001
  0.69022383E+000  0.84936390E+000  0.10123595E+001  0.20347958E+001
  0.69022433E+000  0.84936389E+000  0.10123614E+001  0.20348010E+001
  0.69022485E+000  0.84936390E+000  0.10123634E+001  0.20348063E+001
  0.69022541E+000  0.84936393E+000  0.10123654E+001  0.20348116E+001
  0.69022600E+000  0.84936398E+000  0.10123675E+001  0.20348169E+001
  0.69022662E+000  0.84936405E+000  0.10123696E+001  0.20348222E+001
  0.69022727E+000  0.84936415E+000  0.10123718E+001  0.20348276E+001
  0.69022795E+000  0.84936428E+000  0.10123740E+001  0.20348329E+001
  0.69022865E+000  0.84936444E+000  0.10123763E+001  0.20348383E+001
  0.69022937E+000  0.84936464E+000  0.10123786E+001  0.20348437E+001
  0.69023012E+000  0.84936487E+000  0.10123810E+001  0.20348492E+001
  0.69023089E+000  0.84936514E+000  0.10123834E+001  0.20348546E+001
  0.69023169E+000  0.84936545E+000  0.10123859E+001  0.20348601E+001
  0.69023250E+000  0.84936580E+000  0.10123884E+001  0.20348656E+001
  0.69023333E+000  0.84936619E+000  0.10123910E+001  0.20348711E+001
  0.69023417E+000  0.84936662E+000  0.10123936E+001  0.20348767E+001
  0.69023503E+000  0.84936710E+000  0.10123963E+001  0.20348823E+001
  0.69023590E+000  0.84936762E+000  0.10123990E+001  0.20348879E+001
  0.69023679E+000  0.84936819E+000  0.10124018E+001  0.20348936E+001
  0.69023768E+000  0.84936880E+000  0.10124046E+001  0.20348993E+001
  0.69023858E+000  0.84936946E+000  0.10124075E+001  0.20349051E+001
  0.69023949E+000  0.84937017E+000  0.10124104E+001  0.20349109E+001
  0.69024040E+000  0.84937092E+000  0.10124133E+001  0.20349168E+001
  0.69024132E+000  0.84937171E+000  0.10124162E+001  0.20349227E+001
  0.69024224E+000  0.84937256E+000  0.10124192E+001  0.20349286E+001
  0.69024315E+000  0.84937344E+000  0.10124223E+001  0.20349346E+001
  0.69024407E+000  0.84937437E+000  0.10124253E+001  0.20349407E+001
  0.69024498E+000  0.84937534E+000  0.10124284E+001  0.20349468E+001
  0.69024589E+000  0.84937635E+000  0.10124315E+001  0.20349530E+001
  0.69024680E+000  0.84937740E+000  0.10124346E+001  0.20349593E+001
  0.69024769E+000  0.84937849E+000  0.10124378E+001  0.20349656E+001
  0.69024858E+000  0.84937961E+000  0.10124410E+001  0.20349719E+001
  0.69024946E+000  0.84938077E+000  0.10124442E+001  0.20349783E+001
  0.69025033E+000  0.84938195E+000  0.10124475E+001  0.20349848E+001
  0.69025119E+000  0.84938317E+000  0.10124507E+001  0.20349913E+001
  0.69025203E+000  0.84938440E+000  0.10124540E+001  0.20349979E+001
  0.69025287E+000  0.84938566E+000  0.10124574E+001  0.20350046E+001
  0.69025368E+000  0.84938694E+000  0.10124607E+001  0.20350113E+001
  0.69025448E+000  0.84938824E+000  0.10124641E+001  0.20350181E+001
  0.69025527E+000  0.84938955E+000  0.10124675E+001  0.20350250E+001
  0.69025604E+000  0.84939087E+000  0.10124710E+001  0.20350319E+001
  0.69025679E+000  0.84939219E+000  0.10124745E+001  0.20350389E+001
  0.69025752E+000  0.84939352E+000  0.10124780E+001  0.20350459E+001
  0.69025824E+000  0.84939485E+000  0.10124815E+001  0.20350530E+001
  0.69025893E+000  0.84939618E+000  0.10124851E+001  0.20350602E+001
  0.69025961E+000  0.84939750E+000  0.10124887E+001  0.20350675E+001
  0.69026026E+000  0.84939881E+000  0.10124923E+001  0.20350748E+001
  0.69026090E+000  0.84940011E+000  0.10124960E+001  0.20350822E+001
  0.69026152E+000  0.84940140E+000  0.10124997E+001  0.20350896E+001
  0.69026211E+000  0.84940267E+000  0.10125034E+001  0.20350972E+001
  0.69026269E+000  0.84940392E+000  0.10125072E+001  0.20351048E+001
  0.69026325E+000  0.84940515E+000  0.10125109E+001  0.20351125E+001
  0.69026378E+000  0.84940636E+000  0.10125147E+001  0.20351203E+001
  0.69026430E+000  0.84940754E+000  0.10125185E+001  0.20351282E+001
  0.69026480E+000  0.84940869E+000  0.10125223E+001  0.20351362E+001
  0.69026527E+000  0.84940982E+000  0.10125261E+001  0.20351442E+001
  0.69026573E+000  0.84941092E+000  0.10125299E+001  0.20351524E+001
  0.69026617E+000  0.84941198E+000  0.10125337E+001  0.20351607E+001
  0.69026659E+000  0.84941302E+000  0.10125375E+001  0.20351690E+001
  0.69026699E+000  0.84941402E+000  0.10125412E+001  0.20351775E+001
  0.69026737E+000  0.84941499E+000  0.10125450E+001  0.20351860E+001
  0.69026774E+000  0.84941592E+000  0.10125487E+001  0.20351947E+001
  0.69026809E+000  0.84941682E+000  0.10125524E+001  0.20352034E+001
  0.69026842E+000  0.84941769E+000  0.10125561E+001  0.20352123E+001
  0.69026874E+000  0.84941852E+000  0.10125597E+001  0.20352213E+001
  0.69026904E+000  0.84941932E+000  0.10125633E+001  0.20352304E+001
  0.69026932E+000  0.84942009E+000  0.10125668E+001  0.20352396E+001
  0.69026959E+000  0.84942082E+000  0.10125703E+001  0.20352489E+001
  0.69026985E+000  0.84942152E+000  0.10125737E+001  0.20352583E+001
  0.69027009E+000  0.84942219E+000  0.10125771E+001  0.20352678E+001
  0.69027032E+000  0.84942282E+000  0.10125804E+001  0.20352775E+001
  0.69027054E+000  0.84942343E+000  0.10125836E+001  0.20352872E+001
  0.69027074E+000  0.84942400E+000  0.10125867E+001  0.20352970E+001
  0.69027094E+000  0.84942455E+000  0.10125898E+001  0.20353070E+001
  0.69027112E+000  0.84942506E+000  0.10125928E+001  0.20353170E+001
  0.69027129E+000  0.84942555E+000  0.10125957E+001  0.20353271E+001
  0.69027145E+000  0.84942601E+000  0.10125985E+001  0.20353373E+001
  0.69027160E+000  0.84942645E+000  0.10126012E+001  0.20353476E+001
  0.69027175E+000  0.84942686E+000  0.10126039E+001  0.20353579E+001
  0.69027188E+000  0.84942724E+000  0.10126064E+001  0.20353684E+001
  0.69027200E+000  0.84942761E+000  0.10126089E+001  0.20353789E+001
  0.69027212E+000  0.84942795E+000  0.10126113E+001  0.20353895E+001
  0.69027223E+000  0.84942827E+000  0.10126136E+001  0.20354001E+001
  0.69027233E+000  0.84942856E+000  0.10126158E+001  0.20354108E+001
  0.69027243E+000  0.84942884E+000  0.10126179E+001  0.20354215E+001
  0.69027252E+000  0.84942910E+000  0.10126199E+001  0.20354322E+001
  0.69027260E+000  0.84942934E+000  0.10126219E+001  0.20354430E+001
  0.69027267E+000  0.84942956E+000  0.10126237E+001  0.20354539E+001
  0.69027274E+000  0.84942977E+000  0.10126255E+001  0.20354647E+001
  0.69027281E+000  0.84942996E+000  0.10126272E+001  0.20354755E+001
  0.69027286E+000  0.84943013E+000  0.10126288E+001  0.20354864E+001
  0.69027292E+000  0.84943029E+000  0.10126303E+001  0.20354973E+001
  0.69027297E+000  0.84943044E+000  0.10126318E+001  0.20355081E+001
  0.69027301E+000  0.84943056E+000  0.10126332E+001  0.20355190E+001
  0.69027304E+000  0.84943068E+000  0.10126345E+001  0.20355298E+001
  0.69027308E+000  0.84943078E+000  0.10126357E+001  0.20355406E+001
  0.69027310E+000  0.84943087E+000  0.10126368E+001  0.20355514E+001
  0.69027313E+000  0.84943094E+000  0.10126379E+001  0.20355621E+001
  0.69027314E+000  0.84943100E+000  0.10126390E+001  0.20355728E+001
  0.69027315E+000  0.84943105E+000  0.10126399E+001  0.20355835E+001
  0.69027316E+000  0.84943108E+000  0.10126408E+001  0.20355941E+001
  0.69027315E+000  0.84943110E+000  0.10126416E+001  0.20356047E+001
  0.69027315E+000  0.84943111E+000  0.10126424E+001  0.20356152E+001
  0.69027313E+000  0.84943110E+000  0.10126431E+001  0.20356256E+001
  0.69027311E+000  0.84943108E+000  0.10126437E+001  0.20356361E+001
  0.69027307E+000  0.84943105E+000  0.10126443E+001  0.20356464E+001
  0.69027303E+000  0.84943099E+000  0.10126448E+001  0.20356567E+001
  0.69027298E+000  0.84943093E+000  0.10126452E+001  0.20356670E+001
  0.69027292E+000  0.84943084E+000  0.10126456E+001  0.20356772E+001
  0.69027284E+000  0.84943074E+000  0.10126459E+001  0.20356874E+001
  0.69027275E+000  0.84943062E+000  0.10126462E+001  0.20356975E+001
  0.69027265E+000  0.84943049E+000  0.10126463E+001  0.20357076E+001
  0.69027253E+000  0.84943033E+000  0.10126464E+001  0.20357177E+001
  0.69027240E+000  0.84943015E+000  0.10126464E+001  0.20357277E+001
  0.69027224E+000  0.84942995E+000  0.10126463E+001  0.20357378E+001
  0.69027207E+000  0.84942973E+000  0.10126461E+001  0.20357478E+001
  0.69027187E+000  0.84942949E+000  0.10126458E+001  0.20357579E+001
  0.69027164E+000  0.84942922E+000  0.10126454E+001  0.20357680E+001
  0.69027139E+000  0.84942894E+000  0.10126449E+001  0.20357782E+001
  0.69027110E+000  0.84942865E+000  0.10126442E+001  0.20357884E+001
  0.69027078E+000  0.84942836E+000  0.10126435E+001  0.20357988E+001
  0.69027041E+000  0.84942809E+000  0.10126426E+001  0.20358094E+001
  0.69026998E+000  0.84942787E+000  0.10126417E+001  0.20358201E+001
  0.69026949E+000  0.84942780E+000  0.10126409E+001  0.20358312E+001
  0.69026889E+000  0.84942792E+000  0.10126400E+001  0.20358425E+001
  0.69026831E+000  0.84942883E+000  0.10126400E+001  0.20358549E+001
  0.69026740E+000  0.84942995E+000  0.10126390E+001  0.20358668E+001
  0.69026957E+000  0.84943824E+000  0.10126471E+001  0.20358874E+001
