 -0.28774273E+000
 -0.28775104E+000
 -0.28775629E+000
 -0.28775990E+000
 -0.28776252E+000
 -0.28776450E+000
 -0.28776606E+000
 -0.28776732E+000
 -0.28776839E+000
 -0.28776932E+000
 -0.28777015E+000
 -0.28777092E+000
 -0.28777163E+000
 -0.28777232E+000
 -0.28777299E+000
 -0.28777364E+000
 -0.28777428E+000
 -0.28777493E+000
 -0.28777557E+000
 -0.28777622E+000
 -0.28777687E+000
 -0.28777753E+000
 -0.28777819E+000
 -0.28777887E+000
 -0.28777956E+000
 -0.28778026E+000
 -0.28778098E+000
 -0.28778171E+000
 -0.28778246E+000
 -0.28778323E+000
 -0.28778402E+000
 -0.28778483E+000
 -0.28778567E+000
 -0.28778653E+000
 -0.28778743E+000
 -0.28778835E+000
 -0.28778931E+000
 -0.28779029E+000
 -0.28779132E+000
 -0.28779238E+000
 -0.28779348E+000
 -0.28779462E+000
 -0.28779580E+000
 -0.28779702E+000
 -0.28779829E+000
 -0.28779960E+000
 -0.28780096E+000
 -0.28780237E+000
 -0.28780382E+000
 -0.28780532E+000
 -0.28780687E+000
 -0.28780847E+000
 -0.28781012E+000
 -0.28781182E+000
 -0.28781357E+000
 -0.28781537E+000
 -0.28781722E+000
 -0.28781913E+000
 -0.28782109E+000
 -0.28782310E+000
 -0.28782517E+000
 -0.28782729E+000
 -0.28782947E+000
 -0.28783171E+000
 -0.28783400E+000
 -0.28783635E+000
 -0.28783876E+000
 -0.28784122E+000
 -0.28784375E+000
 -0.28784634E+000
 -0.28784900E+000
 -0.28785171E+000
 -0.28785449E+000
 -0.28785734E+000
 -0.28786025E+000
 -0.28786323E+000
 -0.28786627E+000
 -0.28786939E+000
 -0.28787257E+000
 -0.28787582E+000
 -0.28787914E+000
 -0.28788253E+000
 -0.28788598E+000
 -0.28788950E+000
 -0.28789309E+000
 -0.28789674E+000
 -0.28790046E+000
 -0.28790424E+000
 -0.28790808E+000
 -0.28791198E+000
 -0.28791593E+000
 -0.28791995E+000
 -0.28792402E+000
 -0.28792814E+000
 -0.28793231E+000
 -0.28793653E+000
 -0.28794080E+000
 -0.28794511E+000
 -0.28794947E+000
 -0.28795388E+000
 -0.28795832E+000
 -0.28796280E+000
 -0.28796733E+000
 -0.28797189E+000
 -0.28797648E+000
 -0.28798111E+000
 -0.28798578E+000
 -0.28799048E+000
 -0.28799521E+000
 -0.28799997E+000
 -0.28800476E+000
 -0.28800958E+000
 -0.28801443E+000
 -0.28801931E+000
 -0.28802421E+000
 -0.28802913E+000
 -0.28803408E+000
 -0.28803906E+000
 -0.28804405E+000
 -0.28804907E+000
 -0.28805410E+000
 -0.28805915E+000
 -0.28806423E+000
 -0.28806931E+000
 -0.28807442E+000
 -0.28807953E+000
 -0.28808466E+000
 -0.28808980E+000
 -0.28809495E+000
 -0.28810011E+000
 -0.28810528E+000
 -0.28811046E+000
 -0.28811563E+000
 -0.28812082E+000
 -0.28812600E+000
 -0.28813118E+000
 -0.28813637E+000
 -0.28814155E+000
 -0.28814672E+000
 -0.28815189E+000
 -0.28815706E+000
 -0.28816221E+000
 -0.28816735E+000
 -0.28817248E+000
 -0.28817760E+000
 -0.28818270E+000
 -0.28818778E+000
 -0.28819285E+000
 -0.28819789E+000
 -0.28820291E+000
 -0.28820791E+000
 -0.28821288E+000
 -0.28821782E+000
 -0.28822274E+000
 -0.28822762E+000
 -0.28823248E+000
 -0.28823729E+000
 -0.28824208E+000
 -0.28824683E+000
 -0.28825153E+000
 -0.28825620E+000
 -0.28826083E+000
 -0.28826542E+000
 -0.28826996E+000
 -0.28827446E+000
 -0.28827892E+000
 -0.28828332E+000
 -0.28828768E+000
 -0.28829199E+000
 -0.28829626E+000
 -0.28830047E+000
 -0.28830463E+000
 -0.28830873E+000
 -0.28831279E+000
 -0.28831679E+000
 -0.28832074E+000
 -0.28832463E+000
 -0.28832847E+000
 -0.28833226E+000
 -0.28833599E+000
 -0.28833966E+000
 -0.28834328E+000
 -0.28834685E+000
 -0.28835035E+000
 -0.28835381E+000
 -0.28835720E+000
 -0.28836054E+000
 -0.28836382E+000
 -0.28836704E+000
 -0.28837019E+000
 -0.28837329E+000
 -0.28837632E+000
 -0.28837929E+000
 -0.28838219E+000
 -0.28838500E+000
 -0.28838776E+000
 -0.28839034E+000
 -0.28839297E+000
 -0.28839501E+000
 -0.28839470E+000
