  0.10491432E+001
  0.10491434E+001
  0.10491433E+001
  0.10491431E+001
  0.10491429E+001
  0.10491427E+001
  0.10491424E+001
  0.10491422E+001
  0.10491420E+001
  0.10491418E+001
  0.10491415E+001
  0.10491413E+001
  0.10491411E+001
  0.10491409E+001
  0.10491407E+001
  0.10491404E+001
  0.10491402E+001
  0.10491400E+001
  0.10491398E+001
  0.10491395E+001
  0.10491393E+001
  0.10491391E+001
  0.10491389E+001
  0.10491386E+001
  0.10491384E+001
  0.10491382E+001
  0.10491380E+001
  0.10491377E+001
  0.10491375E+001
  0.10491372E+001
  0.10491370E+001
  0.10491367E+001
  0.10491365E+001
  0.10491362E+001
  0.10491360E+001
  0.10491357E+001
  0.10491354E+001
  0.10491352E+001
  0.10491349E+001
  0.10491346E+001
  0.10491343E+001
  0.10491340E+001
  0.10491337E+001
  0.10491334E+001
  0.10491331E+001
  0.10491328E+001
  0.10491325E+001
  0.10491322E+001
  0.10491318E+001
  0.10491315E+001
  0.10491312E+001
  0.10491308E+001
  0.10491305E+001
  0.10491302E+001
  0.10491298E+001
  0.10491295E+001
  0.10491291E+001
  0.10491287E+001
  0.10491284E+001
  0.10491280E+001
  0.10491276E+001
  0.10491272E+001
  0.10491269E+001
  0.10491265E+001
  0.10491261E+001
  0.10491257E+001
  0.10491253E+001
  0.10491249E+001
  0.10491245E+001
  0.10491240E+001
  0.10491236E+001
  0.10491232E+001
  0.10491228E+001
  0.10491223E+001
  0.10491219E+001
  0.10491214E+001
  0.10491209E+001
  0.10491205E+001
  0.10491200E+001
  0.10491195E+001
  0.10491190E+001
  0.10491184E+001
  0.10491179E+001
  0.10491174E+001
  0.10491168E+001
  0.10491162E+001
  0.10491156E+001
  0.10491150E+001
  0.10491144E+001
  0.10491138E+001
  0.10491131E+001
  0.10491124E+001
  0.10491118E+001
  0.10491111E+001
  0.10491103E+001
  0.10491096E+001
  0.10491089E+001
  0.10491081E+001
  0.10491074E+001
  0.10491066E+001
  0.10491058E+001
  0.10491050E+001
  0.10491042E+001
  0.10491034E+001
  0.10491025E+001
  0.10491017E+001
  0.10491009E+001
  0.10491000E+001
  0.10490992E+001
  0.10490983E+001
  0.10490975E+001
  0.10490966E+001
  0.10490957E+001
  0.10490949E+001
  0.10490940E+001
  0.10490931E+001
  0.10490923E+001
  0.10490914E+001
  0.10490905E+001
  0.10490896E+001
  0.10490888E+001
  0.10490879E+001
  0.10490870E+001
  0.10490862E+001
  0.10490853E+001
  0.10490844E+001
  0.10490836E+001
  0.10490827E+001
  0.10490819E+001
  0.10490810E+001
  0.10490802E+001
  0.10490794E+001
  0.10490786E+001
  0.10490777E+001
  0.10490769E+001
  0.10490761E+001
  0.10490753E+001
  0.10490746E+001
  0.10490738E+001
  0.10490730E+001
  0.10490723E+001
  0.10490715E+001
  0.10490708E+001
  0.10490700E+001
  0.10490693E+001
  0.10490686E+001
  0.10490679E+001
  0.10490672E+001
  0.10490666E+001
  0.10490659E+001
  0.10490652E+001
  0.10490646E+001
  0.10490640E+001
  0.10490634E+001
  0.10490628E+001
  0.10490622E+001
  0.10490616E+001
  0.10490610E+001
  0.10490605E+001
  0.10490599E+001
  0.10490594E+001
  0.10490589E+001
  0.10490584E+001
  0.10490579E+001
  0.10490574E+001
  0.10490569E+001
  0.10490565E+001
  0.10490560E+001
  0.10490556E+001
  0.10490551E+001
  0.10490547E+001
  0.10490543E+001
  0.10490539E+001
  0.10490535E+001
  0.10490531E+001
  0.10490528E+001
  0.10490524E+001
  0.10490520E+001
  0.10490517E+001
  0.10490513E+001
  0.10490510E+001
  0.10490506E+001
  0.10490503E+001
  0.10490500E+001
  0.10490496E+001
  0.10490493E+001
  0.10490490E+001
  0.10490486E+001
  0.10490483E+001
  0.10490479E+001
  0.10490475E+001
  0.10490471E+001
  0.10490466E+001
  0.10490461E+001
  0.10490456E+001
  0.10490448E+001
  0.10490440E+001
  0.10490424E+001
  0.10490413E+001
  0.10490328E+001
