  0.54078109E+000
  0.54078126E+000
  0.54078127E+000
  0.54078123E+000
  0.54078117E+000
  0.54078110E+000
  0.54078102E+000
  0.54078095E+000
  0.54078087E+000
  0.54078079E+000
  0.54078071E+000
  0.54078063E+000
  0.54078054E+000
  0.54078046E+000
  0.54078038E+000
  0.54078030E+000
  0.54078022E+000
  0.54078014E+000
  0.54078005E+000
  0.54077997E+000
  0.54077989E+000
  0.54077980E+000
  0.54077972E+000
  0.54077963E+000
  0.54077955E+000
  0.54077946E+000
  0.54077937E+000
  0.54077928E+000
  0.54077919E+000
  0.54077909E+000
  0.54077900E+000
  0.54077891E+000
  0.54077881E+000
  0.54077871E+000
  0.54077861E+000
  0.54077851E+000
  0.54077840E+000
  0.54077830E+000
  0.54077819E+000
  0.54077808E+000
  0.54077797E+000
  0.54077785E+000
  0.54077774E+000
  0.54077762E+000
  0.54077750E+000
  0.54077737E+000
  0.54077725E+000
  0.54077712E+000
  0.54077699E+000
  0.54077685E+000
  0.54077672E+000
  0.54077658E+000
  0.54077644E+000
  0.54077630E+000
  0.54077615E+000
  0.54077600E+000
  0.54077585E+000
  0.54077569E+000
  0.54077553E+000
  0.54077537E+000
  0.54077521E+000
  0.54077504E+000
  0.54077487E+000
  0.54077469E+000
  0.54077452E+000
  0.54077433E+000
  0.54077415E+000
  0.54077396E+000
  0.54077376E+000
  0.54077357E+000
  0.54077336E+000
  0.54077315E+000
  0.54077294E+000
  0.54077272E+000
  0.54077250E+000
  0.54077227E+000
  0.54077203E+000
  0.54077178E+000
  0.54077153E+000
  0.54077127E+000
  0.54077101E+000
  0.54077073E+000
  0.54077045E+000
  0.54077016E+000
  0.54076985E+000
  0.54076954E+000
  0.54076922E+000
  0.54076889E+000
  0.54076855E+000
  0.54076821E+000
  0.54076785E+000
  0.54076748E+000
  0.54076710E+000
  0.54076672E+000
  0.54076632E+000
  0.54076592E+000
  0.54076551E+000
  0.54076508E+000
  0.54076466E+000
  0.54076422E+000
  0.54076378E+000
  0.54076333E+000
  0.54076287E+000
  0.54076241E+000
  0.54076194E+000
  0.54076146E+000
  0.54076099E+000
  0.54076050E+000
  0.54076002E+000
  0.54075953E+000
  0.54075903E+000
  0.54075853E+000
  0.54075804E+000
  0.54075753E+000
  0.54075703E+000
  0.54075653E+000
  0.54075602E+000
  0.54075551E+000
  0.54075501E+000
  0.54075450E+000
  0.54075399E+000
  0.54075349E+000
  0.54075298E+000
  0.54075248E+000
  0.54075198E+000
  0.54075147E+000
  0.54075098E+000
  0.54075048E+000
  0.54074999E+000
  0.54074950E+000
  0.54074901E+000
  0.54074853E+000
  0.54074805E+000
  0.54074757E+000
  0.54074710E+000
  0.54074664E+000
  0.54074617E+000
  0.54074572E+000
  0.54074527E+000
  0.54074482E+000
  0.54074438E+000
  0.54074395E+000
  0.54074352E+000
  0.54074310E+000
  0.54074269E+000
  0.54074228E+000
  0.54074188E+000
  0.54074148E+000
  0.54074109E+000
  0.54074071E+000
  0.54074034E+000
  0.54073997E+000
  0.54073961E+000
  0.54073926E+000
  0.54073892E+000
  0.54073858E+000
  0.54073825E+000
  0.54073793E+000
  0.54073762E+000
  0.54073731E+000
  0.54073701E+000
  0.54073672E+000
  0.54073643E+000
  0.54073616E+000
  0.54073589E+000
  0.54073563E+000
  0.54073537E+000
  0.54073512E+000
  0.54073488E+000
  0.54073464E+000
  0.54073442E+000
  0.54073419E+000
  0.54073398E+000
  0.54073377E+000
  0.54073357E+000
  0.54073337E+000
  0.54073318E+000
  0.54073299E+000
  0.54073281E+000
  0.54073263E+000
  0.54073246E+000
  0.54073229E+000
  0.54073213E+000
  0.54073197E+000
  0.54073181E+000
  0.54073166E+000
  0.54073151E+000
  0.54073136E+000
  0.54073121E+000
  0.54073106E+000
  0.54073091E+000
  0.54073075E+000
  0.54073058E+000
  0.54073038E+000
  0.54073017E+000
  0.54072986E+000
  0.54072952E+000
  0.54072877E+000
  0.54072828E+000
  0.54072349E+000
