  0.61461119E+000  0.10029133E+001  0.11805009E+001  0.35361979E+001
  0.61461144E+000  0.10029134E+001  0.11805016E+001  0.35362005E+001
  0.61461155E+000  0.10029135E+001  0.11805019E+001  0.35362026E+001
  0.61461163E+000  0.10029135E+001  0.11805020E+001  0.35362046E+001
  0.61461168E+000  0.10029136E+001  0.11805022E+001  0.35362064E+001
  0.61461173E+000  0.10029136E+001  0.11805023E+001  0.35362082E+001
  0.61461177E+000  0.10029136E+001  0.11805024E+001  0.35362100E+001
  0.61461180E+000  0.10029136E+001  0.11805025E+001  0.35362118E+001
  0.61461183E+000  0.10029136E+001  0.11805026E+001  0.35362135E+001
  0.61461186E+000  0.10029136E+001  0.11805028E+001  0.35362153E+001
  0.61461189E+000  0.10029136E+001  0.11805029E+001  0.35362171E+001
  0.61461192E+000  0.10029136E+001  0.11805030E+001  0.35362189E+001
  0.61461194E+000  0.10029136E+001  0.11805031E+001  0.35362207E+001
  0.61461197E+000  0.10029136E+001  0.11805032E+001  0.35362226E+001
  0.61461200E+000  0.10029136E+001  0.11805033E+001  0.35362244E+001
  0.61461202E+000  0.10029136E+001  0.11805034E+001  0.35362263E+001
  0.61461205E+000  0.10029136E+001  0.11805036E+001  0.35362282E+001
  0.61461208E+000  0.10029136E+001  0.11805037E+001  0.35362302E+001
  0.61461211E+000  0.10029136E+001  0.11805038E+001  0.35362321E+001
  0.61461214E+000  0.10029136E+001  0.11805039E+001  0.35362341E+001
  0.61461217E+000  0.10029136E+001  0.11805041E+001  0.35362362E+001
  0.61461221E+000  0.10029136E+001  0.11805042E+001  0.35362383E+001
  0.61461224E+000  0.10029136E+001  0.11805043E+001  0.35362404E+001
  0.61461228E+000  0.10029136E+001  0.11805045E+001  0.35362426E+001
  0.61461232E+000  0.10029137E+001  0.11805046E+001  0.35362448E+001
  0.61461236E+000  0.10029137E+001  0.11805048E+001  0.35362471E+001
  0.61461241E+000  0.10029137E+001  0.11805049E+001  0.35362494E+001
  0.61461245E+000  0.10029137E+001  0.11805051E+001  0.35362518E+001
  0.61461250E+000  0.10029137E+001  0.11805052E+001  0.35362543E+001
  0.61461255E+000  0.10029137E+001  0.11805054E+001  0.35362569E+001
  0.61461261E+000  0.10029137E+001  0.11805056E+001  0.35362595E+001
  0.61461266E+000  0.10029138E+001  0.11805058E+001  0.35362623E+001
  0.61461272E+000  0.10029138E+001  0.11805060E+001  0.35362651E+001
  0.61461279E+000  0.10029138E+001  0.11805062E+001  0.35362680E+001
  0.61461286E+000  0.10029138E+001  0.11805064E+001  0.35362710E+001
  0.61461293E+000  0.10029139E+001  0.11805066E+001  0.35362741E+001
  0.61461300E+000  0.10029139E+001  0.11805068E+001  0.35362774E+001
  0.61461308E+000  0.10029139E+001  0.11805071E+001  0.35362807E+001
  0.61461317E+000  0.10029140E+001  0.11805073E+001  0.35362842E+001
  0.61461326E+000  0.10029140E+001  0.11805076E+001  0.35362878E+001
  0.61461335E+000  0.10029141E+001  0.11805079E+001  0.35362915E+001
  0.61461345E+000  0.10029141E+001  0.11805082E+001  0.35362953E+001
  0.61461356E+000  0.10029142E+001  0.11805085E+001  0.35362993E+001
  0.61461367E+000  0.10029142E+001  0.11805088E+001  0.35363035E+001
  0.61461379E+000  0.10029143E+001  0.11805092E+001  0.35363078E+001
  0.61461391E+000  0.10029143E+001  0.11805096E+001  0.35363122E+001
  0.61461404E+000  0.10029144E+001  0.11805099E+001  0.35363169E+001
  0.61461418E+000  0.10029145E+001  0.11805103E+001  0.35363216E+001
  0.61461432E+000  0.10029146E+001  0.11805108E+001  0.35363266E+001
  0.61461448E+000  0.10029146E+001  0.11805112E+001  0.35363317E+001
  0.61461464E+000  0.10029147E+001  0.11805117E+001  0.35363370E+001
  0.61461480E+000  0.10029148E+001  0.11805122E+001  0.35363425E+001
  0.61461498E+000  0.10029149E+001  0.11805127E+001  0.35363482E+001
  0.61461517E+000  0.10029150E+001  0.11805132E+001  0.35363540E+001
  0.61461536E+000  0.10029151E+001  0.11805138E+001  0.35363601E+001
  0.61461557E+000  0.10029152E+001  0.11805144E+001  0.35363663E+001
  0.61461578E+000  0.10029154E+001  0.11805150E+001  0.35363728E+001
  0.61461601E+000  0.10029155E+001  0.11805156E+001  0.35363795E+001
  0.61461624E+000  0.10029156E+001  0.11805163E+001  0.35363864E+001
  0.61461649E+000  0.10029158E+001  0.11805170E+001  0.35363934E+001
  0.61461674E+000  0.10029159E+001  0.11805178E+001  0.35364008E+001
  0.61461701E+000  0.10029161E+001  0.11805186E+001  0.35364083E+001
  0.61461729E+000  0.10029162E+001  0.11805194E+001  0.35364160E+001
  0.61461758E+000  0.10029164E+001  0.11805202E+001  0.35364240E+001
  0.61461788E+000  0.10029166E+001  0.11805211E+001  0.35364322E+001
  0.61461819E+000  0.10029167E+001  0.11805220E+001  0.35364406E+001
  0.61461852E+000  0.10029169E+001  0.11805230E+001  0.35364492E+001
  0.61461886E+000  0.10029171E+001  0.11805239E+001  0.35364581E+001
  0.61461921E+000  0.10029173E+001  0.11805250E+001  0.35364672E+001
  0.61461957E+000  0.10029175E+001  0.11805260E+001  0.35364765E+001
  0.61461994E+000  0.10029177E+001  0.11805272E+001  0.35364861E+001
  0.61462033E+000  0.10029180E+001  0.11805283E+001  0.35364959E+001
  0.61462073E+000  0.10029182E+001  0.11805295E+001  0.35365059E+001
  0.61462114E+000  0.10029184E+001  0.11805308E+001  0.35365161E+001
  0.61462156E+000  0.10029187E+001  0.11805321E+001  0.35365266E+001
  0.61462199E+000  0.10029189E+001  0.11805334E+001  0.35365373E+001
  0.61462244E+000  0.10029192E+001  0.11805348E+001  0.35365482E+001
  0.61462289E+000  0.10029194E+001  0.11805362E+001  0.35365593E+001
  0.61462336E+000  0.10029197E+001  0.11805377E+001  0.35365706E+001
  0.61462384E+000  0.10029200E+001  0.11805392E+001  0.35365822E+001
  0.61462433E+000  0.10029203E+001  0.11805408E+001  0.35365939E+001
  0.61462483E+000  0.10029206E+001  0.11805424E+001  0.35366058E+001
  0.61462534E+000  0.10029209E+001  0.11805441E+001  0.35366180E+001
  0.61462586E+000  0.10029212E+001  0.11805458E+001  0.35366303E+001
  0.61462639E+000  0.10029215E+001  0.11805476E+001  0.35366428E+001
  0.61462693E+000  0.10029218E+001  0.11805494E+001  0.35366556E+001
  0.61462747E+000  0.10029222E+001  0.11805513E+001  0.35366684E+001
  0.61462803E+000  0.10029225E+001  0.11805532E+001  0.35366815E+001
  0.61462860E+000  0.10029229E+001  0.11805551E+001  0.35366947E+001
  0.61462917E+000  0.10029232E+001  0.11805571E+001  0.35367082E+001
  0.61462975E+000  0.10029236E+001  0.11805591E+001  0.35367217E+001
  0.61463035E+000  0.10029240E+001  0.11805612E+001  0.35367355E+001
  0.61463095E+000  0.10029243E+001  0.11805633E+001  0.35367494E+001
  0.61463155E+000  0.10029247E+001  0.11805655E+001  0.35367634E+001
  0.61463217E+000  0.10029251E+001  0.11805677E+001  0.35367776E+001
  0.61463279E+000  0.10029255E+001  0.11805699E+001  0.35367920E+001
  0.61463342E+000  0.10029259E+001  0.11805722E+001  0.35368065E+001
  0.61463405E+000  0.10029263E+001  0.11805745E+001  0.35368212E+001
  0.61463469E+000  0.10029268E+001  0.11805768E+001  0.35368360E+001
  0.61463534E+000  0.10029272E+001  0.11805792E+001  0.35368509E+001
  0.61463599E+000  0.10029276E+001  0.11805816E+001  0.35368661E+001
  0.61463665E+000  0.10029281E+001  0.11805840E+001  0.35368813E+001
  0.61463731E+000  0.10029285E+001  0.11805865E+001  0.35368967E+001
  0.61463798E+000  0.10029290E+001  0.11805889E+001  0.35369123E+001
  0.61463865E+000  0.10029294E+001  0.11805914E+001  0.35369280E+001
  0.61463932E+000  0.10029299E+001  0.11805939E+001  0.35369438E+001
  0.61464000E+000  0.10029303E+001  0.11805964E+001  0.35369598E+001
  0.61464067E+000  0.10029308E+001  0.11805990E+001  0.35369759E+001
  0.61464135E+000  0.10029313E+001  0.11806015E+001  0.35369922E+001
  0.61464204E+000  0.10029317E+001  0.11806041E+001  0.35370086E+001
  0.61464272E+000  0.10029322E+001  0.11806067E+001  0.35370251E+001
  0.61464340E+000  0.10029327E+001  0.11806093E+001  0.35370418E+001
  0.61464409E+000  0.10029331E+001  0.11806118E+001  0.35370587E+001
  0.61464477E+000  0.10029336E+001  0.11806144E+001  0.35370756E+001
  0.61464545E+000  0.10029341E+001  0.11806170E+001  0.35370927E+001
  0.61464613E+000  0.10029346E+001  0.11806196E+001  0.35371100E+001
  0.61464681E+000  0.10029350E+001  0.11806222E+001  0.35371274E+001
  0.61464749E+000  0.10029355E+001  0.11806248E+001  0.35371449E+001
  0.61464816E+000  0.10029360E+001  0.11806274E+001  0.35371625E+001
  0.61464883E+000  0.10029364E+001  0.11806299E+001  0.35371803E+001
  0.61464950E+000  0.10029369E+001  0.11806325E+001  0.35371982E+001
  0.61465016E+000  0.10029373E+001  0.11806350E+001  0.35372162E+001
  0.61465082E+000  0.10029378E+001  0.11806375E+001  0.35372343E+001
  0.61465148E+000  0.10029382E+001  0.11806400E+001  0.35372525E+001
  0.61465213E+000  0.10029387E+001  0.11806425E+001  0.35372709E+001
  0.61465277E+000  0.10029391E+001  0.11806450E+001  0.35372893E+001
  0.61465341E+000  0.10029395E+001  0.11806474E+001  0.35373079E+001
  0.61465404E+000  0.10029400E+001  0.11806499E+001  0.35373265E+001
  0.61465466E+000  0.10029404E+001  0.11806523E+001  0.35373453E+001
  0.61465528E+000  0.10029408E+001  0.11806546E+001  0.35373641E+001
  0.61465589E+000  0.10029412E+001  0.11806570E+001  0.35373831E+001
  0.61465649E+000  0.10029416E+001  0.11806593E+001  0.35374021E+001
  0.61465709E+000  0.10029420E+001  0.11806616E+001  0.35374212E+001
  0.61465767E+000  0.10029423E+001  0.11806638E+001  0.35374403E+001
  0.61465825E+000  0.10029427E+001  0.11806660E+001  0.35374595E+001
  0.61465882E+000  0.10029431E+001  0.11806682E+001  0.35374788E+001
  0.61465938E+000  0.10029434E+001  0.11806703E+001  0.35374982E+001
  0.61465992E+000  0.10029438E+001  0.11806724E+001  0.35375175E+001
  0.61466046E+000  0.10029441E+001  0.11806745E+001  0.35375370E+001
  0.61466099E+000  0.10029444E+001  0.11806765E+001  0.35375564E+001
  0.61466151E+000  0.10029448E+001  0.11806785E+001  0.35375759E+001
  0.61466202E+000  0.10029451E+001  0.11806805E+001  0.35375954E+001
  0.61466251E+000  0.10029454E+001  0.11806824E+001  0.35376149E+001
  0.61466300E+000  0.10029457E+001  0.11806842E+001  0.35376344E+001
  0.61466347E+000  0.10029460E+001  0.11806860E+001  0.35376540E+001
  0.61466394E+000  0.10029462E+001  0.11806878E+001  0.35376735E+001
  0.61466439E+000  0.10029465E+001  0.11806895E+001  0.35376930E+001
  0.61466483E+000  0.10029468E+001  0.11806912E+001  0.35377124E+001
  0.61466526E+000  0.10029470E+001  0.11806928E+001  0.35377319E+001
  0.61466568E+000  0.10029472E+001  0.11806944E+001  0.35377513E+001
  0.61466608E+000  0.10029475E+001  0.11806960E+001  0.35377706E+001
  0.61466647E+000  0.10029477E+001  0.11806974E+001  0.35377900E+001
  0.61466685E+000  0.10029479E+001  0.11806989E+001  0.35378092E+001
  0.61466722E+000  0.10029481E+001  0.11807003E+001  0.35378284E+001
  0.61466758E+000  0.10029483E+001  0.11807017E+001  0.35378475E+001
  0.61466792E+000  0.10029485E+001  0.11807030E+001  0.35378665E+001
  0.61466826E+000  0.10029487E+001  0.11807042E+001  0.35378854E+001
  0.61466858E+000  0.10029489E+001  0.11807055E+001  0.35379042E+001
  0.61466888E+000  0.10029490E+001  0.11807066E+001  0.35379229E+001
  0.61466918E+000  0.10029492E+001  0.11807078E+001  0.35379415E+001
  0.61466946E+000  0.10029493E+001  0.11807089E+001  0.35379599E+001
  0.61466974E+000  0.10029495E+001  0.11807099E+001  0.35379782E+001
  0.61466999E+000  0.10029496E+001  0.11807109E+001  0.35379964E+001
  0.61467024E+000  0.10029497E+001  0.11807118E+001  0.35380144E+001
  0.61467048E+000  0.10029499E+001  0.11807128E+001  0.35380323E+001
  0.61467070E+000  0.10029500E+001  0.11807136E+001  0.35380500E+001
  0.61467091E+000  0.10029501E+001  0.11807144E+001  0.35380675E+001
  0.61467111E+000  0.10029502E+001  0.11807152E+001  0.35380848E+001
  0.61467130E+000  0.10029503E+001  0.11807159E+001  0.35381019E+001
  0.61467147E+000  0.10029504E+001  0.11807166E+001  0.35381189E+001
  0.61467163E+000  0.10029504E+001  0.11807173E+001  0.35381356E+001
  0.61467178E+000  0.10029505E+001  0.11807179E+001  0.35381521E+001
  0.61467191E+000  0.10029505E+001  0.11807184E+001  0.35381683E+001
  0.61467204E+000  0.10029506E+001  0.11807189E+001  0.35381843E+001
  0.61467214E+000  0.10029506E+001  0.11807194E+001  0.35382001E+001
  0.61467224E+000  0.10029507E+001  0.11807198E+001  0.35382155E+001
  0.61467232E+000  0.10029507E+001  0.11807201E+001  0.35382307E+001
  0.61467238E+000  0.10029507E+001  0.11807204E+001  0.35382457E+001
  0.61467243E+000  0.10029507E+001  0.11807207E+001  0.35382603E+001
  0.61467246E+000  0.10029507E+001  0.11807208E+001  0.35382745E+001
  0.61467248E+000  0.10029506E+001  0.11807210E+001  0.35382885E+001
  0.61467247E+000  0.10029506E+001  0.11807210E+001  0.35383021E+001
  0.61467245E+000  0.10029506E+001  0.11807210E+001  0.35383153E+001
  0.61467241E+000  0.10029505E+001  0.11807209E+001  0.35383281E+001
  0.61467234E+000  0.10029504E+001  0.11807207E+001  0.35383405E+001
  0.61467225E+000  0.10029503E+001  0.11807204E+001  0.35383524E+001
  0.61467213E+000  0.10029502E+001  0.11807201E+001  0.35383639E+001
  0.61467198E+000  0.10029501E+001  0.11807196E+001  0.35383748E+001
  0.61467179E+000  0.10029499E+001  0.11807190E+001  0.35383852E+001
  0.61467157E+000  0.10029497E+001  0.11807183E+001  0.35383950E+001
  0.61467130E+000  0.10029495E+001  0.11807175E+001  0.35384042E+001
  0.61467098E+000  0.10029493E+001  0.11807164E+001  0.35384126E+001
  0.61467059E+000  0.10029490E+001  0.11807152E+001  0.35384202E+001
  0.61467011E+000  0.10029487E+001  0.11807138E+001  0.35384270E+001
  0.61466951E+000  0.10029483E+001  0.11807122E+001  0.35384328E+001
  0.61466872E+000  0.10029478E+001  0.11807102E+001  0.35384374E+001
  0.61466775E+000  0.10029472E+001  0.11807080E+001  0.35384406E+001
  0.61466616E+000  0.10029459E+001  0.11807047E+001  0.35384418E+001
  0.61466455E+000  0.10029450E+001  0.11807017E+001  0.35384420E+001
  0.61465888E+000  0.10029377E+001  0.11806874E+001  0.35384331E+001
