 -0.15018024E+000  0.33179639E+000  0.36321923E+001  0.83842493E+002
 -0.15018044E+000  0.33179935E+000  0.36322009E+001  0.83842637E+002
 -0.15018067E+000  0.33180230E+000  0.36322094E+001  0.83842779E+002
 -0.15018087E+000  0.33180513E+000  0.36322179E+001  0.83842921E+002
 -0.15018103E+000  0.33180782E+000  0.36322264E+001  0.83843061E+002
 -0.15018116E+000  0.33181037E+000  0.36322349E+001  0.83843201E+002
 -0.15018125E+000  0.33181279E+000  0.36322433E+001  0.83843341E+002
 -0.15018132E+000  0.33181511E+000  0.36322517E+001  0.83843480E+002
 -0.15018136E+000  0.33181733E+000  0.36322600E+001  0.83843620E+002
 -0.15018137E+000  0.33181946E+000  0.36322683E+001  0.83843759E+002
 -0.15018136E+000  0.33182152E+000  0.36322766E+001  0.83843898E+002
 -0.15018134E+000  0.33182350E+000  0.36322848E+001  0.83844038E+002
 -0.15018130E+000  0.33182542E+000  0.36322930E+001  0.83844179E+002
 -0.15018124E+000  0.33182728E+000  0.36323012E+001  0.83844320E+002
 -0.15018117E+000  0.33182910E+000  0.36323094E+001  0.83844462E+002
 -0.15018108E+000  0.33183086E+000  0.36323176E+001  0.83844605E+002
 -0.15018098E+000  0.33183259E+000  0.36323258E+001  0.83844749E+002
 -0.15018087E+000  0.33183428E+000  0.36323340E+001  0.83844895E+002
 -0.15018075E+000  0.33183594E+000  0.36323423E+001  0.83845043E+002
 -0.15018061E+000  0.33183757E+000  0.36323507E+001  0.83845193E+002
 -0.15018046E+000  0.33183919E+000  0.36323591E+001  0.83845345E+002
 -0.15018031E+000  0.33184080E+000  0.36323676E+001  0.83845499E+002
 -0.15018014E+000  0.33184239E+000  0.36323762E+001  0.83845656E+002
 -0.15017996E+000  0.33184398E+000  0.36323849E+001  0.83845816E+002
 -0.15017977E+000  0.33184557E+000  0.36323937E+001  0.83845980E+002
 -0.15017957E+000  0.33184716E+000  0.36324027E+001  0.83846147E+002
 -0.15017936E+000  0.33184875E+000  0.36324118E+001  0.83846318E+002
 -0.15017914E+000  0.33185036E+000  0.36324210E+001  0.83846492E+002
 -0.15017890E+000  0.33185198E+000  0.36324304E+001  0.83846672E+002
 -0.15017865E+000  0.33185362E+000  0.36324400E+001  0.83846856E+002
 -0.15017839E+000  0.33185529E+000  0.36324498E+001  0.83847045E+002
 -0.15017812E+000  0.33185697E+000  0.36324599E+001  0.83847239E+002
 -0.15017784E+000  0.33185869E+000  0.36324701E+001  0.83847439E+002
 -0.15017753E+000  0.33186044E+000  0.36324806E+001  0.83847645E+002
 -0.15017722E+000  0.33186223E+000  0.36324914E+001  0.83847857E+002
 -0.15017689E+000  0.33186406E+000  0.36325024E+001  0.83848076E+002
 -0.15017654E+000  0.33186594E+000  0.36325137E+001  0.83848301E+002
 -0.15017618E+000  0.33186786E+000  0.36325254E+001  0.83848534E+002
 -0.15017580E+000  0.33186985E+000  0.36325373E+001  0.83848774E+002
 -0.15017541E+000  0.33187189E+000  0.36325497E+001  0.83849022E+002
 -0.15017499E+000  0.33187400E+000  0.36325623E+001  0.83849277E+002
 -0.15017456E+000  0.33187618E+000  0.36325754E+001  0.83849542E+002
 -0.15017410E+000  0.33187844E+000  0.36325889E+001  0.83849814E+002
 -0.15017363E+000  0.33188079E+000  0.36326028E+001  0.83850096E+002
 -0.15017313E+000  0.33188323E+000  0.36326172E+001  0.83850387E+002
 -0.15017261E+000  0.33188577E+000  0.36326320E+001  0.83850687E+002
 -0.15017207E+000  0.33188842E+000  0.36326473E+001  0.83850997E+002
 -0.15017151E+000  0.33189119E+000  0.36326631E+001  0.83851316E+002
 -0.15017092E+000  0.33189408E+000  0.36326794E+001  0.83851646E+002
 -0.15017030E+000  0.33189710E+000  0.36326963E+001  0.83851987E+002
 -0.15016966E+000  0.33190028E+000  0.36327137E+001  0.83852338E+002
 -0.15016899E+000  0.33190361E+000  0.36327318E+001  0.83852700E+002
 -0.15016830E+000  0.33190710E+000  0.36327505E+001  0.83853073E+002
 -0.15016758E+000  0.33191077E+000  0.36327698E+001  0.83853457E+002
 -0.15016683E+000  0.33191463E+000  0.36327897E+001  0.83853853E+002
 -0.15016605E+000  0.33191869E+000  0.36328104E+001  0.83854261E+002
 -0.15016524E+000  0.33192296E+000  0.36328318E+001  0.83854680E+002
 -0.15016440E+000  0.33192745E+000  0.36328539E+001  0.83855111E+002
 -0.15016353E+000  0.33193217E+000  0.36328768E+001  0.83855555E+002
 -0.15016263E+000  0.33193714E+000  0.36329006E+001  0.83856011E+002
 -0.15016170E+000  0.33194236E+000  0.36329251E+001  0.83856479E+002
 -0.15016075E+000  0.33194785E+000  0.36329505E+001  0.83856960E+002
 -0.15015976E+000  0.33195362E+000  0.36329769E+001  0.83857454E+002
 -0.15015874E+000  0.33195967E+000  0.36330041E+001  0.83857961E+002
 -0.15015768E+000  0.33196602E+000  0.36330324E+001  0.83858481E+002
 -0.15015660E+000  0.33197266E+000  0.36330616E+001  0.83859014E+002
 -0.15015549E+000  0.33197962E+000  0.36330918E+001  0.83859561E+002
 -0.15015435E+000  0.33198689E+000  0.36331232E+001  0.83860121E+002
 -0.15015318E+000  0.33199448E+000  0.36331556E+001  0.83860694E+002
 -0.15015198E+000  0.33200239E+000  0.36331891E+001  0.83861281E+002
 -0.15015076E+000  0.33201062E+000  0.36332239E+001  0.83861882E+002
 -0.15014950E+000  0.33201919E+000  0.36332598E+001  0.83862496E+002
 -0.15014822E+000  0.33202807E+000  0.36332969E+001  0.83863125E+002
 -0.15014692E+000  0.33203729E+000  0.36333353E+001  0.83863767E+002
 -0.15014558E+000  0.33204682E+000  0.36333749E+001  0.83864424E+002
 -0.15014423E+000  0.33205667E+000  0.36334158E+001  0.83865095E+002
 -0.15014285E+000  0.33206684E+000  0.36334579E+001  0.83865780E+002
 -0.15014145E+000  0.33207731E+000  0.36335014E+001  0.83866479E+002
 -0.15014003E+000  0.33208809E+000  0.36335462E+001  0.83867193E+002
 -0.15013860E+000  0.33209915E+000  0.36335923E+001  0.83867921E+002
 -0.15013714E+000  0.33211050E+000  0.36336397E+001  0.83868663E+002
 -0.15013567E+000  0.33212213E+000  0.36336883E+001  0.83869420E+002
 -0.15013419E+000  0.33213401E+000  0.36337382E+001  0.83870190E+002
 -0.15013269E+000  0.33214614E+000  0.36337894E+001  0.83870976E+002
 -0.15013118E+000  0.33215851E+000  0.36338419E+001  0.83871775E+002
 -0.15012966E+000  0.33217110E+000  0.36338955E+001  0.83872589E+002
 -0.15012814E+000  0.33218390E+000  0.36339503E+001  0.83873417E+002
 -0.15012661E+000  0.33219690E+000  0.36340063E+001  0.83874258E+002
 -0.15012507E+000  0.33221007E+000  0.36340635E+001  0.83875114E+002
 -0.15012353E+000  0.33222339E+000  0.36341217E+001  0.83875983E+002
 -0.15012200E+000  0.33223687E+000  0.36341810E+001  0.83876866E+002
 -0.15012046E+000  0.33225046E+000  0.36342413E+001  0.83877762E+002
 -0.15011893E+000  0.33226416E+000  0.36343027E+001  0.83878671E+002
 -0.15011740E+000  0.33227794E+000  0.36343650E+001  0.83879593E+002
 -0.15011588E+000  0.33229179E+000  0.36344283E+001  0.83880528E+002
 -0.15011437E+000  0.33230568E+000  0.36344924E+001  0.83881476E+002
 -0.15011286E+000  0.33231959E+000  0.36345574E+001  0.83882436E+002
 -0.15011137E+000  0.33233351E+000  0.36346233E+001  0.83883408E+002
 -0.15010990E+000  0.33234740E+000  0.36346899E+001  0.83884391E+002
 -0.15010844E+000  0.33236126E+000  0.36347573E+001  0.83885387E+002
 -0.15010699E+000  0.33237505E+000  0.36348254E+001  0.83886393E+002
 -0.15010556E+000  0.33238876E+000  0.36348941E+001  0.83887411E+002
 -0.15010416E+000  0.33240236E+000  0.36349635E+001  0.83888439E+002
 -0.15010277E+000  0.33241584E+000  0.36350334E+001  0.83889479E+002
 -0.15010141E+000  0.33242917E+000  0.36351038E+001  0.83890528E+002
 -0.15010007E+000  0.33244233E+000  0.36351748E+001  0.83891588E+002
 -0.15009876E+000  0.33245531E+000  0.36352461E+001  0.83892657E+002
 -0.15009747E+000  0.33246809E+000  0.36353178E+001  0.83893736E+002
 -0.15009621E+000  0.33248064E+000  0.36353897E+001  0.83894824E+002
 -0.15009498E+000  0.33249297E+000  0.36354619E+001  0.83895922E+002
 -0.15009378E+000  0.33250504E+000  0.36355343E+001  0.83897028E+002
 -0.15009261E+000  0.33251684E+000  0.36356067E+001  0.83898143E+002
 -0.15009147E+000  0.33252837E+000  0.36356792E+001  0.83899266E+002
 -0.15009036E+000  0.33253961E+000  0.36357516E+001  0.83900397E+002
 -0.15008929E+000  0.33255055E+000  0.36358238E+001  0.83901536E+002
 -0.15008824E+000  0.33256118E+000  0.36358958E+001  0.83902682E+002
 -0.15008723E+000  0.33257149E+000  0.36359676E+001  0.83903836E+002
 -0.15008625E+000  0.33258149E+000  0.36360389E+001  0.83904997E+002
 -0.15008531E+000  0.33259115E+000  0.36361098E+001  0.83906165E+002
 -0.15008439E+000  0.33260049E+000  0.36361801E+001  0.83907339E+002
 -0.15008351E+000  0.33260950E+000  0.36362498E+001  0.83908519E+002
 -0.15008267E+000  0.33261817E+000  0.36363187E+001  0.83909705E+002
 -0.15008185E+000  0.33262651E+000  0.36363869E+001  0.83910897E+002
 -0.15008107E+000  0.33263451E+000  0.36364541E+001  0.83912094E+002
 -0.15008032E+000  0.33264219E+000  0.36365204E+001  0.83913295E+002
 -0.15007960E+000  0.33264954E+000  0.36365857E+001  0.83914502E+002
 -0.15007891E+000  0.33265656E+000  0.36366498E+001  0.83915712E+002
 -0.15007826E+000  0.33266327E+000  0.36367128E+001  0.83916927E+002
 -0.15007763E+000  0.33266967E+000  0.36367745E+001  0.83918145E+002
 -0.15007703E+000  0.33267576E+000  0.36368349E+001  0.83919366E+002
 -0.15007647E+000  0.33268156E+000  0.36368939E+001  0.83920590E+002
 -0.15007593E+000  0.33268706E+000  0.36369515E+001  0.83921817E+002
 -0.15007541E+000  0.33269228E+000  0.36370077E+001  0.83923045E+002
 -0.15007493E+000  0.33269722E+000  0.36370623E+001  0.83924275E+002
 -0.15007447E+000  0.33270190E+000  0.36371154E+001  0.83925506E+002
 -0.15007403E+000  0.33270631E+000  0.36371669E+001  0.83926738E+002
 -0.15007362E+000  0.33271048E+000  0.36372169E+001  0.83927970E+002
 -0.15007323E+000  0.33271441E+000  0.36372652E+001  0.83929202E+002
 -0.15007287E+000  0.33271811E+000  0.36373119E+001  0.83930433E+002
 -0.15007253E+000  0.33272158E+000  0.36373570E+001  0.83931663E+002
 -0.15007221E+000  0.33272484E+000  0.36374004E+001  0.83932892E+002
 -0.15007191E+000  0.33272789E+000  0.36374422E+001  0.83934118E+002
 -0.15007163E+000  0.33273074E+000  0.36374823E+001  0.83935342E+002
 -0.15007137E+000  0.33273341E+000  0.36375208E+001  0.83936564E+002
 -0.15007113E+000  0.33273589E+000  0.36375578E+001  0.83937781E+002
 -0.15007091E+000  0.33273820E+000  0.36375931E+001  0.83938995E+002
 -0.15007071E+000  0.33274034E+000  0.36376268E+001  0.83940205E+002
 -0.15007052E+000  0.33274232E+000  0.36376590E+001  0.83941409E+002
 -0.15007035E+000  0.33274414E+000  0.36376897E+001  0.83942608E+002
 -0.15007020E+000  0.33274582E+000  0.36377189E+001  0.83943802E+002
 -0.15007007E+000  0.33274735E+000  0.36377467E+001  0.83944989E+002
 -0.15006995E+000  0.33274875E+000  0.36377730E+001  0.83946169E+002
 -0.15006985E+000  0.33275001E+000  0.36377979E+001  0.83947342E+002
 -0.15006977E+000  0.33275114E+000  0.36378215E+001  0.83948507E+002
 -0.15006970E+000  0.33275214E+000  0.36378437E+001  0.83949664E+002
 -0.15006965E+000  0.33275301E+000  0.36378646E+001  0.83950813E+002
 -0.15006961E+000  0.33275377E+000  0.36378843E+001  0.83951952E+002
 -0.15006959E+000  0.33275440E+000  0.36379028E+001  0.83953083E+002
 -0.15006959E+000  0.33275491E+000  0.36379201E+001  0.83954203E+002
 -0.15006961E+000  0.33275530E+000  0.36379362E+001  0.83955312E+002
 -0.15006964E+000  0.33275556E+000  0.36379511E+001  0.83956411E+002
 -0.15006969E+000  0.33275570E+000  0.36379650E+001  0.83957499E+002
 -0.15006976E+000  0.33275572E+000  0.36379778E+001  0.83958576E+002
 -0.15006985E+000  0.33275560E+000  0.36379895E+001  0.83959640E+002
 -0.15006997E+000  0.33275536E+000  0.36380001E+001  0.83960692E+002
 -0.15007010E+000  0.33275497E+000  0.36380098E+001  0.83961731E+002
 -0.15007026E+000  0.33275443E+000  0.36380184E+001  0.83962757E+002
 -0.15007044E+000  0.33275375E+000  0.36380260E+001  0.83963769E+002
 -0.15007065E+000  0.33275290E+000  0.36380325E+001  0.83964767E+002
 -0.15007088E+000  0.33275189E+000  0.36380380E+001  0.83965751E+002
 -0.15007114E+000  0.33275070E+000  0.36380425E+001  0.83966720E+002
 -0.15007143E+000  0.33274931E+000  0.36380459E+001  0.83967674E+002
 -0.15007175E+000  0.33274772E+000  0.36380483E+001  0.83968612E+002
 -0.15007211E+000  0.33274592E+000  0.36380495E+001  0.83969534E+002
 -0.15007250E+000  0.33274389E+000  0.36380495E+001  0.83970440E+002
 -0.15007293E+000  0.33274161E+000  0.36380483E+001  0.83971328E+002
 -0.15007339E+000  0.33273907E+000  0.36380459E+001  0.83972199E+002
 -0.15007390E+000  0.33273624E+000  0.36380421E+001  0.83973051E+002
 -0.15007445E+000  0.33273312E+000  0.36380369E+001  0.83973884E+002
 -0.15007505E+000  0.33272968E+000  0.36380301E+001  0.83974698E+002
 -0.15007569E+000  0.33272590E+000  0.36380218E+001  0.83975491E+002
 -0.15007638E+000  0.33272176E+000  0.36380117E+001  0.83976263E+002
 -0.15007713E+000  0.33271724E+000  0.36379998E+001  0.83977013E+002
 -0.15007793E+000  0.33271231E+000  0.36379858E+001  0.83977739E+002
 -0.15007879E+000  0.33270695E+000  0.36379697E+001  0.83978441E+002
 -0.15007971E+000  0.33270113E+000  0.36379512E+001  0.83979117E+002
 -0.15008070E+000  0.33269483E+000  0.36379302E+001  0.83979765E+002
 -0.15008175E+000  0.33268801E+000  0.36379064E+001  0.83980384E+002
 -0.15008289E+000  0.33268065E+000  0.36378795E+001  0.83980972E+002
 -0.15008412E+000  0.33267268E+000  0.36378492E+001  0.83981527E+002
 -0.15008546E+000  0.33266408E+000  0.36378152E+001  0.83982046E+002
 -0.15008693E+000  0.33265475E+000  0.36377769E+001  0.83982526E+002
 -0.15008860E+000  0.33264459E+000  0.36377338E+001  0.83982963E+002
 -0.15009052E+000  0.33263345E+000  0.36376850E+001  0.83983355E+002
 -0.15009284E+000  0.33262101E+000  0.36376293E+001  0.83983696E+002
 -0.15009577E+000  0.33260691E+000  0.36375654E+001  0.83983982E+002
 -0.15009978E+000  0.33258997E+000  0.36374899E+001  0.83984204E+002
 -0.15010531E+000  0.33256935E+000  0.36374018E+001  0.83984362E+002
 -0.15011463E+000  0.33253862E+000  0.36372890E+001  0.83984431E+002
 -0.15012724E+000  0.33250191E+000  0.36371641E+001  0.83984437E+002
