  0.15835557E+001
  0.15835566E+001
  0.15835573E+001
  0.15835578E+001
  0.15835583E+001
  0.15835588E+001
  0.15835593E+001
  0.15835598E+001
  0.15835603E+001
  0.15835608E+001
  0.15835613E+001
  0.15835617E+001
  0.15835622E+001
  0.15835627E+001
  0.15835632E+001
  0.15835637E+001
  0.15835643E+001
  0.15835648E+001
  0.15835653E+001
  0.15835658E+001
  0.15835664E+001
  0.15835670E+001
  0.15835675E+001
  0.15835681E+001
  0.15835687E+001
  0.15835694E+001
  0.15835700E+001
  0.15835707E+001
  0.15835713E+001
  0.15835720E+001
  0.15835728E+001
  0.15835735E+001
  0.15835743E+001
  0.15835751E+001
  0.15835759E+001
  0.15835768E+001
  0.15835777E+001
  0.15835786E+001
  0.15835796E+001
  0.15835806E+001
  0.15835816E+001
  0.15835827E+001
  0.15835838E+001
  0.15835849E+001
  0.15835861E+001
  0.15835874E+001
  0.15835887E+001
  0.15835900E+001
  0.15835914E+001
  0.15835929E+001
  0.15835944E+001
  0.15835960E+001
  0.15835976E+001
  0.15835993E+001
  0.15836010E+001
  0.15836028E+001
  0.15836046E+001
  0.15836065E+001
  0.15836085E+001
  0.15836106E+001
  0.15836127E+001
  0.15836149E+001
  0.15836171E+001
  0.15836194E+001
  0.15836218E+001
  0.15836243E+001
  0.15836268E+001
  0.15836294E+001
  0.15836321E+001
  0.15836348E+001
  0.15836376E+001
  0.15836405E+001
  0.15836435E+001
  0.15836465E+001
  0.15836496E+001
  0.15836528E+001
  0.15836560E+001
  0.15836594E+001
  0.15836627E+001
  0.15836662E+001
  0.15836697E+001
  0.15836733E+001
  0.15836770E+001
  0.15836807E+001
  0.15836845E+001
  0.15836883E+001
  0.15836922E+001
  0.15836962E+001
  0.15837002E+001
  0.15837043E+001
  0.15837084E+001
  0.15837126E+001
  0.15837169E+001
  0.15837212E+001
  0.15837255E+001
  0.15837299E+001
  0.15837344E+001
  0.15837389E+001
  0.15837435E+001
  0.15837481E+001
  0.15837527E+001
  0.15837574E+001
  0.15837621E+001
  0.15837669E+001
  0.15837717E+001
  0.15837766E+001
  0.15837815E+001
  0.15837865E+001
  0.15837915E+001
  0.15837965E+001
  0.15838016E+001
  0.15838067E+001
  0.15838118E+001
  0.15838170E+001
  0.15838222E+001
  0.15838275E+001
  0.15838327E+001
  0.15838380E+001
  0.15838434E+001
  0.15838488E+001
  0.15838541E+001
  0.15838596E+001
  0.15838650E+001
  0.15838705E+001
  0.15838759E+001
  0.15838814E+001
  0.15838870E+001
  0.15838925E+001
  0.15838980E+001
  0.15839036E+001
  0.15839092E+001
  0.15839148E+001
  0.15839203E+001
  0.15839259E+001
  0.15839315E+001
  0.15839371E+001
  0.15839427E+001
  0.15839483E+001
  0.15839539E+001
  0.15839595E+001
  0.15839651E+001
  0.15839706E+001
  0.15839762E+001
  0.15839817E+001
  0.15839872E+001
  0.15839927E+001
  0.15839982E+001
  0.15840037E+001
  0.15840091E+001
  0.15840145E+001
  0.15840199E+001
  0.15840253E+001
  0.15840306E+001
  0.15840359E+001
  0.15840411E+001
  0.15840464E+001
  0.15840515E+001
  0.15840567E+001
  0.15840618E+001
  0.15840668E+001
  0.15840718E+001
  0.15840767E+001
  0.15840816E+001
  0.15840865E+001
  0.15840912E+001
  0.15840960E+001
  0.15841006E+001
  0.15841052E+001
  0.15841098E+001
  0.15841142E+001
  0.15841186E+001
  0.15841229E+001
  0.15841272E+001
  0.15841314E+001
  0.15841354E+001
  0.15841394E+001
  0.15841434E+001
  0.15841472E+001
  0.15841509E+001
  0.15841545E+001
  0.15841580E+001
  0.15841614E+001
  0.15841647E+001
  0.15841679E+001
  0.15841709E+001
  0.15841737E+001
  0.15841765E+001
  0.15841790E+001
  0.15841814E+001
  0.15841836E+001
  0.15841855E+001
  0.15841872E+001
  0.15841887E+001
  0.15841898E+001
  0.15841906E+001
  0.15841909E+001
  0.15841908E+001
  0.15841895E+001
  0.15841882E+001
  0.15841791E+001
