  0.57825633E+000
  0.57825642E+000
  0.57825637E+000
  0.57825627E+000
  0.57825616E+000
  0.57825604E+000
  0.57825591E+000
  0.57825579E+000
  0.57825566E+000
  0.57825554E+000
  0.57825542E+000
  0.57825529E+000
  0.57825517E+000
  0.57825505E+000
  0.57825493E+000
  0.57825480E+000
  0.57825468E+000
  0.57825456E+000
  0.57825444E+000
  0.57825432E+000
  0.57825419E+000
  0.57825407E+000
  0.57825395E+000
  0.57825382E+000
  0.57825369E+000
  0.57825357E+000
  0.57825344E+000
  0.57825331E+000
  0.57825318E+000
  0.57825304E+000
  0.57825291E+000
  0.57825277E+000
  0.57825263E+000
  0.57825249E+000
  0.57825234E+000
  0.57825220E+000
  0.57825205E+000
  0.57825190E+000
  0.57825175E+000
  0.57825159E+000
  0.57825143E+000
  0.57825127E+000
  0.57825111E+000
  0.57825094E+000
  0.57825077E+000
  0.57825060E+000
  0.57825043E+000
  0.57825025E+000
  0.57825007E+000
  0.57824989E+000
  0.57824971E+000
  0.57824952E+000
  0.57824933E+000
  0.57824914E+000
  0.57824895E+000
  0.57824875E+000
  0.57824856E+000
  0.57824836E+000
  0.57824815E+000
  0.57824795E+000
  0.57824774E+000
  0.57824753E+000
  0.57824732E+000
  0.57824711E+000
  0.57824689E+000
  0.57824667E+000
  0.57824645E+000
  0.57824623E+000
  0.57824600E+000
  0.57824577E+000
  0.57824554E+000
  0.57824530E+000
  0.57824506E+000
  0.57824482E+000
  0.57824457E+000
  0.57824432E+000
  0.57824406E+000
  0.57824380E+000
  0.57824353E+000
  0.57824325E+000
  0.57824297E+000
  0.57824268E+000
  0.57824239E+000
  0.57824209E+000
  0.57824178E+000
  0.57824146E+000
  0.57824113E+000
  0.57824080E+000
  0.57824045E+000
  0.57824010E+000
  0.57823974E+000
  0.57823937E+000
  0.57823900E+000
  0.57823861E+000
  0.57823822E+000
  0.57823782E+000
  0.57823741E+000
  0.57823700E+000
  0.57823657E+000
  0.57823615E+000
  0.57823571E+000
  0.57823527E+000
  0.57823483E+000
  0.57823438E+000
  0.57823392E+000
  0.57823346E+000
  0.57823300E+000
  0.57823254E+000
  0.57823207E+000
  0.57823160E+000
  0.57823112E+000
  0.57823065E+000
  0.57823017E+000
  0.57822969E+000
  0.57822921E+000
  0.57822873E+000
  0.57822825E+000
  0.57822777E+000
  0.57822729E+000
  0.57822680E+000
  0.57822632E+000
  0.57822585E+000
  0.57822537E+000
  0.57822489E+000
  0.57822442E+000
  0.57822394E+000
  0.57822347E+000
  0.57822300E+000
  0.57822254E+000
  0.57822207E+000
  0.57822161E+000
  0.57822116E+000
  0.57822070E+000
  0.57822025E+000
  0.57821981E+000
  0.57821937E+000
  0.57821893E+000
  0.57821850E+000
  0.57821807E+000
  0.57821765E+000
  0.57821723E+000
  0.57821681E+000
  0.57821641E+000
  0.57821601E+000
  0.57821561E+000
  0.57821522E+000
  0.57821484E+000
  0.57821446E+000
  0.57821409E+000
  0.57821372E+000
  0.57821336E+000
  0.57821301E+000
  0.57821266E+000
  0.57821232E+000
  0.57821199E+000
  0.57821167E+000
  0.57821135E+000
  0.57821103E+000
  0.57821073E+000
  0.57821043E+000
  0.57821014E+000
  0.57820985E+000
  0.57820957E+000
  0.57820930E+000
  0.57820903E+000
  0.57820877E+000
  0.57820852E+000
  0.57820827E+000
  0.57820803E+000
  0.57820779E+000
  0.57820756E+000
  0.57820733E+000
  0.57820711E+000
  0.57820690E+000
  0.57820669E+000
  0.57820648E+000
  0.57820628E+000
  0.57820608E+000
  0.57820589E+000
  0.57820570E+000
  0.57820551E+000
  0.57820532E+000
  0.57820513E+000
  0.57820495E+000
  0.57820476E+000
  0.57820457E+000
  0.57820439E+000
  0.57820419E+000
  0.57820400E+000
  0.57820380E+000
  0.57820358E+000
  0.57820336E+000
  0.57820311E+000
  0.57820283E+000
  0.57820252E+000
  0.57820211E+000
  0.57820165E+000
  0.57820079E+000
  0.57820017E+000
  0.57819550E+000
