  0.83874805E+000
  0.83874817E+000
  0.83874811E+000
  0.83874799E+000
  0.83874784E+000
  0.83874769E+000
  0.83874753E+000
  0.83874737E+000
  0.83874721E+000
  0.83874705E+000
  0.83874690E+000
  0.83874674E+000
  0.83874658E+000
  0.83874643E+000
  0.83874627E+000
  0.83874612E+000
  0.83874597E+000
  0.83874581E+000
  0.83874566E+000
  0.83874550E+000
  0.83874534E+000
  0.83874519E+000
  0.83874503E+000
  0.83874487E+000
  0.83874471E+000
  0.83874455E+000
  0.83874438E+000
  0.83874422E+000
  0.83874405E+000
  0.83874388E+000
  0.83874371E+000
  0.83874354E+000
  0.83874336E+000
  0.83874318E+000
  0.83874300E+000
  0.83874281E+000
  0.83874262E+000
  0.83874243E+000
  0.83874224E+000
  0.83874204E+000
  0.83874184E+000
  0.83874163E+000
  0.83874143E+000
  0.83874121E+000
  0.83874100E+000
  0.83874078E+000
  0.83874056E+000
  0.83874034E+000
  0.83874011E+000
  0.83873988E+000
  0.83873965E+000
  0.83873941E+000
  0.83873917E+000
  0.83873893E+000
  0.83873868E+000
  0.83873844E+000
  0.83873818E+000
  0.83873793E+000
  0.83873767E+000
  0.83873741E+000
  0.83873715E+000
  0.83873688E+000
  0.83873661E+000
  0.83873634E+000
  0.83873607E+000
  0.83873579E+000
  0.83873551E+000
  0.83873523E+000
  0.83873494E+000
  0.83873465E+000
  0.83873435E+000
  0.83873405E+000
  0.83873375E+000
  0.83873344E+000
  0.83873312E+000
  0.83873280E+000
  0.83873247E+000
  0.83873214E+000
  0.83873180E+000
  0.83873145E+000
  0.83873109E+000
  0.83873073E+000
  0.83873035E+000
  0.83872997E+000
  0.83872957E+000
  0.83872917E+000
  0.83872875E+000
  0.83872833E+000
  0.83872789E+000
  0.83872745E+000
  0.83872699E+000
  0.83872652E+000
  0.83872604E+000
  0.83872556E+000
  0.83872506E+000
  0.83872455E+000
  0.83872403E+000
  0.83872350E+000
  0.83872297E+000
  0.83872242E+000
  0.83872187E+000
  0.83872131E+000
  0.83872075E+000
  0.83872018E+000
  0.83871960E+000
  0.83871902E+000
  0.83871843E+000
  0.83871784E+000
  0.83871724E+000
  0.83871664E+000
  0.83871604E+000
  0.83871544E+000
  0.83871483E+000
  0.83871422E+000
  0.83871361E+000
  0.83871300E+000
  0.83871239E+000
  0.83871178E+000
  0.83871117E+000
  0.83871056E+000
  0.83870995E+000
  0.83870934E+000
  0.83870873E+000
  0.83870813E+000
  0.83870752E+000
  0.83870692E+000
  0.83870633E+000
  0.83870573E+000
  0.83870514E+000
  0.83870455E+000
  0.83870397E+000
  0.83870339E+000
  0.83870281E+000
  0.83870224E+000
  0.83870167E+000
  0.83870111E+000
  0.83870056E+000
  0.83870001E+000
  0.83869946E+000
  0.83869893E+000
  0.83869840E+000
  0.83869787E+000
  0.83869735E+000
  0.83869684E+000
  0.83869634E+000
  0.83869585E+000
  0.83869536E+000
  0.83869488E+000
  0.83869441E+000
  0.83869394E+000
  0.83869349E+000
  0.83869304E+000
  0.83869260E+000
  0.83869217E+000
  0.83869175E+000
  0.83869133E+000
  0.83869093E+000
  0.83869053E+000
  0.83869014E+000
  0.83868976E+000
  0.83868939E+000
  0.83868903E+000
  0.83868867E+000
  0.83868833E+000
  0.83868799E+000
  0.83868766E+000
  0.83868733E+000
  0.83868702E+000
  0.83868671E+000
  0.83868641E+000
  0.83868612E+000
  0.83868583E+000
  0.83868555E+000
  0.83868528E+000
  0.83868501E+000
  0.83868475E+000
  0.83868449E+000
  0.83868424E+000
  0.83868399E+000
  0.83868375E+000
  0.83868351E+000
  0.83868327E+000
  0.83868303E+000
  0.83868280E+000
  0.83868256E+000
  0.83868233E+000
  0.83868209E+000
  0.83868184E+000
  0.83868160E+000
  0.83868134E+000
  0.83868107E+000
  0.83868078E+000
  0.83868047E+000
  0.83868011E+000
  0.83867971E+000
  0.83867920E+000
  0.83867861E+000
  0.83867752E+000
  0.83867673E+000
  0.83867080E+000
