  0.20696815E+000
  0.20694705E+000
  0.20693286E+000
  0.20692192E+000
  0.20691279E+000
  0.20690480E+000
  0.20689759E+000
  0.20689096E+000
  0.20688476E+000
  0.20687891E+000
  0.20687335E+000
  0.20686801E+000
  0.20686288E+000
  0.20685791E+000
  0.20685307E+000
  0.20684836E+000
  0.20684375E+000
  0.20683922E+000
  0.20683477E+000
  0.20683038E+000
  0.20682603E+000
  0.20682172E+000
  0.20681745E+000
  0.20681319E+000
  0.20680895E+000
  0.20680472E+000
  0.20680048E+000
  0.20679624E+000
  0.20679199E+000
  0.20678772E+000
  0.20678343E+000
  0.20677912E+000
  0.20677477E+000
  0.20677040E+000
  0.20676598E+000
  0.20676154E+000
  0.20675705E+000
  0.20675252E+000
  0.20674795E+000
  0.20674334E+000
  0.20673868E+000
  0.20673398E+000
  0.20672924E+000
  0.20672446E+000
  0.20671964E+000
  0.20671479E+000
  0.20670990E+000
  0.20670498E+000
  0.20670003E+000
  0.20669506E+000
  0.20669007E+000
  0.20668506E+000
  0.20668005E+000
  0.20667502E+000
  0.20667000E+000
  0.20666497E+000
  0.20665996E+000
  0.20665497E+000
  0.20665000E+000
  0.20664505E+000
  0.20664014E+000
  0.20663526E+000
  0.20663043E+000
  0.20662566E+000
  0.20662093E+000
  0.20661627E+000
  0.20661168E+000
  0.20660715E+000
  0.20660270E+000
  0.20659833E+000
  0.20659405E+000
  0.20658985E+000
  0.20658574E+000
  0.20658173E+000
  0.20657781E+000
  0.20657399E+000
  0.20657027E+000
  0.20656665E+000
  0.20656313E+000
  0.20655972E+000
  0.20655640E+000
  0.20655320E+000
  0.20655009E+000
  0.20654709E+000
  0.20654419E+000
  0.20654139E+000
  0.20653868E+000
  0.20653608E+000
  0.20653358E+000
  0.20653116E+000
  0.20652885E+000
  0.20652662E+000
  0.20652448E+000
  0.20652243E+000
  0.20652046E+000
  0.20651858E+000
  0.20651678E+000
  0.20651505E+000
  0.20651340E+000
  0.20651183E+000
  0.20651033E+000
  0.20650889E+000
  0.20650752E+000
  0.20650622E+000
  0.20650498E+000
  0.20650380E+000
  0.20650268E+000
  0.20650162E+000
  0.20650061E+000
  0.20649966E+000
  0.20649875E+000
  0.20649790E+000
  0.20649709E+000
  0.20649633E+000
  0.20649561E+000
  0.20649493E+000
  0.20649430E+000
  0.20649370E+000
  0.20649314E+000
  0.20649262E+000
  0.20649213E+000
  0.20649168E+000
  0.20649126E+000
  0.20649087E+000
  0.20649051E+000
  0.20649018E+000
  0.20648988E+000
  0.20648960E+000
  0.20648935E+000
  0.20648913E+000
  0.20648893E+000
  0.20648876E+000
  0.20648861E+000
  0.20648849E+000
  0.20648838E+000
  0.20648831E+000
  0.20648825E+000
  0.20648822E+000
  0.20648822E+000
  0.20648824E+000
  0.20648828E+000
  0.20648836E+000
  0.20648845E+000
  0.20648858E+000
  0.20648874E+000
  0.20648893E+000
  0.20648915E+000
  0.20648940E+000
  0.20648970E+000
  0.20649003E+000
  0.20649041E+000
  0.20649083E+000
  0.20649130E+000
  0.20649183E+000
  0.20649241E+000
  0.20649305E+000
  0.20649375E+000
  0.20649453E+000
  0.20649538E+000
  0.20649631E+000
  0.20649733E+000
  0.20649844E+000
  0.20649965E+000
  0.20650097E+000
  0.20650240E+000
  0.20650395E+000
  0.20650563E+000
  0.20650744E+000
  0.20650940E+000
  0.20651151E+000
  0.20651378E+000
  0.20651622E+000
  0.20651883E+000
  0.20652162E+000
  0.20652461E+000
  0.20652779E+000
  0.20653118E+000
  0.20653477E+000
  0.20653859E+000
  0.20654262E+000
  0.20654688E+000
  0.20655136E+000
  0.20655608E+000
  0.20656103E+000
  0.20656621E+000
  0.20657163E+000
  0.20657728E+000
  0.20658317E+000
  0.20658929E+000
  0.20659565E+000
  0.20660224E+000
  0.20660906E+000
  0.20661614E+000
  0.20662344E+000
  0.20663103E+000
  0.20663882E+000
  0.20664701E+000
  0.20665520E+000
  0.20666413E+000
  0.20667221E+000
