  0.14607529E+000
  0.14608111E+000
  0.14608479E+000
  0.14608724E+000
  0.14608893E+000
  0.14609014E+000
  0.14609103E+000
  0.14609171E+000
  0.14609225E+000
  0.14609267E+000
  0.14609303E+000
  0.14609332E+000
  0.14609357E+000
  0.14609379E+000
  0.14609398E+000
  0.14609415E+000
  0.14609430E+000
  0.14609443E+000
  0.14609454E+000
  0.14609465E+000
  0.14609474E+000
  0.14609481E+000
  0.14609488E+000
  0.14609494E+000
  0.14609498E+000
  0.14609502E+000
  0.14609505E+000
  0.14609507E+000
  0.14609509E+000
  0.14609509E+000
  0.14609509E+000
  0.14609509E+000
  0.14609507E+000
  0.14609505E+000
  0.14609503E+000
  0.14609500E+000
  0.14609496E+000
  0.14609492E+000
  0.14609487E+000
  0.14609482E+000
  0.14609477E+000
  0.14609471E+000
  0.14609465E+000
  0.14609459E+000
  0.14609452E+000
  0.14609445E+000
  0.14609438E+000
  0.14609431E+000
  0.14609424E+000
  0.14609416E+000
  0.14609409E+000
  0.14609401E+000
  0.14609393E+000
  0.14609385E+000
  0.14609377E+000
  0.14609370E+000
  0.14609362E+000
  0.14609354E+000
  0.14609346E+000
  0.14609338E+000
  0.14609330E+000
  0.14609322E+000
  0.14609315E+000
  0.14609307E+000
  0.14609300E+000
  0.14609292E+000
  0.14609285E+000
  0.14609278E+000
  0.14609270E+000
  0.14609263E+000
  0.14609256E+000
  0.14609249E+000
  0.14609242E+000
  0.14609235E+000
  0.14609228E+000
  0.14609221E+000
  0.14609214E+000
  0.14609207E+000
  0.14609200E+000
  0.14609192E+000
  0.14609184E+000
  0.14609176E+000
  0.14609168E+000
  0.14609159E+000
  0.14609149E+000
  0.14609139E+000
  0.14609129E+000
  0.14609118E+000
  0.14609107E+000
  0.14609095E+000
  0.14609082E+000
  0.14609069E+000
  0.14609055E+000
  0.14609041E+000
  0.14609026E+000
  0.14609010E+000
  0.14608994E+000
  0.14608977E+000
  0.14608960E+000
  0.14608942E+000
  0.14608924E+000
  0.14608905E+000
  0.14608886E+000
  0.14608866E+000
  0.14608846E+000
  0.14608825E+000
  0.14608804E+000
  0.14608783E+000
  0.14608761E+000
  0.14608739E+000
  0.14608717E+000
  0.14608694E+000
  0.14608671E+000
  0.14608648E+000
  0.14608625E+000
  0.14608601E+000
  0.14608577E+000
  0.14608553E+000
  0.14608529E+000
  0.14608505E+000
  0.14608480E+000
  0.14608456E+000
  0.14608431E+000
  0.14608406E+000
  0.14608381E+000
  0.14608357E+000
  0.14608332E+000
  0.14608307E+000
  0.14608282E+000
  0.14608257E+000
  0.14608232E+000
  0.14608207E+000
  0.14608183E+000
  0.14608158E+000
  0.14608134E+000
  0.14608109E+000
  0.14608085E+000
  0.14608061E+000
  0.14608038E+000
  0.14608014E+000
  0.14607991E+000
  0.14607968E+000
  0.14607945E+000
  0.14607923E+000
  0.14607901E+000
  0.14607879E+000
  0.14607858E+000
  0.14607837E+000
  0.14607816E+000
  0.14607796E+000
  0.14607776E+000
  0.14607756E+000
  0.14607737E+000
  0.14607718E+000
  0.14607700E+000
  0.14607682E+000
  0.14607664E+000
  0.14607646E+000
  0.14607629E+000
  0.14607613E+000
  0.14607596E+000
  0.14607580E+000
  0.14607564E+000
  0.14607549E+000
  0.14607533E+000
  0.14607518E+000
  0.14607503E+000
  0.14607488E+000
  0.14607474E+000
  0.14607459E+000
  0.14607445E+000
  0.14607431E+000
  0.14607416E+000
  0.14607402E+000
  0.14607388E+000
  0.14607374E+000
  0.14607359E+000
  0.14607345E+000
  0.14607330E+000
  0.14607316E+000
  0.14607301E+000
  0.14607286E+000
  0.14607272E+000
  0.14607257E+000
  0.14607241E+000
  0.14607226E+000
  0.14607211E+000
  0.14607196E+000
  0.14607182E+000
  0.14607169E+000
  0.14607157E+000
  0.14607148E+000
  0.14607143E+000
  0.14607147E+000
  0.14607167E+000
  0.14607212E+000
  0.14607313E+000
  0.14607494E+000
  0.14607977E+000
  0.14608781E+000
