  0.28914969E+000
  0.28917808E+000
  0.28918032E+000
  0.28917778E+000
  0.28917461E+000
  0.28917175E+000
  0.28916936E+000
  0.28916744E+000
  0.28916591E+000
  0.28916471E+000
  0.28916378E+000
  0.28916308E+000
  0.28916255E+000
  0.28916216E+000
  0.28916189E+000
  0.28916171E+000
  0.28916160E+000
  0.28916155E+000
  0.28916156E+000
  0.28916160E+000
  0.28916167E+000
  0.28916176E+000
  0.28916187E+000
  0.28916199E+000
  0.28916213E+000
  0.28916227E+000
  0.28916241E+000
  0.28916256E+000
  0.28916271E+000
  0.28916285E+000
  0.28916300E+000
  0.28916314E+000
  0.28916327E+000
  0.28916340E+000
  0.28916353E+000
  0.28916365E+000
  0.28916377E+000
  0.28916388E+000
  0.28916399E+000
  0.28916410E+000
  0.28916421E+000
  0.28916431E+000
  0.28916441E+000
  0.28916451E+000
  0.28916461E+000
  0.28916472E+000
  0.28916483E+000
  0.28916495E+000
  0.28916507E+000
  0.28916520E+000
  0.28916534E+000
  0.28916550E+000
  0.28916566E+000
  0.28916584E+000
  0.28916604E+000
  0.28916625E+000
  0.28916648E+000
  0.28916673E+000
  0.28916699E+000
  0.28916727E+000
  0.28916757E+000
  0.28916788E+000
  0.28916821E+000
  0.28916854E+000
  0.28916889E+000
  0.28916923E+000
  0.28916958E+000
  0.28916993E+000
  0.28917026E+000
  0.28917059E+000
  0.28917090E+000
  0.28917119E+000
  0.28917146E+000
  0.28917170E+000
  0.28917191E+000
  0.28917209E+000
  0.28917223E+000
  0.28917233E+000
  0.28917238E+000
  0.28917240E+000
  0.28917236E+000
  0.28917228E+000
  0.28917214E+000
  0.28917196E+000
  0.28917173E+000
  0.28917144E+000
  0.28917111E+000
  0.28917073E+000
  0.28917030E+000
  0.28916982E+000
  0.28916930E+000
  0.28916873E+000
  0.28916812E+000
  0.28916747E+000
  0.28916679E+000
  0.28916606E+000
  0.28916531E+000
  0.28916452E+000
  0.28916370E+000
  0.28916286E+000
  0.28916198E+000
  0.28916109E+000
  0.28916018E+000
  0.28915925E+000
  0.28915830E+000
  0.28915734E+000
  0.28915637E+000
  0.28915539E+000
  0.28915440E+000
  0.28915341E+000
  0.28915241E+000
  0.28915141E+000
  0.28915042E+000
  0.28914942E+000
  0.28914844E+000
  0.28914746E+000
  0.28914648E+000
  0.28914552E+000
  0.28914457E+000
  0.28914363E+000
  0.28914270E+000
  0.28914180E+000
  0.28914090E+000
  0.28914003E+000
  0.28913917E+000
  0.28913833E+000
  0.28913751E+000
  0.28913672E+000
  0.28913594E+000
  0.28913519E+000
  0.28913445E+000
  0.28913374E+000
  0.28913305E+000
  0.28913239E+000
  0.28913174E+000
  0.28913112E+000
  0.28913052E+000
  0.28912994E+000
  0.28912938E+000
  0.28912885E+000
  0.28912833E+000
  0.28912784E+000
  0.28912737E+000
  0.28912692E+000
  0.28912649E+000
  0.28912607E+000
  0.28912568E+000
  0.28912531E+000
  0.28912495E+000
  0.28912462E+000
  0.28912430E+000
  0.28912400E+000
  0.28912373E+000
  0.28912346E+000
  0.28912322E+000
  0.28912300E+000
  0.28912279E+000
  0.28912260E+000
  0.28912243E+000
  0.28912228E+000
  0.28912215E+000
  0.28912204E+000
  0.28912195E+000
  0.28912188E+000
  0.28912184E+000
  0.28912181E+000
  0.28912181E+000
  0.28912183E+000
  0.28912187E+000
  0.28912194E+000
  0.28912204E+000
  0.28912217E+000
  0.28912232E+000
  0.28912251E+000
  0.28912272E+000
  0.28912297E+000
  0.28912325E+000
  0.28912356E+000
  0.28912391E+000
  0.28912429E+000
  0.28912470E+000
  0.28912515E+000
  0.28912564E+000
  0.28912616E+000
  0.28912672E+000
  0.28912731E+000
  0.28912793E+000
  0.28912858E+000
  0.28912927E+000
  0.28913000E+000
  0.28913076E+000
  0.28913156E+000
  0.28913243E+000
  0.28913338E+000
  0.28913447E+000
  0.28913577E+000
  0.28913766E+000
  0.28914025E+000
  0.28914790E+000
  0.28915975E+000
