  0.11730771E-004
  0.11731104E-004
  0.11731172E-004
  0.11731131E-004
  0.11731032E-004
  0.11730898E-004
  0.11730742E-004
  0.11730573E-004
  0.11730395E-004
  0.11730211E-004
  0.11730023E-004
  0.11729833E-004
  0.11729641E-004
  0.11729447E-004
  0.11729252E-004
  0.11729057E-004
  0.11728861E-004
  0.11728664E-004
  0.11728467E-004
  0.11728269E-004
  0.11728070E-004
  0.11727869E-004
  0.11727668E-004
  0.11727466E-004
  0.11727261E-004
  0.11727055E-004
  0.11726848E-004
  0.11726638E-004
  0.11726425E-004
  0.11726210E-004
  0.11725992E-004
  0.11725771E-004
  0.11725547E-004
  0.11725320E-004
  0.11725089E-004
  0.11724854E-004
  0.11724615E-004
  0.11724372E-004
  0.11724125E-004
  0.11723873E-004
  0.11723617E-004
  0.11723357E-004
  0.11723092E-004
  0.11722823E-004
  0.11722549E-004
  0.11722271E-004
  0.11721989E-004
  0.11721703E-004
  0.11721412E-004
  0.11721119E-004
  0.11720822E-004
  0.11720522E-004
  0.11720220E-004
  0.11719917E-004
  0.11719611E-004
  0.11719305E-004
  0.11718999E-004
  0.11718693E-004
  0.11718388E-004
  0.11718085E-004
  0.11717783E-004
  0.11717485E-004
  0.11717189E-004
  0.11716897E-004
  0.11716609E-004
  0.11716326E-004
  0.11716048E-004
  0.11715776E-004
  0.11715509E-004
  0.11715249E-004
  0.11714995E-004
  0.11714748E-004
  0.11714507E-004
  0.11714274E-004
  0.11714048E-004
  0.11713829E-004
  0.11713617E-004
  0.11713413E-004
  0.11713216E-004
  0.11713026E-004
  0.11712844E-004
  0.11712669E-004
  0.11712500E-004
  0.11712339E-004
  0.11712185E-004
  0.11712037E-004
  0.11711896E-004
  0.11711760E-004
  0.11711631E-004
  0.11711508E-004
  0.11711391E-004
  0.11711279E-004
  0.11711172E-004
  0.11711071E-004
  0.11710974E-004
  0.11710882E-004
  0.11710794E-004
  0.11710711E-004
  0.11710632E-004
  0.11710557E-004
  0.11710486E-004
  0.11710418E-004
  0.11710354E-004
  0.11710293E-004
  0.11710235E-004
  0.11710180E-004
  0.11710128E-004
  0.11710079E-004
  0.11710033E-004
  0.11709989E-004
  0.11709948E-004
  0.11709909E-004
  0.11709872E-004
  0.11709837E-004
  0.11709805E-004
  0.11709774E-004
  0.11709746E-004
  0.11709719E-004
  0.11709694E-004
  0.11709671E-004
  0.11709649E-004
  0.11709629E-004
  0.11709610E-004
  0.11709593E-004
  0.11709578E-004
  0.11709564E-004
  0.11709551E-004
  0.11709540E-004
  0.11709529E-004
  0.11709520E-004
  0.11709513E-004
  0.11709506E-004
  0.11709501E-004
  0.11709497E-004
  0.11709495E-004
  0.11709493E-004
  0.11709493E-004
  0.11709495E-004
  0.11709497E-004
  0.11709501E-004
  0.11709506E-004
  0.11709513E-004
  0.11709522E-004
  0.11709532E-004
  0.11709544E-004
  0.11709558E-004
  0.11709574E-004
  0.11709591E-004
  0.11709612E-004
  0.11709634E-004
  0.11709660E-004
  0.11709688E-004
  0.11709719E-004
  0.11709753E-004
  0.11709791E-004
  0.11709833E-004
  0.11709879E-004
  0.11709929E-004
  0.11709984E-004
  0.11710044E-004
  0.11710109E-004
  0.11710180E-004
  0.11710258E-004
  0.11710341E-004
  0.11710432E-004
  0.11710531E-004
  0.11710637E-004
  0.11710752E-004
  0.11710875E-004
  0.11711008E-004
  0.11711151E-004
  0.11711304E-004
  0.11711467E-004
  0.11711642E-004
  0.11711828E-004
  0.11712026E-004
  0.11712236E-004
  0.11712459E-004
  0.11712694E-004
  0.11712943E-004
  0.11713205E-004
  0.11713480E-004
  0.11713769E-004
  0.11714072E-004
  0.11714388E-004
  0.11714718E-004
  0.11715061E-004
  0.11715419E-004
  0.11715789E-004
  0.11716174E-004
  0.11716572E-004
  0.11716984E-004
  0.11717411E-004
  0.11717850E-004
  0.11718307E-004
  0.11718770E-004
  0.11719255E-004
  0.11719722E-004
  0.11720211E-004
  0.11720569E-004
