  0.41435335E+000
  0.41435349E+000
  0.41435364E+000
  0.41435378E+000
  0.41435393E+000
  0.41435407E+000
  0.41435421E+000
  0.41435435E+000
  0.41435450E+000
  0.41435464E+000
  0.41435479E+000
  0.41435494E+000
  0.41435509E+000
  0.41435524E+000
  0.41435539E+000
  0.41435554E+000
  0.41435569E+000
  0.41435585E+000
  0.41435601E+000
  0.41435617E+000
  0.41435633E+000
  0.41435649E+000
  0.41435666E+000
  0.41435683E+000
  0.41435701E+000
  0.41435719E+000
  0.41435737E+000
  0.41435755E+000
  0.41435775E+000
  0.41435794E+000
  0.41435815E+000
  0.41435835E+000
  0.41435857E+000
  0.41435879E+000
  0.41435901E+000
  0.41435925E+000
  0.41435949E+000
  0.41435974E+000
  0.41435999E+000
  0.41436026E+000
  0.41436053E+000
  0.41436081E+000
  0.41436110E+000
  0.41436140E+000
  0.41436171E+000
  0.41436203E+000
  0.41436236E+000
  0.41436270E+000
  0.41436305E+000
  0.41436341E+000
  0.41436378E+000
  0.41436416E+000
  0.41436455E+000
  0.41436496E+000
  0.41436537E+000
  0.41436580E+000
  0.41436624E+000
  0.41436669E+000
  0.41436715E+000
  0.41436763E+000
  0.41436811E+000
  0.41436861E+000
  0.41436912E+000
  0.41436964E+000
  0.41437018E+000
  0.41437072E+000
  0.41437128E+000
  0.41437185E+000
  0.41437243E+000
  0.41437302E+000
  0.41437363E+000
  0.41437424E+000
  0.41437487E+000
  0.41437550E+000
  0.41437615E+000
  0.41437681E+000
  0.41437748E+000
  0.41437816E+000
  0.41437885E+000
  0.41437955E+000
  0.41438026E+000
  0.41438097E+000
  0.41438170E+000
  0.41438244E+000
  0.41438318E+000
  0.41438394E+000
  0.41438470E+000
  0.41438547E+000
  0.41438625E+000
  0.41438703E+000
  0.41438783E+000
  0.41438863E+000
  0.41438944E+000
  0.41439025E+000
  0.41439108E+000
  0.41439191E+000
  0.41439275E+000
  0.41439359E+000
  0.41439445E+000
  0.41439531E+000
  0.41439618E+000
  0.41439705E+000
  0.41439794E+000
  0.41439884E+000
  0.41439974E+000
  0.41440065E+000
  0.41440157E+000
  0.41440251E+000
  0.41440345E+000
  0.41440440E+000
  0.41440536E+000
  0.41440633E+000
  0.41440732E+000
  0.41440831E+000
  0.41440932E+000
  0.41441033E+000
  0.41441136E+000
  0.41441240E+000
  0.41441346E+000
  0.41441452E+000
  0.41441560E+000
  0.41441669E+000
  0.41441779E+000
  0.41441890E+000
  0.41442003E+000
  0.41442116E+000
  0.41442231E+000
  0.41442348E+000
  0.41442465E+000
  0.41442584E+000
  0.41442704E+000
  0.41442825E+000
  0.41442947E+000
  0.41443070E+000
  0.41443195E+000
  0.41443320E+000
  0.41443447E+000
  0.41443574E+000
  0.41443703E+000
  0.41443832E+000
  0.41443963E+000
  0.41444094E+000
  0.41444226E+000
  0.41444358E+000
  0.41444492E+000
  0.41444626E+000
  0.41444761E+000
  0.41444896E+000
  0.41445032E+000
  0.41445168E+000
  0.41445304E+000
  0.41445441E+000
  0.41445578E+000
  0.41445715E+000
  0.41445852E+000
  0.41445989E+000
  0.41446126E+000
  0.41446263E+000
  0.41446400E+000
  0.41446536E+000
  0.41446673E+000
  0.41446809E+000
  0.41446944E+000
  0.41447080E+000
  0.41447214E+000
  0.41447348E+000
  0.41447481E+000
  0.41447613E+000
  0.41447745E+000
  0.41447875E+000
  0.41448005E+000
  0.41448134E+000
  0.41448261E+000
  0.41448388E+000
  0.41448512E+000
  0.41448634E+000
  0.41448757E+000
  0.41448875E+000
  0.41448994E+000
  0.41449109E+000
  0.41449225E+000
  0.41449338E+000
  0.41449462E+000
  0.41449573E+000
  0.41449682E+000
  0.41449780E+000
  0.41449884E+000
  0.41449985E+000
  0.41450082E+000
  0.41450173E+000
  0.41450269E+000
  0.41450363E+000
  0.41450446E+000
  0.41450535E+000
  0.41450615E+000
  0.41450687E+000
  0.41450766E+000
  0.41450864E+000
  0.41450948E+000
  0.41451143E+000
