  0.81994491E+000
  0.81994485E+000
  0.81994478E+000
  0.81994471E+000
  0.81994464E+000
  0.81994457E+000
  0.81994449E+000
  0.81994441E+000
  0.81994433E+000
  0.81994425E+000
  0.81994417E+000
  0.81994409E+000
  0.81994401E+000
  0.81994392E+000
  0.81994384E+000
  0.81994375E+000
  0.81994366E+000
  0.81994357E+000
  0.81994348E+000
  0.81994339E+000
  0.81994329E+000
  0.81994320E+000
  0.81994310E+000
  0.81994299E+000
  0.81994289E+000
  0.81994278E+000
  0.81994267E+000
  0.81994256E+000
  0.81994245E+000
  0.81994233E+000
  0.81994220E+000
  0.81994208E+000
  0.81994195E+000
  0.81994181E+000
  0.81994167E+000
  0.81994153E+000
  0.81994138E+000
  0.81994122E+000
  0.81994106E+000
  0.81994090E+000
  0.81994073E+000
  0.81994055E+000
  0.81994037E+000
  0.81994018E+000
  0.81993998E+000
  0.81993978E+000
  0.81993956E+000
  0.81993934E+000
  0.81993912E+000
  0.81993888E+000
  0.81993864E+000
  0.81993839E+000
  0.81993812E+000
  0.81993785E+000
  0.81993757E+000
  0.81993728E+000
  0.81993698E+000
  0.81993667E+000
  0.81993635E+000
  0.81993602E+000
  0.81993567E+000
  0.81993532E+000
  0.81993495E+000
  0.81993457E+000
  0.81993417E+000
  0.81993377E+000
  0.81993335E+000
  0.81993292E+000
  0.81993247E+000
  0.81993201E+000
  0.81993154E+000
  0.81993105E+000
  0.81993055E+000
  0.81993004E+000
  0.81992951E+000
  0.81992897E+000
  0.81992841E+000
  0.81992784E+000
  0.81992726E+000
  0.81992666E+000
  0.81992605E+000
  0.81992543E+000
  0.81992479E+000
  0.81992415E+000
  0.81992349E+000
  0.81992282E+000
  0.81992214E+000
  0.81992145E+000
  0.81992075E+000
  0.81992004E+000
  0.81991933E+000
  0.81991860E+000
  0.81991787E+000
  0.81991713E+000
  0.81991639E+000
  0.81991564E+000
  0.81991488E+000
  0.81991413E+000
  0.81991336E+000
  0.81991260E+000
  0.81991184E+000
  0.81991107E+000
  0.81991031E+000
  0.81990955E+000
  0.81990879E+000
  0.81990803E+000
  0.81990727E+000
  0.81990652E+000
  0.81990578E+000
  0.81990504E+000
  0.81990431E+000
  0.81990359E+000
  0.81990288E+000
  0.81990218E+000
  0.81990149E+000
  0.81990081E+000
  0.81990014E+000
  0.81989949E+000
  0.81989885E+000
  0.81989823E+000
  0.81989762E+000
  0.81989703E+000
  0.81989646E+000
  0.81989591E+000
  0.81989537E+000
  0.81989486E+000
  0.81989437E+000
  0.81989390E+000
  0.81989345E+000
  0.81989302E+000
  0.81989262E+000
  0.81989224E+000
  0.81989188E+000
  0.81989155E+000
  0.81989124E+000
  0.81989096E+000
  0.81989070E+000
  0.81989047E+000
  0.81989026E+000
  0.81989008E+000
  0.81988993E+000
  0.81988980E+000
  0.81988970E+000
  0.81988962E+000
  0.81988957E+000
  0.81988954E+000
  0.81988954E+000
  0.81988956E+000
  0.81988961E+000
  0.81988968E+000
  0.81988977E+000
  0.81988989E+000
  0.81989003E+000
  0.81989020E+000
  0.81989038E+000
  0.81989059E+000
  0.81989082E+000
  0.81989107E+000
  0.81989134E+000
  0.81989163E+000
  0.81989194E+000
  0.81989227E+000
  0.81989262E+000
  0.81989299E+000
  0.81989337E+000
  0.81989377E+000
  0.81989419E+000
  0.81989463E+000
  0.81989508E+000
  0.81989555E+000
  0.81989604E+000
  0.81989654E+000
  0.81989706E+000
  0.81989760E+000
  0.81989816E+000
  0.81989874E+000
  0.81989933E+000
  0.81989994E+000
  0.81990058E+000
  0.81990124E+000
  0.81990192E+000
  0.81990263E+000
  0.81990336E+000
  0.81990412E+000
  0.81990492E+000
  0.81990574E+000
  0.81990661E+000
  0.81990751E+000
  0.81990845E+000
  0.81990943E+000
  0.81991047E+000
  0.81991155E+000
  0.81991269E+000
  0.81991388E+000
  0.81991514E+000
  0.81991646E+000
  0.81991785E+000
  0.81991930E+000
  0.81992084E+000
  0.81992242E+000
