 -0.93401742E+000 -0.83813383E+000 -0.56492699E+000 -0.20764928E+000 -0.57295680E-002  0.84681032E-003  0.95404910E+000  0.45945677E+001  0.89465163E+001  0.16278867E+002  0.22291896E+002
 -0.93401835E+000 -0.83813486E+000 -0.56492917E+000 -0.20765376E+000 -0.57300634E-002  0.84643402E-003  0.95402668E+000  0.45945824E+001  0.89465371E+001  0.16278830E+002  0.22291938E+002
 -0.93401920E+000 -0.83813596E+000 -0.56493153E+000 -0.20765798E+000 -0.57302021E-002  0.84630476E-003  0.95401595E+000  0.45945968E+001  0.89465564E+001  0.16278811E+002  0.22291978E+002
 -0.93401998E+000 -0.83813710E+000 -0.56493390E+000 -0.20766184E+000 -0.57302495E-002  0.84625764E-003  0.95401244E+000  0.45946110E+001  0.89465737E+001  0.16278805E+002  0.22292015E+002
 -0.93402067E+000 -0.83813821E+000 -0.56493619E+000 -0.20766540E+000 -0.57302667E-002  0.84624124E-003  0.95401330E+000  0.45946249E+001  0.89465890E+001  0.16278810E+002  0.22292050E+002
 -0.93402127E+000 -0.83813925E+000 -0.56493835E+000 -0.20766871E+000 -0.57302723E-002  0.84623702E-003  0.95401675E+000  0.45946384E+001  0.89466025E+001  0.16278821E+002  0.22292084E+002
 -0.93402180E+000 -0.83814021E+000 -0.56494038E+000 -0.20767181E+000 -0.57302734E-002  0.84623774E-003  0.95402171E+000  0.45946515E+001  0.89466145E+001  0.16278837E+002  0.22292115E+002
 -0.93402224E+000 -0.83814107E+000 -0.56494226E+000 -0.20767471E+000 -0.57302731E-002  0.84624044E-003  0.95402751E+000  0.45946642E+001  0.89466256E+001  0.16278855E+002  0.22292146E+002
 -0.93402261E+000 -0.83814182E+000 -0.56494401E+000 -0.20767744E+000 -0.57302725E-002  0.84624388E-003  0.95403375E+000  0.45946763E+001  0.89466362E+001  0.16278875E+002  0.22292175E+002
 -0.93402293E+000 -0.83814249E+000 -0.56494565E+000 -0.20767999E+000 -0.57302725E-002  0.84624755E-003  0.95404022E+000  0.45946879E+001  0.89466467E+001  0.16278896E+002  0.22292202E+002
 -0.93402319E+000 -0.83814307E+000 -0.56494717E+000 -0.20768239E+000 -0.57302730E-002  0.84625123E-003  0.95404677E+000  0.45946989E+001  0.89466576E+001  0.16278917E+002  0.22292228E+002
 -0.93402341E+000 -0.83814357E+000 -0.56494861E+000 -0.20768465E+000 -0.57302743E-002  0.84625484E-003  0.95405332E+000  0.45947095E+001  0.89466690E+001  0.16278939E+002  0.22292254E+002
 -0.93402360E+000 -0.83814402E+000 -0.56494995E+000 -0.20768676E+000 -0.57302762E-002  0.84625836E-003  0.95405981E+000  0.45947196E+001  0.89466810E+001  0.16278960E+002  0.22292278E+002
 -0.93402376E+000 -0.83814441E+000 -0.56495122E+000 -0.20768873E+000 -0.57302787E-002  0.84626180E-003  0.95406621E+000  0.45947293E+001  0.89466938E+001  0.16278980E+002  0.22292301E+002
 -0.93402390E+000 -0.83814476E+000 -0.56495242E+000 -0.20769059E+000 -0.57302816E-002  0.84626517E-003  0.95407251E+000  0.45947388E+001  0.89467072E+001  0.16279001E+002  0.22292323E+002
 -0.93402403E+000 -0.83814508E+000 -0.56495356E+000 -0.20769232E+000 -0.57302847E-002  0.84626848E-003  0.95407868E+000  0.45947481E+001  0.89467212E+001  0.16279021E+002  0.22292344E+002
 -0.93402414E+000 -0.83814536E+000 -0.56495464E+000 -0.20769394E+000 -0.57302881E-002  0.84627176E-003  0.95408471E+000  0.45947572E+001  0.89467358E+001  0.16279040E+002  0.22292364E+002
 -0.93402424E+000 -0.83814563E+000 -0.56495567E+000 -0.20769546E+000 -0.57302917E-002  0.84627501E-003  0.95409061E+000  0.45947663E+001  0.89467507E+001  0.16279059E+002  0.22292383E+002
 -0.93402433E+000 -0.83814588E+000 -0.56495666E+000 -0.20769687E+000 -0.57302953E-002  0.84627825E-003  0.95409636E+000  0.45947754E+001  0.89467659E+001  0.16279078E+002  0.22292401E+002
 -0.93402442E+000 -0.83814611E+000 -0.56495760E+000 -0.20769819E+000 -0.57302988E-002  0.84628150E-003  0.95410198E+000  0.45947845E+001  0.89467814E+001  0.16279096E+002  0.22292419E+002
 -0.93402451E+000 -0.83814633E+000 -0.56495851E+000 -0.20769942E+000 -0.57303024E-002  0.84628476E-003  0.95410745E+000  0.45947937E+001  0.89467969E+001  0.16279114E+002  0.22292435E+002
 -0.93402459E+000 -0.83814655E+000 -0.56495939E+000 -0.20770057E+000 -0.57303058E-002  0.84628803E-003  0.95411279E+000  0.45948030E+001  0.89468125E+001  0.16279132E+002  0.22292451E+002
 -0.93402467E+000 -0.83814676E+000 -0.56496024E+000 -0.20770164E+000 -0.57303091E-002  0.84629134E-003  0.95411799E+000  0.45948123E+001  0.89468281E+001  0.16279149E+002  0.22292465E+002
 -0.93402476E+000 -0.83814697E+000 -0.56496106E+000 -0.20770263E+000 -0.57303123E-002  0.84629467E-003  0.95412306E+000  0.45948218E+001  0.89468436E+001  0.16279166E+002  0.22292479E+002
 -0.93402484E+000 -0.83814718E+000 -0.56496185E+000 -0.20770355E+000 -0.57303152E-002  0.84629803E-003  0.95412801E+000  0.45948312E+001  0.89468590E+001  0.16279183E+002  0.22292492E+002
 -0.93402493E+000 -0.83814739E+000 -0.56496263E+000 -0.20770440E+000 -0.57303180E-002  0.84630143E-003  0.95413285E+000  0.45948407E+001  0.89468744E+001  0.16279199E+002  0.22292504E+002
 -0.93402501E+000 -0.83814760E+000 -0.56496338E+000 -0.20770519E+000 -0.57303205E-002  0.84630486E-003  0.95413757E+000  0.45948503E+001  0.89468896E+001  0.16279215E+002  0.22292515E+002
 -0.93402510E+000 -0.83814782E+000 -0.56496412E+000 -0.20770592E+000 -0.57303228E-002  0.84630834E-003  0.95414220E+000  0.45948598E+001  0.89469048E+001  0.16279231E+002  0.22292525E+002
 -0.93402519E+000 -0.83814804E+000 -0.56496483E+000 -0.20770659E+000 -0.57303249E-002  0.84631184E-003  0.95414672E+000  0.45948693E+001  0.89469197E+001  0.16279246E+002  0.22292535E+002
 -0.93402529E+000 -0.83814827E+000 -0.56496554E+000 -0.20770720E+000 -0.57303267E-002  0.84631538E-003  0.95415115E+000  0.45948787E+001  0.89469346E+001  0.16279261E+002  0.22292543E+002
 -0.93402538E+000 -0.83814851E+000 -0.56496622E+000 -0.20770776E+000 -0.57303283E-002  0.84631895E-003  0.95415550E+000  0.45948881E+001  0.89469493E+001  0.16279275E+002  0.22292550E+002
 -0.93402549E+000 -0.83814875E+000 -0.56496689E+000 -0.20770827E+000 -0.57303296E-002  0.84632255E-003  0.95415977E+000  0.45948974E+001  0.89469639E+001  0.16279289E+002  0.22292555E+002
 -0.93402559E+000 -0.83814899E+000 -0.56496754E+000 -0.20770874E+000 -0.57303307E-002  0.84632617E-003  0.95416396E+000  0.45949066E+001  0.89469784E+001  0.16279302E+002  0.22292560E+002
 -0.93402570E+000 -0.83814925E+000 -0.56496818E+000 -0.20770916E+000 -0.57303315E-002  0.84632980E-003  0.95416807E+000  0.45949156E+001  0.89469926E+001  0.16279315E+002  0.22292564E+002
 -0.93402581E+000 -0.83814951E+000 -0.56496881E+000 -0.20770953E+000 -0.57303321E-002  0.84633344E-003  0.95417212E+000  0.45949246E+001  0.89470067E+001  0.16279327E+002  0.22292566E+002
 -0.93402593E+000 -0.83814978E+000 -0.56496942E+000 -0.20770987E+000 -0.57303325E-002  0.84633709E-003  0.95417609E+000  0.45949334E+001  0.89470206E+001  0.16279338E+002  0.22292567E+002
 -0.93402605E+000 -0.83815005E+000 -0.56497001E+000 -0.20771016E+000 -0.57303327E-002  0.84634073E-003  0.95417999E+000  0.45949421E+001  0.89470343E+001  0.16279349E+002  0.22292567E+002
 -0.93402618E+000 -0.83815033E+000 -0.56497058E+000 -0.20771042E+000 -0.57303327E-002  0.84634435E-003  0.95418381E+000  0.45949506E+001  0.89470478E+001  0.16279358E+002  0.22292565E+002
 -0.93402631E+000 -0.83815062E+000 -0.56497114E+000 -0.20771064E+000 -0.57303325E-002  0.84634794E-003  0.95418756E+000  0.45949589E+001  0.89470609E+001  0.16279366E+002  0.22292561E+002
 -0.93402645E+000 -0.83815091E+000 -0.56497168E+000 -0.20771084E+000 -0.57303322E-002  0.84635151E-003  0.95419123E+000  0.45949671E+001  0.89470737E+001  0.16279374E+002  0.22292557E+002
 -0.93402659E+000 -0.83815121E+000 -0.56497220E+000 -0.20771100E+000 -0.57303317E-002  0.84635503E-003  0.95419482E+000  0.45949750E+001  0.89470861E+001  0.16279380E+002  0.22292550E+002
 -0.93402673E+000 -0.83815151E+000 -0.56497270E+000 -0.20771113E+000 -0.57303310E-002  0.84635849E-003  0.95419831E+000  0.45949827E+001  0.89470981E+001  0.16279384E+002  0.22292542E+002
 -0.93402687E+000 -0.83815181E+000 -0.56497319E+000 -0.20771123E+000 -0.57303303E-002  0.84636189E-003  0.95420171E+000  0.45949902E+001  0.89471096E+001  0.16279388E+002  0.22292533E+002
 -0.93402702E+000 -0.83815211E+000 -0.56497365E+000 -0.20771131E+000 -0.57303295E-002  0.84636521E-003  0.95420501E+000  0.45949975E+001  0.89471205E+001  0.16279389E+002  0.22292522E+002
 -0.93402717E+000 -0.83815241E+000 -0.56497408E+000 -0.20771136E+000 -0.57303286E-002  0.84636845E-003  0.95420820E+000  0.45950044E+001  0.89471308E+001  0.16279389E+002  0.22292509E+002
 -0.93402732E+000 -0.83815271E+000 -0.56497450E+000 -0.20771139E+000 -0.57303277E-002  0.84637159E-003  0.95421128E+000  0.45950110E+001  0.89471404E+001  0.16279388E+002  0.22292494E+002
 -0.93402747E+000 -0.83815301E+000 -0.56497489E+000 -0.20771139E+000 -0.57303267E-002  0.84637462E-003  0.95421423E+000  0.45950173E+001  0.89471491E+001  0.16279384E+002  0.22292477E+002
 -0.93402762E+000 -0.83815330E+000 -0.56497525E+000 -0.20771138E+000 -0.57303258E-002  0.84637754E-003  0.95421706E+000  0.45950232E+001  0.89471570E+001  0.16279378E+002  0.22292458E+002
 -0.93402777E+000 -0.83815358E+000 -0.56497559E+000 -0.20771135E+000 -0.57303249E-002  0.84638034E-003  0.95421975E+000  0.45950287E+001  0.89471639E+001  0.16279371E+002  0.22292438E+002
 -0.93402792E+000 -0.83815385E+000 -0.56497591E+000 -0.20771130E+000 -0.57303240E-002  0.84638300E-003  0.95422230E+000  0.45950338E+001  0.89471697E+001  0.16279361E+002  0.22292415E+002
 -0.93402806E+000 -0.83815412E+000 -0.56497620E+000 -0.20771123E+000 -0.57303232E-002  0.84638553E-003  0.95422470E+000  0.45950383E+001  0.89471743E+001  0.16279348E+002  0.22292391E+002
 -0.93402820E+000 -0.83815437E+000 -0.56497646E+000 -0.20771114E+000 -0.57303225E-002  0.84638791E-003  0.95422694E+000  0.45950423E+001  0.89471776E+001  0.16279334E+002  0.22292364E+002
 -0.93402834E+000 -0.83815461E+000 -0.56497669E+000 -0.20771104E+000 -0.57303220E-002  0.84639013E-003  0.95422902E+000  0.45950457E+001  0.89471795E+001  0.16279317E+002  0.22292335E+002
 -0.93402847E+000 -0.83815484E+000 -0.56497690E+000 -0.20771093E+000 -0.57303215E-002  0.84639219E-003  0.95423092E+000  0.45950485E+001  0.89471799E+001  0.16279297E+002  0.22292304E+002
 -0.93402860E+000 -0.83815505E+000 -0.56497708E+000 -0.20771080E+000 -0.57303213E-002  0.84639409E-003  0.95423263E+000  0.45950505E+001  0.89471787E+001  0.16279275E+002  0.22292271E+002
 -0.93402872E+000 -0.83815525E+000 -0.56497723E+000 -0.20771067E+000 -0.57303212E-002  0.84639582E-003  0.95423415E+000  0.45950519E+001  0.89471758E+001  0.16279251E+002  0.22292236E+002
 -0.93402883E+000 -0.83815542E+000 -0.56497735E+000 -0.20771051E+000 -0.57303213E-002  0.84639738E-003  0.95423546E+000  0.45950524E+001  0.89471711E+001  0.16279224E+002  0.22292199E+002
 -0.93402893E+000 -0.83815559E+000 -0.56497745E+000 -0.20771035E+000 -0.57303216E-002  0.84639875E-003  0.95423655E+000  0.45950520E+001  0.89471644E+001  0.16279194E+002  0.22292159E+002
 -0.93402903E+000 -0.83815573E+000 -0.56497752E+000 -0.20771018E+000 -0.57303221E-002  0.84639995E-003  0.95423741E+000  0.45950507E+001  0.89471558E+001  0.16279161E+002  0.22292117E+002
 -0.93402912E+000 -0.83815586E+000 -0.56497756E+000 -0.20770999E+000 -0.57303228E-002  0.84640097E-003  0.95423804E+000  0.45950485E+001  0.89471451E+001  0.16279126E+002  0.22292074E+002
 -0.93402919E+000 -0.83815596E+000 -0.56497757E+000 -0.20770980E+000 -0.57303237E-002  0.84640182E-003  0.95423840E+000  0.45950451E+001  0.89471323E+001  0.16279089E+002  0.22292028E+002
 -0.93402926E+000 -0.83815605E+000 -0.56497757E+000 -0.20770960E+000 -0.57303248E-002  0.84640248E-003  0.95423850E+000  0.45950408E+001  0.89471173E+001  0.16279049E+002  0.22291980E+002
 -0.93402932E+000 -0.83815612E+000 -0.56497753E+000 -0.20770939E+000 -0.57303260E-002  0.84640298E-003  0.95423831E+000  0.45950352E+001  0.89471001E+001  0.16279007E+002  0.22291929E+002
 -0.93402937E+000 -0.83815618E+000 -0.56497747E+000 -0.20770917E+000 -0.57303274E-002  0.84640330E-003  0.95423782E+000  0.45950285E+001  0.89470806E+001  0.16278962E+002  0.22291877E+002
 -0.93402941E+000 -0.83815622E+000 -0.56497739E+000 -0.20770894E+000 -0.57303288E-002  0.84640346E-003  0.95423702E+000  0.45950206E+001  0.89470589E+001  0.16278915E+002  0.22291824E+002
 -0.93402944E+000 -0.83815624E+000 -0.56497728E+000 -0.20770870E+000 -0.57303304E-002  0.84640346E-003  0.95423590E+000  0.45950115E+001  0.89470348E+001  0.16278866E+002  0.22291768E+002
 -0.93402947E+000 -0.83815624E+000 -0.56497715E+000 -0.20770845E+000 -0.57303320E-002  0.84640332E-003  0.95423444E+000  0.45950010E+001  0.89470086E+001  0.16278815E+002  0.22291711E+002
 -0.93402948E+000 -0.83815623E+000 -0.56497700E+000 -0.20770819E+000 -0.57303336E-002  0.84640303E-003  0.95423263E+000  0.45949893E+001  0.89469802E+001  0.16278762E+002  0.22291652E+002
 -0.93402948E+000 -0.83815621E+000 -0.56497682E+000 -0.20770792E+000 -0.57303351E-002  0.84640262E-003  0.95423046E+000  0.45949764E+001  0.89469496E+001  0.16278707E+002  0.22291592E+002
 -0.93402948E+000 -0.83815617E+000 -0.56497663E+000 -0.20770765E+000 -0.57303365E-002  0.84640208E-003  0.95422792E+000  0.45949621E+001  0.89469170E+001  0.16278651E+002  0.22291531E+002
 -0.93402947E+000 -0.83815611E+000 -0.56497641E+000 -0.20770736E+000 -0.57303378E-002  0.84640144E-003  0.95422501E+000  0.45949467E+001  0.89468825E+001  0.16278593E+002  0.22291469E+002
 -0.93402945E+000 -0.83815604E+000 -0.56497617E+000 -0.20770706E+000 -0.57303389E-002  0.84640070E-003  0.95422171E+000  0.45949300E+001  0.89468461E+001  0.16278534E+002  0.22291407E+002
 -0.93402942E+000 -0.83815596E+000 -0.56497591E+000 -0.20770676E+000 -0.57303398E-002  0.84639988E-003  0.95421804E+000  0.45949121E+001  0.89468081E+001  0.16278475E+002  0.22291344E+002
 -0.93402938E+000 -0.83815587E+000 -0.56497562E+000 -0.20770643E+000 -0.57303403E-002  0.84639899E-003  0.95421399E+000  0.45948932E+001  0.89467685E+001  0.16278414E+002  0.22291280E+002
 -0.93402934E+000 -0.83815576E+000 -0.56497532E+000 -0.20770610E+000 -0.57303405E-002  0.84639805E-003  0.95420957E+000  0.45948732E+001  0.89467276E+001  0.16278354E+002  0.22291217E+002
 -0.93402929E+000 -0.83815564E+000 -0.56497499E+000 -0.20770575E+000 -0.57303403E-002  0.84639708E-003  0.95420479E+000  0.45948522E+001  0.89466855E+001  0.16278293E+002  0.22291153E+002
 -0.93402923E+000 -0.83815551E+000 -0.56497464E+000 -0.20770538E+000 -0.57303396E-002  0.84639610E-003  0.95419965E+000  0.45948305E+001  0.89466424E+001  0.16278232E+002  0.22291090E+002
 -0.93402916E+000 -0.83815536E+000 -0.56497427E+000 -0.20770500E+000 -0.57303385E-002  0.84639513E-003  0.95419419E+000  0.45948079E+001  0.89465986E+001  0.16278172E+002  0.22291028E+002
 -0.93402908E+000 -0.83815521E+000 -0.56497387E+000 -0.20770460E+000 -0.57303368E-002  0.84639419E-003  0.95418840E+000  0.45947847E+001  0.89465542E+001  0.16278112E+002  0.22290967E+002
 -0.93402900E+000 -0.83815503E+000 -0.56497345E+000 -0.20770418E+000 -0.57303346E-002  0.84639331E-003  0.95418233E+000  0.45947610E+001  0.89465094E+001  0.16278053E+002  0.22290906E+002
 -0.93402891E+000 -0.83815485E+000 -0.56497300E+000 -0.20770373E+000 -0.57303318E-002  0.84639250E-003  0.95417598E+000  0.45947369E+001  0.89464644E+001  0.16277995E+002  0.22290847E+002
 -0.93402881E+000 -0.83815465E+000 -0.56497253E+000 -0.20770327E+000 -0.57303283E-002  0.84639181E-003  0.95416941E+000  0.45947125E+001  0.89464195E+001  0.16277939E+002  0.22290789E+002
 -0.93402871E+000 -0.83815443E+000 -0.56497202E+000 -0.20770278E+000 -0.57303242E-002  0.84639124E-003  0.95416262E+000  0.45946879E+001  0.89463749E+001  0.16277883E+002  0.22290733E+002
 -0.93402859E+000 -0.83815421E+000 -0.56497149E+000 -0.20770226E+000 -0.57303194E-002  0.84639083E-003  0.95415565E+000  0.45946632E+001  0.89463307E+001  0.16277830E+002  0.22290678E+002
 -0.93402847E+000 -0.83815396E+000 -0.56497093E+000 -0.20770172E+000 -0.57303139E-002  0.84639061E-003  0.95414855E+000  0.45946386E+001  0.89462870E+001  0.16277778E+002  0.22290626E+002
 -0.93402834E+000 -0.83815370E+000 -0.56497035E+000 -0.20770115E+000 -0.57303078E-002  0.84639059E-003  0.95414133E+000  0.45946141E+001  0.89462442E+001  0.16277727E+002  0.22290575E+002
 -0.93402820E+000 -0.83815343E+000 -0.56496973E+000 -0.20770055E+000 -0.57303009E-002  0.84639081E-003  0.95413403E+000  0.45945899E+001  0.89462022E+001  0.16277679E+002  0.22290525E+002
 -0.93402805E+000 -0.83815314E+000 -0.56496908E+000 -0.20769992E+000 -0.57302933E-002  0.84639127E-003  0.95412668E+000  0.45945660E+001  0.89461612E+001  0.16277633E+002  0.22290478E+002
 -0.93402789E+000 -0.83815284E+000 -0.56496840E+000 -0.20769925E+000 -0.57302849E-002  0.84639201E-003  0.95411932E+000  0.45945425E+001  0.89461213E+001  0.16277588E+002  0.22290433E+002
 -0.93402773E+000 -0.83815251E+000 -0.56496769E+000 -0.20769856E+000 -0.57302759E-002  0.84639304E-003  0.95411196E+000  0.45945195E+001  0.89460826E+001  0.16277545E+002  0.22290390E+002
 -0.93402755E+000 -0.83815218E+000 -0.56496695E+000 -0.20769784E+000 -0.57302662E-002  0.84639437E-003  0.95410463E+000  0.45944970E+001  0.89460451E+001  0.16277505E+002  0.22290348E+002
 -0.93402737E+000 -0.83815183E+000 -0.56496619E+000 -0.20769708E+000 -0.57302559E-002  0.84639602E-003  0.95409736E+000  0.45944751E+001  0.89460089E+001  0.16277466E+002  0.22290309E+002
 -0.93402718E+000 -0.83815146E+000 -0.56496539E+000 -0.20769629E+000 -0.57302448E-002  0.84639799E-003  0.95409015E+000  0.45944538E+001  0.89459740E+001  0.16277429E+002  0.22290271E+002
 -0.93402698E+000 -0.83815108E+000 -0.56496456E+000 -0.20769547E+000 -0.57302332E-002  0.84640028E-003  0.95408304E+000  0.45944330E+001  0.89459403E+001  0.16277394E+002  0.22290235E+002
 -0.93402678E+000 -0.83815069E+000 -0.56496370E+000 -0.20769462E+000 -0.57302209E-002  0.84640291E-003  0.95407602E+000  0.45944129E+001  0.89459080E+001  0.16277361E+002  0.22290200E+002
 -0.93402657E+000 -0.83815028E+000 -0.56496282E+000 -0.20769374E+000 -0.57302080E-002  0.84640586E-003  0.95406910E+000  0.45943933E+001  0.89458769E+001  0.16277329E+002  0.22290167E+002
 -0.93402635E+000 -0.83814985E+000 -0.56496191E+000 -0.20769283E+000 -0.57301946E-002  0.84640914E-003  0.95406231E+000  0.45943744E+001  0.89458469E+001  0.16277298E+002  0.22290136E+002
 -0.93402612E+000 -0.83814942E+000 -0.56496097E+000 -0.20769189E+000 -0.57301806E-002  0.84641274E-003  0.95405563E+000  0.45943561E+001  0.89458182E+001  0.16277269E+002  0.22290106E+002
 -0.93402589E+000 -0.83814897E+000 -0.56496001E+000 -0.20769092E+000 -0.57301662E-002  0.84641665E-003  0.95404906E+000  0.45943383E+001  0.89457905E+001  0.16277242E+002  0.22290077E+002
 -0.93402565E+000 -0.83814851E+000 -0.56495903E+000 -0.20768993E+000 -0.57301513E-002  0.84642086E-003  0.95404262E+000  0.45943211E+001  0.89457638E+001  0.16277215E+002  0.22290049E+002
 -0.93402540E+000 -0.83814804E+000 -0.56495803E+000 -0.20768891E+000 -0.57301359E-002  0.84642536E-003  0.95403629E+000  0.45943044E+001  0.89457382E+001  0.16277190E+002  0.22290023E+002
 -0.93402516E+000 -0.83814756E+000 -0.56495700E+000 -0.20768786E+000 -0.57301202E-002  0.84643014E-003  0.95403007E+000  0.45942882E+001  0.89457134E+001  0.16277166E+002  0.22289997E+002
 -0.93402490E+000 -0.83814707E+000 -0.56495596E+000 -0.20768680E+000 -0.57301040E-002  0.84643519E-003  0.95402396E+000  0.45942724E+001  0.89456895E+001  0.16277142E+002  0.22289972E+002
 -0.93402464E+000 -0.83814658E+000 -0.56495490E+000 -0.20768571E+000 -0.57300876E-002  0.84644048E-003  0.95401795E+000  0.45942571E+001  0.89456663E+001  0.16277120E+002  0.22289949E+002
 -0.93402438E+000 -0.83814607E+000 -0.56495382E+000 -0.20768460E+000 -0.57300708E-002  0.84644600E-003  0.95401204E+000  0.45942422E+001  0.89456438E+001  0.16277098E+002  0.22289925E+002
 -0.93402411E+000 -0.83814555E+000 -0.56495273E+000 -0.20768347E+000 -0.57300537E-002  0.84645174E-003  0.95400621E+000  0.45942276E+001  0.89456220E+001  0.16277076E+002  0.22289903E+002
 -0.93402384E+000 -0.83814503E+000 -0.56495163E+000 -0.20768233E+000 -0.57300364E-002  0.84645767E-003  0.95400047E+000  0.45942133E+001  0.89456007E+001  0.16277056E+002  0.22289881E+002
 -0.93402357E+000 -0.83814450E+000 -0.56495052E+000 -0.20768117E+000 -0.57300189E-002  0.84646379E-003  0.95399480E+000  0.45941994E+001  0.89455800E+001  0.16277036E+002  0.22289859E+002
 -0.93402329E+000 -0.83814397E+000 -0.56494939E+000 -0.20768000E+000 -0.57300012E-002  0.84647007E-003  0.95398920E+000  0.45941857E+001  0.89455597E+001  0.16277016E+002  0.22289838E+002
 -0.93402301E+000 -0.83814343E+000 -0.56494826E+000 -0.20767881E+000 -0.57299834E-002  0.84647650E-003  0.95398366E+000  0.45941723E+001  0.89455399E+001  0.16276997E+002  0.22289817E+002
 -0.93402273E+000 -0.83814289E+000 -0.56494711E+000 -0.20767761E+000 -0.57299654E-002  0.84648306E-003  0.95397818E+000  0.45941591E+001  0.89455205E+001  0.16276978E+002  0.22289797E+002
 -0.93402245E+000 -0.83814234E+000 -0.56494596E+000 -0.20767640E+000 -0.57299473E-002  0.84648973E-003  0.95397276E+000  0.45941462E+001  0.89455014E+001  0.16276959E+002  0.22289777E+002
 -0.93402216E+000 -0.83814179E+000 -0.56494481E+000 -0.20767518E+000 -0.57299291E-002  0.84649651E-003  0.95396739E+000  0.45941334E+001  0.89454826E+001  0.16276941E+002  0.22289758E+002
 -0.93402187E+000 -0.83814123E+000 -0.56494365E+000 -0.20767395E+000 -0.57299110E-002  0.84650336E-003  0.95396206E+000  0.45941208E+001  0.89454641E+001  0.16276923E+002  0.22289738E+002
 -0.93402158E+000 -0.83814068E+000 -0.56494249E+000 -0.20767271E+000 -0.57298927E-002  0.84651029E-003  0.95395677E+000  0.45941083E+001  0.89454459E+001  0.16276905E+002  0.22289719E+002
 -0.93402129E+000 -0.83814012E+000 -0.56494133E+000 -0.20767147E+000 -0.57298745E-002  0.84651727E-003  0.95395153E+000  0.45940960E+001  0.89454280E+001  0.16276888E+002  0.22289700E+002
 -0.93402100E+000 -0.83813956E+000 -0.56494017E+000 -0.20767023E+000 -0.57298564E-002  0.84652429E-003  0.95394632E+000  0.45940838E+001  0.89454102E+001  0.16276871E+002  0.22289682E+002
 -0.93402071E+000 -0.83813900E+000 -0.56493900E+000 -0.20766898E+000 -0.57298382E-002  0.84653135E-003  0.95394116E+000  0.45940718E+001  0.89453927E+001  0.16276853E+002  0.22289663E+002
 -0.93402042E+000 -0.83813843E+000 -0.56493784E+000 -0.20766773E+000 -0.57298202E-002  0.84653842E-003  0.95393603E+000  0.45940599E+001  0.89453754E+001  0.16276836E+002  0.22289645E+002
 -0.93402013E+000 -0.83813787E+000 -0.56493669E+000 -0.20766647E+000 -0.57298022E-002  0.84654550E-003  0.95393093E+000  0.45940481E+001  0.89453582E+001  0.16276820E+002  0.22289627E+002
 -0.93401984E+000 -0.83813732E+000 -0.56493553E+000 -0.20766522E+000 -0.57297844E-002  0.84655258E-003  0.95392588E+000  0.45940365E+001  0.89453413E+001  0.16276803E+002  0.22289609E+002
 -0.93401955E+000 -0.83813676E+000 -0.56493439E+000 -0.20766397E+000 -0.57297667E-002  0.84655965E-003  0.95392086E+000  0.45940249E+001  0.89453245E+001  0.16276786E+002  0.22289592E+002
 -0.93401926E+000 -0.83813620E+000 -0.56493324E+000 -0.20766272E+000 -0.57297491E-002  0.84656669E-003  0.95391588E+000  0.45940135E+001  0.89453079E+001  0.16276770E+002  0.22289574E+002
 -0.93401898E+000 -0.83813565E+000 -0.56493211E+000 -0.20766147E+000 -0.57297317E-002  0.84657372E-003  0.95391093E+000  0.45940022E+001  0.89452914E+001  0.16276754E+002  0.22289557E+002
 -0.93401869E+000 -0.83813510E+000 -0.56493098E+000 -0.20766023E+000 -0.57297145E-002  0.84658071E-003  0.95390603E+000  0.45939910E+001  0.89452751E+001  0.16276738E+002  0.22289540E+002
 -0.93401841E+000 -0.83813455E+000 -0.56492987E+000 -0.20765900E+000 -0.57296975E-002  0.84658765E-003  0.95390118E+000  0.45939799E+001  0.89452590E+001  0.16276722E+002  0.22289523E+002
 -0.93401813E+000 -0.83813401E+000 -0.56492876E+000 -0.20765777E+000 -0.57296807E-002  0.84659456E-003  0.95389637E+000  0.45939689E+001  0.89452431E+001  0.16276706E+002  0.22289506E+002
 -0.93401785E+000 -0.83813348E+000 -0.56492767E+000 -0.20765655E+000 -0.57296641E-002  0.84660141E-003  0.95389160E+000  0.45939580E+001  0.89452273E+001  0.16276691E+002  0.22289490E+002
 -0.93401757E+000 -0.83813295E+000 -0.56492658E+000 -0.20765534E+000 -0.57296478E-002  0.84660822E-003  0.95388689E+000  0.45939473E+001  0.89452117E+001  0.16276675E+002  0.22289473E+002
 -0.93401730E+000 -0.83813242E+000 -0.56492551E+000 -0.20765413E+000 -0.57296317E-002  0.84661496E-003  0.95388222E+000  0.45939366E+001  0.89451963E+001  0.16276660E+002  0.22289457E+002
 -0.93401703E+000 -0.83813190E+000 -0.56492446E+000 -0.20765294E+000 -0.57296159E-002  0.84662165E-003  0.95387761E+000  0.45939261E+001  0.89451810E+001  0.16276645E+002  0.22289441E+002
 -0.93401677E+000 -0.83813139E+000 -0.56492341E+000 -0.20765176E+000 -0.57296003E-002  0.84662827E-003  0.95387306E+000  0.45939158E+001  0.89451660E+001  0.16276630E+002  0.22289425E+002
 -0.93401651E+000 -0.83813089E+000 -0.56492239E+000 -0.20765060E+000 -0.57295850E-002  0.84663483E-003  0.95386857E+000  0.45939055E+001  0.89451511E+001  0.16276615E+002  0.22289410E+002
 -0.93401625E+000 -0.83813039E+000 -0.56492138E+000 -0.20764945E+000 -0.57295700E-002  0.84664132E-003  0.95386414E+000  0.45938954E+001  0.89451365E+001  0.16276601E+002  0.22289394E+002
 -0.93401600E+000 -0.83812990E+000 -0.56492039E+000 -0.20764831E+000 -0.57295552E-002  0.84664774E-003  0.95385977E+000  0.45938854E+001  0.89451220E+001  0.16276586E+002  0.22289379E+002
 -0.93401575E+000 -0.83812942E+000 -0.56491941E+000 -0.20764719E+000 -0.57295408E-002  0.84665410E-003  0.95385547E+000  0.45938756E+001  0.89451077E+001  0.16276572E+002  0.22289364E+002
 -0.93401550E+000 -0.83812895E+000 -0.56491845E+000 -0.20764609E+000 -0.57295267E-002  0.84666039E-003  0.95385125E+000  0.45938660E+001  0.89450937E+001  0.16276558E+002  0.22289349E+002
 -0.93401527E+000 -0.83812849E+000 -0.56491752E+000 -0.20764500E+000 -0.57295128E-002  0.84666660E-003  0.95384709E+000  0.45938565E+001  0.89450799E+001  0.16276545E+002  0.22289334E+002
 -0.93401503E+000 -0.83812804E+000 -0.56491660E+000 -0.20764394E+000 -0.57294993E-002  0.84667274E-003  0.95384301E+000  0.45938471E+001  0.89450663E+001  0.16276531E+002  0.22289320E+002
 -0.93401481E+000 -0.83812760E+000 -0.56491570E+000 -0.20764289E+000 -0.57294861E-002  0.84667881E-003  0.95383900E+000  0.45938379E+001  0.89450530E+001  0.16276518E+002  0.22289306E+002
 -0.93401458E+000 -0.83812717E+000 -0.56491482E+000 -0.20764186E+000 -0.57294732E-002  0.84668481E-003  0.95383508E+000  0.45938289E+001  0.89450399E+001  0.16276505E+002  0.22289292E+002
 -0.93401437E+000 -0.83812675E+000 -0.56491397E+000 -0.20764086E+000 -0.57294606E-002  0.84669074E-003  0.95383124E+000  0.45938200E+001  0.89450270E+001  0.16276492E+002  0.22289279E+002
 -0.93401416E+000 -0.83812634E+000 -0.56491313E+000 -0.20763987E+000 -0.57294484E-002  0.84669659E-003  0.95382748E+000  0.45938114E+001  0.89450144E+001  0.16276480E+002  0.22289265E+002
 -0.93401395E+000 -0.83812595E+000 -0.56491232E+000 -0.20763891E+000 -0.57294364E-002  0.84670237E-003  0.95382380E+000  0.45938029E+001  0.89450021E+001  0.16276467E+002  0.22289252E+002
 -0.93401375E+000 -0.83812556E+000 -0.56491152E+000 -0.20763796E+000 -0.57294248E-002  0.84670807E-003  0.95382022E+000  0.45937946E+001  0.89449900E+001  0.16276455E+002  0.22289239E+002
 -0.93401356E+000 -0.83812518E+000 -0.56491075E+000 -0.20763704E+000 -0.57294135E-002  0.84671370E-003  0.95381672E+000  0.45937864E+001  0.89449782E+001  0.16276444E+002  0.22289227E+002
 -0.93401337E+000 -0.83812482E+000 -0.56491000E+000 -0.20763615E+000 -0.57294025E-002  0.84671924E-003  0.95381331E+000  0.45937785E+001  0.89449667E+001  0.16276432E+002  0.22289214E+002
 -0.93401319E+000 -0.83812447E+000 -0.56490928E+000 -0.20763528E+000 -0.57293919E-002  0.84672471E-003  0.95380999E+000  0.45937708E+001  0.89449555E+001  0.16276421E+002  0.22289202E+002
 -0.93401302E+000 -0.83812413E+000 -0.56490857E+000 -0.20763443E+000 -0.57293815E-002  0.84673011E-003  0.95380676E+000  0.45937632E+001  0.89449445E+001  0.16276410E+002  0.22289190E+002
 -0.93401285E+000 -0.83812380E+000 -0.56490789E+000 -0.20763360E+000 -0.57293715E-002  0.84673542E-003  0.95380363E+000  0.45937559E+001  0.89449339E+001  0.16276400E+002  0.22289179E+002
 -0.93401268E+000 -0.83812348E+000 -0.56490723E+000 -0.20763280E+000 -0.57293618E-002  0.84674064E-003  0.95380059E+000  0.45937487E+001  0.89449235E+001  0.16276389E+002  0.22289168E+002
 -0.93401253E+000 -0.83812317E+000 -0.56490659E+000 -0.20763202E+000 -0.57293525E-002  0.84674579E-003  0.95379765E+000  0.45937418E+001  0.89449135E+001  0.16276379E+002  0.22289157E+002
 -0.93401238E+000 -0.83812287E+000 -0.56490598E+000 -0.20763127E+000 -0.57293434E-002  0.84675085E-003  0.95379480E+000  0.45937351E+001  0.89449037E+001  0.16276370E+002  0.22289146E+002
 -0.93401223E+000 -0.83812259E+000 -0.56490538E+000 -0.20763054E+000 -0.57293347E-002  0.84675582E-003  0.95379204E+000  0.45937285E+001  0.89448943E+001  0.16276361E+002  0.22289136E+002
 -0.93401209E+000 -0.83812231E+000 -0.56490481E+000 -0.20762984E+000 -0.57293263E-002  0.84676069E-003  0.95378938E+000  0.45937222E+001  0.89448852E+001  0.16276352E+002  0.22289126E+002
 -0.93401196E+000 -0.83812205E+000 -0.56490426E+000 -0.20762916E+000 -0.57293182E-002  0.84676548E-003  0.95378682E+000  0.45937161E+001  0.89448764E+001  0.16276343E+002  0.22289117E+002
 -0.93401183E+000 -0.83812180E+000 -0.56490373E+000 -0.20762850E+000 -0.57293104E-002  0.84677017E-003  0.95378435E+000  0.45937102E+001  0.89448680E+001  0.16276335E+002  0.22289107E+002
 -0.93401171E+000 -0.83812156E+000 -0.56490322E+000 -0.20762787E+000 -0.57293029E-002  0.84677476E-003  0.95378198E+000  0.45937046E+001  0.89448598E+001  0.16276327E+002  0.22289098E+002
 -0.93401159E+000 -0.83812132E+000 -0.56490274E+000 -0.20762726E+000 -0.57292958E-002  0.84677925E-003  0.95377970E+000  0.45936991E+001  0.89448520E+001  0.16276319E+002  0.22289090E+002
 -0.93401148E+000 -0.83812110E+000 -0.56490227E+000 -0.20762667E+000 -0.57292889E-002  0.84678364E-003  0.95377752E+000  0.45936939E+001  0.89448446E+001  0.16276312E+002  0.22289082E+002
 -0.93401137E+000 -0.83812089E+000 -0.56490182E+000 -0.20762610E+000 -0.57292824E-002  0.84678792E-003  0.95377543E+000  0.45936889E+001  0.89448375E+001  0.16276305E+002  0.22289074E+002
 -0.93401127E+000 -0.83812069E+000 -0.56490139E+000 -0.20762556E+000 -0.57292762E-002  0.84679209E-003  0.95377344E+000  0.45936841E+001  0.89448307E+001  0.16276299E+002  0.22289066E+002
 -0.93401117E+000 -0.83812050E+000 -0.56490098E+000 -0.20762504E+000 -0.57292703E-002  0.84679614E-003  0.95377154E+000  0.45936795E+001  0.89448243E+001  0.16276293E+002  0.22289059E+002
 -0.93401108E+000 -0.83812031E+000 -0.56490060E+000 -0.20762454E+000 -0.57292647E-002  0.84680008E-003  0.95376974E+000  0.45936752E+001  0.89448183E+001  0.16276287E+002  0.22289053E+002
 -0.93401099E+000 -0.83812014E+000 -0.56490022E+000 -0.20762407E+000 -0.57292594E-002  0.84680390E-003  0.95376803E+000  0.45936711E+001  0.89448127E+001  0.16276282E+002  0.22289047E+002
 -0.93401091E+000 -0.83811997E+000 -0.56489987E+000 -0.20762361E+000 -0.57292544E-002  0.84680759E-003  0.95376641E+000  0.45936672E+001  0.89448074E+001  0.16276277E+002  0.22289041E+002
 -0.93401083E+000 -0.83811982E+000 -0.56489953E+000 -0.20762317E+000 -0.57292498E-002  0.84681115E-003  0.95376489E+000  0.45936636E+001  0.89448025E+001  0.16276273E+002  0.22289035E+002
 -0.93401076E+000 -0.83811967E+000 -0.56489922E+000 -0.20762276E+000 -0.57292455E-002  0.84681459E-003  0.95376345E+000  0.45936602E+001  0.89447981E+001  0.16276269E+002  0.22289031E+002
 -0.93401069E+000 -0.83811953E+000 -0.56489891E+000 -0.20762236E+000 -0.57292414E-002  0.84681789E-003  0.95376211E+000  0.45936570E+001  0.89447940E+001  0.16276266E+002  0.22289026E+002
 -0.93401062E+000 -0.83811939E+000 -0.56489863E+000 -0.20762199E+000 -0.57292377E-002  0.84682105E-003  0.95376087E+000  0.45936541E+001  0.89447904E+001  0.16276263E+002  0.22289023E+002
 -0.93401056E+000 -0.83811927E+000 -0.56489836E+000 -0.20762163E+000 -0.57292344E-002  0.84682407E-003  0.95375971E+000  0.45936515E+001  0.89447873E+001  0.16276261E+002  0.22289020E+002
 -0.93401050E+000 -0.83811915E+000 -0.56489811E+000 -0.20762129E+000 -0.57292313E-002  0.84682695E-003  0.95375865E+000  0.45936492E+001  0.89447847E+001  0.16276260E+002  0.22289017E+002
 -0.93401044E+000 -0.83811904E+000 -0.56489787E+000 -0.20762097E+000 -0.57292286E-002  0.84682968E-003  0.95375768E+000  0.45936471E+001  0.89447825E+001  0.16276259E+002  0.22289015E+002
 -0.93401039E+000 -0.83811894E+000 -0.56489765E+000 -0.20762066E+000 -0.57292263E-002  0.84683226E-003  0.95375681E+000  0.45936453E+001  0.89447809E+001  0.16276259E+002  0.22289014E+002
 -0.93401034E+000 -0.83811884E+000 -0.56489744E+000 -0.20762038E+000 -0.57292243E-002  0.84683469E-003  0.95375603E+000  0.45936438E+001  0.89447799E+001  0.16276260E+002  0.22289014E+002
 -0.93401029E+000 -0.83811875E+000 -0.56489725E+000 -0.20762011E+000 -0.57292226E-002  0.84683696E-003  0.95375534E+000  0.45936427E+001  0.89447795E+001  0.16276262E+002  0.22289015E+002
 -0.93401025E+000 -0.83811866E+000 -0.56489707E+000 -0.20761986E+000 -0.57292213E-002  0.84683908E-003  0.95375475E+000  0.45936418E+001  0.89447797E+001  0.16276264E+002  0.22289016E+002
 -0.93401021E+000 -0.83811859E+000 -0.56489691E+000 -0.20761962E+000 -0.57292203E-002  0.84684105E-003  0.95375426E+000  0.45936414E+001  0.89447806E+001  0.16276268E+002  0.22289019E+002
 -0.93401017E+000 -0.83811852E+000 -0.56489677E+000 -0.20761940E+000 -0.57292197E-002  0.84684286E-003  0.95375387E+000  0.45936412E+001  0.89447822E+001  0.16276273E+002  0.22289023E+002
 -0.93401013E+000 -0.83811845E+000 -0.56489664E+000 -0.20761920E+000 -0.57292194E-002  0.84684451E-003  0.95375357E+000  0.45936415E+001  0.89447845E+001  0.16276279E+002  0.22289028E+002
 -0.93401010E+000 -0.83811839E+000 -0.56489652E+000 -0.20761901E+000 -0.57292195E-002  0.84684601E-003  0.95375338E+000  0.45936421E+001  0.89447877E+001  0.16276286E+002  0.22289034E+002
 -0.93401007E+000 -0.83811834E+000 -0.56489642E+000 -0.20761884E+000 -0.57292199E-002  0.84684735E-003  0.95375328E+000  0.45936431E+001  0.89447917E+001  0.16276295E+002  0.22289042E+002
 -0.93401005E+000 -0.83811830E+000 -0.56489634E+000 -0.20761869E+000 -0.57292207E-002  0.84684854E-003  0.95375328E+000  0.45936446E+001  0.89447964E+001  0.16276304E+002  0.22289051E+002
 -0.93401003E+000 -0.83811827E+000 -0.56489628E+000 -0.20761856E+000 -0.57292219E-002  0.84684958E-003  0.95375338E+000  0.45936464E+001  0.89448021E+001  0.16276316E+002  0.22289062E+002
 -0.93401001E+000 -0.83811824E+000 -0.56489624E+000 -0.20761845E+000 -0.57292234E-002  0.84685046E-003  0.95375355E+000  0.45936485E+001  0.89448085E+001  0.16276329E+002  0.22289075E+002
 -0.93401001E+000 -0.83811823E+000 -0.56489623E+000 -0.20761837E+000 -0.57292253E-002  0.84685117E-003  0.95375380E+000  0.45936511E+001  0.89448156E+001  0.16276343E+002  0.22289089E+002
 -0.93401001E+000 -0.83811823E+000 -0.56489626E+000 -0.20761832E+000 -0.57292275E-002  0.84685171E-003  0.95375410E+000  0.45936538E+001  0.89448232E+001  0.16276358E+002  0.22289105E+002
 -0.93401002E+000 -0.83811826E+000 -0.56489633E+000 -0.20761831E+000 -0.57292302E-002  0.84685205E-003  0.95375441E+000  0.45936567E+001  0.89448312E+001  0.16276374E+002  0.22289122E+002
 -0.93401005E+000 -0.83811831E+000 -0.56489648E+000 -0.20761835E+000 -0.57292335E-002  0.84685215E-003  0.95375470E+000  0.45936595E+001  0.89448391E+001  0.16276391E+002  0.22289140E+002
 -0.93401011E+000 -0.83811841E+000 -0.56489673E+000 -0.20761848E+000 -0.57292373E-002  0.84685194E-003  0.95375487E+000  0.45936620E+001  0.89448465E+001  0.16276407E+002  0.22289159E+002
 -0.93401021E+000 -0.83811857E+000 -0.56489713E+000 -0.20761873E+000 -0.57292421E-002  0.84685128E-003  0.95375481E+000  0.45936637E+001  0.89448525E+001  0.16276422E+002  0.22289179E+002
 -0.93401038E+000 -0.83811884E+000 -0.56489779E+000 -0.20761918E+000 -0.57292483E-002  0.84684996E-003  0.95375434E+000  0.45936640E+001  0.89448561E+001  0.16276434E+002  0.22289197E+002
 -0.93401067E+000 -0.83811928E+000 -0.56489886E+000 -0.20761994E+000 -0.57292566E-002  0.84684762E-003  0.95375314E+000  0.45936621E+001  0.89448560E+001  0.16276443E+002  0.22289214E+002
 -0.93401115E+000 -0.83812000E+000 -0.56490060E+000 -0.20762120E+000 -0.57292684E-002  0.84684365E-003  0.95375078E+000  0.45936566E+001  0.89448503E+001  0.16276445E+002  0.22289227E+002
 -0.93401195E+000 -0.83812120E+000 -0.56490348E+000 -0.20762334E+000 -0.57292865E-002  0.84683677E-003  0.95374638E+000  0.45936457E+001  0.89448366E+001  0.16276439E+002  0.22289234E+002
 -0.93401327E+000 -0.83812317E+000 -0.56490822E+000 -0.20762690E+000 -0.57293149E-002  0.84682529E-003  0.95373887E+000  0.45936273E+001  0.89448122E+001  0.16276421E+002  0.22289232E+002
 -0.93401555E+000 -0.83812654E+000 -0.56491633E+000 -0.20763327E+000 -0.57293672E-002  0.84680281E-003  0.95372529E+000  0.45935972E+001  0.89447729E+001  0.16276386E+002  0.22289216E+002
 -0.93401939E+000 -0.83813212E+000 -0.56492941E+000 -0.20764369E+000 -0.57294521E-002  0.84676525E-003  0.95370391E+000  0.45935539E+001  0.89447159E+001  0.16276330E+002  0.22289180E+002
 -0.93402649E+000 -0.83814265E+000 -0.56495400E+000 -0.20766585E+000 -0.57296864E-002  0.84665492E-003  0.95366175E+000  0.45934857E+001  0.89446303E+001  0.16276240E+002  0.22289109E+002
 -0.93403829E+000 -0.83815915E+000 -0.56498880E+000 -0.20769835E+000 -0.57300671E-002  0.84647673E-003  0.95361026E+000  0.45934062E+001  0.89445259E+001  0.16276118E+002  0.22288998E+002
