  0.00000000E+000  0.00000000E+000  0.00000000E+000  0.00000000E+000  0.88623390E-002  0.14273725E+000  0.34963433E+001  0.29801880E+002  0.74400106E+002  0.19041946E+003  0.35673882E+003
  0.00000000E+000  0.00000000E+000  0.00000000E+000  0.00000000E+000  0.88650271E-002  0.14273084E+000  0.34963645E+001  0.29801926E+002  0.74400178E+002  0.19041961E+003  0.35673914E+003
  0.00000000E+000  0.00000000E+000  0.00000000E+000  0.00000000E+000  0.88672062E-002  0.14272664E+000  0.34963857E+001  0.29801972E+002  0.74400246E+002  0.19041975E+003  0.35673944E+003
  0.00000000E+000  0.00000000E+000  0.00000000E+000  0.00000000E+000  0.88690097E-002  0.14272393E+000  0.34964067E+001  0.29802018E+002  0.74400313E+002  0.19041989E+003  0.35673973E+003
  0.00000000E+000  0.00000000E+000  0.00000000E+000  0.00000000E+000  0.88705605E-002  0.14272227E+000  0.34964278E+001  0.29802064E+002  0.74400380E+002  0.19042002E+003  0.35674001E+003
  0.00000000E+000  0.00000000E+000  0.00000000E+000  0.00000000E+000  0.88719372E-002  0.14272135E+000  0.34964489E+001  0.29802110E+002  0.74400447E+002  0.19042016E+003  0.35674028E+003
  0.00000000E+000  0.00000000E+000  0.00000000E+000  0.00000000E+000  0.88731890E-002  0.14272098E+000  0.34964700E+001  0.29802155E+002  0.74400514E+002  0.19042029E+003  0.35674055E+003
  0.00000000E+000  0.00000000E+000  0.00000000E+000  0.00000000E+000  0.88743476E-002  0.14272100E+000  0.34964913E+001  0.29802201E+002  0.74400581E+002  0.19042042E+003  0.35674082E+003
  0.00000000E+000  0.00000000E+000  0.00000000E+000  0.00000000E+000  0.88754342E-002  0.14272133E+000  0.34965126E+001  0.29802248E+002  0.74400649E+002  0.19042056E+003  0.35674110E+003
  0.00000000E+000  0.00000000E+000  0.00000000E+000  0.00000000E+000  0.88764641E-002  0.14272190E+000  0.34965342E+001  0.29802294E+002  0.74400718E+002  0.19042069E+003  0.35674137E+003
  0.00000000E+000  0.00000000E+000  0.00000000E+000  0.00000000E+000  0.88774485E-002  0.14272266E+000  0.34965559E+001  0.29802341E+002  0.74400787E+002  0.19042083E+003  0.35674164E+003
  0.00000000E+000  0.00000000E+000  0.00000000E+000  0.00000000E+000  0.88783957E-002  0.14272359E+000  0.34965780E+001  0.29802388E+002  0.74400857E+002  0.19042097E+003  0.35674192E+003
  0.00000000E+000  0.00000000E+000  0.00000000E+000  0.00000000E+000  0.88793126E-002  0.14272465E+000  0.34966003E+001  0.29802436E+002  0.74400928E+002  0.19042111E+003  0.35674220E+003
  0.00000000E+000  0.00000000E+000  0.00000000E+000  0.00000000E+000  0.88802046E-002  0.14272584E+000  0.34966230E+001  0.29802484E+002  0.74401000E+002  0.19042125E+003  0.35674248E+003
  0.00000000E+000  0.00000000E+000  0.00000000E+000  0.00000000E+000  0.88810761E-002  0.14272715E+000  0.34966462E+001  0.29802533E+002  0.74401073E+002  0.19042140E+003  0.35674276E+003
  0.00000000E+000  0.00000000E+000  0.00000000E+000  0.00000000E+000  0.88819309E-002  0.14272857E+000  0.34966698E+001  0.29802583E+002  0.74401147E+002  0.19042154E+003  0.35674305E+003
  0.00000000E+000  0.00000000E+000  0.00000000E+000  0.00000000E+000  0.88827720E-002  0.14273009E+000  0.34966939E+001  0.29802633E+002  0.74401222E+002  0.19042169E+003  0.35674334E+003
  0.00000000E+000  0.00000000E+000  0.00000000E+000  0.00000000E+000  0.88836025E-002  0.14273172E+000  0.34967186E+001  0.29802684E+002  0.74401298E+002  0.19042184E+003  0.35674364E+003
  0.00000000E+000  0.00000000E+000  0.00000000E+000  0.00000000E+000  0.88844245E-002  0.14273345E+000  0.34967439E+001  0.29802736E+002  0.74401377E+002  0.19042200E+003  0.35674394E+003
  0.00000000E+000  0.00000000E+000  0.00000000E+000  0.00000000E+000  0.88852404E-002  0.14273527E+000  0.34967698E+001  0.29802789E+002  0.74401456E+002  0.19042216E+003  0.35674424E+003
  0.00000000E+000  0.00000000E+000  0.00000000E+000  0.00000000E+000  0.88860521E-002  0.14273720E+000  0.34967965E+001  0.29802844E+002  0.74401538E+002  0.19042232E+003  0.35674455E+003
  0.00000000E+000  0.00000000E+000  0.00000000E+000  0.00000000E+000  0.88868613E-002  0.14273922E+000  0.34968239E+001  0.29802899E+002  0.74401622E+002  0.19042248E+003  0.35674487E+003
  0.00000000E+000  0.00000000E+000  0.00000000E+000  0.00000000E+000  0.88876697E-002  0.14274134E+000  0.34968521E+001  0.29802956E+002  0.74401707E+002  0.19042265E+003  0.35674520E+003
  0.00000000E+000  0.00000000E+000  0.00000000E+000  0.00000000E+000  0.88884788E-002  0.14274355E+000  0.34968811E+001  0.29803014E+002  0.74401795E+002  0.19042283E+003  0.35674553E+003
  0.00000000E+000  0.00000000E+000  0.00000000E+000  0.00000000E+000  0.88892901E-002  0.14274586E+000  0.34969110E+001  0.29803074E+002  0.74401886E+002  0.19042301E+003  0.35674587E+003
  0.00000000E+000  0.00000000E+000  0.00000000E+000  0.00000000E+000  0.88901048E-002  0.14274827E+000  0.34969418E+001  0.29803136E+002  0.74401979E+002  0.19042319E+003  0.35674621E+003
  0.00000000E+000  0.00000000E+000  0.00000000E+000  0.00000000E+000  0.88909243E-002  0.14275077E+000  0.34969735E+001  0.29803200E+002  0.74402075E+002  0.19042338E+003  0.35674657E+003
  0.00000000E+000  0.00000000E+000  0.00000000E+000  0.00000000E+000  0.88917496E-002  0.14275337E+000  0.34970063E+001  0.29803265E+002  0.74402174E+002  0.19042357E+003  0.35674694E+003
  0.00000000E+000  0.00000000E+000  0.00000000E+000  0.00000000E+000  0.88925820E-002  0.14275607E+000  0.34970401E+001  0.29803333E+002  0.74402276E+002  0.19042377E+003  0.35674732E+003
  0.00000000E+000  0.00000000E+000  0.00000000E+000  0.00000000E+000  0.88934225E-002  0.14275886E+000  0.34970750E+001  0.29803403E+002  0.74402382E+002  0.19042398E+003  0.35674771E+003
  0.00000000E+000  0.00000000E+000  0.00000000E+000  0.00000000E+000  0.88942720E-002  0.14276176E+000  0.34971110E+001  0.29803476E+002  0.74402491E+002  0.19042420E+003  0.35674811E+003
  0.00000000E+000  0.00000000E+000  0.00000000E+000  0.00000000E+000  0.88951314E-002  0.14276476E+000  0.34971482E+001  0.29803551E+002  0.74402605E+002  0.19042442E+003  0.35674852E+003
  0.00000000E+000  0.00000000E+000  0.00000000E+000  0.00000000E+000  0.88960018E-002  0.14276788E+000  0.34971866E+001  0.29803629E+002  0.74402723E+002  0.19042465E+003  0.35674895E+003
  0.00000000E+000  0.00000000E+000  0.00000000E+000  0.00000000E+000  0.88968838E-002  0.14277110E+000  0.34972263E+001  0.29803710E+002  0.74402845E+002  0.19042489E+003  0.35674939E+003
  0.00000000E+000  0.00000000E+000  0.00000000E+000  0.00000000E+000  0.88977782E-002  0.14277444E+000  0.34972673E+001  0.29803794E+002  0.74402971E+002  0.19042514E+003  0.35674985E+003
  0.00000000E+000  0.00000000E+000  0.00000000E+000  0.00000000E+000  0.88986858E-002  0.14277791E+000  0.34973097E+001  0.29803882E+002  0.74403103E+002  0.19042539E+003  0.35675032E+003
  0.00000000E+000  0.00000000E+000  0.00000000E+000  0.00000000E+000  0.88996070E-002  0.14278149E+000  0.34973534E+001  0.29803973E+002  0.74403240E+002  0.19042566E+003  0.35675081E+003
  0.00000000E+000  0.00000000E+000  0.00000000E+000  0.00000000E+000  0.89005426E-002  0.14278521E+000  0.34973986E+001  0.29804067E+002  0.74403382E+002  0.19042594E+003  0.35675132E+003
  0.00000000E+000  0.00000000E+000  0.00000000E+000  0.00000000E+000  0.89014930E-002  0.14278907E+000  0.34974454E+001  0.29804166E+002  0.74403530E+002  0.19042623E+003  0.35675185E+003
  0.00000000E+000  0.00000000E+000  0.00000000E+000  0.00000000E+000  0.89024586E-002  0.14279306E+000  0.34974936E+001  0.29804269E+002  0.74403685E+002  0.19042653E+003  0.35675240E+003
  0.00000000E+000  0.00000000E+000  0.00000000E+000  0.00000000E+000  0.89034397E-002  0.14279720E+000  0.34975435E+001  0.29804377E+002  0.74403845E+002  0.19042684E+003  0.35675296E+003
  0.00000000E+000  0.00000000E+000  0.00000000E+000  0.00000000E+000  0.89044366E-002  0.14280150E+000  0.34975950E+001  0.29804489E+002  0.74404012E+002  0.19042717E+003  0.35675355E+003
  0.00000000E+000  0.00000000E+000  0.00000000E+000  0.00000000E+000  0.89054495E-002  0.14280595E+000  0.34976482E+001  0.29804605E+002  0.74404187E+002  0.19042750E+003  0.35675416E+003
  0.00000000E+000  0.00000000E+000  0.00000000E+000  0.00000000E+000  0.89064784E-002  0.14281056E+000  0.34977031E+001  0.29804728E+002  0.74404368E+002  0.19042786E+003  0.35675479E+003
  0.00000000E+000  0.00000000E+000  0.00000000E+000  0.00000000E+000  0.89075234E-002  0.14281534E+000  0.34977598E+001  0.29804855E+002  0.74404558E+002  0.19042822E+003  0.35675545E+003
  0.00000000E+000  0.00000000E+000  0.00000000E+000  0.00000000E+000  0.89085843E-002  0.14282029E+000  0.34978183E+001  0.29804988E+002  0.74404755E+002  0.19042860E+003  0.35675613E+003
  0.00000000E+000  0.00000000E+000  0.00000000E+000  0.00000000E+000  0.89096610E-002  0.14282542E+000  0.34978786E+001  0.29805127E+002  0.74404961E+002  0.19042900E+003  0.35675684E+003
  0.00000000E+000  0.00000000E+000  0.00000000E+000  0.00000000E+000  0.89107531E-002  0.14283072E+000  0.34979408E+001  0.29805272E+002  0.74405175E+002  0.19042942E+003  0.35675758E+003
  0.00000000E+000  0.00000000E+000  0.00000000E+000  0.00000000E+000  0.89118601E-002  0.14283621E+000  0.34980048E+001  0.29805424E+002  0.74405399E+002  0.19042985E+003  0.35675834E+003
  0.00000000E+000  0.00000000E+000  0.00000000E+000  0.00000000E+000  0.89129817E-002  0.14284189E+000  0.34980708E+001  0.29805582E+002  0.74405632E+002  0.19043029E+003  0.35675913E+003
  0.00000000E+000  0.00000000E+000  0.00000000E+000  0.00000000E+000  0.89141170E-002  0.14284775E+000  0.34981387E+001  0.29805747E+002  0.74405875E+002  0.19043076E+003  0.35675995E+003
  0.00000000E+000  0.00000000E+000  0.00000000E+000  0.00000000E+000  0.89152654E-002  0.14285379E+000  0.34982086E+001  0.29805920E+002  0.74406129E+002  0.19043125E+003  0.35676081E+003
  0.00000000E+000  0.00000000E+000  0.00000000E+000  0.00000000E+000  0.89164261E-002  0.14286003E+000  0.34982804E+001  0.29806100E+002  0.74406393E+002  0.19043175E+003  0.35676169E+003
  0.00000000E+000  0.00000000E+000  0.00000000E+000  0.00000000E+000  0.89175979E-002  0.14286646E+000  0.34983541E+001  0.29806289E+002  0.74406669E+002  0.19043228E+003  0.35676261E+003
  0.00000000E+000  0.00000000E+000  0.00000000E+000  0.00000000E+000  0.89187799E-002  0.14287309E+000  0.34984298E+001  0.29806485E+002  0.74406956E+002  0.19043282E+003  0.35676356E+003
  0.00000000E+000  0.00000000E+000  0.00000000E+000  0.00000000E+000  0.89199709E-002  0.14287990E+000  0.34985075E+001  0.29806690E+002  0.74407255E+002  0.19043339E+003  0.35676454E+003
  0.00000000E+000  0.00000000E+000  0.00000000E+000  0.00000000E+000  0.89211696E-002  0.14288690E+000  0.34985872E+001  0.29806904E+002  0.74407568E+002  0.19043398E+003  0.35676556E+003
  0.00000000E+000  0.00000000E+000  0.00000000E+000  0.00000000E+000  0.89223746E-002  0.14289410E+000  0.34986688E+001  0.29807127E+002  0.74407893E+002  0.19043460E+003  0.35676662E+003
  0.00000000E+000  0.00000000E+000  0.00000000E+000  0.00000000E+000  0.89235845E-002  0.14290148E+000  0.34987524E+001  0.29807359E+002  0.74408232E+002  0.19043524E+003  0.35676772E+003
  0.00000000E+000  0.00000000E+000  0.00000000E+000  0.00000000E+000  0.89247978E-002  0.14290905E+000  0.34988380E+001  0.29807601E+002  0.74408586E+002  0.19043590E+003  0.35676885E+003
  0.00000000E+000  0.00000000E+000  0.00000000E+000  0.00000000E+000  0.89260128E-002  0.14291681E+000  0.34989257E+001  0.29807853E+002  0.74408954E+002  0.19043659E+003  0.35677003E+003
  0.00000000E+000  0.00000000E+000  0.00000000E+000  0.00000000E+000  0.89272280E-002  0.14292476E+000  0.34990153E+001  0.29808115E+002  0.74409338E+002  0.19043730E+003  0.35677124E+003
  0.00000000E+000  0.00000000E+000  0.00000000E+000  0.00000000E+000  0.89284416E-002  0.14293290E+000  0.34991069E+001  0.29808387E+002  0.74409738E+002  0.19043805E+003  0.35677250E+003
  0.00000000E+000  0.00000000E+000  0.00000000E+000  0.00000000E+000  0.89296519E-002  0.14294123E+000  0.34992006E+001  0.29808670E+002  0.74410154E+002  0.19043882E+003  0.35677380E+003
  0.00000000E+000  0.00000000E+000  0.00000000E+000  0.00000000E+000  0.89308573E-002  0.14294975E+000  0.34992963E+001  0.29808965E+002  0.74410588E+002  0.19043962E+003  0.35677514E+003
  0.00000000E+000  0.00000000E+000  0.00000000E+000  0.00000000E+000  0.89320559E-002  0.14295845E+000  0.34993940E+001  0.29809270E+002  0.74411039E+002  0.19044045E+003  0.35677653E+003
  0.00000000E+000  0.00000000E+000  0.00000000E+000  0.00000000E+000  0.89332460E-002  0.14296734E+000  0.34994937E+001  0.29809586E+002  0.74411508E+002  0.19044131E+003  0.35677796E+003
  0.00000000E+000  0.00000000E+000  0.00000000E+000  0.00000000E+000  0.89344259E-002  0.14297642E+000  0.34995954E+001  0.29809914E+002  0.74411997E+002  0.19044221E+003  0.35677944E+003
  0.00000000E+000  0.00000000E+000  0.00000000E+000  0.00000000E+000  0.89355940E-002  0.14298570E+000  0.34996991E+001  0.29810254E+002  0.74412505E+002  0.19044314E+003  0.35678097E+003
  0.00000000E+000  0.00000000E+000  0.00000000E+000  0.00000000E+000  0.89367486E-002  0.14299516E+000  0.34998048E+001  0.29810605E+002  0.74413033E+002  0.19044410E+003  0.35678255E+003
  0.00000000E+000  0.00000000E+000  0.00000000E+000  0.00000000E+000  0.89378881E-002  0.14300482E+000  0.34999125E+001  0.29810968E+002  0.74413582E+002  0.19044510E+003  0.35678418E+003
  0.00000000E+000  0.00000000E+000  0.00000000E+000  0.00000000E+000  0.89390110E-002  0.14301466E+000  0.35000221E+001  0.29811343E+002  0.74414152E+002  0.19044613E+003  0.35678586E+003
  0.00000000E+000  0.00000000E+000  0.00000000E+000  0.00000000E+000  0.89401158E-002  0.14302470E+000  0.35001336E+001  0.29811731E+002  0.74414744E+002  0.19044720E+003  0.35678760E+003
  0.00000000E+000  0.00000000E+000  0.00000000E+000  0.00000000E+000  0.89412013E-002  0.14303492E+000  0.35002470E+001  0.29812130E+002  0.74415358E+002  0.19044831E+003  0.35678939E+003
  0.00000000E+000  0.00000000E+000  0.00000000E+000  0.00000000E+000  0.89422660E-002  0.14304534E+000  0.35003622E+001  0.29812541E+002  0.74415994E+002  0.19044946E+003  0.35679123E+003
  0.00000000E+000  0.00000000E+000  0.00000000E+000  0.00000000E+000  0.89433089E-002  0.14305594E+000  0.35004792E+001  0.29812965E+002  0.74416653E+002  0.19045065E+003  0.35679313E+003
  0.00000000E+000  0.00000000E+000  0.00000000E+000  0.00000000E+000  0.89443288E-002  0.14306671E+000  0.35005979E+001  0.29813400E+002  0.74417336E+002  0.19045189E+003  0.35679509E+003
  0.00000000E+000  0.00000000E+000  0.00000000E+000  0.00000000E+000  0.89453248E-002  0.14307767E+000  0.35007183E+001  0.29813847E+002  0.74418042E+002  0.19045316E+003  0.35679711E+003
  0.00000000E+000  0.00000000E+000  0.00000000E+000  0.00000000E+000  0.89462961E-002  0.14308880E+000  0.35008404E+001  0.29814306E+002  0.74418772E+002  0.19045448E+003  0.35679919E+003
  0.00000000E+000  0.00000000E+000  0.00000000E+000  0.00000000E+000  0.89472418E-002  0.14310008E+000  0.35009641E+001  0.29814776E+002  0.74419526E+002  0.19045585E+003  0.35680133E+003
  0.00000000E+000  0.00000000E+000  0.00000000E+000  0.00000000E+000  0.89481614E-002  0.14311152E+000  0.35010894E+001  0.29815258E+002  0.74420304E+002  0.19045726E+003  0.35680353E+003
  0.00000000E+000  0.00000000E+000  0.00000000E+000  0.00000000E+000  0.89490543E-002  0.14312311E+000  0.35012162E+001  0.29815751E+002  0.74421106E+002  0.19045873E+003  0.35680581E+003
  0.00000000E+000  0.00000000E+000  0.00000000E+000  0.00000000E+000  0.89499202E-002  0.14313483E+000  0.35013445E+001  0.29816255E+002  0.74421933E+002  0.19046024E+003  0.35680814E+003
  0.00000000E+000  0.00000000E+000  0.00000000E+000  0.00000000E+000  0.89507586E-002  0.14314666E+000  0.35014743E+001  0.29816769E+002  0.74422783E+002  0.19046180E+003  0.35681055E+003
  0.00000000E+000  0.00000000E+000  0.00000000E+000  0.00000000E+000  0.89515696E-002  0.14315860E+000  0.35016055E+001  0.29817294E+002  0.74423658E+002  0.19046341E+003  0.35681303E+003
  0.00000000E+000  0.00000000E+000  0.00000000E+000  0.00000000E+000  0.89523528E-002  0.14317063E+000  0.35017381E+001  0.29817828E+002  0.74424556E+002  0.19046508E+003  0.35681558E+003
  0.00000000E+000  0.00000000E+000  0.00000000E+000  0.00000000E+000  0.89531085E-002  0.14318272E+000  0.35018721E+001  0.29818372E+002  0.74425478E+002  0.19046680E+003  0.35681820E+003
  0.00000000E+000  0.00000000E+000  0.00000000E+000  0.00000000E+000  0.89538366E-002  0.14319487E+000  0.35020075E+001  0.29818925E+002  0.74426423E+002  0.19046857E+003  0.35682090E+003
  0.00000000E+000  0.00000000E+000  0.00000000E+000  0.00000000E+000  0.89545373E-002  0.14320706E+000  0.35021443E+001  0.29819487E+002  0.74427391E+002  0.19047040E+003  0.35682367E+003
  0.00000000E+000  0.00000000E+000  0.00000000E+000  0.00000000E+000  0.89552110E-002  0.14321925E+000  0.35022824E+001  0.29820058E+002  0.74428382E+002  0.19047229E+003  0.35682653E+003
  0.00000000E+000  0.00000000E+000  0.00000000E+000  0.00000000E+000  0.89558580E-002  0.14323144E+000  0.35024219E+001  0.29820636E+002  0.74429396E+002  0.19047423E+003  0.35682947E+003
  0.00000000E+000  0.00000000E+000  0.00000000E+000  0.00000000E+000  0.89564786E-002  0.14324359E+000  0.35025628E+001  0.29821222E+002  0.74430431E+002  0.19047624E+003  0.35683249E+003
  0.00000000E+000  0.00000000E+000  0.00000000E+000  0.00000000E+000  0.89570734E-002  0.14325570E+000  0.35027049E+001  0.29821815E+002  0.74431487E+002  0.19047830E+003  0.35683560E+003
  0.00000000E+000  0.00000000E+000  0.00000000E+000  0.00000000E+000  0.89576428E-002  0.14326773E+000  0.35028485E+001  0.29822414E+002  0.74432565E+002  0.19048042E+003  0.35683879E+003
  0.00000000E+000  0.00000000E+000  0.00000000E+000  0.00000000E+000  0.89581875E-002  0.14327966E+000  0.35029933E+001  0.29823020E+002  0.74433662E+002  0.19048260E+003  0.35684208E+003
  0.00000000E+000  0.00000000E+000  0.00000000E+000  0.00000000E+000  0.89587080E-002  0.14329146E+000  0.35031395E+001  0.29823632E+002  0.74434780E+002  0.19048485E+003  0.35684545E+003
  0.00000000E+000  0.00000000E+000  0.00000000E+000  0.00000000E+000  0.89592050E-002  0.14330313E+000  0.35032870E+001  0.29824249E+002  0.74435917E+002  0.19048715E+003  0.35684893E+003
  0.00000000E+000  0.00000000E+000  0.00000000E+000  0.00000000E+000  0.89596791E-002  0.14331464E+000  0.35034358E+001  0.29824871E+002  0.74437072E+002  0.19048952E+003  0.35685250E+003
  0.00000000E+000  0.00000000E+000  0.00000000E+000  0.00000000E+000  0.89601310E-002  0.14332596E+000  0.35035860E+001  0.29825497E+002  0.74438246E+002  0.19049195E+003  0.35685616E+003
  0.00000000E+000  0.00000000E+000  0.00000000E+000  0.00000000E+000  0.89605614E-002  0.14333708E+000  0.35037374E+001  0.29826127E+002  0.74439437E+002  0.19049444E+003  0.35685993E+003
  0.00000000E+000  0.00000000E+000  0.00000000E+000  0.00000000E+000  0.89609710E-002  0.14334798E+000  0.35038902E+001  0.29826761E+002  0.74440644E+002  0.19049699E+003  0.35686380E+003
  0.00000000E+000  0.00000000E+000  0.00000000E+000  0.00000000E+000  0.89613606E-002  0.14335864E+000  0.35040442E+001  0.29827399E+002  0.74441868E+002  0.19049960E+003  0.35686778E+003
  0.00000000E+000  0.00000000E+000  0.00000000E+000  0.00000000E+000  0.89617307E-002  0.14336904E+000  0.35041994E+001  0.29828038E+002  0.74443107E+002  0.19050228E+003  0.35687186E+003
  0.00000000E+000  0.00000000E+000  0.00000000E+000  0.00000000E+000  0.89620821E-002  0.14337918E+000  0.35043559E+001  0.29828681E+002  0.74444360E+002  0.19050502E+003  0.35687606E+003
  0.00000000E+000  0.00000000E+000  0.00000000E+000  0.00000000E+000  0.89624156E-002  0.14338904E+000  0.35045135E+001  0.29829325E+002  0.74445627E+002  0.19050783E+003  0.35688036E+003
  0.00000000E+000  0.00000000E+000  0.00000000E+000  0.00000000E+000  0.89627317E-002  0.14339861E+000  0.35046722E+001  0.29829970E+002  0.74446907E+002  0.19051069E+003  0.35688478E+003
  0.00000000E+000  0.00000000E+000  0.00000000E+000  0.00000000E+000  0.89630313E-002  0.14340788E+000  0.35048320E+001  0.29830617E+002  0.74448199E+002  0.19051361E+003  0.35688932E+003
  0.00000000E+000  0.00000000E+000  0.00000000E+000  0.00000000E+000  0.89633148E-002  0.14341683E+000  0.35049928E+001  0.29831265E+002  0.74449503E+002  0.19051660E+003  0.35689397E+003
  0.00000000E+000  0.00000000E+000  0.00000000E+000  0.00000000E+000  0.89635830E-002  0.14342548E+000  0.35051545E+001  0.29831913E+002  0.74450817E+002  0.19051965E+003  0.35689874E+003
  0.00000000E+000  0.00000000E+000  0.00000000E+000  0.00000000E+000  0.89638365E-002  0.14343381E+000  0.35053169E+001  0.29832560E+002  0.74452141E+002  0.19052275E+003  0.35690364E+003
  0.00000000E+000  0.00000000E+000  0.00000000E+000  0.00000000E+000  0.89640759E-002  0.14344181E+000  0.35054801E+001  0.29833208E+002  0.74453474E+002  0.19052592E+003  0.35690865E+003
  0.00000000E+000  0.00000000E+000  0.00000000E+000  0.00000000E+000  0.89643018E-002  0.14344950E+000  0.35056439E+001  0.29833854E+002  0.74454815E+002  0.19052914E+003  0.35691379E+003
  0.00000000E+000  0.00000000E+000  0.00000000E+000  0.00000000E+000  0.89645148E-002  0.14345686E+000  0.35058082E+001  0.29834500E+002  0.74456163E+002  0.19053242E+003  0.35691906E+003
  0.00000000E+000  0.00000000E+000  0.00000000E+000  0.00000000E+000  0.89647154E-002  0.14346390E+000  0.35059728E+001  0.29835144E+002  0.74457517E+002  0.19053575E+003  0.35692445E+003
  0.00000000E+000  0.00000000E+000  0.00000000E+000  0.00000000E+000  0.89649042E-002  0.14347063E+000  0.35061376E+001  0.29835787E+002  0.74458877E+002  0.19053914E+003  0.35692997E+003
  0.00000000E+000  0.00000000E+000  0.00000000E+000  0.00000000E+000  0.89650816E-002  0.14347705E+000  0.35063024E+001  0.29836427E+002  0.74460241E+002  0.19054259E+003  0.35693562E+003
  0.00000000E+000  0.00000000E+000  0.00000000E+000  0.00000000E+000  0.89652482E-002  0.14348315E+000  0.35064671E+001  0.29837066E+002  0.74461609E+002  0.19054608E+003  0.35694139E+003
  0.00000000E+000  0.00000000E+000  0.00000000E+000  0.00000000E+000  0.89654044E-002  0.14348896E+000  0.35066315E+001  0.29837701E+002  0.74462980E+002  0.19054962E+003  0.35694730E+003
  0.00000000E+000  0.00000000E+000  0.00000000E+000  0.00000000E+000  0.89655508E-002  0.14349447E+000  0.35067953E+001  0.29838334E+002  0.74464352E+002  0.19055322E+003  0.35695333E+003
  0.00000000E+000  0.00000000E+000  0.00000000E+000  0.00000000E+000  0.89656876E-002  0.14349969E+000  0.35069585E+001  0.29838964E+002  0.74465726E+002  0.19055685E+003  0.35695950E+003
  0.00000000E+000  0.00000000E+000  0.00000000E+000  0.00000000E+000  0.89658154E-002  0.14350464E+000  0.35071208E+001  0.29839591E+002  0.74467100E+002  0.19056054E+003  0.35696579E+003
  0.00000000E+000  0.00000000E+000  0.00000000E+000  0.00000000E+000  0.89659345E-002  0.14350931E+000  0.35072820E+001  0.29840214E+002  0.74468473E+002  0.19056426E+003  0.35697222E+003
  0.00000000E+000  0.00000000E+000  0.00000000E+000  0.00000000E+000  0.89660454E-002  0.14351372E+000  0.35074418E+001  0.29840833E+002  0.74469845E+002  0.19056803E+003  0.35697877E+003
  0.00000000E+000  0.00000000E+000  0.00000000E+000  0.00000000E+000  0.89661483E-002  0.14351789E+000  0.35076002E+001  0.29841449E+002  0.74471215E+002  0.19057184E+003  0.35698545E+003
  0.00000000E+000  0.00000000E+000  0.00000000E+000  0.00000000E+000  0.89662436E-002  0.14352181E+000  0.35077569E+001  0.29842060E+002  0.74472582E+002  0.19057568E+003  0.35699225E+003
  0.00000000E+000  0.00000000E+000  0.00000000E+000  0.00000000E+000  0.89663316E-002  0.14352549E+000  0.35079116E+001  0.29842667E+002  0.74473945E+002  0.19057956E+003  0.35699918E+003
  0.00000000E+000  0.00000000E+000  0.00000000E+000  0.00000000E+000  0.89664126E-002  0.14352896E+000  0.35080642E+001  0.29843270E+002  0.74475303E+002  0.19058347E+003  0.35700623E+003
  0.00000000E+000  0.00000000E+000  0.00000000E+000  0.00000000E+000  0.89664869E-002  0.14353221E+000  0.35082146E+001  0.29843867E+002  0.74476656E+002  0.19058740E+003  0.35701341E+003
  0.00000000E+000  0.00000000E+000  0.00000000E+000  0.00000000E+000  0.89665547E-002  0.14353526E+000  0.35083624E+001  0.29844461E+002  0.74478003E+002  0.19059137E+003  0.35702070E+003
  0.00000000E+000  0.00000000E+000  0.00000000E+000  0.00000000E+000  0.89666163E-002  0.14353811E+000  0.35085075E+001  0.29845049E+002  0.74479344E+002  0.19059536E+003  0.35702811E+003
  0.00000000E+000  0.00000000E+000  0.00000000E+000  0.00000000E+000  0.89666718E-002  0.14354078E+000  0.35086498E+001  0.29845632E+002  0.74480677E+002  0.19059937E+003  0.35703563E+003
  0.00000000E+000  0.00000000E+000  0.00000000E+000  0.00000000E+000  0.89667214E-002  0.14354327E+000  0.35087891E+001  0.29846210E+002  0.74482002E+002  0.19060341E+003  0.35704327E+003
  0.00000000E+000  0.00000000E+000  0.00000000E+000  0.00000000E+000  0.89667653E-002  0.14354560E+000  0.35089252E+001  0.29846782E+002  0.74483319E+002  0.19060746E+003  0.35705101E+003
  0.00000000E+000  0.00000000E+000  0.00000000E+000  0.00000000E+000  0.89668036E-002  0.14354777E+000  0.35090581E+001  0.29847349E+002  0.74484626E+002  0.19061152E+003  0.35705886E+003
  0.00000000E+000  0.00000000E+000  0.00000000E+000  0.00000000E+000  0.89668365E-002  0.14354978E+000  0.35091875E+001  0.29847910E+002  0.74485924E+002  0.19061560E+003  0.35706681E+003
  0.00000000E+000  0.00000000E+000  0.00000000E+000  0.00000000E+000  0.89668639E-002  0.14355166E+000  0.35093134E+001  0.29848465E+002  0.74487211E+002  0.19061968E+003  0.35707485E+003
  0.00000000E+000  0.00000000E+000  0.00000000E+000  0.00000000E+000  0.89668860E-002  0.14355340E+000  0.35094357E+001  0.29849014E+002  0.74488488E+002  0.19062378E+003  0.35708299E+003
  0.00000000E+000  0.00000000E+000  0.00000000E+000  0.00000000E+000  0.89669028E-002  0.14355501E+000  0.35095542E+001  0.29849557E+002  0.74489753E+002  0.19062787E+003  0.35709121E+003
  0.00000000E+000  0.00000000E+000  0.00000000E+000  0.00000000E+000  0.89669142E-002  0.14355650E+000  0.35096691E+001  0.29850094E+002  0.74491007E+002  0.19063197E+003  0.35709952E+003
  0.00000000E+000  0.00000000E+000  0.00000000E+000  0.00000000E+000  0.89669202E-002  0.14355787E+000  0.35097801E+001  0.29850624E+002  0.74492248E+002  0.19063607E+003  0.35710791E+003
  0.00000000E+000  0.00000000E+000  0.00000000E+000  0.00000000E+000  0.89669208E-002  0.14355914E+000  0.35098872E+001  0.29851147E+002  0.74493477E+002  0.19064016E+003  0.35711637E+003
  0.00000000E+000  0.00000000E+000  0.00000000E+000  0.00000000E+000  0.89669157E-002  0.14356030E+000  0.35099905E+001  0.29851663E+002  0.74494693E+002  0.19064425E+003  0.35712490E+003
  0.00000000E+000  0.00000000E+000  0.00000000E+000  0.00000000E+000  0.89669050E-002  0.14356136E+000  0.35100899E+001  0.29852172E+002  0.74495895E+002  0.19064833E+003  0.35713349E+003
  0.00000000E+000  0.00000000E+000  0.00000000E+000  0.00000000E+000  0.89668883E-002  0.14356233E+000  0.35101854E+001  0.29852673E+002  0.74497084E+002  0.19065240E+003  0.35714214E+003
  0.00000000E+000  0.00000000E+000  0.00000000E+000  0.00000000E+000  0.89668656E-002  0.14356321E+000  0.35102770E+001  0.29853167E+002  0.74498258E+002  0.19065645E+003  0.35715085E+003
  0.00000000E+000  0.00000000E+000  0.00000000E+000  0.00000000E+000  0.89668363E-002  0.14356400E+000  0.35103648E+001  0.29853653E+002  0.74499418E+002  0.19066049E+003  0.35715960E+003
  0.00000000E+000  0.00000000E+000  0.00000000E+000  0.00000000E+000  0.89668004E-002  0.14356471E+000  0.35104488E+001  0.29854131E+002  0.74500564E+002  0.19066451E+003  0.35716840E+003
  0.00000000E+000  0.00000000E+000  0.00000000E+000  0.00000000E+000  0.89667574E-002  0.14356533E+000  0.35105290E+001  0.29854602E+002  0.74501694E+002  0.19066851E+003  0.35717722E+003
  0.00000000E+000  0.00000000E+000  0.00000000E+000  0.00000000E+000  0.89667069E-002  0.14356589E+000  0.35106055E+001  0.29855063E+002  0.74502809E+002  0.19067249E+003  0.35718608E+003
  0.00000000E+000  0.00000000E+000  0.00000000E+000  0.00000000E+000  0.89666483E-002  0.14356636E+000  0.35106783E+001  0.29855517E+002  0.74503908E+002  0.19067645E+003  0.35719497E+003
  0.00000000E+000  0.00000000E+000  0.00000000E+000  0.00000000E+000  0.89665813E-002  0.14356676E+000  0.35107476E+001  0.29855961E+002  0.74504991E+002  0.19068037E+003  0.35720387E+003
  0.00000000E+000  0.00000000E+000  0.00000000E+000  0.00000000E+000  0.89665052E-002  0.14356709E+000  0.35108134E+001  0.29856397E+002  0.74506058E+002  0.19068427E+003  0.35721278E+003
  0.00000000E+000  0.00000000E+000  0.00000000E+000  0.00000000E+000  0.89664194E-002  0.14356734E+000  0.35108757E+001  0.29856823E+002  0.74507109E+002  0.19068814E+003  0.35722170E+003
  0.00000000E+000  0.00000000E+000  0.00000000E+000  0.00000000E+000  0.89663231E-002  0.14356753E+000  0.35109346E+001  0.29857240E+002  0.74508143E+002  0.19069197E+003  0.35723062E+003
  0.00000000E+000  0.00000000E+000  0.00000000E+000  0.00000000E+000  0.89662157E-002  0.14356763E+000  0.35109903E+001  0.29857648E+002  0.74509160E+002  0.19069577E+003  0.35723954E+003
  0.00000000E+000  0.00000000E+000  0.00000000E+000  0.00000000E+000  0.89660961E-002  0.14356767E+000  0.35110428E+001  0.29858046E+002  0.74510160E+002  0.19069954E+003  0.35724844E+003
  0.00000000E+000  0.00000000E+000  0.00000000E+000  0.00000000E+000  0.89659636E-002  0.14356763E+000  0.35110922E+001  0.29858434E+002  0.74511143E+002  0.19070326E+003  0.35725733E+003
  0.00000000E+000  0.00000000E+000  0.00000000E+000  0.00000000E+000  0.89658172E-002  0.14356751E+000  0.35111386E+001  0.29858813E+002  0.74512108E+002  0.19070695E+003  0.35726620E+003
  0.00000000E+000  0.00000000E+000  0.00000000E+000  0.00000000E+000  0.89656557E-002  0.14356730E+000  0.35111820E+001  0.29859181E+002  0.74513055E+002  0.19071060E+003  0.35727503E+003
  0.00000000E+000  0.00000000E+000  0.00000000E+000  0.00000000E+000  0.89654781E-002  0.14356702E+000  0.35112225E+001  0.29859540E+002  0.74513985E+002  0.19071420E+003  0.35728384E+003
  0.00000000E+000  0.00000000E+000  0.00000000E+000  0.00000000E+000  0.89652832E-002  0.14356664E+000  0.35112602E+001  0.29859888E+002  0.74514896E+002  0.19071776E+003  0.35729260E+003
  0.00000000E+000  0.00000000E+000  0.00000000E+000  0.00000000E+000  0.89650696E-002  0.14356617E+000  0.35112952E+001  0.29860226E+002  0.74515789E+002  0.19072128E+003  0.35730132E+003
  0.00000000E+000  0.00000000E+000  0.00000000E+000  0.00000000E+000  0.89648360E-002  0.14356560E+000  0.35113276E+001  0.29860553E+002  0.74516664E+002  0.19072474E+003  0.35731000E+003
  0.00000000E+000  0.00000000E+000  0.00000000E+000  0.00000000E+000  0.89645809E-002  0.14356492E+000  0.35113573E+001  0.29860870E+002  0.74517520E+002  0.19072817E+003  0.35731861E+003
  0.00000000E+000  0.00000000E+000  0.00000000E+000  0.00000000E+000  0.89643029E-002  0.14356413E+000  0.35113844E+001  0.29861177E+002  0.74518357E+002  0.19073154E+003  0.35732717E+003
  0.00000000E+000  0.00000000E+000  0.00000000E+000  0.00000000E+000  0.89640003E-002  0.14356321E+000  0.35114090E+001  0.29861473E+002  0.74519175E+002  0.19073486E+003  0.35733567E+003
  0.00000000E+000  0.00000000E+000  0.00000000E+000  0.00000000E+000  0.89636716E-002  0.14356217E+000  0.35114310E+001  0.29861758E+002  0.74519973E+002  0.19073814E+003  0.35734409E+003
  0.00000000E+000  0.00000000E+000  0.00000000E+000  0.00000000E+000  0.89633151E-002  0.14356098E+000  0.35114506E+001  0.29862033E+002  0.74520753E+002  0.19074136E+003  0.35735244E+003
  0.00000000E+000  0.00000000E+000  0.00000000E+000  0.00000000E+000  0.89629289E-002  0.14355963E+000  0.35114676E+001  0.29862296E+002  0.74521512E+002  0.19074452E+003  0.35736072E+003
  0.00000000E+000  0.00000000E+000  0.00000000E+000  0.00000000E+000  0.89625113E-002  0.14355813E+000  0.35114821E+001  0.29862549E+002  0.74522252E+002  0.19074764E+003  0.35736891E+003
  0.00000000E+000  0.00000000E+000  0.00000000E+000  0.00000000E+000  0.89620606E-002  0.14355644E+000  0.35114941E+001  0.29862792E+002  0.74522972E+002  0.19075070E+003  0.35737702E+003
  0.00000000E+000  0.00000000E+000  0.00000000E+000  0.00000000E+000  0.89615749E-002  0.14355456E+000  0.35115034E+001  0.29863023E+002  0.74523671E+002  0.19075370E+003  0.35738504E+003
  0.00000000E+000  0.00000000E+000  0.00000000E+000  0.00000000E+000  0.89610524E-002  0.14355247E+000  0.35115100E+001  0.29863243E+002  0.74524350E+002  0.19075665E+003  0.35739296E+003
  0.00000000E+000  0.00000000E+000  0.00000000E+000  0.00000000E+000  0.89604912E-002  0.14355016E+000  0.35115138E+001  0.29863452E+002  0.74525009E+002  0.19075954E+003  0.35740079E+003
  0.00000000E+000  0.00000000E+000  0.00000000E+000  0.00000000E+000  0.89598897E-002  0.14354761E+000  0.35115148E+001  0.29863650E+002  0.74525646E+002  0.19076238E+003  0.35740852E+003
  0.00000000E+000  0.00000000E+000  0.00000000E+000  0.00000000E+000  0.89592460E-002  0.14354480E+000  0.35115127E+001  0.29863836E+002  0.74526262E+002  0.19076515E+003  0.35741614E+003
  0.00000000E+000  0.00000000E+000  0.00000000E+000  0.00000000E+000  0.89585587E-002  0.14354171E+000  0.35115074E+001  0.29864011E+002  0.74526856E+002  0.19076786E+003  0.35742366E+003
  0.00000000E+000  0.00000000E+000  0.00000000E+000  0.00000000E+000  0.89578261E-002  0.14353832E+000  0.35114987E+001  0.29864174E+002  0.74527427E+002  0.19077051E+003  0.35743106E+003
  0.00000000E+000  0.00000000E+000  0.00000000E+000  0.00000000E+000  0.89570468E-002  0.14353461E+000  0.35114863E+001  0.29864324E+002  0.74527976E+002  0.19077310E+003  0.35743835E+003
  0.00000000E+000  0.00000000E+000  0.00000000E+000  0.00000000E+000  0.89562195E-002  0.14353056E+000  0.35114701E+001  0.29864462E+002  0.74528502E+002  0.19077563E+003  0.35744553E+003
  0.00000000E+000  0.00000000E+000  0.00000000E+000  0.00000000E+000  0.89553432E-002  0.14352616E+000  0.35114497E+001  0.29864587E+002  0.74529004E+002  0.19077809E+003  0.35745258E+003
  0.00000000E+000  0.00000000E+000  0.00000000E+000  0.00000000E+000  0.89544167E-002  0.14352138E+000  0.35114248E+001  0.29864699E+002  0.74529481E+002  0.19078049E+003  0.35745951E+003
  0.00000000E+000  0.00000000E+000  0.00000000E+000  0.00000000E+000  0.89534393E-002  0.14351619E+000  0.35113950E+001  0.29864796E+002  0.74529933E+002  0.19078282E+003  0.35746631E+003
  0.00000000E+000  0.00000000E+000  0.00000000E+000  0.00000000E+000  0.89524105E-002  0.14351058E+000  0.35113600E+001  0.29864879E+002  0.74530357E+002  0.19078507E+003  0.35747298E+003
  0.00000000E+000  0.00000000E+000  0.00000000E+000  0.00000000E+000  0.89513298E-002  0.14350454E+000  0.35113194E+001  0.29864946E+002  0.74530754E+002  0.19078726E+003  0.35747951E+003
  0.00000000E+000  0.00000000E+000  0.00000000E+000  0.00000000E+000  0.89501970E-002  0.14349804E+000  0.35112726E+001  0.29864995E+002  0.74531121E+002  0.19078937E+003  0.35748591E+003
  0.00000000E+000  0.00000000E+000  0.00000000E+000  0.00000000E+000  0.89490121E-002  0.14349106E+000  0.35112193E+001  0.29865027E+002  0.74531457E+002  0.19079141E+003  0.35749216E+003
  0.00000000E+000  0.00000000E+000  0.00000000E+000  0.00000000E+000  0.89477751E-002  0.14348360E+000  0.35111590E+001  0.29865039E+002  0.74531760E+002  0.19079336E+003  0.35749827E+003
  0.00000000E+000  0.00000000E+000  0.00000000E+000  0.00000000E+000  0.89464862E-002  0.14347564E+000  0.35110911E+001  0.29865030E+002  0.74532028E+002  0.19079523E+003  0.35750422E+003
  0.00000000E+000  0.00000000E+000  0.00000000E+000  0.00000000E+000  0.89451458E-002  0.14346718E+000  0.35110152E+001  0.29864998E+002  0.74532257E+002  0.19079701E+003  0.35751002E+003
  0.00000000E+000  0.00000000E+000  0.00000000E+000  0.00000000E+000  0.89437539E-002  0.14345820E+000  0.35109307E+001  0.29864941E+002  0.74532445E+002  0.19079870E+003  0.35751565E+003
  0.00000000E+000  0.00000000E+000  0.00000000E+000  0.00000000E+000  0.89423117E-002  0.14344872E+000  0.35108373E+001  0.29864856E+002  0.74532587E+002  0.19080029E+003  0.35752111E+003
  0.00000000E+000  0.00000000E+000  0.00000000E+000  0.00000000E+000  0.89408173E-002  0.14343872E+000  0.35107345E+001  0.29864741E+002  0.74532680E+002  0.19080177E+003  0.35752638E+003
  0.00000000E+000  0.00000000E+000  0.00000000E+000  0.00000000E+000  0.89392752E-002  0.14342823E+000  0.35106218E+001  0.29864593E+002  0.74532719E+002  0.19080314E+003  0.35753147E+003
  0.00000000E+000  0.00000000E+000  0.00000000E+000  0.00000000E+000  0.89376773E-002  0.14341725E+000  0.35104989E+001  0.29864408E+002  0.74532698E+002  0.19080438E+003  0.35753636E+003
  0.00000000E+000  0.00000000E+000  0.00000000E+000  0.00000000E+000  0.89360404E-002  0.14340584E+000  0.35103656E+001  0.29864182E+002  0.74532610E+002  0.19080549E+003  0.35754104E+003
  0.00000000E+000  0.00000000E+000  0.00000000E+000  0.00000000E+000  0.89343342E-002  0.14339397E+000  0.35102210E+001  0.29863909E+002  0.74532446E+002  0.19080645E+003  0.35754548E+003
  0.00000000E+000  0.00000000E+000  0.00000000E+000  0.00000000E+000  0.89326242E-002  0.14338182E+000  0.35100663E+001  0.29863591E+002  0.74532204E+002  0.19080726E+003  0.35754969E+003
  0.00000000E+000  0.00000000E+000  0.00000000E+000  0.00000000E+000  0.89308006E-002  0.14336925E+000  0.35098984E+001  0.29863206E+002  0.74531853E+002  0.19080786E+003  0.35755361E+003
  0.00000000E+000  0.00000000E+000  0.00000000E+000  0.00000000E+000  0.89291098E-002  0.14335683E+000  0.35097240E+001  0.29862783E+002  0.74531431E+002  0.19080832E+003  0.35755728E+003
