  0.14322791E+001  0.75014834E+000  0.57999623E+001  0.73282301E+002
  0.14188197E+001  0.70966512E+000  0.57980106E+001  0.73295793E+002
  0.14075839E+001  0.70019536E+000  0.57696349E+001  0.73308195E+002
  0.13975745E+001  0.70788300E+000  0.56186058E+001  0.73429970E+002
  0.13950584E+001  0.68926741E+000  0.56052284E+001  0.73437378E+002
  0.13934409E+001  0.68317265E+000  0.56119317E+001  0.73415171E+002
  0.13851196E+001  0.68775446E+000  0.56127038E+001  0.73398271E+002
  0.13828433E+001  0.68603075E+000  0.56140773E+001  0.73383910E+002
  0.13023544E+001  0.76478825E+000  0.56136150E+001  0.73371583E+002
  0.12775986E+001  0.78901193E+000  0.56122366E+001  0.73361087E+002
  0.12753241E+001  0.79057687E+000  0.56125865E+001  0.73350846E+002
  0.12739453E+001  0.79041258E+000  0.56100944E+001  0.73345826E+002
  0.12708919E+001  0.79110964E+000  0.56096551E+001  0.73340886E+002
  0.12673104E+001  0.79078305E+000  0.56123639E+001  0.73335477E+002
  0.12645973E+001  0.79309386E+000  0.56125695E+001  0.73330031E+002
  0.12609203E+001  0.79659972E+000  0.56100805E+001  0.73327873E+002
  0.12577013E+001  0.79966866E+000  0.55957966E+001  0.73338195E+002
  0.12576448E+001  0.79967060E+000  0.55954498E+001  0.73335089E+002
  0.12573257E+001  0.79899659E+000  0.54977937E+001  0.73430749E+002
  0.12572402E+001  0.79886919E+000  0.54977380E+001  0.73428471E+002
  0.12572240E+001  0.79875309E+000  0.54976190E+001  0.73426557E+002
  0.12571378E+001  0.79884128E+000  0.54771854E+001  0.73445148E+002
  0.12542541E+001  0.81319477E+000  0.53892649E+001  0.73443752E+002
  0.12536857E+001  0.80210976E+000  0.54772182E+001  0.73442417E+002
  0.12535504E+001  0.80216413E+000  0.54773105E+001  0.73441290E+002
  0.12535010E+001  0.80160397E+000  0.54776592E+001  0.73440611E+002
  0.12535009E+001  0.80160975E+000  0.54776598E+001  0.73439815E+002
  0.12535022E+001  0.79988833E+000  0.54793860E+001  0.73439148E+002
  0.12535040E+001  0.79990548E+000  0.54793705E+001  0.73438594E+002
  0.12535061E+001  0.79966989E+000  0.54796049E+001  0.73438136E+002
  0.12535086E+001  0.79968903E+000  0.54795823E+001  0.73437761E+002
  0.12532887E+001  0.79993170E+000  0.54795569E+001  0.73437457E+002
  0.12532918E+001  0.79995246E+000  0.54795291E+001  0.73437213E+002
  0.12532952E+001  0.79997393E+000  0.54794993E+001  0.73437021E+002
  0.12532989E+001  0.79999609E+000  0.54794677E+001  0.73436874E+002
  0.12533028E+001  0.80001888E+000  0.54794347E+001  0.73436768E+002
  0.12533070E+001  0.80004227E+000  0.54794004E+001  0.73436697E+002
  0.12533114E+001  0.80001442E+000  0.54794170E+001  0.73436658E+002
  0.12533161E+001  0.80003896E+000  0.54793809E+001  0.73436649E+002
  0.12533211E+001  0.80006406E+000  0.54793441E+001  0.73436668E+002
  0.12533264E+001  0.80008972E+000  0.54793068E+001  0.73436715E+002
  0.12533319E+001  0.80011592E+000  0.54792691E+001  0.73436789E+002
  0.12533378E+001  0.80014267E+000  0.54792312E+001  0.73436892E+002
  0.12533439E+001  0.80016996E+000  0.54791932E+001  0.73437022E+002
  0.12533504E+001  0.80020093E+000  0.54791521E+001  0.73437183E+002
  0.12533573E+001  0.80022931E+000  0.54791143E+001  0.73437374E+002
  0.12533645E+001  0.80025822E+000  0.54790768E+001  0.73437599E+002
  0.12533721E+001  0.80028767E+000  0.54790398E+001  0.73437858E+002
  0.12533802E+001  0.80031765E+000  0.54790034E+001  0.73438155E+002
  0.12533886E+001  0.80034815E+000  0.54789678E+001  0.73438490E+002
  0.12533975E+001  0.80037911E+000  0.54789331E+001  0.73438865E+002
  0.12534069E+001  0.80041049E+000  0.54788996E+001  0.73439284E+002
  0.12534168E+001  0.80044229E+000  0.54788673E+001  0.73439747E+002
  0.12534273E+001  0.80047450E+000  0.54788366E+001  0.73440257E+002
  0.12534383E+001  0.80050708E+000  0.54788075E+001  0.73440814E+002
  0.12534498E+001  0.80054002E+000  0.54787803E+001  0.73441421E+002
  0.12534620E+001  0.80057330E+000  0.54787551E+001  0.73442079E+002
  0.12534747E+001  0.80060689E+000  0.54787322E+001  0.73442789E+002
  0.12534880E+001  0.80064076E+000  0.54787117E+001  0.73443552E+002
  0.12535019E+001  0.80067490E+000  0.54786937E+001  0.73444369E+002
  0.12534538E+001  0.80077199E+000  0.54786786E+001  0.73445240E+002
  0.12534426E+001  0.80083294E+000  0.54786665E+001  0.73446167E+002
  0.12534578E+001  0.80086837E+000  0.54786575E+001  0.73447150E+002
  0.12534742E+001  0.80090331E+000  0.54786519E+001  0.73448189E+002
  0.12534912E+001  0.80093839E+000  0.54786498E+001  0.73449284E+002
  0.12535089E+001  0.80097359E+000  0.54786514E+001  0.73450437E+002
  0.12535271E+001  0.80100888E+000  0.54786568E+001  0.73451647E+002
  0.12535392E+001  0.80105094E+000  0.54786663E+001  0.73452915E+002
  0.12535587E+001  0.80108633E+000  0.54786799E+001  0.73454242E+002
  0.12535787E+001  0.80112172E+000  0.54786978E+001  0.73455628E+002
  0.12535992E+001  0.80115709E+000  0.54787202E+001  0.73457074E+002
  0.12536202E+001  0.80119241E+000  0.54787471E+001  0.73458581E+002
  0.12536418E+001  0.80122764E+000  0.54787787E+001  0.73460149E+002
  0.12536638E+001  0.80126276E+000  0.54788149E+001  0.73461779E+002
  0.12536862E+001  0.80129774E+000  0.54788560E+001  0.73463473E+002
  0.12537091E+001  0.80133254E+000  0.54789019E+001  0.73465230E+002
  0.12537323E+001  0.80136713E+000  0.54789526E+001  0.73467052E+002
  0.12537558E+001  0.80140148E+000  0.54790081E+001  0.73468939E+002
  0.12537719E+001  0.80144328E+000  0.54790685E+001  0.73470891E+002
  0.12537960E+001  0.80147706E+000  0.54791337E+001  0.73472909E+002
  0.12538203E+001  0.80151051E+000  0.54792035E+001  0.73474993E+002
  0.12538447E+001  0.80154361E+000  0.54792779E+001  0.73477143E+002
  0.12538692E+001  0.80157633E+000  0.54793568E+001  0.73479357E+002
  0.12538938E+001  0.80160866E+000  0.54794401E+001  0.73481636E+002
  0.12539184E+001  0.80164057E+000  0.54795275E+001  0.73483979E+002
  0.12539429E+001  0.80167205E+000  0.54796189E+001  0.73486384E+002
  0.12539674E+001  0.80170308E+000  0.54797142E+001  0.73488849E+002
  0.12539918E+001  0.80170502E+000  0.54798417E+001  0.73491374E+002
  0.12540159E+001  0.80173512E+000  0.54799440E+001  0.73493956E+002
  0.12540398E+001  0.80176474E+000  0.54800495E+001  0.73496593E+002
  0.12540635E+001  0.80179386E+000  0.54801579E+001  0.73499284E+002
  0.12540868E+001  0.80182249E+000  0.54802690E+001  0.73502025E+002
  0.12541098E+001  0.80185061E+000  0.54803826E+001  0.73504814E+002
  0.12541324E+001  0.80187821E+000  0.54804983E+001  0.73507649E+002
  0.12541546E+001  0.80190528E+000  0.54806160E+001  0.73510527E+002
  0.12541763E+001  0.80193181E+000  0.54807353E+001  0.73513445E+002
  0.12541975E+001  0.80195780E+000  0.54808561E+001  0.73516400E+002
  0.12542181E+001  0.80198324E+000  0.54809780E+001  0.73519390E+002
  0.12542383E+001  0.80200811E+000  0.54811008E+001  0.73522411E+002
  0.12542578E+001  0.80203240E+000  0.54812242E+001  0.73525462E+002
  0.12542768E+001  0.80205610E+000  0.54813480E+001  0.73528538E+002
  0.12542951E+001  0.80207920E+000  0.54814720E+001  0.73531638E+002
  0.12543128E+001  0.80210169E+000  0.54815959E+001  0.73534758E+002
  0.12543299E+001  0.80212356E+000  0.54817194E+001  0.73537897E+002
  0.12543464E+001  0.80214478E+000  0.54818425E+001  0.73541051E+002
  0.12543622E+001  0.80216535E+000  0.54819648E+001  0.73544218E+002
  0.12543773E+001  0.80218526E+000  0.54820861E+001  0.73547396E+002
  0.12543918E+001  0.80220449E+000  0.54822063E+001  0.73550582E+002
  0.12544057E+001  0.80222303E+000  0.54823252E+001  0.73553775E+002
  0.12544190E+001  0.80224087E+000  0.54824426E+001  0.73556972E+002
  0.12544316E+001  0.80225799E+000  0.54825583E+001  0.73560170E+002
  0.12544436E+001  0.80227439E+000  0.54826723E+001  0.73563370E+002
  0.12544550E+001  0.80229006E+000  0.54827843E+001  0.73566568E+002
  0.12544659E+001  0.80230500E+000  0.54828943E+001  0.73569762E+002
  0.12544761E+001  0.80231918E+000  0.54830021E+001  0.73572953E+002
  0.12544859E+001  0.80233263E+000  0.54831077E+001  0.73576137E+002
  0.12544950E+001  0.80234532E+000  0.54832108E+001  0.73579313E+002
  0.12545037E+001  0.80238591E+000  0.54832829E+001  0.73582482E+002
  0.12545119E+001  0.80239711E+000  0.54833811E+001  0.73585640E+002
  0.12545196E+001  0.80240757E+000  0.54834767E+001  0.73588789E+002
  0.12545268E+001  0.80241730E+000  0.54835697E+001  0.73591925E+002
  0.12545336E+001  0.80242631E+000  0.54836599E+001  0.73595050E+002
  0.12545400E+001  0.80243462E+000  0.54837474E+001  0.73598162E+002
  0.12545460E+001  0.80244224E+000  0.54838321E+001  0.73601261E+002
  0.12545516E+001  0.80244918E+000  0.54839139E+001  0.73604346E+002
  0.12545569E+001  0.80245548E+000  0.54839929E+001  0.73607417E+002
  0.12545618E+001  0.80246115E+000  0.54840691E+001  0.73610474E+002
  0.12545664E+001  0.80246621E+000  0.54841424E+001  0.73613517E+002
  0.12545706E+001  0.80247071E+000  0.54842128E+001  0.73616547E+002
  0.12545746E+001  0.80247465E+000  0.54842802E+001  0.73619561E+002
  0.12545782E+001  0.80247808E+000  0.54843449E+001  0.73622563E+002
  0.12545816E+001  0.80248103E+000  0.54844066E+001  0.73625550E+002
  0.12545848E+001  0.80248352E+000  0.54844655E+001  0.73628523E+002
  0.12545876E+001  0.80248559E+000  0.54845215E+001  0.73631484E+002
  0.12545903E+001  0.80248728E+000  0.54845747E+001  0.73634431E+002
  0.12545927E+001  0.80248862E+000  0.54846251E+001  0.73637366E+002
  0.12545948E+001  0.80248963E+000  0.54846728E+001  0.73640288E+002
  0.12545968E+001  0.80249036E+000  0.54847178E+001  0.73643198E+002
  0.12545985E+001  0.80249084E+000  0.54847601E+001  0.73646096E+002
  0.12546001E+001  0.80249109E+000  0.54847998E+001  0.73648983E+002
  0.12546014E+001  0.80249115E+000  0.54848369E+001  0.73651858E+002
  0.12546025E+001  0.80249104E+000  0.54848716E+001  0.73654722E+002
  0.12546034E+001  0.80249081E+000  0.54849038E+001  0.73657574E+002
  0.12546042E+001  0.80249046E+000  0.54849337E+001  0.73660416E+002
  0.12546047E+001  0.80249002E+000  0.54849612E+001  0.73663247E+002
  0.12546051E+001  0.80248952E+000  0.54849866E+001  0.73666068E+002
  0.12546053E+001  0.80248898E+000  0.54850099E+001  0.73668877E+002
  0.12546053E+001  0.80248841E+000  0.54850311E+001  0.73671675E+002
  0.12546052E+001  0.80248782E+000  0.54850504E+001  0.73674462E+002
  0.12546049E+001  0.80248725E+000  0.54850679E+001  0.73677237E+002
  0.12546045E+001  0.80248668E+000  0.54850836E+001  0.73680000E+002
  0.12546039E+001  0.80248614E+000  0.54850976E+001  0.73682751E+002
  0.12546032E+001  0.80248563E+000  0.54851100E+001  0.73685489E+002
  0.12546023E+001  0.80248516E+000  0.54851210E+001  0.73688213E+002
  0.12546013E+001  0.80248472E+000  0.54851306E+001  0.73690924E+002
  0.12546002E+001  0.80248433E+000  0.54851389E+001  0.73693619E+002
  0.12545990E+001  0.80248397E+000  0.54851460E+001  0.73696300E+002
  0.12545977E+001  0.80248365E+000  0.54851519E+001  0.73698964E+002
  0.12545963E+001  0.80248335E+000  0.54851568E+001  0.73701611E+002
  0.12545947E+001  0.80248309E+000  0.54851608E+001  0.73704239E+002
  0.12545931E+001  0.80248283E+000  0.54851638E+001  0.73706849E+002
  0.12545914E+001  0.80248259E+000  0.54851660E+001  0.73709439E+002
  0.12545895E+001  0.80248235E+000  0.54851675E+001  0.73712007E+002
  0.12545876E+001  0.80248209E+000  0.54851682E+001  0.73714553E+002
  0.12545856E+001  0.80248180E+000  0.54851682E+001  0.73717076E+002
  0.12545835E+001  0.80248148E+000  0.54851677E+001  0.73719575E+002
  0.12545813E+001  0.80248110E+000  0.54851664E+001  0.73722048E+002
  0.12545791E+001  0.80248065E+000  0.54851646E+001  0.73724494E+002
  0.12545767E+001  0.80248011E+000  0.54851623E+001  0.73726911E+002
  0.12545742E+001  0.80247947E+000  0.54851593E+001  0.73729300E+002
  0.12545715E+001  0.80247871E+000  0.54851557E+001  0.73731658E+002
  0.12545688E+001  0.80247781E+000  0.54851515E+001  0.73733984E+002
  0.12545659E+001  0.80247675E+000  0.54851466E+001  0.73736277E+002
  0.12545628E+001  0.80247550E+000  0.54851411E+001  0.73738536E+002
  0.12545596E+001  0.80247406E+000  0.54851348E+001  0.73740759E+002
  0.12545562E+001  0.80247240E+000  0.54851276E+001  0.73742945E+002
  0.12545525E+001  0.80247048E+000  0.54851195E+001  0.73745094E+002
  0.12545486E+001  0.80246831E+000  0.54851105E+001  0.73747202E+002
  0.12545444E+001  0.80246583E+000  0.54851003E+001  0.73749270E+002
  0.12545399E+001  0.80246305E+000  0.54850889E+001  0.73751296E+002
  0.12545351E+001  0.80245992E+000  0.54850761E+001  0.73753278E+002
  0.12545299E+001  0.80245642E+000  0.54850618E+001  0.73755215E+002
  0.12545243E+001  0.80245252E+000  0.54850459E+001  0.73757105E+002
  0.12545182E+001  0.80244820E+000  0.54850281E+001  0.73758948E+002
  0.12545117E+001  0.80244343E+000  0.54850082E+001  0.73760741E+002
  0.12545045E+001  0.80243817E+000  0.54849861E+001  0.73762482E+002
  0.12544968E+001  0.80243239E+000  0.54849616E+001  0.73764171E+002
  0.12544884E+001  0.80242605E+000  0.54849344E+001  0.73765803E+002
  0.12544793E+001  0.80241912E+000  0.54849043E+001  0.73767377E+002
  0.12544695E+001  0.80241156E+000  0.54848710E+001  0.73768889E+002
  0.12544588E+001  0.80240333E+000  0.54848344E+001  0.73770335E+002
  0.12544472E+001  0.80239445E+000  0.54847941E+001  0.73771712E+002
  0.12544348E+001  0.80238488E+000  0.54847501E+001  0.73773018E+002
  0.12544213E+001  0.80237470E+000  0.54847023E+001  0.73774260E+002
  0.12544069E+001  0.80236385E+000  0.54846505E+001  0.73775449E+002
  0.12543913E+001  0.80235231E+000  0.54845944E+001  0.73776602E+002
  0.12543742E+001  0.80233936E+000  0.54845326E+001  0.73777702E+002
  0.12543555E+001  0.80232485E+000  0.54844654E+001  0.73778658E+002
  0.12543345E+001  0.80230737E+000  0.54843956E+001  0.73779306E+002
  0.12543153E+001  0.80226666E+000  0.54843540E+001  0.73780412E+002
