  0.21499440E-001  0.20331901E+000  0.17618617E+001  0.79278011E+002
  0.21512481E-001  0.20297994E+000  0.17622288E+001  0.79235568E+002
  0.21523469E-001  0.20269471E+000  0.17625352E+001  0.79198856E+002
  0.21532544E-001  0.20245599E+000  0.17627898E+001  0.79167255E+002
  0.21539861E-001  0.20225715E+000  0.17629576E+001  0.79140179E+002
  0.21545640E-001  0.20209234E+000  0.17629921E+001  0.79117086E+002
  0.21550101E-001  0.20195648E+000  0.17630144E+001  0.79097329E+002
  0.21553454E-001  0.20184522E+000  0.17630268E+001  0.79080436E+002
  0.21555882E-001  0.20175486E+000  0.17630312E+001  0.79066000E+002
  0.21557546E-001  0.20168227E+000  0.17630291E+001  0.79053666E+002
  0.21558582E-001  0.20162478E+000  0.17630218E+001  0.79043129E+002
  0.21559104E-001  0.20158013E+000  0.17630102E+001  0.79034129E+002
  0.21559207E-001  0.20154639E+000  0.17629950E+001  0.79026442E+002
  0.21558972E-001  0.20152190E+000  0.17629769E+001  0.79019877E+002
  0.21558464E-001  0.20150527E+000  0.17629566E+001  0.79014272E+002
  0.21557737E-001  0.20149528E+000  0.17629347E+001  0.79009487E+002
  0.21556836E-001  0.20149091E+000  0.17629119E+001  0.79005403E+002
  0.21555798E-001  0.20149128E+000  0.17628884E+001  0.79001920E+002
  0.21554656E-001  0.20149564E+000  0.17628644E+001  0.78998951E+002
  0.21553433E-001  0.20150334E+000  0.17628400E+001  0.78996423E+002
  0.21552152E-001  0.20151386E+000  0.17628155E+001  0.78994272E+002
  0.21550831E-001  0.20152673E+000  0.17627908E+001  0.78992445E+002
  0.21549484E-001  0.20154156E+000  0.17627662E+001  0.78990896E+002
  0.21548124E-001  0.20155804E+000  0.17627417E+001  0.78989584E+002
  0.21546761E-001  0.20157589E+000  0.17627173E+001  0.78988476E+002
  0.21545404E-001  0.20159489E+000  0.17626931E+001  0.78987542E+002
  0.21544060E-001  0.20161486E+000  0.17626692E+001  0.78986758E+002
  0.21542735E-001  0.20163565E+000  0.17626454E+001  0.78986101E+002
  0.21541434E-001  0.20165712E+000  0.17626219E+001  0.78985554E+002
  0.21540159E-001  0.20167920E+000  0.17625987E+001  0.78985100E+002
  0.21538915E-001  0.20170179E+000  0.17625756E+001  0.78984725E+002
  0.21537703E-001  0.20172483E+000  0.17625528E+001  0.78984419E+002
  0.21536524E-001  0.20174828E+000  0.17625300E+001  0.78984172E+002
  0.21535380E-001  0.20177210E+000  0.17625074E+001  0.78983975E+002
  0.21534270E-001  0.20179627E+000  0.17624848E+001  0.78983822E+002
  0.21533194E-001  0.20182076E+000  0.17624623E+001  0.78983708E+002
  0.21532152E-001  0.20184555E+000  0.17624398E+001  0.78983629E+002
  0.21531142E-001  0.20187063E+000  0.17624172E+001  0.78983582E+002
  0.21530163E-001  0.20189599E+000  0.17623946E+001  0.78983565E+002
  0.21529213E-001  0.20192162E+000  0.17623719E+001  0.78983575E+002
  0.21528292E-001  0.20194751E+000  0.17623492E+001  0.78983614E+002
  0.21527397E-001  0.20197363E+000  0.17623264E+001  0.78983680E+002
  0.21526526E-001  0.20199998E+000  0.17623036E+001  0.78983774E+002
  0.21525680E-001  0.20202654E+000  0.17622807E+001  0.78983897E+002
  0.21524855E-001  0.20205329E+000  0.17622579E+001  0.78984051E+002
  0.21524052E-001  0.20208020E+000  0.17622351E+001  0.78984237E+002
  0.21523269E-001  0.20210725E+000  0.17622125E+001  0.78984456E+002
  0.21522506E-001  0.20213441E+000  0.17621900E+001  0.78984712E+002
  0.21521764E-001  0.20216164E+000  0.17621679E+001  0.78985005E+002
  0.21521043E-001  0.20218891E+000  0.17621460E+001  0.78985339E+002
  0.21520344E-001  0.20221619E+000  0.17621246E+001  0.78985715E+002
  0.21519667E-001  0.20224344E+000  0.17621036E+001  0.78986135E+002
  0.21519015E-001  0.20227061E+000  0.17620832E+001  0.78986601E+002
  0.21518389E-001  0.20229767E+000  0.17620634E+001  0.78987116E+002
  0.21517793E-001  0.20232459E+000  0.17620443E+001  0.78987681E+002
  0.21517227E-001  0.20235133E+000  0.17620260E+001  0.78988297E+002
  0.21516696E-001  0.20237785E+000  0.17620085E+001  0.78988967E+002
  0.21516201E-001  0.20240413E+000  0.17619918E+001  0.78989691E+002
  0.21515746E-001  0.20243014E+000  0.17619762E+001  0.78990471E+002
  0.21515333E-001  0.20245586E+000  0.17619615E+001  0.78991307E+002
  0.21514965E-001  0.20248129E+000  0.17619479E+001  0.78992201E+002
  0.21514645E-001  0.20250640E+000  0.17619354E+001  0.78993153E+002
  0.21514375E-001  0.20253121E+000  0.17619241E+001  0.78994164E+002
  0.21514157E-001  0.20255571E+000  0.17619139E+001  0.78995235E+002
  0.21513993E-001  0.20257992E+000  0.17619050E+001  0.78996365E+002
  0.21513885E-001  0.20260386E+000  0.17618974E+001  0.78997556E+002
  0.21513832E-001  0.20262754E+000  0.17618911E+001  0.78998808E+002
  0.21513837E-001  0.20265101E+000  0.17618861E+001  0.79000122E+002
  0.21513899E-001  0.20267428E+000  0.17618826E+001  0.79001497E+002
  0.21514017E-001  0.20269739E+000  0.17618804E+001  0.79002935E+002
  0.21514192E-001  0.20272039E+000  0.17618790E+001  0.79004438E+002
  0.21514422E-001  0.20274330E+000  0.17618597E+001  0.79006024E+002
  0.21514706E-001  0.20276617E+000  0.17618420E+001  0.79007675E+002
  0.21515041E-001  0.20278903E+000  0.17618261E+001  0.79009391E+002
  0.21515427E-001  0.20281191E+000  0.17618118E+001  0.79011174E+002
  0.21515860E-001  0.20283484E+000  0.17617994E+001  0.79013024E+002
  0.21516338E-001  0.20285785E+000  0.17617888E+001  0.79014942E+002
  0.21516859E-001  0.20288095E+000  0.17617801E+001  0.79016927E+002
  0.21517418E-001  0.20290416E+000  0.17617733E+001  0.79018981E+002
  0.21518013E-001  0.20292750E+000  0.17617684E+001  0.79021103E+002
  0.21518641E-001  0.20295095E+000  0.17617656E+001  0.79023293E+002
  0.21519297E-001  0.20297453E+000  0.17617648E+001  0.79025551E+002
  0.21519979E-001  0.20299822E+000  0.17617660E+001  0.79027876E+002
  0.21520682E-001  0.20302202E+000  0.17617693E+001  0.79030268E+002
  0.21521402E-001  0.20304590E+000  0.17617746E+001  0.79032724E+002
  0.21522136E-001  0.20306984E+000  0.17617820E+001  0.79035244E+002
  0.21522879E-001  0.20309383E+000  0.17617913E+001  0.79037827E+002
  0.21523627E-001  0.20311783E+000  0.17618026E+001  0.79040469E+002
  0.21524377E-001  0.20314181E+000  0.17618157E+001  0.79043170E+002
  0.21525124E-001  0.20316574E+000  0.17618308E+001  0.79045926E+002
  0.21525864E-001  0.20318959E+000  0.17618477E+001  0.79048737E+002
  0.21526593E-001  0.20321331E+000  0.17618663E+001  0.79051598E+002
  0.21527308E-001  0.20323687E+000  0.17618866E+001  0.79054507E+002
  0.21528005E-001  0.20326024E+000  0.17619085E+001  0.79057462E+002
  0.21528680E-001  0.20328337E+000  0.17619320E+001  0.79060459E+002
  0.21529330E-001  0.20330622E+000  0.17619569E+001  0.79063496E+002
  0.21529952E-001  0.20332875E+000  0.17619831E+001  0.79066570E+002
  0.21530543E-001  0.20335092E+000  0.17620107E+001  0.79069678E+002
  0.21531100E-001  0.20337270E+000  0.17620395E+001  0.79072816E+002
  0.21531622E-001  0.20339405E+000  0.17620694E+001  0.79075982E+002
  0.21532105E-001  0.20341492E+000  0.17621003E+001  0.79079172E+002
  0.21532549E-001  0.20343529E+000  0.17621322E+001  0.79082385E+002
  0.21532952E-001  0.20345512E+000  0.17621649E+001  0.79085617E+002
  0.21533312E-001  0.20347438E+000  0.17621983E+001  0.79088865E+002
  0.21533629E-001  0.20349303E+000  0.17622324E+001  0.79092126E+002
  0.21533903E-001  0.20351105E+000  0.17622670E+001  0.79095399E+002
  0.21534133E-001  0.20352841E+000  0.17623020E+001  0.79098681E+002
  0.21534319E-001  0.20354510E+000  0.17623374E+001  0.79101969E+002
  0.21534463E-001  0.20356108E+000  0.17623730E+001  0.79105261E+002
  0.21534564E-001  0.20357634E+000  0.17624086E+001  0.79108555E+002
  0.21534625E-001  0.20359087E+000  0.17624443E+001  0.79111849E+002
  0.21534646E-001  0.20360466E+000  0.17624798E+001  0.79115142E+002
  0.21534628E-001  0.20361769E+000  0.17625151E+001  0.79118430E+002
  0.21534575E-001  0.20362997E+000  0.17625501E+001  0.79121714E+002
  0.21534487E-001  0.20364148E+000  0.17625845E+001  0.79124990E+002
  0.21534368E-001  0.20365224E+000  0.17626184E+001  0.79128258E+002
  0.21534219E-001  0.20366225E+000  0.17626515E+001  0.79131517E+002
  0.21534043E-001  0.20367153E+000  0.17626839E+001  0.79134765E+002
  0.21533843E-001  0.20368007E+000  0.17627153E+001  0.79138002E+002
  0.21533621E-001  0.20368791E+000  0.17627457E+001  0.79141226E+002
  0.21533379E-001  0.20369506E+000  0.17627750E+001  0.79144436E+002
  0.21533122E-001  0.20370154E+000  0.17628031E+001  0.79147633E+002
  0.21532851E-001  0.20370739E+000  0.17628299E+001  0.79150814E+002
  0.21532569E-001  0.20371262E+000  0.17628554E+001  0.79153981E+002
  0.21532278E-001  0.20371727E+000  0.17628794E+001  0.79157132E+002
  0.21531982E-001  0.20372137E+000  0.17629019E+001  0.79160268E+002
  0.21531683E-001  0.20372496E+000  0.17629230E+001  0.79163387E+002
  0.21531383E-001  0.20372808E+000  0.17629424E+001  0.79166491E+002
  0.21531084E-001  0.20373075E+000  0.17629603E+001  0.79169579E+002
  0.21530789E-001  0.20373302E+000  0.17629766E+001  0.79172651E+002
  0.21530499E-001  0.20373493E+000  0.17629913E+001  0.79175708E+002
  0.21530217E-001  0.20373650E+000  0.17630044E+001  0.79178749E+002
  0.21529944E-001  0.20373779E+000  0.17630159E+001  0.79181774E+002
  0.21529681E-001  0.20373883E+000  0.17630259E+001  0.79184785E+002
  0.21529430E-001  0.20373965E+000  0.17630343E+001  0.79187781E+002
  0.21529192E-001  0.20374029E+000  0.17630413E+001  0.79190762E+002
  0.21528968E-001  0.20374079E+000  0.17630470E+001  0.79193729E+002
  0.21528758E-001  0.20374117E+000  0.17630512E+001  0.79196682E+002
  0.21528563E-001  0.20374147E+000  0.17630543E+001  0.79199622E+002
  0.21528383E-001  0.20374171E+000  0.17630561E+001  0.79202548E+002
  0.21528219E-001  0.20374192E+000  0.17630568E+001  0.79205461E+002
  0.21528071E-001  0.20374213E+000  0.17630565E+001  0.79208361E+002
  0.21527938E-001  0.20374236E+000  0.17630553E+001  0.79211248E+002
  0.21527820E-001  0.20374263E+000  0.17630532E+001  0.79214122E+002
  0.21527717E-001  0.20374295E+000  0.17630504E+001  0.79216983E+002
  0.21527628E-001  0.20374334E+000  0.17630470E+001  0.79219832E+002
  0.21527551E-001  0.20374381E+000  0.17630430E+001  0.79222667E+002
  0.21527488E-001  0.20374438E+000  0.17630385E+001  0.79225490E+002
  0.21527435E-001  0.20374504E+000  0.17630336E+001  0.79228300E+002
  0.21527393E-001  0.20374581E+000  0.17630284E+001  0.79231096E+002
  0.21527360E-001  0.20374668E+000  0.17630230E+001  0.79233878E+002
  0.21527334E-001  0.20374766E+000  0.17630174E+001  0.79236647E+002
  0.21527315E-001  0.20374875E+000  0.17630117E+001  0.79239400E+002
  0.21527301E-001  0.20374993E+000  0.17630060E+001  0.79242139E+002
  0.21527291E-001  0.20375122E+000  0.17630004E+001  0.79244862E+002
  0.21527283E-001  0.20375258E+000  0.17629948E+001  0.79247569E+002
  0.21527275E-001  0.20375403E+000  0.17629893E+001  0.79250259E+002
  0.21527266E-001  0.20375554E+000  0.17629840E+001  0.79252931E+002
  0.21527255E-001  0.20375711E+000  0.17629788E+001  0.79255584E+002
  0.21527239E-001  0.20375872E+000  0.17629739E+001  0.79258219E+002
  0.21527217E-001  0.20376035E+000  0.17629692E+001  0.79260833E+002
  0.21527188E-001  0.20376198E+000  0.17629647E+001  0.79263425E+002
  0.21527150E-001  0.20376361E+000  0.17629604E+001  0.79265996E+002
  0.21527101E-001  0.20376520E+000  0.17629563E+001  0.79268543E+002
  0.21527039E-001  0.20376675E+000  0.17629525E+001  0.79271067E+002
  0.21526964E-001  0.20376822E+000  0.17629488E+001  0.79273564E+002
  0.21526873E-001  0.20376961E+000  0.17629452E+001  0.79276036E+002
  0.21526764E-001  0.20377088E+000  0.17629418E+001  0.79278479E+002
  0.21526637E-001  0.20377202E+000  0.17629384E+001  0.79280894E+002
  0.21526490E-001  0.20377300E+000  0.17629351E+001  0.79283279E+002
  0.21526321E-001  0.20377379E+000  0.17629318E+001  0.79285633E+002
  0.21526129E-001  0.20377438E+000  0.17629284E+001  0.79287954E+002
  0.21525913E-001  0.20377474E+000  0.17629248E+001  0.79290242E+002
  0.21525671E-001  0.20377485E+000  0.17629211E+001  0.79292494E+002
  0.21525402E-001  0.20377467E+000  0.17629171E+001  0.79294711E+002
  0.21525105E-001  0.20377419E+000  0.17629128E+001  0.79296890E+002
  0.21524778E-001  0.20377338E+000  0.17629081E+001  0.79299031E+002
  0.21524421E-001  0.20377222E+000  0.17629029E+001  0.79301131E+002
  0.21524033E-001  0.20377068E+000  0.17628972E+001  0.79303189E+002
  0.21523613E-001  0.20376873E+000  0.17628908E+001  0.79305205E+002
  0.21523160E-001  0.20376636E+000  0.17628838E+001  0.79307176E+002
  0.21522674E-001  0.20376353E+000  0.17628759E+001  0.79309101E+002
  0.21522155E-001  0.20376022E+000  0.17628671E+001  0.79310979E+002
  0.21521601E-001  0.20375641E+000  0.17628574E+001  0.79312807E+002
  0.21521014E-001  0.20375207E+000  0.17628466E+001  0.79314585E+002
  0.21520394E-001  0.20374717E+000  0.17628347E+001  0.79316310E+002
  0.21519741E-001  0.20374170E+000  0.17628217E+001  0.79317979E+002
  0.21519056E-001  0.20373562E+000  0.17628074E+001  0.79319591E+002
  0.21518341E-001  0.20372891E+000  0.17627919E+001  0.79321142E+002
  0.21517595E-001  0.20372155E+000  0.17627750E+001  0.79322628E+002
  0.21516817E-001  0.20371355E+000  0.17627567E+001  0.79324045E+002
  0.21516005E-001  0.20370493E+000  0.17627370E+001  0.79325390E+002
  0.21515155E-001  0.20369571E+000  0.17627157E+001  0.79326662E+002
  0.21514269E-001  0.20368594E+000  0.17626928E+001  0.79327866E+002
  0.21513353E-001  0.20367550E+000  0.17626686E+001  0.79329013E+002
  0.21512461E-001  0.20366409E+000  0.17626440E+001  0.79330120E+002
  0.21511627E-001  0.20365082E+000  0.17626204E+001  0.79331166E+002
  0.21510928E-001  0.20363545E+000  0.17625984E+001  0.79332060E+002
  0.21510138E-001  0.20361752E+000  0.17625773E+001  0.79332639E+002
  0.21509512E-001  0.20360423E+000  0.17625511E+001  0.79333684E+002
