  0.16194813E+001
  0.16178318E+001
  0.16164671E+001
  0.16153366E+001
  0.16144016E+001
  0.16136306E+001
  0.16129975E+001
  0.16124806E+001
  0.16120618E+001
  0.16117258E+001
  0.16114599E+001
  0.16112535E+001
  0.16110974E+001
  0.16109841E+001
  0.16109072E+001
  0.16108614E+001
  0.16108420E+001
  0.16108454E+001
  0.16108683E+001
  0.16109080E+001
  0.16109622E+001
  0.16110290E+001
  0.16111067E+001
  0.16111940E+001
  0.16112897E+001
  0.16113928E+001
  0.16115025E+001
  0.16116181E+001
  0.16117390E+001
  0.16118646E+001
  0.16119946E+001
  0.16121285E+001
  0.16122661E+001
  0.16124071E+001
  0.16125512E+001
  0.16126983E+001
  0.16128482E+001
  0.16130007E+001
  0.16131557E+001
  0.16133131E+001
  0.16134727E+001
  0.16136344E+001
  0.16137981E+001
  0.16139637E+001
  0.16141310E+001
  0.16142999E+001
  0.16144702E+001
  0.16146418E+001
  0.16148144E+001
  0.16149878E+001
  0.16151618E+001
  0.16153362E+001
  0.16155107E+001
  0.16156850E+001
  0.16158587E+001
  0.16160317E+001
  0.16162035E+001
  0.16163737E+001
  0.16165422E+001
  0.16167085E+001
  0.16168723E+001
  0.16170332E+001
  0.16171909E+001
  0.16173452E+001
  0.16174957E+001
  0.16176421E+001
  0.16177841E+001
  0.16179217E+001
  0.16180544E+001
  0.16181823E+001
  0.16183050E+001
  0.16184226E+001
  0.16185348E+001
  0.16186417E+001
  0.16187431E+001
  0.16188391E+001
  0.16189296E+001
  0.16190147E+001
  0.16190944E+001
  0.16191688E+001
  0.16192380E+001
  0.16193020E+001
  0.16193610E+001
  0.16194151E+001
  0.16194644E+001
  0.16195091E+001
  0.16195493E+001
  0.16195852E+001
  0.16196171E+001
  0.16196450E+001
  0.16196691E+001
  0.16196897E+001
  0.16197068E+001
  0.16197208E+001
  0.16197318E+001
  0.16197399E+001
  0.16197454E+001
  0.16197483E+001
  0.16197490E+001
  0.16197475E+001
  0.16197440E+001
  0.16197386E+001
  0.16197316E+001
  0.16197230E+001
  0.16197130E+001
  0.16197018E+001
  0.16196895E+001
  0.16196761E+001
  0.16196619E+001
  0.16196469E+001
  0.16196313E+001
  0.16196151E+001
  0.16195985E+001
  0.16195815E+001
  0.16195643E+001
  0.16195468E+001
  0.16195294E+001
  0.16195118E+001
  0.16194944E+001
  0.16194771E+001
  0.16194600E+001
  0.16194431E+001
  0.16194266E+001
  0.16194104E+001
  0.16193946E+001
  0.16193793E+001
  0.16193646E+001
  0.16193503E+001
  0.16193366E+001
  0.16193235E+001
  0.16193111E+001
  0.16192992E+001
  0.16192880E+001
  0.16192775E+001
  0.16192677E+001
  0.16192585E+001
  0.16192500E+001
  0.16192422E+001
  0.16192350E+001
  0.16192284E+001
  0.16192225E+001
  0.16192172E+001
  0.16192125E+001
  0.16192084E+001
  0.16192048E+001
  0.16192017E+001
  0.16191991E+001
  0.16191970E+001
  0.16191954E+001
  0.16191941E+001
  0.16191932E+001
  0.16191927E+001
  0.16191925E+001
  0.16191926E+001
  0.16191930E+001
  0.16191935E+001
  0.16191943E+001
  0.16191953E+001
  0.16191964E+001
  0.16191977E+001
  0.16191990E+001
  0.16192004E+001
  0.16192019E+001
  0.16192035E+001
  0.16192050E+001
  0.16192066E+001
  0.16192081E+001
  0.16192096E+001
  0.16192111E+001
  0.16192126E+001
  0.16192140E+001
  0.16192153E+001
  0.16192166E+001
  0.16192178E+001
  0.16192190E+001
  0.16192201E+001
  0.16192211E+001
  0.16192221E+001
  0.16192230E+001
  0.16192239E+001
  0.16192248E+001
  0.16192256E+001
  0.16192264E+001
  0.16192272E+001
  0.16192280E+001
  0.16192287E+001
  0.16192294E+001
  0.16192300E+001
  0.16192306E+001
  0.16192310E+001
  0.16192315E+001
  0.16192320E+001
  0.16192327E+001
  0.16192336E+001
  0.16192343E+001
  0.16192332E+001
  0.16192271E+001
  0.16192139E+001
  0.16191965E+001
  0.16191935E+001
