  0.10745252E+001  0.60531973E+000  0.79097664E+000  0.40071040E+001
  0.10674721E+001  0.59489448E+000  0.80078632E+000  0.40081747E+001
  0.10559629E+001  0.59362354E+000  0.81465057E+000  0.40016317E+001
  0.10435971E+001  0.60061876E+000  0.82307648E+000  0.39940546E+001
  0.10354563E+001  0.59843944E+000  0.82833544E+000  0.39953758E+001
  0.10338976E+001  0.58937383E+000  0.83718798E+000  0.39940636E+001
  0.10246528E+001  0.59368646E+000  0.84081734E+000  0.39928339E+001
  0.10211633E+001  0.59280918E+000  0.84174336E+000  0.39942070E+001
  0.10202960E+001  0.59045500E+000  0.84309757E+000  0.39943990E+001
  0.10186078E+001  0.59041224E+000  0.84361869E+000  0.39942649E+001
  0.10082857E+001  0.59460513E+000  0.84864157E+000  0.39943078E+001
  0.10063199E+001  0.59209120E+000  0.85287352E+000  0.39937297E+001
  0.10040570E+001  0.59346502E+000  0.85083806E+000  0.39960299E+001
  0.99728529E+000  0.59849083E+000  0.85123046E+000  0.39969303E+001
  0.99201320E+000  0.60360244E+000  0.85117972E+000  0.39968339E+001
  0.99183338E+000  0.60322658E+000  0.84852987E+000  0.39998561E+001
  0.98814235E+000  0.60669746E+000  0.85257065E+000  0.39959582E+001
  0.98770152E+000  0.60705960E+000  0.85258388E+000  0.39960373E+001
  0.98372597E+000  0.61106282E+000  0.86244605E+000  0.39862390E+001
  0.98368126E+000  0.60794160E+000  0.86566824E+000  0.39863415E+001
  0.98317861E+000  0.60818483E+000  0.86602534E+000  0.39864606E+001
  0.98318832E+000  0.60827091E+000  0.86756577E+000  0.39850915E+001
  0.97816448E+000  0.62330197E+000  0.85383111E+000  0.39852867E+001
  0.97738944E+000  0.61380890E+000  0.86808494E+000  0.39854933E+001
  0.97744813E+000  0.61386857E+000  0.86812768E+000  0.39857150E+001
  0.97754927E+000  0.61353877E+000  0.86845737E+000  0.39860264E+001
  0.97765620E+000  0.61313138E+000  0.86894507E+000  0.39862780E+001
  0.97777010E+000  0.61285331E+000  0.86930901E+000  0.39865406E+001
  0.97788895E+000  0.61290180E+000  0.86935145E+000  0.39868143E+001
  0.97801218E+000  0.61267345E+000  0.86967521E+000  0.39870982E+001
  0.97813930E+000  0.61272489E+000  0.86972323E+000  0.39873915E+001
  0.97215457E+000  0.61889293E+000  0.86977360E+000  0.39876936E+001
  0.97228770E+000  0.61894739E+000  0.86982612E+000  0.39880038E+001
  0.97242362E+000  0.61900290E+000  0.86988065E+000  0.39883218E+001
  0.97256204E+000  0.61905939E+000  0.86993708E+000  0.39886469E+001
  0.97270271E+000  0.61911678E+000  0.86999533E+000  0.39889790E+001
  0.97284539E+000  0.61917501E+000  0.87005535E+000  0.39893176E+001
  0.97298986E+000  0.61916290E+000  0.87018825E+000  0.39896623E+001
  0.97313594E+000  0.61922263E+000  0.87025179E+000  0.39900130E+001
  0.97328342E+000  0.61928305E+000  0.87031709E+000  0.39903692E+001
  0.97343212E+000  0.61934412E+000  0.87038417E+000  0.39907308E+001
  0.97358187E+000  0.61940577E+000  0.87045308E+000  0.39910973E+001
  0.97373248E+000  0.61946797E+000  0.87052384E+000  0.39914686E+001
  0.97388376E+000  0.61953066E+000  0.87059649E+000  0.39918443E+001
  0.97403552E+000  0.61910237E+000  0.87116246E+000  0.39922241E+001
  0.97418756E+000  0.61916579E+000  0.87123905E+000  0.39926077E+001
  0.97433968E+000  0.61922949E+000  0.87131759E+000  0.39929946E+001
  0.97449165E+000  0.61929340E+000  0.87139810E+000  0.39933844E+001
  0.97464326E+000  0.61935742E+000  0.87148056E+000  0.39937767E+001
  0.97479427E+000  0.61942145E+000  0.87156495E+000  0.39941711E+001
  0.97494442E+000  0.61948538E+000  0.87165120E+000  0.39945669E+001
  0.97509348E+000  0.61954911E+000  0.87173926E+000  0.39949636E+001
  0.97524116E+000  0.61961249E+000  0.87182904E+000  0.39953606E+001
  0.97538722E+000  0.61967542E+000  0.87192042E+000  0.39957573E+001
  0.97553137E+000  0.61973775E+000  0.87201326E+000  0.39961530E+001
  0.97567335E+000  0.61979937E+000  0.87210742E+000  0.39965470E+001
  0.97581290E+000  0.61986014E+000  0.87220272E+000  0.39969385E+001
  0.97594974E+000  0.61991993E+000  0.87229896E+000  0.39973269E+001
  0.97155387E+000  0.62450837E+000  0.87239593E+000  0.39977112E+001
  0.97168491E+000  0.62456548E+000  0.87249341E+000  0.39980907E+001
  0.97181579E+000  0.62461799E+000  0.87259117E+000  0.39984646E+001
  0.97193480E+000  0.62467731E+000  0.87268895E+000  0.39988322E+001
  0.97190077E+000  0.62488430E+000  0.87278651E+000  0.39991927E+001
  0.97201695E+000  0.62493548E+000  0.87288361E+000  0.39995452E+001
  0.97212900E+000  0.62498496E+000  0.87297999E+000  0.39998892E+001
  0.97223680E+000  0.62503269E+000  0.87307541E+000  0.40002238E+001
  0.97234026E+000  0.62507862E+000  0.87316965E+000  0.40005485E+001
  0.97243460E+000  0.62512743E+000  0.87326249E+000  0.40008626E+001
  0.97252922E+000  0.62516964E+000  0.87335373E+000  0.40011656E+001
  0.97261940E+000  0.62520996E+000  0.87344319E+000  0.40014570E+001
  0.97270513E+000  0.62524839E+000  0.87353070E+000  0.40017364E+001
  0.97278647E+000  0.62528492E+000  0.87361614E+000  0.40020033E+001
  0.97286345E+000  0.62531956E+000  0.87369937E+000  0.40022574E+001
  0.97293615E+000  0.62535233E+000  0.87378031E+000  0.40024984E+001
  0.97300465E+000  0.62538326E+000  0.87385888E+000  0.40027261E+001
  0.97306903E+000  0.62541237E+000  0.87393504E+000  0.40029404E+001
  0.97312941E+000  0.62543970E+000  0.87400874E+000  0.40031411E+001
  0.97318587E+000  0.62546528E+000  0.87407999E+000  0.40033283E+001
  0.97323856E+000  0.62548914E+000  0.87414878E+000  0.40035018E+001
  0.97328753E+000  0.62551137E+000  0.87421513E+000  0.40036619E+001
  0.97333292E+000  0.62553199E+000  0.87427909E+000  0.40038085E+001
  0.97337484E+000  0.62555105E+000  0.87434070E+000  0.40039420E+001
  0.97341340E+000  0.62556861E+000  0.87440003E+000  0.40040624E+001
  0.97344870E+000  0.62558472E+000  0.87445714E+000  0.40041702E+001
  0.97348085E+000  0.62559943E+000  0.87451211E+000  0.40042656E+001
  0.97350996E+000  0.62561279E+000  0.87456504E+000  0.40043489E+001
  0.97353613E+000  0.62562487E+000  0.87461600E+000  0.40044206E+001
  0.97355945E+000  0.62560506E+000  0.87469575E+000  0.40044811E+001
  0.97358004E+000  0.62561473E+000  0.87474306E+000  0.40045309E+001
  0.97359797E+000  0.62562327E+000  0.87478869E+000  0.40045704E+001
  0.97361337E+000  0.62563076E+000  0.87483273E+000  0.40046000E+001
  0.97362631E+000  0.62563723E+000  0.87487527E+000  0.40046203E+001
  0.97363690E+000  0.62564274E+000  0.87491640E+000  0.40046318E+001
  0.97364524E+000  0.62564736E+000  0.87495620E+000  0.40046350E+001
  0.97365143E+000  0.62565112E+000  0.87499475E+000  0.40046304E+001
  0.97365556E+000  0.62565409E+000  0.87503213E+000  0.40046184E+001
  0.97365773E+000  0.62565630E+000  0.87506842E+000  0.40045995E+001
  0.97365805E+000  0.62565782E+000  0.87510368E+000  0.40045743E+001
  0.97365661E+000  0.62565869E+000  0.87513798E+000  0.40045431E+001
  0.97365353E+000  0.62565896E+000  0.87517138E+000  0.40045065E+001
  0.97364889E+000  0.62565866E+000  0.87520393E+000  0.40044648E+001
  0.97364281E+000  0.62565785E+000  0.87523568E+000  0.40044186E+001
  0.97363539E+000  0.62565656E+000  0.87526668E+000  0.40043681E+001
  0.97362674E+000  0.62565483E+000  0.87529698E+000  0.40043139E+001
  0.97361695E+000  0.62565270E+000  0.87532662E+000  0.40042564E+001
  0.97360613E+000  0.62565021E+000  0.87535562E+000  0.40041958E+001
  0.97359438E+000  0.62564739E+000  0.87538404E+000  0.40041325E+001
  0.97358180E+000  0.62564426E+000  0.87541188E+000  0.40040670E+001
  0.97356849E+000  0.62564087E+000  0.87543918E+000  0.40039995E+001
  0.97355454E+000  0.62563722E+000  0.87546597E+000  0.40039304E+001
  0.97354004E+000  0.62563335E+000  0.87549227E+000  0.40038599E+001
  0.97352508E+000  0.62562928E+000  0.87551808E+000  0.40037884E+001
  0.97350975E+000  0.62562503E+000  0.87554343E+000  0.40037161E+001
  0.97349413E+000  0.62562063E+000  0.87556834E+000  0.40036433E+001
  0.97347831E+000  0.62561608E+000  0.87559282E+000  0.40035703E+001
  0.97346235E+000  0.62561141E+000  0.87561687E+000  0.40034973E+001
  0.97344634E+000  0.62560663E+000  0.87564052E+000  0.40034244E+001
  0.97343035E+000  0.62563243E+000  0.87563311E+000  0.40033520E+001
  0.97341443E+000  0.62562749E+000  0.87565598E+000  0.40032802E+001
  0.97339867E+000  0.62562249E+000  0.87567847E+000  0.40032092E+001
  0.97338311E+000  0.62561745E+000  0.87570060E+000  0.40031392E+001
  0.97336782E+000  0.62561238E+000  0.87572237E+000  0.40030704E+001
  0.97335285E+000  0.62560730E+000  0.87574380E+000  0.40030028E+001
  0.97333825E+000  0.62560222E+000  0.87576490E+000  0.40029367E+001
  0.97332407E+000  0.62559715E+000  0.87578568E+000  0.40028722E+001
  0.97331034E+000  0.62559212E+000  0.87580615E+000  0.40028093E+001
  0.97329710E+000  0.62558713E+000  0.87582633E+000  0.40027481E+001
  0.97328438E+000  0.62558219E+000  0.87584623E+000  0.40026889E+001
  0.97327222E+000  0.62557733E+000  0.87586586E+000  0.40026315E+001
  0.97326064E+000  0.62557255E+000  0.87588522E+000  0.40025762E+001
  0.97324965E+000  0.62556786E+000  0.87590434E+000  0.40025229E+001
  0.97323928E+000  0.62556329E+000  0.87592323E+000  0.40024716E+001
  0.97322953E+000  0.62555883E+000  0.87594189E+000  0.40024224E+001
  0.97322040E+000  0.62555450E+000  0.87596033E+000  0.40023754E+001
  0.97321191E+000  0.62555031E+000  0.87597857E+000  0.40023304E+001
  0.97320404E+000  0.62554627E+000  0.87599661E+000  0.40022876E+001
  0.97319680E+000  0.62554238E+000  0.87601447E+000  0.40022468E+001
  0.97319018E+000  0.62553866E+000  0.87603214E+000  0.40022081E+001
  0.97318416E+000  0.62553510E+000  0.87604964E+000  0.40021715E+001
  0.97317873E+000  0.62553172E+000  0.87606697E+000  0.40021368E+001
  0.97317388E+000  0.62552852E+000  0.87608414E+000  0.40021040E+001
  0.97316958E+000  0.62552550E+000  0.87610114E+000  0.40020731E+001
  0.97316581E+000  0.62552266E+000  0.87611799E+000  0.40020440E+001
  0.97316255E+000  0.62552001E+000  0.87613467E+000  0.40020167E+001
  0.97315977E+000  0.62551754E+000  0.87615120E+000  0.40019910E+001
  0.97315745E+000  0.62551526E+000  0.87616757E+000  0.40019670E+001
  0.97315556E+000  0.62551315E+000  0.87618378E+000  0.40019445E+001
  0.97315408E+000  0.62551123E+000  0.87619983E+000  0.40019235E+001
  0.97315296E+000  0.62550948E+000  0.87621571E+000  0.40019038E+001
  0.97315219E+000  0.62550790E+000  0.87623142E+000  0.40018854E+001
  0.97315174E+000  0.62550649E+000  0.87624696E+000  0.40018682E+001
  0.97315157E+000  0.62550523E+000  0.87626231E+000  0.40018522E+001
  0.97315167E+000  0.62550413E+000  0.87627747E+000  0.40018373E+001
  0.97315199E+000  0.62550317E+000  0.87629244E+000  0.40018233E+001
  0.97315252E+000  0.62550234E+000  0.87630721E+000  0.40018102E+001
  0.97315322E+000  0.62550165E+000  0.87632176E+000  0.40017980E+001
  0.97315408E+000  0.62550107E+000  0.87633610E+000  0.40017866E+001
  0.97315507E+000  0.62550061E+000  0.87635021E+000  0.40017758E+001
  0.97315617E+000  0.62550024E+000  0.87636407E+000  0.40017657E+001
  0.97315735E+000  0.62549998E+000  0.87637770E+000  0.40017561E+001
  0.97315859E+000  0.62549979E+000  0.87639106E+000  0.40017471E+001
  0.97315989E+000  0.62549968E+000  0.87640416E+000  0.40017385E+001
  0.97316121E+000  0.62549964E+000  0.87641699E+000  0.40017304E+001
  0.97316256E+000  0.62549965E+000  0.87642953E+000  0.40017226E+001
  0.97316390E+000  0.62549971E+000  0.87644178E+000  0.40017151E+001
  0.97316524E+000  0.62549982E+000  0.87645373E+000  0.40017079E+001
  0.97316657E+000  0.62549996E+000  0.87646537E+000  0.40017010E+001
  0.97316787E+000  0.62550013E+000  0.87647669E+000  0.40016943E+001
  0.97316914E+000  0.62550032E+000  0.87648768E+000  0.40016878E+001
  0.97317038E+000  0.62550053E+000  0.87649834E+000  0.40016815E+001
  0.97317158E+000  0.62550074E+000  0.87650867E+000  0.40016754E+001
  0.97317274E+000  0.62550096E+000  0.87651864E+000  0.40016694E+001
  0.97317387E+000  0.62550118E+000  0.87652825E+000  0.40016635E+001
  0.97317497E+000  0.62550140E+000  0.87653751E+000  0.40016579E+001
  0.97317604E+000  0.62550161E+000  0.87654640E+000  0.40016523E+001
  0.97317708E+000  0.62550182E+000  0.87655491E+000  0.40016469E+001
  0.97317812E+000  0.62550201E+000  0.87656305E+000  0.40016417E+001
  0.97317915E+000  0.62550219E+000  0.87657080E+000  0.40016367E+001
  0.97318019E+000  0.62550236E+000  0.87657816E+000  0.40016319E+001
  0.97318124E+000  0.62550252E+000  0.87658512E+000  0.40016273E+001
  0.97318233E+000  0.62550266E+000  0.87659167E+000  0.40016229E+001
  0.97318347E+000  0.62550280E+000  0.87659780E+000  0.40016189E+001
  0.97318466E+000  0.62550292E+000  0.87660352E+000  0.40016151E+001
  0.97318592E+000  0.62550302E+000  0.87660879E+000  0.40016116E+001
  0.97318725E+000  0.62550311E+000  0.87661360E+000  0.40016084E+001
  0.97318865E+000  0.62550317E+000  0.87661793E+000  0.40016056E+001
  0.97319012E+000  0.62550320E+000  0.87662174E+000  0.40016031E+001
  0.97319165E+000  0.62550318E+000  0.87662499E+000  0.40016008E+001
  0.97319323E+000  0.62550311E+000  0.87662765E+000  0.40015988E+001
  0.97319488E+000  0.62550298E+000  0.87662966E+000  0.40015971E+001
  0.97319665E+000  0.62550283E+000  0.87663101E+000  0.40015958E+001
  0.97319868E+000  0.62550271E+000  0.87663170E+000  0.40015952E+001
  0.97320109E+000  0.62550272E+000  0.87663178E+000  0.40015956E+001
  0.97320394E+000  0.62550295E+000  0.87663128E+000  0.40015968E+001
  0.97320671E+000  0.62550309E+000  0.87662997E+000  0.40015979E+001
  0.97320821E+000  0.62550264E+000  0.87662723E+000  0.40015950E+001
  0.97320525E+000  0.62549961E+000  0.87662104E+000  0.40015829E+001
  0.97319715E+000  0.62549409E+000  0.87661011E+000  0.40015549E+001
  0.97318274E+000  0.62548437E+000  0.87659249E+000  0.40015271E+001
  0.97318407E+000  0.62545516E+000  0.87661785E+000  0.40015173E+001
