 -0.17163165E+000  0.12895341E+000  0.18733091E+001  0.46472947E+001
 -0.17186385E+000  0.12857982E+000  0.18701130E+001  0.46444986E+001
 -0.17205174E+000  0.12827274E+000  0.18674145E+001  0.46422334E+001
 -0.17220291E+000  0.12802407E+000  0.18651445E+001  0.46403814E+001
 -0.17232365E+000  0.12782475E+000  0.18632880E+001  0.46388180E+001
 -0.17241916E+000  0.12766685E+000  0.18618459E+001  0.46374295E+001
 -0.17249379E+000  0.12754300E+000  0.18606508E+001  0.46362906E+001
 -0.17255112E+000  0.12744733E+000  0.18596660E+001  0.46353607E+001
 -0.17259416E+000  0.12737500E+000  0.18588598E+001  0.46346070E+001
 -0.17262540E+000  0.12732196E+000  0.18582054E+001  0.46340018E+001
 -0.17264690E+000  0.12728521E+000  0.18576797E+001  0.46335223E+001
 -0.17266038E+000  0.12726181E+000  0.18572635E+001  0.46331495E+001
 -0.17266729E+000  0.12724934E+000  0.18569402E+001  0.46328678E+001
 -0.17266880E+000  0.12724583E+000  0.18566960E+001  0.46326639E+001
 -0.17266592E+000  0.12724964E+000  0.18565191E+001  0.46325266E+001
 -0.17265947E+000  0.12725944E+000  0.18563991E+001  0.46324469E+001
 -0.17265013E+000  0.12727412E+000  0.18563275E+001  0.46324173E+001
 -0.17263848E+000  0.12729277E+000  0.18562971E+001  0.46324310E+001
 -0.17262498E+000  0.12731465E+000  0.18563020E+001  0.46324823E+001
 -0.17261003E+000  0.12733913E+000  0.18563371E+001  0.46325665E+001
 -0.17259397E+000  0.12736572E+000  0.18563981E+001  0.46326796E+001
 -0.17257706E+000  0.12739398E+000  0.18564815E+001  0.46328182E+001
 -0.17255952E+000  0.12742358E+000  0.18565840E+001  0.46329794E+001
 -0.17254156E+000  0.12745423E+000  0.18567031E+001  0.46331609E+001
 -0.17252331E+000  0.12748568E+000  0.18568365E+001  0.46333606E+001
 -0.17250491E+000  0.12751773E+000  0.18569823E+001  0.46335768E+001
 -0.17248645E+000  0.12755021E+000  0.18571389E+001  0.46338081E+001
 -0.17246803E+000  0.12758297E+000  0.18573050E+001  0.46340532E+001
 -0.17244970E+000  0.12761588E+000  0.18574793E+001  0.46343111E+001
 -0.17243152E+000  0.12764886E+000  0.18576608E+001  0.46345810E+001
 -0.17241352E+000  0.12768179E+000  0.18578488E+001  0.46348620E+001
 -0.17239573E+000  0.12771462E+000  0.18580424E+001  0.46351534E+001
 -0.17237816E+000  0.12774728E+000  0.18582413E+001  0.46354547E+001
 -0.17236081E+000  0.12777972E+000  0.18584447E+001  0.46357654E+001
 -0.17234370E+000  0.12781189E+000  0.18586524E+001  0.46360850E+001
 -0.17232680E+000  0.12784376E+000  0.18588639E+001  0.46364130E+001
 -0.17231010E+000  0.12787532E+000  0.18590791E+001  0.46367490E+001
 -0.17229360E+000  0.12790653E+000  0.18592977E+001  0.46370928E+001
 -0.17227726E+000  0.12793739E+000  0.18595195E+001  0.46374438E+001
 -0.17226107E+000  0.12796790E+000  0.18597443E+001  0.46378018E+001
 -0.17224500E+000  0.12799805E+000  0.18599719E+001  0.46381663E+001
 -0.17222903E+000  0.12802785E+000  0.18602023E+001  0.46385371E+001
 -0.17221313E+000  0.12805730E+000  0.18604352E+001  0.46389137E+001
 -0.17219730E+000  0.12808640E+000  0.18606704E+001  0.46392958E+001
 -0.17218150E+000  0.12811516E+000  0.18609079E+001  0.46396830E+001
 -0.17216572E+000  0.12814359E+000  0.18611475E+001  0.46400748E+001
 -0.17214996E+000  0.12817167E+000  0.18613888E+001  0.46404709E+001
 -0.17213421E+000  0.12819942E+000  0.18616317E+001  0.46408707E+001
 -0.17211846E+000  0.12822683E+000  0.18618760E+001  0.46412737E+001
 -0.17210271E+000  0.12825388E+000  0.18621212E+001  0.46416794E+001
 -0.17208698E+000  0.12828057E+000  0.18623671E+001  0.46420872E+001
 -0.17207128E+000  0.12830686E+000  0.18626135E+001  0.46424965E+001
 -0.17205561E+000  0.12833275E+000  0.18628598E+001  0.46429065E+001
 -0.17204000E+000  0.12835819E+000  0.18631058E+001  0.46433165E+001
 -0.17202447E+000  0.12838317E+000  0.18633511E+001  0.46437257E+001
 -0.17200904E+000  0.12840764E+000  0.18635953E+001  0.46441334E+001
 -0.17199374E+000  0.12843157E+000  0.18638380E+001  0.46445386E+001
 -0.17197860E+000  0.12845492E+000  0.18640788E+001  0.46449405E+001
 -0.17196364E+000  0.12847766E+000  0.18643173E+001  0.46453380E+001
 -0.17194889E+000  0.12849975E+000  0.18645533E+001  0.46457304E+001
 -0.17193437E+000  0.12852116E+000  0.18647864E+001  0.46461165E+001
 -0.17192012E+000  0.12854187E+000  0.18650162E+001  0.46464954E+001
 -0.17190614E+000  0.12856184E+000  0.18652424E+001  0.46468662E+001
 -0.17189246E+000  0.12858106E+000  0.18654650E+001  0.46472278E+001
 -0.17187910E+000  0.12859952E+000  0.18656835E+001  0.46475793E+001
 -0.17186606E+000  0.12861722E+000  0.18658979E+001  0.46479197E+001
 -0.17185336E+000  0.12863416E+000  0.18661080E+001  0.46482483E+001
 -0.17184101E+000  0.12865035E+000  0.18663137E+001  0.46485641E+001
 -0.17182900E+000  0.12866581E+000  0.18665150E+001  0.46488664E+001
 -0.17181733E+000  0.12868055E+000  0.18667119E+001  0.46491545E+001
 -0.17180602E+000  0.12869461E+000  0.18669052E+001  0.46494269E+001
 -0.17179505E+000  0.12870801E+000  0.18671144E+001  0.46496635E+001
 -0.17178441E+000  0.12872078E+000  0.18673193E+001  0.46498842E+001
 -0.17177412E+000  0.12873297E+000  0.18675198E+001  0.46500886E+001
 -0.17176415E+000  0.12874460E+000  0.18677160E+001  0.46502766E+001
 -0.17175451E+000  0.12875571E+000  0.18679080E+001  0.46504477E+001
 -0.17174519E+000  0.12876633E+000  0.18680959E+001  0.46506020E+001
 -0.17173619E+000  0.12877650E+000  0.18682798E+001  0.46507393E+001
 -0.17172751E+000  0.12878624E+000  0.18684598E+001  0.46508598E+001
 -0.17171914E+000  0.12879557E+000  0.18686360E+001  0.46509635E+001
 -0.17171108E+000  0.12880453E+000  0.18688084E+001  0.46510508E+001
 -0.17170333E+000  0.12881312E+000  0.18689771E+001  0.46511218E+001
 -0.17169590E+000  0.12882138E+000  0.18691421E+001  0.46511769E+001
 -0.17168877E+000  0.12882930E+000  0.18693036E+001  0.46512167E+001
 -0.17168196E+000  0.12883692E+000  0.18694616E+001  0.46512415E+001
 -0.17167546E+000  0.12884423E+000  0.18696162E+001  0.46512519E+001
 -0.17166926E+000  0.12885126E+000  0.18697673E+001  0.46512485E+001
 -0.17166337E+000  0.12885800E+000  0.18699150E+001  0.46512319E+001
 -0.17165779E+000  0.12886447E+000  0.18700594E+001  0.46512027E+001
 -0.17165252E+000  0.12887067E+000  0.18702005E+001  0.46511617E+001
 -0.17164754E+000  0.12887663E+000  0.18703384E+001  0.46511095E+001
 -0.17164286E+000  0.12888233E+000  0.18704730E+001  0.46510468E+001
 -0.17163847E+000  0.12888780E+000  0.18706044E+001  0.46509743E+001
 -0.17163436E+000  0.12889303E+000  0.18707326E+001  0.46508926E+001
 -0.17163054E+000  0.12889804E+000  0.18708578E+001  0.46508025E+001
 -0.17162699E+000  0.12890284E+000  0.18709798E+001  0.46507046E+001
 -0.17162369E+000  0.12890744E+000  0.18710988E+001  0.46505995E+001
 -0.17162066E+000  0.12891183E+000  0.18712148E+001  0.46504880E+001
 -0.17161787E+000  0.12891604E+000  0.18713278E+001  0.46503705E+001
 -0.17161531E+000  0.12892008E+000  0.18714379E+001  0.46502478E+001
 -0.17161298E+000  0.12892394E+000  0.18715451E+001  0.46501203E+001
 -0.17161087E+000  0.12892764E+000  0.18716496E+001  0.46499886E+001
 -0.17160896E+000  0.12893120E+000  0.18717513E+001  0.46498533E+001
 -0.17160724E+000  0.12893461E+000  0.18718503E+001  0.46497149E+001
 -0.17160571E+000  0.12893789E+000  0.18719467E+001  0.46495738E+001
 -0.17160435E+000  0.12894104E+000  0.18720406E+001  0.46494305E+001
 -0.17160315E+000  0.12894406E+000  0.18721320E+001  0.46492855E+001
 -0.17160211E+000  0.12894698E+000  0.18722210E+001  0.46491391E+001
 -0.17160121E+000  0.12894979E+000  0.18723077E+001  0.46489918E+001
 -0.17160044E+000  0.12895249E+000  0.18723922E+001  0.46488439E+001
 -0.17159979E+000  0.12895509E+000  0.18724745E+001  0.46486958E+001
 -0.17159927E+000  0.12895760E+000  0.18725548E+001  0.46485478E+001
 -0.17159884E+000  0.12896001E+000  0.18726330E+001  0.46484002E+001
 -0.17159852E+000  0.12896233E+000  0.18727094E+001  0.46482533E+001
 -0.17159829E+000  0.12896457E+000  0.18727839E+001  0.46481074E+001
 -0.17159814E+000  0.12896672E+000  0.18728567E+001  0.46479627E+001
 -0.17159807E+000  0.12896879E+000  0.18729278E+001  0.46478195E+001
 -0.17159806E+000  0.12897077E+000  0.18729973E+001  0.46476780E+001
 -0.17159811E+000  0.12897268E+000  0.18730653E+001  0.46475383E+001
 -0.17159821E+000  0.12897451E+000  0.18731319E+001  0.46474008E+001
 -0.17159836E+000  0.12897627E+000  0.18731971E+001  0.46472655E+001
 -0.17159855E+000  0.12897796E+000  0.18732610E+001  0.46471326E+001
 -0.17159877E+000  0.12897957E+000  0.18733237E+001  0.46470023E+001
 -0.17159901E+000  0.12898112E+000  0.18733853E+001  0.46468748E+001
 -0.17159927E+000  0.12898260E+000  0.18734458E+001  0.46467500E+001
 -0.17159954E+000  0.12898402E+000  0.18735052E+001  0.46466283E+001
 -0.17159981E+000  0.12898538E+000  0.18735637E+001  0.46465095E+001
 -0.17160009E+000  0.12898669E+000  0.18736212E+001  0.46463939E+001
 -0.17160036E+000  0.12898794E+000  0.18736779E+001  0.46462816E+001
 -0.17160061E+000  0.12898914E+000  0.18737337E+001  0.46461725E+001
 -0.17160085E+000  0.12899030E+000  0.18737886E+001  0.46460667E+001
 -0.17160107E+000  0.12899141E+000  0.18738428E+001  0.46459643E+001
 -0.17160127E+000  0.12899248E+000  0.18738962E+001  0.46458653E+001
 -0.17160144E+000  0.12899351E+000  0.18739488E+001  0.46457698E+001
 -0.17160158E+000  0.12899451E+000  0.18740007E+001  0.46456777E+001
 -0.17160168E+000  0.12899548E+000  0.18740518E+001  0.46455890E+001
 -0.17160175E+000  0.12899643E+000  0.18741022E+001  0.46455037E+001
 -0.17160178E+000  0.12899735E+000  0.18741519E+001  0.46454218E+001
 -0.17160176E+000  0.12899825E+000  0.18742008E+001  0.46453432E+001
 -0.17160171E+000  0.12899913E+000  0.18742489E+001  0.46452680E+001
 -0.17160162E+000  0.12900000E+000  0.18742963E+001  0.46451960E+001
 -0.17160148E+000  0.12900085E+000  0.18743428E+001  0.46451272E+001
 -0.17160131E+000  0.12900170E+000  0.18743886E+001  0.46450615E+001
 -0.17160109E+000  0.12900254E+000  0.18744336E+001  0.46449989E+001
 -0.17160083E+000  0.12900338E+000  0.18744778E+001  0.46449393E+001
 -0.17160052E+000  0.12900421E+000  0.18745212E+001  0.46448825E+001
 -0.17160019E+000  0.12900504E+000  0.18745637E+001  0.46448285E+001
 -0.17159981E+000  0.12900588E+000  0.18746054E+001  0.46447772E+001
 -0.17159939E+000  0.12900672E+000  0.18746462E+001  0.46447285E+001
 -0.17159895E+000  0.12900756E+000  0.18746861E+001  0.46446823E+001
 -0.17159847E+000  0.12900840E+000  0.18747252E+001  0.46446384E+001
 -0.17159796E+000  0.12900925E+000  0.18747634E+001  0.46445968E+001
 -0.17159743E+000  0.12901010E+000  0.18748007E+001  0.46445573E+001
 -0.17159688E+000  0.12901096E+000  0.18748371E+001  0.46445198E+001
 -0.17159630E+000  0.12901183E+000  0.18748726E+001  0.46444843E+001
 -0.17159570E+000  0.12901269E+000  0.18749072E+001  0.46444506E+001
 -0.17159510E+000  0.12901356E+000  0.18749408E+001  0.46444186E+001
 -0.17159448E+000  0.12901443E+000  0.18749736E+001  0.46443882E+001
 -0.17159385E+000  0.12901531E+000  0.18750055E+001  0.46443593E+001
 -0.17159322E+000  0.12901618E+000  0.18750364E+001  0.46443318E+001
 -0.17159258E+000  0.12901705E+000  0.18750665E+001  0.46443057E+001
 -0.17159195E+000  0.12901792E+000  0.18750957E+001  0.46442807E+001
 -0.17159132E+000  0.12901878E+000  0.18751239E+001  0.46442569E+001
 -0.17159070E+000  0.12901963E+000  0.18751512E+001  0.46442343E+001
 -0.17159010E+000  0.12902047E+000  0.18751776E+001  0.46442126E+001
 -0.17158950E+000  0.12902130E+000  0.18752032E+001  0.46441919E+001
 -0.17158893E+000  0.12902212E+000  0.18752277E+001  0.46441721E+001
 -0.17158837E+000  0.12902291E+000  0.18752514E+001  0.46441531E+001
 -0.17158784E+000  0.12902369E+000  0.18752742E+001  0.46441350E+001
 -0.17158733E+000  0.12902445E+000  0.18752960E+001  0.46441178E+001
 -0.17158686E+000  0.12902518E+000  0.18753168E+001  0.46441013E+001
 -0.17158641E+000  0.12902589E+000  0.18753367E+001  0.46440856E+001
 -0.17158600E+000  0.12902656E+000  0.18753556E+001  0.46440708E+001
 -0.17158562E+000  0.12902721E+000  0.18753735E+001  0.46440567E+001
 -0.17158529E+000  0.12902782E+000  0.18753904E+001  0.46440436E+001
 -0.17158499E+000  0.12902838E+000  0.18754062E+001  0.46440313E+001
 -0.17158474E+000  0.12902891E+000  0.18754209E+001  0.46440199E+001
 -0.17158453E+000  0.12902940E+000  0.18754345E+001  0.46440096E+001
 -0.17158438E+000  0.12902983E+000  0.18754468E+001  0.46440004E+001
 -0.17158427E+000  0.12903022E+000  0.18754580E+001  0.46439923E+001
 -0.17158421E+000  0.12903056E+000  0.18754679E+001  0.46439855E+001
 -0.17158421E+000  0.12903083E+000  0.18754763E+001  0.46439800E+001
 -0.17158427E+000  0.12903105E+000  0.18754834E+001  0.46439761E+001
 -0.17158438E+000  0.12903120E+000  0.18754888E+001  0.46439738E+001
 -0.17158457E+000  0.12903127E+000  0.18754926E+001  0.46439732E+001
 -0.17158483E+000  0.12903126E+000  0.18754945E+001  0.46439745E+001
 -0.17158517E+000  0.12903115E+000  0.18754943E+001  0.46439779E+001
 -0.17158560E+000  0.12903092E+000  0.18754920E+001  0.46439834E+001
 -0.17158613E+000  0.12903057E+000  0.18754871E+001  0.46439913E+001
 -0.17158676E+000  0.12903010E+000  0.18754797E+001  0.46440017E+001
 -0.17158745E+000  0.12902951E+000  0.18754694E+001  0.46440149E+001
 -0.17158818E+000  0.12902886E+000  0.18754565E+001  0.46440312E+001
 -0.17158887E+000  0.12902823E+000  0.18754409E+001  0.46440510E+001
 -0.17158952E+000  0.12902765E+000  0.18754225E+001  0.46440744E+001
 -0.17159032E+000  0.12902693E+000  0.18754001E+001  0.46441010E+001
 -0.17159177E+000  0.12902548E+000  0.18753706E+001  0.46441288E+001
 -0.17159477E+000  0.12902201E+000  0.18753264E+001  0.46441553E+001
 -0.17159957E+000  0.12901596E+000  0.18752642E+001  0.46441758E+001
 -0.17160467E+000  0.12900823E+000  0.18751822E+001  0.46442010E+001
 -0.17160899E+000  0.12900366E+000  0.18751375E+001  0.46442423E+001
