 -0.52254128E-001
 -0.52330567E-001
 -0.52391601E-001
 -0.52439988E-001
 -0.52478031E-001
 -0.52507612E-001
 -0.52530285E-001
 -0.52547307E-001
 -0.52559710E-001
 -0.52568339E-001
 -0.52573886E-001
 -0.52576946E-001
 -0.52577995E-001
 -0.52577417E-001
 -0.52575528E-001
 -0.52572588E-001
 -0.52568812E-001
 -0.52564378E-001
 -0.52559431E-001
 -0.52554093E-001
 -0.52548464E-001
 -0.52542625E-001
 -0.52536645E-001
 -0.52530578E-001
 -0.52524470E-001
 -0.52518358E-001
 -0.52512272E-001
 -0.52506234E-001
 -0.52500263E-001
 -0.52494372E-001
 -0.52488572E-001
 -0.52482867E-001
 -0.52477261E-001
 -0.52471755E-001
 -0.52466346E-001
 -0.52461031E-001
 -0.52455805E-001
 -0.52450660E-001
 -0.52445590E-001
 -0.52440586E-001
 -0.52435641E-001
 -0.52430745E-001
 -0.52425890E-001
 -0.52421070E-001
 -0.52416278E-001
 -0.52411507E-001
 -0.52406753E-001
 -0.52402014E-001
 -0.52397287E-001
 -0.52392572E-001
 -0.52387871E-001
 -0.52383184E-001
 -0.52378516E-001
 -0.52373872E-001
 -0.52369257E-001
 -0.52364678E-001
 -0.52360142E-001
 -0.52355655E-001
 -0.52351226E-001
 -0.52346861E-001
 -0.52342569E-001
 -0.52338355E-001
 -0.52334227E-001
 -0.52330189E-001
 -0.52326245E-001
 -0.52322401E-001
 -0.52318658E-001
 -0.52315019E-001
 -0.52311486E-001
 -0.52308058E-001
 -0.52304736E-001
 -0.52301521E-001
 -0.52298411E-001
 -0.52295406E-001
 -0.52292505E-001
 -0.52289709E-001
 -0.52287017E-001
 -0.52284428E-001
 -0.52281943E-001
 -0.52279561E-001
 -0.52277284E-001
 -0.52275111E-001
 -0.52273042E-001
 -0.52271079E-001
 -0.52269220E-001
 -0.52267467E-001
 -0.52265818E-001
 -0.52264273E-001
 -0.52262830E-001
 -0.52261490E-001
 -0.52260249E-001
 -0.52259107E-001
 -0.52258061E-001
 -0.52257107E-001
 -0.52256245E-001
 -0.52255469E-001
 -0.52254778E-001
 -0.52254167E-001
 -0.52253632E-001
 -0.52253170E-001
 -0.52252776E-001
 -0.52252447E-001
 -0.52252178E-001
 -0.52251965E-001
 -0.52251804E-001
 -0.52251690E-001
 -0.52251621E-001
 -0.52251592E-001
 -0.52251599E-001
 -0.52251639E-001
 -0.52251707E-001
 -0.52251802E-001
 -0.52251920E-001
 -0.52252056E-001
 -0.52252210E-001
 -0.52252377E-001
 -0.52252555E-001
 -0.52252741E-001
 -0.52252932E-001
 -0.52253127E-001
 -0.52253323E-001
 -0.52253517E-001
 -0.52253708E-001
 -0.52253894E-001
 -0.52254072E-001
 -0.52254241E-001
 -0.52254400E-001
 -0.52254546E-001
 -0.52254680E-001
 -0.52254799E-001
 -0.52254903E-001
 -0.52254992E-001
 -0.52255064E-001
 -0.52255118E-001
 -0.52255156E-001
 -0.52255176E-001
 -0.52255179E-001
 -0.52255164E-001
 -0.52255132E-001
 -0.52255083E-001
 -0.52255018E-001
 -0.52254937E-001
 -0.52254841E-001
 -0.52254730E-001
 -0.52254605E-001
 -0.52254468E-001
 -0.52254318E-001
 -0.52254158E-001
 -0.52253987E-001
 -0.52253807E-001
 -0.52253619E-001
 -0.52253424E-001
 -0.52253223E-001
 -0.52253016E-001
 -0.52252806E-001
 -0.52252593E-001
 -0.52252378E-001
 -0.52252162E-001
 -0.52251946E-001
 -0.52251730E-001
 -0.52251516E-001
 -0.52251305E-001
 -0.52251097E-001
 -0.52250893E-001
 -0.52250693E-001
 -0.52250499E-001
 -0.52250310E-001
 -0.52250128E-001
 -0.52249952E-001
 -0.52249784E-001
 -0.52249624E-001
 -0.52249471E-001
 -0.52249327E-001
 -0.52249191E-001
 -0.52249064E-001
 -0.52248945E-001
 -0.52248836E-001
 -0.52248736E-001
 -0.52248645E-001
 -0.52248563E-001
 -0.52248490E-001
 -0.52248427E-001
 -0.52248373E-001
 -0.52248330E-001
 -0.52248297E-001
 -0.52248277E-001
 -0.52248272E-001
 -0.52248284E-001
 -0.52248313E-001
 -0.52248359E-001
 -0.52248415E-001
 -0.52248465E-001
 -0.52248492E-001
 -0.52248491E-001
 -0.52248513E-001
 -0.52248711E-001
 -0.52249348E-001
 -0.52250512E-001
 -0.52251751E-001
 -0.52252776E-001
