  0.16717354E+001
  0.16701623E+001
  0.16688587E+001
  0.16677766E+001
  0.16668797E+001
  0.16661382E+001
  0.16655278E+001
  0.16650279E+001
  0.16646215E+001
  0.16642941E+001
  0.16640338E+001
  0.16638304E+001
  0.16636754E+001
  0.16635615E+001
  0.16634827E+001
  0.16634340E+001
  0.16634109E+001
  0.16634098E+001
  0.16634278E+001
  0.16634621E+001
  0.16635107E+001
  0.16635716E+001
  0.16636434E+001
  0.16637246E+001
  0.16638142E+001
  0.16639112E+001
  0.16640148E+001
  0.16641244E+001
  0.16642393E+001
  0.16643590E+001
  0.16644832E+001
  0.16646114E+001
  0.16647434E+001
  0.16648789E+001
  0.16650176E+001
  0.16651594E+001
  0.16653040E+001
  0.16654514E+001
  0.16656013E+001
  0.16657537E+001
  0.16659083E+001
  0.16660651E+001
  0.16662240E+001
  0.16663848E+001
  0.16665473E+001
  0.16667114E+001
  0.16668770E+001
  0.16670438E+001
  0.16672117E+001
  0.16673804E+001
  0.16675497E+001
  0.16677194E+001
  0.16678892E+001
  0.16680588E+001
  0.16682280E+001
  0.16683963E+001
  0.16685636E+001
  0.16687294E+001
  0.16688934E+001
  0.16690554E+001
  0.16692148E+001
  0.16693715E+001
  0.16695252E+001
  0.16696754E+001
  0.16698219E+001
  0.16699645E+001
  0.16701028E+001
  0.16702367E+001
  0.16703659E+001
  0.16704903E+001
  0.16706098E+001
  0.16707241E+001
  0.16708332E+001
  0.16709371E+001
  0.16710356E+001
  0.16711288E+001
  0.16712166E+001
  0.16712992E+001
  0.16713764E+001
  0.16714484E+001
  0.16715153E+001
  0.16715771E+001
  0.16716340E+001
  0.16716861E+001
  0.16717336E+001
  0.16717765E+001
  0.16718151E+001
  0.16718495E+001
  0.16718799E+001
  0.16719064E+001
  0.16719293E+001
  0.16719488E+001
  0.16719649E+001
  0.16719779E+001
  0.16719880E+001
  0.16719954E+001
  0.16720001E+001
  0.16720025E+001
  0.16720026E+001
  0.16720006E+001
  0.16719967E+001
  0.16719911E+001
  0.16719837E+001
  0.16719750E+001
  0.16719648E+001
  0.16719535E+001
  0.16719411E+001
  0.16719277E+001
  0.16719135E+001
  0.16718985E+001
  0.16718830E+001
  0.16718669E+001
  0.16718504E+001
  0.16718335E+001
  0.16718165E+001
  0.16717992E+001
  0.16717819E+001
  0.16717646E+001
  0.16717473E+001
  0.16717302E+001
  0.16717133E+001
  0.16716966E+001
  0.16716803E+001
  0.16716643E+001
  0.16716487E+001
  0.16716336E+001
  0.16716190E+001
  0.16716048E+001
  0.16715913E+001
  0.16715783E+001
  0.16715660E+001
  0.16715542E+001
  0.16715431E+001
  0.16715327E+001
  0.16715228E+001
  0.16715137E+001
  0.16715052E+001
  0.16714973E+001
  0.16714901E+001
  0.16714835E+001
  0.16714775E+001
  0.16714721E+001
  0.16714673E+001
  0.16714631E+001
  0.16714594E+001
  0.16714562E+001
  0.16714534E+001
  0.16714512E+001
  0.16714493E+001
  0.16714479E+001
  0.16714469E+001
  0.16714461E+001
  0.16714457E+001
  0.16714456E+001
  0.16714458E+001
  0.16714461E+001
  0.16714467E+001
  0.16714475E+001
  0.16714484E+001
  0.16714494E+001
  0.16714505E+001
  0.16714517E+001
  0.16714530E+001
  0.16714543E+001
  0.16714557E+001
  0.16714571E+001
  0.16714584E+001
  0.16714598E+001
  0.16714611E+001
  0.16714623E+001
  0.16714636E+001
  0.16714648E+001
  0.16714659E+001
  0.16714670E+001
  0.16714680E+001
  0.16714690E+001
  0.16714699E+001
  0.16714708E+001
  0.16714717E+001
  0.16714725E+001
  0.16714733E+001
  0.16714740E+001
  0.16714748E+001
  0.16714755E+001
  0.16714763E+001
  0.16714770E+001
  0.16714777E+001
  0.16714783E+001
  0.16714789E+001
  0.16714794E+001
  0.16714799E+001
  0.16714804E+001
  0.16714812E+001
  0.16714821E+001
  0.16714828E+001
  0.16714819E+001
  0.16714764E+001
  0.16714644E+001
  0.16714483E+001
  0.16714462E+001
