  0.11484135E+001
  0.11479550E+001
  0.11475930E+001
  0.11472931E+001
  0.11470411E+001
  0.11468286E+001
  0.11466487E+001
  0.11464962E+001
  0.11463672E+001
  0.11462579E+001
  0.11461658E+001
  0.11460883E+001
  0.11460232E+001
  0.11459685E+001
  0.11459228E+001
  0.11458848E+001
  0.11458532E+001
  0.11458271E+001
  0.11458057E+001
  0.11457884E+001
  0.11457746E+001
  0.11457636E+001
  0.11457552E+001
  0.11457490E+001
  0.11457445E+001
  0.11457417E+001
  0.11457401E+001
  0.11457397E+001
  0.11457403E+001
  0.11457416E+001
  0.11457437E+001
  0.11457463E+001
  0.11457494E+001
  0.11457530E+001
  0.11457569E+001
  0.11457611E+001
  0.11457656E+001
  0.11457702E+001
  0.11457751E+001
  0.11457802E+001
  0.11457854E+001
  0.11457908E+001
  0.11457964E+001
  0.11458020E+001
  0.11458079E+001
  0.11458139E+001
  0.11458200E+001
  0.11458263E+001
  0.11458328E+001
  0.11458394E+001
  0.11458462E+001
  0.11458532E+001
  0.11458603E+001
  0.11458676E+001
  0.11458750E+001
  0.11458826E+001
  0.11458904E+001
  0.11458982E+001
  0.11459062E+001
  0.11459144E+001
  0.11459226E+001
  0.11459309E+001
  0.11459393E+001
  0.11459478E+001
  0.11459563E+001
  0.11459648E+001
  0.11459734E+001
  0.11459820E+001
  0.11459907E+001
  0.11459993E+001
  0.11460079E+001
  0.11460166E+001
  0.11460252E+001
  0.11460338E+001
  0.11460425E+001
  0.11460511E+001
  0.11460598E+001
  0.11460684E+001
  0.11460771E+001
  0.11460858E+001
  0.11460945E+001
  0.11461032E+001
  0.11461120E+001
  0.11461208E+001
  0.11461296E+001
  0.11461384E+001
  0.11461473E+001
  0.11461562E+001
  0.11461651E+001
  0.11461740E+001
  0.11461830E+001
  0.11461920E+001
  0.11462011E+001
  0.11462101E+001
  0.11462192E+001
  0.11462283E+001
  0.11462374E+001
  0.11462465E+001
  0.11462556E+001
  0.11462647E+001
  0.11462739E+001
  0.11462830E+001
  0.11462921E+001
  0.11463012E+001
  0.11463103E+001
  0.11463194E+001
  0.11463284E+001
  0.11463374E+001
  0.11463464E+001
  0.11463554E+001
  0.11463644E+001
  0.11463733E+001
  0.11463822E+001
  0.11463910E+001
  0.11463998E+001
  0.11464086E+001
  0.11464173E+001
  0.11464260E+001
  0.11464347E+001
  0.11464433E+001
  0.11464519E+001
  0.11464604E+001
  0.11464689E+001
  0.11464773E+001
  0.11464857E+001
  0.11464941E+001
  0.11465024E+001
  0.11465107E+001
  0.11465190E+001
  0.11465272E+001
  0.11465354E+001
  0.11465435E+001
  0.11465517E+001
  0.11465598E+001
  0.11465679E+001
  0.11465759E+001
  0.11465840E+001
  0.11465920E+001
  0.11466001E+001
  0.11466081E+001
  0.11466161E+001
  0.11466241E+001
  0.11466320E+001
  0.11466400E+001
  0.11466480E+001
  0.11466559E+001
  0.11466639E+001
  0.11466718E+001
  0.11466798E+001
  0.11466877E+001
  0.11466956E+001
  0.11467036E+001
  0.11467115E+001
  0.11467194E+001
  0.11467272E+001
  0.11467351E+001
  0.11467429E+001
  0.11467508E+001
  0.11467586E+001
  0.11467663E+001
  0.11467741E+001
  0.11467818E+001
  0.11467895E+001
  0.11467971E+001
  0.11468047E+001
  0.11468122E+001
  0.11468197E+001
  0.11468272E+001
  0.11468346E+001
  0.11468419E+001
  0.11468491E+001
  0.11468563E+001
  0.11468634E+001
  0.11468705E+001
  0.11468774E+001
  0.11468843E+001
  0.11468911E+001
  0.11468978E+001
  0.11469044E+001
  0.11469109E+001
  0.11469173E+001
  0.11469236E+001
  0.11469298E+001
  0.11469359E+001
  0.11469419E+001
  0.11469477E+001
  0.11469535E+001
  0.11469592E+001
  0.11469647E+001
  0.11469701E+001
  0.11469753E+001
  0.11469804E+001
  0.11469853E+001
  0.11469903E+001
  0.11469953E+001
  0.11470008E+001
  0.11470062E+001
  0.11470109E+001
  0.11470140E+001
  0.11470345E+001
