  0.59871925E+000
  0.59879958E+000
  0.59881751E+000
  0.59880148E+000
  0.59876387E+000
  0.59871193E+000
  0.59865473E+000
  0.59859494E+000
  0.59853433E+000
  0.59847413E+000
  0.59841398E+000
  0.59835353E+000
  0.59829605E+000
  0.59824208E+000
  0.59819127E+000
  0.59814339E+000
  0.59809826E+000
  0.59805573E+000
  0.59801566E+000
  0.59797793E+000
  0.59794242E+000
  0.59790901E+000
  0.59787759E+000
  0.59784803E+000
  0.59782025E+000
  0.59779413E+000
  0.59776960E+000
  0.59774655E+000
  0.59772491E+000
  0.59770460E+000
  0.59768555E+000
  0.59766769E+000
  0.59765094E+000
  0.59763525E+000
  0.59762056E+000
  0.59760681E+000
  0.59759393E+000
  0.59758188E+000
  0.59757058E+000
  0.59756000E+000
  0.59755008E+000
  0.59754075E+000
  0.59753198E+000
  0.59752371E+000
  0.59751589E+000
  0.59750848E+000
  0.59750144E+000
  0.59749474E+000
  0.59748834E+000
  0.59748222E+000
  0.59747634E+000
  0.59747070E+000
  0.59746527E+000
  0.59746004E+000
  0.59745500E+000
  0.59745014E+000
  0.59744547E+000
  0.59744096E+000
  0.59743663E+000
  0.59743246E+000
  0.59742845E+000
  0.59742460E+000
  0.59742091E+000
  0.59741737E+000
  0.59741398E+000
  0.59741073E+000
  0.59740761E+000
  0.59740462E+000
  0.59740176E+000
  0.59739901E+000
  0.59739638E+000
  0.59739385E+000
  0.59739143E+000
  0.59738912E+000
  0.59738690E+000
  0.59738479E+000
  0.59738278E+000
  0.59738087E+000
  0.59737907E+000
  0.59737738E+000
  0.59737580E+000
  0.59737433E+000
  0.59737298E+000
  0.59737175E+000
  0.59737064E+000
  0.59736966E+000
  0.59736879E+000
  0.59736805E+000
  0.59736743E+000
  0.59736694E+000
  0.59736655E+000
  0.59736628E+000
  0.59736612E+000
  0.59736607E+000
  0.59736611E+000
  0.59736625E+000
  0.59736647E+000
  0.59736677E+000
  0.59736715E+000
  0.59736760E+000
  0.59736811E+000
  0.59736867E+000
  0.59736929E+000
  0.59736995E+000
  0.59737065E+000
  0.59737138E+000
  0.59737214E+000
  0.59737293E+000
  0.59737373E+000
  0.59737455E+000
  0.59737538E+000
  0.59737622E+000
  0.59737707E+000
  0.59737791E+000
  0.59737875E+000
  0.59737959E+000
  0.59738042E+000
  0.59738124E+000
  0.59738204E+000
  0.59738283E+000
  0.59738360E+000
  0.59738435E+000
  0.59738508E+000
  0.59738579E+000
  0.59738647E+000
  0.59738713E+000
  0.59738775E+000
  0.59738835E+000
  0.59738892E+000
  0.59738946E+000
  0.59738996E+000
  0.59739044E+000
  0.59739088E+000
  0.59739129E+000
  0.59739167E+000
  0.59739202E+000
  0.59739234E+000
  0.59739262E+000
  0.59739288E+000
  0.59739311E+000
  0.59739330E+000
  0.59739347E+000
  0.59739362E+000
  0.59739373E+000
  0.59739382E+000
  0.59739389E+000
  0.59739394E+000
  0.59739396E+000
  0.59739397E+000
  0.59739396E+000
  0.59739392E+000
  0.59739388E+000
  0.59739382E+000
  0.59739374E+000
  0.59739366E+000
  0.59739356E+000
  0.59739345E+000
  0.59739334E+000
  0.59739321E+000
  0.59739308E+000
  0.59739294E+000
  0.59739280E+000
  0.59739266E+000
  0.59739251E+000
  0.59739236E+000
  0.59739220E+000
  0.59739204E+000
  0.59739189E+000
  0.59739173E+000
  0.59739157E+000
  0.59739141E+000
  0.59739124E+000
  0.59739108E+000
  0.59739092E+000
  0.59739076E+000
  0.59739059E+000
  0.59739042E+000
  0.59739026E+000
  0.59739009E+000
  0.59738992E+000
  0.59738975E+000
  0.59738957E+000
  0.59738939E+000
  0.59738921E+000
  0.59738903E+000
  0.59738885E+000
  0.59738868E+000
  0.59738850E+000
  0.59738833E+000
  0.59738816E+000
  0.59738798E+000
  0.59738776E+000
  0.59738748E+000
  0.59738718E+000
  0.59738695E+000
  0.59738708E+000
  0.59738770E+000
  0.59738863E+000
  0.59739022E+000
  0.59740598E+000
