  0.18785452E+001
  0.18950909E+001
  0.18969784E+001
  0.18958130E+001
  0.18940086E+001
  0.18921606E+001
  0.18903936E+001
  0.18887772E+001
  0.18873374E+001
  0.18860868E+001
  0.18849972E+001
  0.18840300E+001
  0.18831609E+001
  0.18823785E+001
  0.18816797E+001
  0.18810590E+001
  0.18805098E+001
  0.18800254E+001
  0.18795990E+001
  0.18792240E+001
  0.18788944E+001
  0.18786048E+001
  0.18783502E+001
  0.18781260E+001
  0.18779283E+001
  0.18777536E+001
  0.18775988E+001
  0.18774612E+001
  0.18773383E+001
  0.18772281E+001
  0.18771288E+001
  0.18770387E+001
  0.18769563E+001
  0.18768804E+001
  0.18768100E+001
  0.18767441E+001
  0.18766818E+001
  0.18766225E+001
  0.18765655E+001
  0.18765104E+001
  0.18764568E+001
  0.18764043E+001
  0.18763526E+001
  0.18763015E+001
  0.18762510E+001
  0.18762009E+001
  0.18761512E+001
  0.18761019E+001
  0.18760530E+001
  0.18760045E+001
  0.18759565E+001
  0.18759092E+001
  0.18758626E+001
  0.18758168E+001
  0.18757720E+001
  0.18757282E+001
  0.18756857E+001
  0.18756444E+001
  0.18756045E+001
  0.18755661E+001
  0.18755293E+001
  0.18754941E+001
  0.18754606E+001
  0.18754288E+001
  0.18753987E+001
  0.18753703E+001
  0.18753436E+001
  0.18753186E+001
  0.18752952E+001
  0.18752734E+001
  0.18752531E+001
  0.18752343E+001
  0.18752169E+001
  0.18752009E+001
  0.18751862E+001
  0.18751728E+001
  0.18751607E+001
  0.18751498E+001
  0.18751400E+001
  0.18751315E+001
  0.18751240E+001
  0.18751177E+001
  0.18751125E+001
  0.18751084E+001
  0.18751054E+001
  0.18751034E+001
  0.18751024E+001
  0.18751023E+001
  0.18751033E+001
  0.18751052E+001
  0.18751079E+001
  0.18751116E+001
  0.18751160E+001
  0.18751213E+001
  0.18751273E+001
  0.18751340E+001
  0.18751413E+001
  0.18751493E+001
  0.18751579E+001
  0.18751670E+001
  0.18751766E+001
  0.18751866E+001
  0.18751971E+001
  0.18752079E+001
  0.18752191E+001
  0.18752305E+001
  0.18752422E+001
  0.18752542E+001
  0.18752664E+001
  0.18752787E+001
  0.18752912E+001
  0.18753039E+001
  0.18753166E+001
  0.18753295E+001
  0.18753424E+001
  0.18753554E+001
  0.18753684E+001
  0.18753815E+001
  0.18753945E+001
  0.18754076E+001
  0.18754207E+001
  0.18754337E+001
  0.18754467E+001
  0.18754596E+001
  0.18754725E+001
  0.18754854E+001
  0.18754981E+001
  0.18755108E+001
  0.18755234E+001
  0.18755359E+001
  0.18755484E+001
  0.18755607E+001
  0.18755730E+001
  0.18755851E+001
  0.18755972E+001
  0.18756092E+001
  0.18756211E+001
  0.18756328E+001
  0.18756446E+001
  0.18756562E+001
  0.18756677E+001
  0.18756792E+001
  0.18756906E+001
  0.18757019E+001
  0.18757132E+001
  0.18757244E+001
  0.18757355E+001
  0.18757466E+001
  0.18757577E+001
  0.18757687E+001
  0.18757797E+001
  0.18757906E+001
  0.18758016E+001
  0.18758125E+001
  0.18758234E+001
  0.18758343E+001
  0.18758452E+001
  0.18758561E+001
  0.18758670E+001
  0.18758779E+001
  0.18758889E+001
  0.18758998E+001
  0.18759108E+001
  0.18759218E+001
  0.18759329E+001
  0.18759439E+001
  0.18759550E+001
  0.18759662E+001
  0.18759774E+001
  0.18759886E+001
  0.18759999E+001
  0.18760112E+001
  0.18760225E+001
  0.18760339E+001
  0.18760454E+001
  0.18760569E+001
  0.18760684E+001
  0.18760800E+001
  0.18760916E+001
  0.18761033E+001
  0.18761150E+001
  0.18761267E+001
  0.18761385E+001
  0.18761503E+001
  0.18761621E+001
  0.18761740E+001
  0.18761859E+001
  0.18761980E+001
  0.18762101E+001
  0.18762222E+001
  0.18762342E+001
  0.18762460E+001
  0.18762571E+001
  0.18762676E+001
  0.18762781E+001
  0.18762907E+001
  0.18763091E+001
  0.18763337E+001
  0.18763601E+001
  0.18764011E+001
