  0.65700456E+000  0.85464284E+000  0.94623660E+000  0.21357703E+001
  0.65642097E+000  0.85397826E+000  0.94658455E+000  0.21348366E+001
  0.65555070E+000  0.85395356E+000  0.94701314E+000  0.21338549E+001
  0.65475644E+000  0.85422656E+000  0.94718240E+000  0.21330071E+001
  0.65418832E+000  0.85393603E+000  0.94751700E+000  0.21325234E+001
  0.65400514E+000  0.85343221E+000  0.94785645E+000  0.21320207E+001
  0.65326146E+000  0.85384638E+000  0.94791415E+000  0.21315729E+001
  0.65302228E+000  0.85375244E+000  0.94793797E+000  0.21312723E+001
  0.65276867E+000  0.85376665E+000  0.94787229E+000  0.21310614E+001
  0.65258209E+000  0.85379372E+000  0.94784639E+000  0.21308097E+001
  0.65179828E+000  0.85422537E+000  0.94804670E+000  0.21305931E+001
  0.65161976E+000  0.85415556E+000  0.94819280E+000  0.21303853E+001
  0.65141007E+000  0.85426673E+000  0.94810884E+000  0.21303073E+001
  0.65098207E+000  0.85454097E+000  0.94814445E+000  0.21302069E+001
  0.65064475E+000  0.85483224E+000  0.94811729E+000  0.21300974E+001
  0.65060038E+000  0.85482537E+000  0.94802878E+000  0.21300848E+001
  0.65031581E+000  0.85507560E+000  0.94814544E+000  0.21298760E+001
  0.65028864E+000  0.85507497E+000  0.94813450E+000  0.21298105E+001
  0.64998062E+000  0.85536399E+000  0.94857447E+000  0.21293041E+001
  0.64996847E+000  0.85518768E+000  0.94873855E+000  0.21292593E+001
  0.64994665E+000  0.85518344E+000  0.94874629E+000  0.21292221E+001
  0.64994123E+000  0.85518087E+000  0.94881831E+000  0.21291144E+001
  0.64955129E+000  0.85587322E+000  0.94698365E+000  0.21290941E+001
  0.64951869E+000  0.85556422E+000  0.94883642E+000  0.21290768E+001
  0.64951526E+000  0.85556481E+000  0.94883437E+000  0.21290639E+001
  0.64951688E+000  0.85553815E+000  0.94885495E+000  0.21290569E+001
  0.64951881E+000  0.85551228E+000  0.94887827E+000  0.21290514E+001
  0.64952150E+000  0.85549170E+000  0.94889724E+000  0.21290486E+001
  0.64952479E+000  0.85549181E+000  0.94889631E+000  0.21290484E+001
  0.64952860E+000  0.85548454E+000  0.94890338E+000  0.21290502E+001
  0.64953283E+000  0.85548513E+000  0.94890311E+000  0.21290539E+001
  0.64909586E+000  0.85592745E+000  0.94890307E+000  0.21290592E+001
  0.64910072E+000  0.85592840E+000  0.94890321E+000  0.21290657E+001
  0.64910582E+000  0.85592946E+000  0.94890349E+000  0.21290735E+001
  0.64911113E+000  0.85593062E+000  0.94890387E+000  0.21290822E+001
  0.64911661E+000  0.85593184E+000  0.94890433E+000  0.21290918E+001
  0.64912223E+000  0.85593312E+000  0.94890485E+000  0.21291023E+001
  0.64912796E+000  0.85593115E+000  0.94890870E+000  0.21291134E+001
  0.64913378E+000  0.85593251E+000  0.94890929E+000  0.21291252E+001
  0.64913968E+000  0.85593388E+000  0.94890992E+000  0.21291375E+001
  0.64914563E+000  0.85593528E+000  0.94891058E+000  0.21291505E+001
  0.64915162E+000  0.85593670E+000  0.94891126E+000  0.21291639E+001
  0.64915765E+000  0.85593813E+000  0.94891197E+000  0.21291779E+001
  0.64916370E+000  0.85593958E+000  0.94891273E+000  0.21291924E+001
  0.64916977E+000  0.85591362E+000  0.94894094E+000  0.21292075E+001
  0.64917585E+000  0.85591510E+000  0.94894180E+000  0.21292230E+001
  0.64918193E+000  0.85591659E+000  0.94894272E+000  0.21292391E+001
  0.64918800E+000  0.85591810E+000  0.94894371E+000  0.21292558E+001
  0.64919406E+000  0.85591963E+000  0.94894478E+000  0.21292730E+001
  0.64920010E+000  0.85592118E+000  0.94894594E+000  0.21292907E+001
  0.64920611E+000  0.85592274E+000  0.94894719E+000  0.21293091E+001
  0.64921208E+000  0.85592433E+000  0.94894854E+000  0.21293280E+001
  0.64921801E+000  0.85592592E+000  0.94895001E+000  0.21293475E+001
  0.64922388E+000  0.85592753E+000  0.94895158E+000  0.21293676E+001
  0.64922969E+000  0.85592915E+000  0.94895326E+000  0.21293882E+001
  0.64923541E+000  0.85593078E+000  0.94895506E+000  0.21294095E+001
  0.64924105E+000  0.85593241E+000  0.94895698E+000  0.21294312E+001
  0.64924660E+000  0.85593404E+000  0.94895901E+000  0.21294535E+001
  0.64891779E+000  0.85626989E+000  0.94896115E+000  0.21294764E+001
  0.64892314E+000  0.85627148E+000  0.94896341E+000  0.21294997E+001
  0.64892852E+000  0.85627287E+000  0.94896576E+000  0.21295234E+001
  0.64893157E+000  0.85627644E+000  0.94896822E+000  0.21295476E+001
  0.64893218E+000  0.85628227E+000  0.94897077E+000  0.21295722E+001
  0.64893695E+000  0.85628376E+000  0.94897341E+000  0.21295972E+001
  0.64894156E+000  0.85628521E+000  0.94897614E+000  0.21296224E+001
  0.64894600E+000  0.85628661E+000  0.94897895E+000  0.21296480E+001
  0.64895028E+000  0.85628798E+000  0.94898183E+000  0.21296738E+001
  0.64895424E+000  0.85628945E+000  0.94898478E+000  0.21296999E+001
  0.64895816E+000  0.85629072E+000  0.94898779E+000  0.21297262E+001
  0.64896192E+000  0.85629195E+000  0.94899087E+000  0.21297527E+001
  0.64896551E+000  0.85629313E+000  0.94899401E+000  0.21297793E+001
  0.64896893E+000  0.85629425E+000  0.94899721E+000  0.21298061E+001
  0.64897219E+000  0.85629534E+000  0.94900046E+000  0.21298331E+001
  0.64897530E+000  0.85629637E+000  0.94900378E+000  0.21298602E+001
  0.64897825E+000  0.85629736E+000  0.94900716E+000  0.21298874E+001
  0.64898107E+000  0.85629831E+000  0.94901060E+000  0.21299148E+001
  0.64898374E+000  0.85629922E+000  0.94901411E+000  0.21299423E+001
  0.64898629E+000  0.85630009E+000  0.94901768E+000  0.21299700E+001
  0.64898869E+000  0.85630095E+000  0.94902132E+000  0.21299977E+001
  0.64899100E+000  0.85630175E+000  0.94902503E+000  0.21300257E+001
  0.64899319E+000  0.85630253E+000  0.94902882E+000  0.21300537E+001
  0.64899528E+000  0.85630328E+000  0.94903268E+000  0.21300819E+001
  0.64899727E+000  0.85630400E+000  0.94903662E+000  0.21301103E+001
  0.64899917E+000  0.85630470E+000  0.94904063E+000  0.21301388E+001
  0.64900097E+000  0.85630539E+000  0.94904473E+000  0.21301674E+001
  0.64900269E+000  0.85630606E+000  0.94904891E+000  0.21301962E+001
  0.64900432E+000  0.85630671E+000  0.94905317E+000  0.21302251E+001
  0.64900587E+000  0.85630671E+000  0.94905816E+000  0.21302541E+001
  0.64900735E+000  0.85630734E+000  0.94906258E+000  0.21302833E+001
  0.64900875E+000  0.85630795E+000  0.94906709E+000  0.21303126E+001
  0.64901007E+000  0.85630856E+000  0.94907167E+000  0.21303420E+001
  0.64901133E+000  0.85630916E+000  0.94907634E+000  0.21303715E+001
  0.64901252E+000  0.85630976E+000  0.94908107E+000  0.21304011E+001
  0.64901364E+000  0.85631035E+000  0.94908588E+000  0.21304308E+001
  0.64901469E+000  0.85631093E+000  0.94909076E+000  0.21304606E+001
  0.64901568E+000  0.85631150E+000  0.94909570E+000  0.21304904E+001
  0.64901662E+000  0.85631207E+000  0.94910070E+000  0.21305204E+001
  0.64901749E+000  0.85631264E+000  0.94910576E+000  0.21305503E+001
  0.64901830E+000  0.85631320E+000  0.94911086E+000  0.21305803E+001
  0.64901906E+000  0.85631376E+000  0.94911601E+000  0.21306104E+001
  0.64901976E+000  0.85631431E+000  0.94912120E+000  0.21306404E+001
  0.64902042E+000  0.85631486E+000  0.94912641E+000  0.21306705E+001
  0.64902102E+000  0.85631540E+000  0.94913166E+000  0.21307005E+001
  0.64902157E+000  0.85631593E+000  0.94913692E+000  0.21307306E+001
  0.64902208E+000  0.85631646E+000  0.94914220E+000  0.21307606E+001
  0.64902255E+000  0.85631698E+000  0.94914748E+000  0.21307907E+001
  0.64902298E+000  0.85631749E+000  0.94915276E+000  0.21308207E+001
  0.64902337E+000  0.85631799E+000  0.94915804E+000  0.21308506E+001
  0.64902372E+000  0.85631849E+000  0.94916330E+000  0.21308805E+001
  0.64902404E+000  0.85631898E+000  0.94916854E+000  0.21309104E+001
  0.64902432E+000  0.85631945E+000  0.94917375E+000  0.21309402E+001
  0.64902458E+000  0.85631992E+000  0.94917893E+000  0.21309700E+001
  0.64902481E+000  0.85632038E+000  0.94918407E+000  0.21309997E+001
  0.64902502E+000  0.85632082E+000  0.94918917E+000  0.21310294E+001
  0.64902520E+000  0.85632125E+000  0.94919421E+000  0.21310590E+001
  0.64902537E+000  0.85632167E+000  0.94919920E+000  0.21310885E+001
  0.64902551E+000  0.85632207E+000  0.94920413E+000  0.21311179E+001
  0.64902564E+000  0.85632310E+000  0.94920835E+000  0.21311473E+001
  0.64902575E+000  0.85632347E+000  0.94921314E+000  0.21311767E+001
  0.64902585E+000  0.85632383E+000  0.94921785E+000  0.21312059E+001
  0.64902594E+000  0.85632418E+000  0.94922249E+000  0.21312351E+001
  0.64902602E+000  0.85632450E+000  0.94922704E+000  0.21312643E+001
  0.64902610E+000  0.85632482E+000  0.94923151E+000  0.21312933E+001
  0.64902616E+000  0.85632511E+000  0.94923589E+000  0.21313224E+001
  0.64902622E+000  0.85632539E+000  0.94924019E+000  0.21313513E+001
  0.64902628E+000  0.85632566E+000  0.94924439E+000  0.21313803E+001
  0.64902634E+000  0.85632591E+000  0.94924850E+000  0.21314091E+001
  0.64902640E+000  0.85632614E+000  0.94925251E+000  0.21314380E+001
  0.64902646E+000  0.85632637E+000  0.94925643E+000  0.21314668E+001
  0.64902652E+000  0.85632657E+000  0.94926026E+000  0.21314956E+001
  0.64902658E+000  0.85632677E+000  0.94926399E+000  0.21315244E+001
  0.64902665E+000  0.85632695E+000  0.94926763E+000  0.21315531E+001
  0.64902672E+000  0.85632711E+000  0.94927118E+000  0.21315819E+001
  0.64902680E+000  0.85632727E+000  0.94927463E+000  0.21316107E+001
  0.64902688E+000  0.85632742E+000  0.94927800E+000  0.21316394E+001
  0.64902697E+000  0.85632755E+000  0.94928127E+000  0.21316682E+001
  0.64902707E+000  0.85632768E+000  0.94928446E+000  0.21316970E+001
  0.64902718E+000  0.85632780E+000  0.94928756E+000  0.21317259E+001
  0.64902729E+000  0.85632791E+000  0.94929057E+000  0.21317547E+001
  0.64902741E+000  0.85632801E+000  0.94929351E+000  0.21317836E+001
  0.64902753E+000  0.85632811E+000  0.94929636E+000  0.21318125E+001
  0.64902767E+000  0.85632820E+000  0.94929914E+000  0.21318415E+001
  0.64902781E+000  0.85632829E+000  0.94930184E+000  0.21318705E+001
  0.64902795E+000  0.85632837E+000  0.94930446E+000  0.21318995E+001
  0.64902811E+000  0.85632846E+000  0.94930702E+000  0.21319286E+001
  0.64902827E+000  0.85632853E+000  0.94930951E+000  0.21319577E+001
  0.64902843E+000  0.85632861E+000  0.94931193E+000  0.21319869E+001
  0.64902860E+000  0.85632869E+000  0.94931428E+000  0.21320160E+001
  0.64902878E+000  0.85632876E+000  0.94931658E+000  0.21320453E+001
  0.64902896E+000  0.85632883E+000  0.94931881E+000  0.21320745E+001
  0.64902914E+000  0.85632891E+000  0.94932099E+000  0.21321038E+001
  0.64902933E+000  0.85632898E+000  0.94932311E+000  0.21321331E+001
  0.64902952E+000  0.85632905E+000  0.94932518E+000  0.21321624E+001
  0.64902971E+000  0.85632913E+000  0.94932719E+000  0.21321917E+001
  0.64902990E+000  0.85632920E+000  0.94932915E+000  0.21322209E+001
  0.64903009E+000  0.85632928E+000  0.94933107E+000  0.21322502E+001
  0.64903029E+000  0.85632936E+000  0.94933294E+000  0.21322794E+001
  0.64903048E+000  0.85632944E+000  0.94933476E+000  0.21323087E+001
  0.64903068E+000  0.85632952E+000  0.94933654E+000  0.21323378E+001
  0.64903087E+000  0.85632960E+000  0.94933827E+000  0.21323669E+001
  0.64903106E+000  0.85632968E+000  0.94933997E+000  0.21323959E+001
  0.64903126E+000  0.85632976E+000  0.94934162E+000  0.21324248E+001
  0.64903145E+000  0.85632985E+000  0.94934323E+000  0.21324536E+001
  0.64903163E+000  0.85632993E+000  0.94934480E+000  0.21324823E+001
  0.64903182E+000  0.85633002E+000  0.94934633E+000  0.21325109E+001
  0.64903200E+000  0.85633011E+000  0.94934783E+000  0.21325393E+001
  0.64903219E+000  0.85633019E+000  0.94934928E+000  0.21325675E+001
  0.64903237E+000  0.85633028E+000  0.94935070E+000  0.21325956E+001
  0.64903254E+000  0.85633037E+000  0.94935208E+000  0.21326235E+001
  0.64903272E+000  0.85633046E+000  0.94935342E+000  0.21326512E+001
  0.64903289E+000  0.85633054E+000  0.94935473E+000  0.21326786E+001
  0.64903306E+000  0.85633063E+000  0.94935600E+000  0.21327058E+001
  0.64903322E+000  0.85633072E+000  0.94935723E+000  0.21327328E+001
  0.64903339E+000  0.85633081E+000  0.94935843E+000  0.21327595E+001
  0.64903355E+000  0.85633089E+000  0.94935958E+000  0.21327859E+001
  0.64903371E+000  0.85633098E+000  0.94936070E+000  0.21328120E+001
  0.64903387E+000  0.85633106E+000  0.94936178E+000  0.21328378E+001
  0.64903403E+000  0.85633114E+000  0.94936282E+000  0.21328633E+001
  0.64903419E+000  0.85633123E+000  0.94936382E+000  0.21328884E+001
  0.64903434E+000  0.85633131E+000  0.94936479E+000  0.21329132E+001
  0.64903450E+000  0.85633138E+000  0.94936571E+000  0.21329377E+001
  0.64903466E+000  0.85633146E+000  0.94936658E+000  0.21329618E+001
  0.64903483E+000  0.85633154E+000  0.94936742E+000  0.21329855E+001
  0.64903499E+000  0.85633162E+000  0.94936822E+000  0.21330089E+001
  0.64903516E+000  0.85633169E+000  0.94936897E+000  0.21330318E+001
  0.64903534E+000  0.85633177E+000  0.94936967E+000  0.21330544E+001
  0.64903552E+000  0.85633184E+000  0.94937033E+000  0.21330766E+001
  0.64903571E+000  0.85633192E+000  0.94937094E+000  0.21330983E+001
  0.64903590E+000  0.85633199E+000  0.94937150E+000  0.21331196E+001
  0.64903609E+000  0.85633206E+000  0.94937199E+000  0.21331404E+001
  0.64903626E+000  0.85633212E+000  0.94937241E+000  0.21331607E+001
  0.64903643E+000  0.85633216E+000  0.94937275E+000  0.21331805E+001
  0.64903661E+000  0.85633218E+000  0.94937302E+000  0.21331998E+001
  0.64903687E+000  0.85633225E+000  0.94937331E+000  0.21332189E+001
  0.64903731E+000  0.85633240E+000  0.94937366E+000  0.21332382E+001
  0.64903805E+000  0.85633282E+000  0.94937433E+000  0.21332581E+001
  0.64903877E+000  0.85633325E+000  0.94937491E+000  0.21332782E+001
  0.64903917E+000  0.85633382E+000  0.94937541E+000  0.21332954E+001
  0.64903913E+000  0.85633290E+000  0.94937375E+000  0.21333104E+001
  0.64905035E+000  0.85634382E+000  0.94939202E+000  0.21333522E+001
