  0.69081541E+000  0.85035778E+000  0.10147648E+001  0.20377163E+001
  0.69072111E+000  0.85016978E+000  0.10142275E+001  0.20367020E+001
  0.69062457E+000  0.85001974E+000  0.10138017E+001  0.20359262E+001
  0.69053349E+000  0.84989910E+000  0.10134486E+001  0.20352913E+001
  0.69045142E+000  0.84980012E+000  0.10131569E+001  0.20347563E+001
  0.69037955E+000  0.84971862E+000  0.10129209E+001  0.20342954E+001
  0.69031782E+000  0.84965016E+000  0.10127220E+001  0.20339049E+001
  0.69026548E+000  0.84959206E+000  0.10125546E+001  0.20335729E+001
  0.69022155E+000  0.84954241E+000  0.10124138E+001  0.20332913E+001
  0.69018494E+000  0.84949916E+000  0.10122955E+001  0.20330523E+001
  0.69015464E+000  0.84946199E+000  0.10121963E+001  0.20328505E+001
  0.69012972E+000  0.84943014E+000  0.10121133E+001  0.20326802E+001
  0.69010937E+000  0.84940271E+000  0.10120441E+001  0.20325367E+001
  0.69009289E+000  0.84937904E+000  0.10119865E+001  0.20324159E+001
  0.69007968E+000  0.84935860E+000  0.10119389E+001  0.20323145E+001
  0.69006923E+000  0.84934094E+000  0.10118996E+001  0.20322295E+001
  0.69006110E+000  0.84932571E+000  0.10118675E+001  0.20321585E+001
  0.69005493E+000  0.84931260E+000  0.10118414E+001  0.20320996E+001
  0.69005040E+000  0.84930136E+000  0.10118205E+001  0.20320509E+001
  0.69004725E+000  0.84929177E+000  0.10118039E+001  0.20320110E+001
  0.69004526E+000  0.84928363E+000  0.10117910E+001  0.20319786E+001
  0.69004424E+000  0.84927680E+000  0.10117812E+001  0.20319526E+001
  0.69004402E+000  0.84927113E+000  0.10117739E+001  0.20319321E+001
  0.69004448E+000  0.84926649E+000  0.10117688E+001  0.20319163E+001
  0.69004549E+000  0.84926277E+000  0.10117655E+001  0.20319045E+001
  0.69004696E+000  0.84925987E+000  0.10117637E+001  0.20318963E+001
  0.69004881E+000  0.84925771E+000  0.10117631E+001  0.20318911E+001
  0.69005096E+000  0.84925619E+000  0.10117635E+001  0.20318884E+001
  0.69005335E+000  0.84925524E+000  0.10117647E+001  0.20318880E+001
  0.69005594E+000  0.84925478E+000  0.10117665E+001  0.20318895E+001
  0.69005867E+000  0.84925476E+000  0.10117689E+001  0.20318927E+001
  0.69006153E+000  0.84925511E+000  0.10117716E+001  0.20318973E+001
  0.69006446E+000  0.84925578E+000  0.10117747E+001  0.20319031E+001
  0.69006747E+000  0.84925671E+000  0.10117781E+001  0.20319100E+001
  0.69007051E+000  0.84925786E+000  0.10117817E+001  0.20319178E+001
  0.69007358E+000  0.84925919E+000  0.10117855E+001  0.20319264E+001
  0.69007667E+000  0.84926067E+000  0.10117895E+001  0.20319357E+001
  0.69007977E+000  0.84926227E+000  0.10117936E+001  0.20319456E+001
  0.69008287E+000  0.84926396E+000  0.10117979E+001  0.20319560E+001
  0.69008597E+000  0.84926571E+000  0.10118023E+001  0.20319670E+001
  0.69008907E+000  0.84926751E+000  0.10118070E+001  0.20319784E+001
  0.69009216E+000  0.84926935E+000  0.10118117E+001  0.20319903E+001
  0.69009525E+000  0.84927121E+000  0.10118167E+001  0.20320025E+001
  0.69009833E+000  0.84927309E+000  0.10118218E+001  0.20320152E+001
  0.69010141E+000  0.84927497E+000  0.10118270E+001  0.20320284E+001
  0.69010448E+000  0.84927686E+000  0.10118325E+001  0.20320419E+001
  0.69010755E+000  0.84927875E+000  0.10118381E+001  0.20320559E+001
  0.69011062E+000  0.84928064E+000  0.10118439E+001  0.20320704E+001
  0.69011369E+000  0.84928253E+000  0.10118498E+001  0.20320854E+001
  0.69011675E+000  0.84928441E+000  0.10118559E+001  0.20321008E+001
  0.69011981E+000  0.84928628E+000  0.10118622E+001  0.20321168E+001
  0.69012286E+000  0.84928814E+000  0.10118686E+001  0.20321333E+001
  0.69012590E+000  0.84928998E+000  0.10118752E+001  0.20321503E+001
  0.69012893E+000  0.84929181E+000  0.10118819E+001  0.20321679E+001
  0.69013195E+000  0.84929361E+000  0.10118888E+001  0.20321860E+001
  0.69013495E+000  0.84929539E+000  0.10118957E+001  0.20322046E+001
  0.69013793E+000  0.84929713E+000  0.10119029E+001  0.20322237E+001
  0.69014088E+000  0.84929884E+000  0.10119101E+001  0.20322434E+001
  0.69014381E+000  0.84930050E+000  0.10119174E+001  0.20322635E+001
  0.69014670E+000  0.84930210E+000  0.10119248E+001  0.20322840E+001
  0.69014956E+000  0.84930366E+000  0.10119323E+001  0.20323050E+001
  0.69015238E+000  0.84930514E+000  0.10119399E+001  0.20323264E+001
  0.69015515E+000  0.84930656E+000  0.10119476E+001  0.20323481E+001
  0.69015789E+000  0.84930791E+000  0.10119553E+001  0.20323702E+001
  0.69016059E+000  0.84930918E+000  0.10119631E+001  0.20323925E+001
  0.69016324E+000  0.84931037E+000  0.10119708E+001  0.20324151E+001
  0.69016584E+000  0.84931148E+000  0.10119787E+001  0.20324379E+001
  0.69016841E+000  0.84931251E+000  0.10119865E+001  0.20324609E+001
  0.69017093E+000  0.84931346E+000  0.10119944E+001  0.20324841E+001
  0.69017342E+000  0.84931434E+000  0.10120022E+001  0.20325074E+001
  0.69017586E+000  0.84931515E+000  0.10120102E+001  0.20325307E+001
  0.69017828E+000  0.84931590E+000  0.10120200E+001  0.20325524E+001
  0.69018066E+000  0.84931659E+000  0.10120297E+001  0.20325741E+001
  0.69018302E+000  0.84931723E+000  0.10120395E+001  0.20325959E+001
  0.69018535E+000  0.84931784E+000  0.10120492E+001  0.20326178E+001
  0.69018766E+000  0.84931842E+000  0.10120590E+001  0.20326397E+001
  0.69018996E+000  0.84931898E+000  0.10120687E+001  0.20326617E+001
  0.69019224E+000  0.84931953E+000  0.10120784E+001  0.20326838E+001
  0.69019450E+000  0.84932008E+000  0.10120881E+001  0.20327060E+001
  0.69019675E+000  0.84932065E+000  0.10120979E+001  0.20327282E+001
  0.69019900E+000  0.84932124E+000  0.10121075E+001  0.20327505E+001
  0.69020123E+000  0.84932186E+000  0.10121172E+001  0.20327728E+001
  0.69020346E+000  0.84932252E+000  0.10121269E+001  0.20327953E+001
  0.69020567E+000  0.84932323E+000  0.10121366E+001  0.20328178E+001
  0.69020788E+000  0.84932399E+000  0.10121462E+001  0.20328405E+001
  0.69021008E+000  0.84932481E+000  0.10121558E+001  0.20328632E+001
  0.69021226E+000  0.84932569E+000  0.10121654E+001  0.20328860E+001
  0.69021444E+000  0.84932665E+000  0.10121749E+001  0.20329089E+001
  0.69021659E+000  0.84932768E+000  0.10121844E+001  0.20329319E+001
  0.69021874E+000  0.84932878E+000  0.10121939E+001  0.20329550E+001
  0.69022086E+000  0.84932996E+000  0.10122033E+001  0.20329782E+001
  0.69022296E+000  0.84933123E+000  0.10122126E+001  0.20330015E+001
  0.69022504E+000  0.84933257E+000  0.10122219E+001  0.20330249E+001
  0.69022710E+000  0.84933400E+000  0.10122312E+001  0.20330484E+001
  0.69022912E+000  0.84933551E+000  0.10122403E+001  0.20330720E+001
  0.69023112E+000  0.84933710E+000  0.10122494E+001  0.20330957E+001
  0.69023308E+000  0.84933876E+000  0.10122584E+001  0.20331195E+001
  0.69023501E+000  0.84934051E+000  0.10122673E+001  0.20331433E+001
  0.69023689E+000  0.84934234E+000  0.10122761E+001  0.20331673E+001
  0.69023874E+000  0.84934423E+000  0.10122849E+001  0.20331913E+001
  0.69024055E+000  0.84934620E+000  0.10122935E+001  0.20332154E+001
  0.69024231E+000  0.84934823E+000  0.10123020E+001  0.20332396E+001
  0.69024402E+000  0.84935033E+000  0.10123104E+001  0.20332638E+001
  0.69024569E+000  0.84935249E+000  0.10123187E+001  0.20332881E+001
  0.69024730E+000  0.84935469E+000  0.10123269E+001  0.20333125E+001
  0.69024887E+000  0.84935695E+000  0.10123349E+001  0.20333369E+001
  0.69025037E+000  0.84935926E+000  0.10123429E+001  0.20333614E+001
  0.69025183E+000  0.84936160E+000  0.10123507E+001  0.20333859E+001
  0.69025322E+000  0.84936397E+000  0.10123584E+001  0.20334104E+001
  0.69025456E+000  0.84936637E+000  0.10123660E+001  0.20334350E+001
  0.69025584E+000  0.84936879E+000  0.10123735E+001  0.20334597E+001
  0.69025706E+000  0.84937122E+000  0.10123808E+001  0.20334843E+001
  0.69025822E+000  0.84937366E+000  0.10123881E+001  0.20335090E+001
  0.69025932E+000  0.84937610E+000  0.10123952E+001  0.20335337E+001
  0.69026036E+000  0.84937853E+000  0.10124023E+001  0.20335585E+001
  0.69026134E+000  0.84938095E+000  0.10124092E+001  0.20335832E+001
  0.69026227E+000  0.84938335E+000  0.10124160E+001  0.20336080E+001
  0.69026313E+000  0.84938573E+000  0.10124227E+001  0.20336328E+001
  0.69026393E+000  0.84938807E+000  0.10124294E+001  0.20336577E+001
  0.69026468E+000  0.84939037E+000  0.10124359E+001  0.20336825E+001
  0.69026537E+000  0.84939263E+000  0.10124423E+001  0.20337074E+001
  0.69026601E+000  0.84939484E+000  0.10124487E+001  0.20337323E+001
  0.69026660E+000  0.84939699E+000  0.10124549E+001  0.20337572E+001
  0.69026713E+000  0.84939908E+000  0.10124611E+001  0.20337822E+001
  0.69026762E+000  0.84940111E+000  0.10124672E+001  0.20338072E+001
  0.69026806E+000  0.84940308E+000  0.10124732E+001  0.20338323E+001
  0.69026846E+000  0.84940497E+000  0.10124791E+001  0.20338574E+001
  0.69026882E+000  0.84940678E+000  0.10124849E+001  0.20338825E+001
  0.69026914E+000  0.84940852E+000  0.10124907E+001  0.20339077E+001
  0.69026942E+000  0.84941018E+000  0.10124964E+001  0.20339330E+001
  0.69026967E+000  0.84941176E+000  0.10125019E+001  0.20339583E+001
  0.69026989E+000  0.84941327E+000  0.10125074E+001  0.20339838E+001
  0.69027009E+000  0.84941469E+000  0.10125128E+001  0.20340093E+001
  0.69027026E+000  0.84941603E+000  0.10125182E+001  0.20340349E+001
  0.69027041E+000  0.84941729E+000  0.10125234E+001  0.20340606E+001
  0.69027054E+000  0.84941847E+000  0.10125285E+001  0.20340865E+001
  0.69027065E+000  0.84941958E+000  0.10125336E+001  0.20341124E+001
  0.69027075E+000  0.84942061E+000  0.10125386E+001  0.20341385E+001
  0.69027084E+000  0.84942157E+000  0.10125434E+001  0.20341646E+001
  0.69027092E+000  0.84942246E+000  0.10125482E+001  0.20341910E+001
  0.69027099E+000  0.84942328E+000  0.10125528E+001  0.20342174E+001
  0.69027106E+000  0.84942403E+000  0.10125574E+001  0.20342440E+001
  0.69027113E+000  0.84942473E+000  0.10125618E+001  0.20342707E+001
  0.69027119E+000  0.84942537E+000  0.10125662E+001  0.20342976E+001
  0.69027126E+000  0.84942595E+000  0.10125704E+001  0.20343246E+001
  0.69027133E+000  0.84942648E+000  0.10125745E+001  0.20343517E+001
  0.69027140E+000  0.84942697E+000  0.10125785E+001  0.20343789E+001
  0.69027148E+000  0.84942741E+000  0.10125824E+001  0.20344063E+001
  0.69027156E+000  0.84942781E+000  0.10125862E+001  0.20344338E+001
  0.69027165E+000  0.84942818E+000  0.10125899E+001  0.20344614E+001
  0.69027175E+000  0.84942851E+000  0.10125934E+001  0.20344891E+001
  0.69027185E+000  0.84942881E+000  0.10125969E+001  0.20345169E+001
  0.69027197E+000  0.84942909E+000  0.10126002E+001  0.20345448E+001
  0.69027209E+000  0.84942934E+000  0.10126035E+001  0.20345728E+001
  0.69027222E+000  0.84942958E+000  0.10126066E+001  0.20346008E+001
  0.69027236E+000  0.84942980E+000  0.10126096E+001  0.20346289E+001
  0.69027251E+000  0.84943000E+000  0.10126125E+001  0.20346570E+001
  0.69027267E+000  0.84943019E+000  0.10126153E+001  0.20346851E+001
  0.69027283E+000  0.84943037E+000  0.10126180E+001  0.20347133E+001
  0.69027300E+000  0.84943054E+000  0.10126207E+001  0.20347414E+001
  0.69027318E+000  0.84943071E+000  0.10126232E+001  0.20347695E+001
  0.69027336E+000  0.84943087E+000  0.10126256E+001  0.20347976E+001
  0.69027355E+000  0.84943103E+000  0.10126280E+001  0.20348256E+001
  0.69027374E+000  0.84943118E+000  0.10126302E+001  0.20348535E+001
  0.69027394E+000  0.84943134E+000  0.10126324E+001  0.20348814E+001
  0.69027413E+000  0.84943149E+000  0.10126345E+001  0.20349091E+001
  0.69027433E+000  0.84943164E+000  0.10126365E+001  0.20349367E+001
  0.69027453E+000  0.84943178E+000  0.10126384E+001  0.20349642E+001
  0.69027472E+000  0.84943193E+000  0.10126403E+001  0.20349915E+001
  0.69027492E+000  0.84943208E+000  0.10126421E+001  0.20350187E+001
  0.69027510E+000  0.84943222E+000  0.10126438E+001  0.20350456E+001
  0.69027529E+000  0.84943236E+000  0.10126454E+001  0.20350724E+001
  0.69027547E+000  0.84943250E+000  0.10126470E+001  0.20350990E+001
  0.69027563E+000  0.84943264E+000  0.10126485E+001  0.20351253E+001
  0.69027580E+000  0.84943277E+000  0.10126500E+001  0.20351514E+001
  0.69027595E+000  0.84943289E+000  0.10126513E+001  0.20351772E+001
  0.69027608E+000  0.84943301E+000  0.10126526E+001  0.20352028E+001
  0.69027621E+000  0.84943311E+000  0.10126539E+001  0.20352281E+001
  0.69027632E+000  0.84943321E+000  0.10126550E+001  0.20352531E+001
  0.69027641E+000  0.84943329E+000  0.10126561E+001  0.20352779E+001
  0.69027649E+000  0.84943336E+000  0.10126571E+001  0.20353023E+001
  0.69027654E+000  0.84943342E+000  0.10126580E+001  0.20353265E+001
  0.69027658E+000  0.84943346E+000  0.10126589E+001  0.20353504E+001
  0.69027659E+000  0.84943348E+000  0.10126596E+001  0.20353740E+001
  0.69027658E+000  0.84943348E+000  0.10126603E+001  0.20353973E+001
  0.69027654E+000  0.84943346E+000  0.10126609E+001  0.20354203E+001
  0.69027647E+000  0.84943341E+000  0.10126613E+001  0.20354431E+001
  0.69027637E+000  0.84943334E+000  0.10126617E+001  0.20354655E+001
  0.69027623E+000  0.84943324E+000  0.10126619E+001  0.20354877E+001
  0.69027605E+000  0.84943311E+000  0.10126619E+001  0.20355095E+001
  0.69027583E+000  0.84943292E+000  0.10126617E+001  0.20355310E+001
  0.69027556E+000  0.84943268E+000  0.10126614E+001  0.20355522E+001
  0.69027527E+000  0.84943238E+000  0.10126609E+001  0.20355731E+001
  0.69027496E+000  0.84943207E+000  0.10126603E+001  0.20355939E+001
  0.69027466E+000  0.84943186E+000  0.10126599E+001  0.20356151E+001
  0.69027436E+000  0.84943191E+000  0.10126598E+001  0.20356372E+001
  0.69027389E+000  0.84943214E+000  0.10126596E+001  0.20356596E+001
  0.69027295E+000  0.84943234E+000  0.10126583E+001  0.20356802E+001
  0.69027198E+000  0.84943198E+000  0.10126552E+001  0.20356970E+001
  0.69027735E+000  0.84944409E+000  0.10126758E+001  0.20357411E+001
