  0.10476298E+001
  0.10479379E+001
  0.10481789E+001
  0.10483783E+001
  0.10485456E+001
  0.10486867E+001
  0.10488058E+001
  0.10489066E+001
  0.10489916E+001
  0.10490634E+001
  0.10491237E+001
  0.10491742E+001
  0.10492165E+001
  0.10492519E+001
  0.10492813E+001
  0.10493056E+001
  0.10493257E+001
  0.10493421E+001
  0.10493554E+001
  0.10493661E+001
  0.10493744E+001
  0.10493809E+001
  0.10493858E+001
  0.10493892E+001
  0.10493915E+001
  0.10493928E+001
  0.10493933E+001
  0.10493931E+001
  0.10493924E+001
  0.10493911E+001
  0.10493895E+001
  0.10493875E+001
  0.10493853E+001
  0.10493829E+001
  0.10493803E+001
  0.10493776E+001
  0.10493748E+001
  0.10493719E+001
  0.10493689E+001
  0.10493659E+001
  0.10493629E+001
  0.10493598E+001
  0.10493567E+001
  0.10493536E+001
  0.10493505E+001
  0.10493473E+001
  0.10493441E+001
  0.10493408E+001
  0.10493376E+001
  0.10493343E+001
  0.10493309E+001
  0.10493275E+001
  0.10493241E+001
  0.10493206E+001
  0.10493171E+001
  0.10493136E+001
  0.10493101E+001
  0.10493065E+001
  0.10493029E+001
  0.10492993E+001
  0.10492957E+001
  0.10492921E+001
  0.10492885E+001
  0.10492850E+001
  0.10492815E+001
  0.10492780E+001
  0.10492745E+001
  0.10492711E+001
  0.10492677E+001
  0.10492644E+001
  0.10492611E+001
  0.10492579E+001
  0.10492547E+001
  0.10492515E+001
  0.10492484E+001
  0.10492453E+001
  0.10492423E+001
  0.10492393E+001
  0.10492363E+001
  0.10492333E+001
  0.10492304E+001
  0.10492275E+001
  0.10492246E+001
  0.10492217E+001
  0.10492188E+001
  0.10492159E+001
  0.10492130E+001
  0.10492101E+001
  0.10492073E+001
  0.10492044E+001
  0.10492016E+001
  0.10491987E+001
  0.10491959E+001
  0.10491930E+001
  0.10491902E+001
  0.10491874E+001
  0.10491846E+001
  0.10491818E+001
  0.10491790E+001
  0.10491763E+001
  0.10491735E+001
  0.10491708E+001
  0.10491681E+001
  0.10491654E+001
  0.10491628E+001
  0.10491601E+001
  0.10491575E+001
  0.10491550E+001
  0.10491524E+001
  0.10491499E+001
  0.10491474E+001
  0.10491450E+001
  0.10491426E+001
  0.10491403E+001
  0.10491379E+001
  0.10491357E+001
  0.10491334E+001
  0.10491312E+001
  0.10491291E+001
  0.10491269E+001
  0.10491249E+001
  0.10491229E+001
  0.10491209E+001
  0.10491189E+001
  0.10491170E+001
  0.10491152E+001
  0.10491134E+001
  0.10491116E+001
  0.10491099E+001
  0.10491082E+001
  0.10491065E+001
  0.10491049E+001
  0.10491033E+001
  0.10491018E+001
  0.10491003E+001
  0.10490988E+001
  0.10490974E+001
  0.10490960E+001
  0.10490946E+001
  0.10490932E+001
  0.10490919E+001
  0.10490906E+001
  0.10490893E+001
  0.10490881E+001
  0.10490868E+001
  0.10490856E+001
  0.10490844E+001
  0.10490833E+001
  0.10490821E+001
  0.10490810E+001
  0.10490799E+001
  0.10490788E+001
  0.10490777E+001
  0.10490766E+001
  0.10490756E+001
  0.10490745E+001
  0.10490735E+001
  0.10490725E+001
  0.10490715E+001
  0.10490705E+001
  0.10490696E+001
  0.10490686E+001
  0.10490677E+001
  0.10490668E+001
  0.10490658E+001
  0.10490650E+001
  0.10490641E+001
  0.10490632E+001
  0.10490623E+001
  0.10490615E+001
  0.10490607E+001
  0.10490599E+001
  0.10490591E+001
  0.10490583E+001
  0.10490575E+001
  0.10490567E+001
  0.10490560E+001
  0.10490553E+001
  0.10490546E+001
  0.10490539E+001
  0.10490532E+001
  0.10490525E+001
  0.10490518E+001
  0.10490512E+001
  0.10490505E+001
  0.10490499E+001
  0.10490492E+001
  0.10490486E+001
  0.10490480E+001
  0.10490474E+001
  0.10490469E+001
  0.10490463E+001
  0.10490458E+001
  0.10490452E+001
  0.10490444E+001
  0.10490433E+001
  0.10490420E+001
  0.10490412E+001
  0.10490418E+001
  0.10490257E+001
