 -0.15013220E+000  0.33227242E+000  0.36351708E+001  0.83925306E+002
 -0.15035137E+000  0.33155976E+000  0.36323418E+001  0.83880067E+002
 -0.15052827E+000  0.33096745E+000  0.36299497E+001  0.83841090E+002
 -0.15067037E+000  0.33048006E+000  0.36279343E+001  0.83807637E+002
 -0.15078379E+000  0.33008190E+000  0.36262456E+001  0.83778997E+002
 -0.15087352E+000  0.32975919E+000  0.36248380E+001  0.83754516E+002
 -0.15094368E+000  0.32949947E+000  0.36236652E+001  0.83733619E+002
 -0.15099767E+000  0.32929255E+000  0.36226928E+001  0.83715797E+002
 -0.15103828E+000  0.32912986E+000  0.36218910E+001  0.83700607E+002
 -0.15106785E+000  0.32900423E+000  0.36212345E+001  0.83687667E+002
 -0.15108832E+000  0.32890999E+000  0.36207015E+001  0.83676652E+002
 -0.15110128E+000  0.32884194E+000  0.36202736E+001  0.83667279E+002
 -0.15110808E+000  0.32879573E+000  0.36199352E+001  0.83659310E+002
 -0.15110983E+000  0.32876773E+000  0.36196729E+001  0.83652541E+002
 -0.15110746E+000  0.32875491E+000  0.36194756E+001  0.83646799E+002
 -0.15110173E+000  0.32875472E+000  0.36193338E+001  0.83641934E+002
 -0.15109330E+000  0.32876503E+000  0.36192394E+001  0.83637820E+002
 -0.15108268E+000  0.32878405E+000  0.36191855E+001  0.83634351E+002
 -0.15107032E+000  0.32881028E+000  0.36191663E+001  0.83631433E+002
 -0.15105660E+000  0.32884247E+000  0.36191771E+001  0.83628989E+002
 -0.15104182E+000  0.32887957E+000  0.36192136E+001  0.83626952E+002
 -0.15102623E+000  0.32892071E+000  0.36192723E+001  0.83625263E+002
 -0.15101004E+000  0.32896514E+000  0.36193502E+001  0.83623875E+002
 -0.15099343E+000  0.32901227E+000  0.36194447E+001  0.83622745E+002
 -0.15097655E+000  0.32906157E+000  0.36195538E+001  0.83621836E+002
 -0.15095950E+000  0.32911262E+000  0.36196754E+001  0.83621119E+002
 -0.15094239E+000  0.32916507E+000  0.36198081E+001  0.83620566E+002
 -0.15092529E+000  0.32921861E+000  0.36199504E+001  0.83620155E+002
 -0.15090827E+000  0.32927301E+000  0.36201012E+001  0.83619865E+002
 -0.15089136E+000  0.32932805E+000  0.36202595E+001  0.83619681E+002
 -0.15087461E+000  0.32938358E+000  0.36204244E+001  0.83619587E+002
 -0.15085803E+000  0.32943945E+000  0.36205952E+001  0.83619573E+002
 -0.15084163E+000  0.32949556E+000  0.36207713E+001  0.83619627E+002
 -0.15082543E+000  0.32955182E+000  0.36209521E+001  0.83619740E+002
 -0.15080943E+000  0.32960816E+000  0.36211372E+001  0.83619907E+002
 -0.15079360E+000  0.32966452E+000  0.36213263E+001  0.83620121E+002
 -0.15077795E+000  0.32972086E+000  0.36215189E+001  0.83620379E+002
 -0.15076245E+000  0.32977716E+000  0.36217150E+001  0.83620675E+002
 -0.15074710E+000  0.32983339E+000  0.36219141E+001  0.83621008E+002
 -0.15073185E+000  0.32988952E+000  0.36221162E+001  0.83621377E+002
 -0.15071670E+000  0.32994556E+000  0.36223211E+001  0.83621780E+002
 -0.15070163E+000  0.33000148E+000  0.36225287E+001  0.83622217E+002
 -0.15068661E+000  0.33005728E+000  0.36227387E+001  0.83622687E+002
 -0.15067162E+000  0.33011294E+000  0.36229511E+001  0.83623193E+002
 -0.15065664E+000  0.33016845E+000  0.36231658E+001  0.83623734E+002
 -0.15064167E+000  0.33022379E+000  0.36233826E+001  0.83624311E+002
 -0.15062669E+000  0.33027893E+000  0.36236013E+001  0.83624927E+002
 -0.15061170E+000  0.33033383E+000  0.36238218E+001  0.83625582E+002
 -0.15059669E+000  0.33038847E+000  0.36240438E+001  0.83626279E+002
 -0.15058167E+000  0.33044280E+000  0.36242672E+001  0.83627018E+002
 -0.15056664E+000  0.33049676E+000  0.36244917E+001  0.83627802E+002
 -0.15055161E+000  0.33055030E+000  0.36247171E+001  0.83628631E+002
 -0.15053659E+000  0.33060336E+000  0.36249430E+001  0.83629508E+002
 -0.15052161E+000  0.33065587E+000  0.36251692E+001  0.83630433E+002
 -0.15050668E+000  0.33070776E+000  0.36253954E+001  0.83631407E+002
 -0.15049181E+000  0.33075897E+000  0.36256212E+001  0.83632431E+002
 -0.15047705E+000  0.33080942E+000  0.36258464E+001  0.83633506E+002
 -0.15046240E+000  0.33085905E+000  0.36260706E+001  0.83634632E+002
 -0.15044789E+000  0.33090780E+000  0.36262935E+001  0.83635809E+002
 -0.15043356E+000  0.33095562E+000  0.36265148E+001  0.83637038E+002
 -0.15041941E+000  0.33100245E+000  0.36267343E+001  0.83638318E+002
 -0.15040547E+000  0.33104827E+000  0.36269516E+001  0.83639649E+002
 -0.15039176E+000  0.33109305E+000  0.36271665E+001  0.83641031E+002
 -0.15037830E+000  0.33113677E+000  0.36273789E+001  0.83642463E+002
 -0.15036510E+000  0.33117945E+000  0.36275885E+001  0.83643945E+002
 -0.15035218E+000  0.33122108E+000  0.36277953E+001  0.83645476E+002
 -0.15033953E+000  0.33126171E+000  0.36279991E+001  0.83647056E+002
 -0.15032717E+000  0.33130136E+000  0.36281999E+001  0.83648686E+002
 -0.15031510E+000  0.33134009E+000  0.36283976E+001  0.83650364E+002
 -0.15030332E+000  0.33137794E+000  0.36285923E+001  0.83652090E+002
 -0.15029183E+000  0.33141499E+000  0.36287842E+001  0.83653865E+002
 -0.15028062E+000  0.33145131E+000  0.36289741E+001  0.83655687E+002
 -0.15026971E+000  0.33148695E+000  0.36291613E+001  0.83657559E+002
 -0.15025907E+000  0.33152200E+000  0.36293458E+001  0.83659480E+002
 -0.15024872E+000  0.33155651E+000  0.36295278E+001  0.83661451E+002
 -0.15023865E+000  0.33159055E+000  0.36297074E+001  0.83663472E+002
 -0.15022885E+000  0.33162418E+000  0.36298847E+001  0.83665544E+002
 -0.15021933E+000  0.33165745E+000  0.36300599E+001  0.83667666E+002
 -0.15021009E+000  0.33169040E+000  0.36302331E+001  0.83669840E+002
 -0.15020112E+000  0.33172307E+000  0.36304044E+001  0.83672066E+002
 -0.15019244E+000  0.33175548E+000  0.36305740E+001  0.83674344E+002
 -0.15018404E+000  0.33178766E+000  0.36307419E+001  0.83676673E+002
 -0.15017592E+000  0.33181960E+000  0.36309082E+001  0.83679053E+002
 -0.15016809E+000  0.33185132E+000  0.36310730E+001  0.83681484E+002
 -0.15016056E+000  0.33188282E+000  0.36312363E+001  0.83683966E+002
 -0.15015332E+000  0.33191408E+000  0.36313981E+001  0.83686496E+002
 -0.15014638E+000  0.33194508E+000  0.36315585E+001  0.83689075E+002
 -0.15013975E+000  0.33197583E+000  0.36317176E+001  0.83691701E+002
 -0.15013342E+000  0.33200628E+000  0.36318752E+001  0.83694373E+002
 -0.15012739E+000  0.33203641E+000  0.36320313E+001  0.83697088E+002
 -0.15012168E+000  0.33206621E+000  0.36321860E+001  0.83699846E+002
 -0.15011627E+000  0.33209564E+000  0.36323393E+001  0.83702645E+002
 -0.15011116E+000  0.33212467E+000  0.36324910E+001  0.83705481E+002
 -0.15010636E+000  0.33215327E+000  0.36326412E+001  0.83708355E+002
 -0.15010186E+000  0.33218141E+000  0.36327897E+001  0.83711262E+002
 -0.15009766E+000  0.33220906E+000  0.36329367E+001  0.83714201E+002
 -0.15009374E+000  0.33223618E+000  0.36330819E+001  0.83717170E+002
 -0.15009012E+000  0.33226276E+000  0.36332255E+001  0.83720166E+002
 -0.15008677E+000  0.33228875E+000  0.36333673E+001  0.83723186E+002
 -0.15008369E+000  0.33231412E+000  0.36335073E+001  0.83726230E+002
 -0.15008088E+000  0.33233886E+000  0.36336455E+001  0.83729293E+002
 -0.15007832E+000  0.33236294E+000  0.36337817E+001  0.83732374E+002
 -0.15007601E+000  0.33238632E+000  0.36339161E+001  0.83735470E+002
 -0.15007393E+000  0.33240899E+000  0.36340486E+001  0.83738580E+002
 -0.15007208E+000  0.33243091E+000  0.36341791E+001  0.83741700E+002
 -0.15007045E+000  0.33245209E+000  0.36343076E+001  0.83744830E+002
 -0.15006902E+000  0.33247248E+000  0.36344340E+001  0.83747966E+002
 -0.15006779E+000  0.33249208E+000  0.36345584E+001  0.83751108E+002
 -0.15006674E+000  0.33251087E+000  0.36346807E+001  0.83754253E+002
 -0.15006587E+000  0.33252883E+000  0.36348008E+001  0.83757399E+002
 -0.15006517E+000  0.33254596E+000  0.36349188E+001  0.83760545E+002
 -0.15006462E+000  0.33256226E+000  0.36350346E+001  0.83763689E+002
 -0.15006422E+000  0.33257770E+000  0.36351482E+001  0.83766830E+002
 -0.15006395E+000  0.33259230E+000  0.36352594E+001  0.83769967E+002
 -0.15006380E+000  0.33260605E+000  0.36353684E+001  0.83773098E+002
 -0.15006377E+000  0.33261896E+000  0.36354750E+001  0.83776221E+002
 -0.15006385E+000  0.33263104E+000  0.36355793E+001  0.83779337E+002
 -0.15006402E+000  0.33264230E+000  0.36356812E+001  0.83782443E+002
 -0.15006427E+000  0.33265276E+000  0.36357806E+001  0.83785540E+002
 -0.15006459E+000  0.33266242E+000  0.36358776E+001  0.83788627E+002
 -0.15006498E+000  0.33267133E+000  0.36359721E+001  0.83791702E+002
 -0.15006543E+000  0.33267950E+000  0.36360641E+001  0.83794765E+002
 -0.15006592E+000  0.33268696E+000  0.36361536E+001  0.83797817E+002
 -0.15006644E+000  0.33269374E+000  0.36362407E+001  0.83800856E+002
 -0.15006699E+000  0.33269987E+000  0.36363252E+001  0.83803882E+002
 -0.15006756E+000  0.33270539E+000  0.36364072E+001  0.83806896E+002
 -0.15006813E+000  0.33271035E+000  0.36364867E+001  0.83809897E+002
 -0.15006871E+000  0.33271476E+000  0.36365637E+001  0.83812885E+002
 -0.15006927E+000  0.33271869E+000  0.36366382E+001  0.83815861E+002
 -0.15006982E+000  0.33272216E+000  0.36367103E+001  0.83818824E+002
 -0.15007035E+000  0.33272522E+000  0.36367799E+001  0.83821774E+002
 -0.15007086E+000  0.33272791E+000  0.36368472E+001  0.83824713E+002
 -0.15007133E+000  0.33273027E+000  0.36369121E+001  0.83827640E+002
 -0.15007176E+000  0.33273234E+000  0.36369747E+001  0.83830555E+002
 -0.15007215E+000  0.33273417E+000  0.36370350E+001  0.83833458E+002
 -0.15007249E+000  0.33273578E+000  0.36370932E+001  0.83836351E+002
 -0.15007278E+000  0.33273722E+000  0.36371492E+001  0.83839233E+002
 -0.15007302E+000  0.33273852E+000  0.36372031E+001  0.83842104E+002
 -0.15007320E+000  0.33273971E+000  0.36372550E+001  0.83844965E+002
 -0.15007333E+000  0.33274084E+000  0.36373050E+001  0.83847816E+002
 -0.15007340E+000  0.33274192E+000  0.36373531E+001  0.83850657E+002
 -0.15007341E+000  0.33274299E+000  0.36373994E+001  0.83853488E+002
 -0.15007337E+000  0.33274406E+000  0.36374439E+001  0.83856309E+002
 -0.15007327E+000  0.33274517E+000  0.36374869E+001  0.83859121E+002
 -0.15007311E+000  0.33274632E+000  0.36375283E+001  0.83861922E+002
 -0.15007290E+000  0.33274755E+000  0.36375682E+001  0.83864714E+002
 -0.15007263E+000  0.33274886E+000  0.36376067E+001  0.83867496E+002
 -0.15007232E+000  0.33275025E+000  0.36376438E+001  0.83870267E+002
 -0.15007196E+000  0.33275176E+000  0.36376798E+001  0.83873028E+002
 -0.15007156E+000  0.33275336E+000  0.36377145E+001  0.83875778E+002
 -0.15007111E+000  0.33275508E+000  0.36377482E+001  0.83878517E+002
 -0.15007063E+000  0.33275691E+000  0.36377808E+001  0.83881243E+002
 -0.15007012E+000  0.33275885E+000  0.36378124E+001  0.83883958E+002
 -0.15006957E+000  0.33276090E+000  0.36378431E+001  0.83886659E+002
 -0.15006901E+000  0.33276304E+000  0.36378729E+001  0.83889346E+002
 -0.15006842E+000  0.33276528E+000  0.36379019E+001  0.83892019E+002
 -0.15006782E+000  0.33276759E+000  0.36379301E+001  0.83894677E+002
 -0.15006721E+000  0.33276998E+000  0.36379576E+001  0.83897319E+002
 -0.15006659E+000  0.33277242E+000  0.36379843E+001  0.83899944E+002
 -0.15006598E+000  0.33277490E+000  0.36380104E+001  0.83902551E+002
 -0.15006536E+000  0.33277739E+000  0.36380357E+001  0.83905138E+002
 -0.15006476E+000  0.33277990E+000  0.36380603E+001  0.83907706E+002
 -0.15006417E+000  0.33278238E+000  0.36380843E+001  0.83910253E+002
 -0.15006360E+000  0.33278483E+000  0.36381076E+001  0.83912778E+002
 -0.15006306E+000  0.33278722E+000  0.36381301E+001  0.83915279E+002
 -0.15006254E+000  0.33278953E+000  0.36381519E+001  0.83917756E+002
 -0.15006205E+000  0.33279173E+000  0.36381730E+001  0.83920208E+002
 -0.15006161E+000  0.33279380E+000  0.36381932E+001  0.83922632E+002
 -0.15006120E+000  0.33279571E+000  0.36382126E+001  0.83925029E+002
 -0.15006084E+000  0.33279745E+000  0.36382311E+001  0.83927397E+002
 -0.15006054E+000  0.33279897E+000  0.36382486E+001  0.83929734E+002
 -0.15006028E+000  0.33280027E+000  0.36382650E+001  0.83932040E+002
 -0.15006009E+000  0.33280130E+000  0.36382804E+001  0.83934312E+002
 -0.15005995E+000  0.33280205E+000  0.36382946E+001  0.83936551E+002
 -0.15005989E+000  0.33280249E+000  0.36383075E+001  0.83938755E+002
 -0.15005989E+000  0.33280258E+000  0.36383190E+001  0.83940921E+002
 -0.15005996E+000  0.33280230E+000  0.36383290E+001  0.83943050E+002
 -0.15006011E+000  0.33280162E+000  0.36383374E+001  0.83945140E+002
 -0.15006034E+000  0.33280051E+000  0.36383441E+001  0.83947190E+002
 -0.15006066E+000  0.33279895E+000  0.36383488E+001  0.83949197E+002
 -0.15006105E+000  0.33279691E+000  0.36383516E+001  0.83951162E+002
 -0.15006154E+000  0.33279436E+000  0.36383522E+001  0.83953081E+002
 -0.15006211E+000  0.33279127E+000  0.36383505E+001  0.83954955E+002
 -0.15006278E+000  0.33278760E+000  0.36383462E+001  0.83956781E+002
 -0.15006355E+000  0.33278334E+000  0.36383392E+001  0.83958558E+002
 -0.15006443E+000  0.33277843E+000  0.36383292E+001  0.83960284E+002
 -0.15006543E+000  0.33277285E+000  0.36383160E+001  0.83961957E+002
 -0.15006654E+000  0.33276654E+000  0.36382994E+001  0.83963574E+002
 -0.15006779E+000  0.33275948E+000  0.36382790E+001  0.83965133E+002
 -0.15006916E+000  0.33275165E+000  0.36382547E+001  0.83966630E+002
 -0.15007064E+000  0.33274306E+000  0.36382262E+001  0.83968060E+002
 -0.15007217E+000  0.33273379E+000  0.36381935E+001  0.83969421E+002
 -0.15007371E+000  0.33272394E+000  0.36381566E+001  0.83970713E+002
 -0.15007525E+000  0.33271359E+000  0.36381153E+001  0.83971940E+002
 -0.15007696E+000  0.33270243E+000  0.36380687E+001  0.83973114E+002
 -0.15007931E+000  0.33268957E+000  0.36380146E+001  0.83974249E+002
 -0.15008314E+000  0.33267283E+000  0.36379468E+001  0.83975322E+002
 -0.15008864E+000  0.33265141E+000  0.36378626E+001  0.83976236E+002
 -0.15009454E+000  0.33262574E+000  0.36377595E+001  0.83976840E+002
 -0.15009948E+000  0.33260789E+000  0.36376886E+001  0.83977926E+002
