  0.15466446E+001
  0.15515903E+001
  0.15559379E+001
  0.15597286E+001
  0.15630101E+001
  0.15658378E+001
  0.15682671E+001
  0.15703506E+001
  0.15721350E+001
  0.15736622E+001
  0.15749682E+001
  0.15760843E+001
  0.15770377E+001
  0.15778517E+001
  0.15785463E+001
  0.15791385E+001
  0.15796429E+001
  0.15800722E+001
  0.15804371E+001
  0.15807469E+001
  0.15810095E+001
  0.15812318E+001
  0.15814194E+001
  0.15815776E+001
  0.15817105E+001
  0.15818220E+001
  0.15819153E+001
  0.15819930E+001
  0.15820578E+001
  0.15821115E+001
  0.15821562E+001
  0.15821932E+001
  0.15822241E+001
  0.15822499E+001
  0.15822717E+001
  0.15822902E+001
  0.15823063E+001
  0.15823205E+001
  0.15823332E+001
  0.15823449E+001
  0.15823559E+001
  0.15823665E+001
  0.15823769E+001
  0.15823872E+001
  0.15823974E+001
  0.15824078E+001
  0.15824182E+001
  0.15824288E+001
  0.15824396E+001
  0.15824504E+001
  0.15824614E+001
  0.15824725E+001
  0.15824836E+001
  0.15824948E+001
  0.15825059E+001
  0.15825171E+001
  0.15825282E+001
  0.15825393E+001
  0.15825503E+001
  0.15825612E+001
  0.15825720E+001
  0.15825828E+001
  0.15825935E+001
  0.15826042E+001
  0.15826149E+001
  0.15826255E+001
  0.15826362E+001
  0.15826470E+001
  0.15826578E+001
  0.15826688E+001
  0.15826799E+001
  0.15826911E+001
  0.15827025E+001
  0.15827140E+001
  0.15827258E+001
  0.15827377E+001
  0.15827498E+001
  0.15827620E+001
  0.15827744E+001
  0.15827870E+001
  0.15827997E+001
  0.15828125E+001
  0.15828255E+001
  0.15828385E+001
  0.15828516E+001
  0.15828648E+001
  0.15828780E+001
  0.15828912E+001
  0.15829045E+001
  0.15829179E+001
  0.15829312E+001
  0.15829445E+001
  0.15829578E+001
  0.15829712E+001
  0.15829845E+001
  0.15829977E+001
  0.15830110E+001
  0.15830242E+001
  0.15830375E+001
  0.15830506E+001
  0.15830638E+001
  0.15830769E+001
  0.15830900E+001
  0.15831030E+001
  0.15831160E+001
  0.15831290E+001
  0.15831420E+001
  0.15831549E+001
  0.15831678E+001
  0.15831807E+001
  0.15831935E+001
  0.15832063E+001
  0.15832191E+001
  0.15832319E+001
  0.15832446E+001
  0.15832573E+001
  0.15832700E+001
  0.15832826E+001
  0.15832953E+001
  0.15833079E+001
  0.15833206E+001
  0.15833332E+001
  0.15833458E+001
  0.15833584E+001
  0.15833710E+001
  0.15833836E+001
  0.15833962E+001
  0.15834088E+001
  0.15834215E+001
  0.15834341E+001
  0.15834468E+001
  0.15834594E+001
  0.15834721E+001
  0.15834848E+001
  0.15834976E+001
  0.15835103E+001
  0.15835231E+001
  0.15835359E+001
  0.15835488E+001
  0.15835616E+001
  0.15835745E+001
  0.15835873E+001
  0.15836002E+001
  0.15836131E+001
  0.15836260E+001
  0.15836390E+001
  0.15836519E+001
  0.15836648E+001
  0.15836777E+001
  0.15836906E+001
  0.15837034E+001
  0.15837163E+001
  0.15837291E+001
  0.15837419E+001
  0.15837546E+001
  0.15837673E+001
  0.15837800E+001
  0.15837925E+001
  0.15838050E+001
  0.15838175E+001
  0.15838298E+001
  0.15838421E+001
  0.15838542E+001
  0.15838663E+001
  0.15838782E+001
  0.15838900E+001
  0.15839017E+001
  0.15839132E+001
  0.15839246E+001
  0.15839359E+001
  0.15839470E+001
  0.15839579E+001
  0.15839686E+001
  0.15839792E+001
  0.15839896E+001
  0.15839998E+001
  0.15840098E+001
  0.15840195E+001
  0.15840291E+001
  0.15840384E+001
  0.15840475E+001
  0.15840564E+001
  0.15840650E+001
  0.15840734E+001
  0.15840814E+001
  0.15840892E+001
  0.15840967E+001
  0.15841039E+001
  0.15841107E+001
  0.15841171E+001
  0.15841231E+001
  0.15841288E+001
  0.15841344E+001
  0.15841401E+001
  0.15841460E+001
  0.15841514E+001
  0.15841536E+001
  0.15841506E+001
  0.15841649E+001
  0.15841863E+001
