  0.57742221E+000
  0.57759202E+000
  0.57772483E+000
  0.57783471E+000
  0.57792698E+000
  0.57800470E+000
  0.57807039E+000
  0.57812595E+000
  0.57817278E+000
  0.57821232E+000
  0.57824556E+000
  0.57827343E+000
  0.57829674E+000
  0.57831622E+000
  0.57833243E+000
  0.57834585E+000
  0.57835692E+000
  0.57836597E+000
  0.57837329E+000
  0.57837916E+000
  0.57838378E+000
  0.57838735E+000
  0.57839002E+000
  0.57839193E+000
  0.57839320E+000
  0.57839392E+000
  0.57839419E+000
  0.57839408E+000
  0.57839366E+000
  0.57839297E+000
  0.57839206E+000
  0.57839098E+000
  0.57838976E+000
  0.57838842E+000
  0.57838700E+000
  0.57838551E+000
  0.57838396E+000
  0.57838237E+000
  0.57838074E+000
  0.57837909E+000
  0.57837742E+000
  0.57837573E+000
  0.57837403E+000
  0.57837231E+000
  0.57837057E+000
  0.57836882E+000
  0.57836705E+000
  0.57836527E+000
  0.57836346E+000
  0.57836163E+000
  0.57835979E+000
  0.57835792E+000
  0.57835603E+000
  0.57835412E+000
  0.57835219E+000
  0.57835025E+000
  0.57834829E+000
  0.57834632E+000
  0.57834435E+000
  0.57834237E+000
  0.57834039E+000
  0.57833841E+000
  0.57833644E+000
  0.57833448E+000
  0.57833254E+000
  0.57833061E+000
  0.57832870E+000
  0.57832682E+000
  0.57832496E+000
  0.57832313E+000
  0.57832132E+000
  0.57831953E+000
  0.57831777E+000
  0.57831604E+000
  0.57831432E+000
  0.57831263E+000
  0.57831095E+000
  0.57830929E+000
  0.57830765E+000
  0.57830601E+000
  0.57830439E+000
  0.57830278E+000
  0.57830117E+000
  0.57829957E+000
  0.57829798E+000
  0.57829639E+000
  0.57829480E+000
  0.57829322E+000
  0.57829164E+000
  0.57829007E+000
  0.57828850E+000
  0.57828693E+000
  0.57828536E+000
  0.57828380E+000
  0.57828224E+000
  0.57828069E+000
  0.57827914E+000
  0.57827760E+000
  0.57827607E+000
  0.57827455E+000
  0.57827304E+000
  0.57827154E+000
  0.57827005E+000
  0.57826857E+000
  0.57826711E+000
  0.57826566E+000
  0.57826423E+000
  0.57826281E+000
  0.57826141E+000
  0.57826003E+000
  0.57825867E+000
  0.57825733E+000
  0.57825601E+000
  0.57825470E+000
  0.57825343E+000
  0.57825217E+000
  0.57825093E+000
  0.57824972E+000
  0.57824854E+000
  0.57824737E+000
  0.57824623E+000
  0.57824512E+000
  0.57824402E+000
  0.57824295E+000
  0.57824191E+000
  0.57824089E+000
  0.57823989E+000
  0.57823891E+000
  0.57823796E+000
  0.57823703E+000
  0.57823612E+000
  0.57823523E+000
  0.57823436E+000
  0.57823351E+000
  0.57823268E+000
  0.57823187E+000
  0.57823107E+000
  0.57823030E+000
  0.57822953E+000
  0.57822879E+000
  0.57822806E+000
  0.57822734E+000
  0.57822663E+000
  0.57822594E+000
  0.57822527E+000
  0.57822460E+000
  0.57822394E+000
  0.57822330E+000
  0.57822266E+000
  0.57822204E+000
  0.57822143E+000
  0.57822082E+000
  0.57822022E+000
  0.57821964E+000
  0.57821906E+000
  0.57821849E+000
  0.57821792E+000
  0.57821737E+000
  0.57821682E+000
  0.57821628E+000
  0.57821575E+000
  0.57821522E+000
  0.57821471E+000
  0.57821420E+000
  0.57821370E+000
  0.57821320E+000
  0.57821271E+000
  0.57821224E+000
  0.57821176E+000
  0.57821130E+000
  0.57821084E+000
  0.57821039E+000
  0.57820995E+000
  0.57820952E+000
  0.57820910E+000
  0.57820868E+000
  0.57820827E+000
  0.57820787E+000
  0.57820747E+000
  0.57820708E+000
  0.57820670E+000
  0.57820633E+000
  0.57820596E+000
  0.57820560E+000
  0.57820524E+000
  0.57820489E+000
  0.57820454E+000
  0.57820420E+000
  0.57820386E+000
  0.57820353E+000
  0.57820322E+000
  0.57820293E+000
  0.57820264E+000
  0.57820231E+000
  0.57820188E+000
  0.57820125E+000
  0.57820057E+000
  0.57820013E+000
  0.57820043E+000
  0.57819157E+000
