  0.83768870E+000
  0.83790437E+000
  0.83807304E+000
  0.83821259E+000
  0.83832977E+000
  0.83842848E+000
  0.83851191E+000
  0.83858247E+000
  0.83864195E+000
  0.83869216E+000
  0.83873438E+000
  0.83876977E+000
  0.83879938E+000
  0.83882412E+000
  0.83884471E+000
  0.83886176E+000
  0.83887581E+000
  0.83888730E+000
  0.83889660E+000
  0.83890406E+000
  0.83890993E+000
  0.83891446E+000
  0.83891785E+000
  0.83892028E+000
  0.83892189E+000
  0.83892281E+000
  0.83892315E+000
  0.83892301E+000
  0.83892246E+000
  0.83892159E+000
  0.83892044E+000
  0.83891907E+000
  0.83891752E+000
  0.83891582E+000
  0.83891401E+000
  0.83891212E+000
  0.83891015E+000
  0.83890813E+000
  0.83890606E+000
  0.83890397E+000
  0.83890185E+000
  0.83889970E+000
  0.83889754E+000
  0.83889535E+000
  0.83889315E+000
  0.83889093E+000
  0.83888868E+000
  0.83888641E+000
  0.83888412E+000
  0.83888180E+000
  0.83887945E+000
  0.83887708E+000
  0.83887468E+000
  0.83887226E+000
  0.83886981E+000
  0.83886734E+000
  0.83886485E+000
  0.83886235E+000
  0.83885984E+000
  0.83885733E+000
  0.83885481E+000
  0.83885230E+000
  0.83884980E+000
  0.83884731E+000
  0.83884484E+000
  0.83884239E+000
  0.83883997E+000
  0.83883758E+000
  0.83883522E+000
  0.83883289E+000
  0.83883059E+000
  0.83882833E+000
  0.83882609E+000
  0.83882389E+000
  0.83882171E+000
  0.83881956E+000
  0.83881743E+000
  0.83881532E+000
  0.83881323E+000
  0.83881116E+000
  0.83880910E+000
  0.83880705E+000
  0.83880501E+000
  0.83880298E+000
  0.83880095E+000
  0.83879893E+000
  0.83879692E+000
  0.83879491E+000
  0.83879291E+000
  0.83879091E+000
  0.83878891E+000
  0.83878692E+000
  0.83878493E+000
  0.83878294E+000
  0.83878097E+000
  0.83877900E+000
  0.83877703E+000
  0.83877508E+000
  0.83877313E+000
  0.83877120E+000
  0.83876928E+000
  0.83876737E+000
  0.83876548E+000
  0.83876360E+000
  0.83876175E+000
  0.83875991E+000
  0.83875809E+000
  0.83875629E+000
  0.83875451E+000
  0.83875276E+000
  0.83875103E+000
  0.83874932E+000
  0.83874765E+000
  0.83874599E+000
  0.83874437E+000
  0.83874277E+000
  0.83874121E+000
  0.83873967E+000
  0.83873816E+000
  0.83873668E+000
  0.83873523E+000
  0.83873381E+000
  0.83873243E+000
  0.83873107E+000
  0.83872974E+000
  0.83872845E+000
  0.83872718E+000
  0.83872594E+000
  0.83872473E+000
  0.83872355E+000
  0.83872239E+000
  0.83872126E+000
  0.83872016E+000
  0.83871908E+000
  0.83871802E+000
  0.83871699E+000
  0.83871598E+000
  0.83871499E+000
  0.83871403E+000
  0.83871308E+000
  0.83871215E+000
  0.83871124E+000
  0.83871034E+000
  0.83870947E+000
  0.83870860E+000
  0.83870776E+000
  0.83870693E+000
  0.83870611E+000
  0.83870530E+000
  0.83870451E+000
  0.83870373E+000
  0.83870296E+000
  0.83870220E+000
  0.83870146E+000
  0.83870072E+000
  0.83870000E+000
  0.83869928E+000
  0.83869858E+000
  0.83869788E+000
  0.83869719E+000
  0.83869652E+000
  0.83869585E+000
  0.83869520E+000
  0.83869455E+000
  0.83869391E+000
  0.83869328E+000
  0.83869266E+000
  0.83869206E+000
  0.83869146E+000
  0.83869087E+000
  0.83869029E+000
  0.83868972E+000
  0.83868916E+000
  0.83868861E+000
  0.83868807E+000
  0.83868754E+000
  0.83868702E+000
  0.83868651E+000
  0.83868601E+000
  0.83868551E+000
  0.83868503E+000
  0.83868455E+000
  0.83868409E+000
  0.83868363E+000
  0.83868317E+000
  0.83868272E+000
  0.83868228E+000
  0.83868185E+000
  0.83868142E+000
  0.83868101E+000
  0.83868061E+000
  0.83868024E+000
  0.83867987E+000
  0.83867945E+000
  0.83867890E+000
  0.83867810E+000
  0.83867723E+000
  0.83867668E+000
  0.83867706E+000
  0.83866580E+000
