  0.21935652E+002
  0.21923402E+002
  0.21912867E+002
  0.21903843E+002
  0.21896132E+002
  0.21889557E+002
  0.21883958E+002
  0.21879194E+002
  0.21875145E+002
  0.21871707E+002
  0.21868791E+002
  0.21866321E+002
  0.21864231E+002
  0.21862465E+002
  0.21860978E+002
  0.21859728E+002
  0.21858680E+002
  0.21857807E+002
  0.21857082E+002
  0.21856485E+002
  0.21855998E+002
  0.21855605E+002
  0.21855292E+002
  0.21855049E+002
  0.21854866E+002
  0.21854734E+002
  0.21854647E+002
  0.21854597E+002
  0.21854580E+002
  0.21854592E+002
  0.21854628E+002
  0.21854685E+002
  0.21854760E+002
  0.21854852E+002
  0.21854958E+002
  0.21855077E+002
  0.21855208E+002
  0.21855349E+002
  0.21855500E+002
  0.21855660E+002
  0.21855830E+002
  0.21856009E+002
  0.21856197E+002
  0.21856394E+002
  0.21856600E+002
  0.21856816E+002
  0.21857043E+002
  0.21857279E+002
  0.21857526E+002
  0.21857784E+002
  0.21858053E+002
  0.21858334E+002
  0.21858627E+002
  0.21858931E+002
  0.21859248E+002
  0.21859577E+002
  0.21859919E+002
  0.21860272E+002
  0.21860638E+002
  0.21861016E+002
  0.21861406E+002
  0.21861808E+002
  0.21862222E+002
  0.21862647E+002
  0.21863084E+002
  0.21863532E+002
  0.21863992E+002
  0.21864462E+002
  0.21864944E+002
  0.21865437E+002
  0.21865940E+002
  0.21866455E+002
  0.21866982E+002
  0.21867520E+002
  0.21868069E+002
  0.21868630E+002
  0.21869203E+002
  0.21869788E+002
  0.21870386E+002
  0.21870996E+002
  0.21871618E+002
  0.21872252E+002
  0.21872899E+002
  0.21873558E+002
  0.21874228E+002
  0.21874911E+002
  0.21875605E+002
  0.21876311E+002
  0.21877028E+002
  0.21877755E+002
  0.21878492E+002
  0.21879238E+002
  0.21879994E+002
  0.21880758E+002
  0.21881530E+002
  0.21882310E+002
  0.21883096E+002
  0.21883888E+002
  0.21884686E+002
  0.21885489E+002
  0.21886296E+002
  0.21887107E+002
  0.21887922E+002
  0.21888738E+002
  0.21889557E+002
  0.21890377E+002
  0.21891198E+002
  0.21892020E+002
  0.21892842E+002
  0.21893663E+002
  0.21894484E+002
  0.21895303E+002
  0.21896120E+002
  0.21896936E+002
  0.21897749E+002
  0.21898560E+002
  0.21899368E+002
  0.21900173E+002
  0.21900975E+002
  0.21901773E+002
  0.21902567E+002
  0.21903358E+002
  0.21904145E+002
  0.21904928E+002
  0.21905707E+002
  0.21906483E+002
  0.21907254E+002
  0.21908021E+002
  0.21908784E+002
  0.21909544E+002
  0.21910300E+002
  0.21911052E+002
  0.21911800E+002
  0.21912545E+002
  0.21913286E+002
  0.21914024E+002
  0.21914759E+002
  0.21915491E+002
  0.21916219E+002
  0.21916945E+002
  0.21917667E+002
  0.21918387E+002
  0.21919103E+002
  0.21919817E+002
  0.21920528E+002
  0.21921237E+002
  0.21921942E+002
  0.21922645E+002
  0.21923344E+002
  0.21924041E+002
  0.21924735E+002
  0.21925425E+002
  0.21926112E+002
  0.21926796E+002
  0.21927476E+002
  0.21928152E+002
  0.21928824E+002
  0.21929492E+002
  0.21930156E+002
  0.21930815E+002
  0.21931469E+002
  0.21932118E+002
  0.21932761E+002
  0.21933399E+002
  0.21934031E+002
  0.21934656E+002
  0.21935275E+002
  0.21935887E+002
  0.21936491E+002
  0.21937088E+002
  0.21937678E+002
  0.21938259E+002
  0.21938831E+002
  0.21939394E+002
  0.21939949E+002
  0.21940493E+002
  0.21941028E+002
  0.21941552E+002
  0.21942066E+002
  0.21942568E+002
  0.21943060E+002
  0.21943539E+002
  0.21944006E+002
  0.21944460E+002
  0.21944902E+002
  0.21945329E+002
  0.21945743E+002
  0.21946141E+002
  0.21946523E+002
  0.21946889E+002
  0.21947237E+002
  0.21947567E+002
  0.21947877E+002
  0.21948171E+002
  0.21948450E+002
  0.21948716E+002
  0.21948962E+002
  0.21949163E+002
  0.21949280E+002
  0.21949528E+002
