  0.20673331E+000
  0.20675215E+000
  0.20676928E+000
  0.20678446E+000
  0.20679777E+000
  0.20680940E+000
  0.20681952E+000
  0.20682830E+000
  0.20683592E+000
  0.20684252E+000
  0.20684821E+000
  0.20685311E+000
  0.20685731E+000
  0.20686089E+000
  0.20686392E+000
  0.20686646E+000
  0.20686855E+000
  0.20687026E+000
  0.20687160E+000
  0.20687261E+000
  0.20687332E+000
  0.20687375E+000
  0.20687391E+000
  0.20687384E+000
  0.20687352E+000
  0.20687299E+000
  0.20687223E+000
  0.20687127E+000
  0.20687010E+000
  0.20686873E+000
  0.20686715E+000
  0.20686537E+000
  0.20686339E+000
  0.20686120E+000
  0.20685880E+000
  0.20685619E+000
  0.20685337E+000
  0.20685032E+000
  0.20684705E+000
  0.20684354E+000
  0.20683980E+000
  0.20683582E+000
  0.20683159E+000
  0.20682712E+000
  0.20682238E+000
  0.20681740E+000
  0.20681215E+000
  0.20680664E+000
  0.20680086E+000
  0.20679482E+000
  0.20678853E+000
  0.20678197E+000
  0.20677515E+000
  0.20676809E+000
  0.20676078E+000
  0.20675324E+000
  0.20674547E+000
  0.20673748E+000
  0.20672929E+000
  0.20672090E+000
  0.20671234E+000
  0.20670361E+000
  0.20669474E+000
  0.20668573E+000
  0.20667662E+000
  0.20666740E+000
  0.20665812E+000
  0.20664878E+000
  0.20663940E+000
  0.20663001E+000
  0.20662062E+000
  0.20661127E+000
  0.20660196E+000
  0.20659273E+000
  0.20658359E+000
  0.20657458E+000
  0.20656570E+000
  0.20655698E+000
  0.20654846E+000
  0.20654014E+000
  0.20653205E+000
  0.20652422E+000
  0.20651665E+000
  0.20650938E+000
  0.20650241E+000
  0.20649577E+000
  0.20648948E+000
  0.20648353E+000
  0.20647795E+000
  0.20647275E+000
  0.20646793E+000
  0.20646350E+000
  0.20645946E+000
  0.20645582E+000
  0.20645257E+000
  0.20644970E+000
  0.20644722E+000
  0.20644513E+000
  0.20644339E+000
  0.20644202E+000
  0.20644100E+000
  0.20644030E+000
  0.20643993E+000
  0.20643986E+000
  0.20644007E+000
  0.20644054E+000
  0.20644127E+000
  0.20644222E+000
  0.20644337E+000
  0.20644472E+000
  0.20644623E+000
  0.20644788E+000
  0.20644966E+000
  0.20645155E+000
  0.20645352E+000
  0.20645555E+000
  0.20645763E+000
  0.20645974E+000
  0.20646186E+000
  0.20646397E+000
  0.20646605E+000
  0.20646809E+000
  0.20647008E+000
  0.20647201E+000
  0.20647385E+000
  0.20647560E+000
  0.20647725E+000
  0.20647878E+000
  0.20648020E+000
  0.20648150E+000
  0.20648267E+000
  0.20648370E+000
  0.20648460E+000
  0.20648536E+000
  0.20648598E+000
  0.20648647E+000
  0.20648682E+000
  0.20648705E+000
  0.20648715E+000
  0.20648712E+000
  0.20648699E+000
  0.20648674E+000
  0.20648640E+000
  0.20648596E+000
  0.20648545E+000
  0.20648486E+000
  0.20648421E+000
  0.20648351E+000
  0.20648277E+000
  0.20648201E+000
  0.20648123E+000
  0.20648045E+000
  0.20647968E+000
  0.20647893E+000
  0.20647822E+000
  0.20647756E+000
  0.20647696E+000
  0.20647644E+000
  0.20647600E+000
  0.20647567E+000
  0.20647545E+000
  0.20647535E+000
  0.20647540E+000
  0.20647560E+000
  0.20647597E+000
  0.20647651E+000
  0.20647724E+000
  0.20647817E+000
  0.20647931E+000
  0.20648067E+000
  0.20648227E+000
  0.20648411E+000
  0.20648621E+000
  0.20648856E+000
  0.20649119E+000
  0.20649409E+000
  0.20649728E+000
  0.20650076E+000
  0.20650454E+000
  0.20650861E+000
  0.20651299E+000
  0.20651768E+000
  0.20652267E+000
  0.20652797E+000
  0.20653357E+000
  0.20653948E+000
  0.20654569E+000
  0.20655219E+000
  0.20655899E+000
  0.20656606E+000
  0.20657340E+000
  0.20658098E+000
  0.20658883E+000
  0.20659689E+000
  0.20660531E+000
  0.20661394E+000
  0.20662335E+000
  0.20663257E+000
  0.20664299E+000
  0.20665046E+000
