  0.14607529E+000
  0.14672405E+000
  0.14715077E+000
  0.14742088E+000
  0.14758135E+000
  0.14766420E+000
  0.14769412E+000
  0.14768726E+000
  0.14765524E+000
  0.14760643E+000
  0.14754675E+000
  0.14748275E+000
  0.14741795E+000
  0.14735403E+000
  0.14729182E+000
  0.14723189E+000
  0.14717458E+000
  0.14712009E+000
  0.14706848E+000
  0.14701976E+000
  0.14697386E+000
  0.14693069E+000
  0.14689011E+000
  0.14685200E+000
  0.14681622E+000
  0.14678261E+000
  0.14675105E+000
  0.14672140E+000
  0.14669353E+000
  0.14666731E+000
  0.14664263E+000
  0.14661937E+000
  0.14659745E+000
  0.14657675E+000
  0.14655719E+000
  0.14653867E+000
  0.14652112E+000
  0.14650446E+000
  0.14648861E+000
  0.14647350E+000
  0.14645907E+000
  0.14644525E+000
  0.14643199E+000
  0.14641924E+000
  0.14640693E+000
  0.14639504E+000
  0.14638351E+000
  0.14637232E+000
  0.14636142E+000
  0.14635081E+000
  0.14634045E+000
  0.14633032E+000
  0.14632043E+000
  0.14631076E+000
  0.14630130E+000
  0.14629205E+000
  0.14628302E+000
  0.14627420E+000
  0.14626561E+000
  0.14625723E+000
  0.14624908E+000
  0.14624116E+000
  0.14623347E+000
  0.14622602E+000
  0.14621879E+000
  0.14621179E+000
  0.14620503E+000
  0.14619848E+000
  0.14619215E+000
  0.14618603E+000
  0.14618012E+000
  0.14617442E+000
  0.14616890E+000
  0.14616358E+000
  0.14615844E+000
  0.14615348E+000
  0.14614871E+000
  0.14614411E+000
  0.14613968E+000
  0.14613544E+000
  0.14613137E+000
  0.14612748E+000
  0.14612377E+000
  0.14612024E+000
  0.14611689E+000
  0.14611372E+000
  0.14611073E+000
  0.14610792E+000
  0.14610528E+000
  0.14610282E+000
  0.14610053E+000
  0.14609841E+000
  0.14609645E+000
  0.14609465E+000
  0.14609301E+000
  0.14609152E+000
  0.14609017E+000
  0.14608896E+000
  0.14608789E+000
  0.14608693E+000
  0.14608609E+000
  0.14608537E+000
  0.14608474E+000
  0.14608422E+000
  0.14608378E+000
  0.14608343E+000
  0.14608315E+000
  0.14608294E+000
  0.14608279E+000
  0.14608270E+000
  0.14608267E+000
  0.14608268E+000
  0.14608273E+000
  0.14608281E+000
  0.14608293E+000
  0.14608307E+000
  0.14608323E+000
  0.14608341E+000
  0.14608360E+000
  0.14608380E+000
  0.14608400E+000
  0.14608420E+000
  0.14608440E+000
  0.14608459E+000
  0.14608477E+000
  0.14608494E+000
  0.14608509E+000
  0.14608522E+000
  0.14608534E+000
  0.14608543E+000
  0.14608549E+000
  0.14608553E+000
  0.14608555E+000
  0.14608553E+000
  0.14608549E+000
  0.14608542E+000
  0.14608532E+000
  0.14608519E+000
  0.14608503E+000
  0.14608485E+000
  0.14608464E+000
  0.14608440E+000
  0.14608414E+000
  0.14608385E+000
  0.14608354E+000
  0.14608321E+000
  0.14608286E+000
  0.14608249E+000
  0.14608211E+000
  0.14608171E+000
  0.14608129E+000
  0.14608087E+000
  0.14608043E+000
  0.14607999E+000
  0.14607954E+000
  0.14607909E+000
  0.14607863E+000
  0.14607817E+000
  0.14607771E+000
  0.14607725E+000
  0.14607679E+000
  0.14607633E+000
  0.14607589E+000
  0.14607544E+000
  0.14607500E+000
  0.14607458E+000
  0.14607416E+000
  0.14607374E+000
  0.14607334E+000
  0.14607295E+000
  0.14607257E+000
  0.14607220E+000
  0.14607184E+000
  0.14607149E+000
  0.14607116E+000
  0.14607083E+000
  0.14607052E+000
  0.14607022E+000
  0.14606993E+000
  0.14606966E+000
  0.14606939E+000
  0.14606913E+000
  0.14606889E+000
  0.14606866E+000
  0.14606844E+000
  0.14606824E+000
  0.14606806E+000
  0.14606791E+000
  0.14606778E+000
  0.14606768E+000
  0.14606759E+000
  0.14606749E+000
  0.14606733E+000
  0.14606709E+000
  0.14606681E+000
  0.14606681E+000
  0.14606765E+000
  0.14606968E+000
  0.14607218E+000
  0.14607368E+000
