  0.28914969E+000
  0.29388498E+000
  0.29434180E+000
  0.29397065E+000
  0.29345881E+000
  0.29296456E+000
  0.29251194E+000
  0.29211363E+000
  0.29177173E+000
  0.29148657E+000
  0.29124723E+000
  0.29103922E+000
  0.29085439E+000
  0.29068931E+000
  0.29054335E+000
  0.29041521E+000
  0.29030335E+000
  0.29020610E+000
  0.29012184E+000
  0.29004902E+000
  0.28998618E+000
  0.28993202E+000
  0.28988535E+000
  0.28984512E+000
  0.28981040E+000
  0.28978038E+000
  0.28975434E+000
  0.28973166E+000
  0.28971180E+000
  0.28969428E+000
  0.28967869E+000
  0.28966466E+000
  0.28965189E+000
  0.28964010E+000
  0.28962906E+000
  0.28961856E+000
  0.28960842E+000
  0.28959852E+000
  0.28958872E+000
  0.28957894E+000
  0.28956909E+000
  0.28955911E+000
  0.28954898E+000
  0.28953866E+000
  0.28952813E+000
  0.28951741E+000
  0.28950649E+000
  0.28949541E+000
  0.28948417E+000
  0.28947282E+000
  0.28946138E+000
  0.28944989E+000
  0.28943839E+000
  0.28942692E+000
  0.28941552E+000
  0.28940423E+000
  0.28939309E+000
  0.28938213E+000
  0.28937138E+000
  0.28936089E+000
  0.28935067E+000
  0.28934074E+000
  0.28933113E+000
  0.28932185E+000
  0.28931291E+000
  0.28930432E+000
  0.28929608E+000
  0.28928818E+000
  0.28928062E+000
  0.28927340E+000
  0.28926651E+000
  0.28925993E+000
  0.28925366E+000
  0.28924768E+000
  0.28924198E+000
  0.28923655E+000
  0.28923138E+000
  0.28922646E+000
  0.28922178E+000
  0.28921733E+000
  0.28921310E+000
  0.28920908E+000
  0.28920527E+000
  0.28920166E+000
  0.28919825E+000
  0.28919501E+000
  0.28919195E+000
  0.28918906E+000
  0.28918634E+000
  0.28918377E+000
  0.28918134E+000
  0.28917906E+000
  0.28917690E+000
  0.28917487E+000
  0.28917296E+000
  0.28917116E+000
  0.28916946E+000
  0.28916785E+000
  0.28916633E+000
  0.28916489E+000
  0.28916353E+000
  0.28916223E+000
  0.28916099E+000
  0.28915980E+000
  0.28915867E+000
  0.28915758E+000
  0.28915654E+000
  0.28915553E+000
  0.28915455E+000
  0.28915361E+000
  0.28915269E+000
  0.28915180E+000
  0.28915094E+000
  0.28915010E+000
  0.28914928E+000
  0.28914848E+000
  0.28914770E+000
  0.28914694E+000
  0.28914619E+000
  0.28914546E+000
  0.28914475E+000
  0.28914405E+000
  0.28914336E+000
  0.28914268E+000
  0.28914201E+000
  0.28914135E+000
  0.28914070E+000
  0.28914006E+000
  0.28913942E+000
  0.28913879E+000
  0.28913816E+000
  0.28913753E+000
  0.28913691E+000
  0.28913629E+000
  0.28913567E+000
  0.28913504E+000
  0.28913442E+000
  0.28913380E+000
  0.28913317E+000
  0.28913254E+000
  0.28913191E+000
  0.28913128E+000
  0.28913065E+000
  0.28913001E+000
  0.28912937E+000
  0.28912873E+000
  0.28912809E+000
  0.28912745E+000
  0.28912680E+000
  0.28912616E+000
  0.28912553E+000
  0.28912489E+000
  0.28912426E+000
  0.28912364E+000
  0.28912302E+000
  0.28912241E+000
  0.28912182E+000
  0.28912124E+000
  0.28912067E+000
  0.28912012E+000
  0.28911958E+000
  0.28911907E+000
  0.28911858E+000
  0.28911812E+000
  0.28911768E+000
  0.28911727E+000
  0.28911690E+000
  0.28911656E+000
  0.28911625E+000
  0.28911598E+000
  0.28911575E+000
  0.28911557E+000
  0.28911543E+000
  0.28911534E+000
  0.28911529E+000
  0.28911530E+000
  0.28911536E+000
  0.28911547E+000
  0.28911563E+000
  0.28911585E+000
  0.28911613E+000
  0.28911646E+000
  0.28911685E+000
  0.28911730E+000
  0.28911780E+000
  0.28911837E+000
  0.28911900E+000
  0.28911970E+000
  0.28912046E+000
  0.28912130E+000
  0.28912218E+000
  0.28912306E+000
  0.28912387E+000
  0.28912456E+000
  0.28912516E+000
  0.28912607E+000
  0.28912818E+000
  0.28913179E+000
  0.28913650E+000
  0.28913810E+000
