  0.18639622E+000
  0.19103182E+000
  0.19147757E+000
  0.19112789E+000
  0.19064580E+000
  0.19017977E+000
  0.18975056E+000
  0.18937030E+000
  0.18904158E+000
  0.18876552E+000
  0.18853199E+000
  0.18832718E+000
  0.18814353E+000
  0.18797807E+000
  0.18783054E+000
  0.18769994E+000
  0.18758495E+000
  0.18748412E+000
  0.18739595E+000
  0.18731903E+000
  0.18725199E+000
  0.18719360E+000
  0.18714274E+000
  0.18709841E+000
  0.18705972E+000
  0.18702589E+000
  0.18699624E+000
  0.18697016E+000
  0.18694713E+000
  0.18692668E+000
  0.18690842E+000
  0.18689199E+000
  0.18687709E+000
  0.18686345E+000
  0.18685082E+000
  0.18683902E+000
  0.18682788E+000
  0.18681723E+000
  0.18680697E+000
  0.18679699E+000
  0.18678721E+000
  0.18677757E+000
  0.18676801E+000
  0.18675851E+000
  0.18674904E+000
  0.18673960E+000
  0.18673019E+000
  0.18672082E+000
  0.18671150E+000
  0.18670226E+000
  0.18669313E+000
  0.18668413E+000
  0.18667529E+000
  0.18666666E+000
  0.18665826E+000
  0.18665013E+000
  0.18664230E+000
  0.18663481E+000
  0.18662767E+000
  0.18662092E+000
  0.18661457E+000
  0.18660863E+000
  0.18660313E+000
  0.18659806E+000
  0.18659342E+000
  0.18658920E+000
  0.18658541E+000
  0.18658201E+000
  0.18657901E+000
  0.18657637E+000
  0.18657407E+000
  0.18657208E+000
  0.18657039E+000
  0.18656896E+000
  0.18656777E+000
  0.18656679E+000
  0.18656599E+000
  0.18656536E+000
  0.18656487E+000
  0.18656449E+000
  0.18656422E+000
  0.18656401E+000
  0.18656387E+000
  0.18656376E+000
  0.18656368E+000
  0.18656360E+000
  0.18656352E+000
  0.18656341E+000
  0.18656326E+000
  0.18656307E+000
  0.18656282E+000
  0.18656251E+000
  0.18656212E+000
  0.18656165E+000
  0.18656108E+000
  0.18656043E+000
  0.18655968E+000
  0.18655883E+000
  0.18655788E+000
  0.18655683E+000
  0.18655568E+000
  0.18655443E+000
  0.18655308E+000
  0.18655165E+000
  0.18655013E+000
  0.18654853E+000
  0.18654686E+000
  0.18654512E+000
  0.18654332E+000
  0.18654147E+000
  0.18653958E+000
  0.18653766E+000
  0.18653572E+000
  0.18653376E+000
  0.18653179E+000
  0.18652983E+000
  0.18652788E+000
  0.18652594E+000
  0.18652404E+000
  0.18652217E+000
  0.18652034E+000
  0.18651856E+000
  0.18651684E+000
  0.18651517E+000
  0.18651356E+000
  0.18651203E+000
  0.18651056E+000
  0.18650916E+000
  0.18650784E+000
  0.18650659E+000
  0.18650542E+000
  0.18650433E+000
  0.18650331E+000
  0.18650237E+000
  0.18650150E+000
  0.18650070E+000
  0.18649997E+000
  0.18649930E+000
  0.18649870E+000
  0.18649815E+000
  0.18649766E+000
  0.18649721E+000
  0.18649681E+000
  0.18649646E+000
  0.18649613E+000
  0.18649584E+000
  0.18649556E+000
  0.18649531E+000
  0.18649507E+000
  0.18649484E+000
  0.18649461E+000
  0.18649438E+000
  0.18649414E+000
  0.18649389E+000
  0.18649362E+000
  0.18649332E+000
  0.18649300E+000
  0.18649264E+000
  0.18649225E+000
  0.18649181E+000
  0.18649132E+000
  0.18649078E+000
  0.18649019E+000
  0.18648953E+000
  0.18648881E+000
  0.18648802E+000
  0.18648716E+000
  0.18648623E+000
  0.18648522E+000
  0.18648412E+000
  0.18648294E+000
  0.18648168E+000
  0.18648032E+000
  0.18647887E+000
  0.18647733E+000
  0.18647569E+000
  0.18647396E+000
  0.18647212E+000
  0.18647019E+000
  0.18646816E+000
  0.18646603E+000
  0.18646380E+000
  0.18646147E+000
  0.18645904E+000
  0.18645652E+000
  0.18645390E+000
  0.18645119E+000
  0.18644841E+000
  0.18644556E+000
  0.18644263E+000
  0.18643962E+000
  0.18643649E+000
  0.18643314E+000
  0.18642956E+000
  0.18642566E+000
  0.18642204E+000
  0.18641917E+000
  0.18641821E+000
  0.18641746E+000
  0.18641583E+000
