  0.11723039E-004
  0.11734412E-004
  0.11735675E-004
  0.11733225E-004
  0.11729831E-004
  0.11726611E-004
  0.11723940E-004
  0.11721881E-004
  0.11720377E-004
  0.11719339E-004
  0.11718677E-004
  0.11718311E-004
  0.11718177E-004
  0.11718220E-004
  0.11718400E-004
  0.11718681E-004
  0.11719036E-004
  0.11719446E-004
  0.11719891E-004
  0.11720359E-004
  0.11720839E-004
  0.11721321E-004
  0.11721799E-004
  0.11722267E-004
  0.11722720E-004
  0.11723154E-004
  0.11723566E-004
  0.11723955E-004
  0.11724316E-004
  0.11724650E-004
  0.11724955E-004
  0.11725229E-004
  0.11725472E-004
  0.11725684E-004
  0.11725864E-004
  0.11726012E-004
  0.11726128E-004
  0.11726212E-004
  0.11726265E-004
  0.11726287E-004
  0.11726279E-004
  0.11726242E-004
  0.11726176E-004
  0.11726082E-004
  0.11725961E-004
  0.11725815E-004
  0.11725643E-004
  0.11725448E-004
  0.11725229E-004
  0.11724987E-004
  0.11724724E-004
  0.11724441E-004
  0.11724137E-004
  0.11723813E-004
  0.11723471E-004
  0.11723110E-004
  0.11722732E-004
  0.11722337E-004
  0.11721925E-004
  0.11721498E-004
  0.11721056E-004
  0.11720601E-004
  0.11720133E-004
  0.11719653E-004
  0.11719162E-004
  0.11718663E-004
  0.11718155E-004
  0.11717641E-004
  0.11717122E-004
  0.11716600E-004
  0.11716076E-004
  0.11715552E-004
  0.11715030E-004
  0.11714511E-004
  0.11713996E-004
  0.11713489E-004
  0.11712990E-004
  0.11712500E-004
  0.11712022E-004
  0.11711557E-004
  0.11711106E-004
  0.11710671E-004
  0.11710253E-004
  0.11709853E-004
  0.11709473E-004
  0.11709113E-004
  0.11708773E-004
  0.11708456E-004
  0.11708162E-004
  0.11707890E-004
  0.11707642E-004
  0.11707417E-004
  0.11707216E-004
  0.11707038E-004
  0.11706884E-004
  0.11706753E-004
  0.11706645E-004
  0.11706559E-004
  0.11706494E-004
  0.11706449E-004
  0.11706425E-004
  0.11706419E-004
  0.11706431E-004
  0.11706459E-004
  0.11706503E-004
  0.11706562E-004
  0.11706633E-004
  0.11706716E-004
  0.11706810E-004
  0.11706913E-004
  0.11707024E-004
  0.11707142E-004
  0.11707266E-004
  0.11707393E-004
  0.11707524E-004
  0.11707657E-004
  0.11707791E-004
  0.11707924E-004
  0.11708056E-004
  0.11708186E-004
  0.11708313E-004
  0.11708436E-004
  0.11708555E-004
  0.11708668E-004
  0.11708775E-004
  0.11708875E-004
  0.11708968E-004
  0.11709054E-004
  0.11709132E-004
  0.11709202E-004
  0.11709264E-004
  0.11709317E-004
  0.11709362E-004
  0.11709399E-004
  0.11709427E-004
  0.11709448E-004
  0.11709460E-004
  0.11709465E-004
  0.11709462E-004
  0.11709453E-004
  0.11709437E-004
  0.11709416E-004
  0.11709389E-004
  0.11709357E-004
  0.11709322E-004
  0.11709282E-004
  0.11709240E-004
  0.11709195E-004
  0.11709149E-004
  0.11709103E-004
  0.11709056E-004
  0.11709010E-004
  0.11708965E-004
  0.11708923E-004
  0.11708884E-004
  0.11708848E-004
  0.11708817E-004
  0.11708791E-004
  0.11708772E-004
  0.11708759E-004
  0.11708754E-004
  0.11708757E-004
  0.11708769E-004
  0.11708790E-004
  0.11708823E-004
  0.11708866E-004
  0.11708921E-004
  0.11708989E-004
  0.11709070E-004
  0.11709164E-004
  0.11709273E-004
  0.11709396E-004
  0.11709535E-004
  0.11709690E-004
  0.11709860E-004
  0.11710048E-004
  0.11710252E-004
  0.11710474E-004
  0.11710713E-004
  0.11710970E-004
  0.11711245E-004
  0.11711537E-004
  0.11711847E-004
  0.11712176E-004
  0.11712521E-004
  0.11712885E-004
  0.11713265E-004
  0.11713662E-004
  0.11714075E-004
  0.11714504E-004
  0.11714948E-004
  0.11715406E-004
  0.11715881E-004
  0.11716368E-004
  0.11716880E-004
  0.11717399E-004
  0.11717965E-004
  0.11718488E-004
  0.11719110E-004
  0.11719479E-004
