  0.86221427E+000
  0.86246091E+000
  0.86265050E+000
  0.86279879E+000
  0.86291512E+000
  0.86300606E+000
  0.86307657E+000
  0.86313048E+000
  0.86317086E+000
  0.86320016E+000
  0.86322032E+000
  0.86323301E+000
  0.86323960E+000
  0.86324117E+000
  0.86323865E+000
  0.86323277E+000
  0.86322416E+000
  0.86321333E+000
  0.86320070E+000
  0.86318663E+000
  0.86317141E+000
  0.86315527E+000
  0.86313843E+000
  0.86312103E+000
  0.86310323E+000
  0.86308512E+000
  0.86306681E+000
  0.86304836E+000
  0.86302984E+000
  0.86301130E+000
  0.86299277E+000
  0.86297428E+000
  0.86295586E+000
  0.86293751E+000
  0.86291925E+000
  0.86290108E+000
  0.86288300E+000
  0.86286500E+000
  0.86284709E+000
  0.86282926E+000
  0.86281150E+000
  0.86279380E+000
  0.86277616E+000
  0.86275857E+000
  0.86274103E+000
  0.86272353E+000
  0.86270608E+000
  0.86268867E+000
  0.86267132E+000
  0.86265403E+000
  0.86263681E+000
  0.86261968E+000
  0.86260266E+000
  0.86258575E+000
  0.86256899E+000
  0.86255239E+000
  0.86253597E+000
  0.86251977E+000
  0.86250380E+000
  0.86248808E+000
  0.86247264E+000
  0.86245750E+000
  0.86244267E+000
  0.86242818E+000
  0.86241404E+000
  0.86240026E+000
  0.86238685E+000
  0.86237383E+000
  0.86236120E+000
  0.86234897E+000
  0.86233714E+000
  0.86232573E+000
  0.86231474E+000
  0.86230417E+000
  0.86229402E+000
  0.86228432E+000
  0.86227505E+000
  0.86226623E+000
  0.86225786E+000
  0.86224994E+000
  0.86224249E+000
  0.86223550E+000
  0.86222897E+000
  0.86222290E+000
  0.86221729E+000
  0.86221214E+000
  0.86220744E+000
  0.86220318E+000
  0.86219936E+000
  0.86219595E+000
  0.86219295E+000
  0.86219034E+000
  0.86218811E+000
  0.86218624E+000
  0.86218471E+000
  0.86218351E+000
  0.86218261E+000
  0.86218200E+000
  0.86218166E+000
  0.86218157E+000
  0.86218171E+000
  0.86218207E+000
  0.86218262E+000
  0.86218335E+000
  0.86218424E+000
  0.86218528E+000
  0.86218645E+000
  0.86218773E+000
  0.86218912E+000
  0.86219059E+000
  0.86219214E+000
  0.86219375E+000
  0.86219541E+000
  0.86219711E+000
  0.86219885E+000
  0.86220060E+000
  0.86220236E+000
  0.86220413E+000
  0.86220589E+000
  0.86220763E+000
  0.86220935E+000
  0.86221104E+000
  0.86221270E+000
  0.86221431E+000
  0.86221587E+000
  0.86221738E+000
  0.86221884E+000
  0.86222023E+000
  0.86222155E+000
  0.86222281E+000
  0.86222400E+000
  0.86222511E+000
  0.86222615E+000
  0.86222711E+000
  0.86222799E+000
  0.86222880E+000
  0.86222953E+000
  0.86223019E+000
  0.86223077E+000
  0.86223128E+000
  0.86223172E+000
  0.86223208E+000
  0.86223239E+000
  0.86223263E+000
  0.86223280E+000
  0.86223292E+000
  0.86223299E+000
  0.86223300E+000
  0.86223297E+000
  0.86223289E+000
  0.86223277E+000
  0.86223262E+000
  0.86223243E+000
  0.86223221E+000
  0.86223197E+000
  0.86223170E+000
  0.86223142E+000
  0.86223112E+000
  0.86223080E+000
  0.86223048E+000
  0.86223015E+000
  0.86222981E+000
  0.86222948E+000
  0.86222914E+000
  0.86222881E+000
  0.86222848E+000
  0.86222817E+000
  0.86222785E+000
  0.86222755E+000
  0.86222727E+000
  0.86222699E+000
  0.86222673E+000
  0.86222648E+000
  0.86222625E+000
  0.86222603E+000
  0.86222583E+000
  0.86222565E+000
  0.86222548E+000
  0.86222533E+000
  0.86222520E+000
  0.86222508E+000
  0.86222498E+000
  0.86222490E+000
  0.86222483E+000
  0.86222479E+000
  0.86222477E+000
  0.86222478E+000
  0.86222482E+000
  0.86222490E+000
  0.86222502E+000
  0.86222516E+000
  0.86222530E+000
  0.86222538E+000
  0.86222539E+000
  0.86222547E+000
  0.86222597E+000
  0.86222759E+000
  0.86223059E+000
  0.86223422E+000
  0.86223596E+000
