  0.31109969E+000
  0.31102944E+000
  0.31096807E+000
  0.31091658E+000
  0.31087379E+000
  0.31083524E+000
  0.31080350E+000
  0.31077553E+000
  0.31075166E+000
  0.31073141E+000
  0.31071457E+000
  0.31069984E+000
  0.31068710E+000
  0.31067691E+000
  0.31066783E+000
  0.31066118E+000
  0.31065410E+000
  0.31064870E+000
  0.31064421E+000
  0.31064054E+000
  0.31063742E+000
  0.31063493E+000
  0.31063296E+000
  0.31063110E+000
  0.31062980E+000
  0.31062877E+000
  0.31062801E+000
  0.31062753E+000
  0.31062720E+000
  0.31062708E+000
  0.31062712E+000
  0.31062736E+000
  0.31062796E+000
  0.31062865E+000
  0.31062937E+000
  0.31063017E+000
  0.31063133E+000
  0.31063233E+000
  0.31063343E+000
  0.31063457E+000
  0.31063582E+000
  0.31063727E+000
  0.31063858E+000
  0.31064013E+000
  0.31064176E+000
  0.31064335E+000
  0.31064504E+000
  0.31064688E+000
  0.31064873E+000
  0.31065070E+000
  0.31065287E+000
  0.31065508E+000
  0.31065730E+000
  0.31065954E+000
  0.31066188E+000
  0.31066437E+000
  0.31066699E+000
  0.31066975E+000
  0.31067228E+000
  0.31067501E+000
  0.31067774E+000
  0.31068057E+000
  0.31068340E+000
  0.31068644E+000
  0.31068962E+000
  0.31069262E+000
  0.31069572E+000
  0.31069879E+000
  0.31070187E+000
  0.31070508E+000
  0.31070842E+000
  0.31071158E+000
  0.31071509E+000
  0.31071834E+000
  0.31072165E+000
  0.31072501E+000
  0.31072838E+000
  0.31073167E+000
  0.31073512E+000
  0.31073844E+000
  0.31074183E+000
  0.31074522E+000
  0.31074861E+000
  0.31075211E+000
  0.31075558E+000
  0.31075916E+000
  0.31076268E+000
  0.31076622E+000
  0.31076984E+000
  0.31077342E+000
  0.31077698E+000
  0.31078057E+000
  0.31078418E+000
  0.31078779E+000
  0.31079134E+000
  0.31079498E+000
  0.31079862E+000
  0.31080223E+000
  0.31080589E+000
  0.31080954E+000
  0.31081320E+000
  0.31081686E+000
  0.31082055E+000
  0.31082423E+000
  0.31082796E+000
  0.31083166E+000
  0.31083533E+000
  0.31083900E+000
  0.31084262E+000
  0.31084632E+000
  0.31084997E+000
  0.31085367E+000
  0.31085734E+000
  0.31086103E+000
  0.31086470E+000
  0.31086840E+000
  0.31087210E+000
  0.31087577E+000
  0.31087945E+000
  0.31088311E+000
  0.31088676E+000
  0.31089043E+000
  0.31089411E+000
  0.31089778E+000
  0.31090134E+000
  0.31090490E+000
  0.31090861E+000
  0.31091230E+000
  0.31091599E+000
  0.31091970E+000
  0.31092338E+000
  0.31092713E+000
  0.31093087E+000
  0.31093461E+000
  0.31093837E+000
  0.31094214E+000
  0.31094592E+000
  0.31094972E+000
  0.31095353E+000
  0.31095735E+000
  0.31096118E+000
  0.31096502E+000
  0.31096889E+000
  0.31097277E+000
  0.31097666E+000
  0.31098057E+000
  0.31098448E+000
  0.31098842E+000
  0.31099237E+000
  0.31099634E+000
  0.31100030E+000
  0.31100426E+000
  0.31100826E+000
  0.31101242E+000
  0.31101641E+000
  0.31102040E+000
  0.31102441E+000
  0.31102841E+000
  0.31103244E+000
  0.31103647E+000
  0.31104044E+000
  0.31104442E+000
  0.31104835E+000
  0.31105231E+000
  0.31105624E+000
  0.31106018E+000
  0.31106409E+000
  0.31106796E+000
  0.31107183E+000
  0.31107566E+000
  0.31107947E+000
  0.31108324E+000
  0.31108699E+000
  0.31109070E+000
  0.31109438E+000
  0.31109802E+000
  0.31110163E+000
  0.31110519E+000
  0.31110869E+000
  0.31111218E+000
  0.31111561E+000
  0.31111900E+000
  0.31112231E+000
  0.31112558E+000
  0.31112876E+000
  0.31113192E+000
  0.31113502E+000
  0.31113803E+000
  0.31114101E+000
  0.31114383E+000
  0.31114672E+000
  0.31114957E+000
  0.31115231E+000
  0.31115498E+000
  0.31115772E+000
  0.31116048E+000
  0.31116317E+000
  0.31116560E+000
  0.31116747E+000
  0.31116910E+000
