  0.89166176E+000
  0.89168231E+000
  0.89169917E+000
  0.89171277E+000
  0.89172366E+000
  0.89173229E+000
  0.89173905E+000
  0.89174425E+000
  0.89174815E+000
  0.89175096E+000
  0.89175287E+000
  0.89175403E+000
  0.89175457E+000
  0.89175457E+000
  0.89175414E+000
  0.89175334E+000
  0.89175224E+000
  0.89175087E+000
  0.89174930E+000
  0.89174754E+000
  0.89174562E+000
  0.89174358E+000
  0.89174144E+000
  0.89173920E+000
  0.89173689E+000
  0.89173451E+000
  0.89173207E+000
  0.89172959E+000
  0.89172706E+000
  0.89172450E+000
  0.89172191E+000
  0.89171928E+000
  0.89171663E+000
  0.89171396E+000
  0.89171126E+000
  0.89170854E+000
  0.89170580E+000
  0.89170304E+000
  0.89170025E+000
  0.89169745E+000
  0.89169463E+000
  0.89169179E+000
  0.89168893E+000
  0.89168605E+000
  0.89168315E+000
  0.89168024E+000
  0.89167731E+000
  0.89167438E+000
  0.89167143E+000
  0.89166847E+000
  0.89166551E+000
  0.89166255E+000
  0.89165959E+000
  0.89165663E+000
  0.89165369E+000
  0.89165075E+000
  0.89164784E+000
  0.89164494E+000
  0.89164207E+000
  0.89163923E+000
  0.89163642E+000
  0.89163364E+000
  0.89163090E+000
  0.89162819E+000
  0.89162553E+000
  0.89162291E+000
  0.89162033E+000
  0.89161779E+000
  0.89161529E+000
  0.89161284E+000
  0.89161042E+000
  0.89160805E+000
  0.89160571E+000
  0.89160341E+000
  0.89160114E+000
  0.89159891E+000
  0.89159671E+000
  0.89159454E+000
  0.89159241E+000
  0.89159030E+000
  0.89158823E+000
  0.89158618E+000
  0.89158417E+000
  0.89158219E+000
  0.89158024E+000
  0.89157832E+000
  0.89157644E+000
  0.89157459E+000
  0.89157277E+000
  0.89157099E+000
  0.89156925E+000
  0.89156754E+000
  0.89156588E+000
  0.89156426E+000
  0.89156268E+000
  0.89156115E+000
  0.89155966E+000
  0.89155822E+000
  0.89155683E+000
  0.89155549E+000
  0.89155420E+000
  0.89155296E+000
  0.89155178E+000
  0.89155065E+000
  0.89154958E+000
  0.89154856E+000
  0.89154761E+000
  0.89154671E+000
  0.89154587E+000
  0.89154509E+000
  0.89154437E+000
  0.89154372E+000
  0.89154313E+000
  0.89154260E+000
  0.89154213E+000
  0.89154172E+000
  0.89154138E+000
  0.89154110E+000
  0.89154088E+000
  0.89154073E+000
  0.89154064E+000
  0.89154060E+000
  0.89154063E+000
  0.89154072E+000
  0.89154087E+000
  0.89154107E+000
  0.89154134E+000
  0.89154165E+000
  0.89154203E+000
  0.89154245E+000
  0.89154293E+000
  0.89154346E+000
  0.89154403E+000
  0.89154466E+000
  0.89154533E+000
  0.89154604E+000
  0.89154680E+000
  0.89154760E+000
  0.89154844E+000
  0.89154932E+000
  0.89155024E+000
  0.89155119E+000
  0.89155217E+000
  0.89155319E+000
  0.89155424E+000
  0.89155532E+000
  0.89155643E+000
  0.89155756E+000
  0.89155872E+000
  0.89155990E+000
  0.89156111E+000
  0.89156234E+000
  0.89156358E+000
  0.89156485E+000
  0.89156614E+000
  0.89156744E+000
  0.89156875E+000
  0.89157009E+000
  0.89157143E+000
  0.89157279E+000
  0.89157416E+000
  0.89157554E+000
  0.89157694E+000
  0.89157834E+000
  0.89157975E+000
  0.89158117E+000
  0.89158260E+000
  0.89158404E+000
  0.89158549E+000
  0.89158694E+000
  0.89158840E+000
  0.89158987E+000
  0.89159134E+000
  0.89159283E+000
  0.89159432E+000
  0.89159582E+000
  0.89159733E+000
  0.89159885E+000
  0.89160038E+000
  0.89160192E+000
  0.89160347E+000
  0.89160504E+000
  0.89160663E+000
  0.89160823E+000
  0.89160985E+000
  0.89161150E+000
  0.89161317E+000
  0.89161487E+000
  0.89161660E+000
  0.89161836E+000
  0.89162016E+000
  0.89162200E+000
  0.89162386E+000
  0.89162577E+000
  0.89162774E+000
  0.89162983E+000
  0.89163214E+000
  0.89163466E+000
  0.89163732E+000
  0.89163977E+000
