  0.81993386E+000
  0.81992438E+000
  0.81991618E+000
  0.81990912E+000
  0.81990309E+000
  0.81989794E+000
  0.81989357E+000
  0.81988988E+000
  0.81988677E+000
  0.81988417E+000
  0.81988202E+000
  0.81988024E+000
  0.81987879E+000
  0.81987762E+000
  0.81987669E+000
  0.81987595E+000
  0.81987539E+000
  0.81987498E+000
  0.81987468E+000
  0.81987450E+000
  0.81987441E+000
  0.81987439E+000
  0.81987444E+000
  0.81987454E+000
  0.81987469E+000
  0.81987488E+000
  0.81987510E+000
  0.81987534E+000
  0.81987561E+000
  0.81987590E+000
  0.81987620E+000
  0.81987651E+000
  0.81987683E+000
  0.81987715E+000
  0.81987748E+000
  0.81987781E+000
  0.81987813E+000
  0.81987846E+000
  0.81987878E+000
  0.81987909E+000
  0.81987940E+000
  0.81987970E+000
  0.81987999E+000
  0.81988028E+000
  0.81988055E+000
  0.81988080E+000
  0.81988105E+000
  0.81988128E+000
  0.81988149E+000
  0.81988169E+000
  0.81988187E+000
  0.81988202E+000
  0.81988216E+000
  0.81988227E+000
  0.81988236E+000
  0.81988241E+000
  0.81988244E+000
  0.81988244E+000
  0.81988241E+000
  0.81988234E+000
  0.81988223E+000
  0.81988209E+000
  0.81988190E+000
  0.81988167E+000
  0.81988140E+000
  0.81988109E+000
  0.81988072E+000
  0.81988031E+000
  0.81987985E+000
  0.81987934E+000
  0.81987877E+000
  0.81987816E+000
  0.81987749E+000
  0.81987677E+000
  0.81987600E+000
  0.81987517E+000
  0.81987429E+000
  0.81987336E+000
  0.81987238E+000
  0.81987136E+000
  0.81987028E+000
  0.81986916E+000
  0.81986800E+000
  0.81986680E+000
  0.81986555E+000
  0.81986428E+000
  0.81986297E+000
  0.81986163E+000
  0.81986026E+000
  0.81985887E+000
  0.81985746E+000
  0.81985603E+000
  0.81985459E+000
  0.81985314E+000
  0.81985169E+000
  0.81985023E+000
  0.81984878E+000
  0.81984732E+000
  0.81984588E+000
  0.81984445E+000
  0.81984304E+000
  0.81984165E+000
  0.81984028E+000
  0.81983893E+000
  0.81983762E+000
  0.81983633E+000
  0.81983509E+000
  0.81983388E+000
  0.81983271E+000
  0.81983158E+000
  0.81983050E+000
  0.81982947E+000
  0.81982849E+000
  0.81982756E+000
  0.81982668E+000
  0.81982586E+000
  0.81982509E+000
  0.81982439E+000
  0.81982374E+000
  0.81982315E+000
  0.81982262E+000
  0.81982215E+000
  0.81982175E+000
  0.81982141E+000
  0.81982112E+000
  0.81982090E+000
  0.81982075E+000
  0.81982065E+000
  0.81982061E+000
  0.81982063E+000
  0.81982072E+000
  0.81982086E+000
  0.81982106E+000
  0.81982131E+000
  0.81982163E+000
  0.81982199E+000
  0.81982241E+000
  0.81982288E+000
  0.81982340E+000
  0.81982397E+000
  0.81982458E+000
  0.81982525E+000
  0.81982595E+000
  0.81982670E+000
  0.81982749E+000
  0.81982832E+000
  0.81982918E+000
  0.81983008E+000
  0.81983102E+000
  0.81983199E+000
  0.81983299E+000
  0.81983401E+000
  0.81983507E+000
  0.81983615E+000
  0.81983726E+000
  0.81983839E+000
  0.81983954E+000
  0.81984072E+000
  0.81984191E+000
  0.81984312E+000
  0.81984435E+000
  0.81984559E+000
  0.81984685E+000
  0.81984812E+000
  0.81984941E+000
  0.81985071E+000
  0.81985202E+000
  0.81985334E+000
  0.81985467E+000
  0.81985601E+000
  0.81985736E+000
  0.81985872E+000
  0.81986009E+000
  0.81986147E+000
  0.81986286E+000
  0.81986426E+000
  0.81986567E+000
  0.81986710E+000
  0.81986853E+000
  0.81986998E+000
  0.81987145E+000
  0.81987293E+000
  0.81987443E+000
  0.81987595E+000
  0.81987749E+000
  0.81987906E+000
  0.81988065E+000
  0.81988227E+000
  0.81988392E+000
  0.81988561E+000
  0.81988734E+000
  0.81988910E+000
  0.81989090E+000
  0.81989275E+000
  0.81989466E+000
  0.81989664E+000
  0.81989869E+000
  0.81990078E+000
  0.81990292E+000
  0.81990513E+000
