  0.31002528E+000  0.33999609E+000  0.44940193E+000  0.59604286E+000  0.78115755E+000  0.86964289E+000  0.11759949E+001  0.17296049E+001  0.23641807E+001  0.35316216E+001  0.54021985E+001
  0.30991012E+000  0.33984656E+000  0.44924981E+000  0.59604286E+000  0.78093459E+000  0.86934685E+000  0.11753862E+001  0.17292430E+001  0.23633746E+001  0.35304356E+001  0.54019196E+001
  0.30970106E+000  0.33971949E+000  0.44909986E+000  0.59604286E+000  0.78074265E+000  0.86921484E+000  0.11736820E+001  0.17291036E+001  0.23625910E+001  0.35298230E+001  0.54017291E+001
  0.30971906E+000  0.33961199E+000  0.44897823E+000  0.59597978E+000  0.78057801E+000  0.86910100E+000  0.11733775E+001  0.17285227E+001  0.23620130E+001  0.35290663E+001  0.54015664E+001
  0.30955280E+000  0.33952114E+000  0.44884160E+000  0.59598699E+000  0.78034876E+000  0.86900714E+000  0.11730476E+001  0.17266796E+001  0.23615519E+001  0.35284042E+001  0.54014276E+001
  0.30957510E+000  0.33944437E+000  0.44873179E+000  0.59604286E+000  0.78023224E+000  0.86888404E+000  0.11727501E+001  0.17263232E+001  0.23611087E+001  0.35278310E+001  0.54013091E+001
  0.30951776E+000  0.33937946E+000  0.44865857E+000  0.59603979E+000  0.78013536E+000  0.86878445E+000  0.11725479E+001  0.17260300E+001  0.23606563E+001  0.35273358E+001  0.54012079E+001
  0.30946855E+000  0.33932450E+000  0.44859648E+000  0.59603099E+000  0.78005445E+000  0.86877550E+000  0.11719597E+001  0.17259062E+001  0.23601922E+001  0.35270965E+001  0.54014088E+001
  0.30942636E+000  0.33927792E+000  0.44854306E+000  0.59602732E+000  0.77998659E+000  0.86873699E+000  0.11717717E+001  0.17258178E+001  0.23600380E+001  0.35267225E+001  0.54011690E+001
  0.30939024E+000  0.33923838E+000  0.44848970E+000  0.59604286E+000  0.77992944E+000  0.86866834E+000  0.11716572E+001  0.17257422E+001  0.23593253E+001  0.35264672E+001  0.54009841E+001
  0.30935932E+000  0.33920477E+000  0.44843912E+000  0.59594992E+000  0.77988111E+000  0.86860944E+000  0.11711950E+001  0.17256776E+001  0.23591632E+001  0.35259521E+001  0.54009300E+001
  0.30928029E+000  0.33917617E+000  0.44840919E+000  0.59604286E+000  0.77984012E+000  0.86855895E+000  0.11709197E+001  0.17256223E+001  0.23590253E+001  0.35257180E+001  0.54008838E+001
  0.30926034E+000  0.33915179E+000  0.44832465E+000  0.59601881E+000  0.77980523E+000  0.86851569E+000  0.11705674E+001  0.17255749E+001  0.23588880E+001  0.35255918E+001  0.54008442E+001
  0.30929095E+000  0.33913099E+000  0.44823794E+000  0.59596673E+000  0.77977546E+000  0.86847909E+000  0.11705077E+001  0.17255342E+001  0.23587953E+001  0.35254996E+001  0.54008103E+001
  0.30927445E+000  0.33911322E+000  0.44821317E+000  0.59603364E+000  0.77975000E+000  0.86856146E+000  0.11704705E+001  0.17254992E+001  0.23586300E+001  0.35254223E+001  0.54007813E+001
  0.30926037E+000  0.33909803E+000  0.44818894E+000  0.59602150E+000  0.77972818E+000  0.86854038E+000  0.11704446E+001  0.17254811E+001  0.23585521E+001  0.35253572E+001  0.54007564E+001
  0.30924836E+000  0.33908501E+000  0.44816973E+000  0.59601137E+000  0.77970944E+000  0.86852219E+000  0.11704262E+001  0.17254540E+001  0.23584925E+001  0.35253021E+001  0.53882450E+001
  0.30923813E+000  0.33907386E+000  0.44815351E+000  0.59600294E+000  0.77969332E+000  0.86850646E+000  0.11704234E+001  0.17254304E+001  0.23584330E+001  0.35248771E+001  0.53881816E+001
  0.30922942E+000  0.33906429E+000  0.44813985E+000  0.59599593E+000  0.77967943E+000  0.86849284E+000  0.11706426E+001  0.17254100E+001  0.23583802E+001  0.35247960E+001  0.53881710E+001
  0.30922202E+000  0.33905607E+000  0.44812842E+000  0.59599011E+000  0.77966744E+000  0.86848102E+000  0.11707705E+001  0.17253922E+001  0.23583489E+001  0.35247262E+001  0.53881527E+001
  0.30921573E+000  0.33904900E+000  0.44811897E+000  0.59598527E+000  0.77965708E+000  0.86847074E+000  0.11708146E+001  0.17253767E+001  0.23583090E+001  0.35246660E+001  0.53881345E+001
  0.30917107E+000  0.33904290E+000  0.44811111E+000  0.59604286E+000  0.77964811E+000  0.86846177E+000  0.11711319E+001  0.17253631E+001  0.23582738E+001  0.35246140E+001  0.53881169E+001
  0.30916686E+000  0.33903763E+000  0.44810461E+000  0.59604286E+000  0.77964033E+000  0.86845393E+000  0.11711025E+001  0.17253512E+001  0.23582429E+001  0.35245690E+001  0.53881052E+001
  0.30916325E+000  0.33903307E+000  0.44809928E+000  0.59604286E+000  0.77963357E+000  0.86846994E+000  0.11710939E+001  0.17253408E+001  0.23582158E+001  0.35245300E+001  0.53880953E+001
  0.30916015E+000  0.33902910E+000  0.44810899E+000  0.59604286E+000  0.77962767E+000  0.86846223E+000  0.11710856E+001  0.17253315E+001  0.23581920E+001  0.35244961E+001  0.53880867E+001
  0.30915749E+000  0.33902564E+000  0.44817931E+000  0.59604286E+000  0.77962251E+000  0.86845554E+000  0.11710774E+001  0.17253232E+001  0.23581710E+001  0.35244664E+001  0.53880790E+001
  0.30915519E+000  0.33902259E+000  0.44817588E+000  0.59604286E+000  0.77961799E+000  0.86844972E+000  0.11710692E+001  0.17253158E+001  0.23581733E+001  0.35244404E+001  0.53880723E+001
  0.30915320E+000  0.33901990E+000  0.44817287E+000  0.59604286E+000  0.77961399E+000  0.86844462E+000  0.11714102E+001  0.17253091E+001  0.23581563E+001  0.35244174E+001  0.53880664E+001
  0.30915147E+000  0.33901751E+000  0.44817020E+000  0.59604286E+000  0.77961044E+000  0.86844011E+000  0.11714241E+001  0.17253030E+001  0.23581410E+001  0.35243969E+001  0.53880611E+001
  0.30914996E+000  0.33901535E+000  0.44816781E+000  0.59604286E+000  0.77960726E+000  0.86843611E+000  0.11714204E+001  0.17252974E+001  0.23581272E+001  0.35243785E+001  0.53880563E+001
  0.30918796E+000  0.33901339E+000  0.44816564E+000  0.59604286E+000  0.77960439E+000  0.86843251E+000  0.11714167E+001  0.17252921E+001  0.23581147E+001  0.35243617E+001  0.53880520E+001
  0.30918703E+000  0.33901159E+000  0.44816367E+000  0.59604286E+000  0.77960178E+000  0.86842925E+000  0.11714129E+001  0.17252872E+001  0.23581032E+001  0.35243464E+001  0.53880480E+001
  0.30918625E+000  0.33900991E+000  0.44816184E+000  0.59604286E+000  0.77959938E+000  0.86842625E+000  0.11714090E+001  0.17252826E+001  0.23580927E+001  0.35243321E+001  0.53880443E+001
  0.30918560E+000  0.33900833E+000  0.44816012E+000  0.59604286E+000  0.77959715E+000  0.86842346E+000  0.11714049E+001  0.17252782E+001  0.23580830E+001  0.35243187E+001  0.53880409E+001
  0.30918504E+000  0.33900683E+000  0.44815849E+000  0.59604286E+000  0.77959505E+000  0.86842083E+000  0.11714007E+001  0.17252739E+001  0.23580740E+001  0.35243059E+001  0.53880377E+001
  0.30918456E+000  0.33900539E+000  0.44815693E+000  0.59604286E+000  0.77959307E+000  0.86841833E+000  0.11713963E+001  0.17252697E+001  0.23580656E+001  0.35242937E+001  0.53880346E+001
  0.30918414E+000  0.33900398E+000  0.44815541E+000  0.59604286E+000  0.77959117E+000  0.86841592E+000  0.11713917E+001  0.17252656E+001  0.23580578E+001  0.35242818E+001  0.53880316E+001
  0.30918377E+000  0.33900260E+000  0.44815392E+000  0.59604286E+000  0.77958933E+000  0.86841359E+000  0.11713869E+001  0.17252616E+001  0.23580505E+001  0.35242701E+001  0.53880287E+001
  0.30918343E+000  0.33900124E+000  0.44815245E+000  0.59604286E+000  0.77958755E+000  0.86841130E+000  0.11713819E+001  0.17252576E+001  0.23580436E+001  0.35242587E+001  0.53880259E+001
  0.30918312E+000  0.33899990E+000  0.44815099E+000  0.59604286E+000  0.77958581E+000  0.86840904E+000  0.11714221E+001  0.17252538E+001  0.23580373E+001  0.35242473E+001  0.53880232E+001
  0.30918284E+000  0.33899855E+000  0.44814954E+000  0.59604286E+000  0.77958410E+000  0.86840681E+000  0.11714429E+001  0.17252501E+001  0.23580388E+001  0.35242360E+001  0.53880205E+001
  0.30918256E+000  0.33899722E+000  0.44814809E+000  0.59604286E+000  0.77958242E+000  0.86840459E+000  0.11714448E+001  0.17252464E+001  0.23580287E+001  0.35242248E+001  0.53880178E+001
  0.30918230E+000  0.33899588E+000  0.44814664E+000  0.59604286E+000  0.77958077E+000  0.86840238E+000  0.11714464E+001  0.17252428E+001  0.23580189E+001  0.35242135E+001  0.53880151E+001
  0.30918204E+000  0.33899455E+000  0.44814518E+000  0.59604286E+000  0.77957914E+000  0.86840018E+000  0.11714477E+001  0.17252391E+001  0.23580122E+001  0.35242023E+001  0.53880125E+001
  0.30918178E+000  0.33899321E+000  0.44814372E+000  0.59604286E+000  0.77957753E+000  0.86839799E+000  0.11714489E+001  0.17252354E+001  0.23580058E+001  0.35241911E+001  0.53880099E+001
  0.30918152E+000  0.33899189E+000  0.44814226E+000  0.59604286E+000  0.77957594E+000  0.86839581E+000  0.11714499E+001  0.17252318E+001  0.23579994E+001  0.35241800E+001  0.53880074E+001
  0.30918127E+000  0.33899056E+000  0.44814080E+000  0.59604286E+000  0.77957439E+000  0.86839364E+000  0.11714507E+001  0.17252281E+001  0.23579929E+001  0.35241688E+001  0.53880048E+001
  0.30918102E+000  0.33898925E+000  0.44813935E+000  0.59604286E+000  0.77957286E+000  0.86839149E+000  0.11714514E+001  0.17252245E+001  0.23579864E+001  0.35241578E+001  0.53880024E+001
  0.30918076E+000  0.33898794E+000  0.44813790E+000  0.59604286E+000  0.77957136E+000  0.86838937E+000  0.11714519E+001  0.17252209E+001  0.23579799E+001  0.35241469E+001  0.53879999E+001
  0.30918051E+000  0.33898666E+000  0.44813647E+000  0.59604286E+000  0.77956991E+000  0.86838726E+000  0.11714524E+001  0.17252174E+001  0.23579734E+001  0.35241361E+001  0.53879976E+001
  0.30918026E+000  0.33898538E+000  0.44813505E+000  0.59604286E+000  0.77956849E+000  0.86838520E+000  0.11714528E+001  0.17252139E+001  0.23579669E+001  0.35241254E+001  0.53879952E+001
  0.30918001E+000  0.33898413E+000  0.44813365E+000  0.59604286E+000  0.77956711E+000  0.86838316E+000  0.11714531E+001  0.17252104E+001  0.23579605E+001  0.35241149E+001  0.53879930E+001
  0.30917977E+000  0.33898290E+000  0.44813227E+000  0.59604286E+000  0.77956578E+000  0.86838117E+000  0.11714534E+001  0.17252070E+001  0.23579541E+001  0.35241046E+001  0.53879908E+001
  0.30917952E+000  0.33898170E+000  0.44813091E+000  0.59604286E+000  0.77956449E+000  0.86837922E+000  0.11714537E+001  0.17252037E+001  0.23579478E+001  0.35240945E+001  0.53879887E+001
  0.30917929E+000  0.33898052E+000  0.44812958E+000  0.59604286E+000  0.77956326E+000  0.86837732E+000  0.11714539E+001  0.17252004E+001  0.23579415E+001  0.35240846E+001  0.53879867E+001
  0.30917906E+000  0.33897938E+000  0.44812827E+000  0.59604286E+000  0.77956207E+000  0.86837547E+000  0.11714542E+001  0.17251972E+001  0.23579421E+001  0.35240749E+001  0.53879848E+001
  0.30917883E+000  0.33897826E+000  0.44812700E+000  0.59604286E+000  0.77956094E+000  0.86837368E+000  0.11714544E+001  0.17251941E+001  0.23579336E+001  0.35240655E+001  0.53879830E+001
  0.30917862E+000  0.33897717E+000  0.44812576E+000  0.59604286E+000  0.77955985E+000  0.86837193E+000  0.11714547E+001  0.17251911E+001  0.23579255E+001  0.35240563E+001  0.53879812E+001
  0.30917840E+000  0.33897611E+000  0.44812455E+000  0.59604286E+000  0.77955882E+000  0.86837024E+000  0.11714550E+001  0.17251881E+001  0.23579179E+001  0.35240474E+001  0.53879796E+001
  0.30917820E+000  0.33897509E+000  0.44812337E+000  0.59604286E+000  0.77955784E+000  0.86836861E+000  0.11714553E+001  0.17251852E+001  0.23581269E+001  0.35240387E+001  0.53879781E+001
  0.30917801E+000  0.33897409E+000  0.44812222E+000  0.59604286E+000  0.77955690E+000  0.86836703E+000  0.11714556E+001  0.17251824E+001  0.23581226E+001  0.35240303E+001  0.53879766E+001
  0.30917782E+000  0.33897312E+000  0.44812111E+000  0.59604286E+000  0.77955601E+000  0.86836549E+000  0.11714560E+001  0.17251797E+001  0.23581183E+001  0.35240221E+001  0.53879753E+001
  0.30917764E+000  0.33897218E+000  0.44812002E+000  0.59604286E+000  0.77955517E+000  0.86836401E+000  0.11714563E+001  0.17251771E+001  0.23581142E+001  0.35240141E+001  0.53879740E+001
  0.30917747E+000  0.33897127E+000  0.44811896E+000  0.59604286E+000  0.77955436E+000  0.86836257E+000  0.11714567E+001  0.17251746E+001  0.23581101E+001  0.35240064E+001  0.53879729E+001
  0.30917731E+000  0.33897038E+000  0.44811792E+000  0.59604286E+000  0.77955360E+000  0.86836118E+000  0.11714571E+001  0.17251721E+001  0.23581060E+001  0.35239989E+001  0.53879718E+001
  0.30917715E+000  0.33896951E+000  0.44811691E+000  0.59604286E+000  0.77955288E+000  0.86835983E+000  0.11714576E+001  0.17251697E+001  0.23581022E+001  0.35239916E+001  0.53879709E+001
  0.30917700E+000  0.33896867E+000  0.44811593E+000  0.59604286E+000  0.77955218E+000  0.86835852E+000  0.11714580E+001  0.17251736E+001  0.23580987E+001  0.35239846E+001  0.53879700E+001
  0.30917686E+000  0.33896785E+000  0.44811496E+000  0.59604286E+000  0.77955153E+000  0.86835724E+000  0.11714584E+001  0.17251708E+001  0.23580952E+001  0.35239777E+001  0.53879693E+001
  0.30917672E+000  0.33896704E+000  0.44811402E+000  0.59604286E+000  0.77955090E+000  0.86835600E+000  0.11714589E+001  0.17251680E+001  0.23580918E+001  0.35239711E+001  0.53879686E+001
  0.30917658E+000  0.33896626E+000  0.44811311E+000  0.59604286E+000  0.77955030E+000  0.86835480E+000  0.11714593E+001  0.17251654E+001  0.23580884E+001  0.35239646E+001  0.53879681E+001
  0.30917645E+000  0.33896550E+000  0.44811221E+000  0.59604286E+000  0.77954973E+000  0.86835364E+000  0.11714598E+001  0.17251629E+001  0.23580833E+001  0.35239585E+001  0.53879676E+001
  0.30917633E+000  0.33896476E+000  0.44811134E+000  0.59604286E+000  0.77954920E+000  0.86835250E+000  0.11714603E+001  0.17251605E+001  0.23579932E+001  0.35239525E+001  0.53879672E+001
  0.30917620E+000  0.33896404E+000  0.44811049E+000  0.59604286E+000  0.77954868E+000  0.86835141E+000  0.11714608E+001  0.17251582E+001  0.23579872E+001  0.35239468E+001  0.53879670E+001
  0.30917609E+000  0.33896334E+000  0.44810967E+000  0.59604286E+000  0.77954820E+000  0.86835035E+000  0.11714667E+001  0.17251560E+001  0.23579814E+001  0.35239414E+001  0.53879669E+001
  0.30917597E+000  0.33896267E+000  0.44810887E+000  0.59604286E+000  0.77954775E+000  0.86834933E+000  0.11714736E+001  0.17251540E+001  0.23579760E+001  0.35239363E+001  0.53879668E+001
  0.30917586E+000  0.33896202E+000  0.44810811E+000  0.59604286E+000  0.77954733E+000  0.86834836E+000  0.11715302E+001  0.17251521E+001  0.23579708E+001  0.35239314E+001  0.53879669E+001
  0.30917575E+000  0.33896139E+000  0.44810737E+000  0.59604286E+000  0.77954694E+000  0.86834743E+000  0.11716158E+001  0.17251504E+001  0.23579660E+001  0.35239269E+001  0.53879671E+001
  0.30917564E+000  0.33896080E+000  0.44810666E+000  0.59604286E+000  0.77954658E+000  0.86834654E+000  0.11716355E+001  0.17251488E+001  0.23579615E+001  0.35239227E+001  0.53879675E+001
  0.30917554E+000  0.33896023E+000  0.44810599E+000  0.59604286E+000  0.77954625E+000  0.86834570E+000  0.11717019E+001  0.17251473E+001  0.23579574E+001  0.35239189E+001  0.53879680E+001
  0.30917544E+000  0.33895969E+000  0.44810536E+000  0.59604286E+000  0.77954596E+000  0.86834492E+000  0.11719035E+001  0.17251460E+001  0.23579536E+001  0.35239155E+001  0.53879686E+001
  0.30917535E+000  0.33895919E+000  0.44810476E+000  0.59604286E+000  0.77954571E+000  0.86834419E+000  0.11720247E+001  0.17251448E+001  0.23579501E+001  0.35239124E+001  0.53879693E+001
  0.30917526E+000  0.33895872E+000  0.44810420E+000  0.59604286E+000  0.77954549E+000  0.86834351E+000  0.11720283E+001  0.17251437E+001  0.23579471E+001  0.35239098E+001  0.53879702E+001
  0.30917517E+000  0.33895828E+000  0.44810368E+000  0.59604286E+000  0.77954530E+000  0.86834289E+000  0.11720320E+001  0.17251428E+001  0.23579444E+001  0.35239076E+001  0.53879713E+001
  0.30917509E+000  0.33895788E+000  0.44806372E+000  0.59604286E+000  0.77954515E+000  0.86834233E+000  0.11720358E+001  0.17251421E+001  0.23579422E+001  0.35239057E+001  0.53879724E+001
  0.30917502E+000  0.33895752E+000  0.44806345E+000  0.59604286E+000  0.77954504E+000  0.86834183E+000  0.11720397E+001  0.17251414E+001  0.23579403E+001  0.35239043E+001  0.53879738E+001
  0.30917495E+000  0.33895719E+000  0.44806320E+000  0.59604286E+000  0.77954496E+000  0.86834139E+000  0.11720437E+001  0.17251410E+001  0.23579387E+001  0.35239034E+001  0.53879753E+001
  0.30917489E+000  0.33895689E+000  0.44806300E+000  0.59604286E+000  0.77954492E+000  0.86834101E+000  0.11720477E+001  0.17251406E+001  0.23579376E+001  0.35239028E+001  0.53879770E+001
  0.30917483E+000  0.33895664E+000  0.44806283E+000  0.59604286E+000  0.77954491E+000  0.86834068E+000  0.11720518E+001  0.17251404E+001  0.23579368E+001  0.35239027E+001  0.53879788E+001
  0.30911954E+000  0.33895642E+000  0.44806269E+000  0.59604286E+000  0.77954494E+000  0.86834042E+000  0.11720864E+001  0.17251403E+001  0.23579364E+001  0.35239030E+001  0.53879808E+001
  0.30911946E+000  0.33895623E+000  0.44806258E+000  0.59604286E+000  0.77954500E+000  0.86834021E+000  0.11723863E+001  0.17251658E+001  0.23579363E+001  0.35239037E+001  0.53879830E+001
  0.30911940E+000  0.33895608E+000  0.44806251E+000  0.59604286E+000  0.77954509E+000  0.86834006E+000  0.11725980E+001  0.17255882E+001  0.23579366E+001  0.35239048E+001  0.53879853E+001
  0.30911935E+000  0.33895597E+000  0.44806247E+000  0.59604286E+000  0.77954521E+000  0.86833996E+000  0.11727534E+001  0.17255894E+001  0.23579372E+001  0.35239063E+001  0.53879878E+001
  0.30911932E+000  0.33895588E+000  0.44806247E+000  0.59604286E+000  0.77954536E+000  0.86833992E+000  0.11729651E+001  0.17255907E+001  0.23579381E+001  0.35239082E+001  0.53879904E+001
  0.30911930E+000  0.33895583E+000  0.44806249E+000  0.59604286E+000  0.77954553E+000  0.86833992E+000  0.11729655E+001  0.17255922E+001  0.23579393E+001  0.35239104E+001  0.53879932E+001
  0.30917456E+000  0.33895581E+000  0.44806254E+000  0.59604286E+000  0.77954573E+000  0.86833997E+000  0.11729660E+001  0.17255937E+001  0.23579408E+001  0.35239130E+001  0.53879962E+001
  0.30917455E+000  0.33895582E+000  0.44806261E+000  0.59604286E+000  0.77954596E+000  0.86834007E+000  0.11729667E+001  0.17255953E+001  0.23579425E+001  0.35239160E+001  0.53879994E+001
  0.30917453E+000  0.33895585E+000  0.44806272E+000  0.59604286E+000  0.77954620E+000  0.86834021E+000  0.11729674E+001  0.17255971E+001  0.23579445E+001  0.35239192E+001  0.53880027E+001
  0.30917452E+000  0.33895591E+000  0.44806284E+000  0.59604286E+000  0.77954647E+000  0.86834040E+000  0.11729681E+001  0.17255989E+001  0.23579467E+001  0.35239228E+001  0.53897452E+001
  0.30917452E+000  0.33895599E+000  0.44806299E+000  0.59604286E+000  0.77954675E+000  0.86834061E+000  0.11729690E+001  0.17256009E+001  0.23579491E+001  0.35239267E+001  0.54005574E+001
  0.30917452E+000  0.33895610E+000  0.44806316E+000  0.59604286E+000  0.77954705E+000  0.86834087E+000  0.11729699E+001  0.17256030E+001  0.23579517E+001  0.35239308E+001  0.54005580E+001
  0.30917452E+000  0.33895622E+000  0.44806334E+000  0.59604286E+000  0.77954736E+000  0.86834115E+000  0.11729709E+001  0.17256051E+001  0.23579545E+001  0.35239351E+001  0.54005587E+001
  0.30917453E+000  0.33895637E+000  0.44806354E+000  0.59604286E+000  0.77954769E+000  0.86834146E+000  0.11729720E+001  0.17256074E+001  0.23579574E+001  0.35239397E+001  0.54005594E+001
  0.30917454E+000  0.33895653E+000  0.44806376E+000  0.59604286E+000  0.77954802E+000  0.86834180E+000  0.11729730E+001  0.17256097E+001  0.23579604E+001  0.35239446E+001  0.54005601E+001
  0.30917455E+000  0.33895671E+000  0.44806399E+000  0.59604286E+000  0.77954837E+000  0.86834216E+000  0.11729742E+001  0.17256121E+001  0.23579636E+001  0.35239496E+001  0.54005609E+001
  0.30917456E+000  0.33895690E+000  0.44806423E+000  0.59604286E+000  0.77954872E+000  0.86834255E+000  0.11729753E+001  0.17256146E+001  0.23579668E+001  0.35239547E+001  0.54005617E+001
  0.30917458E+000  0.33895710E+000  0.44806448E+000  0.59604286E+000  0.77954908E+000  0.86834295E+000  0.11729765E+001  0.17256171E+001  0.23579702E+001  0.35239601E+001  0.54005625E+001
  0.30917460E+000  0.33895731E+000  0.44806474E+000  0.59604286E+000  0.77954944E+000  0.86834336E+000  0.11729777E+001  0.17256197E+001  0.23579736E+001  0.35239656E+001  0.54005633E+001
  0.30917462E+000  0.33895753E+000  0.44806500E+000  0.59604286E+000  0.77954980E+000  0.86834378E+000  0.11729789E+001  0.17256224E+001  0.23579770E+001  0.35239712E+001  0.54005642E+001
  0.30917464E+000  0.33895776E+000  0.44806527E+000  0.59604286E+000  0.77955017E+000  0.86834422E+000  0.11729800E+001  0.17256251E+001  0.23579805E+001  0.35239769E+001  0.54005651E+001
  0.30917467E+000  0.33895800E+000  0.44806555E+000  0.59604286E+000  0.77955054E+000  0.86834466E+000  0.11729812E+001  0.17256278E+001  0.23579840E+001  0.35239827E+001  0.54005660E+001
  0.30917469E+000  0.33895824E+000  0.44806582E+000  0.59604286E+000  0.77955090E+000  0.86834511E+000  0.11729824E+001  0.17256306E+001  0.23579875E+001  0.35239886E+001  0.54005669E+001
  0.30917472E+000  0.33895848E+000  0.44806610E+000  0.59604286E+000  0.77955127E+000  0.86834556E+000  0.11729836E+001  0.17256333E+001  0.23579909E+001  0.35239945E+001  0.54005678E+001
  0.30917475E+000  0.33895872E+000  0.44806638E+000  0.59604286E+000  0.77955163E+000  0.86834602E+000  0.11729847E+001  0.17256361E+001  0.23579944E+001  0.35240005E+001  0.54005688E+001
  0.30917478E+000  0.33895897E+000  0.44806666E+000  0.59604286E+000  0.77955198E+000  0.86834647E+000  0.11729859E+001  0.17256389E+001  0.23579978E+001  0.35240065E+001  0.54005697E+001
  0.30917480E+000  0.33895922E+000  0.44806693E+000  0.59604286E+000  0.77955233E+000  0.86834691E+000  0.11729870E+001  0.17256417E+001  0.23580011E+001  0.35240125E+001  0.54005707E+001
  0.30917483E+000  0.33895946E+000  0.44806720E+000  0.59604286E+000  0.77955268E+000  0.86834736E+000  0.11729880E+001  0.17256445E+001  0.23580044E+001  0.35240186E+001  0.54005717E+001
  0.30917486E+000  0.33895970E+000  0.44806747E+000  0.59604286E+000  0.77955302E+000  0.86834779E+000  0.11729880E+001  0.17256472E+001  0.23580076E+001  0.35240246E+001  0.54005726E+001
  0.30917489E+000  0.33895994E+000  0.44806773E+000  0.59604286E+000  0.77955335E+000  0.86834822E+000  0.11729890E+001  0.17256500E+001  0.23580108E+001  0.35240306E+001  0.54005736E+001
  0.30917492E+000  0.33896017E+000  0.44806798E+000  0.59604286E+000  0.77955367E+000  0.86834863E+000  0.11728736E+001  0.17256527E+001  0.23580138E+001  0.35240365E+001  0.54005746E+001
  0.30917495E+000  0.33896040E+000  0.44806823E+000  0.59604286E+000  0.77955398E+000  0.86834903E+000  0.11728757E+001  0.17256553E+001  0.23580167E+001  0.35240424E+001  0.54005756E+001
  0.30917498E+000  0.33896062E+000  0.44806846E+000  0.59604286E+000  0.77955428E+000  0.86834942E+000  0.11728778E+001  0.17256579E+001  0.23580195E+001  0.35240482E+001  0.54005766E+001
  0.30917500E+000  0.33896083E+000  0.44810628E+000  0.59604286E+000  0.77955458E+000  0.86834980E+000  0.11728798E+001  0.17256605E+001  0.23580222E+001  0.35240540E+001  0.54005776E+001
  0.30917503E+000  0.33896103E+000  0.44810650E+000  0.59604286E+000  0.77955486E+000  0.86835016E+000  0.11728817E+001  0.17256629E+001  0.23580248E+001  0.35240597E+001  0.54005786E+001
  0.30917506E+000  0.33896123E+000  0.44810672E+000  0.59604286E+000  0.77955513E+000  0.86835050E+000  0.11728836E+001  0.17256654E+001  0.23580273E+001  0.35240652E+001  0.54005796E+001
  0.30917508E+000  0.33896141E+000  0.44810692E+000  0.59604286E+000  0.77955539E+000  0.86835082E+000  0.11728854E+001  0.17256677E+001  0.23580296E+001  0.35240707E+001  0.54005806E+001
  0.30917511E+000  0.33896159E+000  0.44810711E+000  0.59604286E+000  0.77955563E+000  0.86835112E+000  0.11728872E+001  0.17256699E+001  0.23580317E+001  0.35240761E+001  0.54005816E+001
  0.30917513E+000  0.33896175E+000  0.44810729E+000  0.59604286E+000  0.77955587E+000  0.86835141E+000  0.11728889E+001  0.17256721E+001  0.23580337E+001  0.35240813E+001  0.54005826E+001
  0.30917515E+000  0.33896190E+000  0.44810746E+000  0.59604286E+000  0.77955609E+000  0.86835167E+000  0.11728905E+001  0.17256742E+001  0.23580356E+001  0.35240865E+001  0.54005836E+001
  0.30917517E+000  0.33896205E+000  0.44810761E+000  0.59604286E+000  0.77955630E+000  0.86835191E+000  0.11728921E+001  0.17256762E+001  0.23580374E+001  0.35240915E+001  0.54005846E+001
  0.30917519E+000  0.33896217E+000  0.44810775E+000  0.59604286E+000  0.77955650E+000  0.86835214E+000  0.11728936E+001  0.17256781E+001  0.23580390E+001  0.35240964E+001  0.54005856E+001
  0.30917521E+000  0.33896229E+000  0.44810787E+000  0.59604286E+000  0.77955668E+000  0.86835234E+000  0.11728950E+001  0.17256799E+001  0.23580404E+001  0.35241011E+001  0.54005866E+001
  0.30917522E+000  0.33896240E+000  0.44810798E+000  0.59604286E+000  0.77955686E+000  0.86835252E+000  0.11728964E+001  0.17256816E+001  0.23580417E+001  0.35241057E+001  0.54005875E+001
  0.30917524E+000  0.33896249E+000  0.44810808E+000  0.59604286E+000  0.77955702E+000  0.86835268E+000  0.11728977E+001  0.17256833E+001  0.23580429E+001  0.35241102E+001  0.54005885E+001
  0.30917525E+000  0.33896257E+000  0.44810817E+000  0.59604286E+000  0.77955717E+000  0.86835281E+000  0.11728990E+001  0.17256848E+001  0.23580439E+001  0.35241145E+001  0.54005895E+001
  0.30917527E+000  0.33896265E+000  0.44810824E+000  0.59604286E+000  0.77955731E+000  0.86835293E+000  0.11729002E+001  0.17256862E+001  0.23580448E+001  0.35241188E+001  0.54005904E+001
  0.30917528E+000  0.33896270E+000  0.44810830E+000  0.59604286E+000  0.77955744E+000  0.86835303E+000  0.11729014E+001  0.17256875E+001  0.23580456E+001  0.35241228E+001  0.54005914E+001
  0.30917529E+000  0.33896275E+000  0.44810834E+000  0.59604286E+000  0.77955755E+000  0.86835311E+000  0.11729025E+001  0.17256887E+001  0.23580462E+001  0.35241268E+001  0.54005923E+001
  0.30917529E+000  0.33896279E+000  0.44810837E+000  0.59604286E+000  0.77955766E+000  0.86835317E+000  0.11729036E+001  0.17256899E+001  0.23580841E+001  0.35241306E+001  0.54005933E+001
  0.30917530E+000  0.33896282E+000  0.44810840E+000  0.59604286E+000  0.77955776E+000  0.86835321E+000  0.11729046E+001  0.17256909E+001  0.23580840E+001  0.35241343E+001  0.54005942E+001
  0.30917531E+000  0.33896283E+000  0.44810841E+000  0.59604286E+000  0.77955784E+000  0.86835324E+000  0.11729056E+001  0.17256919E+001  0.23580839E+001  0.35241378E+001  0.54005951E+001
  0.30917531E+000  0.33896284E+000  0.44810840E+000  0.59604286E+000  0.77955792E+000  0.86835325E+000  0.11729065E+001  0.17256927E+001  0.23580477E+001  0.35241413E+001  0.54005960E+001
  0.30917531E+000  0.33896284E+000  0.44810839E+000  0.59604286E+000  0.77955799E+000  0.86835324E+000  0.11729074E+001  0.17256935E+001  0.23580478E+001  0.35241446E+001  0.54005970E+001
  0.30917531E+000  0.33896283E+000  0.44810837E+000  0.59604286E+000  0.77955805E+000  0.86835322E+000  0.11729083E+001  0.17256942E+001  0.23580478E+001  0.35241478E+001  0.54005979E+001
  0.30917531E+000  0.33896281E+000  0.44810834E+000  0.59604286E+000  0.77955811E+000  0.86835318E+000  0.11729091E+001  0.17256949E+001  0.23580478E+001  0.35241510E+001  0.54005988E+001
  0.30917531E+000  0.33896278E+000  0.44810830E+000  0.59604286E+000  0.77955815E+000  0.86835314E+000  0.11729099E+001  0.17256954E+001  0.23580476E+001  0.35241540E+001  0.54005997E+001
  0.30917531E+000  0.33896275E+000  0.44810826E+000  0.59604286E+000  0.77955819E+000  0.86835308E+000  0.11729107E+001  0.17256959E+001  0.23580474E+001  0.35241569E+001  0.54006006E+001
  0.30917531E+000  0.33896270E+000  0.44810820E+000  0.59604286E+000  0.77955823E+000  0.86835301E+000  0.11729114E+001  0.17256964E+001  0.23580472E+001  0.35241597E+001  0.54006015E+001
  0.30917530E+000  0.33896266E+000  0.44810814E+000  0.59604286E+000  0.77955826E+000  0.86835293E+000  0.11729121E+001  0.17256968E+001  0.23580469E+001  0.35241625E+001  0.54006024E+001
  0.30917530E+000  0.33896261E+000  0.44810808E+000  0.59604286E+000  0.77955828E+000  0.86835285E+000  0.11729128E+001  0.17256971E+001  0.23580465E+001  0.35241652E+001  0.54006033E+001
  0.30917529E+000  0.33896255E+000  0.44810801E+000  0.59604286E+000  0.77955831E+000  0.86835275E+000  0.11729134E+001  0.17256974E+001  0.23580461E+001  0.35241678E+001  0.54006041E+001
  0.30917529E+000  0.33896249E+000  0.44810793E+000  0.59604286E+000  0.77955832E+000  0.86835266E+000  0.11729141E+001  0.17256976E+001  0.23580457E+001  0.35241703E+001  0.54006050E+001
  0.30917528E+000  0.33896243E+000  0.44810785E+000  0.59604286E+000  0.77955834E+000  0.86835255E+000  0.11729147E+001  0.17256979E+001  0.23580453E+001  0.35241728E+001  0.54006059E+001
  0.30917527E+000  0.33896236E+000  0.44810777E+000  0.59604286E+000  0.77955835E+000  0.86835244E+000  0.11729153E+001  0.17256980E+001  0.23580448E+001  0.35241752E+001  0.54006068E+001
  0.30917527E+000  0.33896230E+000  0.44810769E+000  0.59604286E+000  0.77955835E+000  0.86835233E+000  0.11729159E+001  0.17256982E+001  0.23580444E+001  0.35241776E+001  0.54006077E+001
  0.30917526E+000  0.33896223E+000  0.44810761E+000  0.59604286E+000  0.77955836E+000  0.86835222E+000  0.11729165E+001  0.17259016E+001  0.23580439E+001  0.35241799E+001  0.54006085E+001
  0.30917525E+000  0.33896215E+000  0.44810752E+000  0.59604286E+000  0.77955837E+000  0.86835211E+000  0.11729171E+001  0.17259030E+001  0.23580434E+001  0.35241822E+001  0.54006094E+001
  0.30917524E+000  0.33896208E+000  0.44810744E+000  0.59604286E+000  0.77955837E+000  0.86835200E+000  0.11729942E+001  0.17259043E+001  0.23580430E+001  0.35241845E+001  0.54006103E+001
  0.30917523E+000  0.33896201E+000  0.44810735E+000  0.59604286E+000  0.77955837E+000  0.86835189E+000  0.11729940E+001  0.17259056E+001  0.23580425E+001  0.35241868E+001  0.54006112E+001
  0.30917522E+000  0.33896194E+000  0.44810727E+000  0.59604286E+000  0.77955838E+000  0.86835178E+000  0.11729937E+001  0.17259069E+001  0.23580421E+001  0.35241890E+001  0.54006120E+001
  0.30917521E+000  0.33896187E+000  0.44810718E+000  0.59604286E+000  0.77955838E+000  0.86835167E+000  0.11729934E+001  0.17259082E+001  0.23580417E+001  0.35241912E+001  0.54006129E+001
  0.30917521E+000  0.33896180E+000  0.44810710E+000  0.59604286E+000  0.77955838E+000  0.86835157E+000  0.11729932E+001  0.17259094E+001  0.23580413E+001  0.35241934E+001  0.54006138E+001
  0.30917520E+000  0.33896173E+000  0.44810702E+000  0.59604286E+000  0.77955838E+000  0.86835147E+000  0.11729929E+001  0.17259107E+001  0.23580410E+001  0.35241956E+001  0.54006147E+001
  0.30917519E+000  0.33896167E+000  0.44810695E+000  0.59604286E+000  0.77955839E+000  0.86835137E+000  0.11729927E+001  0.17259120E+001  0.23580407E+001  0.35241978E+001  0.54006155E+001
  0.30917518E+000  0.33896160E+000  0.44810687E+000  0.59604286E+000  0.77955839E+000  0.86835128E+000  0.11729925E+001  0.17259133E+001  0.23580404E+001  0.35242000E+001  0.54006164E+001
  0.30917517E+000  0.33896154E+000  0.44810680E+000  0.59604286E+000  0.77955840E+000  0.86835120E+000  0.11729923E+001  0.17259146E+001  0.23580402E+001  0.35242022E+001  0.54006173E+001
  0.30917516E+000  0.33896148E+000  0.44810674E+000  0.59604286E+000  0.77955840E+000  0.86835112E+000  0.11729927E+001  0.17259159E+001  0.23580400E+001  0.35242044E+001  0.54006182E+001
  0.30917516E+000  0.33896143E+000  0.44810668E+000  0.59604286E+000  0.77955841E+000  0.86835106E+000  0.11729925E+001  0.17259172E+001  0.23580399E+001  0.35242067E+001  0.54006191E+001
  0.30917515E+000  0.33896138E+000  0.44810662E+000  0.59604286E+000  0.77955842E+000  0.86835100E+000  0.11729924E+001  0.17259185E+001  0.23580399E+001  0.35242089E+001  0.54006200E+001
  0.30917514E+000  0.33896133E+000  0.44810657E+000  0.59604286E+000  0.77955843E+000  0.86835094E+000  0.11729922E+001  0.17259198E+001  0.23580399E+001  0.35242112E+001  0.54006209E+001
  0.30917513E+000  0.33896128E+000  0.44810652E+000  0.59604286E+000  0.77955845E+000  0.86835090E+000  0.11729921E+001  0.17259211E+001  0.23580399E+001  0.35242136E+001  0.54006218E+001
  0.30917513E+000  0.33896124E+000  0.44810648E+000  0.59604286E+000  0.77955846E+000  0.86835087E+000  0.11729920E+001  0.17259225E+001  0.23580401E+001  0.35242159E+001  0.54006228E+001
  0.30917512E+000  0.33896120E+000  0.44810644E+000  0.59604286E+000  0.77955848E+000  0.86835085E+000  0.11729920E+001  0.17259238E+001  0.23580403E+001  0.35242183E+001  0.54006237E+001
  0.30917512E+000  0.33896117E+000  0.44810641E+000  0.59604286E+000  0.77955850E+000  0.86835083E+000  0.11729919E+001  0.17259251E+001  0.23580406E+001  0.35242207E+001  0.54006246E+001
  0.30917511E+000  0.33896114E+000  0.44810638E+000  0.59604286E+000  0.77955852E+000  0.86835083E+000  0.11729919E+001  0.17259265E+001  0.23580410E+001  0.35242232E+001  0.54006256E+001
  0.30917511E+000  0.33896112E+000  0.44810636E+000  0.59604286E+000  0.77955855E+000  0.86835084E+000  0.11729919E+001  0.17259278E+001  0.23580414E+001  0.35242258E+001  0.54006266E+001
  0.30917510E+000  0.33896109E+000  0.44810634E+000  0.59604286E+000  0.77955857E+000  0.86835087E+000  0.11729919E+001  0.17259292E+001  0.23580420E+001  0.35242284E+001  0.54006276E+001
  0.30917510E+000  0.33896108E+000  0.44810633E+000  0.59604286E+000  0.77955860E+000  0.86835090E+000  0.11729920E+001  0.17259306E+001  0.23580427E+001  0.35242311E+001  0.54006286E+001
  0.30917509E+000  0.33896106E+000  0.44810632E+000  0.59604286E+000  0.77955863E+000  0.86835096E+000  0.11729920E+001  0.17259319E+001  0.23580434E+001  0.35242339E+001  0.54006296E+001
  0.30917509E+000  0.33896105E+000  0.44810632E+000  0.59604286E+000  0.77955866E+000  0.86835102E+000  0.11729921E+001  0.17259333E+001  0.23580443E+001  0.35242368E+001  0.54006307E+001
  0.30917509E+000  0.33896105E+000  0.44810633E+000  0.59604286E+000  0.77955870E+000  0.86835110E+000  0.11729922E+001  0.17259347E+001  0.23580454E+001  0.35242398E+001  0.54006318E+001
  0.30917509E+000  0.33896104E+000  0.44810634E+000  0.59604286E+000  0.77955874E+000  0.86835120E+000  0.11729924E+001  0.17259362E+001  0.23580465E+001  0.35242430E+001  0.54006329E+001
  0.30917509E+000  0.33896105E+000  0.44810636E+000  0.59604286E+000  0.77955878E+000  0.86835132E+000  0.11729920E+001  0.17259376E+001  0.23580478E+001  0.35242463E+001  0.54006341E+001
  0.30917509E+000  0.33896105E+000  0.44810638E+000  0.59604286E+000  0.77955882E+000  0.86835146E+000  0.11729922E+001  0.17259391E+001  0.23580493E+001  0.35242498E+001  0.54006353E+001
  0.30917508E+000  0.33896107E+000  0.44810642E+000  0.59604286E+000  0.77955887E+000  0.86835163E+000  0.11729924E+001  0.17259406E+001  0.23580509E+001  0.35242535E+001  0.54006366E+001
  0.30917508E+000  0.33896109E+000  0.44810646E+000  0.59604286E+000  0.77955892E+000  0.86835182E+000  0.11729927E+001  0.17259422E+001  0.23580528E+001  0.35242575E+001  0.54006378E+001
  0.30917508E+000  0.33896111E+000  0.44810651E+000  0.59604286E+000  0.77955898E+000  0.86835204E+000  0.11729931E+001  0.17259438E+001  0.23580548E+001  0.35242617E+001  0.54006392E+001
  0.30917509E+000  0.33896115E+000  0.44810658E+000  0.59604286E+000  0.77955904E+000  0.86835230E+000  0.11729341E+001  0.17259454E+001  0.23580571E+001  0.35242661E+001  0.54006406E+001
  0.30917509E+000  0.33896119E+000  0.44806951E+000  0.59604286E+000  0.77955911E+000  0.86835259E+000  0.11729349E+001  0.17259471E+001  0.23580596E+001  0.35242709E+001  0.54006421E+001
  0.30917509E+000  0.33896124E+000  0.44806957E+000  0.59604286E+000  0.77955919E+000  0.86835292E+000  0.11729356E+001  0.17261036E+001  0.23580624E+001  0.35242760E+001  0.54006436E+001
  0.30917510E+000  0.33896128E+000  0.44806962E+000  0.59604286E+000  0.77955926E+000  0.86835328E+000  0.11729364E+001  0.17261549E+001  0.23580653E+001  0.35242814E+001  0.54006452E+001
  0.30917510E+000  0.33896132E+000  0.44806966E+000  0.59604286E+000  0.77955934E+000  0.86835367E+000  0.11729373E+001  0.17261654E+001  0.23580685E+001  0.35243026E+001  0.54006468E+001
  0.30917511E+000  0.33896133E+000  0.44806968E+000  0.59604286E+000  0.77955939E+000  0.86835407E+000  0.11729381E+001  0.17261747E+001  0.23580719E+001  0.35243560E+001  0.54006485E+001
  0.30917511E+000  0.33896135E+000  0.44806973E+000  0.59604286E+000  0.77955942E+000  0.86835449E+000  0.11729390E+001  0.17261830E+001  0.23580757E+001  0.35244069E+001  0.54006503E+001
  0.30917510E+000  0.33896142E+000  0.44806991E+000  0.59604286E+000  0.77955946E+000  0.86835502E+000  0.11729401E+001  0.17261909E+001  0.23580802E+001  0.35244560E+001  0.54006523E+001
  0.30917507E+000  0.33896167E+000  0.44807038E+000  0.59604286E+000  0.77955959E+000  0.86835576E+000  0.11729419E+001  0.17261986E+001  0.23580861E+001  0.35245042E+001  0.54006545E+001
  0.30917504E+000  0.33896225E+000  0.44807122E+000  0.59604286E+000  0.77956000E+000  0.86835715E+000  0.11729441E+001  0.17262060E+001  0.23580935E+001  0.35245525E+001  0.54006571E+001
  0.30917508E+000  0.33896310E+000  0.44807218E+000  0.59604286E+000  0.77956069E+000  0.86835880E+000  0.11729475E+001  0.17262093E+001  0.23581161E+001  0.35245995E+001  0.54006593E+001
  0.30917523E+000  0.33896368E+000  0.44811014E+000  0.59604286E+000  0.77956156E+000  0.86836112E+000  0.11729485E+001  0.17262053E+001  0.23581220E+001  0.35246382E+001  0.54006606E+001
  0.30917496E+000  0.33896146E+000  0.44807809E+000  0.59604286E+000  0.77956196E+000  0.86836093E+000  0.11729581E+001  0.17262235E+001  0.23581198E+001  0.35246645E+001  0.54006621E+001
  0.30917419E+000  0.33897255E+000  0.44812165E+000  0.59604286E+000  0.77958480E+000  0.86842304E+000  0.11730336E+001  0.17262315E+001  0.23581692E+001  0.35247454E+001  0.54006660E+001
