 -0.93401742E+000 -0.83813383E+000 -0.56492699E+000 -0.20764928E+000 -0.57295680E-002  0.84681032E-003  0.95404910E+000  0.45945677E+001  0.89465163E+001  0.16278867E+002  0.22291896E+002
 -0.93412601E+000 -0.83834722E+000 -0.56547905E+000 -0.20849096E+000 -0.58011101E-002  0.81179006E-003  0.95174489E+000  0.45905012E+001  0.89393087E+001  0.16266212E+002  0.22279021E+002
 -0.93420472E+000 -0.83851819E+000 -0.56593419E+000 -0.20916854E+000 -0.58189554E-002  0.80245128E-003  0.94993127E+000  0.45870305E+001  0.89331525E+001  0.16255483E+002  0.22268039E+002
 -0.93426118E+000 -0.83865285E+000 -0.56630656E+000 -0.20971052E+000 -0.58232277E-002  0.80093697E-003  0.94850989E+000  0.45840802E+001  0.89279195E+001  0.16246440E+002  0.22258724E+002
 -0.93430161E+000 -0.83875718E+000 -0.56660896E+000 -0.21014056E+000 -0.58226752E-002  0.80202847E-003  0.94740157E+000  0.45815859E+001  0.89234869E+001  0.16238839E+002  0.22250857E+002
 -0.93433057E+000 -0.83883672E+000 -0.56685269E+000 -0.21047806E+000 -0.58199381E-002  0.80402190E-003  0.94654373E+000  0.45794855E+001  0.89197420E+001  0.16232483E+002  0.22244242E+002
 -0.93435132E+000 -0.83889636E+000 -0.56704740E+000 -0.21073880E+000 -0.58160185E-002  0.80632538E-003  0.94588672E+000  0.45777252E+001  0.89165845E+001  0.16227194E+002  0.22238704E+002
 -0.93436619E+000 -0.83894026E+000 -0.56720121E+000 -0.21093581E+000 -0.58115429E-002  0.80865244E-003  0.94539126E+000  0.45762585E+001  0.89139272E+001  0.16222818E+002  0.22234092E+002
 -0.93437684E+000 -0.83897186E+000 -0.56732093E+000 -0.21107994E+000 -0.58068905E-002  0.81087902E-003  0.94502584E+000  0.45750444E+001  0.89116960E+001  0.16219234E+002  0.22230269E+002
 -0.93438448E+000 -0.83899394E+000 -0.56741223E+000 -0.21118022E+000 -0.58023235E-002  0.81296498E-003  0.94476519E+000  0.45740471E+001  0.89098287E+001  0.16216323E+002  0.22227105E+002
 -0.93438998E+000 -0.83900868E+000 -0.56747988E+000 -0.21124419E+000 -0.57979087E-002  0.81489338E-003  0.94458920E+000  0.45732365E+001  0.89082731E+001  0.16213984E+002  0.22224504E+002
 -0.93439395E+000 -0.83901783E+000 -0.56752786E+000 -0.21127815E+000 -0.57936931E-002  0.81667867E-003  0.94448140E+000  0.45725868E+001  0.89069861E+001  0.16212131E+002  0.22222389E+002
 -0.93439685E+000 -0.83902273E+000 -0.56755950E+000 -0.21128739E+000 -0.57896981E-002  0.81833263E-003  0.94442846E+000  0.45720762E+001  0.89059320E+001  0.16210688E+002  0.22220690E+002
 -0.93439898E+000 -0.83902443E+000 -0.56757761E+000 -0.21127633E+000 -0.57859399E-002  0.81986109E-003  0.94441977E+000  0.45716859E+001  0.89050811E+001  0.16209592E+002  0.22219349E+002
 -0.93440058E+000 -0.83902374E+000 -0.56758454E+000 -0.21124868E+000 -0.57824383E-002  0.82126526E-003  0.94444674E+000  0.45714011E+001  0.89044090E+001  0.16208789E+002  0.22218318E+002
 -0.93440181E+000 -0.83902128E+000 -0.56758226E+000 -0.21120754E+000 -0.57791975E-002  0.82255109E-003  0.94450243E+000  0.45712077E+001  0.89038950E+001  0.16208234E+002  0.22217554E+002
 -0.93440277E+000 -0.83901754E+000 -0.56757242E+000 -0.21115553E+000 -0.57762122E-002  0.82372670E-003  0.94458122E+000  0.45710933E+001  0.89035216E+001  0.16207887E+002  0.22217023E+002
 -0.93440355E+000 -0.83901288E+000 -0.56755639E+000 -0.21109482E+000 -0.57734711E-002  0.82480116E-003  0.94467852E+000  0.45710472E+001  0.89032737E+001  0.16207717E+002  0.22216697E+002
 -0.93440421E+000 -0.83900758E+000 -0.56753535E+000 -0.21102723E+000 -0.57709593E-002  0.82578374E-003  0.94479062E+000  0.45710603E+001  0.89031381E+001  0.16207695E+002  0.22216551E+002
 -0.93440477E+000 -0.83900185E+000 -0.56751025E+000 -0.21095429E+000 -0.57686601E-002  0.82668347E-003  0.94491449E+000  0.45711247E+001  0.89031026E+001  0.16207798E+002  0.22216563E+002
 -0.93440526E+000 -0.83899585E+000 -0.56748189E+000 -0.21087730E+000 -0.57665563E-002  0.82750889E-003  0.94504766E+000  0.45712336E+001  0.89031566E+001  0.16208006E+002  0.22216712E+002
 -0.93440570E+000 -0.83898970E+000 -0.56745096E+000 -0.21079734E+000 -0.57646307E-002  0.82826791E-003  0.94518816E+000  0.45713813E+001  0.89032901E+001  0.16208304E+002  0.22216984E+002
 -0.93440609E+000 -0.83898346E+000 -0.56741799E+000 -0.21071533E+000 -0.57628669E-002  0.82896776E-003  0.94533435E+000  0.45715628E+001  0.89034944E+001  0.16208679E+002  0.22217366E+002
 -0.93440644E+000 -0.83897721E+000 -0.56738344E+000 -0.21063205E+000 -0.57612493E-002  0.82961501E-003  0.94548496E+000  0.45717737E+001  0.89037613E+001  0.16209122E+002  0.22217846E+002
 -0.93440674E+000 -0.83897096E+000 -0.56734768E+000 -0.21054814E+000 -0.57597635E-002  0.83021553E-003  0.94563893E+000  0.45720104E+001  0.89040838E+001  0.16209625E+002  0.22218415E+002
 -0.93440699E+000 -0.83896473E+000 -0.56731102E+000 -0.21046417E+000 -0.57583964E-002  0.83077462E-003  0.94579547E+000  0.45722695E+001  0.89044555E+001  0.16210183E+002  0.22219065E+002
 -0.93440718E+000 -0.83895853E+000 -0.56727369E+000 -0.21038059E+000 -0.57571359E-002  0.83129700E-003  0.94595392E+000  0.45725484E+001  0.89048708E+001  0.16210792E+002  0.22219789E+002
 -0.93440731E+000 -0.83895234E+000 -0.56723587E+000 -0.21029780E+000 -0.57559710E-002  0.83178688E-003  0.94611382E+000  0.45728444E+001  0.89053251E+001  0.16211449E+002  0.22220584E+002
 -0.93440734E+000 -0.83894614E+000 -0.56719771E+000 -0.21021612E+000 -0.57548918E-002  0.83224802E-003  0.94627480E+000  0.45731555E+001  0.89058144E+001  0.16212152E+002  0.22221444E+002
 -0.93440728E+000 -0.83893991E+000 -0.56715931E+000 -0.21013581E+000 -0.57538894E-002  0.83268382E-003  0.94643660E+000  0.45734798E+001  0.89063352E+001  0.16212902E+002  0.22222367E+002
 -0.93440710E+000 -0.83893360E+000 -0.56712074E+000 -0.21005708E+000 -0.57529557E-002  0.83309729E-003  0.94659907E+000  0.45738158E+001  0.89068847E+001  0.16213698E+002  0.22223349E+002
 -0.93440678E+000 -0.83892718E+000 -0.56708203E+000 -0.20998009E+000 -0.57520832E-002  0.83349114E-003  0.94676211E+000  0.45741621E+001  0.89074607E+001  0.16214539E+002  0.22224389E+002
 -0.93440630E+000 -0.83892061E+000 -0.56704320E+000 -0.20990497E+000 -0.57512654E-002  0.83386783E-003  0.94692567E+000  0.45745175E+001  0.89080613E+001  0.16215426E+002  0.22225485E+002
 -0.93440563E+000 -0.83891383E+000 -0.56700424E+000 -0.20983179E+000 -0.57504963E-002  0.83422953E-003  0.94708977E+000  0.45748811E+001  0.89086848E+001  0.16216358E+002  0.22226635E+002
 -0.93440475E+000 -0.83890680E+000 -0.56696514E+000 -0.20976061E+000 -0.57497703E-002  0.83457821E-003  0.94725445E+000  0.45752522E+001  0.89093302E+001  0.16217335E+002  0.22227840E+002
 -0.93440365E+000 -0.83889947E+000 -0.56692585E+000 -0.20969143E+000 -0.57490826E-002  0.83491561E-003  0.94741975E+000  0.45756301E+001  0.89099964E+001  0.16218358E+002  0.22229098E+002
 -0.93440228E+000 -0.83889179E+000 -0.56688635E+000 -0.20962425E+000 -0.57484288E-002  0.83524328E-003  0.94758577E+000  0.45760144E+001  0.89106826E+001  0.16219424E+002  0.22230408E+002
 -0.93440063E+000 -0.83888370E+000 -0.56684657E+000 -0.20955902E+000 -0.57478049E-002  0.83556262E-003  0.94775256E+000  0.45764048E+001  0.89113879E+001  0.16220533E+002  0.22231770E+002
 -0.93439866E+000 -0.83887518E+000 -0.56680647E+000 -0.20949569E+000 -0.57472072E-002  0.83587485E-003  0.94792021E+000  0.45768010E+001  0.89121118E+001  0.16221684E+002  0.22233182E+002
 -0.93439636E+000 -0.83886616E+000 -0.56676599E+000 -0.20943419E+000 -0.57466325E-002  0.83618103E-003  0.94808877E+000  0.45772029E+001  0.89128536E+001  0.16222875E+002  0.22234643E+002
 -0.93439370E+000 -0.83885662E+000 -0.56672509E+000 -0.20937442E+000 -0.57460780E-002  0.83648208E-003  0.94825830E+000  0.45776103E+001  0.89136127E+001  0.16224104E+002  0.22236151E+002
 -0.93439066E+000 -0.83884652E+000 -0.56668371E+000 -0.20931629E+000 -0.57455411E-002  0.83677881E-003  0.94842882E+000  0.45780233E+001  0.89143883E+001  0.16225371E+002  0.22237705E+002
 -0.93438722E+000 -0.83883582E+000 -0.56664184E+000 -0.20925969E+000 -0.57450196E-002  0.83707187E-003  0.94860033E+000  0.45784416E+001  0.89151797E+001  0.16226673E+002  0.22239301E+002
 -0.93438336E+000 -0.83882451E+000 -0.56659943E+000 -0.20920452E+000 -0.57445115E-002  0.83736179E-003  0.94877281E+000  0.45788654E+001  0.89159863E+001  0.16228008E+002  0.22240936E+002
 -0.93437907E+000 -0.83881256E+000 -0.56655647E+000 -0.20915069E+000 -0.57440151E-002  0.83764899E-003  0.94894621E+000  0.45792944E+001  0.89168071E+001  0.16229375E+002  0.22242608E+002
 -0.93437433E+000 -0.83879997E+000 -0.56651296E+000 -0.20909809E+000 -0.57435291E-002  0.83793376E-003  0.94912043E+000  0.45797287E+001  0.89176412E+001  0.16230772E+002  0.22244312E+002
 -0.93436915E+000 -0.83878674E+000 -0.56646890E+000 -0.20904664E+000 -0.57430523E-002  0.83821632E-003  0.94929537E+000  0.45801680E+001  0.89184879E+001  0.16232196E+002  0.22246043E+002
 -0.93436351E+000 -0.83877287E+000 -0.56642432E+000 -0.20899627E+000 -0.57425838E-002  0.83849675E-003  0.94947087E+000  0.45806123E+001  0.89193461E+001  0.16233647E+002  0.22247798E+002
 -0.93435742E+000 -0.83875837E+000 -0.56637925E+000 -0.20894689E+000 -0.57421229E-002  0.83877506E-003  0.94964677E+000  0.45810611E+001  0.89202148E+001  0.16235122E+002  0.22249570E+002
 -0.93435089E+000 -0.83874328E+000 -0.56633374E+000 -0.20889847E+000 -0.57416693E-002  0.83905117E-003  0.94982286E+000  0.45815143E+001  0.89210931E+001  0.16236619E+002  0.22251354E+002
 -0.93434392E+000 -0.83872761E+000 -0.56628784E+000 -0.20885096E+000 -0.57412226E-002  0.83932493E-003  0.94999892E+000  0.45819715E+001  0.89219798E+001  0.16238135E+002  0.22253145E+002
 -0.93433653E+000 -0.83871140E+000 -0.56624163E+000 -0.20880433E+000 -0.57407827E-002  0.83959610E-003  0.95017468E+000  0.45824321E+001  0.89228738E+001  0.16239668E+002  0.22254938E+002
 -0.93432874E+000 -0.83869471E+000 -0.56619520E+000 -0.20875857E+000 -0.57403497E-002  0.83986442E-003  0.95034988E+000  0.45828958E+001  0.89237742E+001  0.16241215E+002  0.22256726E+002
 -0.93432058E+000 -0.83867757E+000 -0.56614862E+000 -0.20871367E+000 -0.57399238E-002  0.84012954E-003  0.95052423E+000  0.45833620E+001  0.89246795E+001  0.16242772E+002  0.22258504E+002
 -0.93431207E+000 -0.83866004E+000 -0.56610201E+000 -0.20866963E+000 -0.57395052E-002  0.84039111E-003  0.95069743E+000  0.45838300E+001  0.89255886E+001  0.16244338E+002  0.22260267E+002
 -0.93430324E+000 -0.83864218E+000 -0.56605546E+000 -0.20862648E+000 -0.57390945E-002  0.84064872E-003  0.95086917E+000  0.45842992E+001  0.89265002E+001  0.16245907E+002  0.22262009E+002
 -0.93429412E+000 -0.83862405E+000 -0.56600909E+000 -0.20858422E+000 -0.57386919E-002  0.84090196E-003  0.95103914E+000  0.45847689E+001  0.89274127E+001  0.16247475E+002  0.22263725E+002
 -0.93428476E+000 -0.83860572E+000 -0.56596300E+000 -0.20854288E+000 -0.57382980E-002  0.84115043E-003  0.95120703E+000  0.45852382E+001  0.89283245E+001  0.16249039E+002  0.22265409E+002
 -0.93427518E+000 -0.83858725E+000 -0.56591730E+000 -0.20850249E+000 -0.57379132E-002  0.84139373E-003  0.95137254E+000  0.45857064E+001  0.89292341E+001  0.16250594E+002  0.22267058E+002
 -0.93426544E+000 -0.83856871E+000 -0.56587210E+000 -0.20846308E+000 -0.57375380E-002  0.84163147E-003  0.95153537E+000  0.45861726E+001  0.89301395E+001  0.16252135E+002  0.22268666E+002
 -0.93425555E+000 -0.83855016E+000 -0.56582750E+000 -0.20842465E+000 -0.57371728E-002  0.84186331E-003  0.95169524E+000  0.45866360E+001  0.89310388E+001  0.16253659E+002  0.22270229E+002
 -0.93424558E+000 -0.83853165E+000 -0.56578359E+000 -0.20838725E+000 -0.57368180E-002  0.84208895E-003  0.95185190E+000  0.45870955E+001  0.89319300E+001  0.16255159E+002  0.22271744E+002
 -0.93423554E+000 -0.83851325E+000 -0.56574046E+000 -0.20835088E+000 -0.57364738E-002  0.84230812E-003  0.95200510E+000  0.45875503E+001  0.89328110E+001  0.16256632E+002  0.22273207E+002
 -0.93422547E+000 -0.83849501E+000 -0.56569820E+000 -0.20831556E+000 -0.57361403E-002  0.84252064E-003  0.95215463E+000  0.45879994E+001  0.89336794E+001  0.16258072E+002  0.22274616E+002
 -0.93421542E+000 -0.83847698E+000 -0.56565687E+000 -0.20828130E+000 -0.57358178E-002  0.84272634E-003  0.95230030E+000  0.45884419E+001  0.89345332E+001  0.16259477E+002  0.22275967E+002
 -0.93420541E+000 -0.83845921E+000 -0.56561652E+000 -0.20824809E+000 -0.57355062E-002  0.84292516E-003  0.95244193E+000  0.45888767E+001  0.89353700E+001  0.16260842E+002  0.22277259E+002
 -0.93419547E+000 -0.83844173E+000 -0.56557721E+000 -0.20821592E+000 -0.57352055E-002  0.84311707E-003  0.95257939E+000  0.45893029E+001  0.89361876E+001  0.16262163E+002  0.22278491E+002
 -0.93418563E+000 -0.83842458E+000 -0.56553897E+000 -0.20818479E+000 -0.57349155E-002  0.84330207E-003  0.95271254E+000  0.45897195E+001  0.89369840E+001  0.16263438E+002  0.22279661E+002
 -0.93417591E+000 -0.83840778E+000 -0.56550183E+000 -0.20815469E+000 -0.57346360E-002  0.84348024E-003  0.95284127E+000  0.45901257E+001  0.89377570E+001  0.16264663E+002  0.22280769E+002
 -0.93416633E+000 -0.83839137E+000 -0.56546581E+000 -0.20812559E+000 -0.57343668E-002  0.84365169E-003  0.95296550E+000  0.45905203E+001  0.89385050E+001  0.16265837E+002  0.22281815E+002
 -0.93415692E+000 -0.83837535E+000 -0.56543092E+000 -0.20809747E+000 -0.57341076E-002  0.84381655E-003  0.95308515E+000  0.45909027E+001  0.89392260E+001  0.16266958E+002  0.22282799E+002
 -0.93414770E+000 -0.83835976E+000 -0.56539717E+000 -0.20807030E+000 -0.57338581E-002  0.84397496E-003  0.95320014E+000  0.45912720E+001  0.89399186E+001  0.16268024E+002  0.22283723E+002
 -0.93413867E+000 -0.83834461E+000 -0.56536456E+000 -0.20804408E+000 -0.57336179E-002  0.84412707E-003  0.95331040E+000  0.45916273E+001  0.89405817E+001  0.16269035E+002  0.22284587E+002
 -0.93412986E+000 -0.83832991E+000 -0.56533308E+000 -0.20801877E+000 -0.57333869E-002  0.84427306E-003  0.95341589E+000  0.45919682E+001  0.89412140E+001  0.16269991E+002  0.22285393E+002
 -0.93412128E+000 -0.83831566E+000 -0.56530274E+000 -0.20799437E+000 -0.57331648E-002  0.84441305E-003  0.95351654E+000  0.45922938E+001  0.89418147E+001  0.16270891E+002  0.22286143E+002
 -0.93411295E+000 -0.83830188E+000 -0.56527352E+000 -0.20797085E+000 -0.57329512E-002  0.84454720E-003  0.95361230E+000  0.45926038E+001  0.89423834E+001  0.16271737E+002  0.22286840E+002
 -0.93410487E+000 -0.83828858E+000 -0.56524543E+000 -0.20794820E+000 -0.57327461E-002  0.84467562E-003  0.95370313E+000  0.45928977E+001  0.89429196E+001  0.16272528E+002  0.22287484E+002
 -0.93409706E+000 -0.83827576E+000 -0.56521846E+000 -0.20792642E+000 -0.57325492E-002  0.84479842E-003  0.95378897E+000  0.45931751E+001  0.89434233E+001  0.16273267E+002  0.22288079E+002
 -0.93408953E+000 -0.83826344E+000 -0.56519260E+000 -0.20790551E+000 -0.57323605E-002  0.84491568E-003  0.95386981E+000  0.45934359E+001  0.89438945E+001  0.16273954E+002  0.22288627E+002
 -0.93408229E+000 -0.83825161E+000 -0.56516786E+000 -0.20788545E+000 -0.57321798E-002  0.84502748E-003  0.95394560E+000  0.45936800E+001  0.89443334E+001  0.16274592E+002  0.22289131E+002
 -0.93407534E+000 -0.83824029E+000 -0.56514423E+000 -0.20786625E+000 -0.57320070E-002  0.84513388E-003  0.95401634E+000  0.45939073E+001  0.89447407E+001  0.16275181E+002  0.22289592E+002
 -0.93406870E+000 -0.83822948E+000 -0.56512172E+000 -0.20784792E+000 -0.57318422E-002  0.84523495E-003  0.95408204E+000  0.45941180E+001  0.89451169E+001  0.16275725E+002  0.22290013E+002
 -0.93406238E+000 -0.83821919E+000 -0.56510032E+000 -0.20783045E+000 -0.57316851E-002  0.84533073E-003  0.95414270E+000  0.45943122E+001  0.89454628E+001  0.16276224E+002  0.22290397E+002
 -0.93405637E+000 -0.83820941E+000 -0.56508004E+000 -0.20781385E+000 -0.57315358E-002  0.84542130E-003  0.95419838E+000  0.45944902E+001  0.89457792E+001  0.16276681E+002  0.22290745E+002
 -0.93405069E+000 -0.83820016E+000 -0.56506086E+000 -0.20779811E+000 -0.57313942E-002  0.84550671E-003  0.95424912E+000  0.45946524E+001  0.89460672E+001  0.16277098E+002  0.22291059E+002
 -0.93404534E+000 -0.83819142E+000 -0.56504279E+000 -0.20778324E+000 -0.57312601E-002  0.84558704E-003  0.95429501E+000  0.45947992E+001  0.89463278E+001  0.16277477E+002  0.22291342E+002
 -0.93404031E+000 -0.83818321E+000 -0.56502583E+000 -0.20776924E+000 -0.57311336E-002  0.84566239E-003  0.95433614E+000  0.45949311E+001  0.89465622E+001  0.16277819E+002  0.22291595E+002
 -0.93403561E+000 -0.83817551E+000 -0.56500996E+000 -0.20775609E+000 -0.57310145E-002  0.84573284E-003  0.95437263E+000  0.45950486E+001  0.89467715E+001  0.16278127E+002  0.22291820E+002
 -0.93403125E+000 -0.83816833E+000 -0.56499517E+000 -0.20774379E+000 -0.57309027E-002  0.84579853E-003  0.95440462E+000  0.45951523E+001  0.89469569E+001  0.16278403E+002  0.22292019E+002
 -0.93402721E+000 -0.83816166E+000 -0.56498146E+000 -0.20773234E+000 -0.57307980E-002  0.84585958E-003  0.95443225E+000  0.45952429E+001  0.89471196E+001  0.16278648E+002  0.22292192E+002
 -0.93402349E+000 -0.83815550E+000 -0.56496879E+000 -0.20772171E+000 -0.57307002E-002  0.84591612E-003  0.95445570E+000  0.45953209E+001  0.89472608E+001  0.16278863E+002  0.22292343E+002
 -0.93402008E+000 -0.83814982E+000 -0.56495716E+000 -0.20771190E+000 -0.57306093E-002  0.84596832E-003  0.95447514E+000  0.45953871E+001  0.89473817E+001  0.16279051E+002  0.22292471E+002
 -0.93401699E+000 -0.83814463E+000 -0.56494654E+000 -0.20770288E+000 -0.57305248E-002  0.84601635E-003  0.95449076E+000  0.45954420E+001  0.89474834E+001  0.16279213E+002  0.22292577E+002
 -0.93401420E+000 -0.83813990E+000 -0.56493690E+000 -0.20769462E+000 -0.57304467E-002  0.84606039E-003  0.95450275E+000  0.45954863E+001  0.89475671E+001  0.16279351E+002  0.22292664E+002
 -0.93401171E+000 -0.83813564E+000 -0.56492821E+000 -0.20768712E+000 -0.57303747E-002  0.84610060E-003  0.95451131E+000  0.45955207E+001  0.89476339E+001  0.16279465E+002  0.22292733E+002
 -0.93400950E+000 -0.83813181E+000 -0.56492044E+000 -0.20768034E+000 -0.57303085E-002  0.84613720E-003  0.95451663E+000  0.45955457E+001  0.89476848E+001  0.16279558E+002  0.22292783E+002
 -0.93400756E+000 -0.83812841E+000 -0.56491355E+000 -0.20767424E+000 -0.57302479E-002  0.84617037E-003  0.95451893E+000  0.45955621E+001  0.89477209E+001  0.16279630E+002  0.22292817E+002
 -0.93400588E+000 -0.83812541E+000 -0.56490751E+000 -0.20766881E+000 -0.57301926E-002  0.84620032E-003  0.95451840E+000  0.45955703E+001  0.89477432E+001  0.16279682E+002  0.22292835E+002
 -0.93400445E+000 -0.83812280E+000 -0.56490227E+000 -0.20766401E+000 -0.57301424E-002  0.84622724E-003  0.95451525E+000  0.45955710E+001  0.89477527E+001  0.16279717E+002  0.22292839E+002
 -0.93400326E+000 -0.83812055E+000 -0.56489780E+000 -0.20765981E+000 -0.57300969E-002  0.84625134E-003  0.95450966E+000  0.45955648E+001  0.89477503E+001  0.16279735E+002  0.22292828E+002
 -0.93400228E+000 -0.83811866E+000 -0.56489405E+000 -0.20765617E+000 -0.57300558E-002  0.84627282E-003  0.95450184E+000  0.45955521E+001  0.89477368E+001  0.16279737E+002  0.22292805E+002
 -0.93400152E+000 -0.83811709E+000 -0.56489098E+000 -0.20765307E+000 -0.57300189E-002  0.84629188E-003  0.95449197E+000  0.45955336E+001  0.89477132E+001  0.16279724E+002  0.22292769E+002
 -0.93400096E+000 -0.83811582E+000 -0.56488855E+000 -0.20765046E+000 -0.57299858E-002  0.84630870E-003  0.95448023E+000  0.45955097E+001  0.89476803E+001  0.16279698E+002  0.22292723E+002
 -0.93400057E+000 -0.83811484E+000 -0.56488671E+000 -0.20764831E+000 -0.57299564E-002  0.84632347E-003  0.95446681E+000  0.45954809E+001  0.89476388E+001  0.16279659E+002  0.22292666E+002
 -0.93400035E+000 -0.83811413E+000 -0.56488541E+000 -0.20764658E+000 -0.57299303E-002  0.84633637E-003  0.95445186E+000  0.45954477E+001  0.89475897E+001  0.16279609E+002  0.22292600E+002
 -0.93400029E+000 -0.83811366E+000 -0.56488462E+000 -0.20764525E+000 -0.57299072E-002  0.84634758E-003  0.95443555E+000  0.45954104E+001  0.89475335E+001  0.16279548E+002  0.22292525E+002
 -0.93400037E+000 -0.83811341E+000 -0.56488429E+000 -0.20764429E+000 -0.57298869E-002  0.84635725E-003  0.95441804E+000  0.45953697E+001  0.89474710E+001  0.16279478E+002  0.22292443E+002
 -0.93400057E+000 -0.83811336E+000 -0.56488439E+000 -0.20764365E+000 -0.57298693E-002  0.84636554E-003  0.95439948E+000  0.45953258E+001  0.89474030E+001  0.16279400E+002  0.22292354E+002
 -0.93400089E+000 -0.83811351E+000 -0.56488486E+000 -0.20764331E+000 -0.57298539E-002  0.84637258E-003  0.95438000E+000  0.45952791E+001  0.89473300E+001  0.16279313E+002  0.22292259E+002
 -0.93400132E+000 -0.83811381E+000 -0.56488568E+000 -0.20764324E+000 -0.57298407E-002  0.84637853E-003  0.95435973E+000  0.45952301E+001  0.89472526E+001  0.16279220E+002  0.22292158E+002
 -0.93400183E+000 -0.83811427E+000 -0.56488681E+000 -0.20764342E+000 -0.57298294E-002  0.84638350E-003  0.95433882E+000  0.45951790E+001  0.89471716E+001  0.16279122E+002  0.22292053E+002
 -0.93400243E+000 -0.83811486E+000 -0.56488820E+000 -0.20764381E+000 -0.57298198E-002  0.84638761E-003  0.95431736E+000  0.45951262E+001  0.89470875E+001  0.16279018E+002  0.22291944E+002
 -0.93400310E+000 -0.83811556E+000 -0.56488984E+000 -0.20764439E+000 -0.57298117E-002  0.84639098E-003  0.95429549E+000  0.45950721E+001  0.89470007E+001  0.16278910E+002  0.22291832E+002
 -0.93400382E+000 -0.83811637E+000 -0.56489167E+000 -0.20764512E+000 -0.57298050E-002  0.84639371E-003  0.95427330E+000  0.45950168E+001  0.89469119E+001  0.16278798E+002  0.22291717E+002
 -0.93400460E+000 -0.83811725E+000 -0.56489368E+000 -0.20764600E+000 -0.57297994E-002  0.84639590E-003  0.95425089E+000  0.45949608E+001  0.89468214E+001  0.16278684E+002  0.22291600E+002
 -0.93400542E+000 -0.83811821E+000 -0.56489583E+000 -0.20764699E+000 -0.57297949E-002  0.84639765E-003  0.95422837E+000  0.45949042E+001  0.89467299E+001  0.16278567E+002  0.22291482E+002
 -0.93400626E+000 -0.83811923E+000 -0.56489809E+000 -0.20764808E+000 -0.57297913E-002  0.84639905E-003  0.95420583E+000  0.45948474E+001  0.89466377E+001  0.16278449E+002  0.22291363E+002
 -0.93400713E+000 -0.83812028E+000 -0.56490044E+000 -0.20764923E+000 -0.57297883E-002  0.84640018E-003  0.95418334E+000  0.45947905E+001  0.89465453E+001  0.16278330E+002  0.22291243E+002
 -0.93400801E+000 -0.83812137E+000 -0.56490284E+000 -0.20765044E+000 -0.57297859E-002  0.84640113E-003  0.95416100E+000  0.45947338E+001  0.89464530E+001  0.16278212E+002  0.22291124E+002
 -0.93400890E+000 -0.83812247E+000 -0.56490527E+000 -0.20765167E+000 -0.57297839E-002  0.84640196E-003  0.95413888E+000  0.45946775E+001  0.89463612E+001  0.16278093E+002  0.22291006E+002
 -0.93400979E+000 -0.83812357E+000 -0.56490770E+000 -0.20765291E+000 -0.57297822E-002  0.84640277E-003  0.95411705E+000  0.45946219E+001  0.89462703E+001  0.16277975E+002  0.22290889E+002
 -0.93401066E+000 -0.83812468E+000 -0.56491012E+000 -0.20765414E+000 -0.57297807E-002  0.84640361E-003  0.95409558E+000  0.45945670E+001  0.89461807E+001  0.16277859E+002  0.22290774E+002
 -0.93401152E+000 -0.83812576E+000 -0.56491250E+000 -0.20765535E+000 -0.57297791E-002  0.84640456E-003  0.95407453E+000  0.45945131E+001  0.89460926E+001  0.16277744E+002  0.22290661E+002
 -0.93401235E+000 -0.83812682E+000 -0.56491481E+000 -0.20765652E+000 -0.57297775E-002  0.84640567E-003  0.95405395E+000  0.45944604E+001  0.89460063E+001  0.16277632E+002  0.22290550E+002
 -0.93401316E+000 -0.83812784E+000 -0.56491705E+000 -0.20765762E+000 -0.57297757E-002  0.84640701E-003  0.95403392E+000  0.45944089E+001  0.89459221E+001  0.16277523E+002  0.22290442E+002
 -0.93401393E+000 -0.83812882E+000 -0.56491918E+000 -0.20765866E+000 -0.57297736E-002  0.84640863E-003  0.95401446E+000  0.45943589E+001  0.89458402E+001  0.16277416E+002  0.22290337E+002
 -0.93401466E+000 -0.83812975E+000 -0.56492120E+000 -0.20765961E+000 -0.57297710E-002  0.84641058E-003  0.95399562E+000  0.45943104E+001  0.89457609E+001  0.16277313E+002  0.22290235E+002
 -0.93401535E+000 -0.83813061E+000 -0.56492310E+000 -0.20766047E+000 -0.57297680E-002  0.84641291E-003  0.95397745E+000  0.45942636E+001  0.89456844E+001  0.16277214E+002  0.22290138E+002
 -0.93401599E+000 -0.83813142E+000 -0.56492485E+000 -0.20766122E+000 -0.57297644E-002  0.84641565E-003  0.95395998E+000  0.45942186E+001  0.89456107E+001  0.16277118E+002  0.22290044E+002
 -0.93401659E+000 -0.83813215E+000 -0.56492644E+000 -0.20766186E+000 -0.57297601E-002  0.84641885E-003  0.95394323E+000  0.45941754E+001  0.89455402E+001  0.16277027E+002  0.22289954E+002
 -0.93401712E+000 -0.83813281E+000 -0.56492787E+000 -0.20766237E+000 -0.57297552E-002  0.84642253E-003  0.95392723E+000  0.45941341E+001  0.89454728E+001  0.16276940E+002  0.22289869E+002
 -0.93401760E+000 -0.83813339E+000 -0.56492913E+000 -0.20766276E+000 -0.57297495E-002  0.84642673E-003  0.95391199E+000  0.45940947E+001  0.89454088E+001  0.16276858E+002  0.22289788E+002
 -0.93401802E+000 -0.83813389E+000 -0.56493021E+000 -0.20766301E+000 -0.57297430E-002  0.84643145E-003  0.95389754E+000  0.45940574E+001  0.89453481E+001  0.16276781E+002  0.22289711E+002
 -0.93401839E+000 -0.83813430E+000 -0.56493111E+000 -0.20766313E+000 -0.57297356E-002  0.84643673E-003  0.95388388E+000  0.45940221E+001  0.89452910E+001  0.16276708E+002  0.22289639E+002
 -0.93401869E+000 -0.83813463E+000 -0.56493182E+000 -0.20766310E+000 -0.57297274E-002  0.84644257E-003  0.95387101E+000  0.45939889E+001  0.89452373E+001  0.16276640E+002  0.22289572E+002
 -0.93401893E+000 -0.83813487E+000 -0.56493234E+000 -0.20766294E+000 -0.57297183E-002  0.84644898E-003  0.95385894E+000  0.45939577E+001  0.89451871E+001  0.16276577E+002  0.22289510E+002
 -0.93401911E+000 -0.83813502E+000 -0.56493267E+000 -0.20766263E+000 -0.57297083E-002  0.84645596E-003  0.95384767E+000  0.45939286E+001  0.89451404E+001  0.16276519E+002  0.22289452E+002
 -0.93401923E+000 -0.83813509E+000 -0.56493281E+000 -0.20766218E+000 -0.57296974E-002  0.84646351E-003  0.95383718E+000  0.45939015E+001  0.89450972E+001  0.16276466E+002  0.22289399E+002
 -0.93401929E+000 -0.83813507E+000 -0.56493277E+000 -0.20766160E+000 -0.57296856E-002  0.84647163E-003  0.95382746E+000  0.45938765E+001  0.89450575E+001  0.16276418E+002  0.22289350E+002
 -0.93401930E+000 -0.83813497E+000 -0.56493255E+000 -0.20766088E+000 -0.57296729E-002  0.84648030E-003  0.95381851E+000  0.45938535E+001  0.89450212E+001  0.16276374E+002  0.22289307E+002
 -0.93401924E+000 -0.83813479E+000 -0.56493214E+000 -0.20766002E+000 -0.57296594E-002  0.84648951E-003  0.95381030E+000  0.45938324E+001  0.89449882E+001  0.16276335E+002  0.22289267E+002
 -0.93401914E+000 -0.83813452E+000 -0.56493156E+000 -0.20765904E+000 -0.57296450E-002  0.84649925E-003  0.95380282E+000  0.45938132E+001  0.89449585E+001  0.16276301E+002  0.22289232E+002
 -0.93401898E+000 -0.83813418E+000 -0.56493082E+000 -0.20765794E+000 -0.57296298E-002  0.84650949E-003  0.95379603E+000  0.45937959E+001  0.89449319E+001  0.16276271E+002  0.22289201E+002
 -0.93401876E+000 -0.83813377E+000 -0.56492992E+000 -0.20765672E+000 -0.57296139E-002  0.84652021E-003  0.95378992E+000  0.45937803E+001  0.89449083E+001  0.16276246E+002  0.22289174E+002
 -0.93401851E+000 -0.83813329E+000 -0.56492887E+000 -0.20765540E+000 -0.57295972E-002  0.84653139E-003  0.95378446E+000  0.45937664E+001  0.89448877E+001  0.16276224E+002  0.22289151E+002
 -0.93401820E+000 -0.83813274E+000 -0.56492768E+000 -0.20765397E+000 -0.57295798E-002  0.84654298E-003  0.95377962E+000  0.45937542E+001  0.89448698E+001  0.16276207E+002  0.22289131E+002
 -0.93401786E+000 -0.83813213E+000 -0.56492635E+000 -0.20765244E+000 -0.57295619E-002  0.84655497E-003  0.95377536E+000  0.45937435E+001  0.89448546E+001  0.16276193E+002  0.22289115E+002
 -0.93401748E+000 -0.83813147E+000 -0.56492490E+000 -0.20765083E+000 -0.57295433E-002  0.84656731E-003  0.95377167E+000  0.45937343E+001  0.89448419E+001  0.16276183E+002  0.22289103E+002
 -0.93401706E+000 -0.83813075E+000 -0.56492334E+000 -0.20764914E+000 -0.57295243E-002  0.84657997E-003  0.95376850E+000  0.45937265E+001  0.89448316E+001  0.16276176E+002  0.22289093E+002
 -0.93401661E+000 -0.83812999E+000 -0.56492168E+000 -0.20764738E+000 -0.57295047E-002  0.84659291E-003  0.95376582E+000  0.45937199E+001  0.89448236E+001  0.16276172E+002  0.22289086E+002
 -0.93401613E+000 -0.83812919E+000 -0.56491993E+000 -0.20764555E+000 -0.57294849E-002  0.84660610E-003  0.95376359E+000  0.45937146E+001  0.89448175E+001  0.16276171E+002  0.22289082E+002
 -0.93401562E+000 -0.83812834E+000 -0.56491810E+000 -0.20764368E+000 -0.57294646E-002  0.84661948E-003  0.95376179E+000  0.45937103E+001  0.89448134E+001  0.16276172E+002  0.22289081E+002
 -0.93401510E+000 -0.83812747E+000 -0.56491619E+000 -0.20764176E+000 -0.57294442E-002  0.84663304E-003  0.95376038E+000  0.45937071E+001  0.89448110E+001  0.16276176E+002  0.22289082E+002
 -0.93401455E+000 -0.83812657E+000 -0.56491423E+000 -0.20763980E+000 -0.57294235E-002  0.84664671E-003  0.95375933E+000  0.45937049E+001  0.89448103E+001  0.16276182E+002  0.22289084E+002
 -0.93401399E+000 -0.83812565E+000 -0.56491223E+000 -0.20763781E+000 -0.57294027E-002  0.84666046E-003  0.95375860E+000  0.45937034E+001  0.89448110E+001  0.16276190E+002  0.22289089E+002
 -0.93401342E+000 -0.83812471E+000 -0.56491018E+000 -0.20763581E+000 -0.57293819E-002  0.84667424E-003  0.95375815E+000  0.45937028E+001  0.89448129E+001  0.16276200E+002  0.22289095E+002
 -0.93401284E+000 -0.83812375E+000 -0.56490811E+000 -0.20763380E+000 -0.57293611E-002  0.84668803E-003  0.95375797E+000  0.45937028E+001  0.89448160E+001  0.16276212E+002  0.22289103E+002
 -0.93401225E+000 -0.83812279E+000 -0.56490603E+000 -0.20763178E+000 -0.57293404E-002  0.84670176E-003  0.95375801E+000  0.45937034E+001  0.89448202E+001  0.16276224E+002  0.22289111E+002
 -0.93401166E+000 -0.83812183E+000 -0.56490394E+000 -0.20762977E+000 -0.57293198E-002  0.84671542E-003  0.95375825E+000  0.45937045E+001  0.89448251E+001  0.16276238E+002  0.22289121E+002
 -0.93401107E+000 -0.83812087E+000 -0.56490185E+000 -0.20762776E+000 -0.57292994E-002  0.84672895E-003  0.95375866E+000  0.45937060E+001  0.89448309E+001  0.16276253E+002  0.22289132E+002
 -0.93401049E+000 -0.83811991E+000 -0.56489977E+000 -0.20762578E+000 -0.57292794E-002  0.84674232E-003  0.95375921E+000  0.45937080E+001  0.89448372E+001  0.16276268E+002  0.22289143E+002
 -0.93400991E+000 -0.83811896E+000 -0.56489772E+000 -0.20762383E+000 -0.57292596E-002  0.84675549E-003  0.95375988E+000  0.45937102E+001  0.89448440E+001  0.16276284E+002  0.22289155E+002
 -0.93400934E+000 -0.83811803E+000 -0.56489569E+000 -0.20762191E+000 -0.57292403E-002  0.84676843E-003  0.95376063E+000  0.45937126E+001  0.89448512E+001  0.16276301E+002  0.22289168E+002
 -0.93400877E+000 -0.83811711E+000 -0.56489370E+000 -0.20762002E+000 -0.57292214E-002  0.84678110E-003  0.95376146E+000  0.45937152E+001  0.89448587E+001  0.16276318E+002  0.22289180E+002
 -0.93400823E+000 -0.83811621E+000 -0.56489176E+000 -0.20761818E+000 -0.57292030E-002  0.84679348E-003  0.95376234E+000  0.45937179E+001  0.89448663E+001  0.16276335E+002  0.22289193E+002
 -0.93400769E+000 -0.83811534E+000 -0.56488987E+000 -0.20761639E+000 -0.57291852E-002  0.84680552E-003  0.95376324E+000  0.45937207E+001  0.89448741E+001  0.16276351E+002  0.22289206E+002
 -0.93400717E+000 -0.83811449E+000 -0.56488803E+000 -0.20761466E+000 -0.57291680E-002  0.84681721E-003  0.95376416E+000  0.45937235E+001  0.89448819E+001  0.16276368E+002  0.22289218E+002
 -0.93400667E+000 -0.83811367E+000 -0.56488626E+000 -0.20761298E+000 -0.57291515E-002  0.84682852E-003  0.95376508E+000  0.45937263E+001  0.89448896E+001  0.16276385E+002  0.22289231E+002
 -0.93400619E+000 -0.83811288E+000 -0.56488455E+000 -0.20761136E+000 -0.57291357E-002  0.84683942E-003  0.95376597E+000  0.45937291E+001  0.89448973E+001  0.16276401E+002  0.22289243E+002
 -0.93400573E+000 -0.83811212E+000 -0.56488292E+000 -0.20760981E+000 -0.57291206E-002  0.84684990E-003  0.95376684E+000  0.45937317E+001  0.89449048E+001  0.16276417E+002  0.22289255E+002
 -0.93400529E+000 -0.83811140E+000 -0.56488137E+000 -0.20760833E+000 -0.57291063E-002  0.84685993E-003  0.95376768E+000  0.45937343E+001  0.89449121E+001  0.16276433E+002  0.22289266E+002
 -0.93400488E+000 -0.83811071E+000 -0.56487989E+000 -0.20760692E+000 -0.57290928E-002  0.84686949E-003  0.95376846E+000  0.45937367E+001  0.89449192E+001  0.16276448E+002  0.22289278E+002
 -0.93400449E+000 -0.83811007E+000 -0.56487850E+000 -0.20760559E+000 -0.57290801E-002  0.84687857E-003  0.95376919E+000  0.45937391E+001  0.89449261E+001  0.16276463E+002  0.22289289E+002
 -0.93400412E+000 -0.83810946E+000 -0.56487719E+000 -0.20760433E+000 -0.57290683E-002  0.84688716E-003  0.95376986E+000  0.45937412E+001  0.89449328E+001  0.16276477E+002  0.22289299E+002
 -0.93400378E+000 -0.83810889E+000 -0.56487598E+000 -0.20760315E+000 -0.57290575E-002  0.84689524E-003  0.95377046E+000  0.45937433E+001  0.89449392E+001  0.16276491E+002  0.22289309E+002
 -0.93400347E+000 -0.83810836E+000 -0.56487485E+000 -0.20760204E+000 -0.57290475E-002  0.84690281E-003  0.95377100E+000  0.45937452E+001  0.89449454E+001  0.16276504E+002  0.22289319E+002
 -0.93400318E+000 -0.83810788E+000 -0.56487382E+000 -0.20760102E+000 -0.57290385E-002  0.84690986E-003  0.95377147E+000  0.45937469E+001  0.89449514E+001  0.16276518E+002  0.22289329E+002
 -0.93400292E+000 -0.83810743E+000 -0.56487288E+000 -0.20760008E+000 -0.57290304E-002  0.84691638E-003  0.95377188E+000  0.45937485E+001  0.89449572E+001  0.16276530E+002  0.22289338E+002
 -0.93400268E+000 -0.83810703E+000 -0.56487203E+000 -0.20759922E+000 -0.57290233E-002  0.84692238E-003  0.95377222E+000  0.45937500E+001  0.89449629E+001  0.16276543E+002  0.22289347E+002
 -0.93400247E+000 -0.83810667E+000 -0.56487128E+000 -0.20759844E+000 -0.57290172E-002  0.84692784E-003  0.95377250E+000  0.45937515E+001  0.89449685E+001  0.16276556E+002  0.22289357E+002
 -0.93400229E+000 -0.83810636E+000 -0.56487062E+000 -0.20759774E+000 -0.57290120E-002  0.84693279E-003  0.95377272E+000  0.45937528E+001  0.89449740E+001  0.16276568E+002  0.22289366E+002
 -0.93400214E+000 -0.83810609E+000 -0.56487006E+000 -0.20759713E+000 -0.57290079E-002  0.84693721E-003  0.95377288E+000  0.45937541E+001  0.89449795E+001  0.16276581E+002  0.22289376E+002
 -0.93400201E+000 -0.83810586E+000 -0.56486960E+000 -0.20759660E+000 -0.57290047E-002  0.84694111E-003  0.95377298E+000  0.45937553E+001  0.89449851E+001  0.16276593E+002  0.22289386E+002
 -0.93400192E+000 -0.83810568E+000 -0.56486924E+000 -0.20759616E+000 -0.57290025E-002  0.84694448E-003  0.95377301E+000  0.45937565E+001  0.89449907E+001  0.16276606E+002  0.22289396E+002
 -0.93400186E+000 -0.83810556E+000 -0.56486900E+000 -0.20759582E+000 -0.57290014E-002  0.84694730E-003  0.95377298E+000  0.45937576E+001  0.89449964E+001  0.16276620E+002  0.22289408E+002
 -0.93400183E+000 -0.83810549E+000 -0.56486890E+000 -0.20759559E+000 -0.57290015E-002  0.84694951E-003  0.95377284E+000  0.45937586E+001  0.89450020E+001  0.16276634E+002  0.22289420E+002
 -0.93400185E+000 -0.83810549E+000 -0.56486894E+000 -0.20759548E+000 -0.57290029E-002  0.84695105E-003  0.95377256E+000  0.45937594E+001  0.89450077E+001  0.16276648E+002  0.22289433E+002
 -0.93400192E+000 -0.83810557E+000 -0.56486916E+000 -0.20759553E+000 -0.57290059E-002  0.84695182E-003  0.95377211E+000  0.45937601E+001  0.89450132E+001  0.16276662E+002  0.22289447E+002
 -0.93400205E+000 -0.83810574E+000 -0.56486956E+000 -0.20759573E+000 -0.57290104E-002  0.84695175E-003  0.95377145E+000  0.45937604E+001  0.89450185E+001  0.16276677E+002  0.22289462E+002
 -0.93400222E+000 -0.83810597E+000 -0.56487012E+000 -0.20759609E+000 -0.57290166E-002  0.84695084E-003  0.95377060E+000  0.45937604E+001  0.89450234E+001  0.16276692E+002  0.22289478E+002
 -0.93400241E+000 -0.83810625E+000 -0.56487078E+000 -0.20759653E+000 -0.57290237E-002  0.84694938E-003  0.95376965E+000  0.45937602E+001  0.89450281E+001  0.16276708E+002  0.22289496E+002
 -0.93400256E+000 -0.83810651E+000 -0.56487138E+000 -0.20759693E+000 -0.57290305E-002  0.84694803E-003  0.95376883E+000  0.45937599E+001  0.89450326E+001  0.16276724E+002  0.22289516E+002
 -0.93400262E+000 -0.83810665E+000 -0.56487176E+000 -0.20759713E+000 -0.57290345E-002  0.84694793E-003  0.95376843E+000  0.45937598E+001  0.89450372E+001  0.16276742E+002  0.22289539E+002
 -0.93400257E+000 -0.83810666E+000 -0.56487191E+000 -0.20759706E+000 -0.57290345E-002  0.84695004E-003  0.95376858E+000  0.45937596E+001  0.89450416E+001  0.16276762E+002  0.22289565E+002
 -0.93400260E+000 -0.83810678E+000 -0.56487238E+000 -0.20759712E+000 -0.57290327E-002  0.84695340E-003  0.95376846E+000  0.45937578E+001  0.89450442E+001  0.16276782E+002  0.22289594E+002
 -0.93400326E+000 -0.83810771E+000 -0.56487474E+000 -0.20759865E+000 -0.57290427E-002  0.84695196E-003  0.95376567E+000  0.45937508E+001  0.89450400E+001  0.16276796E+002  0.22289620E+002
 -0.93400528E+000 -0.83811058E+000 -0.56488158E+000 -0.20760415E+000 -0.57290922E-002  0.84693137E-003  0.95375495E+000  0.45937309E+001  0.89450194E+001  0.16276790E+002  0.22289631E+002
 -0.93400864E+000 -0.83811563E+000 -0.56489369E+000 -0.20761452E+000 -0.57291953E-002  0.84688452E-003  0.95373455E+000  0.45936938E+001  0.89449718E+001  0.16276741E+002  0.22289602E+002
 -0.93401098E+000 -0.83812015E+000 -0.56490631E+000 -0.20762639E+000 -0.57293250E-002  0.84682460E-003  0.95370815E+000  0.45936429E+001  0.89449080E+001  0.16276681E+002  0.22289554E+002
 -0.93401607E+000 -0.83812638E+000 -0.56491678E+000 -0.20763422E+000 -0.57293890E-002  0.84680629E-003  0.95370660E+000  0.45936371E+001  0.89449061E+001  0.16276713E+002  0.22289570E+002
