  0.16322863E+000  0.20647405E+000  0.38083058E+000  0.57102720E+000  0.91398463E+000  0.10464508E+001  0.14788913E+001  0.25781547E+001  0.43509603E+001  0.65437449E+001  0.95454137E+001
  0.16332833E+000  0.20715961E+000  0.38196610E+000  0.57265158E+000  0.91403422E+000  0.10466822E+001  0.14805466E+001  0.25847038E+001  0.43986543E+001  0.65526311E+001  0.95474827E+001
  0.16346687E+000  0.20742987E+000  0.38304943E+000  0.57450827E+000  0.91397306E+000  0.10466402E+001  0.14858146E+001  0.25921534E+001  0.44416389E+001  0.65890450E+001  0.95492672E+001
  0.16356235E+000  0.20785126E+000  0.38443916E+000  0.57552688E+000  0.91400136E+000  0.10467371E+001  0.14902224E+001  0.26010587E+001  0.44792723E+001  0.66163357E+001  0.95666640E+001
  0.16392002E+000  0.20836605E+000  0.38562822E+000  0.57630645E+000  0.91402654E+000  0.10466944E+001  0.14915725E+001  0.26164309E+001  0.45118803E+001  0.66280168E+001  0.95779320E+001
  0.16394053E+000  0.20838578E+000  0.38666422E+000  0.57766758E+000  0.91402909E+000  0.10466596E+001  0.14921769E+001  0.26297000E+001  0.45400560E+001  0.66549401E+001  0.95864670E+001
  0.16394995E+000  0.20833468E+000  0.38757382E+000  0.57878667E+000  0.91403069E+000  0.10467902E+001  0.14926855E+001  0.26410979E+001  0.45641717E+001  0.66631781E+001  0.95849042E+001
  0.16400537E+000  0.20825950E+000  0.38833307E+000  0.57944871E+000  0.91403114E+000  0.10467905E+001  0.14939136E+001  0.26508807E+001  0.45849157E+001  0.66647554E+001  0.95860643E+001
  0.16403363E+000  0.20826296E+000  0.38872711E+000  0.58012718E+000  0.91400163E+000  0.10467411E+001  0.14957410E+001  0.26592882E+001  0.46026690E+001  0.66660277E+001  0.95868252E+001
  0.16407867E+000  0.20822911E+000  0.38897546E+000  0.58058036E+000  0.91402465E+000  0.10467230E+001  0.14964818E+001  0.26664510E+001  0.46179578E+001  0.66671210E+001  0.95874035E+001
  0.16412840E+000  0.20820965E+000  0.38920145E+000  0.58085125E+000  0.91404318E+000  0.10467767E+001  0.14967027E+001  0.26726026E+001  0.46308272E+001  0.66680558E+001  0.95878175E+001
  0.16414806E+000  0.20828155E+000  0.38938888E+000  0.58138473E+000  0.91401984E+000  0.10468122E+001  0.14970776E+001  0.26778484E+001  0.46420867E+001  0.66689232E+001  0.95884562E+001
  0.16411510E+000  0.20830243E+000  0.38972461E+000  0.58193515E+000  0.91403091E+000  0.10467862E+001  0.14974013E+001  0.26822259E+001  0.46512525E+001  0.66696110E+001  0.95881851E+001
  0.16407785E+000  0.20833278E+000  0.38990210E+000  0.58243366E+000  0.91404126E+000  0.10467947E+001  0.14974750E+001  0.26860186E+001  0.46592204E+001  0.66702024E+001  0.95885286E+001
  0.16407049E+000  0.20833333E+000  0.39013571E+000  0.58301856E+000  0.91403413E+000  0.10468299E+001  0.14977140E+001  0.26893786E+001  0.46659947E+001  0.66707118E+001  0.95900974E+001
  0.16407398E+000  0.20831914E+000  0.39034804E+000  0.58335945E+000  0.91404369E+000  0.10468421E+001  0.14978628E+001  0.26923314E+001  0.46715467E+001  0.66711445E+001  0.95902881E+001
  0.16406587E+000  0.20832710E+000  0.39044356E+000  0.58345894E+000  0.91402579E+000  0.10468365E+001  0.14986160E+001  0.26945931E+001  0.46766781E+001  0.66715199E+001  0.95904625E+001
  0.16405982E+000  0.20839645E+000  0.39061013E+000  0.58346226E+000  0.91404457E+000  0.10468317E+001  0.14994833E+001  0.26965798E+001  0.46782323E+001  0.66718381E+001  0.95906194E+001
  0.16406434E+000  0.20845117E+000  0.39080123E+000  0.58359748E+000  0.91403104E+000  0.10468277E+001  0.15000375E+001  0.26984623E+001  0.46790489E+001  0.66721530E+001  0.95907585E+001
  0.16407010E+000  0.20850707E+000  0.39094215E+000  0.58365302E+000  0.91402329E+000  0.10468349E+001  0.15007301E+001  0.26998509E+001  0.46811895E+001  0.66723892E+001  0.95908806E+001
  0.16408093E+000  0.20851155E+000  0.39101621E+000  0.58359525E+000  0.91403902E+000  0.10468216E+001  0.15010861E+001  0.27011111E+001  0.46811808E+001  0.66725923E+001  0.95917784E+001
  0.16407583E+000  0.20852211E+000  0.39106534E+000  0.58373163E+000  0.91403920E+000  0.10468486E+001  0.15017384E+001  0.27021128E+001  0.46815885E+001  0.66727670E+001  0.95910780E+001
  0.16407142E+000  0.20859791E+000  0.39110923E+000  0.58375187E+000  0.91404387E+000  0.10468099E+001  0.15017200E+001  0.27030202E+001  0.46829623E+001  0.66729176E+001  0.95911558E+001
  0.16406786E+000  0.20864176E+000  0.39114377E+000  0.58380698E+000  0.91403119E+000  0.10468154E+001  0.15019039E+001  0.27037870E+001  0.46839709E+001  0.66730476E+001  0.95912216E+001
  0.16406470E+000  0.20862399E+000  0.39117014E+000  0.58376047E+000  0.91404126E+000  0.10468139E+001  0.15019586E+001  0.27044336E+001  0.46842960E+001  0.66731602E+001  0.95912767E+001
  0.16406165E+000  0.20864821E+000  0.39119436E+000  0.58384822E+000  0.91403677E+000  0.10468408E+001  0.15020033E+001  0.27049778E+001  0.46839736E+001  0.66732580E+001  0.95913223E+001
  0.16405940E+000  0.20866866E+000  0.39121506E+000  0.58384446E+000  0.91403514E+000  0.10468511E+001  0.15015327E+001  0.27054349E+001  0.46842625E+001  0.66733434E+001  0.95913614E+001
  0.16405761E+000  0.20868835E+000  0.39123275E+000  0.58388865E+000  0.91403789E+000  0.10468109E+001  0.15015885E+001  0.27058233E+001  0.46846913E+001  0.66734182E+001  0.95914059E+001
  0.16405644E+000  0.20862231E+000  0.39125253E+000  0.58384586E+000  0.91404025E+000  0.10468335E+001  0.15016355E+001  0.27061807E+001  0.46850544E+001  0.66734843E+001  0.95914311E+001
  0.16405642E+000  0.20862298E+000  0.39126992E+000  0.58389935E+000  0.91404228E+000  0.10468095E+001  0.15016750E+001  0.27064796E+001  0.46853762E+001  0.66735431E+001  0.95914554E+001
  0.16405612E+000  0.20862354E+000  0.39128415E+000  0.58380769E+000  0.91404402E+000  0.10468090E+001  0.15017083E+001  0.27067295E+001  0.46856239E+001  0.66735959E+001  0.95914744E+001
  0.16405592E+000  0.20862400E+000  0.39130365E+000  0.58385517E+000  0.91402760E+000  0.10468086E+001  0.15017364E+001  0.27069386E+001  0.46856980E+001  0.66736437E+001  0.95914889E+001
  0.16405581E+000  0.20862790E+000  0.39130557E+000  0.58391195E+000  0.91402878E+000  0.10468083E+001  0.15017601E+001  0.27069766E+001  0.46859423E+001  0.66736877E+001  0.95914998E+001
  0.16405721E+000  0.20864515E+000  0.39131344E+000  0.58391972E+000  0.91402981E+000  0.10468080E+001  0.15017802E+001  0.27072081E+001  0.46861559E+001  0.66737285E+001  0.95908085E+001
  0.16405581E+000  0.20865995E+000  0.39131929E+000  0.58388972E+000  0.91403074E+000  0.10468091E+001  0.15017974E+001  0.27073505E+001  0.46863363E+001  0.66737668E+001  0.95910463E+001
  0.16405589E+000  0.20867277E+000  0.39132273E+000  0.58390971E+000  0.91403158E+000  0.10468165E+001  0.15018123E+001  0.27074155E+001  0.46864211E+001  0.66738033E+001  0.95915174E+001
  0.16405600E+000  0.20868404E+000  0.39132577E+000  0.58393473E+000  0.91403236E+000  0.10468365E+001  0.15018254E+001  0.27074725E+001  0.46864743E+001  0.66738413E+001  0.95907546E+001
  0.16405615E+000  0.20865312E+000  0.39133094E+000  0.58395703E+000  0.91403308E+000  0.10468295E+001  0.15018382E+001  0.27075231E+001  0.46866292E+001  0.66738722E+001  0.95908590E+001
  0.16405631E+000  0.20866053E+000  0.39133909E+000  0.58394636E+000  0.91403377E+000  0.10468354E+001  0.15018541E+001  0.27076715E+001  0.46866672E+001  0.66739055E+001  0.95909533E+001
  0.16405649E+000  0.20866740E+000  0.39134714E+000  0.58395747E+000  0.91403444E+000  0.10468410E+001  0.15018689E+001  0.27077175E+001  0.46867560E+001  0.66739382E+001  0.95910401E+001
  0.16405669E+000  0.20867390E+000  0.39133649E+000  0.58396797E+000  0.91403508E+000  0.10468465E+001  0.15018828E+001  0.27077609E+001  0.46868670E+001  0.66739706E+001  0.95911217E+001
  0.16405689E+000  0.20868014E+000  0.39134369E+000  0.58391403E+000  0.91403572E+000  0.10468519E+001  0.15018962E+001  0.27078024E+001  0.46868928E+001  0.66740028E+001  0.95911995E+001
  0.16405709E+000  0.20867852E+000  0.39135238E+000  0.58393210E+000  0.91403634E+000  0.10468572E+001  0.15019092E+001  0.27078428E+001  0.46869152E+001  0.66740348E+001  0.95915206E+001
  0.16405730E+000  0.20866835E+000  0.39136143E+000  0.58394986E+000  0.91403696E+000  0.10468625E+001  0.15019222E+001  0.27078824E+001  0.46869730E+001  0.66740668E+001  0.95915200E+001
  0.16405750E+000  0.20867282E+000  0.39134528E+000  0.58396745E+000  0.91403758E+000  0.10468073E+001  0.15019351E+001  0.27079216E+001  0.46871161E+001  0.66740988E+001  0.95915195E+001
  0.16405770E+000  0.20867729E+000  0.39134752E+000  0.58398496E+000  0.91403820E+000  0.10468072E+001  0.15019481E+001  0.27079605E+001  0.46871669E+001  0.66741307E+001  0.95915192E+001
  0.16405790E+000  0.20868176E+000  0.39134979E+000  0.58396325E+000  0.91403882E+000  0.10468072E+001  0.15019612E+001  0.27079993E+001  0.46871740E+001  0.66741624E+001  0.95915191E+001
  0.16405809E+000  0.20862909E+000  0.39135209E+000  0.58397393E+000  0.91403944E+000  0.10468072E+001  0.15019744E+001  0.27080466E+001  0.46872848E+001  0.66741941E+001  0.95915192E+001
  0.16405827E+000  0.20862931E+000  0.39135442E+000  0.58398531E+000  0.91404006E+000  0.10468072E+001  0.15019878E+001  0.27080987E+001  0.46873973E+001  0.66742255E+001  0.95915195E+001
  0.16405844E+000  0.20862954E+000  0.39135678E+000  0.58400050E+000  0.91404067E+000  0.10468072E+001  0.15020013E+001  0.27081506E+001  0.46874357E+001  0.66742567E+001  0.95915202E+001
  0.16405861E+000  0.20862977E+000  0.39135916E+000  0.58400583E+000  0.91404128E+000  0.10468072E+001  0.15020149E+001  0.27083223E+001  0.46874423E+001  0.66742876E+001  0.95915211E+001
  0.16405876E+000  0.20863000E+000  0.39136154E+000  0.58397065E+000  0.91404188E+000  0.10468071E+001  0.15020286E+001  0.27083601E+001  0.46874472E+001  0.66743181E+001  0.95915223E+001
  0.16405891E+000  0.20863023E+000  0.39136394E+000  0.58398255E+000  0.91404247E+000  0.10468071E+001  0.15020423E+001  0.27083974E+001  0.46874506E+001  0.66743481E+001  0.95915239E+001
  0.16405905E+000  0.20863046E+000  0.39136632E+000  0.58399427E+000  0.91404306E+000  0.10468071E+001  0.15020560E+001  0.27084341E+001  0.46874526E+001  0.66743777E+001  0.95915258E+001
  0.16405918E+000  0.20863069E+000  0.39136870E+000  0.58400577E+000  0.91404363E+000  0.10468071E+001  0.15020696E+001  0.27084700E+001  0.46874537E+001  0.66744066E+001  0.95915280E+001
  0.16405929E+000  0.20863092E+000  0.39137105E+000  0.58401701E+000  0.91404419E+000  0.10468070E+001  0.15020831E+001  0.27085051E+001  0.46874540E+001  0.66744350E+001  0.95915305E+001
  0.16405940E+000  0.20863116E+000  0.39137338E+000  0.58390490E+000  0.91404474E+000  0.10468070E+001  0.15020964E+001  0.27085393E+001  0.46875208E+001  0.66744628E+001  0.95915333E+001
  0.16405951E+000  0.20863139E+000  0.39137957E+000  0.58391949E+000  0.91404527E+000  0.10468070E+001  0.15021096E+001  0.27085725E+001  0.46876089E+001  0.66744899E+001  0.95915365E+001
  0.16405960E+000  0.20863162E+000  0.39138659E+000  0.58393361E+000  0.91404387E+000  0.10468070E+001  0.15021225E+001  0.27086046E+001  0.46876949E+001  0.66745163E+001  0.95915400E+001
  0.16406270E+000  0.20863185E+000  0.39139345E+000  0.58394724E+000  0.91404478E+000  0.10468070E+001  0.15021352E+001  0.27086460E+001  0.46880429E+001  0.66745420E+001  0.95915439E+001
  0.16406270E+000  0.20863209E+000  0.39140012E+000  0.58396035E+000  0.91404503E+000  0.10468069E+001  0.15021476E+001  0.27086904E+001  0.46880660E+001  0.66745670E+001  0.95915482E+001
  0.16406311E+000  0.20863481E+000  0.39138536E+000  0.58397294E+000  0.91404448E+000  0.10468069E+001  0.15021597E+001  0.27087329E+001  0.46880885E+001  0.66745913E+001  0.95915528E+001
  0.16406360E+000  0.20863914E+000  0.39138744E+000  0.58398501E+000  0.91403607E+000  0.10468069E+001  0.15021716E+001  0.27087737E+001  0.46881103E+001  0.66746150E+001  0.95915578E+001
  0.16406410E+000  0.20864330E+000  0.39139521E+000  0.58399659E+000  0.91403824E+000  0.10468069E+001  0.15021832E+001  0.27088128E+001  0.46881318E+001  0.66746380E+001  0.95915632E+001
  0.16406461E+000  0.20864729E+000  0.39140357E+000  0.58400769E+000  0.91404032E+000  0.10468069E+001  0.15021945E+001  0.27088503E+001  0.46881530E+001  0.66746604E+001  0.95915690E+001
  0.16406513E+000  0.20865147E+000  0.39141155E+000  0.58401833E+000  0.91404232E+000  0.10468069E+001  0.15022055E+001  0.27088861E+001  0.46882179E+001  0.66746821E+001  0.95915752E+001
  0.16406565E+000  0.20865572E+000  0.39139824E+000  0.58402855E+000  0.91404424E+000  0.10468069E+001  0.15022163E+001  0.27089206E+001  0.46882809E+001  0.66747032E+001  0.95915819E+001
  0.16406351E+000  0.20865981E+000  0.39140431E+000  0.58403837E+000  0.91403247E+000  0.10468069E+001  0.15022269E+001  0.27090106E+001  0.46883411E+001  0.66747237E+001  0.95915891E+001
  0.16406352E+000  0.20866375E+000  0.39141010E+000  0.58404783E+000  0.91403389E+000  0.10468069E+001  0.15022373E+001  0.27090324E+001  0.46883985E+001  0.66747436E+001  0.95915968E+001
  0.16406354E+000  0.20866756E+000  0.39141562E+000  0.58397555E+000  0.91403526E+000  0.10468069E+001  0.15022475E+001  0.27090535E+001  0.46884533E+001  0.66747630E+001  0.95916050E+001
  0.16406357E+000  0.20867123E+000  0.39141262E+000  0.58398096E+000  0.91403659E+000  0.10468069E+001  0.15022576E+001  0.27090740E+001  0.46884458E+001  0.66747817E+001  0.95916138E+001
  0.16406444E+000  0.20867479E+000  0.39141803E+000  0.58398620E+000  0.91403787E+000  0.10468080E+001  0.15022675E+001  0.27090938E+001  0.46885024E+001  0.66747998E+001  0.95916232E+001
  0.16406540E+000  0.20867823E+000  0.39142315E+000  0.58399129E+000  0.91403913E+000  0.10468108E+001  0.15022772E+001  0.27091130E+001  0.46884260E+001  0.66748173E+001  0.95916332E+001
  0.16406366E+000  0.20868156E+000  0.39141264E+000  0.58399624E+000  0.91404034E+000  0.10468135E+001  0.15022868E+001  0.27091317E+001  0.46884765E+001  0.66748342E+001  0.95916438E+001
  0.16406369E+000  0.20868003E+000  0.39141523E+000  0.58400104E+000  0.91404152E+000  0.10468161E+001  0.15022962E+001  0.27091570E+001  0.46885249E+001  0.66748504E+001  0.95916551E+001
  0.16406373E+000  0.20868274E+000  0.39141773E+000  0.58400571E+000  0.91404267E+000  0.10468186E+001  0.15023054E+001  0.27091828E+001  0.46885712E+001  0.66748658E+001  0.95916671E+001
  0.16406377E+000  0.20867683E+000  0.39142012E+000  0.58401024E+000  0.91404379E+000  0.10468210E+001  0.15023144E+001  0.27092077E+001  0.46886151E+001  0.66748806E+001  0.95916798E+001
  0.16406380E+000  0.20867960E+000  0.39142240E+000  0.58401461E+000  0.91404486E+000  0.10468233E+001  0.15023232E+001  0.27092319E+001  0.46886565E+001  0.66748945E+001  0.95916932E+001
  0.16406384E+000  0.20868226E+000  0.39142456E+000  0.58401883E+000  0.91403477E+000  0.10468255E+001  0.15023318E+001  0.27092552E+001  0.46886953E+001  0.66749077E+001  0.95917074E+001
  0.16406389E+000  0.20866134E+000  0.39142659E+000  0.58402287E+000  0.91403504E+000  0.10468276E+001  0.15023400E+001  0.27092775E+001  0.46887314E+001  0.66749200E+001  0.95917223E+001
  0.16406393E+000  0.20866421E+000  0.39142848E+000  0.58402674E+000  0.91403529E+000  0.10468296E+001  0.15023479E+001  0.27092989E+001  0.46887645E+001  0.66749314E+001  0.95917380E+001
  0.16406397E+000  0.20866694E+000  0.39143024E+000  0.58403042E+000  0.91403552E+000  0.10468315E+001  0.15023556E+001  0.27093193E+001  0.46884110E+001  0.66749420E+001  0.95917545E+001
  0.16406401E+000  0.20866951E+000  0.39143185E+000  0.58403390E+000  0.91403601E+000  0.10468377E+001  0.15023628E+001  0.27093386E+001  0.46884333E+001  0.66749516E+001  0.95917717E+001
  0.16406405E+000  0.20867192E+000  0.39143332E+000  0.58403718E+000  0.91403660E+000  0.10468455E+001  0.15023697E+001  0.27093568E+001  0.46884541E+001  0.66749604E+001  0.95917898E+001
  0.16406410E+000  0.20867416E+000  0.39143464E+000  0.58404024E+000  0.91403715E+000  0.10468528E+001  0.15023762E+001  0.27093738E+001  0.46884736E+001  0.66749682E+001  0.95918087E+001
  0.16406414E+000  0.20867623E+000  0.39143582E+000  0.58404308E+000  0.91403766E+000  0.10468597E+001  0.15023823E+001  0.27093896E+001  0.46884916E+001  0.66749751E+001  0.95918283E+001
  0.16406418E+000  0.20867812E+000  0.39143685E+000  0.58404571E+000  0.91403813E+000  0.10468660E+001  0.15023879E+001  0.27094042E+001  0.46885081E+001  0.66749810E+001  0.95918488E+001
  0.16406423E+000  0.20867985E+000  0.39143775E+000  0.58404810E+000  0.91403855E+000  0.10468400E+001  0.15023932E+001  0.27094175E+001  0.46885231E+001  0.66749861E+001  0.95918700E+001
  0.16406427E+000  0.20868140E+000  0.39143850E+000  0.58405027E+000  0.91403893E+000  0.10468410E+001  0.15023981E+001  0.27094296E+001  0.46890066E+001  0.66749902E+001  0.95918921E+001
  0.16406431E+000  0.20868278E+000  0.39143913E+000  0.58405222E+000  0.91403926E+000  0.10468418E+001  0.15024025E+001  0.27094405E+001  0.46893397E+001  0.66749935E+001  0.95919166E+001
  0.16406436E+000  0.20868399E+000  0.39143925E+000  0.58405394E+000  0.91403955E+000  0.10468425E+001  0.15024066E+001  0.27094502E+001  0.46896923E+001  0.66749959E+001  0.95919446E+001
  0.16406440E+000  0.20865986E+000  0.39143977E+000  0.58405544E+000  0.91403979E+000  0.10468431E+001  0.15024102E+001  0.27094586E+001  0.46897212E+001  0.66749975E+001  0.95919735E+001
  0.16406445E+000  0.20866027E+000  0.39144015E+000  0.58405673E+000  0.91404000E+000  0.10468436E+001  0.15024135E+001  0.27094658E+001  0.46897543E+001  0.66749983E+001  0.95920034E+001
  0.16406449E+000  0.20866064E+000  0.39144103E+000  0.58405781E+000  0.91404016E+000  0.10468439E+001  0.15024164E+001  0.27094719E+001  0.46897908E+001  0.66749984E+001  0.95920342E+001
  0.16406454E+000  0.20866096E+000  0.39144220E+000  0.58405870E+000  0.91404029E+000  0.10468442E+001  0.15024190E+001  0.27094768E+001  0.46898301E+001  0.66749977E+001  0.95920660E+001
  0.16406458E+000  0.20866123E+000  0.39151530E+000  0.58405938E+000  0.91404038E+000  0.10468443E+001  0.15024213E+001  0.27094807E+001  0.46898714E+001  0.66749963E+001  0.95920987E+001
  0.16406463E+000  0.20866147E+000  0.39151628E+000  0.58405989E+000  0.91404043E+000  0.10468443E+001  0.15024232E+001  0.27094835E+001  0.46899445E+001  0.66749943E+001  0.95921324E+001
  0.16406467E+000  0.20866167E+000  0.39151702E+000  0.58406022E+000  0.91404045E+000  0.10468442E+001  0.15024249E+001  0.27094854E+001  0.46902097E+001  0.66749918E+001  0.95921671E+001
  0.16406472E+000  0.20866184E+000  0.39151756E+000  0.58406039E+000  0.91404043E+000  0.10468441E+001  0.15024263E+001  0.27094863E+001  0.46902243E+001  0.66749886E+001  0.95922027E+001
  0.16406477E+000  0.20866197E+000  0.39151791E+000  0.58406040E+000  0.91404039E+000  0.10468438E+001  0.15024274E+001  0.27094863E+001  0.46902377E+001  0.66749850E+001  0.95922393E+001
  0.16406481E+000  0.20866208E+000  0.39151810E+000  0.58406027E+000  0.91404032E+000  0.10468435E+001  0.15024284E+001  0.27094855E+001  0.46902507E+001  0.66749810E+001  0.95922768E+001
  0.16406486E+000  0.20866216E+000  0.39151816E+000  0.58406001E+000  0.91404022E+000  0.10468431E+001  0.15024291E+001  0.27094840E+001  0.46902640E+001  0.66749765E+001  0.95923153E+001
  0.16406491E+000  0.20866222E+000  0.39151810E+000  0.58405962E+000  0.91404010E+000  0.10468427E+001  0.15024297E+001  0.27094818E+001  0.46902783E+001  0.66749716E+001  0.95923549E+001
  0.16406495E+000  0.20866225E+000  0.39151795E+000  0.58405913E+000  0.91403996E+000  0.10468422E+001  0.15024302E+001  0.27094789E+001  0.46904234E+001  0.66749665E+001  0.95923954E+001
  0.16406500E+000  0.20866227E+000  0.39151773E+000  0.58405853E+000  0.91403980E+000  0.10468416E+001  0.15024305E+001  0.27094754E+001  0.46904836E+001  0.66749611E+001  0.95924369E+001
  0.16406505E+000  0.20866227E+000  0.39151745E+000  0.58405785E+000  0.91403962E+000  0.10468410E+001  0.15024307E+001  0.27094715E+001  0.46907259E+001  0.66749554E+001  0.95924794E+001
  0.16406509E+000  0.20866225E+000  0.39151713E+000  0.58405709E+000  0.91403942E+000  0.10468404E+001  0.15024308E+001  0.27094670E+001  0.46907863E+001  0.66749496E+001  0.95925229E+001
  0.16406514E+000  0.20866223E+000  0.39151679E+000  0.58405626E+000  0.91403922E+000  0.10468397E+001  0.15024308E+001  0.27094622E+001  0.46910925E+001  0.66749436E+001  0.95925675E+001
  0.16406519E+000  0.20866219E+000  0.39151643E+000  0.58405536E+000  0.91403900E+000  0.10468389E+001  0.15024308E+001  0.27094569E+001  0.46913048E+001  0.66749375E+001  0.95926131E+001
  0.16406523E+000  0.20866215E+000  0.39151607E+000  0.58405441E+000  0.91403877E+000  0.10468382E+001  0.15024308E+001  0.27094514E+001  0.46913294E+001  0.66749314E+001  0.95926598E+001
  0.16406528E+000  0.20868362E+000  0.39151572E+000  0.58405342E+000  0.91403853E+000  0.10468374E+001  0.15024307E+001  0.27094456E+001  0.46916708E+001  0.66749252E+001  0.95927075E+001
  0.16406532E+000  0.20868297E+000  0.39151539E+000  0.58405239E+000  0.91403829E+000  0.10468367E+001  0.15024305E+001  0.27094395E+001  0.46921990E+001  0.66749190E+001  0.95927925E+001
  0.16406537E+000  0.20868232E+000  0.39151508E+000  0.58405134E+000  0.91403804E+000  0.10468359E+001  0.15024304E+001  0.27094333E+001  0.46925122E+001  0.66749128E+001  0.95940051E+001
  0.16406541E+000  0.20868166E+000  0.39151481E+000  0.58405026E+000  0.91403779E+000  0.10468351E+001  0.15024303E+001  0.27094269E+001  0.46933028E+001  0.66749067E+001  0.95952301E+001
  0.16406545E+000  0.20868100E+000  0.39151457E+000  0.58404916E+000  0.91403754E+000  0.10468343E+001  0.15024302E+001  0.27094205E+001  0.46934292E+001  0.66749007E+001  0.95952625E+001
  0.16406549E+000  0.20868034E+000  0.39151437E+000  0.58404806E+000  0.91403729E+000  0.10468335E+001  0.15024301E+001  0.27094139E+001  0.46934328E+001  0.66748949E+001  0.95952955E+001
  0.16406554E+000  0.20867968E+000  0.39151421E+000  0.58404696E+000  0.91403703E+000  0.10468327E+001  0.15024300E+001  0.27094074E+001  0.46934350E+001  0.66748892E+001  0.95953292E+001
  0.16406558E+000  0.20867904E+000  0.39151410E+000  0.58404585E+000  0.91403678E+000  0.10468653E+001  0.15024300E+001  0.27094008E+001  0.46934355E+001  0.66748837E+001  0.95953636E+001
  0.16406562E+000  0.20867841E+000  0.39151404E+000  0.58404476E+000  0.91403653E+000  0.10468625E+001  0.15024300E+001  0.27093943E+001  0.46934313E+001  0.66748783E+001  0.95953986E+001
  0.16406565E+000  0.20867780E+000  0.39151403E+000  0.58404369E+000  0.91403629E+000  0.10468597E+001  0.15024301E+001  0.27093879E+001  0.46945015E+001  0.66748733E+001  0.95954342E+001
  0.16406569E+000  0.20867720E+000  0.39151407E+000  0.58404264E+000  0.91403605E+000  0.10468570E+001  0.15024302E+001  0.27093816E+001  0.46954985E+001  0.66748684E+001  0.95954705E+001
  0.16406573E+000  0.20867663E+000  0.39151567E+000  0.58404161E+000  0.91403582E+000  0.10468543E+001  0.15024303E+001  0.27093754E+001  0.46955379E+001  0.66748639E+001  0.95955074E+001
  0.16406577E+000  0.20867607E+000  0.39151510E+000  0.58404061E+000  0.91403560E+000  0.10468517E+001  0.15024306E+001  0.27093694E+001  0.46955821E+001  0.66748596E+001  0.95955450E+001
  0.16406580E+000  0.20867555E+000  0.39151458E+000  0.58403965E+000  0.91403538E+000  0.10468492E+001  0.15024308E+001  0.27093635E+001  0.46956309E+001  0.66748557E+001  0.95955833E+001
  0.16406584E+000  0.20867504E+000  0.39151411E+000  0.58403873E+000  0.91403526E+000  0.10468468E+001  0.15024312E+001  0.27093579E+001  0.46956839E+001  0.66748520E+001  0.95956222E+001
  0.16406587E+000  0.20867457E+000  0.39153782E+000  0.58403785E+000  0.91403519E+000  0.10468444E+001  0.15024316E+001  0.27093526E+001  0.46957539E+001  0.66748487E+001  0.95956618E+001
  0.16406590E+000  0.20867413E+000  0.39153804E+000  0.58403701E+000  0.91403513E+000  0.10468422E+001  0.15024321E+001  0.27093475E+001  0.46958789E+001  0.66748457E+001  0.95985055E+001
  0.16406594E+000  0.20867371E+000  0.39153836E+000  0.58403623E+000  0.91403507E+000  0.10468401E+001  0.15024326E+001  0.27093426E+001  0.46960200E+001  0.66748431E+001  0.95996654E+001
  0.16406597E+000  0.20867333E+000  0.39153878E+000  0.58403549E+000  0.91403501E+000  0.10468381E+001  0.15024332E+001  0.27093381E+001  0.46962287E+001  0.66748407E+001  0.95997337E+001
  0.16406600E+000  0.20867298E+000  0.39153930E+000  0.58403481E+000  0.91403496E+000  0.10468362E+001  0.15024339E+001  0.27093338E+001  0.46964799E+001  0.66748412E+001  0.95998031E+001
  0.16406603E+000  0.20867265E+000  0.39153991E+000  0.58403418E+000  0.91403491E+000  0.10468345E+001  0.15024346E+001  0.27093299E+001  0.46966244E+001  0.66748656E+001  0.95998736E+001
  0.16406606E+000  0.20867236E+000  0.39154060E+000  0.58403361E+000  0.91403487E+000  0.10468329E+001  0.15024354E+001  0.27093263E+001  0.46968122E+001  0.66748672E+001  0.95999649E+001
  0.16406606E+000  0.20867210E+000  0.39154138E+000  0.58403309E+000  0.91403483E+000  0.10468314E+001  0.15024363E+001  0.27093230E+001  0.46969990E+001  0.66748691E+001  0.96000794E+001
  0.16406606E+000  0.20867187E+000  0.39154222E+000  0.58403263E+000  0.91403480E+000  0.10468301E+001  0.15024372E+001  0.27093201E+001  0.46970394E+001  0.66748714E+001  0.96003094E+001
  0.16406606E+000  0.20867168E+000  0.39154314E+000  0.58403223E+000  0.91403477E+000  0.10468289E+001  0.15024382E+001  0.27093174E+001  0.46970777E+001  0.66748740E+001  0.96007029E+001
  0.16406606E+000  0.20867151E+000  0.39154411E+000  0.58403188E+000  0.91403474E+000  0.10468279E+001  0.15024392E+001  0.27093151E+001  0.46971142E+001  0.66748769E+001  0.96011015E+001
  0.16406606E+000  0.20867137E+000  0.39154514E+000  0.58403159E+000  0.91403473E+000  0.10468270E+001  0.15024403E+001  0.27093131E+001  0.46971708E+001  0.66748801E+001  0.96015049E+001
  0.16406606E+000  0.20867126E+000  0.39154622E+000  0.58403135E+000  0.91403471E+000  0.10468263E+001  0.15024414E+001  0.27093115E+001  0.46972583E+001  0.66748836E+001  0.96019129E+001
  0.16406607E+000  0.20867117E+000  0.39154734E+000  0.58403116E+000  0.91403470E+000  0.10468256E+001  0.15024426E+001  0.27093101E+001  0.46972810E+001  0.66748874E+001  0.96022103E+001
  0.16406607E+000  0.20867111E+000  0.39154849E+000  0.58403103E+000  0.91403469E+000  0.10468251E+001  0.15024438E+001  0.27093091E+001  0.46973034E+001  0.66748914E+001  0.96022497E+001
  0.16406607E+000  0.20867108E+000  0.39154967E+000  0.58403095E+000  0.91403469E+000  0.10468248E+001  0.15024451E+001  0.27093084E+001  0.46973257E+001  0.66748957E+001  0.96022896E+001
  0.16406608E+000  0.20867107E+000  0.39155087E+000  0.58403091E+000  0.91403469E+000  0.10468245E+001  0.15024464E+001  0.27093079E+001  0.46973478E+001  0.66749003E+001  0.96023298E+001
  0.16406609E+000  0.20867109E+000  0.39155209E+000  0.58403092E+000  0.91403469E+000  0.10468244E+001  0.15024477E+001  0.27093077E+001  0.46973699E+001  0.66749085E+001  0.96023705E+001
  0.16406610E+000  0.20867112E+000  0.39155332E+000  0.58403097E+000  0.91403470E+000  0.10468244E+001  0.15024490E+001  0.27093078E+001  0.46973919E+001  0.66749205E+001  0.96024114E+001
  0.16406610E+000  0.20867118E+000  0.39155455E+000  0.58403107E+000  0.91403471E+000  0.10468245E+001  0.15024504E+001  0.27093081E+001  0.46974138E+001  0.66749325E+001  0.96024528E+001
  0.16406611E+000  0.20867125E+000  0.39155579E+000  0.58403120E+000  0.91403473E+000  0.10468247E+001  0.15024517E+001  0.27093086E+001  0.46974357E+001  0.66749448E+001  0.96024944E+001
  0.16406612E+000  0.20867134E+000  0.39155702E+000  0.58403136E+000  0.91403474E+000  0.10468250E+001  0.15024531E+001  0.27093094E+001  0.46974592E+001  0.66749571E+001  0.96025363E+001
  0.16406613E+000  0.20867145E+000  0.39155825E+000  0.58403156E+000  0.91403476E+000  0.10468253E+001  0.15024545E+001  0.27093103E+001  0.46977497E+001  0.66749694E+001  0.96025784E+001
  0.16406614E+000  0.20867157E+000  0.39155946E+000  0.58403179E+000  0.91403479E+000  0.10468258E+001  0.15024559E+001  0.27093114E+001  0.46978686E+001  0.66749819E+001  0.96026207E+001
  0.16406615E+000  0.20867171E+000  0.39156066E+000  0.58403205E+000  0.91403481E+000  0.10468263E+001  0.15024573E+001  0.27093127E+001  0.46987755E+001  0.66749943E+001  0.96026633E+001
  0.16406617E+000  0.20867186E+000  0.39156183E+000  0.58403233E+000  0.91403483E+000  0.10468269E+001  0.15024587E+001  0.27093142E+001  0.46988474E+001  0.66750068E+001  0.96027059E+001
  0.16406618E+000  0.20867202E+000  0.39156299E+000  0.58403263E+000  0.91403486E+000  0.10468275E+001  0.15024601E+001  0.27093157E+001  0.46994152E+001  0.66750192E+001  0.96027487E+001
  0.16406619E+000  0.20867218E+000  0.39156412E+000  0.58403295E+000  0.91403489E+000  0.10468282E+001  0.15024615E+001  0.27093174E+001  0.46994264E+001  0.66750317E+001  0.96027915E+001
  0.16406620E+000  0.20867236E+000  0.39156523E+000  0.58403328E+000  0.91403492E+000  0.10468290E+001  0.15024629E+001  0.27093192E+001  0.46994354E+001  0.66750440E+001  0.96028220E+001
  0.16406621E+000  0.20867254E+000  0.39156631E+000  0.58403363E+000  0.91403495E+000  0.10468298E+001  0.15024643E+001  0.27093211E+001  0.46994436E+001  0.66750563E+001  0.96028370E+001
  0.16406622E+000  0.20867273E+000  0.39156735E+000  0.58403399E+000  0.91403498E+000  0.10468306E+001  0.15024656E+001  0.27093230E+001  0.46994511E+001  0.66750684E+001  0.96028519E+001
  0.16406623E+000  0.20867291E+000  0.39156837E+000  0.58403435E+000  0.91403501E+000  0.10468314E+001  0.15024669E+001  0.27093250E+001  0.46994578E+001  0.66750804E+001  0.96028669E+001
  0.16406624E+000  0.20867311E+000  0.39156935E+000  0.58403472E+000  0.91403504E+000  0.10468322E+001  0.15024682E+001  0.27093270E+001  0.46994638E+001  0.66750923E+001  0.96028818E+001
  0.16406625E+000  0.20867330E+000  0.39157030E+000  0.58403509E+000  0.91403507E+000  0.10468331E+001  0.15024695E+001  0.27093291E+001  0.46995688E+001  0.66751040E+001  0.96028967E+001
  0.16406626E+000  0.20867349E+000  0.39157121E+000  0.58403546E+000  0.91403510E+000  0.10468340E+001  0.15024707E+001  0.27093311E+001  0.46996771E+001  0.66751156E+001  0.96029115E+001
  0.16406627E+000  0.20867368E+000  0.39157209E+000  0.58403583E+000  0.91403513E+000  0.10468348E+001  0.15024720E+001  0.27093331E+001  0.46998318E+001  0.66751269E+001  0.96029262E+001
  0.16406628E+000  0.20867387E+000  0.39157293E+000  0.58403619E+000  0.91403516E+000  0.10468357E+001  0.15024731E+001  0.27093352E+001  0.46999659E+001  0.66751381E+001  0.96029409E+001
  0.16406629E+000  0.20867406E+000  0.39157374E+000  0.58403655E+000  0.91403519E+000  0.10468365E+001  0.15024743E+001  0.27093371E+001  0.47000622E+001  0.66751490E+001  0.96029555E+001
  0.16406630E+000  0.20867424E+000  0.39157451E+000  0.58403690E+000  0.91403521E+000  0.10468374E+001  0.15024754E+001  0.27093391E+001  0.47001940E+001  0.66751596E+001  0.96029700E+001
  0.16406631E+000  0.20867441E+000  0.39157524E+000  0.58403724E+000  0.91403524E+000  0.10468382E+001  0.15024765E+001  0.27093410E+001  0.47002307E+001  0.66751700E+001  0.96032079E+001
  0.16406632E+000  0.20867458E+000  0.39157594E+000  0.58403757E+000  0.91403527E+000  0.10468390E+001  0.15024775E+001  0.27093428E+001  0.47002566E+001  0.66751802E+001  0.96041946E+001
  0.16406632E+000  0.20867475E+000  0.39157660E+000  0.58403788E+000  0.91403529E+000  0.10468397E+001  0.15024785E+001  0.27093446E+001  0.47002795E+001  0.66751900E+001  0.96051726E+001
  0.16406633E+000  0.20867490E+000  0.39157722E+000  0.58403818E+000  0.91403531E+000  0.10468405E+001  0.15024794E+001  0.27093463E+001  0.47003001E+001  0.66751996E+001  0.96061905E+001
  0.16406633E+000  0.20867505E+000  0.39157781E+000  0.58403847E+000  0.91403534E+000  0.10468412E+001  0.15024804E+001  0.27093479E+001  0.47003207E+001  0.66752088E+001  0.96062025E+001
  0.16406634E+000  0.20867520E+000  0.39157836E+000  0.58403874E+000  0.91403535E+000  0.10468418E+001  0.15024812E+001  0.27093494E+001  0.47003413E+001  0.66752177E+001  0.96062123E+001
  0.16406634E+000  0.20867533E+000  0.39157888E+000  0.58403899E+000  0.91403537E+000  0.10468424E+001  0.15024820E+001  0.27093509E+001  0.47004063E+001  0.66752262E+001  0.96062202E+001
  0.16406635E+000  0.20867545E+000  0.39157936E+000  0.58403922E+000  0.91403539E+000  0.10468430E+001  0.15024828E+001  0.27093522E+001  0.47004888E+001  0.66752344E+001  0.96062262E+001
  0.16406635E+000  0.20867557E+000  0.39157980E+000  0.58403944E+000  0.91403540E+000  0.10468436E+001  0.15024835E+001  0.27093534E+001  0.47005343E+001  0.66752422E+001  0.96062305E+001
  0.16406635E+000  0.20867567E+000  0.39158021E+000  0.58403964E+000  0.91403542E+000  0.10468440E+001  0.15024842E+001  0.27093546E+001  0.47007890E+001  0.66752496E+001  0.96062334E+001
  0.16406635E+000  0.20867577E+000  0.39158058E+000  0.58403981E+000  0.91403543E+000  0.10468445E+001  0.15024848E+001  0.27093556E+001  0.47009926E+001  0.66752566E+001  0.96062466E+001
  0.16406635E+000  0.20867585E+000  0.39158092E+000  0.58403997E+000  0.91403544E+000  0.10468449E+001  0.15024853E+001  0.27093565E+001  0.47010431E+001  0.66774950E+001  0.96062669E+001
  0.16406635E+000  0.20867593E+000  0.39158122E+000  0.58404010E+000  0.91403545E+000  0.10468453E+001  0.15024859E+001  0.27093573E+001  0.47012132E+001  0.66775029E+001  0.96062868E+001
  0.16406635E+000  0.20867599E+000  0.39158148E+000  0.58404022E+000  0.91403545E+000  0.10468456E+001  0.15024863E+001  0.27093579E+001  0.47012158E+001  0.66775093E+001  0.96063072E+001
  0.16406635E+000  0.20867604E+000  0.39158170E+000  0.58404031E+000  0.91403545E+000  0.10468458E+001  0.15024867E+001  0.27093585E+001  0.47012185E+001  0.66775143E+001  0.96063279E+001
  0.16406634E+000  0.20867609E+000  0.39158188E+000  0.58404038E+000  0.91403546E+000  0.10468461E+001  0.15024871E+001  0.27093589E+001  0.47012212E+001  0.66780989E+001  0.96063476E+001
  0.16406634E+000  0.20867612E+000  0.39158202E+000  0.58404043E+000  0.91403546E+000  0.10468462E+001  0.15024873E+001  0.27093593E+001  0.47012239E+001  0.66780988E+001  0.96063665E+001
  0.16406634E+000  0.20867615E+000  0.39158212E+000  0.58404046E+000  0.91403545E+000  0.10468464E+001  0.15024876E+001  0.27093595E+001  0.47012265E+001  0.66780984E+001  0.96063846E+001
  0.16406633E+000  0.20867616E+000  0.39158217E+000  0.58404047E+000  0.91403545E+000  0.10468465E+001  0.15024877E+001  0.27093596E+001  0.47012290E+001  0.66780977E+001  0.96064021E+001
  0.16406632E+000  0.20867617E+000  0.39158218E+000  0.58404045E+000  0.91403544E+000  0.10468465E+001  0.15024878E+001  0.27093596E+001  0.47012313E+001  0.66780968E+001  0.96064189E+001
  0.16406632E+000  0.20867616E+000  0.39158214E+000  0.58404041E+000  0.91403543E+000  0.10468465E+001  0.15024878E+001  0.27093594E+001  0.47012333E+001  0.66793659E+001  0.96064352E+001
  0.16406631E+000  0.20867614E+000  0.39158205E+000  0.58404034E+000  0.91403542E+000  0.10468465E+001  0.15024877E+001  0.27093591E+001  0.47012349E+001  0.66794176E+001  0.96064509E+001
  0.16406629E+000  0.20867611E+000  0.39158190E+000  0.58404024E+000  0.91403540E+000  0.10468464E+001  0.15024876E+001  0.27093586E+001  0.47012361E+001  0.66794670E+001  0.96064663E+001
  0.16406628E+000  0.20867605E+000  0.39158168E+000  0.58404008E+000  0.91403538E+000  0.10468461E+001  0.15024873E+001  0.27093579E+001  0.47012737E+001  0.66795141E+001  0.96064814E+001
  0.16406626E+000  0.20867595E+000  0.39158140E+000  0.58403985E+000  0.91403536E+000  0.10468457E+001  0.15024869E+001  0.27093567E+001  0.47013468E+001  0.66795586E+001  0.96065038E+001
  0.16406625E+000  0.20867582E+000  0.39158104E+000  0.58403955E+000  0.91403533E+000  0.10468452E+001  0.15024864E+001  0.27093551E+001  0.47014149E+001  0.66796007E+001  0.96065279E+001
  0.16406625E+000  0.20867566E+000  0.39158061E+000  0.58403920E+000  0.91403531E+000  0.10468445E+001  0.15024859E+001  0.27093531E+001  0.47014568E+001  0.66796403E+001  0.96065512E+001
  0.16406625E+000  0.20867551E+000  0.39158012E+000  0.58403885E+000  0.91403528E+000  0.10468438E+001  0.15024853E+001  0.27093512E+001  0.47015051E+001  0.66796773E+001  0.96065738E+001
  0.16406627E+000  0.20867546E+000  0.39157960E+000  0.58403868E+000  0.91403526E+000  0.10468437E+001  0.15024847E+001  0.27093505E+001  0.47015522E+001  0.66797117E+001  0.96065957E+001
  0.16406627E+000  0.20867566E+000  0.39157908E+000  0.58403889E+000  0.91403524E+000  0.10468448E+001  0.15024839E+001  0.27093524E+001  0.47015966E+001  0.66797430E+001  0.96066175E+001
  0.16406619E+000  0.20867615E+000  0.39157859E+000  0.58403958E+000  0.91403520E+000  0.10468476E+001  0.15024825E+001  0.27093579E+001  0.47016388E+001  0.66797700E+001  0.96066392E+001
  0.16406599E+000  0.20867660E+000  0.39157790E+000  0.58404008E+000  0.91403505E+000  0.10468504E+001  0.15024800E+001  0.27093630E+001  0.47016794E+001  0.66797914E+001  0.96066605E+001
  0.16406582E+000  0.20867584E+000  0.39157644E+000  0.58403830E+000  0.91403479E+000  0.10468471E+001  0.15024754E+001  0.27093545E+001  0.47017036E+001  0.66798049E+001  0.96066794E+001
  0.16406618E+000  0.20867295E+000  0.39157320E+000  0.58403267E+000  0.91403429E+000  0.10468326E+001  0.15024698E+001  0.27093209E+001  0.47017071E+001  0.66798200E+001  0.96066931E+001
  0.16406146E+000  0.20867734E+000  0.39157277E+000  0.58404058E+000  0.91403498E+000  0.10468585E+001  0.15024722E+001  0.27093794E+001  0.47016862E+001  0.66798320E+001  0.96067175E+001
  0.16405957E+000  0.20866363E+000  0.39157118E+000  0.58395668E+000  0.91403847E+000  0.10468192E+001  0.15024508E+001  0.27094913E+001  0.47017005E+001  0.66797584E+001  0.96067617E+001
