 -0.86061511E+000 -0.71419586E+000 -0.34404025E+000 -0.10755689E-001  0.25196714E-001  0.10669828E+001  0.81086378E+001  0.43444971E+002  0.79477891E+002  0.21963293E+003  0.43290745E+003
 -0.86061615E+000 -0.71421663E+000 -0.34459211E+000 -0.10894828E-001  0.25195541E-001  0.10645297E+001  0.81045522E+001  0.43431059E+002  0.79434788E+002  0.21963244E+003  0.43290468E+003
 -0.86061695E+000 -0.71423358E+000 -0.34504710E+000 -0.11001227E-001  0.25194700E-001  0.10624781E+001  0.81010555E+001  0.43367616E+002  0.79398754E+002  0.21963221E+003  0.43290343E+003
 -0.86061756E+000 -0.71424727E+000 -0.34541954E+000 -0.11082626E-001  0.25194088E-001  0.10607696E+001  0.80980781E+001  0.43356299E+002  0.79372374E+002  0.21963210E+003  0.43290285E+003
 -0.86061803E+000 -0.71425822E+000 -0.34572257E+000 -0.11144376E-001  0.25193638E-001  0.10593524E+001  0.80959496E+001  0.43346575E+002  0.79349812E+002  0.21963207E+003  0.43290258E+003
 -0.86061838E+000 -0.71426690E+000 -0.34596747E+000 -0.11190477E-001  0.25193304E-001  0.10581820E+001  0.80950656E+001  0.43338251E+002  0.79330555E+002  0.21963206E+003  0.43290247E+003
 -0.86061865E+000 -0.71427370E+000 -0.34616377E+000 -0.11224030E-001  0.25193056E-001  0.10572207E+001  0.80943230E+001  0.43331136E+002  0.79314137E+002  0.21963207E+003  0.43290244E+003
 -0.86061885E+000 -0.71427900E+000 -0.34631943E+000 -0.11247495E-001  0.25192874E-001  0.10564362E+001  0.80937016E+001  0.43325049E+002  0.79300154E+002  0.21963209E+003  0.43290246E+003
 -0.86061900E+000 -0.71428307E+000 -0.34644110E+000 -0.11262848E-001  0.25192744E-001  0.10558015E+001  0.80931841E+001  0.43319849E+002  0.79288252E+002  0.21963211E+003  0.43290250E+003
 -0.86061911E+000 -0.71428616E+000 -0.34653430E+000 -0.11271690E-001  0.25192654E-001  0.10552938E+001  0.80927553E+001  0.43315432E+002  0.79278127E+002  0.21963213E+003  0.43290255E+003
 -0.86061919E+000 -0.71428846E+000 -0.34660364E+000 -0.11275325E-001  0.25192597E-001  0.10548937E+001  0.80924024E+001  0.43311675E+002  0.79269520E+002  0.21963215E+003  0.43290259E+003
 -0.86061924E+000 -0.71429014E+000 -0.34665298E+000 -0.11274812E-001  0.25192568E-001  0.10545851E+001  0.80921144E+001  0.43308481E+002  0.79262206E+002  0.21963217E+003  0.43290264E+003
 -0.86061928E+000 -0.71429131E+000 -0.34668558E+000 -0.11271017E-001  0.25192560E-001  0.10543540E+001  0.80918816E+001  0.43305767E+002  0.79255997E+002  0.21963218E+003  0.43290268E+003
 -0.86061930E+000 -0.71429208E+000 -0.34670415E+000 -0.11264644E-001  0.25192570E-001  0.10541888E+001  0.80916960E+001  0.43303464E+002  0.79250730E+002  0.21963219E+003  0.43290271E+003
 -0.86061932E+000 -0.71429253E+000 -0.34671101E+000 -0.11256270E-001  0.25192594E-001  0.10540793E+001  0.80915507E+001  0.43301511E+002  0.79246265E+002  0.21963220E+003  0.43290274E+003
 -0.86061933E+000 -0.71429273E+000 -0.34670809E+000 -0.11246361E-001  0.25192631E-001  0.10540170E+001  0.80914392E+001  0.43299859E+002  0.79242484E+002  0.21963221E+003  0.43290277E+003
 -0.86061933E+000 -0.71429273E+000 -0.34669707E+000 -0.11235301E-001  0.25192676E-001  0.10539948E+001  0.80913565E+001  0.43298464E+002  0.79239286E+002  0.21963222E+003  0.43290279E+003
 -0.86061933E+000 -0.71429258E+000 -0.34667934E+000 -0.11223397E-001  0.25192730E-001  0.10540062E+001  0.80912982E+001  0.43297290E+002  0.79236586E+002  0.21963223E+003  0.43290281E+003
 -0.86061933E+000 -0.71429230E+000 -0.34665607E+000 -0.11210903E-001  0.25192789E-001  0.10540462E+001  0.80912609E+001  0.43296305E+002  0.79234310E+002  0.21963224E+003  0.43290282E+003
 -0.86061932E+000 -0.71429192E+000 -0.34662823E+000 -0.11198022E-001  0.25192854E-001  0.10541100E+001  0.80912416E+001  0.43295483E+002  0.79232397E+002  0.21963224E+003  0.43290283E+003
 -0.86061932E+000 -0.71429147E+000 -0.34659665E+000 -0.11184919E-001  0.25192921E-001  0.10541940E+001  0.80912377E+001  0.43294801E+002  0.79230793E+002  0.21963224E+003  0.43290284E+003
 -0.86061931E+000 -0.71429097E+000 -0.34656202E+000 -0.11171728E-001  0.25192992E-001  0.10542950E+001  0.80912472E+001  0.43294241E+002  0.79229454E+002  0.21963225E+003  0.43290285E+003
 -0.86061931E+000 -0.71429041E+000 -0.34652494E+000 -0.11158558E-001  0.25193065E-001  0.10544101E+001  0.80912682E+001  0.43293784E+002  0.79228340E+002  0.21963225E+003  0.43290285E+003
 -0.86061930E+000 -0.71428982E+000 -0.34648589E+000 -0.11145495E-001  0.25193139E-001  0.10545371E+001  0.80912993E+001  0.43293417E+002  0.79227418E+002  0.21963225E+003  0.43290285E+003
 -0.86061929E+000 -0.71428920E+000 -0.34644530E+000 -0.11132608E-001  0.25193214E-001  0.10546741E+001  0.80913391E+001  0.43293129E+002  0.79226660E+002  0.21963225E+003  0.43290285E+003
 -0.86061928E+000 -0.71428856E+000 -0.34640350E+000 -0.11119953E-001  0.25193289E-001  0.10548195E+001  0.80913867E+001  0.43292908E+002  0.79226041E+002  0.21963226E+003  0.43290285E+003
 -0.86061928E+000 -0.71428789E+000 -0.34636079E+000 -0.11107575E-001  0.25193365E-001  0.10549720E+001  0.80914410E+001  0.43292745E+002  0.79225540E+002  0.21963226E+003  0.43290285E+003
 -0.86061927E+000 -0.71428720E+000 -0.34631740E+000 -0.11095505E-001  0.25193441E-001  0.10551305E+001  0.80915014E+001  0.43292635E+002  0.79225138E+002  0.21963226E+003  0.43290285E+003
 -0.86061926E+000 -0.71428650E+000 -0.34627353E+000 -0.11083771E-001  0.25193516E-001  0.10552941E+001  0.80915672E+001  0.43292569E+002  0.79224821E+002  0.21963226E+003  0.43290284E+003
 -0.86061925E+000 -0.71428576E+000 -0.34622932E+000 -0.11072390E-001  0.25193591E-001  0.10554622E+001  0.80916377E+001  0.43292542E+002  0.79224575E+002  0.21963226E+003  0.43290284E+003
 -0.86061924E+000 -0.71428501E+000 -0.34618491E+000 -0.11061375E-001  0.25193665E-001  0.10556341E+001  0.80917125E+001  0.43292550E+002  0.79224388E+002  0.21963226E+003  0.43290284E+003
 -0.86061922E+000 -0.71428423E+000 -0.34614038E+000 -0.11050734E-001  0.25193738E-001  0.10558095E+001  0.80917911E+001  0.43292590E+002  0.79224251E+002  0.21963226E+003  0.43290283E+003
 -0.86061921E+000 -0.71428342E+000 -0.34609579E+000 -0.11040467E-001  0.25193811E-001  0.10559879E+001  0.80918731E+001  0.43292657E+002  0.79224156E+002  0.21963226E+003  0.43290282E+003
 -0.86061919E+000 -0.71428257E+000 -0.34605120E+000 -0.11030574E-001  0.25193883E-001  0.10561691E+001  0.80919581E+001  0.43292749E+002  0.79224096E+002  0.21963226E+003  0.43290282E+003
 -0.86061918E+000 -0.71428169E+000 -0.34600662E+000 -0.11021049E-001  0.25193953E-001  0.10563528E+001  0.80920458E+001  0.43292865E+002  0.79224066E+002  0.21963226E+003  0.43290281E+003
 -0.86061916E+000 -0.71428077E+000 -0.34596208E+000 -0.11011883E-001  0.25194024E-001  0.10565390E+001  0.80921360E+001  0.43293002E+002  0.79224061E+002  0.21963226E+003  0.43290281E+003
 -0.86061913E+000 -0.71427980E+000 -0.34591756E+000 -0.11003066E-001  0.25194093E-001  0.10567275E+001  0.80922283E+001  0.43293160E+002  0.79224079E+002  0.21963226E+003  0.43290280E+003
 -0.86061911E+000 -0.71427878E+000 -0.34587307E+000 -0.10994582E-001  0.25194161E-001  0.10569181E+001  0.80923226E+001  0.43293338E+002  0.79224116E+002  0.21963226E+003  0.43290279E+003
 -0.86061908E+000 -0.71427771E+000 -0.34582858E+000 -0.10986417E-001  0.25194229E-001  0.10571108E+001  0.80924188E+001  0.43293536E+002  0.79224172E+002  0.21963225E+003  0.43290278E+003
 -0.86061904E+000 -0.71427659E+000 -0.34578407E+000 -0.10978552E-001  0.25194296E-001  0.10573055E+001  0.80925166E+001  0.43293752E+002  0.79224245E+002  0.21963225E+003  0.43290278E+003
 -0.86061901E+000 -0.71427540E+000 -0.34573953E+000 -0.10970970E-001  0.25194363E-001  0.10575020E+001  0.80926159E+001  0.43293988E+002  0.79224335E+002  0.21963225E+003  0.43290277E+003
 -0.86061897E+000 -0.71427415E+000 -0.34569492E+000 -0.10963650E-001  0.25194429E-001  0.10577004E+001  0.80927168E+001  0.43294244E+002  0.79224444E+002  0.21963225E+003  0.43290276E+003
 -0.86061892E+000 -0.71427285E+000 -0.34565024E+000 -0.10956573E-001  0.25194495E-001  0.10579004E+001  0.80928192E+001  0.43294520E+002  0.79224570E+002  0.21963225E+003  0.43290275E+003
 -0.86061887E+000 -0.71427147E+000 -0.34560547E+000 -0.10949720E-001  0.25194560E-001  0.10581018E+001  0.80929230E+001  0.43294817E+002  0.79224717E+002  0.21963225E+003  0.43290275E+003
 -0.86061882E+000 -0.71427003E+000 -0.34556060E+000 -0.10943073E-001  0.25194625E-001  0.10583046E+001  0.80930283E+001  0.43295136E+002  0.79224886E+002  0.21963225E+003  0.43290274E+003
 -0.86061876E+000 -0.71426852E+000 -0.34551563E+000 -0.10936613E-001  0.25194690E-001  0.10585085E+001  0.80931351E+001  0.43295476E+002  0.79225079E+002  0.21963225E+003  0.43290273E+003
 -0.86061870E+000 -0.71426695E+000 -0.34547057E+000 -0.10930324E-001  0.25194754E-001  0.10587133E+001  0.80932435E+001  0.43295840E+002  0.79225298E+002  0.21963225E+003  0.43290273E+003
 -0.86061863E+000 -0.71426532E+000 -0.34542544E+000 -0.10924192E-001  0.25194819E-001  0.10589188E+001  0.80933535E+001  0.43296227E+002  0.79225545E+002  0.21963225E+003  0.43290272E+003
 -0.86061856E+000 -0.71426362E+000 -0.34538026E+000 -0.10918204E-001  0.25194883E-001  0.10591246E+001  0.80934651E+001  0.43296638E+002  0.79225825E+002  0.21963225E+003  0.43290271E+003
 -0.86061848E+000 -0.71426186E+000 -0.34533507E+000 -0.10912348E-001  0.25194947E-001  0.10593304E+001  0.80935784E+001  0.43297075E+002  0.79226139E+002  0.21963225E+003  0.43290271E+003
 -0.86061840E+000 -0.71426005E+000 -0.34528991E+000 -0.10906617E-001  0.25195012E-001  0.10595360E+001  0.80936934E+001  0.43297537E+002  0.79226490E+002  0.21963225E+003  0.43290270E+003
 -0.86061832E+000 -0.71425818E+000 -0.34524484E+000 -0.10901003E-001  0.25195076E-001  0.10597409E+001  0.80938101E+001  0.43298024E+002  0.79226881E+002  0.21963225E+003  0.43290269E+003
 -0.86061823E+000 -0.71425627E+000 -0.34519992E+000 -0.10895501E-001  0.25195140E-001  0.10599449E+001  0.80939284E+001  0.43298538E+002  0.79227315E+002  0.21963225E+003  0.43290269E+003
 -0.86061814E+000 -0.71425431E+000 -0.34515521E+000 -0.10890109E-001  0.25195205E-001  0.10601474E+001  0.80940484E+001  0.43299077E+002  0.79227796E+002  0.21963225E+003  0.43290268E+003
 -0.86061804E+000 -0.71425231E+000 -0.34511079E+000 -0.10884824E-001  0.25195269E-001  0.10603483E+001  0.80941699E+001  0.43299644E+002  0.79228325E+002  0.21963225E+003  0.43290268E+003
 -0.86061795E+000 -0.71425029E+000 -0.34506673E+000 -0.10879646E-001  0.25195333E-001  0.10605470E+001  0.80942930E+001  0.43300236E+002  0.79228906E+002  0.21963225E+003  0.43290267E+003
 -0.86061785E+000 -0.71424823E+000 -0.34502311E+000 -0.10874577E-001  0.25195398E-001  0.10607432E+001  0.80944174E+001  0.43300855E+002  0.79229542E+002  0.21963225E+003  0.43290267E+003
 -0.86061774E+000 -0.71424616E+000 -0.34498001E+000 -0.10869616E-001  0.25195462E-001  0.10609366E+001  0.80945431E+001  0.43301499E+002  0.79230234E+002  0.21963225E+003  0.43290267E+003
 -0.86061764E+000 -0.71424407E+000 -0.34493750E+000 -0.10864767E-001  0.25195526E-001  0.10611269E+001  0.80946700E+001  0.43302170E+002  0.79230985E+002  0.21963225E+003  0.43290266E+003
 -0.86061754E+000 -0.71424198E+000 -0.34489566E+000 -0.10860030E-001  0.25195590E-001  0.10613137E+001  0.80947980E+001  0.43302866E+002  0.79231797E+002  0.21963225E+003  0.43290266E+003
 -0.86061743E+000 -0.71423988E+000 -0.34485456E+000 -0.10855408E-001  0.25195654E-001  0.10614969E+001  0.80949268E+001  0.43303588E+002  0.79232672E+002  0.21963225E+003  0.43290266E+003
 -0.86061732E+000 -0.71423779E+000 -0.34481425E+000 -0.10850903E-001  0.25195718E-001  0.10616762E+001  0.80950564E+001  0.43304336E+002  0.79233612E+002  0.21963225E+003  0.43290265E+003
 -0.86061722E+000 -0.71423571E+000 -0.34477480E+000 -0.10846514E-001  0.25195782E-001  0.10618513E+001  0.80951867E+001  0.43305109E+002  0.79234619E+002  0.21963225E+003  0.43290265E+003
 -0.86061711E+000 -0.71423364E+000 -0.34473624E+000 -0.10842243E-001  0.25195846E-001  0.10620223E+001  0.80953175E+001  0.43305908E+002  0.79235694E+002  0.21963225E+003  0.43290265E+003
 -0.86061701E+000 -0.71423160E+000 -0.34469861E+000 -0.10838088E-001  0.25195909E-001  0.10621891E+001  0.80954486E+001  0.43306732E+002  0.79236838E+002  0.21963225E+003  0.43290265E+003
 -0.86061690E+000 -0.71422958E+000 -0.34466195E+000 -0.10834048E-001  0.25195972E-001  0.10623515E+001  0.80955800E+001  0.43307582E+002  0.79238053E+002  0.21963225E+003  0.43290265E+003
 -0.86061680E+000 -0.71422759E+000 -0.34462626E+000 -0.10830121E-001  0.25196035E-001  0.10625097E+001  0.80957115E+001  0.43308458E+002  0.79239340E+002  0.21963225E+003  0.43290265E+003
 -0.86061670E+000 -0.71422562E+000 -0.34459156E+000 -0.10826304E-001  0.25196098E-001  0.10626637E+001  0.80958430E+001  0.43309359E+002  0.79240700E+002  0.21963225E+003  0.43290265E+003
 -0.86061660E+000 -0.71422370E+000 -0.34455784E+000 -0.10822593E-001  0.25196161E-001  0.10628137E+001  0.80959744E+001  0.43310287E+002  0.79242134E+002  0.21963226E+003  0.43290266E+003
 -0.86061650E+000 -0.71422181E+000 -0.34452510E+000 -0.10818985E-001  0.25196223E-001  0.10629598E+001  0.80961057E+001  0.43311242E+002  0.79243642E+002  0.21963226E+003  0.43290266E+003
 -0.86061640E+000 -0.71421996E+000 -0.34449333E+000 -0.10815474E-001  0.25196285E-001  0.10631022E+001  0.80962442E+001  0.43312223E+002  0.79245225E+002  0.21963226E+003  0.43290266E+003
 -0.86061630E+000 -0.71421815E+000 -0.34446251E+000 -0.10812057E-001  0.25196346E-001  0.10632411E+001  0.80965591E+001  0.43313231E+002  0.79246885E+002  0.21963226E+003  0.43290267E+003
 -0.86061621E+000 -0.71421638E+000 -0.34443263E+000 -0.10808729E-001  0.25196407E-001  0.10633768E+001  0.80968732E+001  0.43314267E+002  0.79248621E+002  0.21963226E+003  0.43290267E+003
 -0.86061612E+000 -0.71421466E+000 -0.34440366E+000 -0.10805485E-001  0.25196468E-001  0.10635095E+001  0.80971862E+001  0.43315331E+002  0.79250435E+002  0.21963226E+003  0.43290268E+003
 -0.86061603E+000 -0.71421298E+000 -0.34437557E+000 -0.10802323E-001  0.25196528E-001  0.10636396E+001  0.80974980E+001  0.43316423E+002  0.79252326E+002  0.21963227E+003  0.43290268E+003
 -0.86061594E+000 -0.71421134E+000 -0.34434837E+000 -0.10799238E-001  0.25196587E-001  0.10637672E+001  0.80978087E+001  0.43317543E+002  0.79254296E+002  0.21963227E+003  0.43290269E+003
 -0.86061585E+000 -0.71420975E+000 -0.34432202E+000 -0.10796229E-001  0.25196646E-001  0.10638925E+001  0.80981179E+001  0.43318692E+002  0.79256343E+002  0.21963227E+003  0.43290270E+003
 -0.86061577E+000 -0.71420821E+000 -0.34429651E+000 -0.10793293E-001  0.25196704E-001  0.10640159E+001  0.80984258E+001  0.43319870E+002  0.79258469E+002  0.21963227E+003  0.43290270E+003
 -0.86061569E+000 -0.71420672E+000 -0.34427183E+000 -0.10790429E-001  0.25196761E-001  0.10641375E+001  0.80987321E+001  0.43321077E+002  0.79260673E+002  0.21963228E+003  0.43290271E+003
 -0.86061561E+000 -0.71420528E+000 -0.34424798E+000 -0.10787635E-001  0.25196818E-001  0.10642576E+001  0.80990368E+001  0.43322312E+002  0.79262954E+002  0.21963228E+003  0.43290273E+003
 -0.86061553E+000 -0.71420388E+000 -0.34422496E+000 -0.10784912E-001  0.25196873E-001  0.10643763E+001  0.80993398E+001  0.43323576E+002  0.79265312E+002  0.21963228E+003  0.43290274E+003
 -0.86061546E+000 -0.71420254E+000 -0.34420275E+000 -0.10782259E-001  0.25196927E-001  0.10644937E+001  0.80996410E+001  0.43324869E+002  0.79267747E+002  0.21963229E+003  0.43290275E+003
 -0.86061538E+000 -0.71420124E+000 -0.34418135E+000 -0.10779678E-001  0.25196980E-001  0.10646100E+001  0.80999404E+001  0.43326189E+002  0.79270257E+002  0.21963229E+003  0.43290276E+003
 -0.86061531E+000 -0.71420000E+000 -0.34416078E+000 -0.10777169E-001  0.25197032E-001  0.10647254E+001  0.81002377E+001  0.43327536E+002  0.79272842E+002  0.21963229E+003  0.43290278E+003
 -0.86061525E+000 -0.71419882E+000 -0.34414103E+000 -0.10774733E-001  0.25197082E-001  0.10648397E+001  0.81005330E+001  0.43328909E+002  0.79275499E+002  0.21963230E+003  0.43290279E+003
 -0.86061518E+000 -0.71419768E+000 -0.34412211E+000 -0.10772371E-001  0.25197131E-001  0.10649533E+001  0.81008262E+001  0.43330308E+002  0.79278228E+002  0.21963230E+003  0.43290281E+003
 -0.86061512E+000 -0.71419660E+000 -0.34410401E+000 -0.10770083E-001  0.25197178E-001  0.10650660E+001  0.81011170E+001  0.43331731E+002  0.79281026E+002  0.21963231E+003  0.43290283E+003
 -0.86061506E+000 -0.71419557E+000 -0.34408675E+000 -0.10767873E-001  0.25197223E-001  0.10651779E+001  0.81014055E+001  0.43333177E+002  0.79283892E+002  0.21963231E+003  0.43290284E+003
 -0.86061500E+000 -0.71419459E+000 -0.34407031E+000 -0.10765739E-001  0.25197267E-001  0.10652890E+001  0.81016915E+001  0.43334644E+002  0.79286824E+002  0.21963232E+003  0.43290286E+003
 -0.86061495E+000 -0.71419367E+000 -0.34405470E+000 -0.10763684E-001  0.25197309E-001  0.10653993E+001  0.81019749E+001  0.43336132E+002  0.79289818E+002  0.21963232E+003  0.43290289E+003
 -0.86061490E+000 -0.71419281E+000 -0.34403992E+000 -0.10761707E-001  0.25197349E-001  0.10655089E+001  0.81022556E+001  0.43337638E+002  0.79292873E+002  0.21963233E+003  0.43290291E+003
 -0.86061485E+000 -0.71419199E+000 -0.34402596E+000 -0.10759810E-001  0.25197387E-001  0.10656176E+001  0.81025335E+001  0.43339161E+002  0.79295986E+002  0.21963233E+003  0.43290293E+003
 -0.86061481E+000 -0.71419124E+000 -0.34401281E+000 -0.10757993E-001  0.25197423E-001  0.10657256E+001  0.81028085E+001  0.43340700E+002  0.79299154E+002  0.21963234E+003  0.43290295E+003
 -0.86061476E+000 -0.71419053E+000 -0.34400047E+000 -0.10756256E-001  0.25197457E-001  0.10658326E+001  0.81030804E+001  0.43342251E+002  0.79302373E+002  0.21963234E+003  0.43290298E+003
 -0.86061472E+000 -0.71418988E+000 -0.34398892E+000 -0.10754598E-001  0.25197489E-001  0.10659387E+001  0.81033492E+001  0.43343813E+002  0.79305642E+002  0.21963235E+003  0.43290300E+003
 -0.86061469E+000 -0.71418927E+000 -0.34397815E+000 -0.10753020E-001  0.25197519E-001  0.10660439E+001  0.81036147E+001  0.43345385E+002  0.79308956E+002  0.21963235E+003  0.43290303E+003
 -0.86061465E+000 -0.71418872E+000 -0.34396814E+000 -0.10751521E-001  0.25197546E-001  0.10661480E+001  0.81038769E+001  0.43346964E+002  0.79312311E+002  0.21963236E+003  0.43290306E+003
 -0.86061462E+000 -0.71418822E+000 -0.34395887E+000 -0.10750100E-001  0.25197572E-001  0.10662510E+001  0.81041356E+001  0.43348548E+002  0.79315705E+002  0.21963237E+003  0.43290309E+003
 -0.86061459E+000 -0.71418776E+000 -0.34395034E+000 -0.10748756E-001  0.25197595E-001  0.10663530E+001  0.81043907E+001  0.43350135E+002  0.79319133E+002  0.21963237E+003  0.43290312E+003
 -0.86061457E+000 -0.71418735E+000 -0.34394250E+000 -0.10747488E-001  0.25197617E-001  0.10664537E+001  0.81046422E+001  0.43351723E+002  0.79322592E+002  0.21963238E+003  0.43290315E+003
 -0.86061455E+000 -0.71418699E+000 -0.34393534E+000 -0.10746295E-001  0.25197636E-001  0.10665531E+001  0.81048899E+001  0.43353310E+002  0.79326078E+002  0.21963239E+003  0.43290318E+003
 -0.86061453E+000 -0.71418666E+000 -0.34392884E+000 -0.10745175E-001  0.25197653E-001  0.10666512E+001  0.81051338E+001  0.43354893E+002  0.79329587E+002  0.21963240E+003  0.43290321E+003
 -0.86061451E+000 -0.71418638E+000 -0.34392296E+000 -0.10744125E-001  0.25197669E-001  0.10667478E+001  0.81053738E+001  0.43356472E+002  0.79333114E+002  0.21963240E+003  0.43290325E+003
 -0.86061449E+000 -0.71418614E+000 -0.34391769E+000 -0.10743146E-001  0.25197683E-001  0.10668429E+001  0.81056098E+001  0.43358043E+002  0.79336657E+002  0.21963241E+003  0.43290328E+003
 -0.86061448E+000 -0.71418594E+000 -0.34391300E+000 -0.10742234E-001  0.25197694E-001  0.10669364E+001  0.81058419E+001  0.43359605E+002  0.79340211E+002  0.21963242E+003  0.43290332E+003
 -0.86061447E+000 -0.71418577E+000 -0.34390885E+000 -0.10741388E-001  0.25197704E-001  0.10670283E+001  0.81060699E+001  0.43361157E+002  0.79343772E+002  0.21963243E+003  0.43290336E+003
 -0.86061446E+000 -0.71418564E+000 -0.34390523E+000 -0.10740606E-001  0.25197713E-001  0.10671183E+001  0.81062939E+001  0.43362696E+002  0.79347336E+002  0.21963243E+003  0.43290339E+003
 -0.86061445E+000 -0.71418553E+000 -0.34390210E+000 -0.10739886E-001  0.25197720E-001  0.10672065E+001  0.81065138E+001  0.43364221E+002  0.79350900E+002  0.21963244E+003  0.43290343E+003
 -0.86061444E+000 -0.71418546E+000 -0.34389945E+000 -0.10739226E-001  0.25197725E-001  0.10672927E+001  0.81067297E+001  0.43365729E+002  0.79354459E+002  0.21963245E+003  0.43290347E+003
 -0.86061444E+000 -0.71418541E+000 -0.34389724E+000 -0.10738623E-001  0.25197729E-001  0.10673768E+001  0.81069414E+001  0.43367221E+002  0.79358010E+002  0.21963246E+003  0.43290351E+003
 -0.86061444E+000 -0.71418539E+000 -0.34389545E+000 -0.10738076E-001  0.25197732E-001  0.10674587E+001  0.81071491E+001  0.43371009E+002  0.79361549E+002  0.21963247E+003  0.43290356E+003
 -0.86061444E+000 -0.71418540E+000 -0.34389405E+000 -0.10737583E-001  0.25197733E-001  0.10675384E+001  0.81073527E+001  0.43388531E+002  0.79365074E+002  0.21963248E+003  0.43290360E+003
 -0.86061444E+000 -0.71418543E+000 -0.34389301E+000 -0.10737140E-001  0.25197733E-001  0.10676157E+001  0.81075523E+001  0.43405796E+002  0.79368579E+002  0.21963248E+003  0.43290364E+003
 -0.86061444E+000 -0.71418547E+000 -0.34389232E+000 -0.10736747E-001  0.25197733E-001  0.10676906E+001  0.81077479E+001  0.43422790E+002  0.79372064E+002  0.21963249E+003  0.43290369E+003
 -0.86061444E+000 -0.71418554E+000 -0.34389195E+000 -0.10736401E-001  0.25197731E-001  0.10677630E+001  0.81079395E+001  0.43425238E+002  0.79375523E+002  0.21963250E+003  0.43290373E+003
 -0.86061445E+000 -0.71418562E+000 -0.34389187E+000 -0.10736099E-001  0.25197728E-001  0.10678327E+001  0.81081272E+001  0.43426491E+002  0.79378954E+002  0.21963251E+003  0.43290378E+003
 -0.86061445E+000 -0.71418572E+000 -0.34389206E+000 -0.10735839E-001  0.25197725E-001  0.10678998E+001  0.81083110E+001  0.43427722E+002  0.79382355E+002  0.21963252E+003  0.43290383E+003
 -0.86061446E+000 -0.71418583E+000 -0.34389248E+000 -0.10735618E-001  0.25197721E-001  0.10679642E+001  0.81084910E+001  0.43428929E+002  0.79385723E+002  0.21963253E+003  0.43290388E+003
 -0.86061446E+000 -0.71418595E+000 -0.34389313E+000 -0.10735434E-001  0.25197717E-001  0.10680259E+001  0.81086672E+001  0.43430112E+002  0.79389055E+002  0.21963254E+003  0.43290392E+003
 -0.86061447E+000 -0.71418608E+000 -0.34389396E+000 -0.10735284E-001  0.25197712E-001  0.10680847E+001  0.81088397E+001  0.43431270E+002  0.79392349E+002  0.21963255E+003  0.43290397E+003
 -0.86061448E+000 -0.71418622E+000 -0.34389496E+000 -0.10735165E-001  0.25197707E-001  0.10681408E+001  0.81090085E+001  0.43432403E+002  0.79395604E+002  0.21963256E+003  0.43290403E+003
 -0.86061449E+000 -0.71418636E+000 -0.34389610E+000 -0.10735075E-001  0.25197701E-001  0.10681941E+001  0.81091737E+001  0.43433512E+002  0.79398816E+002  0.21963256E+003  0.43290408E+003
 -0.86061450E+000 -0.71418651E+000 -0.34389736E+000 -0.10735011E-001  0.25197696E-001  0.10682445E+001  0.81093354E+001  0.43434595E+002  0.79401985E+002  0.21963257E+003  0.43290413E+003
 -0.86061450E+000 -0.71418666E+000 -0.34389871E+000 -0.10734970E-001  0.25197690E-001  0.10682922E+001  0.81094936E+001  0.43435653E+002  0.79405281E+002  0.21963258E+003  0.43290418E+003
 -0.86061451E+000 -0.71418682E+000 -0.34390013E+000 -0.10734949E-001  0.25197684E-001  0.10683372E+001  0.81096484E+001  0.43436687E+002  0.79409004E+002  0.21963259E+003  0.43290424E+003
 -0.86061452E+000 -0.71418697E+000 -0.34390159E+000 -0.10734945E-001  0.25197678E-001  0.10683795E+001  0.81097998E+001  0.43437695E+002  0.79412671E+002  0.21963260E+003  0.43290429E+003
 -0.86061453E+000 -0.71418712E+000 -0.34390308E+000 -0.10734957E-001  0.25197673E-001  0.10684191E+001  0.81099479E+001  0.43438679E+002  0.79416279E+002  0.21963261E+003  0.43290435E+003
 -0.86061454E+000 -0.71418726E+000 -0.34390458E+000 -0.10734980E-001  0.25197667E-001  0.10684562E+001  0.81100928E+001  0.43439639E+002  0.79419827E+002  0.21963262E+003  0.43290441E+003
 -0.86061455E+000 -0.71418741E+000 -0.34390605E+000 -0.10735013E-001  0.25197662E-001  0.10684908E+001  0.81102345E+001  0.43440576E+002  0.79423316E+002  0.21963263E+003  0.43290446E+003
 -0.86061456E+000 -0.71418755E+000 -0.34390750E+000 -0.10735053E-001  0.25197657E-001  0.10685230E+001  0.81103731E+001  0.43441489E+002  0.79426744E+002  0.21963264E+003  0.43290452E+003
 -0.86061457E+000 -0.71418768E+000 -0.34390889E+000 -0.10735098E-001  0.25197652E-001  0.10685530E+001  0.81105085E+001  0.43442380E+002  0.79430112E+002  0.21963265E+003  0.43290458E+003
 -0.86061457E+000 -0.71418780E+000 -0.34391021E+000 -0.10735145E-001  0.25197647E-001  0.10685808E+001  0.81106409E+001  0.43443249E+002  0.79433418E+002  0.21963266E+003  0.43290464E+003
 -0.86061458E+000 -0.71418792E+000 -0.34391145E+000 -0.10735192E-001  0.25197643E-001  0.10686065E+001  0.81107703E+001  0.43444096E+002  0.79436664E+002  0.21963267E+003  0.43290470E+003
 -0.86061459E+000 -0.71418802E+000 -0.34391259E+000 -0.10735238E-001  0.25197640E-001  0.10686303E+001  0.81108967E+001  0.43444923E+002  0.79439849E+002  0.21963267E+003  0.43290476E+003
 -0.86061459E+000 -0.71418812E+000 -0.34391362E+000 -0.10735280E-001  0.25197637E-001  0.10686523E+001  0.81110202E+001  0.43445729E+002  0.79442975E+002  0.21963268E+003  0.43290482E+003
 -0.86061460E+000 -0.71418820E+000 -0.34391454E+000 -0.10735316E-001  0.25197634E-001  0.10686726E+001  0.81111408E+001  0.43446517E+002  0.79446040E+002  0.21963269E+003  0.43290488E+003
 -0.86061460E+000 -0.71418828E+000 -0.34391532E+000 -0.10735345E-001  0.25197632E-001  0.10686914E+001  0.81112585E+001  0.43447286E+002  0.79449047E+002  0.21963270E+003  0.43290494E+003
 -0.86061461E+000 -0.71418835E+000 -0.34391597E+000 -0.10735366E-001  0.25197630E-001  0.10687088E+001  0.81113733E+001  0.43448036E+002  0.79451996E+002  0.21963271E+003  0.43290501E+003
 -0.86061461E+000 -0.71418840E+000 -0.34391648E+000 -0.10735377E-001  0.25197629E-001  0.10687249E+001  0.81114854E+001  0.43448770E+002  0.79454887E+002  0.21963272E+003  0.43290507E+003
 -0.86061462E+000 -0.71418844E+000 -0.34391685E+000 -0.10735378E-001  0.25197628E-001  0.10687399E+001  0.81115946E+001  0.43449487E+002  0.79457722E+002  0.21963273E+003  0.43290513E+003
 -0.86061462E+000 -0.71418847E+000 -0.34391706E+000 -0.10735366E-001  0.25197628E-001  0.10687539E+001  0.81117012E+001  0.43450188E+002  0.79460502E+002  0.21963274E+003  0.43290520E+003
 -0.86061462E+000 -0.71418849E+000 -0.34391713E+000 -0.10735343E-001  0.25197628E-001  0.10687670E+001  0.81118050E+001  0.43450875E+002  0.79463228E+002  0.21963275E+003  0.43290526E+003
 -0.86061462E+000 -0.71418850E+000 -0.34391704E+000 -0.10735306E-001  0.25197629E-001  0.10687793E+001  0.81119061E+001  0.43451546E+002  0.79465900E+002  0.21963275E+003  0.43290533E+003
 -0.86061462E+000 -0.71418850E+000 -0.34391681E+000 -0.10735256E-001  0.25197630E-001  0.10687910E+001  0.81120046E+001  0.43452204E+002  0.79468521E+002  0.21963276E+003  0.43290539E+003
 -0.86061462E+000 -0.71418849E+000 -0.34391643E+000 -0.10735192E-001  0.25197631E-001  0.10688022E+001  0.81121005E+001  0.43452848E+002  0.79471091E+002  0.21963277E+003  0.43290546E+003
 -0.86061462E+000 -0.71418847E+000 -0.34391590E+000 -0.10735114E-001  0.25197633E-001  0.10688129E+001  0.81121939E+001  0.43453479E+002  0.79473611E+002  0.21963278E+003  0.43290552E+003
 -0.86061462E+000 -0.71418844E+000 -0.34391523E+000 -0.10735023E-001  0.25197636E-001  0.10688233E+001  0.81122847E+001  0.43454098E+002  0.79476083E+002  0.21963279E+003  0.43290559E+003
 -0.86061462E+000 -0.71418839E+000 -0.34391443E+000 -0.10734918E-001  0.25197638E-001  0.10688334E+001  0.81123730E+001  0.43454705E+002  0.79478507E+002  0.21963280E+003  0.43290565E+003
 -0.86061462E+000 -0.71418834E+000 -0.34391351E+000 -0.10734800E-001  0.25197641E-001  0.10688434E+001  0.81124588E+001  0.43455300E+002  0.79480885E+002  0.21963280E+003  0.43290572E+003
 -0.86061461E+000 -0.71418829E+000 -0.34391246E+000 -0.10734670E-001  0.25197644E-001  0.10688533E+001  0.81125423E+001  0.43455884E+002  0.79483218E+002  0.21963281E+003  0.43290578E+003
 -0.86061461E+000 -0.71418822E+000 -0.34391130E+000 -0.10734527E-001  0.25197647E-001  0.10688632E+001  0.81126234E+001  0.43456457E+002  0.79485507E+002  0.21963282E+003  0.43290585E+003
 -0.86061461E+000 -0.71418815E+000 -0.34391004E+000 -0.10734373E-001  0.25197651E-001  0.10688730E+001  0.81127021E+001  0.43457019E+002  0.79487752E+002  0.21963283E+003  0.43290591E+003
 -0.86061460E+000 -0.71418807E+000 -0.34390869E+000 -0.10734208E-001  0.25197655E-001  0.10688829E+001  0.81127786E+001  0.43457571E+002  0.79489956E+002  0.21963283E+003  0.43290598E+003
 -0.86061460E+000 -0.71418799E+000 -0.34390726E+000 -0.10734034E-001  0.25197658E-001  0.10688929E+001  0.81128529E+001  0.43458112E+002  0.79492118E+002  0.21963284E+003  0.43290604E+003
 -0.86061459E+000 -0.71418790E+000 -0.34390575E+000 -0.10733852E-001  0.25197662E-001  0.10689030E+001  0.81129250E+001  0.43458643E+002  0.79494239E+002  0.21963285E+003  0.43290610E+003
 -0.86061459E+000 -0.71418781E+000 -0.34390418E+000 -0.10733662E-001  0.25197666E-001  0.10689133E+001  0.81129949E+001  0.43459165E+002  0.79496320E+002  0.21963286E+003  0.43290617E+003
 -0.86061458E+000 -0.71418772E+000 -0.34390257E+000 -0.10733465E-001  0.25197669E-001  0.10689236E+001  0.81130628E+001  0.43459676E+002  0.79498362E+002  0.21963286E+003  0.43290623E+003
 -0.86061458E+000 -0.71418762E+000 -0.34390091E+000 -0.10733264E-001  0.25197673E-001  0.10689341E+001  0.81131286E+001  0.43460177E+002  0.79500365E+002  0.21963287E+003  0.43290630E+003
 -0.86061457E+000 -0.71418752E+000 -0.34389923E+000 -0.10733058E-001  0.25197676E-001  0.10689447E+001  0.81131923E+001  0.43460668E+002  0.79502331E+002  0.21963288E+003  0.43290636E+003
 -0.86061457E+000 -0.71418743E+000 -0.34389754E+000 -0.10732850E-001  0.25197679E-001  0.10689554E+001  0.81132541E+001  0.43461149E+002  0.79504258E+002  0.21963289E+003  0.43290642E+003
 -0.86061456E+000 -0.71418733E+000 -0.34389584E+000 -0.10732641E-001  0.25197682E-001  0.10689662E+001  0.81133139E+001  0.43461620E+002  0.79506148E+002  0.21963289E+003  0.43290648E+003
 -0.86061456E+000 -0.71418723E+000 -0.34389415E+000 -0.10732433E-001  0.25197684E-001  0.10689770E+001  0.81133717E+001  0.43462081E+002  0.79508000E+002  0.21963290E+003  0.43290655E+003
 -0.86061455E+000 -0.71418714E+000 -0.34389249E+000 -0.10732226E-001  0.25197686E-001  0.10689877E+001  0.81134276E+001  0.43462531E+002  0.79509815E+002  0.21963291E+003  0.43290661E+003
 -0.86061455E+000 -0.71418705E+000 -0.34389085E+000 -0.10732022E-001  0.25197688E-001  0.10689984E+001  0.81134816E+001  0.43462971E+002  0.79511594E+002  0.21963291E+003  0.43290667E+003
 -0.86061454E+000 -0.71418696E+000 -0.34388927E+000 -0.10731822E-001  0.25197689E-001  0.10690090E+001  0.81135337E+001  0.43463401E+002  0.79513336E+002  0.21963292E+003  0.43290673E+003
 -0.86061454E+000 -0.71418688E+000 -0.34388774E+000 -0.10731629E-001  0.25197689E-001  0.10690194E+001  0.81135839E+001  0.43463820E+002  0.79515040E+002  0.21963292E+003  0.43290679E+003
 -0.86061454E+000 -0.71418680E+000 -0.34388627E+000 -0.10731443E-001  0.25197689E-001  0.10690296E+001  0.81136321E+001  0.43464228E+002  0.79516708E+002  0.21963293E+003  0.43290684E+003
 -0.86061453E+000 -0.71418673E+000 -0.34388489E+000 -0.10731266E-001  0.25197689E-001  0.10690394E+001  0.81136785E+001  0.43464625E+002  0.79518338E+002  0.21963294E+003  0.43290690E+003
 -0.86061453E+000 -0.71418666E+000 -0.34388359E+000 -0.10731099E-001  0.25197687E-001  0.10690489E+001  0.81137228E+001  0.43465011E+002  0.79519932E+002  0.21963294E+003  0.43290696E+003
 -0.86061453E+000 -0.71418660E+000 -0.34388239E+000 -0.10730944E-001  0.25197685E-001  0.10690579E+001  0.81137652E+001  0.43465386E+002  0.79521487E+002  0.21963295E+003  0.43290702E+003
 -0.86061452E+000 -0.71418655E+000 -0.34388130E+000 -0.10730802E-001  0.25197682E-001  0.10690663E+001  0.81138055E+001  0.43465749E+002  0.79523005E+002  0.21963295E+003  0.43290707E+003
 -0.86061452E+000 -0.71418650E+000 -0.34388033E+000 -0.10730674E-001  0.25197678E-001  0.10690740E+001  0.81138437E+001  0.43466100E+002  0.79524485E+002  0.21963296E+003  0.43290713E+003
 -0.86061452E+000 -0.71418647E+000 -0.34387949E+000 -0.10730562E-001  0.25197674E-001  0.10690811E+001  0.81138797E+001  0.43466439E+002  0.79525925E+002  0.21963296E+003  0.43290718E+003
 -0.86061452E+000 -0.71418644E+000 -0.34387878E+000 -0.10730468E-001  0.25197668E-001  0.10690873E+001  0.81139135E+001  0.43466766E+002  0.79527327E+002  0.21963297E+003  0.43290723E+003
 -0.86061452E+000 -0.71418643E+000 -0.34387822E+000 -0.10730392E-001  0.25197662E-001  0.10690925E+001  0.81139450E+001  0.43467080E+002  0.79528689E+002  0.21963298E+003  0.43290729E+003
 -0.86061452E+000 -0.71418642E+000 -0.34387782E+000 -0.10730337E-001  0.25197654E-001  0.10690967E+001  0.81139740E+001  0.43467381E+002  0.79530011E+002  0.21963298E+003  0.43290734E+003
 -0.86061452E+000 -0.71418642E+000 -0.34387757E+000 -0.10730302E-001  0.25197646E-001  0.10690998E+001  0.81140004E+001  0.43467669E+002  0.79531292E+002  0.21963299E+003  0.43290739E+003
 -0.86061452E+000 -0.71418644E+000 -0.34387750E+000 -0.10730290E-001  0.25197636E-001  0.10691015E+001  0.81140241E+001  0.43467943E+002  0.79532531E+002  0.21963299E+003  0.43290744E+003
 -0.86061452E+000 -0.71418646E+000 -0.34387760E+000 -0.10730302E-001  0.25197625E-001  0.10691020E+001  0.81140449E+001  0.43468204E+002  0.79533728E+002  0.21963299E+003  0.43290748E+003
 -0.86061453E+000 -0.71418650E+000 -0.34387788E+000 -0.10730339E-001  0.25197613E-001  0.10691009E+001  0.81140627E+001  0.43468449E+002  0.79534881E+002  0.21963300E+003  0.43290753E+003
 -0.86061453E+000 -0.71418655E+000 -0.34387836E+000 -0.10730402E-001  0.25197600E-001  0.10690982E+001  0.81140773E+001  0.43468680E+002  0.79535990E+002  0.21963300E+003  0.43290758E+003
 -0.86061453E+000 -0.71418661E+000 -0.34387904E+000 -0.10730493E-001  0.25197586E-001  0.10690938E+001  0.81140884E+001  0.43468896E+002  0.79537054E+002  0.21963301E+003  0.43290762E+003
 -0.86061454E+000 -0.71418669E+000 -0.34387992E+000 -0.10730612E-001  0.25197570E-001  0.10690876E+001  0.81140958E+001  0.43469095E+002  0.79538072E+002  0.21963301E+003  0.43290767E+003
 -0.86061455E+000 -0.71418678E+000 -0.34388102E+000 -0.10730762E-001  0.25197554E-001  0.10690793E+001  0.81140992E+001  0.43469278E+002  0.79539041E+002  0.21963302E+003  0.43290771E+003
 -0.86061455E+000 -0.71418688E+000 -0.34388236E+000 -0.10730945E-001  0.25197536E-001  0.10690689E+001  0.81140983E+001  0.43469443E+002  0.79539961E+002  0.21963302E+003  0.43290775E+003
 -0.86061456E+000 -0.71418700E+000 -0.34388395E+000 -0.10731163E-001  0.25197517E-001  0.10690562E+001  0.81140928E+001  0.43469589E+002  0.79540830E+002  0.21963302E+003  0.43290779E+003
 -0.86061457E+000 -0.71418713E+000 -0.34388581E+000 -0.10731420E-001  0.25197496E-001  0.10690410E+001  0.81140823E+001  0.43469715E+002  0.79541644E+002  0.21963303E+003  0.43290783E+003
 -0.86061458E+000 -0.71418728E+000 -0.34388798E+000 -0.10731717E-001  0.25197475E-001  0.10690232E+001  0.81140663E+001  0.43469821E+002  0.79542403E+002  0.21963303E+003  0.43290787E+003
 -0.86061459E+000 -0.71418745E+000 -0.34389046E+000 -0.10732059E-001  0.25197452E-001  0.10690025E+001  0.81140444E+001  0.43469903E+002  0.79543102E+002  0.21963303E+003  0.43290791E+003
 -0.86061460E+000 -0.71418764E+000 -0.34389324E+000 -0.10732445E-001  0.25197428E-001  0.10689789E+001  0.81140162E+001  0.43469962E+002  0.79543737E+002  0.21963304E+003  0.43290795E+003
 -0.86061461E+000 -0.71418784E+000 -0.34389627E+000 -0.10732870E-001  0.25197402E-001  0.10689523E+001  0.81139811E+001  0.43469994E+002  0.79544303E+002  0.21963304E+003  0.43290798E+003
 -0.86061463E+000 -0.71418805E+000 -0.34389942E+000 -0.10733320E-001  0.25197376E-001  0.10689229E+001  0.81139390E+001  0.43469998E+002  0.79544797E+002  0.21963304E+003  0.43290802E+003
 -0.86061464E+000 -0.71418826E+000 -0.34390254E+000 -0.10733775E-001  0.25197349E-001  0.10688910E+001  0.81138895E+001  0.43469973E+002  0.79545218E+002  0.21963305E+003  0.43290805E+003
 -0.86061465E+000 -0.71418846E+000 -0.34390563E+000 -0.10734227E-001  0.25197320E-001  0.10688567E+001  0.81138324E+001  0.43469920E+002  0.79545568E+002  0.21963305E+003  0.43290808E+003
 -0.86061467E+000 -0.71418869E+000 -0.34390917E+000 -0.10734714E-001  0.25197291E-001  0.10688190E+001  0.81137667E+001  0.43469838E+002  0.79545855E+002  0.21963305E+003  0.43290812E+003
 -0.86061469E+000 -0.71418903E+000 -0.34391457E+000 -0.10735384E-001  0.25197260E-001  0.10687749E+001  0.81136903E+001  0.43469730E+002  0.79546091E+002  0.21963306E+003  0.43290815E+003
 -0.86061472E+000 -0.71418960E+000 -0.34392419E+000 -0.10736531E-001  0.25197224E-001  0.10687174E+001  0.81135962E+001  0.43469581E+002  0.79546244E+002  0.21963306E+003  0.43290818E+003
 -0.86061476E+000 -0.71419043E+000 -0.34393879E+000 -0.10738285E-001  0.25197184E-001  0.10686434E+001  0.81134800E+001  0.43469367E+002  0.79546228E+002  0.21963306E+003  0.43290820E+003
 -0.86061480E+000 -0.71419123E+000 -0.34395443E+000 -0.10740334E-001  0.25197138E-001  0.10685526E+001  0.81133356E+001  0.43469035E+002  0.79545896E+002  0.21963306E+003  0.43290823E+003
 -0.86061485E+000 -0.71419211E+000 -0.34396691E+000 -0.10741863E-001  0.25197104E-001  0.10684926E+001  0.81132337E+001  0.43468848E+002  0.79546021E+002  0.21963306E+003  0.43290827E+003
