  0.33668273E-002
  0.35878660E-002
  0.37835703E-002
  0.39547370E-002
  0.41031922E-002
  0.42312958E-002
  0.43414761E-002
  0.44360521E-002
  0.45171282E-002
  0.45865733E-002
  0.46460090E-002
  0.46968503E-002
  0.47403184E-002
  0.47774630E-002
  0.48091869E-002
  0.48362618E-002
  0.48593507E-002
  0.48790233E-002
  0.48957688E-002
  0.49100065E-002
  0.49220972E-002
  0.49323478E-002
  0.49410237E-002
  0.49483534E-002
  0.49545332E-002
  0.49597327E-002
  0.49640980E-002
  0.49677558E-002
  0.49708154E-002
  0.49733720E-002
  0.49755085E-002
  0.49772947E-002
  0.49787938E-002
  0.49800586E-002
  0.49811339E-002
  0.49820581E-002
  0.49828633E-002
  0.49835763E-002
  0.49842193E-002
  0.49848106E-002
  0.49853646E-002
  0.49858927E-002
  0.49864037E-002
  0.49869041E-002
  0.49873984E-002
  0.49878895E-002
  0.49883790E-002
  0.49888675E-002
  0.49893549E-002
  0.49898403E-002
  0.49903226E-002
  0.49908004E-002
  0.49912720E-002
  0.49917360E-002
  0.49921907E-002
  0.49926344E-002
  0.49930660E-002
  0.49934842E-002
  0.49938881E-002
  0.49942772E-002
  0.49946510E-002
  0.49950094E-002
  0.49953528E-002
  0.49956815E-002
  0.49959962E-002
  0.49962978E-002
  0.49965871E-002
  0.49968652E-002
  0.49971332E-002
  0.49973919E-002
  0.49976423E-002
  0.49978850E-002
  0.49981208E-002
  0.49983499E-002
  0.49985726E-002
  0.49987890E-002
  0.49989988E-002
  0.49992019E-002
  0.49993978E-002
  0.49995862E-002
  0.49997666E-002
  0.49999384E-002
  0.50001014E-002
  0.50002549E-002
  0.50003988E-002
  0.50005327E-002
  0.50006564E-002
  0.50007697E-002
  0.50008728E-002
  0.50009654E-002
  0.50010477E-002
  0.50011198E-002
  0.50011819E-002
  0.50012344E-002
  0.50012773E-002
  0.50013111E-002
  0.50013362E-002
  0.50013529E-002
  0.50013617E-002
  0.50013632E-002
  0.50013577E-002
  0.50013457E-002
  0.50013278E-002
  0.50013045E-002
  0.50012761E-002
  0.50012433E-002
  0.50012064E-002
  0.50011659E-002
  0.50011222E-002
  0.50010758E-002
  0.50010270E-002
  0.50009761E-002
  0.50009236E-002
  0.50008698E-002
  0.50008150E-002
  0.50007596E-002
  0.50007038E-002
  0.50006481E-002
  0.50005926E-002
  0.50005376E-002
  0.50004836E-002
  0.50004305E-002
  0.50003789E-002
  0.50003287E-002
  0.50002804E-002
  0.50002340E-002
  0.50001897E-002
  0.50001478E-002
  0.50001082E-002
  0.50000712E-002
  0.50000367E-002
  0.50000050E-002
  0.49999760E-002
  0.49999498E-002
  0.49999264E-002
  0.49999057E-002
  0.49998878E-002
  0.49998726E-002
  0.49998601E-002
  0.49998502E-002
  0.49998428E-002
  0.49998378E-002
  0.49998352E-002
  0.49998348E-002
  0.49998366E-002
  0.49998403E-002
  0.49998458E-002
  0.49998531E-002
  0.49998620E-002
  0.49998723E-002
  0.49998839E-002
  0.49998966E-002
  0.49999104E-002
  0.49999251E-002
  0.49999405E-002
  0.49999565E-002
  0.49999729E-002
  0.49999897E-002
  0.50000068E-002
  0.50000239E-002
  0.50000410E-002
  0.50000580E-002
  0.50000748E-002
  0.50000913E-002
  0.50001074E-002
  0.50001230E-002
  0.50001381E-002
  0.50001526E-002
  0.50001664E-002
  0.50001795E-002
  0.50001919E-002
  0.50002035E-002
  0.50002142E-002
  0.50002241E-002
  0.50002331E-002
  0.50002413E-002
  0.50002485E-002
  0.50002548E-002
  0.50002603E-002
  0.50002648E-002
  0.50002685E-002
  0.50002714E-002
  0.50002735E-002
  0.50002747E-002
  0.50002751E-002
  0.50002744E-002
  0.50002722E-002
  0.50002679E-002
  0.50002605E-002
  0.50002496E-002
  0.50002358E-002
  0.50002233E-002
  0.50002214E-002
  0.50002445E-002
  0.50003006E-002
  0.50003554E-002
  0.50002898E-002
  0.50000021E-002
  0.50005173E-002
  0.50019992E-002
