  0.20319412E+002
  0.20308807E+002
  0.20299632E+002
  0.20291734E+002
  0.20284955E+002
  0.20279147E+002
  0.20274177E+002
  0.20269926E+002
  0.20266293E+002
  0.20263188E+002
  0.20260535E+002
  0.20258268E+002
  0.20256331E+002
  0.20254676E+002
  0.20253262E+002
  0.20252054E+002
  0.20251023E+002
  0.20250143E+002
  0.20249393E+002
  0.20248753E+002
  0.20248209E+002
  0.20247746E+002
  0.20247352E+002
  0.20247019E+002
  0.20246736E+002
  0.20246498E+002
  0.20246297E+002
  0.20246128E+002
  0.20245987E+002
  0.20245869E+002
  0.20245771E+002
  0.20245690E+002
  0.20245624E+002
  0.20245571E+002
  0.20245528E+002
  0.20245495E+002
  0.20245471E+002
  0.20245455E+002
  0.20245446E+002
  0.20245444E+002
  0.20245449E+002
  0.20245460E+002
  0.20245479E+002
  0.20245504E+002
  0.20245538E+002
  0.20245578E+002
  0.20245628E+002
  0.20245686E+002
  0.20245753E+002
  0.20245831E+002
  0.20245918E+002
  0.20246017E+002
  0.20246127E+002
  0.20246249E+002
  0.20246384E+002
  0.20246531E+002
  0.20246692E+002
  0.20246866E+002
  0.20247054E+002
  0.20247256E+002
  0.20247472E+002
  0.20247703E+002
  0.20247948E+002
  0.20248208E+002
  0.20248483E+002
  0.20248773E+002
  0.20249079E+002
  0.20249400E+002
  0.20249736E+002
  0.20250088E+002
  0.20250456E+002
  0.20250840E+002
  0.20251240E+002
  0.20251657E+002
  0.20252091E+002
  0.20252542E+002
  0.20253009E+002
  0.20253494E+002
  0.20253996E+002
  0.20254516E+002
  0.20255053E+002
  0.20255607E+002
  0.20256178E+002
  0.20256766E+002
  0.20257370E+002
  0.20257991E+002
  0.20258627E+002
  0.20259279E+002
  0.20259945E+002
  0.20260626E+002
  0.20261320E+002
  0.20262027E+002
  0.20262747E+002
  0.20263478E+002
  0.20264219E+002
  0.20264971E+002
  0.20265732E+002
  0.20266501E+002
  0.20267278E+002
  0.20268062E+002
  0.20268852E+002
  0.20269648E+002
  0.20270448E+002
  0.20271252E+002
  0.20272060E+002
  0.20272870E+002
  0.20273682E+002
  0.20274495E+002
  0.20275309E+002
  0.20276123E+002
  0.20276937E+002
  0.20277750E+002
  0.20278562E+002
  0.20279372E+002
  0.20280180E+002
  0.20280986E+002
  0.20281788E+002
  0.20282588E+002
  0.20283384E+002
  0.20284176E+002
  0.20284965E+002
  0.20285749E+002
  0.20286529E+002
  0.20287305E+002
  0.20288076E+002
  0.20288843E+002
  0.20289605E+002
  0.20290363E+002
  0.20291116E+002
  0.20291865E+002
  0.20292610E+002
  0.20293350E+002
  0.20294085E+002
  0.20294817E+002
  0.20295544E+002
  0.20296267E+002
  0.20296987E+002
  0.20297702E+002
  0.20298414E+002
  0.20299122E+002
  0.20299827E+002
  0.20300528E+002
  0.20301226E+002
  0.20301920E+002
  0.20302612E+002
  0.20303299E+002
  0.20303984E+002
  0.20304666E+002
  0.20305344E+002
  0.20306019E+002
  0.20306690E+002
  0.20307358E+002
  0.20308023E+002
  0.20308684E+002
  0.20309341E+002
  0.20309995E+002
  0.20310644E+002
  0.20311290E+002
  0.20311930E+002
  0.20312567E+002
  0.20313198E+002
  0.20313825E+002
  0.20314446E+002
  0.20315061E+002
  0.20315671E+002
  0.20316275E+002
  0.20316872E+002
  0.20317463E+002
  0.20318046E+002
  0.20318623E+002
  0.20319192E+002
  0.20319753E+002
  0.20320305E+002
  0.20320849E+002
  0.20321384E+002
  0.20321910E+002
  0.20322427E+002
  0.20322933E+002
  0.20323429E+002
  0.20323914E+002
  0.20324388E+002
  0.20324851E+002
  0.20325302E+002
  0.20325740E+002
  0.20326165E+002
  0.20326577E+002
  0.20326975E+002
  0.20327359E+002
  0.20327727E+002
  0.20328079E+002
  0.20328413E+002
  0.20328729E+002
  0.20329026E+002
  0.20329307E+002
  0.20329572E+002
  0.20329828E+002
  0.20330069E+002
  0.20330271E+002
  0.20330395E+002
  0.20330635E+002
