  0.69057148E-001
  0.69082245E-001
  0.69075638E-001
  0.69058513E-001
  0.69037879E-001
  0.69016651E-001
  0.68996156E-001
  0.68977023E-001
  0.68959579E-001
  0.68943864E-001
  0.68930160E-001
  0.68918316E-001
  0.68908152E-001
  0.68899486E-001
  0.68892146E-001
  0.68885973E-001
  0.68880820E-001
  0.68876557E-001
  0.68873068E-001
  0.68870249E-001
  0.68868010E-001
  0.68866269E-001
  0.68864955E-001
  0.68864005E-001
  0.68863366E-001
  0.68862989E-001
  0.68862832E-001
  0.68862859E-001
  0.68863037E-001
  0.68863340E-001
  0.68863743E-001
  0.68864227E-001
  0.68864775E-001
  0.68865372E-001
  0.68866008E-001
  0.68866673E-001
  0.68867361E-001
  0.68868068E-001
  0.68868789E-001
  0.68869523E-001
  0.68870270E-001
  0.68871031E-001
  0.68871805E-001
  0.68872597E-001
  0.68873407E-001
  0.68874239E-001
  0.68875095E-001
  0.68875978E-001
  0.68876891E-001
  0.68877836E-001
  0.68878816E-001
  0.68879833E-001
  0.68880887E-001
  0.68881982E-001
  0.68883117E-001
  0.68884293E-001
  0.68885510E-001
  0.68886770E-001
  0.68888071E-001
  0.68889413E-001
  0.68890795E-001
  0.68892218E-001
  0.68893679E-001
  0.68895179E-001
  0.68896716E-001
  0.68898290E-001
  0.68899901E-001
  0.68901549E-001
  0.68903233E-001
  0.68904953E-001
  0.68906710E-001
  0.68908506E-001
  0.68910340E-001
  0.68912215E-001
  0.68914131E-001
  0.68916091E-001
  0.68918095E-001
  0.68920145E-001
  0.68922242E-001
  0.68924388E-001
  0.68926583E-001
  0.68928829E-001
  0.68931126E-001
  0.68933473E-001
  0.68935871E-001
  0.68938320E-001
  0.68940818E-001
  0.68943364E-001
  0.68945956E-001
  0.68948594E-001
  0.68951275E-001
  0.68953996E-001
  0.68956756E-001
  0.68959552E-001
  0.68962381E-001
  0.68965240E-001
  0.68968128E-001
  0.68971040E-001
  0.68973974E-001
  0.68976927E-001
  0.68979897E-001
  0.68982880E-001
  0.68985875E-001
  0.68988879E-001
  0.68991889E-001
  0.68994903E-001
  0.68997918E-001
  0.69000934E-001
  0.69003947E-001
  0.69006956E-001
  0.69009959E-001
  0.69012955E-001
  0.69015942E-001
  0.69018919E-001
  0.69021884E-001
  0.69024837E-001
  0.69027776E-001
  0.69030700E-001
  0.69033609E-001
  0.69036502E-001
  0.69039379E-001
  0.69042239E-001
  0.69045081E-001
  0.69047907E-001
  0.69050715E-001
  0.69053506E-001
  0.69056280E-001
  0.69059037E-001
  0.69061777E-001
  0.69064502E-001
  0.69067211E-001
  0.69069905E-001
  0.69072584E-001
  0.69075250E-001
  0.69077902E-001
  0.69080542E-001
  0.69083170E-001
  0.69085787E-001
  0.69088393E-001
  0.69090989E-001
  0.69093575E-001
  0.69096153E-001
  0.69098722E-001
  0.69101283E-001
  0.69103836E-001
  0.69106382E-001
  0.69108921E-001
  0.69111453E-001
  0.69113978E-001
  0.69116496E-001
  0.69119008E-001
  0.69121512E-001
  0.69124009E-001
  0.69126498E-001
  0.69128980E-001
  0.69131453E-001
  0.69133917E-001
  0.69136371E-001
  0.69138815E-001
  0.69141248E-001
  0.69143669E-001
  0.69146077E-001
  0.69148472E-001
  0.69150852E-001
  0.69153216E-001
  0.69155564E-001
  0.69157893E-001
  0.69160204E-001
  0.69162494E-001
  0.69164764E-001
  0.69167010E-001
  0.69169233E-001
  0.69171431E-001
  0.69173602E-001
  0.69175746E-001
  0.69177862E-001
  0.69179947E-001
  0.69182001E-001
  0.69184023E-001
  0.69186012E-001
  0.69187966E-001
  0.69189884E-001
  0.69191765E-001
  0.69193608E-001
  0.69195413E-001
  0.69197178E-001
  0.69198902E-001
  0.69200584E-001
  0.69202223E-001
  0.69203816E-001
  0.69205362E-001
  0.69206862E-001
  0.69208317E-001
  0.69209742E-001
  0.69211143E-001
  0.69212563E-001
  0.69213951E-001
  0.69215405E-001
  0.69216392E-001
  0.69217025E-001
