  0.10745000E+001  0.60531163E+000  0.79107115E+000  0.40070428E+001
  0.10674464E+001  0.59488591E+000  0.80090050E+000  0.40080933E+001
  0.10559365E+001  0.59361243E+000  0.81472927E+000  0.40015872E+001
  0.10435698E+001  0.60061086E+000  0.82345652E+000  0.39937042E+001
  0.10354284E+001  0.59843298E+000  0.82839326E+000  0.39953442E+001
  0.10338695E+001  0.58936684E+000  0.83724579E+000  0.39940302E+001
  0.10246236E+001  0.59368006E+000  0.84087494E+000  0.39927986E+001
  0.10211337E+001  0.59280271E+000  0.84216900E+000  0.39938015E+001
  0.10202661E+001  0.59044849E+000  0.84352295E+000  0.39939914E+001
  0.10185776E+001  0.59040567E+000  0.84367507E+000  0.39942240E+001
  0.10082505E+001  0.59460284E+000  0.84869794E+000  0.39942650E+001
  0.10062889E+001  0.59208424E+000  0.85292966E+000  0.39936850E+001
  0.10040258E+001  0.59345792E+000  0.85089371E+000  0.39959834E+001
  0.99725358E+000  0.59848391E+000  0.85128571E+000  0.39968819E+001
  0.99198117E+000  0.60359552E+000  0.85123460E+000  0.39967837E+001
  0.99180117E+000  0.60321953E+000  0.84858423E+000  0.39998042E+001
  0.98811001E+000  0.60669024E+000  0.85254894E+000  0.39959801E+001
  0.98766899E+000  0.60705225E+000  0.85256179E+000  0.39960574E+001
  0.98369348E+000  0.61105512E+000  0.86242407E+000  0.39862569E+001
  0.98364863E+000  0.60793375E+000  0.86564589E+000  0.39863576E+001
  0.98314586E+000  0.60817684E+000  0.86600259E+000  0.39864749E+001
  0.98315543E+000  0.60826279E+000  0.86765426E+000  0.39849924E+001
  0.97813213E+000  0.62334064E+000  0.85385456E+000  0.39851859E+001
  0.97735694E+000  0.61379999E+000  0.86817254E+000  0.39853907E+001
  0.97741551E+000  0.61385949E+000  0.86821489E+000  0.39856107E+001
  0.97751654E+000  0.61352952E+000  0.86854420E+000  0.39859204E+001
  0.97762338E+000  0.61312203E+000  0.86903145E+000  0.39861703E+001
  0.97773718E+000  0.61284380E+000  0.86939501E+000  0.39864312E+001
  0.97785592E+000  0.61289215E+000  0.86943704E+000  0.39867032E+001
  0.97797905E+000  0.61266370E+000  0.86976037E+000  0.39869854E+001
  0.97810608E+000  0.61271500E+000  0.86980797E+000  0.39872770E+001
  0.97212232E+000  0.61888185E+000  0.86985793E+000  0.39875774E+001
  0.97225534E+000  0.61893620E+000  0.86991003E+000  0.39878860E+001
  0.97239115E+000  0.61899162E+000  0.86996414E+000  0.39882023E+001
  0.97252946E+000  0.61904802E+000  0.87002014E+000  0.39885258E+001
  0.97267002E+000  0.61910532E+000  0.87007796E+000  0.39888562E+001
  0.97281260E+000  0.61916347E+000  0.87013755E+000  0.39891932E+001
  0.97295698E+000  0.61915128E+000  0.87027002E+000  0.39895363E+001
  0.97310297E+000  0.61921094E+000  0.87033311E+000  0.39898854E+001
  0.97325037E+000  0.61927130E+000  0.87039797E+000  0.39902401E+001
  0.97339900E+000  0.61933230E+000  0.87046461E+000  0.39906001E+001
  0.97354868E+000  0.61939390E+000  0.87053307E+000  0.39909651E+001
  0.97369922E+000  0.61945606E+000  0.87060338E+000  0.39913349E+001
  0.97385045E+000  0.61951871E+000  0.87067558E+000  0.39917092E+001
  0.97400217E+000  0.61909048E+000  0.87124101E+000  0.39920875E+001
  0.97415419E+000  0.61915387E+000  0.87131715E+000  0.39924696E+001
  0.97430629E+000  0.61921756E+000  0.87139525E+000  0.39928552E+001
  0.97445827E+000  0.61928145E+000  0.87147532E+000  0.39932436E+001
  0.97460989E+000  0.61934547E+000  0.87155735E+000  0.39936347E+001
  0.97476093E+000  0.61940951E+000  0.87164130E+000  0.39940277E+001
  0.97491113E+000  0.61947346E+000  0.87172713E+000  0.39944223E+001
  0.97506025E+000  0.61953721E+000  0.87181478E+000  0.39948179E+001
  0.97520802E+000  0.61960063E+000  0.87190414E+000  0.39952139E+001
  0.97535417E+000  0.61966360E+000  0.87199513E+000  0.39956095E+001
  0.97549845E+000  0.61972598E+000  0.87208760E+000  0.39960042E+001
  0.97564057E+000  0.61978766E+000  0.87218139E+000  0.39963973E+001
  0.97578028E+000  0.61984849E+000  0.87227635E+000  0.39967880E+001
  0.97591730E+000  0.61990835E+000  0.87237227E+000  0.39971755E+001
  0.97152197E+000  0.62449654E+000  0.87246894E+000  0.39975592E+001
  0.97165322E+000  0.62455375E+000  0.87256615E+000  0.39979381E+001
  0.97178434E+000  0.62460637E+000  0.87266366E+000  0.39983115E+001
  0.97190360E+000  0.62466580E+000  0.87276122E+000  0.39986787E+001
  0.97186986E+000  0.62487289E+000  0.87285859E+000  0.39990388E+001
  0.97198633E+000  0.62492419E+000  0.87295552E+000  0.39993912E+001
  0.97209869E+000  0.62497381E+000  0.87305176E+000  0.39997350E+001
  0.97220683E+000  0.62502167E+000  0.87314706E+000  0.40000697E+001
  0.97231064E+000  0.62506773E+000  0.87324121E+000  0.40003945E+001
  0.97240533E+000  0.62511669E+000  0.87333398E+000  0.40007089E+001
  0.97250033E+000  0.62515905E+000  0.87342516E+000  0.40010123E+001
  0.97259089E+000  0.62519953E+000  0.87351459E+000  0.40013042E+001
  0.97267703E+000  0.62523812E+000  0.87360208E+000  0.40015842E+001
  0.97275877E+000  0.62527481E+000  0.87368750E+000  0.40018519E+001
  0.97283617E+000  0.62530963E+000  0.87377072E+000  0.40021069E+001
  0.97290929E+000  0.62534257E+000  0.87385166E+000  0.40023489E+001
  0.97297821E+000  0.62537368E+000  0.87393023E+000  0.40025778E+001
  0.97304302E+000  0.62540297E+000  0.87400637E+000  0.40027934E+001
  0.97310382E+000  0.62543048E+000  0.87408006E+000  0.40029955E+001
  0.97316072E+000  0.62545625E+000  0.87415127E+000  0.40031842E+001
  0.97321383E+000  0.62548030E+000  0.87422001E+000  0.40033594E+001
  0.97326323E+000  0.62550271E+000  0.87428630E+000  0.40035211E+001
  0.97330904E+000  0.62552352E+000  0.87435017E+000  0.40036696E+001
  0.97335138E+000  0.62554277E+000  0.87441168E+000  0.40038049E+001
  0.97339035E+000  0.62556051E+000  0.87447087E+000  0.40039273E+001
  0.97342606E+000  0.62557679E+000  0.87452781E+000  0.40040371E+001
  0.97345862E+000  0.62559167E+000  0.87458260E+000  0.40041345E+001
  0.97348813E+000  0.62560520E+000  0.87463529E+000  0.40042199E+001
  0.97351469E+000  0.62561744E+000  0.87468599E+000  0.40042937E+001
  0.97353841E+000  0.62559778E+000  0.87476544E+000  0.40043563E+001
  0.97355938E+000  0.62560760E+000  0.87481242E+000  0.40044082E+001
  0.97357770E+000  0.62561629E+000  0.87485768E+000  0.40044498E+001
  0.97359347E+000  0.62562390E+000  0.87490131E+000  0.40044815E+001
  0.97360679E+000  0.62563050E+000  0.87494340E+000  0.40045039E+001
  0.97361776E+000  0.62563613E+000  0.87498405E+000  0.40045175E+001
  0.97362647E+000  0.62564086E+000  0.87502332E+000  0.40045228E+001
  0.97363303E+000  0.62564473E+000  0.87506132E+000  0.40045201E+001
  0.97363753E+000  0.62564779E+000  0.87509811E+000  0.40045102E+001
  0.97364007E+000  0.62565010E+000  0.87513377E+000  0.40044933E+001
  0.97364076E+000  0.62565170E+000  0.87516837E+000  0.40044700E+001
  0.97363969E+000  0.62565264E+000  0.87520198E+000  0.40044407E+001
  0.97363698E+000  0.62565298E+000  0.87523465E+000  0.40044060E+001
  0.97363271E+000  0.62565275E+000  0.87526644E+000  0.40043662E+001
  0.97362701E+000  0.62565199E+000  0.87529742E+000  0.40043218E+001
  0.97361996E+000  0.62565076E+000  0.87532762E+000  0.40042732E+001
  0.97361168E+000  0.62564909E+000  0.87535709E+000  0.40042208E+001
  0.97360227E+000  0.62564701E+000  0.87538587E+000  0.40041650E+001
  0.97359183E+000  0.62564456E+000  0.87541401E+000  0.40041061E+001
  0.97358046E+000  0.62564178E+000  0.87544153E+000  0.40040447E+001
  0.97356826E+000  0.62563870E+000  0.87546847E+000  0.40039808E+001
  0.97355533E+000  0.62563534E+000  0.87549485E+000  0.40039151E+001
  0.97354175E+000  0.62563174E+000  0.87552070E+000  0.40038476E+001
  0.97352763E+000  0.62562791E+000  0.87554605E+000  0.40037788E+001
  0.97351305E+000  0.62562389E+000  0.87557090E+000  0.40037090E+001
  0.97349810E+000  0.62561969E+000  0.87559529E+000  0.40036383E+001
  0.97348285E+000  0.62561533E+000  0.87561922E+000  0.40035672E+001
  0.97346740E+000  0.62561083E+000  0.87564271E+000  0.40034958E+001
  0.97345181E+000  0.62560621E+000  0.87566578E+000  0.40034244E+001
  0.97343616E+000  0.62560149E+000  0.87568844E+000  0.40033531E+001
  0.97342052E+000  0.62562734E+000  0.87568004E+000  0.40032823E+001
  0.97340496E+000  0.62562247E+000  0.87570191E+000  0.40032121E+001
  0.97338955E+000  0.62561754E+000  0.87572341E+000  0.40031427E+001
  0.97337433E+000  0.62561257E+000  0.87574454E+000  0.40030742E+001
  0.97335938E+000  0.62560757E+000  0.87576532E+000  0.40030069E+001
  0.97334474E+000  0.62560257E+000  0.87578576E+000  0.40029409E+001
  0.97333046E+000  0.62559757E+000  0.87580587E+000  0.40028763E+001
  0.97331659E+000  0.62559260E+000  0.87582567E+000  0.40028133E+001
  0.97330317E+000  0.62558765E+000  0.87584517E+000  0.40027519E+001
  0.97329023E+000  0.62558275E+000  0.87586438E+000  0.40026922E+001
  0.97327781E+000  0.62557792E+000  0.87588331E+000  0.40026344E+001
  0.97326594E+000  0.62557316E+000  0.87590198E+000  0.40025785E+001
  0.97325463E+000  0.62556848E+000  0.87592041E+000  0.40025246E+001
  0.97324391E+000  0.62556390E+000  0.87593859E+000  0.40024727E+001
  0.97323380E+000  0.62555944E+000  0.87595654E+000  0.40024229E+001
  0.97322430E+000  0.62555509E+000  0.87597428E+000  0.40023751E+001
  0.97321542E+000  0.62555087E+000  0.87599182E+000  0.40023295E+001
  0.97320716E+000  0.62554680E+000  0.87600916E+000  0.40022859E+001
  0.97319953E+000  0.62554287E+000  0.87602632E+000  0.40022444E+001
  0.97319251E+000  0.62553910E+000  0.87604330E+000  0.40022049E+001
  0.97318609E+000  0.62553549E+000  0.87606011E+000  0.40021675E+001
  0.97318028E+000  0.62553205E+000  0.87607676E+000  0.40021322E+001
  0.97317505E+000  0.62552879E+000  0.87609325E+000  0.40020987E+001
  0.97317038E+000  0.62552570E+000  0.87610959E+000  0.40020672E+001
  0.97316626E+000  0.62552279E+000  0.87612579E+000  0.40020375E+001
  0.97316266E+000  0.62552007E+000  0.87614183E+000  0.40020097E+001
  0.97315957E+000  0.62551752E+000  0.87615774E+000  0.40019835E+001
  0.97315695E+000  0.62551517E+000  0.87617350E+000  0.40019591E+001
  0.97315478E+000  0.62551299E+000  0.87618911E+000  0.40019362E+001
  0.97315303E+000  0.62551099E+000  0.87620458E+000  0.40019148E+001
  0.97315169E+000  0.62550917E+000  0.87621991E+000  0.40018948E+001
  0.97315070E+000  0.62550752E+000  0.87623508E+000  0.40018763E+001
  0.97315006E+000  0.62550603E+000  0.87625009E+000  0.40018589E+001
  0.97314973E+000  0.62550471E+000  0.87626495E+000  0.40018428E+001
  0.97314967E+000  0.62550355E+000  0.87627964E+000  0.40018278E+001
  0.97314988E+000  0.62550253E+000  0.87629415E+000  0.40018139E+001
  0.97315030E+000  0.62550165E+000  0.87630849E+000  0.40018009E+001
  0.97315093E+000  0.62550091E+000  0.87632264E+000  0.40017887E+001
  0.97315173E+000  0.62550029E+000  0.87633659E+000  0.40017774E+001
  0.97315267E+000  0.62549979E+000  0.87635034E+000  0.40017669E+001
  0.97315375E+000  0.62549940E+000  0.87636387E+000  0.40017570E+001
  0.97315492E+000  0.62549911E+000  0.87637719E+000  0.40017477E+001
  0.97315618E+000  0.62549890E+000  0.87639027E+000  0.40017390E+001
  0.97315749E+000  0.62549878E+000  0.87640311E+000  0.40017308E+001
  0.97315885E+000  0.62549873E+000  0.87641570E+000  0.40017230E+001
  0.97316024E+000  0.62549874E+000  0.87642803E+000  0.40017156E+001
  0.97316165E+000  0.62549881E+000  0.87644009E+000  0.40017085E+001
  0.97316305E+000  0.62549893E+000  0.87645188E+000  0.40017017E+001
  0.97316445E+000  0.62549908E+000  0.87646338E+000  0.40016952E+001
  0.97316582E+000  0.62549927E+000  0.87647458E+000  0.40016890E+001
  0.97316717E+000  0.62549948E+000  0.87648548E+000  0.40016829E+001
  0.97316848E+000  0.62549971E+000  0.87649607E+000  0.40016770E+001
  0.97316976E+000  0.62549996E+000  0.87650634E+000  0.40016713E+001
  0.97317100E+000  0.62550021E+000  0.87651628E+000  0.40016657E+001
  0.97317220E+000  0.62550046E+000  0.87652589E+000  0.40016603E+001
  0.97317337E+000  0.62550072E+000  0.87653516E+000  0.40016550E+001
  0.97317450E+000  0.62550097E+000  0.87654407E+000  0.40016498E+001
  0.97317560E+000  0.62550121E+000  0.87655264E+000  0.40016447E+001
  0.97317668E+000  0.62550144E+000  0.87656084E+000  0.40016398E+001
  0.97317774E+000  0.62550166E+000  0.87656868E+000  0.40016350E+001
  0.97317880E+000  0.62550186E+000  0.87657614E+000  0.40016304E+001
  0.97317986E+000  0.62550206E+000  0.87658322E+000  0.40016260E+001
  0.97318094E+000  0.62550223E+000  0.87658992E+000  0.40016218E+001
  0.97318205E+000  0.62550240E+000  0.87659622E+000  0.40016178E+001
  0.97318320E+000  0.62550255E+000  0.87660211E+000  0.40016141E+001
  0.97318441E+000  0.62550269E+000  0.87660759E+000  0.40016106E+001
  0.97318569E+000  0.62550281E+000  0.87661264E+000  0.40016075E+001
  0.97318703E+000  0.62550291E+000  0.87661724E+000  0.40016046E+001
  0.97318845E+000  0.62550299E+000  0.87662137E+000  0.40016020E+001
  0.97318994E+000  0.62550303E+000  0.87662499E+000  0.40015998E+001
  0.97319148E+000  0.62550302E+000  0.87662806E+000  0.40015978E+001
  0.97319307E+000  0.62550296E+000  0.87663054E+000  0.40015960E+001
  0.97319473E+000  0.62550285E+000  0.87663239E+000  0.40015945E+001
  0.97319651E+000  0.62550270E+000  0.87663358E+000  0.40015934E+001
  0.97319855E+000  0.62550260E+000  0.87663412E+000  0.40015930E+001
  0.97320097E+000  0.62550261E+000  0.87663406E+000  0.40015936E+001
  0.97320383E+000  0.62550285E+000  0.87663342E+000  0.40015950E+001
  0.97320661E+000  0.62550300E+000  0.87663199E+000  0.40015962E+001
  0.97320811E+000  0.62550256E+000  0.87662912E+000  0.40015935E+001
  0.97320516E+000  0.62549953E+000  0.87662283E+000  0.40015816E+001
  0.97319707E+000  0.62549402E+000  0.87661178E+000  0.40015537E+001
  0.97318266E+000  0.62548430E+000  0.87659407E+000  0.40015260E+001
  0.97318400E+000  0.62545510E+000  0.87661932E+000  0.40015163E+001
