 -0.17162812E+000  0.12896463E+000  0.18736487E+001  0.46469403E+001
 -0.17186023E+000  0.12859087E+000  0.18704516E+001  0.46441440E+001
 -0.17204805E+000  0.12828365E+000  0.18677519E+001  0.46418780E+001
 -0.17219915E+000  0.12803484E+000  0.18654808E+001  0.46400249E+001
 -0.17231982E+000  0.12783541E+000  0.18635776E+001  0.46385058E+001
 -0.17241527E+000  0.12767740E+000  0.18621250E+001  0.46371253E+001
 -0.17248984E+000  0.12755345E+000  0.18609290E+001  0.46359847E+001
 -0.17254712E+000  0.12745770E+000  0.18599433E+001  0.46350531E+001
 -0.17259012E+000  0.12738528E+000  0.18591363E+001  0.46342976E+001
 -0.17262131E+000  0.12733216E+000  0.18584810E+001  0.46336906E+001
 -0.17264276E+000  0.12729533E+000  0.18579545E+001  0.46332093E+001
 -0.17265621E+000  0.12727186E+000  0.18575374E+001  0.46328348E+001
 -0.17266308E+000  0.12725932E+000  0.18572134E+001  0.46325513E+001
 -0.17266456E+000  0.12725574E+000  0.18569684E+001  0.46323456E+001
 -0.17266165E+000  0.12725949E+000  0.18567907E+001  0.46322065E+001
 -0.17265516E+000  0.12726923E+000  0.18566700E+001  0.46321251E+001
 -0.17264579E+000  0.12728385E+000  0.18565976E+001  0.46320938E+001
 -0.17263411E+000  0.12730245E+000  0.18565664E+001  0.46321057E+001
 -0.17262059E+000  0.12732426E+000  0.18565706E+001  0.46321554E+001
 -0.17260562E+000  0.12734869E+000  0.18566050E+001  0.46322379E+001
 -0.17258953E+000  0.12737522E+000  0.18566653E+001  0.46323493E+001
 -0.17257259E+000  0.12740343E+000  0.18567479E+001  0.46324862E+001
 -0.17255503E+000  0.12743298E+000  0.18568497E+001  0.46326458E+001
 -0.17253705E+000  0.12746357E+000  0.18569681E+001  0.46328256E+001
 -0.17251878E+000  0.12749496E+000  0.18571008E+001  0.46330237E+001
 -0.17250035E+000  0.12752696E+000  0.18572459E+001  0.46332383E+001
 -0.17248188E+000  0.12755938E+000  0.18574018E+001  0.46334679E+001
 -0.17246344E+000  0.12759209E+000  0.18575672E+001  0.46337114E+001
 -0.17244510E+000  0.12762495E+000  0.18577408E+001  0.46339678E+001
 -0.17242690E+000  0.12765787E+000  0.18579216E+001  0.46342360E+001
 -0.17240888E+000  0.12769076E+000  0.18581088E+001  0.46345154E+001
 -0.17239107E+000  0.12772354E+000  0.18583018E+001  0.46348053E+001
 -0.17237349E+000  0.12775615E+000  0.18584999E+001  0.46351051E+001
 -0.17235613E+000  0.12778854E+000  0.18587026E+001  0.46354142E+001
 -0.17233899E+000  0.12782066E+000  0.18589096E+001  0.46357323E+001
 -0.17232208E+000  0.12785249E+000  0.18591204E+001  0.46360588E+001
 -0.17230537E+000  0.12788400E+000  0.18593349E+001  0.46363934E+001
 -0.17228886E+000  0.12791518E+000  0.18595527E+001  0.46367356E+001
 -0.17227251E+000  0.12794600E+000  0.18597738E+001  0.46370852E+001
 -0.17225630E+000  0.12797647E+000  0.18599978E+001  0.46374418E+001
 -0.17224022E+000  0.12800659E+000  0.18602247E+001  0.46378050E+001
 -0.17222424E+000  0.12803635E+000  0.18604543E+001  0.46381745E+001
 -0.17220834E+000  0.12806577E+000  0.18606864E+001  0.46385498E+001
 -0.17219249E+000  0.12809484E+000  0.18609209E+001  0.46389307E+001
 -0.17217669E+000  0.12812357E+000  0.18611576E+001  0.46393167E+001
 -0.17216091E+000  0.12815197E+000  0.18613964E+001  0.46397075E+001
 -0.17214514E+000  0.12818004E+000  0.18616369E+001  0.46401025E+001
 -0.17212938E+000  0.12820777E+000  0.18618790E+001  0.46405013E+001
 -0.17211362E+000  0.12823516E+000  0.18621225E+001  0.46409035E+001
 -0.17209788E+000  0.12826220E+000  0.18623669E+001  0.46413084E+001
 -0.17208214E+000  0.12828888E+000  0.18626120E+001  0.46417154E+001
 -0.17206643E+000  0.12831516E+000  0.18628575E+001  0.46421240E+001
 -0.17205076E+000  0.12834105E+000  0.18631030E+001  0.46425335E+001
 -0.17203516E+000  0.12836649E+000  0.18633481E+001  0.46429430E+001
 -0.17201963E+000  0.12839147E+000  0.18635926E+001  0.46433519E+001
 -0.17200420E+000  0.12841595E+000  0.18638359E+001  0.46437594E+001
 -0.17198891E+000  0.12843989E+000  0.18640777E+001  0.46441646E+001
 -0.17197377E+000  0.12846325E+000  0.18643176E+001  0.46445665E+001
 -0.17195881E+000  0.12848601E+000  0.18645552E+001  0.46449643E+001
 -0.17194407E+000  0.12850812E+000  0.18647903E+001  0.46453570E+001
 -0.17192956E+000  0.12852955E+000  0.18650224E+001  0.46457436E+001
 -0.17191532E+000  0.12855027E+000  0.18652512E+001  0.46461232E+001
 -0.17190135E+000  0.12857027E+000  0.18654765E+001  0.46464949E+001
 -0.17188769E+000  0.12858952E+000  0.18656980E+001  0.46468575E+001
 -0.17187434E+000  0.12860800E+000  0.18659155E+001  0.46472102E+001
 -0.17186132E+000  0.12862573E+000  0.18661288E+001  0.46475521E+001
 -0.17184864E+000  0.12864269E+000  0.18663378E+001  0.46478823E+001
 -0.17183631E+000  0.12865891E+000  0.18665424E+001  0.46482000E+001
 -0.17182432E+000  0.12867438E+000  0.18667450E+001  0.46485019E+001
 -0.17181268E+000  0.12868915E+000  0.18669617E+001  0.46487712E+001
 -0.17180139E+000  0.12870322E+000  0.18671738E+001  0.46490259E+001
 -0.17179045E+000  0.12871663E+000  0.18673814E+001  0.46492654E+001
 -0.17177985E+000  0.12872942E+000  0.18675846E+001  0.46494893E+001
 -0.17176959E+000  0.12874161E+000  0.18677833E+001  0.46496972E+001
 -0.17175966E+000  0.12875324E+000  0.18679777E+001  0.46498887E+001
 -0.17175005E+000  0.12876435E+000  0.18681679E+001  0.46500636E+001
 -0.17174078E+000  0.12877496E+000  0.18683539E+001  0.46502219E+001
 -0.17173182E+000  0.12878512E+000  0.18685358E+001  0.46503634E+001
 -0.17172318E+000  0.12879483E+000  0.18687138E+001  0.46504881E+001
 -0.17171486E+000  0.12880414E+000  0.18688878E+001  0.46505963E+001
 -0.17170685E+000  0.12881307E+000  0.18690580E+001  0.46506882E+001
 -0.17169916E+000  0.12882162E+000  0.18692245E+001  0.46507639E+001
 -0.17169177E+000  0.12882983E+000  0.18693872E+001  0.46508239E+001
 -0.17168471E+000  0.12883771E+000  0.18695463E+001  0.46508685E+001
 -0.17167795E+000  0.12884527E+000  0.18697018E+001  0.46508983E+001
 -0.17167151E+000  0.12885252E+000  0.18698538E+001  0.46509138E+001
 -0.17166538E+000  0.12885947E+000  0.18700023E+001  0.46509155E+001
 -0.17165955E+000  0.12886614E+000  0.18701474E+001  0.46509041E+001
 -0.17165404E+000  0.12887253E+000  0.18702890E+001  0.46508801E+001
 -0.17164883E+000  0.12887865E+000  0.18704274E+001  0.46508443E+001
 -0.17164392E+000  0.12888451E+000  0.18705623E+001  0.46507974E+001
 -0.17163931E+000  0.12889011E+000  0.18706940E+001  0.46507399E+001
 -0.17163500E+000  0.12889548E+000  0.18708225E+001  0.46506726E+001
 -0.17163096E+000  0.12890060E+000  0.18709477E+001  0.46505961E+001
 -0.17162721E+000  0.12890550E+000  0.18710698E+001  0.46505112E+001
 -0.17162374E+000  0.12891018E+000  0.18711888E+001  0.46504185E+001
 -0.17162052E+000  0.12891465E+000  0.18713046E+001  0.46503186E+001
 -0.17161757E+000  0.12891892E+000  0.18714174E+001  0.46502121E+001
 -0.17161485E+000  0.12892299E+000  0.18715272E+001  0.46500998E+001
 -0.17161238E+000  0.12892689E+000  0.18716341E+001  0.46499821E+001
 -0.17161013E+000  0.12893061E+000  0.18717381E+001  0.46498596E+001
 -0.17160809E+000  0.12893417E+000  0.18718393E+001  0.46497330E+001
 -0.17160626E+000  0.12893757E+000  0.18719377E+001  0.46496027E+001
 -0.17160463E+000  0.12894083E+000  0.18720333E+001  0.46494692E+001
 -0.17160318E+000  0.12894395E+000  0.18721264E+001  0.46493330E+001
 -0.17160190E+000  0.12894694E+000  0.18722169E+001  0.46491947E+001
 -0.17160078E+000  0.12894981E+000  0.18723050E+001  0.46490545E+001
 -0.17159981E+000  0.12895257E+000  0.18723906E+001  0.46489130E+001
 -0.17159899E+000  0.12895521E+000  0.18724739E+001  0.46487705E+001
 -0.17159830E+000  0.12895775E+000  0.18725550E+001  0.46486275E+001
 -0.17159774E+000  0.12896019E+000  0.18726339E+001  0.46484842E+001
 -0.17159728E+000  0.12896253E+000  0.18727107E+001  0.46483410E+001
 -0.17159694E+000  0.12896477E+000  0.18727855E+001  0.46481982E+001
 -0.17159669E+000  0.12896693E+000  0.18728584E+001  0.46480560E+001
 -0.17159653E+000  0.12896900E+000  0.18729295E+001  0.46479149E+001
 -0.17159645E+000  0.12897099E+000  0.18729988E+001  0.46477749E+001
 -0.17159645E+000  0.12897290E+000  0.18730664E+001  0.46476364E+001
 -0.17159651E+000  0.12897472E+000  0.18731324E+001  0.46474996E+001
 -0.17159663E+000  0.12897647E+000  0.18731970E+001  0.46473647E+001
 -0.17159680E+000  0.12897815E+000  0.18732601E+001  0.46472318E+001
 -0.17159701E+000  0.12897975E+000  0.18733218E+001  0.46471012E+001
 -0.17159726E+000  0.12898129E+000  0.18733823E+001  0.46469730E+001
 -0.17159754E+000  0.12898276E+000  0.18734415E+001  0.46468473E+001
 -0.17159784E+000  0.12898416E+000  0.18734997E+001  0.46467243E+001
 -0.17159816E+000  0.12898550E+000  0.18735567E+001  0.46466042E+001
 -0.17159848E+000  0.12898678E+000  0.18736127E+001  0.46464869E+001
 -0.17159881E+000  0.12898801E+000  0.18736678E+001  0.46463727E+001
 -0.17159914E+000  0.12898919E+000  0.18737220E+001  0.46462615E+001
 -0.17159946E+000  0.12899031E+000  0.18737753E+001  0.46461536E+001
 -0.17159976E+000  0.12899139E+000  0.18738278E+001  0.46460488E+001
 -0.17160005E+000  0.12899243E+000  0.18738794E+001  0.46459474E+001
 -0.17160031E+000  0.12899343E+000  0.18739304E+001  0.46458493E+001
 -0.17160055E+000  0.12899439E+000  0.18739806E+001  0.46457545E+001
 -0.17160076E+000  0.12899532E+000  0.18740300E+001  0.46456631E+001
 -0.17160093E+000  0.12899622E+000  0.18740788E+001  0.46455750E+001
 -0.17160107E+000  0.12899710E+000  0.18741268E+001  0.46454903E+001
 -0.17160118E+000  0.12899795E+000  0.18741742E+001  0.46454089E+001
 -0.17160124E+000  0.12899878E+000  0.18742209E+001  0.46453309E+001
 -0.17160126E+000  0.12899959E+000  0.18742669E+001  0.46452561E+001
 -0.17160124E+000  0.12900040E+000  0.18743122E+001  0.46451845E+001
 -0.17160117E+000  0.12900119E+000  0.18743568E+001  0.46451162E+001
 -0.17160107E+000  0.12900197E+000  0.18744007E+001  0.46450509E+001
 -0.17160091E+000  0.12900275E+000  0.18744438E+001  0.46449887E+001
 -0.17160072E+000  0.12900353E+000  0.18744863E+001  0.46449294E+001
 -0.17160048E+000  0.12900430E+000  0.18745280E+001  0.46448730E+001
 -0.17160020E+000  0.12900508E+000  0.18745689E+001  0.46448193E+001
 -0.17159988E+000  0.12900585E+000  0.18746091E+001  0.46447684E+001
 -0.17159953E+000  0.12900664E+000  0.18746485E+001  0.46447201E+001
 -0.17159913E+000  0.12900742E+000  0.18746871E+001  0.46446742E+001
 -0.17159870E+000  0.12900822E+000  0.18747250E+001  0.46446307E+001
 -0.17159824E+000  0.12900902E+000  0.18747620E+001  0.46445895E+001
 -0.17159775E+000  0.12900983E+000  0.18747982E+001  0.46445504E+001
 -0.17159723E+000  0.12901064E+000  0.18748337E+001  0.46445134E+001
 -0.17159669E+000  0.12901146E+000  0.18748683E+001  0.46444784E+001
 -0.17159613E+000  0.12901229E+000  0.18749020E+001  0.46444451E+001
 -0.17159554E+000  0.12901313E+000  0.18749350E+001  0.46444136E+001
 -0.17159495E+000  0.12901397E+000  0.18749671E+001  0.46443837E+001
 -0.17159434E+000  0.12901481E+000  0.18749983E+001  0.46443553E+001
 -0.17159372E+000  0.12901566E+000  0.18750288E+001  0.46443283E+001
 -0.17159310E+000  0.12901650E+000  0.18750584E+001  0.46443027E+001
 -0.17159247E+000  0.12901735E+000  0.18750871E+001  0.46442782E+001
 -0.17159185E+000  0.12901819E+000  0.18751150E+001  0.46442550E+001
 -0.17159123E+000  0.12901903E+000  0.18751421E+001  0.46442328E+001
 -0.17159061E+000  0.12901987E+000  0.18751683E+001  0.46442116E+001
 -0.17159001E+000  0.12902069E+000  0.18751936E+001  0.46441914E+001
 -0.17158943E+000  0.12902151E+000  0.18752181E+001  0.46441720E+001
 -0.17158886E+000  0.12902231E+000  0.18752418E+001  0.46441535E+001
 -0.17158831E+000  0.12902309E+000  0.18752646E+001  0.46441358E+001
 -0.17158778E+000  0.12902386E+000  0.18752864E+001  0.46441188E+001
 -0.17158728E+000  0.12902460E+000  0.18753074E+001  0.46441027E+001
 -0.17158680E+000  0.12902532E+000  0.18753275E+001  0.46440872E+001
 -0.17158636E+000  0.12902602E+000  0.18753467E+001  0.46440725E+001
 -0.17158595E+000  0.12902668E+000  0.18753649E+001  0.46440586E+001
 -0.17158558E+000  0.12902732E+000  0.18753822E+001  0.46440454E+001
 -0.17158525E+000  0.12902792E+000  0.18753985E+001  0.46440331E+001
 -0.17158496E+000  0.12902848E+000  0.18754137E+001  0.46440216E+001
 -0.17158471E+000  0.12902900E+000  0.18754279E+001  0.46440110E+001
 -0.17158451E+000  0.12902948E+000  0.18754410E+001  0.46440013E+001
 -0.17158435E+000  0.12902991E+000  0.18754530E+001  0.46439927E+001
 -0.17158424E+000  0.12903029E+000  0.18754637E+001  0.46439852E+001
 -0.17158419E+000  0.12903062E+000  0.18754731E+001  0.46439790E+001
 -0.17158419E+000  0.12903089E+000  0.18754813E+001  0.46439741E+001
 -0.17158425E+000  0.12903110E+000  0.18754879E+001  0.46439706E+001
 -0.17158437E+000  0.12903125E+000  0.18754930E+001  0.46439687E+001
 -0.17158455E+000  0.12903131E+000  0.18754965E+001  0.46439686E+001
 -0.17158481E+000  0.12903130E+000  0.18754981E+001  0.46439703E+001
 -0.17158515E+000  0.12903118E+000  0.18754977E+001  0.46439741E+001
 -0.17158559E+000  0.12903096E+000  0.18754951E+001  0.46439799E+001
 -0.17158612E+000  0.12903061E+000  0.18754900E+001  0.46439881E+001
 -0.17158675E+000  0.12903013E+000  0.18754824E+001  0.46439988E+001
 -0.17158744E+000  0.12902954E+000  0.18754719E+001  0.46440123E+001
 -0.17158817E+000  0.12902889E+000  0.18754588E+001  0.46440289E+001
 -0.17158886E+000  0.12902825E+000  0.18754430E+001  0.46440489E+001
 -0.17158952E+000  0.12902767E+000  0.18754245E+001  0.46440725E+001
 -0.17159031E+000  0.12902695E+000  0.18754019E+001  0.46440994E+001
 -0.17159177E+000  0.12902550E+000  0.18753723E+001  0.46441274E+001
 -0.17159476E+000  0.12902203E+000  0.18753280E+001  0.46441540E+001
 -0.17159957E+000  0.12901598E+000  0.18752656E+001  0.46441746E+001
 -0.17160467E+000  0.12900824E+000  0.18751835E+001  0.46442000E+001
 -0.17160898E+000  0.12900368E+000  0.18751387E+001  0.46442414E+001
