  0.16717354E+001
  0.16701619E+001
  0.16688577E+001
  0.16677751E+001
  0.16668775E+001
  0.16661354E+001
  0.16655242E+001
  0.16650236E+001
  0.16646165E+001
  0.16642885E+001
  0.16640275E+001
  0.16638234E+001
  0.16636677E+001
  0.16635532E+001
  0.16634737E+001
  0.16634243E+001
  0.16634006E+001
  0.16633989E+001
  0.16634162E+001
  0.16634499E+001
  0.16634979E+001
  0.16635582E+001
  0.16636293E+001
  0.16637100E+001
  0.16637989E+001
  0.16638954E+001
  0.16639984E+001
  0.16641073E+001
  0.16642216E+001
  0.16643408E+001
  0.16644644E+001
  0.16645920E+001
  0.16647234E+001
  0.16648583E+001
  0.16649965E+001
  0.16651377E+001
  0.16652818E+001
  0.16654286E+001
  0.16655779E+001
  0.16657297E+001
  0.16658839E+001
  0.16660402E+001
  0.16661985E+001
  0.16663588E+001
  0.16665208E+001
  0.16666844E+001
  0.16668495E+001
  0.16670159E+001
  0.16671833E+001
  0.16673516E+001
  0.16675206E+001
  0.16676899E+001
  0.16678594E+001
  0.16680287E+001
  0.16681975E+001
  0.16683656E+001
  0.16685326E+001
  0.16686982E+001
  0.16688621E+001
  0.16690239E+001
  0.16691832E+001
  0.16693399E+001
  0.16694935E+001
  0.16696437E+001
  0.16697903E+001
  0.16699329E+001
  0.16700714E+001
  0.16702054E+001
  0.16703349E+001
  0.16704596E+001
  0.16705793E+001
  0.16706940E+001
  0.16708035E+001
  0.16709077E+001
  0.16710067E+001
  0.16711004E+001
  0.16711887E+001
  0.16712718E+001
  0.16713495E+001
  0.16714221E+001
  0.16714896E+001
  0.16715520E+001
  0.16716095E+001
  0.16716623E+001
  0.16717103E+001
  0.16717538E+001
  0.16717930E+001
  0.16718280E+001
  0.16718590E+001
  0.16718861E+001
  0.16719096E+001
  0.16719295E+001
  0.16719462E+001
  0.16719598E+001
  0.16719703E+001
  0.16719782E+001
  0.16719834E+001
  0.16719862E+001
  0.16719867E+001
  0.16719852E+001
  0.16719817E+001
  0.16719764E+001
  0.16719694E+001
  0.16719610E+001
  0.16719512E+001
  0.16719402E+001
  0.16719281E+001
  0.16719151E+001
  0.16719012E+001
  0.16718865E+001
  0.16718712E+001
  0.16718554E+001
  0.16718392E+001
  0.16718227E+001
  0.16718059E+001
  0.16717889E+001
  0.16717718E+001
  0.16717548E+001
  0.16717378E+001
  0.16717209E+001
  0.16717043E+001
  0.16716879E+001
  0.16716717E+001
  0.16716560E+001
  0.16716407E+001
  0.16716258E+001
  0.16716114E+001
  0.16715975E+001
  0.16715842E+001
  0.16715714E+001
  0.16715593E+001
  0.16715478E+001
  0.16715369E+001
  0.16715266E+001
  0.16715171E+001
  0.16715081E+001
  0.16714998E+001
  0.16714921E+001
  0.16714851E+001
  0.16714787E+001
  0.16714729E+001
  0.16714677E+001
  0.16714631E+001
  0.16714590E+001
  0.16714555E+001
  0.16714525E+001
  0.16714499E+001
  0.16714478E+001
  0.16714461E+001
  0.16714448E+001
  0.16714439E+001
  0.16714434E+001
  0.16714431E+001
  0.16714431E+001
  0.16714434E+001
  0.16714439E+001
  0.16714446E+001
  0.16714455E+001
  0.16714465E+001
  0.16714476E+001
  0.16714489E+001
  0.16714502E+001
  0.16714516E+001
  0.16714530E+001
  0.16714544E+001
  0.16714559E+001
  0.16714573E+001
  0.16714587E+001
  0.16714601E+001
  0.16714615E+001
  0.16714628E+001
  0.16714640E+001
  0.16714652E+001
  0.16714664E+001
  0.16714674E+001
  0.16714685E+001
  0.16714695E+001
  0.16714704E+001
  0.16714713E+001
  0.16714721E+001
  0.16714730E+001
  0.16714738E+001
  0.16714746E+001
  0.16714753E+001
  0.16714761E+001
  0.16714769E+001
  0.16714776E+001
  0.16714782E+001
  0.16714788E+001
  0.16714793E+001
  0.16714798E+001
  0.16714804E+001
  0.16714812E+001
  0.16714821E+001
  0.16714828E+001
  0.16714819E+001
  0.16714765E+001
  0.16714645E+001
  0.16714484E+001
  0.16714463E+001
