  0.59872153E+000
  0.59880149E+000
  0.59881929E+000
  0.59880317E+000
  0.59876549E+000
  0.59871346E+000
  0.59865619E+000
  0.59859633E+000
  0.59853565E+000
  0.59847538E+000
  0.59841518E+000
  0.59835470E+000
  0.59829719E+000
  0.59824318E+000
  0.59819234E+000
  0.59814443E+000
  0.59809927E+000
  0.59805672E+000
  0.59801663E+000
  0.59797889E+000
  0.59794337E+000
  0.59790994E+000
  0.59787851E+000
  0.59784895E+000
  0.59782116E+000
  0.59779505E+000
  0.59777051E+000
  0.59774747E+000
  0.59772584E+000
  0.59770553E+000
  0.59768649E+000
  0.59766863E+000
  0.59765189E+000
  0.59763622E+000
  0.59762154E+000
  0.59760780E+000
  0.59759493E+000
  0.59758289E+000
  0.59757161E+000
  0.59756105E+000
  0.59755114E+000
  0.59754183E+000
  0.59753307E+000
  0.59752482E+000
  0.59751701E+000
  0.59750962E+000
  0.59750260E+000
  0.59749592E+000
  0.59748953E+000
  0.59748342E+000
  0.59747756E+000
  0.59747193E+000
  0.59746652E+000
  0.59746130E+000
  0.59745628E+000
  0.59745144E+000
  0.59744677E+000
  0.59744228E+000
  0.59743796E+000
  0.59743380E+000
  0.59742981E+000
  0.59742597E+000
  0.59742229E+000
  0.59741875E+000
  0.59741537E+000
  0.59741212E+000
  0.59740901E+000
  0.59740602E+000
  0.59740316E+000
  0.59740042E+000
  0.59739779E+000
  0.59739526E+000
  0.59739284E+000
  0.59739052E+000
  0.59738830E+000
  0.59738618E+000
  0.59738416E+000
  0.59738224E+000
  0.59738043E+000
  0.59737872E+000
  0.59737713E+000
  0.59737564E+000
  0.59737428E+000
  0.59737303E+000
  0.59737190E+000
  0.59737089E+000
  0.59737000E+000
  0.59736924E+000
  0.59736860E+000
  0.59736807E+000
  0.59736766E+000
  0.59736737E+000
  0.59736718E+000
  0.59736710E+000
  0.59736711E+000
  0.59736722E+000
  0.59736742E+000
  0.59736770E+000
  0.59736805E+000
  0.59736847E+000
  0.59736896E+000
  0.59736950E+000
  0.59737009E+000
  0.59737072E+000
  0.59737140E+000
  0.59737211E+000
  0.59737285E+000
  0.59737361E+000
  0.59737439E+000
  0.59737519E+000
  0.59737600E+000
  0.59737682E+000
  0.59737764E+000
  0.59737846E+000
  0.59737928E+000
  0.59738010E+000
  0.59738091E+000
  0.59738171E+000
  0.59738249E+000
  0.59738326E+000
  0.59738402E+000
  0.59738475E+000
  0.59738546E+000
  0.59738615E+000
  0.59738681E+000
  0.59738745E+000
  0.59738806E+000
  0.59738864E+000
  0.59738919E+000
  0.59738972E+000
  0.59739021E+000
  0.59739067E+000
  0.59739110E+000
  0.59739149E+000
  0.59739186E+000
  0.59739219E+000
  0.59739250E+000
  0.59739277E+000
  0.59739301E+000
  0.59739323E+000
  0.59739341E+000
  0.59739357E+000
  0.59739370E+000
  0.59739381E+000
  0.59739389E+000
  0.59739395E+000
  0.59739399E+000
  0.59739400E+000
  0.59739400E+000
  0.59739398E+000
  0.59739394E+000
  0.59739389E+000
  0.59739382E+000
  0.59739374E+000
  0.59739365E+000
  0.59739355E+000
  0.59739343E+000
  0.59739331E+000
  0.59739319E+000
  0.59739305E+000
  0.59739291E+000
  0.59739277E+000
  0.59739262E+000
  0.59739247E+000
  0.59739231E+000
  0.59739216E+000
  0.59739200E+000
  0.59739184E+000
  0.59739168E+000
  0.59739152E+000
  0.59739136E+000
  0.59739120E+000
  0.59739103E+000
  0.59739087E+000
  0.59739071E+000
  0.59739054E+000
  0.59739038E+000
  0.59739021E+000
  0.59739004E+000
  0.59738987E+000
  0.59738970E+000
  0.59738953E+000
  0.59738935E+000
  0.59738917E+000
  0.59738899E+000
  0.59738882E+000
  0.59738864E+000
  0.59738847E+000
  0.59738830E+000
  0.59738813E+000
  0.59738794E+000
  0.59738772E+000
  0.59738745E+000
  0.59738715E+000
  0.59738692E+000
  0.59738705E+000
  0.59738768E+000
  0.59738860E+000
  0.59739020E+000
  0.59740596E+000
