  0.18786122E+001
  0.18951472E+001
  0.18970316E+001
  0.18958648E+001
  0.18940597E+001
  0.18922114E+001
  0.18904440E+001
  0.18888274E+001
  0.18873874E+001
  0.18861366E+001
  0.18850469E+001
  0.18840796E+001
  0.18832105E+001
  0.18824282E+001
  0.18817296E+001
  0.18811090E+001
  0.18805600E+001
  0.18800758E+001
  0.18796494E+001
  0.18792745E+001
  0.18789450E+001
  0.18786554E+001
  0.18784008E+001
  0.18781765E+001
  0.18779787E+001
  0.18778039E+001
  0.18776490E+001
  0.18775113E+001
  0.18773883E+001
  0.18772780E+001
  0.18771785E+001
  0.18770882E+001
  0.18770056E+001
  0.18769296E+001
  0.18768590E+001
  0.18767929E+001
  0.18767304E+001
  0.18766709E+001
  0.18766138E+001
  0.18765585E+001
  0.18765047E+001
  0.18764520E+001
  0.18764002E+001
  0.18763489E+001
  0.18762983E+001
  0.18762480E+001
  0.18761981E+001
  0.18761486E+001
  0.18760994E+001
  0.18760507E+001
  0.18760026E+001
  0.18759550E+001
  0.18759082E+001
  0.18758622E+001
  0.18758171E+001
  0.18757731E+001
  0.18757303E+001
  0.18756887E+001
  0.18756486E+001
  0.18756099E+001
  0.18755728E+001
  0.18755373E+001
  0.18755035E+001
  0.18754713E+001
  0.18754409E+001
  0.18754122E+001
  0.18753851E+001
  0.18753597E+001
  0.18753360E+001
  0.18753138E+001
  0.18752931E+001
  0.18752740E+001
  0.18752562E+001
  0.18752398E+001
  0.18752248E+001
  0.18752110E+001
  0.18751985E+001
  0.18751873E+001
  0.18751772E+001
  0.18751683E+001
  0.18751606E+001
  0.18751540E+001
  0.18751485E+001
  0.18751441E+001
  0.18751408E+001
  0.18751385E+001
  0.18751372E+001
  0.18751370E+001
  0.18751377E+001
  0.18751394E+001
  0.18751419E+001
  0.18751454E+001
  0.18751496E+001
  0.18751547E+001
  0.18751605E+001
  0.18751671E+001
  0.18751743E+001
  0.18751821E+001
  0.18751906E+001
  0.18751995E+001
  0.18752090E+001
  0.18752189E+001
  0.18752293E+001
  0.18752400E+001
  0.18752510E+001
  0.18752624E+001
  0.18752740E+001
  0.18752859E+001
  0.18752979E+001
  0.18753102E+001
  0.18753226E+001
  0.18753351E+001
  0.18753477E+001
  0.18753605E+001
  0.18753733E+001
  0.18753861E+001
  0.18753991E+001
  0.18754120E+001
  0.18754249E+001
  0.18754378E+001
  0.18754507E+001
  0.18754636E+001
  0.18754765E+001
  0.18754892E+001
  0.18755020E+001
  0.18755146E+001
  0.18755272E+001
  0.18755397E+001
  0.18755521E+001
  0.18755644E+001
  0.18755767E+001
  0.18755888E+001
  0.18756008E+001
  0.18756128E+001
  0.18756246E+001
  0.18756363E+001
  0.18756479E+001
  0.18756595E+001
  0.18756709E+001
  0.18756823E+001
  0.18756935E+001
  0.18757047E+001
  0.18757158E+001
  0.18757269E+001
  0.18757378E+001
  0.18757487E+001
  0.18757596E+001
  0.18757703E+001
  0.18757811E+001
  0.18757918E+001
  0.18758024E+001
  0.18758131E+001
  0.18758237E+001
  0.18758343E+001
  0.18758448E+001
  0.18758554E+001
  0.18758659E+001
  0.18758765E+001
  0.18758871E+001
  0.18758976E+001
  0.18759082E+001
  0.18759189E+001
  0.18759295E+001
  0.18759401E+001
  0.18759508E+001
  0.18759616E+001
  0.18759723E+001
  0.18759831E+001
  0.18759939E+001
  0.18760048E+001
  0.18760157E+001
  0.18760267E+001
  0.18760377E+001
  0.18760488E+001
  0.18760599E+001
  0.18760710E+001
  0.18760822E+001
  0.18760935E+001
  0.18761048E+001
  0.18761161E+001
  0.18761275E+001
  0.18761389E+001
  0.18761504E+001
  0.18761619E+001
  0.18761734E+001
  0.18761850E+001
  0.18761966E+001
  0.18762083E+001
  0.18762201E+001
  0.18762320E+001
  0.18762437E+001
  0.18762552E+001
  0.18762661E+001
  0.18762764E+001
  0.18762865E+001
  0.18762989E+001
  0.18763170E+001
  0.18763414E+001
  0.18763675E+001
  0.18764083E+001
