  0.69081697E+000  0.85036405E+000  0.10147924E+001  0.20378334E+001
  0.69072338E+000  0.85017544E+000  0.10142550E+001  0.20368194E+001
  0.69062713E+000  0.85002519E+000  0.10138292E+001  0.20360435E+001
  0.69053621E+000  0.84990447E+000  0.10134759E+001  0.20354086E+001
  0.69045422E+000  0.84980547E+000  0.10131801E+001  0.20348774E+001
  0.69038240E+000  0.84972398E+000  0.10129432E+001  0.20344172E+001
  0.69032069E+000  0.84965554E+000  0.10127442E+001  0.20340265E+001
  0.69026837E+000  0.84959746E+000  0.10125767E+001  0.20336942E+001
  0.69022445E+000  0.84954784E+000  0.10124359E+001  0.20334124E+001
  0.69018785E+000  0.84950461E+000  0.10123175E+001  0.20331733E+001
  0.69015755E+000  0.84946746E+000  0.10122183E+001  0.20329712E+001
  0.69013264E+000  0.84943563E+000  0.10121353E+001  0.20328007E+001
  0.69011230E+000  0.84940822E+000  0.10120660E+001  0.20326569E+001
  0.69009583E+000  0.84938457E+000  0.10120084E+001  0.20325359E+001
  0.69008263E+000  0.84936413E+000  0.10119607E+001  0.20324342E+001
  0.69007219E+000  0.84934648E+000  0.10119214E+001  0.20323490E+001
  0.69006407E+000  0.84933126E+000  0.10118892E+001  0.20322778E+001
  0.69005790E+000  0.84931816E+000  0.10118631E+001  0.20322187E+001
  0.69005338E+000  0.84930692E+000  0.10118421E+001  0.20321698E+001
  0.69005024E+000  0.84929732E+000  0.10118255E+001  0.20321296E+001
  0.69004826E+000  0.84928919E+000  0.10118125E+001  0.20320969E+001
  0.69004725E+000  0.84928235E+000  0.10118027E+001  0.20320707E+001
  0.69004705E+000  0.84927667E+000  0.10117954E+001  0.20320499E+001
  0.69004752E+000  0.84927202E+000  0.10117903E+001  0.20320339E+001
  0.69004855E+000  0.84926829E+000  0.10117870E+001  0.20320219E+001
  0.69005004E+000  0.84926538E+000  0.10117851E+001  0.20320135E+001
  0.69005190E+000  0.84926319E+000  0.10117845E+001  0.20320080E+001
  0.69005406E+000  0.84926166E+000  0.10117848E+001  0.20320051E+001
  0.69005647E+000  0.84926069E+000  0.10117860E+001  0.20320044E+001
  0.69005907E+000  0.84926021E+000  0.10117878E+001  0.20320056E+001
  0.69006182E+000  0.84926017E+000  0.10117901E+001  0.20320085E+001
  0.69006469E+000  0.84926049E+000  0.10117928E+001  0.20320129E+001
  0.69006765E+000  0.84926113E+000  0.10117959E+001  0.20320184E+001
  0.69007067E+000  0.84926204E+000  0.10117992E+001  0.20320250E+001
  0.69007373E+000  0.84926316E+000  0.10118028E+001  0.20320325E+001
  0.69007682E+000  0.84926447E+000  0.10118065E+001  0.20320408E+001
  0.69007993E+000  0.84926592E+000  0.10118105E+001  0.20320498E+001
  0.69008305E+000  0.84926749E+000  0.10118145E+001  0.20320594E+001
  0.69008618E+000  0.84926915E+000  0.10118188E+001  0.20320696E+001
  0.69008930E+000  0.84927087E+000  0.10118232E+001  0.20320802E+001
  0.69009241E+000  0.84927264E+000  0.10118278E+001  0.20320913E+001
  0.69009553E+000  0.84927445E+000  0.10118325E+001  0.20321028E+001
  0.69009864E+000  0.84927628E+000  0.10118374E+001  0.20321148E+001
  0.69010174E+000  0.84927813E+000  0.10118424E+001  0.20321271E+001
  0.69010484E+000  0.84927998E+000  0.10118477E+001  0.20321399E+001
  0.69010793E+000  0.84928184E+000  0.10118530E+001  0.20321531E+001
  0.69011102E+000  0.84928370E+000  0.10118586E+001  0.20321668E+001
  0.69011411E+000  0.84928556E+000  0.10118643E+001  0.20321809E+001
  0.69011720E+000  0.84928742E+000  0.10118702E+001  0.20321954E+001
  0.69012028E+000  0.84928928E+000  0.10118763E+001  0.20322105E+001
  0.69012335E+000  0.84929112E+000  0.10118825E+001  0.20322261E+001
  0.69012642E+000  0.84929296E+000  0.10118888E+001  0.20322422E+001
  0.69012948E+000  0.84929478E+000  0.10118953E+001  0.20322588E+001
  0.69013253E+000  0.84929659E+000  0.10119020E+001  0.20322759E+001
  0.69013556E+000  0.84929837E+000  0.10119087E+001  0.20322936E+001
  0.69013857E+000  0.84930014E+000  0.10119156E+001  0.20323117E+001
  0.69014156E+000  0.84930187E+000  0.10119227E+001  0.20323304E+001
  0.69014452E+000  0.84930356E+000  0.10119298E+001  0.20323496E+001
  0.69014745E+000  0.84930521E+000  0.10119371E+001  0.20323693E+001
  0.69015035E+000  0.84930681E+000  0.10119444E+001  0.20323893E+001
  0.69015321E+000  0.84930836E+000  0.10119518E+001  0.20324099E+001
  0.69015603E+000  0.84930985E+000  0.10119593E+001  0.20324307E+001
  0.69015880E+000  0.84931127E+000  0.10119669E+001  0.20324520E+001
  0.69016154E+000  0.84931262E+000  0.10119745E+001  0.20324736E+001
  0.69016422E+000  0.84931389E+000  0.10119821E+001  0.20324954E+001
  0.69016686E+000  0.84931509E+000  0.10119898E+001  0.20325175E+001
  0.69016946E+000  0.84931621E+000  0.10119976E+001  0.20325398E+001
  0.69017201E+000  0.84931724E+000  0.10120053E+001  0.20325623E+001
  0.69017451E+000  0.84931821E+000  0.10120133E+001  0.20325848E+001
  0.69017698E+000  0.84931910E+000  0.10120229E+001  0.20326057E+001
  0.69017940E+000  0.84931992E+000  0.10120325E+001  0.20326268E+001
  0.69018179E+000  0.84932067E+000  0.10120421E+001  0.20326479E+001
  0.69018415E+000  0.84932137E+000  0.10120517E+001  0.20326692E+001
  0.69018647E+000  0.84932203E+000  0.10120613E+001  0.20326905E+001
  0.69018877E+000  0.84932264E+000  0.10120709E+001  0.20327119E+001
  0.69019105E+000  0.84932323E+000  0.10120805E+001  0.20327334E+001
  0.69019330E+000  0.84932379E+000  0.10120900E+001  0.20327549E+001
  0.69019554E+000  0.84932435E+000  0.10120996E+001  0.20327765E+001
  0.69019776E+000  0.84932491E+000  0.10121091E+001  0.20327982E+001
  0.69019997E+000  0.84932547E+000  0.10121187E+001  0.20328199E+001
  0.69020217E+000  0.84932606E+000  0.10121282E+001  0.20328418E+001
  0.69020435E+000  0.84932668E+000  0.10121377E+001  0.20328637E+001
  0.69020653E+000  0.84932733E+000  0.10121472E+001  0.20328856E+001
  0.69020869E+000  0.84932803E+000  0.10121566E+001  0.20329077E+001
  0.69021084E+000  0.84932877E+000  0.10121661E+001  0.20329299E+001
  0.69021298E+000  0.84932958E+000  0.10121755E+001  0.20329521E+001
  0.69021511E+000  0.84933044E+000  0.10121848E+001  0.20329745E+001
  0.69021723E+000  0.84933137E+000  0.10121942E+001  0.20329969E+001
  0.69021932E+000  0.84933237E+000  0.10122035E+001  0.20330195E+001
  0.69022140E+000  0.84933345E+000  0.10122127E+001  0.20330421E+001
  0.69022347E+000  0.84933459E+000  0.10122219E+001  0.20330649E+001
  0.69022551E+000  0.84933582E+000  0.10122310E+001  0.20330877E+001
  0.69022752E+000  0.84933712E+000  0.10122401E+001  0.20331106E+001
  0.69022951E+000  0.84933850E+000  0.10122491E+001  0.20331337E+001
  0.69023147E+000  0.84933996E+000  0.10122581E+001  0.20331568E+001
  0.69023340E+000  0.84934149E+000  0.10122669E+001  0.20331801E+001
  0.69023530E+000  0.84934310E+000  0.10122757E+001  0.20332034E+001
  0.69023716E+000  0.84934479E+000  0.10122844E+001  0.20332268E+001
  0.69023899E+000  0.84934655E+000  0.10122930E+001  0.20332503E+001
  0.69024077E+000  0.84934837E+000  0.10123014E+001  0.20332738E+001
  0.69024251E+000  0.84935027E+000  0.10123098E+001  0.20332975E+001
  0.69024421E+000  0.84935223E+000  0.10123181E+001  0.20333212E+001
  0.69024586E+000  0.84935425E+000  0.10123263E+001  0.20333449E+001
  0.69024746E+000  0.84935632E+000  0.10123343E+001  0.20333687E+001
  0.69024901E+000  0.84935845E+000  0.10123422E+001  0.20333926E+001
  0.69025051E+000  0.84936062E+000  0.10123501E+001  0.20334166E+001
  0.69025196E+000  0.84936283E+000  0.10123577E+001  0.20334405E+001
  0.69025335E+000  0.84936508E+000  0.10123653E+001  0.20334646E+001
  0.69025469E+000  0.84936737E+000  0.10123728E+001  0.20334886E+001
  0.69025597E+000  0.84936967E+000  0.10123801E+001  0.20335127E+001
  0.69025720E+000  0.84937200E+000  0.10123874E+001  0.20335368E+001
  0.69025836E+000  0.84937433E+000  0.10123945E+001  0.20335610E+001
  0.69025947E+000  0.84937668E+000  0.10124015E+001  0.20335852E+001
  0.69026051E+000  0.84937902E+000  0.10124083E+001  0.20336094E+001
  0.69026150E+000  0.84938136E+000  0.10124151E+001  0.20336336E+001
  0.69026243E+000  0.84938368E+000  0.10124218E+001  0.20336579E+001
  0.69026331E+000  0.84938598E+000  0.10124283E+001  0.20336822E+001
  0.69026412E+000  0.84938826E+000  0.10124348E+001  0.20337064E+001
  0.69026488E+000  0.84939051E+000  0.10124412E+001  0.20337307E+001
  0.69026558E+000  0.84939271E+000  0.10124474E+001  0.20337551E+001
  0.69026623E+000  0.84939488E+000  0.10124536E+001  0.20337794E+001
  0.69026683E+000  0.84939699E+000  0.10124597E+001  0.20338038E+001
  0.69026737E+000  0.84939906E+000  0.10124656E+001  0.20338282E+001
  0.69026787E+000  0.84940106E+000  0.10124715E+001  0.20338526E+001
  0.69026832E+000  0.84940300E+000  0.10124773E+001  0.20338770E+001
  0.69026872E+000  0.84940488E+000  0.10124831E+001  0.20339015E+001
  0.69026909E+000  0.84940668E+000  0.10124887E+001  0.20339260E+001
  0.69026941E+000  0.84940842E+000  0.10124943E+001  0.20339506E+001
  0.69026970E+000  0.84941008E+000  0.10124997E+001  0.20339752E+001
  0.69026995E+000  0.84941166E+000  0.10125051E+001  0.20339999E+001
  0.69027017E+000  0.84941317E+000  0.10125104E+001  0.20340247E+001
  0.69027037E+000  0.84941460E+000  0.10125156E+001  0.20340495E+001
  0.69027053E+000  0.84941595E+000  0.10125208E+001  0.20340744E+001
  0.69027068E+000  0.84941723E+000  0.10125258E+001  0.20340994E+001
  0.69027080E+000  0.84941842E+000  0.10125308E+001  0.20341245E+001
  0.69027091E+000  0.84941955E+000  0.10125357E+001  0.20341497E+001
  0.69027100E+000  0.84942059E+000  0.10125405E+001  0.20341750E+001
  0.69027108E+000  0.84942157E+000  0.10125452E+001  0.20342004E+001
  0.69027115E+000  0.84942247E+000  0.10125498E+001  0.20342259E+001
  0.69027121E+000  0.84942331E+000  0.10125543E+001  0.20342515E+001
  0.69027126E+000  0.84942408E+000  0.10125587E+001  0.20342773E+001
  0.69027131E+000  0.84942479E+000  0.10125630E+001  0.20343032E+001
  0.69027136E+000  0.84942543E+000  0.10125672E+001  0.20343292E+001
  0.69027141E+000  0.84942603E+000  0.10125713E+001  0.20343554E+001
  0.69027146E+000  0.84942657E+000  0.10125753E+001  0.20343816E+001
  0.69027152E+000  0.84942706E+000  0.10125792E+001  0.20344080E+001
  0.69027158E+000  0.84942751E+000  0.10125830E+001  0.20344345E+001
  0.69027165E+000  0.84942792E+000  0.10125867E+001  0.20344611E+001
  0.69027172E+000  0.84942829E+000  0.10125902E+001  0.20344879E+001
  0.69027180E+000  0.84942862E+000  0.10125937E+001  0.20345147E+001
  0.69027189E+000  0.84942893E+000  0.10125971E+001  0.20345417E+001
  0.69027198E+000  0.84942920E+000  0.10126003E+001  0.20345687E+001
  0.69027209E+000  0.84942945E+000  0.10126035E+001  0.20345958E+001
  0.69027220E+000  0.84942969E+000  0.10126066E+001  0.20346230E+001
  0.69027233E+000  0.84942990E+000  0.10126095E+001  0.20346502E+001
  0.69027246E+000  0.84943009E+000  0.10126124E+001  0.20346775E+001
  0.69027260E+000  0.84943028E+000  0.10126151E+001  0.20347048E+001
  0.69027275E+000  0.84943045E+000  0.10126178E+001  0.20347321E+001
  0.69027291E+000  0.84943061E+000  0.10126204E+001  0.20347595E+001
  0.69027307E+000  0.84943077E+000  0.10126229E+001  0.20347868E+001
  0.69027325E+000  0.84943092E+000  0.10126253E+001  0.20348141E+001
  0.69027342E+000  0.84943106E+000  0.10126276E+001  0.20348414E+001
  0.69027361E+000  0.84943121E+000  0.10126298E+001  0.20348685E+001
  0.69027379E+000  0.84943135E+000  0.10126319E+001  0.20348957E+001
  0.69027399E+000  0.84943149E+000  0.10126340E+001  0.20349227E+001
  0.69027418E+000  0.84943163E+000  0.10126360E+001  0.20349496E+001
  0.69027437E+000  0.84943177E+000  0.10126379E+001  0.20349764E+001
  0.69027457E+000  0.84943191E+000  0.10126398E+001  0.20350031E+001
  0.69027476E+000  0.84943204E+000  0.10126415E+001  0.20350296E+001
  0.69027495E+000  0.84943218E+000  0.10126433E+001  0.20350559E+001
  0.69027513E+000  0.84943232E+000  0.10126449E+001  0.20350821E+001
  0.69027532E+000  0.84943245E+000  0.10126465E+001  0.20351080E+001
  0.69027549E+000  0.84943258E+000  0.10126480E+001  0.20351338E+001
  0.69027566E+000  0.84943271E+000  0.10126494E+001  0.20351593E+001
  0.69027582E+000  0.84943284E+000  0.10126508E+001  0.20351846E+001
  0.69027597E+000  0.84943296E+000  0.10126521E+001  0.20352097E+001
  0.69027610E+000  0.84943307E+000  0.10126534E+001  0.20352345E+001
  0.69027623E+000  0.84943317E+000  0.10126545E+001  0.20352590E+001
  0.69027633E+000  0.84943326E+000  0.10126557E+001  0.20352833E+001
  0.69027643E+000  0.84943334E+000  0.10126567E+001  0.20353073E+001
  0.69027650E+000  0.84943341E+000  0.10126577E+001  0.20353310E+001
  0.69027656E+000  0.84943346E+000  0.10126586E+001  0.20353544E+001
  0.69027659E+000  0.84943350E+000  0.10126594E+001  0.20353776E+001
  0.69027660E+000  0.84943351E+000  0.10126601E+001  0.20354005E+001
  0.69027659E+000  0.84943351E+000  0.10126607E+001  0.20354231E+001
  0.69027655E+000  0.84943349E+000  0.10126613E+001  0.20354454E+001
  0.69027648E+000  0.84943344E+000  0.10126617E+001  0.20354674E+001
  0.69027637E+000  0.84943337E+000  0.10126620E+001  0.20354892E+001
  0.69027623E+000  0.84943327E+000  0.10126622E+001  0.20355107E+001
  0.69027605E+000  0.84943313E+000  0.10126622E+001  0.20355319E+001
  0.69027583E+000  0.84943294E+000  0.10126620E+001  0.20355527E+001
  0.69027557E+000  0.84943269E+000  0.10126616E+001  0.20355733E+001
  0.69027527E+000  0.84943239E+000  0.10126611E+001  0.20355935E+001
  0.69027496E+000  0.84943209E+000  0.10126605E+001  0.20356138E+001
  0.69027467E+000  0.84943187E+000  0.10126601E+001  0.20356344E+001
  0.69027436E+000  0.84943192E+000  0.10126600E+001  0.20356559E+001
  0.69027389E+000  0.84943215E+000  0.10126597E+001  0.20356777E+001
  0.69027295E+000  0.84943235E+000  0.10126584E+001  0.20356977E+001
  0.69027199E+000  0.84943199E+000  0.10126553E+001  0.20357140E+001
  0.69027736E+000  0.84944409E+000  0.10126759E+001  0.20357575E+001
