 -0.28782249E+000
 -0.28787308E+000
 -0.28782053E+000
 -0.28773675E+000
 -0.28764494E+000
 -0.28755442E+000
 -0.28746917E+000
 -0.28739085E+000
 -0.28732017E+000
 -0.28725694E+000
 -0.28720168E+000
 -0.28715371E+000
 -0.28711225E+000
 -0.28707657E+000
 -0.28704598E+000
 -0.28701985E+000
 -0.28699761E+000
 -0.28697877E+000
 -0.28696287E+000
 -0.28694952E+000
 -0.28693838E+000
 -0.28692913E+000
 -0.28692152E+000
 -0.28691530E+000
 -0.28691028E+000
 -0.28690627E+000
 -0.28690311E+000
 -0.28690068E+000
 -0.28689885E+000
 -0.28689752E+000
 -0.28689661E+000
 -0.28689603E+000
 -0.28689574E+000
 -0.28689566E+000
 -0.28689577E+000
 -0.28689604E+000
 -0.28689643E+000
 -0.28689693E+000
 -0.28689752E+000
 -0.28689821E+000
 -0.28689900E+000
 -0.28689987E+000
 -0.28690085E+000
 -0.28690193E+000
 -0.28690313E+000
 -0.28690446E+000
 -0.28690594E+000
 -0.28690756E+000
 -0.28690935E+000
 -0.28691132E+000
 -0.28691348E+000
 -0.28691583E+000
 -0.28691839E+000
 -0.28692117E+000
 -0.28692415E+000
 -0.28692737E+000
 -0.28693080E+000
 -0.28693447E+000
 -0.28693836E+000
 -0.28694247E+000
 -0.28694682E+000
 -0.28695138E+000
 -0.28695617E+000
 -0.28696118E+000
 -0.28696641E+000
 -0.28697185E+000
 -0.28697750E+000
 -0.28698337E+000
 -0.28698945E+000
 -0.28699575E+000
 -0.28700226E+000
 -0.28700900E+000
 -0.28701596E+000
 -0.28702315E+000
 -0.28703057E+000
 -0.28703824E+000
 -0.28704616E+000
 -0.28705433E+000
 -0.28706276E+000
 -0.28707145E+000
 -0.28708041E+000
 -0.28708964E+000
 -0.28709915E+000
 -0.28710893E+000
 -0.28711897E+000
 -0.28712929E+000
 -0.28713986E+000
 -0.28715069E+000
 -0.28716177E+000
 -0.28717310E+000
 -0.28718465E+000
 -0.28719642E+000
 -0.28720839E+000
 -0.28722056E+000
 -0.28723291E+000
 -0.28724543E+000
 -0.28725810E+000
 -0.28727091E+000
 -0.28728385E+000
 -0.28729690E+000
 -0.28731004E+000
 -0.28732327E+000
 -0.28733657E+000
 -0.28734992E+000
 -0.28736332E+000
 -0.28737676E+000
 -0.28739021E+000
 -0.28740368E+000
 -0.28741715E+000
 -0.28743061E+000
 -0.28744405E+000
 -0.28745746E+000
 -0.28747084E+000
 -0.28748418E+000
 -0.28749747E+000
 -0.28751071E+000
 -0.28752388E+000
 -0.28753699E+000
 -0.28755003E+000
 -0.28756299E+000
 -0.28757588E+000
 -0.28758869E+000
 -0.28760141E+000
 -0.28761406E+000
 -0.28762662E+000
 -0.28763909E+000
 -0.28765148E+000
 -0.28766379E+000
 -0.28767602E+000
 -0.28768816E+000
 -0.28770023E+000
 -0.28771221E+000
 -0.28772413E+000
 -0.28773597E+000
 -0.28774774E+000
 -0.28775945E+000
 -0.28777109E+000
 -0.28778267E+000
 -0.28779419E+000
 -0.28780566E+000
 -0.28781708E+000
 -0.28782844E+000
 -0.28783976E+000
 -0.28785103E+000
 -0.28786226E+000
 -0.28787345E+000
 -0.28788459E+000
 -0.28789570E+000
 -0.28790677E+000
 -0.28791780E+000
 -0.28792879E+000
 -0.28793975E+000
 -0.28795066E+000
 -0.28796154E+000
 -0.28797238E+000
 -0.28798317E+000
 -0.28799392E+000
 -0.28800462E+000
 -0.28801528E+000
 -0.28802588E+000
 -0.28803642E+000
 -0.28804691E+000
 -0.28805734E+000
 -0.28806770E+000
 -0.28807799E+000
 -0.28808821E+000
 -0.28809835E+000
 -0.28810841E+000
 -0.28811839E+000
 -0.28812827E+000
 -0.28813805E+000
 -0.28814774E+000
 -0.28815733E+000
 -0.28816680E+000
 -0.28817616E+000
 -0.28818541E+000
 -0.28819454E+000
 -0.28820354E+000
 -0.28821241E+000
 -0.28822115E+000
 -0.28822975E+000
 -0.28823821E+000
 -0.28824653E+000
 -0.28825471E+000
 -0.28826273E+000
 -0.28827061E+000
 -0.28827832E+000
 -0.28828588E+000
 -0.28829326E+000
 -0.28830047E+000
 -0.28830749E+000
 -0.28831432E+000
 -0.28832096E+000
 -0.28832747E+000
 -0.28833387E+000
 -0.28834033E+000
 -0.28834662E+000
 -0.28835305E+000
 -0.28835735E+000
 -0.28836090E+000
