 -0.15012498E+000  0.33234403E+000  0.36356188E+001  0.83937747E+002
 -0.15034409E+000  0.33163102E+000  0.36327888E+001  0.83892488E+002
 -0.15052094E+000  0.33103838E+000  0.36303957E+001  0.83853492E+002
 -0.15066299E+000  0.33055067E+000  0.36283793E+001  0.83820021E+002
 -0.15077636E+000  0.33015221E+000  0.36266874E+001  0.83791366E+002
 -0.15086606E+000  0.32982921E+000  0.36252783E+001  0.83766869E+002
 -0.15093619E+000  0.32956922E+000  0.36241046E+001  0.83745957E+002
 -0.15099014E+000  0.32936204E+000  0.36231312E+001  0.83728119E+002
 -0.15103073E+000  0.32919910E+000  0.36223285E+001  0.83712914E+002
 -0.15106028E+000  0.32907324E+000  0.36216711E+001  0.83699960E+002
 -0.15108072E+000  0.32897877E+000  0.36211372E+001  0.83688930E+002
 -0.15109367E+000  0.32891050E+000  0.36207084E+001  0.83679543E+002
 -0.15110045E+000  0.32886408E+000  0.36203690E+001  0.83671561E+002
 -0.15110219E+000  0.32883587E+000  0.36201059E+001  0.83664778E+002
 -0.15109981E+000  0.32882286E+000  0.36199077E+001  0.83659021E+002
 -0.15109408E+000  0.32882248E+000  0.36197650E+001  0.83654143E+002
 -0.15108563E+000  0.32883260E+000  0.36196696E+001  0.83650016E+002
 -0.15107501E+000  0.32885144E+000  0.36196149E+001  0.83646533E+002
 -0.15106265E+000  0.32887750E+000  0.36195948E+001  0.83643602E+002
 -0.15104893E+000  0.32890952E+000  0.36196047E+001  0.83641144E+002
 -0.15103414E+000  0.32894645E+000  0.36196403E+001  0.83639092E+002
 -0.15101855E+000  0.32898742E+000  0.36196981E+001  0.83637390E+002
 -0.15100237E+000  0.32903170E+000  0.36197751E+001  0.83635987E+002
 -0.15098576E+000  0.32907866E+000  0.36198688E+001  0.83634843E+002
 -0.15096888E+000  0.32912780E+000  0.36199769E+001  0.83633920E+002
 -0.15095184E+000  0.32917870E+000  0.36200976E+001  0.83633187E+002
 -0.15093474E+000  0.32923099E+000  0.36202294E+001  0.83632619E+002
 -0.15091765E+000  0.32928438E+000  0.36203707E+001  0.83632192E+002
 -0.15090063E+000  0.32933862E+000  0.36205206E+001  0.83631887E+002
 -0.15088373E+000  0.32939351E+000  0.36206779E+001  0.83631686E+002
 -0.15086699E+000  0.32944888E+000  0.36208419E+001  0.83631576E+002
 -0.15085042E+000  0.32950459E+000  0.36210117E+001  0.83631544E+002
 -0.15083404E+000  0.32956055E+000  0.36211867E+001  0.83631580E+002
 -0.15081785E+000  0.32961665E+000  0.36213665E+001  0.83631676E+002
 -0.15080186E+000  0.32967283E+000  0.36215506E+001  0.83631824E+002
 -0.15078605E+000  0.32972903E+000  0.36217386E+001  0.83632019E+002
 -0.15077041E+000  0.32978521E+000  0.36219302E+001  0.83632257E+002
 -0.15075494E+000  0.32984134E+000  0.36221252E+001  0.83632533E+002
 -0.15073960E+000  0.32989740E+000  0.36223232E+001  0.83632845E+002
 -0.15072438E+000  0.32995337E+000  0.36225242E+001  0.83633192E+002
 -0.15070925E+000  0.33000923E+000  0.36227279E+001  0.83633573E+002
 -0.15069420E+000  0.33006498E+000  0.36229343E+001  0.83633987E+002
 -0.15067920E+000  0.33012060E+000  0.36231431E+001  0.83634434E+002
 -0.15066424E+000  0.33017608E+000  0.36233543E+001  0.83634915E+002
 -0.15064929E+000  0.33023140E+000  0.36235677E+001  0.83635431E+002
 -0.15063435E+000  0.33028654E+000  0.36237832E+001  0.83635983E+002
 -0.15061940E+000  0.33034148E+000  0.36240006E+001  0.83636572E+002
 -0.15060444E+000  0.33039619E+000  0.36242198E+001  0.83637200E+002
 -0.15058947E+000  0.33045062E+000  0.36244404E+001  0.83637869E+002
 -0.15057449E+000  0.33050472E+000  0.36246624E+001  0.83638579E+002
 -0.15055949E+000  0.33055846E+000  0.36248855E+001  0.83639333E+002
 -0.15054450E+000  0.33061177E+000  0.36251093E+001  0.83640132E+002
 -0.15052953E+000  0.33066458E+000  0.36253338E+001  0.83640977E+002
 -0.15051459E+000  0.33071684E+000  0.36255584E+001  0.83641869E+002
 -0.15049971E+000  0.33076846E+000  0.36257830E+001  0.83642810E+002
 -0.15048489E+000  0.33081939E+000  0.36260072E+001  0.83643800E+002
 -0.15047018E+000  0.33086955E+000  0.36262307E+001  0.83644840E+002
 -0.15045558E+000  0.33091888E+000  0.36264532E+001  0.83645930E+002
 -0.15044113E+000  0.33096731E+000  0.36266743E+001  0.83647071E+002
 -0.15042685E+000  0.33101479E+000  0.36268939E+001  0.83648262E+002
 -0.15041277E+000  0.33106128E+000  0.36271114E+001  0.83649503E+002
 -0.15039889E+000  0.33110673E+000  0.36273268E+001  0.83650795E+002
 -0.15038525E+000  0.33115112E+000  0.36275398E+001  0.83652136E+002
 -0.15037186E+000  0.33119444E+000  0.36277502E+001  0.83653527E+002
 -0.15035873E+000  0.33123669E+000  0.36279577E+001  0.83654966E+002
 -0.15034587E+000  0.33127788E+000  0.36281623E+001  0.83656454E+002
 -0.15033330E+000  0.33131803E+000  0.36283639E+001  0.83657990E+002
 -0.15032102E+000  0.33135719E+000  0.36285624E+001  0.83659574E+002
 -0.15030903E+000  0.33139540E+000  0.36287580E+001  0.83661206E+002
 -0.15029733E+000  0.33143272E+000  0.36289514E+001  0.83662884E+002
 -0.15028592E+000  0.33146920E+000  0.36291417E+001  0.83664610E+002
 -0.15027480E+000  0.33150493E+000  0.36293291E+001  0.83666384E+002
 -0.15026398E+000  0.33153996E+000  0.36295136E+001  0.83668205E+002
 -0.15025343E+000  0.33157436E+000  0.36296953E+001  0.83670075E+002
 -0.15024317E+000  0.33160821E+000  0.36298745E+001  0.83671994E+002
 -0.15023319E+000  0.33164157E+000  0.36300511E+001  0.83673962E+002
 -0.15022349E+000  0.33167449E+000  0.36302254E+001  0.83675980E+002
 -0.15021407E+000  0.33170702E+000  0.36303975E+001  0.83678048E+002
 -0.15020493E+000  0.33173921E+000  0.36305675E+001  0.83680167E+002
 -0.15019606E+000  0.33177110E+000  0.36307355E+001  0.83682336E+002
 -0.15018748E+000  0.33180270E+000  0.36309016E+001  0.83684556E+002
 -0.15017918E+000  0.33183405E+000  0.36310660E+001  0.83686826E+002
 -0.15017117E+000  0.33186515E+000  0.36312287E+001  0.83689147E+002
 -0.15016345E+000  0.33189600E+000  0.36313898E+001  0.83691517E+002
 -0.15015602E+000  0.33192661E+000  0.36315494E+001  0.83693937E+002
 -0.15014889E+000  0.33195696E+000  0.36317074E+001  0.83696405E+002
 -0.15014206E+000  0.33198705E+000  0.36318638E+001  0.83698921E+002
 -0.15013554E+000  0.33201686E+000  0.36320188E+001  0.83701482E+002
 -0.15012931E+000  0.33204636E+000  0.36321723E+001  0.83704089E+002
 -0.15012340E+000  0.33207554E+000  0.36323243E+001  0.83706738E+002
 -0.15011779E+000  0.33210436E+000  0.36324747E+001  0.83709429E+002
 -0.15011249E+000  0.33213281E+000  0.36326236E+001  0.83712160E+002
 -0.15010750E+000  0.33216084E+000  0.36327709E+001  0.83714928E+002
 -0.15010280E+000  0.33218845E+000  0.36329166E+001  0.83717732E+002
 -0.15009841E+000  0.33221558E+000  0.36330606E+001  0.83720569E+002
 -0.15009432E+000  0.33224223E+000  0.36332029E+001  0.83723437E+002
 -0.15009051E+000  0.33226834E+000  0.36333435E+001  0.83726333E+002
 -0.15008699E+000  0.33229391E+000  0.36334823E+001  0.83729257E+002
 -0.15008375E+000  0.33231889E+000  0.36336193E+001  0.83732204E+002
 -0.15008078E+000  0.33234327E+000  0.36337544E+001  0.83735173E+002
 -0.15007807E+000  0.33236701E+000  0.36338876E+001  0.83738161E+002
 -0.15007561E+000  0.33239009E+000  0.36340190E+001  0.83741166E+002
 -0.15007340E+000  0.33241249E+000  0.36341483E+001  0.83744186E+002
 -0.15007142E+000  0.33243418E+000  0.36342758E+001  0.83747219E+002
 -0.15006967E+000  0.33245515E+000  0.36344011E+001  0.83750262E+002
 -0.15006813E+000  0.33247537E+000  0.36345245E+001  0.83753313E+002
 -0.15006680E+000  0.33249483E+000  0.36346458E+001  0.83756371E+002
 -0.15006566E+000  0.33251350E+000  0.36347650E+001  0.83759433E+002
 -0.15006470E+000  0.33253139E+000  0.36348821E+001  0.83762498E+002
 -0.15006392E+000  0.33254847E+000  0.36349970E+001  0.83765564E+002
 -0.15006330E+000  0.33256473E+000  0.36351098E+001  0.83768628E+002
 -0.15006283E+000  0.33258018E+000  0.36352203E+001  0.83771691E+002
 -0.15006251E+000  0.33259480E+000  0.36353286E+001  0.83774750E+002
 -0.15006232E+000  0.33260859E+000  0.36354346E+001  0.83777803E+002
 -0.15006225E+000  0.33262156E+000  0.36355384E+001  0.83780851E+002
 -0.15006230E+000  0.33263371E+000  0.36356398E+001  0.83783890E+002
 -0.15006244E+000  0.33264506E+000  0.36357389E+001  0.83786921E+002
 -0.15006268E+000  0.33265561E+000  0.36358356E+001  0.83789943E+002
 -0.15006300E+000  0.33266537E+000  0.36359299E+001  0.83792955E+002
 -0.15006339E+000  0.33267438E+000  0.36360217E+001  0.83795955E+002
 -0.15006384E+000  0.33268264E+000  0.36361112E+001  0.83798944E+002
 -0.15006435E+000  0.33269020E+000  0.36361982E+001  0.83801921E+002
 -0.15006489E+000  0.33269706E+000  0.36362828E+001  0.83804885E+002
 -0.15006547E+000  0.33270328E+000  0.36363650E+001  0.83807837E+002
 -0.15006607E+000  0.33270887E+000  0.36364447E+001  0.83810775E+002
 -0.15006669E+000  0.33271387E+000  0.36365220E+001  0.83813701E+002
 -0.15006731E+000  0.33271833E+000  0.36365968E+001  0.83816613E+002
 -0.15006793E+000  0.33272227E+000  0.36366693E+001  0.83819513E+002
 -0.15006855E+000  0.33272575E+000  0.36367393E+001  0.83822399E+002
 -0.15006914E+000  0.33272879E+000  0.36368071E+001  0.83825272E+002
 -0.15006971E+000  0.33273144E+000  0.36368724E+001  0.83828133E+002
 -0.15007025E+000  0.33273375E+000  0.36369356E+001  0.83830982E+002
 -0.15007076E+000  0.33273574E+000  0.36369964E+001  0.83833818E+002
 -0.15007122E+000  0.33273746E+000  0.36370551E+001  0.83836643E+002
 -0.15007164E+000  0.33273896E+000  0.36371116E+001  0.83839456E+002
 -0.15007202E+000  0.33274026E+000  0.36371660E+001  0.83842258E+002
 -0.15007234E+000  0.33274140E+000  0.36372184E+001  0.83845049E+002
 -0.15007260E+000  0.33274242E+000  0.36372689E+001  0.83847829E+002
 -0.15007281E+000  0.33274336E+000  0.36373174E+001  0.83850599E+002
 -0.15007297E+000  0.33274424E+000  0.36373642E+001  0.83853359E+002
 -0.15007306E+000  0.33274509E+000  0.36374091E+001  0.83856109E+002
 -0.15007310E+000  0.33274594E+000  0.36374524E+001  0.83858849E+002
 -0.15007307E+000  0.33274681E+000  0.36374941E+001  0.83861580E+002
 -0.15007299E+000  0.33274772E+000  0.36375343E+001  0.83864301E+002
 -0.15007285E+000  0.33274870E+000  0.36375730E+001  0.83867012E+002
 -0.15007266E+000  0.33274976E+000  0.36376104E+001  0.83869713E+002
 -0.15007241E+000  0.33275091E+000  0.36376465E+001  0.83872405E+002
 -0.15007211E+000  0.33275216E+000  0.36376813E+001  0.83875086E+002
 -0.15007177E+000  0.33275352E+000  0.36377150E+001  0.83877758E+002
 -0.15007138E+000  0.33275500E+000  0.36377477E+001  0.83880418E+002
 -0.15007094E+000  0.33275660E+000  0.36377793E+001  0.83883068E+002
 -0.15007047E+000  0.33275832E+000  0.36378100E+001  0.83885706E+002
 -0.15006997E+000  0.33276015E+000  0.36378399E+001  0.83888332E+002
 -0.15006944E+000  0.33276210E+000  0.36378688E+001  0.83890946E+002
 -0.15006888E+000  0.33276416E+000  0.36378970E+001  0.83893546E+002
 -0.15006831E+000  0.33276631E+000  0.36379245E+001  0.83896133E+002
 -0.15006771E+000  0.33276855E+000  0.36379513E+001  0.83898705E+002
 -0.15006711E+000  0.33277086E+000  0.36379774E+001  0.83901261E+002
 -0.15006650E+000  0.33277323E+000  0.36380028E+001  0.83903801E+002
 -0.15006589E+000  0.33277565E+000  0.36380276E+001  0.83906324E+002
 -0.15006528E+000  0.33277809E+000  0.36380518E+001  0.83908828E+002
 -0.15006469E+000  0.33278054E+000  0.36380754E+001  0.83911313E+002
 -0.15006410E+000  0.33278297E+000  0.36380983E+001  0.83913778E+002
 -0.15006354E+000  0.33278538E+000  0.36381206E+001  0.83916222E+002
 -0.15006300E+000  0.33278772E+000  0.36381423E+001  0.83918643E+002
 -0.15006249E+000  0.33278999E+000  0.36381632E+001  0.83921041E+002
 -0.15006201E+000  0.33279215E+000  0.36381835E+001  0.83923413E+002
 -0.15006156E+000  0.33279419E+000  0.36382030E+001  0.83925760E+002
 -0.15006116E+000  0.33279607E+000  0.36382217E+001  0.83928080E+002
 -0.15006080E+000  0.33279778E+000  0.36382395E+001  0.83930372E+002
 -0.15006050E+000  0.33279928E+000  0.36382564E+001  0.83932635E+002
 -0.15006025E+000  0.33280055E+000  0.36382723E+001  0.83934866E+002
 -0.15006006E+000  0.33280156E+000  0.36382872E+001  0.83937066E+002
 -0.15005992E+000  0.33280229E+000  0.36383009E+001  0.83939233E+002
 -0.15005986E+000  0.33280270E+000  0.36383133E+001  0.83941366E+002
 -0.15005986E+000  0.33280278E+000  0.36383244E+001  0.83943463E+002
 -0.15005994E+000  0.33280248E+000  0.36383340E+001  0.83945523E+002
 -0.15006009E+000  0.33280179E+000  0.36383420E+001  0.83947545E+002
 -0.15006032E+000  0.33280067E+000  0.36383483E+001  0.83949528E+002
 -0.15006064E+000  0.33279910E+000  0.36383528E+001  0.83951470E+002
 -0.15006104E+000  0.33279704E+000  0.36383553E+001  0.83953370E+002
 -0.15006152E+000  0.33279448E+000  0.36383556E+001  0.83955227E+002
 -0.15006210E+000  0.33279138E+000  0.36383536E+001  0.83957039E+002
 -0.15006277E+000  0.33278771E+000  0.36383491E+001  0.83958804E+002
 -0.15006354E+000  0.33278343E+000  0.36383419E+001  0.83960521E+002
 -0.15006442E+000  0.33277852E+000  0.36383317E+001  0.83962188E+002
 -0.15006542E+000  0.33277292E+000  0.36383183E+001  0.83963803E+002
 -0.15006654E+000  0.33276661E+000  0.36383015E+001  0.83965364E+002
 -0.15006778E+000  0.33275955E+000  0.36382810E+001  0.83966868E+002
 -0.15006915E+000  0.33275171E+000  0.36382565E+001  0.83968310E+002
 -0.15007063E+000  0.33274312E+000  0.36382278E+001  0.83969688E+002
 -0.15007216E+000  0.33273384E+000  0.36381950E+001  0.83970998E+002
 -0.15007371E+000  0.33272399E+000  0.36381580E+001  0.83972238E+002
 -0.15007525E+000  0.33271363E+000  0.36381166E+001  0.83973416E+002
 -0.15007696E+000  0.33270247E+000  0.36380699E+001  0.83974542E+002
 -0.15007931E+000  0.33268960E+000  0.36380157E+001  0.83975630E+002
 -0.15008314E+000  0.33267287E+000  0.36379478E+001  0.83976656E+002
 -0.15008864E+000  0.33265144E+000  0.36378635E+001  0.83977525E+002
 -0.15009453E+000  0.33262577E+000  0.36377604E+001  0.83978086E+002
 -0.15009947E+000  0.33260792E+000  0.36376894E+001  0.83979129E+002
