  0.60982444E+000  0.99993639E+000  0.11688487E+001  0.34081712E+001
  0.61052192E+000  0.10003844E+001  0.11705473E+001  0.34251127E+001
  0.61112497E+000  0.10007619E+001  0.11719824E+001  0.34400893E+001
  0.61164512E+000  0.10010858E+001  0.11732010E+001  0.34531915E+001
  0.61209101E+000  0.10013638E+001  0.11742471E+001  0.34645496E+001
  0.61247304E+000  0.10015996E+001  0.11751469E+001  0.34743438E+001
  0.61279871E+000  0.10018013E+001  0.11759199E+001  0.34827622E+001
  0.61307666E+000  0.10019735E+001  0.11765821E+001  0.34899848E+001
  0.61331020E+000  0.10021237E+001  0.11771486E+001  0.34961729E+001
  0.61350576E+000  0.10022552E+001  0.11776328E+001  0.35014713E+001
  0.61367199E+000  0.10023674E+001  0.11780463E+001  0.35060039E+001
  0.61381291E+000  0.10024631E+001  0.11783994E+001  0.35098793E+001
  0.61393275E+000  0.10025442E+001  0.11787004E+001  0.35131912E+001
  0.61403447E+000  0.10026132E+001  0.11789569E+001  0.35160204E+001
  0.61412074E+000  0.10026717E+001  0.11791753E+001  0.35184356E+001
  0.61419383E+000  0.10027214E+001  0.11793610E+001  0.35204961E+001
  0.61425572E+000  0.10027633E+001  0.11795186E+001  0.35222526E+001
  0.61430810E+000  0.10027987E+001  0.11796522E+001  0.35237486E+001
  0.61435240E+000  0.10028283E+001  0.11797644E+001  0.35250222E+001
  0.61438973E+000  0.10028531E+001  0.11798588E+001  0.35261049E+001
  0.61442118E+000  0.10028736E+001  0.11799385E+001  0.35270237E+001
  0.61444758E+000  0.10028905E+001  0.11800055E+001  0.35278022E+001
  0.61446965E+000  0.10021558E+001  0.11778678E+001  0.35284607E+001
  0.61448799E+000  0.10029158E+001  0.11801086E+001  0.35290166E+001
  0.61450321E+000  0.10029250E+001  0.11801477E+001  0.35294848E+001
  0.61451577E+000  0.10029322E+001  0.11801801E+001  0.35298784E+001
  0.61452608E+000  0.10029378E+001  0.11802070E+001  0.35302084E+001
  0.61453448E+000  0.10029421E+001  0.11802290E+001  0.35304847E+001
  0.61454127E+000  0.10029453E+001  0.11802471E+001  0.35307154E+001
  0.61454672E+000  0.10029474E+001  0.11802618E+001  0.35309080E+001
  0.61455105E+000  0.10029488E+001  0.11802738E+001  0.35310688E+001
  0.61455444E+000  0.10029496E+001  0.11802834E+001  0.35312030E+001
  0.61455706E+000  0.10029498E+001  0.11802911E+001  0.35313156E+001
  0.61455907E+000  0.10029496E+001  0.11802974E+001  0.35314106E+001
  0.61456059E+000  0.10029490E+001  0.11803024E+001  0.35314915E+001
  0.61456172E+000  0.10029482E+001  0.11803065E+001  0.35315611E+001
  0.61456255E+000  0.10029472E+001  0.11803099E+001  0.35316219E+001
  0.61456315E+000  0.10029460E+001  0.11803126E+001  0.35316761E+001
  0.61456358E+000  0.10029447E+001  0.11803150E+001  0.35317252E+001
  0.61456389E+000  0.10029432E+001  0.11803171E+001  0.35317708E+001
  0.61456412E+000  0.10029418E+001  0.11803191E+001  0.35318140E+001
  0.61456429E+000  0.10029403E+001  0.11803209E+001  0.35318556E+001
  0.61456444E+000  0.10029387E+001  0.11803226E+001  0.35318963E+001
  0.61456458E+000  0.10029372E+001  0.11803243E+001  0.35319367E+001
  0.61456473E+000  0.10029356E+001  0.11803260E+001  0.35319771E+001
  0.61456488E+000  0.10029341E+001  0.11803277E+001  0.35320178E+001
  0.61456505E+000  0.10029325E+001  0.11803295E+001  0.35320588E+001
  0.61456524E+000  0.10029310E+001  0.11803313E+001  0.35321004E+001
  0.61456545E+000  0.10029295E+001  0.11803331E+001  0.35321424E+001
  0.61456568E+000  0.10029280E+001  0.11803350E+001  0.35321848E+001
  0.61456594E+000  0.10029265E+001  0.11803369E+001  0.35322277E+001
  0.61456620E+000  0.10029250E+001  0.11803387E+001  0.35322708E+001
  0.61456649E+000  0.10029235E+001  0.11803406E+001  0.35323141E+001
  0.61456679E+000  0.10029220E+001  0.11803425E+001  0.35323575E+001
  0.61456710E+000  0.10029206E+001  0.11803444E+001  0.35324009E+001
  0.61456743E+000  0.10029192E+001  0.11803463E+001  0.35324442E+001
  0.61456777E+000  0.10029178E+001  0.11803481E+001  0.35324873E+001
  0.61456813E+000  0.10029165E+001  0.11803499E+001  0.35325301E+001
  0.61456849E+000  0.10029152E+001  0.11803517E+001  0.35325726E+001
  0.61456888E+000  0.10029139E+001  0.11803535E+001  0.35326147E+001
  0.61456928E+000  0.10029127E+001  0.11803553E+001  0.35326565E+001
  0.61456971E+000  0.10029115E+001  0.11803571E+001  0.35326979E+001
  0.61457016E+000  0.10029104E+001  0.11803589E+001  0.35327389E+001
  0.61457065E+000  0.10029094E+001  0.11803607E+001  0.35327797E+001
  0.61457117E+000  0.10029084E+001  0.11803625E+001  0.35328202E+001
  0.61457173E+000  0.10029075E+001  0.11803644E+001  0.35328606E+001
  0.61457233E+000  0.10029067E+001  0.11803664E+001  0.35329009E+001
  0.61457298E+000  0.10029060E+001  0.11803684E+001  0.35329412E+001
  0.61457368E+000  0.10029053E+001  0.11803705E+001  0.35329816E+001
  0.61457444E+000  0.10029047E+001  0.11803726E+001  0.35330221E+001
  0.61457525E+000  0.10029043E+001  0.11803749E+001  0.35330630E+001
  0.61457611E+000  0.10029039E+001  0.11803773E+001  0.35331041E+001
  0.61457703E+000  0.10029036E+001  0.11803798E+001  0.35331456E+001
  0.61457801E+000  0.10029033E+001  0.11803825E+001  0.35331875E+001
  0.61457905E+000  0.10029032E+001  0.11803852E+001  0.35332299E+001
  0.61458013E+000  0.10029031E+001  0.11803881E+001  0.35332726E+001
  0.61458127E+000  0.10029031E+001  0.11803912E+001  0.35333158E+001
  0.61458245E+000  0.10029031E+001  0.11803943E+001  0.35333594E+001
  0.61458368E+000  0.10029033E+001  0.11803976E+001  0.35334034E+001
  0.61458494E+000  0.10029034E+001  0.11804010E+001  0.35334478E+001
  0.61458625E+000  0.10029037E+001  0.11804046E+001  0.35334924E+001
  0.61458758E+000  0.10029039E+001  0.11804082E+001  0.35335374E+001
  0.61458895E+000  0.10029043E+001  0.11804120E+001  0.35335825E+001
  0.61459034E+000  0.10029046E+001  0.11804159E+001  0.35336278E+001
  0.61459175E+000  0.10029050E+001  0.11804199E+001  0.35336732E+001
  0.61459318E+000  0.10029055E+001  0.11804240E+001  0.35337187E+001
  0.61459463E+000  0.10029060E+001  0.11804282E+001  0.35337643E+001
  0.61459609E+000  0.10029065E+001  0.11804325E+001  0.35338099E+001
  0.61459757E+000  0.10029070E+001  0.11804369E+001  0.35338554E+001
  0.61459905E+000  0.10029076E+001  0.11804414E+001  0.35339010E+001
  0.61460053E+000  0.10029082E+001  0.11804459E+001  0.35339464E+001
  0.61460202E+000  0.10029088E+001  0.11804506E+001  0.35339917E+001
  0.61460351E+000  0.10029094E+001  0.11804552E+001  0.35340369E+001
  0.61460500E+000  0.10029101E+001  0.11804600E+001  0.35340820E+001
  0.61460648E+000  0.10029107E+001  0.11804648E+001  0.35341270E+001
  0.61460796E+000  0.10029114E+001  0.11804697E+001  0.35341718E+001
  0.61460944E+000  0.10029121E+001  0.11804746E+001  0.35342164E+001
  0.61461091E+000  0.10029129E+001  0.11804795E+001  0.35342609E+001
  0.61461237E+000  0.10029136E+001  0.11804845E+001  0.35343052E+001
  0.61461382E+000  0.10029144E+001  0.11804895E+001  0.35343493E+001
  0.61461526E+000  0.10029151E+001  0.11804945E+001  0.35343933E+001
  0.61461668E+000  0.10029159E+001  0.11804996E+001  0.35344371E+001
  0.61461810E+000  0.10029167E+001  0.11805046E+001  0.35344808E+001
  0.61461950E+000  0.10029175E+001  0.11805097E+001  0.35345244E+001
  0.61462088E+000  0.10029183E+001  0.11805147E+001  0.35345678E+001
  0.61462225E+000  0.10029191E+001  0.11805198E+001  0.35346111E+001
  0.61462360E+000  0.10029199E+001  0.11805248E+001  0.35346543E+001
  0.61462493E+000  0.10029207E+001  0.11805298E+001  0.35346974E+001
  0.61462625E+000  0.10029215E+001  0.11805348E+001  0.35347404E+001
  0.61462754E+000  0.10029224E+001  0.11805398E+001  0.35347834E+001
  0.61462882E+000  0.10029232E+001  0.11805447E+001  0.35348262E+001
  0.61463007E+000  0.10029240E+001  0.11805496E+001  0.35348690E+001
  0.61463130E+000  0.10029248E+001  0.11805544E+001  0.35349118E+001
  0.61463251E+000  0.10029256E+001  0.11805592E+001  0.35349545E+001
  0.61463370E+000  0.10029264E+001  0.11805639E+001  0.35349972E+001
  0.61463487E+000  0.10029272E+001  0.11805686E+001  0.35350399E+001
  0.61463601E+000  0.10029280E+001  0.11805732E+001  0.35350825E+001
  0.61463713E+000  0.10029288E+001  0.11805778E+001  0.35351252E+001
  0.61463823E+000  0.10029295E+001  0.11805823E+001  0.35351679E+001
  0.61463931E+000  0.10029303E+001  0.11805867E+001  0.35352107E+001
  0.61464037E+000  0.10029310E+001  0.11805910E+001  0.35352535E+001
  0.61464140E+000  0.10029318E+001  0.11805953E+001  0.35352963E+001
  0.61464241E+000  0.10029325E+001  0.11805995E+001  0.35353392E+001
  0.61464340E+000  0.10029332E+001  0.11806036E+001  0.35353823E+001
  0.61464438E+000  0.10029339E+001  0.11806076E+001  0.35354254E+001
  0.61464533E+000  0.10029346E+001  0.11806116E+001  0.35354686E+001
  0.61464626E+000  0.10029352E+001  0.11806154E+001  0.35355120E+001
  0.61464717E+000  0.10029359E+001  0.11806192E+001  0.35355555E+001
  0.61464807E+000  0.10029365E+001  0.11806229E+001  0.35355992E+001
  0.61464894E+000  0.10029371E+001  0.11806266E+001  0.35356431E+001
  0.61464980E+000  0.10029377E+001  0.11806301E+001  0.35356870E+001
  0.61465065E+000  0.10029383E+001  0.11806336E+001  0.35357312E+001
  0.61465147E+000  0.10029389E+001  0.11806370E+001  0.35357756E+001
  0.61465228E+000  0.10029394E+001  0.11806404E+001  0.35358201E+001
  0.61465308E+000  0.10029400E+001  0.11806436E+001  0.35358648E+001
  0.61465386E+000  0.10029405E+001  0.11806468E+001  0.35359098E+001
  0.61465463E+000  0.10029410E+001  0.11806499E+001  0.35359549E+001
  0.61465538E+000  0.10029415E+001  0.11806530E+001  0.35360001E+001
  0.61465612E+000  0.10029419E+001  0.11806559E+001  0.35360456E+001
  0.61465684E+000  0.10029424E+001  0.11806589E+001  0.35360912E+001
  0.61465756E+000  0.10029429E+001  0.11806617E+001  0.35361370E+001
  0.61465826E+000  0.10029433E+001  0.11806645E+001  0.35361830E+001
  0.61465894E+000  0.10029437E+001  0.11806672E+001  0.35362291E+001
  0.61465962E+000  0.10029441E+001  0.11806698E+001  0.35362754E+001
  0.61466029E+000  0.10029445E+001  0.11806724E+001  0.35363217E+001
  0.61466094E+000  0.10029449E+001  0.11806749E+001  0.35363682E+001
  0.61466158E+000  0.10029453E+001  0.11806774E+001  0.35364147E+001
  0.61466221E+000  0.10029456E+001  0.11806798E+001  0.35364614E+001
  0.61466283E+000  0.10029460E+001  0.11806822E+001  0.35365080E+001
  0.61466343E+000  0.10029463E+001  0.11806845E+001  0.35365547E+001
  0.61466403E+000  0.10029466E+001  0.11806867E+001  0.35366015E+001
  0.61466461E+000  0.10029470E+001  0.11806889E+001  0.35366481E+001
  0.61466519E+000  0.10029473E+001  0.11806911E+001  0.35366948E+001
  0.61466575E+000  0.10029476E+001  0.11806932E+001  0.35367414E+001
  0.61466630E+000  0.10029479E+001  0.11806952E+001  0.35367879E+001
  0.61466683E+000  0.10029482E+001  0.11806972E+001  0.35368343E+001
  0.61466736E+000  0.10029484E+001  0.11806991E+001  0.35368805E+001
  0.61466787E+000  0.10029487E+001  0.11807010E+001  0.35369266E+001
  0.61466838E+000  0.10029490E+001  0.11807029E+001  0.35369724E+001
  0.61466887E+000  0.10029492E+001  0.11807047E+001  0.35370181E+001
  0.61466934E+000  0.10029495E+001  0.11807064E+001  0.35370634E+001
  0.61466981E+000  0.10029497E+001  0.11807081E+001  0.35371085E+001
  0.61467026E+000  0.10029499E+001  0.11807098E+001  0.35371533E+001
  0.61467069E+000  0.10029501E+001  0.11807114E+001  0.35371977E+001
  0.61467112E+000  0.10029504E+001  0.11807130E+001  0.35372418E+001
  0.61467153E+000  0.10029506E+001  0.11807145E+001  0.35372854E+001
  0.61467192E+000  0.10029508E+001  0.11807159E+001  0.35373287E+001
  0.61467230E+000  0.10029509E+001  0.11807173E+001  0.35373714E+001
  0.61467267E+000  0.10029511E+001  0.11807187E+001  0.35374137E+001
  0.61467302E+000  0.10029513E+001  0.11807200E+001  0.35374555E+001
  0.61467335E+000  0.10029515E+001  0.11807212E+001  0.35374967E+001
  0.61467367E+000  0.10029516E+001  0.11807224E+001  0.35375374E+001
  0.61467397E+000  0.10029518E+001  0.11807236E+001  0.35375775E+001
  0.61467425E+000  0.10029519E+001  0.11807246E+001  0.35376169E+001
  0.61467451E+000  0.10029520E+001  0.11807257E+001  0.35376558E+001
  0.61467476E+000  0.10029521E+001  0.11807266E+001  0.35376939E+001
  0.61467498E+000  0.10029522E+001  0.11807275E+001  0.35377314E+001
  0.61467519E+000  0.10029523E+001  0.11807283E+001  0.35377681E+001
  0.61467537E+000  0.10029524E+001  0.11807291E+001  0.35378041E+001
  0.61467553E+000  0.10029525E+001  0.11807297E+001  0.35378393E+001
  0.61467567E+000  0.10029525E+001  0.11807303E+001  0.35378738E+001
  0.61467578E+000  0.10029526E+001  0.11807308E+001  0.35379074E+001
  0.61467587E+000  0.10029526E+001  0.11807313E+001  0.35379402E+001
  0.61467593E+000  0.10029526E+001  0.11807316E+001  0.35379721E+001
  0.61467596E+000  0.10029525E+001  0.11807318E+001  0.35380031E+001
  0.61467595E+000  0.10029525E+001  0.11807319E+001  0.35380331E+001
  0.61467591E+000  0.10029524E+001  0.11807319E+001  0.35380621E+001
  0.61467583E+000  0.10029523E+001  0.11807318E+001  0.35380900E+001
  0.61467571E+000  0.10029522E+001  0.11807315E+001  0.35381166E+001
  0.61467555E+000  0.10029521E+001  0.11807310E+001  0.35381420E+001
  0.61467535E+000  0.10029519E+001  0.11807304E+001  0.35381660E+001
  0.61467512E+000  0.10029518E+001  0.11807297E+001  0.35381890E+001
  0.61467488E+000  0.10029516E+001  0.11807289E+001  0.35382116E+001
  0.61467460E+000  0.10029514E+001  0.11807280E+001  0.35382349E+001
  0.61467423E+000  0.10029511E+001  0.11807270E+001  0.35382594E+001
  0.61467358E+000  0.10029506E+001  0.11807255E+001  0.35382826E+001
  0.61467249E+000  0.10029499E+001  0.11807230E+001  0.35382949E+001
  0.61467090E+000  0.10029487E+001  0.11807187E+001  0.35382890E+001
  0.61467172E+000  0.10029499E+001  0.11807207E+001  0.35383414E+001
  0.61466558E+000  0.10029407E+001  0.11807107E+001  0.35384514E+001
