  0.83768286E+000
  0.83789853E+000
  0.83806721E+000
  0.83820679E+000
  0.83832398E+000
  0.83842271E+000
  0.83850616E+000
  0.83857674E+000
  0.83863624E+000
  0.83868648E+000
  0.83872871E+000
  0.83876413E+000
  0.83879376E+000
  0.83881852E+000
  0.83883912E+000
  0.83885619E+000
  0.83887026E+000
  0.83888177E+000
  0.83889110E+000
  0.83889857E+000
  0.83890446E+000
  0.83890901E+000
  0.83891242E+000
  0.83891487E+000
  0.83891650E+000
  0.83891744E+000
  0.83891780E+000
  0.83891768E+000
  0.83891716E+000
  0.83891630E+000
  0.83891517E+000
  0.83891382E+000
  0.83891229E+000
  0.83891062E+000
  0.83890884E+000
  0.83890696E+000
  0.83890502E+000
  0.83890302E+000
  0.83890098E+000
  0.83889890E+000
  0.83889681E+000
  0.83889468E+000
  0.83889254E+000
  0.83889038E+000
  0.83888820E+000
  0.83888601E+000
  0.83888378E+000
  0.83888154E+000
  0.83887927E+000
  0.83887698E+000
  0.83887466E+000
  0.83887231E+000
  0.83886994E+000
  0.83886754E+000
  0.83886511E+000
  0.83886267E+000
  0.83886021E+000
  0.83885774E+000
  0.83885525E+000
  0.83885276E+000
  0.83885027E+000
  0.83884779E+000
  0.83884531E+000
  0.83884285E+000
  0.83884041E+000
  0.83883799E+000
  0.83883559E+000
  0.83883323E+000
  0.83883089E+000
  0.83882859E+000
  0.83882631E+000
  0.83882408E+000
  0.83882187E+000
  0.83881969E+000
  0.83881754E+000
  0.83881541E+000
  0.83881331E+000
  0.83881123E+000
  0.83880916E+000
  0.83880712E+000
  0.83880509E+000
  0.83880307E+000
  0.83880106E+000
  0.83879906E+000
  0.83879706E+000
  0.83879508E+000
  0.83879309E+000
  0.83879112E+000
  0.83878915E+000
  0.83878718E+000
  0.83878522E+000
  0.83878326E+000
  0.83878131E+000
  0.83877937E+000
  0.83877743E+000
  0.83877550E+000
  0.83877358E+000
  0.83877166E+000
  0.83876976E+000
  0.83876787E+000
  0.83876599E+000
  0.83876413E+000
  0.83876228E+000
  0.83876045E+000
  0.83875864E+000
  0.83875685E+000
  0.83875507E+000
  0.83875332E+000
  0.83875159E+000
  0.83874988E+000
  0.83874820E+000
  0.83874654E+000
  0.83874491E+000
  0.83874331E+000
  0.83874173E+000
  0.83874018E+000
  0.83873866E+000
  0.83873717E+000
  0.83873571E+000
  0.83873428E+000
  0.83873288E+000
  0.83873151E+000
  0.83873017E+000
  0.83872886E+000
  0.83872758E+000
  0.83872633E+000
  0.83872511E+000
  0.83872392E+000
  0.83872275E+000
  0.83872161E+000
  0.83872050E+000
  0.83871942E+000
  0.83871836E+000
  0.83871733E+000
  0.83871631E+000
  0.83871532E+000
  0.83871436E+000
  0.83871341E+000
  0.83871249E+000
  0.83871158E+000
  0.83871069E+000
  0.83870982E+000
  0.83870896E+000
  0.83870813E+000
  0.83870730E+000
  0.83870649E+000
  0.83870570E+000
  0.83870492E+000
  0.83870415E+000
  0.83870339E+000
  0.83870264E+000
  0.83870191E+000
  0.83870119E+000
  0.83870047E+000
  0.83869977E+000
  0.83869907E+000
  0.83869839E+000
  0.83869771E+000
  0.83869705E+000
  0.83869639E+000
  0.83869574E+000
  0.83869510E+000
  0.83869447E+000
  0.83869385E+000
  0.83869324E+000
  0.83869264E+000
  0.83869204E+000
  0.83869146E+000
  0.83869088E+000
  0.83869031E+000
  0.83868975E+000
  0.83868921E+000
  0.83868867E+000
  0.83868814E+000
  0.83868761E+000
  0.83868710E+000
  0.83868660E+000
  0.83868610E+000
  0.83868562E+000
  0.83868514E+000
  0.83868467E+000
  0.83868421E+000
  0.83868376E+000
  0.83868331E+000
  0.83868287E+000
  0.83868244E+000
  0.83868201E+000
  0.83868159E+000
  0.83868117E+000
  0.83868077E+000
  0.83868038E+000
  0.83868002E+000
  0.83867966E+000
  0.83867925E+000
  0.83867871E+000
  0.83867792E+000
  0.83867706E+000
  0.83867652E+000
  0.83867691E+000
  0.83866566E+000
