  0.21938893E+002
  0.21926638E+002
  0.21916099E+002
  0.21907069E+002
  0.21899355E+002
  0.21892775E+002
  0.21887171E+002
  0.21882403E+002
  0.21878350E+002
  0.21874908E+002
  0.21871989E+002
  0.21869515E+002
  0.21867421E+002
  0.21865652E+002
  0.21864160E+002
  0.21862906E+002
  0.21861856E+002
  0.21860978E+002
  0.21860250E+002
  0.21859650E+002
  0.21859159E+002
  0.21858762E+002
  0.21858445E+002
  0.21858198E+002
  0.21858011E+002
  0.21857875E+002
  0.21857784E+002
  0.21857730E+002
  0.21857709E+002
  0.21857716E+002
  0.21857747E+002
  0.21857800E+002
  0.21857871E+002
  0.21857958E+002
  0.21858059E+002
  0.21858173E+002
  0.21858298E+002
  0.21858434E+002
  0.21858579E+002
  0.21858734E+002
  0.21858898E+002
  0.21859070E+002
  0.21859252E+002
  0.21859443E+002
  0.21859643E+002
  0.21859852E+002
  0.21860071E+002
  0.21860300E+002
  0.21860540E+002
  0.21860790E+002
  0.21861052E+002
  0.21861325E+002
  0.21861609E+002
  0.21861905E+002
  0.21862213E+002
  0.21862533E+002
  0.21862865E+002
  0.21863209E+002
  0.21863565E+002
  0.21863933E+002
  0.21864313E+002
  0.21864705E+002
  0.21865108E+002
  0.21865522E+002
  0.21865948E+002
  0.21866385E+002
  0.21866832E+002
  0.21867291E+002
  0.21867760E+002
  0.21868240E+002
  0.21868731E+002
  0.21869233E+002
  0.21869746E+002
  0.21870270E+002
  0.21870806E+002
  0.21871353E+002
  0.21871912E+002
  0.21872482E+002
  0.21873065E+002
  0.21873659E+002
  0.21874266E+002
  0.21874884E+002
  0.21875515E+002
  0.21876157E+002
  0.21876812E+002
  0.21877478E+002
  0.21878155E+002
  0.21878843E+002
  0.21879542E+002
  0.21880251E+002
  0.21880970E+002
  0.21881698E+002
  0.21882435E+002
  0.21883181E+002
  0.21883934E+002
  0.21884694E+002
  0.21885461E+002
  0.21886234E+002
  0.21887012E+002
  0.21887795E+002
  0.21888582E+002
  0.21889372E+002
  0.21890166E+002
  0.21890962E+002
  0.21891760E+002
  0.21892559E+002
  0.21893359E+002
  0.21894159E+002
  0.21894959E+002
  0.21895759E+002
  0.21896557E+002
  0.21897355E+002
  0.21898150E+002
  0.21898943E+002
  0.21899734E+002
  0.21900523E+002
  0.21901308E+002
  0.21902090E+002
  0.21902869E+002
  0.21903644E+002
  0.21904416E+002
  0.21905184E+002
  0.21905947E+002
  0.21906707E+002
  0.21907463E+002
  0.21908215E+002
  0.21908963E+002
  0.21909706E+002
  0.21910446E+002
  0.21911182E+002
  0.21911914E+002
  0.21912643E+002
  0.21913367E+002
  0.21914088E+002
  0.21914806E+002
  0.21915520E+002
  0.21916232E+002
  0.21916939E+002
  0.21917644E+002
  0.21918346E+002
  0.21919045E+002
  0.21919741E+002
  0.21920434E+002
  0.21921125E+002
  0.21921813E+002
  0.21922498E+002
  0.21923180E+002
  0.21923859E+002
  0.21924536E+002
  0.21925210E+002
  0.21925881E+002
  0.21926548E+002
  0.21927213E+002
  0.21927874E+002
  0.21928532E+002
  0.21929186E+002
  0.21929837E+002
  0.21930483E+002
  0.21931125E+002
  0.21931763E+002
  0.21932396E+002
  0.21933024E+002
  0.21933646E+002
  0.21934263E+002
  0.21934875E+002
  0.21935480E+002
  0.21936079E+002
  0.21936671E+002
  0.21937257E+002
  0.21937835E+002
  0.21938405E+002
  0.21938967E+002
  0.21939521E+002
  0.21940067E+002
  0.21940603E+002
  0.21941130E+002
  0.21941647E+002
  0.21942155E+002
  0.21942652E+002
  0.21943138E+002
  0.21943613E+002
  0.21944076E+002
  0.21944528E+002
  0.21944967E+002
  0.21945393E+002
  0.21945806E+002
  0.21946205E+002
  0.21946589E+002
  0.21946958E+002
  0.21947310E+002
  0.21947645E+002
  0.21947961E+002
  0.21948259E+002
  0.21948540E+002
  0.21948807E+002
  0.21949061E+002
  0.21949296E+002
  0.21949485E+002
  0.21949592E+002
  0.21949829E+002
