  0.14607529E+000
  0.14672357E+000
  0.14715000E+000
  0.14741991E+000
  0.14758025E+000
  0.14766299E+000
  0.14769283E+000
  0.14768591E+000
  0.14765384E+000
  0.14760499E+000
  0.14754527E+000
  0.14748125E+000
  0.14741642E+000
  0.14735248E+000
  0.14729026E+000
  0.14723031E+000
  0.14717298E+000
  0.14711847E+000
  0.14706685E+000
  0.14701812E+000
  0.14697221E+000
  0.14692903E+000
  0.14688844E+000
  0.14685033E+000
  0.14681453E+000
  0.14678093E+000
  0.14674936E+000
  0.14671971E+000
  0.14669183E+000
  0.14666561E+000
  0.14664093E+000
  0.14661768E+000
  0.14659575E+000
  0.14657506E+000
  0.14655550E+000
  0.14653698E+000
  0.14651944E+000
  0.14650278E+000
  0.14648693E+000
  0.14647183E+000
  0.14645741E+000
  0.14644360E+000
  0.14643035E+000
  0.14641760E+000
  0.14640530E+000
  0.14639341E+000
  0.14638189E+000
  0.14637071E+000
  0.14635982E+000
  0.14634921E+000
  0.14633886E+000
  0.14632875E+000
  0.14631886E+000
  0.14630920E+000
  0.14629975E+000
  0.14629051E+000
  0.14628149E+000
  0.14627268E+000
  0.14626409E+000
  0.14625572E+000
  0.14624758E+000
  0.14623967E+000
  0.14623199E+000
  0.14622454E+000
  0.14621732E+000
  0.14621033E+000
  0.14620357E+000
  0.14619703E+000
  0.14619071E+000
  0.14618460E+000
  0.14617869E+000
  0.14617299E+000
  0.14616748E+000
  0.14616216E+000
  0.14615703E+000
  0.14615208E+000
  0.14614731E+000
  0.14614271E+000
  0.14613830E+000
  0.14613406E+000
  0.14612999E+000
  0.14612611E+000
  0.14612241E+000
  0.14611888E+000
  0.14611554E+000
  0.14611237E+000
  0.14610939E+000
  0.14610658E+000
  0.14610395E+000
  0.14610150E+000
  0.14609922E+000
  0.14609711E+000
  0.14609516E+000
  0.14609337E+000
  0.14609174E+000
  0.14609026E+000
  0.14608893E+000
  0.14608773E+000
  0.14608667E+000
  0.14608572E+000
  0.14608490E+000
  0.14608419E+000
  0.14608358E+000
  0.14608307E+000
  0.14608265E+000
  0.14608231E+000
  0.14608205E+000
  0.14608185E+000
  0.14608173E+000
  0.14608165E+000
  0.14608163E+000
  0.14608166E+000
  0.14608173E+000
  0.14608183E+000
  0.14608196E+000
  0.14608212E+000
  0.14608230E+000
  0.14608250E+000
  0.14608271E+000
  0.14608293E+000
  0.14608315E+000
  0.14608337E+000
  0.14608358E+000
  0.14608379E+000
  0.14608399E+000
  0.14608418E+000
  0.14608435E+000
  0.14608450E+000
  0.14608463E+000
  0.14608474E+000
  0.14608483E+000
  0.14608489E+000
  0.14608492E+000
  0.14608492E+000
  0.14608490E+000
  0.14608485E+000
  0.14608476E+000
  0.14608465E+000
  0.14608452E+000
  0.14608435E+000
  0.14608415E+000
  0.14608393E+000
  0.14608369E+000
  0.14608342E+000
  0.14608312E+000
  0.14608281E+000
  0.14608247E+000
  0.14608212E+000
  0.14608175E+000
  0.14608136E+000
  0.14608096E+000
  0.14608055E+000
  0.14608013E+000
  0.14607970E+000
  0.14607926E+000
  0.14607882E+000
  0.14607837E+000
  0.14607792E+000
  0.14607747E+000
  0.14607703E+000
  0.14607658E+000
  0.14607613E+000
  0.14607569E+000
  0.14607526E+000
  0.14607483E+000
  0.14607441E+000
  0.14607400E+000
  0.14607360E+000
  0.14607320E+000
  0.14607282E+000
  0.14607244E+000
  0.14607208E+000
  0.14607173E+000
  0.14607139E+000
  0.14607106E+000
  0.14607074E+000
  0.14607043E+000
  0.14607014E+000
  0.14606985E+000
  0.14606958E+000
  0.14606932E+000
  0.14606907E+000
  0.14606883E+000
  0.14606860E+000
  0.14606839E+000
  0.14606819E+000
  0.14606801E+000
  0.14606786E+000
  0.14606774E+000
  0.14606764E+000
  0.14606755E+000
  0.14606746E+000
  0.14606730E+000
  0.14606705E+000
  0.14606678E+000
  0.14606678E+000
  0.14606762E+000
  0.14606966E+000
  0.14607216E+000
  0.14607365E+000
