  0.20669794E+000
  0.20671921E+000
  0.20673787E+000
  0.20675417E+000
  0.20676838E+000
  0.20678076E+000
  0.20679153E+000
  0.20680091E+000
  0.20680906E+000
  0.20681615E+000
  0.20682231E+000
  0.20682764E+000
  0.20683226E+000
  0.20683623E+000
  0.20683964E+000
  0.20684255E+000
  0.20684500E+000
  0.20684705E+000
  0.20684872E+000
  0.20685006E+000
  0.20685110E+000
  0.20685184E+000
  0.20685232E+000
  0.20685255E+000
  0.20685255E+000
  0.20685232E+000
  0.20685186E+000
  0.20685120E+000
  0.20685033E+000
  0.20684926E+000
  0.20684798E+000
  0.20684650E+000
  0.20684482E+000
  0.20684293E+000
  0.20684083E+000
  0.20683852E+000
  0.20683600E+000
  0.20683326E+000
  0.20683029E+000
  0.20682709E+000
  0.20682366E+000
  0.20681999E+000
  0.20681608E+000
  0.20681192E+000
  0.20680750E+000
  0.20680283E+000
  0.20679790E+000
  0.20679271E+000
  0.20678725E+000
  0.20678154E+000
  0.20677556E+000
  0.20676932E+000
  0.20676283E+000
  0.20675609E+000
  0.20674910E+000
  0.20674188E+000
  0.20673442E+000
  0.20672675E+000
  0.20671888E+000
  0.20671080E+000
  0.20670255E+000
  0.20669413E+000
  0.20668556E+000
  0.20667685E+000
  0.20666803E+000
  0.20665911E+000
  0.20665011E+000
  0.20664105E+000
  0.20663195E+000
  0.20662284E+000
  0.20661372E+000
  0.20660462E+000
  0.20659557E+000
  0.20658659E+000
  0.20657770E+000
  0.20656892E+000
  0.20656027E+000
  0.20655178E+000
  0.20654348E+000
  0.20653537E+000
  0.20652749E+000
  0.20651985E+000
  0.20651248E+000
  0.20650540E+000
  0.20649861E+000
  0.20649215E+000
  0.20648602E+000
  0.20648024E+000
  0.20647482E+000
  0.20646977E+000
  0.20646510E+000
  0.20646081E+000
  0.20645690E+000
  0.20645339E+000
  0.20645026E+000
  0.20644752E+000
  0.20644516E+000
  0.20644317E+000
  0.20644154E+000
  0.20644027E+000
  0.20643934E+000
  0.20643874E+000
  0.20643846E+000
  0.20643847E+000
  0.20643876E+000
  0.20643931E+000
  0.20644011E+000
  0.20644113E+000
  0.20644235E+000
  0.20644376E+000
  0.20644533E+000
  0.20644704E+000
  0.20644887E+000
  0.20645081E+000
  0.20645283E+000
  0.20645491E+000
  0.20645703E+000
  0.20645918E+000
  0.20646133E+000
  0.20646348E+000
  0.20646560E+000
  0.20646767E+000
  0.20646969E+000
  0.20647164E+000
  0.20647351E+000
  0.20647528E+000
  0.20647696E+000
  0.20647851E+000
  0.20647995E+000
  0.20648127E+000
  0.20648245E+000
  0.20648350E+000
  0.20648442E+000
  0.20648519E+000
  0.20648583E+000
  0.20648633E+000
  0.20648670E+000
  0.20648693E+000
  0.20648704E+000
  0.20648702E+000
  0.20648690E+000
  0.20648666E+000
  0.20648632E+000
  0.20648589E+000
  0.20648538E+000
  0.20648480E+000
  0.20648416E+000
  0.20648346E+000
  0.20648273E+000
  0.20648197E+000
  0.20648119E+000
  0.20648042E+000
  0.20647965E+000
  0.20647890E+000
  0.20647820E+000
  0.20647754E+000
  0.20647694E+000
  0.20647642E+000
  0.20647598E+000
  0.20647565E+000
  0.20647543E+000
  0.20647534E+000
  0.20647539E+000
  0.20647559E+000
  0.20647596E+000
  0.20647650E+000
  0.20647723E+000
  0.20647816E+000
  0.20647930E+000
  0.20648067E+000
  0.20648227E+000
  0.20648411E+000
  0.20648620E+000
  0.20648856E+000
  0.20649119E+000
  0.20649409E+000
  0.20649728E+000
  0.20650076E+000
  0.20650453E+000
  0.20650861E+000
  0.20651299E+000
  0.20651767E+000
  0.20652267E+000
  0.20652796E+000
  0.20653357E+000
  0.20653948E+000
  0.20654569E+000
  0.20655219E+000
  0.20655898E+000
  0.20656606E+000
  0.20657340E+000
  0.20658098E+000
  0.20658883E+000
  0.20659689E+000
  0.20660531E+000
  0.20661394E+000
  0.20662335E+000
  0.20663257E+000
  0.20664299E+000
  0.20665046E+000
