  0.28914969E+000
  0.29388192E+000
  0.29433797E+000
  0.29396658E+000
  0.29345466E+000
  0.29296038E+000
  0.29250775E+000
  0.29210944E+000
  0.29176755E+000
  0.29148241E+000
  0.29124309E+000
  0.29103510E+000
  0.29085032E+000
  0.29068532E+000
  0.29053946E+000
  0.29041143E+000
  0.29029966E+000
  0.29020250E+000
  0.29011832E+000
  0.29004557E+000
  0.28998279E+000
  0.28992867E+000
  0.28988204E+000
  0.28984183E+000
  0.28980713E+000
  0.28977712E+000
  0.28975109E+000
  0.28972841E+000
  0.28970855E+000
  0.28969103E+000
  0.28967543E+000
  0.28966140E+000
  0.28964862E+000
  0.28963683E+000
  0.28962577E+000
  0.28961526E+000
  0.28960512E+000
  0.28959521E+000
  0.28958541E+000
  0.28957562E+000
  0.28956576E+000
  0.28955579E+000
  0.28954565E+000
  0.28953532E+000
  0.28952480E+000
  0.28951407E+000
  0.28950315E+000
  0.28949206E+000
  0.28948082E+000
  0.28946946E+000
  0.28945802E+000
  0.28944653E+000
  0.28943502E+000
  0.28942355E+000
  0.28941214E+000
  0.28940084E+000
  0.28938968E+000
  0.28937871E+000
  0.28936795E+000
  0.28935744E+000
  0.28934720E+000
  0.28933725E+000
  0.28932762E+000
  0.28931831E+000
  0.28930934E+000
  0.28930072E+000
  0.28929245E+000
  0.28928452E+000
  0.28927694E+000
  0.28926969E+000
  0.28926277E+000
  0.28925616E+000
  0.28924986E+000
  0.28924386E+000
  0.28923813E+000
  0.28923268E+000
  0.28922749E+000
  0.28922255E+000
  0.28921786E+000
  0.28921340E+000
  0.28920916E+000
  0.28920514E+000
  0.28920133E+000
  0.28919773E+000
  0.28919432E+000
  0.28919110E+000
  0.28918806E+000
  0.28918519E+000
  0.28918249E+000
  0.28917995E+000
  0.28917756E+000
  0.28917531E+000
  0.28917320E+000
  0.28917121E+000
  0.28916935E+000
  0.28916760E+000
  0.28916595E+000
  0.28916440E+000
  0.28916294E+000
  0.28916156E+000
  0.28916025E+000
  0.28915902E+000
  0.28915785E+000
  0.28915673E+000
  0.28915567E+000
  0.28915465E+000
  0.28915368E+000
  0.28915274E+000
  0.28915184E+000
  0.28915097E+000
  0.28915013E+000
  0.28914931E+000
  0.28914852E+000
  0.28914775E+000
  0.28914701E+000
  0.28914628E+000
  0.28914557E+000
  0.28914488E+000
  0.28914421E+000
  0.28914355E+000
  0.28914290E+000
  0.28914227E+000
  0.28914164E+000
  0.28914103E+000
  0.28914043E+000
  0.28913983E+000
  0.28913924E+000
  0.28913865E+000
  0.28913807E+000
  0.28913750E+000
  0.28913692E+000
  0.28913635E+000
  0.28913578E+000
  0.28913520E+000
  0.28913463E+000
  0.28913405E+000
  0.28913347E+000
  0.28913289E+000
  0.28913231E+000
  0.28913172E+000
  0.28913113E+000
  0.28913053E+000
  0.28912993E+000
  0.28912933E+000
  0.28912872E+000
  0.28912811E+000
  0.28912750E+000
  0.28912689E+000
  0.28912627E+000
  0.28912566E+000
  0.28912504E+000
  0.28912443E+000
  0.28912383E+000
  0.28912323E+000
  0.28912263E+000
  0.28912204E+000
  0.28912147E+000
  0.28912090E+000
  0.28912035E+000
  0.28911982E+000
  0.28911930E+000
  0.28911880E+000
  0.28911833E+000
  0.28911788E+000
  0.28911745E+000
  0.28911706E+000
  0.28911670E+000
  0.28911637E+000
  0.28911607E+000
  0.28911581E+000
  0.28911560E+000
  0.28911542E+000
  0.28911529E+000
  0.28911520E+000
  0.28911517E+000
  0.28911518E+000
  0.28911524E+000
  0.28911536E+000
  0.28911553E+000
  0.28911576E+000
  0.28911604E+000
  0.28911638E+000
  0.28911678E+000
  0.28911723E+000
  0.28911774E+000
  0.28911831E+000
  0.28911894E+000
  0.28911964E+000
  0.28912041E+000
  0.28912125E+000
  0.28912213E+000
  0.28912302E+000
  0.28912383E+000
  0.28912452E+000
  0.28912513E+000
  0.28912604E+000
  0.28912815E+000
  0.28913176E+000
  0.28913647E+000
  0.28913808E+000
