  0.10274328E+000
  0.10284214E+000
  0.10285291E+000
  0.10283133E+000
  0.10280156E+000
  0.10277337E+000
  0.10275002E+000
  0.10273204E+000
  0.10271894E+000
  0.10270994E+000
  0.10270423E+000
  0.10270113E+000
  0.10270005E+000
  0.10270054E+000
  0.10270221E+000
  0.10270478E+000
  0.10270801E+000
  0.10271171E+000
  0.10271572E+000
  0.10271994E+000
  0.10272425E+000
  0.10272859E+000
  0.10273289E+000
  0.10273710E+000
  0.10274118E+000
  0.10274510E+000
  0.10274883E+000
  0.10275234E+000
  0.10275563E+000
  0.10275867E+000
  0.10276146E+000
  0.10276398E+000
  0.10276623E+000
  0.10276821E+000
  0.10276991E+000
  0.10277133E+000
  0.10277247E+000
  0.10277334E+000
  0.10277393E+000
  0.10277426E+000
  0.10277432E+000
  0.10277413E+000
  0.10277369E+000
  0.10277301E+000
  0.10277209E+000
  0.10277095E+000
  0.10276960E+000
  0.10276803E+000
  0.10276626E+000
  0.10276430E+000
  0.10276215E+000
  0.10275982E+000
  0.10275731E+000
  0.10275464E+000
  0.10275179E+000
  0.10274879E+000
  0.10274564E+000
  0.10274233E+000
  0.10273889E+000
  0.10273530E+000
  0.10273159E+000
  0.10272776E+000
  0.10272381E+000
  0.10271975E+000
  0.10271561E+000
  0.10271137E+000
  0.10270707E+000
  0.10270271E+000
  0.10269830E+000
  0.10269386E+000
  0.10268940E+000
  0.10268494E+000
  0.10268049E+000
  0.10267606E+000
  0.10267167E+000
  0.10266734E+000
  0.10266307E+000
  0.10265889E+000
  0.10265480E+000
  0.10265082E+000
  0.10264697E+000
  0.10264325E+000
  0.10263967E+000
  0.10263625E+000
  0.10263300E+000
  0.10262992E+000
  0.10262702E+000
  0.10262431E+000
  0.10262180E+000
  0.10261948E+000
  0.10261737E+000
  0.10261546E+000
  0.10261375E+000
  0.10261225E+000
  0.10261095E+000
  0.10260986E+000
  0.10260895E+000
  0.10260824E+000
  0.10260772E+000
  0.10260737E+000
  0.10260719E+000
  0.10260718E+000
  0.10260732E+000
  0.10260760E+000
  0.10260802E+000
  0.10260856E+000
  0.10260922E+000
  0.10260998E+000
  0.10261083E+000
  0.10261175E+000
  0.10261275E+000
  0.10261381E+000
  0.10261491E+000
  0.10261605E+000
  0.10261722E+000
  0.10261840E+000
  0.10261959E+000
  0.10262077E+000
  0.10262195E+000
  0.10262310E+000
  0.10262423E+000
  0.10262532E+000
  0.10262637E+000
  0.10262737E+000
  0.10262832E+000
  0.10262920E+000
  0.10263003E+000
  0.10263079E+000
  0.10263148E+000
  0.10263211E+000
  0.10263265E+000
  0.10263313E+000
  0.10263353E+000
  0.10263385E+000
  0.10263411E+000
  0.10263429E+000
  0.10263440E+000
  0.10263445E+000
  0.10263443E+000
  0.10263436E+000
  0.10263422E+000
  0.10263404E+000
  0.10263380E+000
  0.10263353E+000
  0.10263322E+000
  0.10263287E+000
  0.10263250E+000
  0.10263212E+000
  0.10263171E+000
  0.10263131E+000
  0.10263090E+000
  0.10263049E+000
  0.10263011E+000
  0.10262974E+000
  0.10262939E+000
  0.10262908E+000
  0.10262881E+000
  0.10262859E+000
  0.10262841E+000
  0.10262830E+000
  0.10262826E+000
  0.10262828E+000
  0.10262839E+000
  0.10262858E+000
  0.10262886E+000
  0.10262925E+000
  0.10262973E+000
  0.10263032E+000
  0.10263103E+000
  0.10263186E+000
  0.10263281E+000
  0.10263389E+000
  0.10263511E+000
  0.10263646E+000
  0.10263796E+000
  0.10263961E+000
  0.10264140E+000
  0.10264334E+000
  0.10264544E+000
  0.10264769E+000
  0.10265010E+000
  0.10265266E+000
  0.10265538E+000
  0.10265826E+000
  0.10266129E+000
  0.10266447E+000
  0.10266780E+000
  0.10267128E+000
  0.10267491E+000
  0.10267867E+000
  0.10268256E+000
  0.10268657E+000
  0.10269073E+000
  0.10269500E+000
  0.10269950E+000
  0.10270404E+000
  0.10270901E+000
  0.10271358E+000
  0.10271904E+000
  0.10272227E+000
