  0.18640641E+000
  0.19103978E+000
  0.19148506E+000
  0.19113525E+000
  0.19065309E+000
  0.19018701E+000
  0.18975773E+000
  0.18937740E+000
  0.18904861E+000
  0.18877248E+000
  0.18853887E+000
  0.18833397E+000
  0.18815026E+000
  0.18798478E+000
  0.18783724E+000
  0.18770664E+000
  0.18759165E+000
  0.18749080E+000
  0.18740260E+000
  0.18732563E+000
  0.18725854E+000
  0.18720008E+000
  0.18714915E+000
  0.18710473E+000
  0.18706595E+000
  0.18703202E+000
  0.18700226E+000
  0.18697607E+000
  0.18695292E+000
  0.18693235E+000
  0.18691397E+000
  0.18689742E+000
  0.18688239E+000
  0.18686862E+000
  0.18685586E+000
  0.18684393E+000
  0.18683265E+000
  0.18682187E+000
  0.18681148E+000
  0.18680136E+000
  0.18679144E+000
  0.18678166E+000
  0.18677196E+000
  0.18676231E+000
  0.18675270E+000
  0.18674311E+000
  0.18673355E+000
  0.18672403E+000
  0.18671456E+000
  0.18670516E+000
  0.18669587E+000
  0.18668671E+000
  0.18667771E+000
  0.18666891E+000
  0.18666035E+000
  0.18665205E+000
  0.18664405E+000
  0.18663638E+000
  0.18662906E+000
  0.18662213E+000
  0.18661560E+000
  0.18660949E+000
  0.18660381E+000
  0.18659856E+000
  0.18659374E+000
  0.18658935E+000
  0.18658538E+000
  0.18658181E+000
  0.18657864E+000
  0.18657583E+000
  0.18657337E+000
  0.18657122E+000
  0.18656938E+000
  0.18656780E+000
  0.18656646E+000
  0.18656535E+000
  0.18656442E+000
  0.18656367E+000
  0.18656306E+000
  0.18656257E+000
  0.18656219E+000
  0.18656190E+000
  0.18656166E+000
  0.18656148E+000
  0.18656132E+000
  0.18656118E+000
  0.18656104E+000
  0.18656088E+000
  0.18656069E+000
  0.18656047E+000
  0.18656019E+000
  0.18655985E+000
  0.18655944E+000
  0.18655896E+000
  0.18655839E+000
  0.18655774E+000
  0.18655699E+000
  0.18655616E+000
  0.18655522E+000
  0.18655419E+000
  0.18655306E+000
  0.18655184E+000
  0.18655053E+000
  0.18654913E+000
  0.18654765E+000
  0.18654609E+000
  0.18654446E+000
  0.18654276E+000
  0.18654101E+000
  0.18653921E+000
  0.18653737E+000
  0.18653550E+000
  0.18653361E+000
  0.18653170E+000
  0.18652979E+000
  0.18652788E+000
  0.18652599E+000
  0.18652411E+000
  0.18652226E+000
  0.18652045E+000
  0.18651867E+000
  0.18651695E+000
  0.18651528E+000
  0.18651366E+000
  0.18651211E+000
  0.18651062E+000
  0.18650921E+000
  0.18650786E+000
  0.18650659E+000
  0.18650539E+000
  0.18650427E+000
  0.18650322E+000
  0.18650225E+000
  0.18650135E+000
  0.18650052E+000
  0.18649976E+000
  0.18649907E+000
  0.18649844E+000
  0.18649787E+000
  0.18649736E+000
  0.18649691E+000
  0.18649650E+000
  0.18649613E+000
  0.18649580E+000
  0.18649551E+000
  0.18649524E+000
  0.18649500E+000
  0.18649477E+000
  0.18649456E+000
  0.18649435E+000
  0.18649415E+000
  0.18649394E+000
  0.18649372E+000
  0.18649349E+000
  0.18649324E+000
  0.18649296E+000
  0.18649266E+000
  0.18649232E+000
  0.18649194E+000
  0.18649151E+000
  0.18649104E+000
  0.18649052E+000
  0.18648994E+000
  0.18648930E+000
  0.18648859E+000
  0.18648781E+000
  0.18648697E+000
  0.18648604E+000
  0.18648504E+000
  0.18648395E+000
  0.18648278E+000
  0.18648153E+000
  0.18648018E+000
  0.18647874E+000
  0.18647721E+000
  0.18647557E+000
  0.18647385E+000
  0.18647202E+000
  0.18647010E+000
  0.18646807E+000
  0.18646595E+000
  0.18646372E+000
  0.18646140E+000
  0.18645897E+000
  0.18645645E+000
  0.18645384E+000
  0.18645114E+000
  0.18644836E+000
  0.18644550E+000
  0.18644258E+000
  0.18643957E+000
  0.18643645E+000
  0.18643310E+000
  0.18642952E+000
  0.18642563E+000
  0.18642200E+000
  0.18641914E+000
  0.18641818E+000
  0.18641743E+000
  0.18641581E+000
