  0.40575382E+000
  0.40688931E+000
  0.40789745E+000
  0.40877115E+000
  0.40953013E+000
  0.41018396E+000
  0.41074217E+000
  0.41122275E+000
  0.41163538E+000
  0.41198470E+000
  0.41228576E+000
  0.41254468E+000
  0.41276328E+000
  0.41295054E+000
  0.41311029E+000
  0.41324646E+000
  0.41336477E+000
  0.41346344E+000
  0.41354866E+000
  0.41362063E+000
  0.41368261E+000
  0.41373568E+000
  0.41377960E+000
  0.41381647E+000
  0.41384675E+000
  0.41387464E+000
  0.41389771E+000
  0.41391680E+000
  0.41393253E+000
  0.41394583E+000
  0.41395695E+000
  0.41396680E+000
  0.41397463E+000
  0.41398275E+000
  0.41398835E+000
  0.41399330E+000
  0.41399820E+000
  0.41400215E+000
  0.41400733E+000
  0.41401095E+000
  0.41401415E+000
  0.41401733E+000
  0.41402046E+000
  0.41402446E+000
  0.41402768E+000
  0.41403100E+000
  0.41403418E+000
  0.41403742E+000
  0.41404093E+000
  0.41404447E+000
  0.41404873E+000
  0.41405223E+000
  0.41405597E+000
  0.41405970E+000
  0.41406295E+000
  0.41406627E+000
  0.41406979E+000
  0.41407238E+000
  0.41407592E+000
  0.41407937E+000
  0.41408275E+000
  0.41408581E+000
  0.41408957E+000
  0.41409386E+000
  0.41409694E+000
  0.41409992E+000
  0.41410334E+000
  0.41410682E+000
  0.41410984E+000
  0.41411293E+000
  0.41411592E+000
  0.41411901E+000
  0.41412225E+000
  0.41412559E+000
  0.41412888E+000
  0.41413167E+000
  0.41413459E+000
  0.41413759E+000
  0.41414097E+000
  0.41414412E+000
  0.41414716E+000
  0.41414994E+000
  0.41415293E+000
  0.41415570E+000
  0.41415872E+000
  0.41416168E+000
  0.41416471E+000
  0.41416764E+000
  0.41417059E+000
  0.41417345E+000
  0.41417632E+000
  0.41417922E+000
  0.41418218E+000
  0.41418567E+000
  0.41418844E+000
  0.41419143E+000
  0.41419426E+000
  0.41419703E+000
  0.41419982E+000
  0.41420257E+000
  0.41420537E+000
  0.41420812E+000
  0.41421079E+000
  0.41421347E+000
  0.41421615E+000
  0.41421840E+000
  0.41422086E+000
  0.41422348E+000
  0.41422618E+000
  0.41422887E+000
  0.41423160E+000
  0.41423435E+000
  0.41423705E+000
  0.41423979E+000
  0.41424249E+000
  0.41424528E+000
  0.41424797E+000
  0.41425063E+000
  0.41425334E+000
  0.41425619E+000
  0.41425899E+000
  0.41426177E+000
  0.41426464E+000
  0.41426748E+000
  0.41427029E+000
  0.41427312E+000
  0.41427605E+000
  0.41427898E+000
  0.41428180E+000
  0.41428476E+000
  0.41428766E+000
  0.41429085E+000
  0.41429397E+000
  0.41429709E+000
  0.41430032E+000
  0.41430350E+000
  0.41430676E+000
  0.41430999E+000
  0.41431324E+000
  0.41431654E+000
  0.41431984E+000
  0.41432318E+000
  0.41432655E+000
  0.41432994E+000
  0.41433335E+000
  0.41433678E+000
  0.41434024E+000
  0.41434375E+000
  0.41434724E+000
  0.41435074E+000
  0.41435426E+000
  0.41435777E+000
  0.41436130E+000
  0.41436484E+000
  0.41436843E+000
  0.41437180E+000
  0.41437534E+000
  0.41437886E+000
  0.41438238E+000
  0.41438591E+000
  0.41438937E+000
  0.41439288E+000
  0.41439633E+000
  0.41439980E+000
  0.41440332E+000
  0.41440674E+000
  0.41441012E+000
  0.41441350E+000
  0.41441699E+000
  0.41442030E+000
  0.41442360E+000
  0.41442684E+000
  0.41443005E+000
  0.41443317E+000
  0.41443629E+000
  0.41443938E+000
  0.41444242E+000
  0.41444537E+000
  0.41444831E+000
  0.41445120E+000
  0.41445404E+000
  0.41445679E+000
  0.41445950E+000
  0.41446217E+000
  0.41446483E+000
  0.41446744E+000
  0.41446994E+000
  0.41447233E+000
  0.41447468E+000
  0.41447696E+000
  0.41447907E+000
  0.41448119E+000
  0.41448328E+000
  0.41448545E+000
  0.41448775E+000
  0.41449006E+000
  0.41449162E+000
  0.41449197E+000
  0.41449598E+000
  0.41450756E+000
