  0.86221427E+000
  0.86246080E+000
  0.86265033E+000
  0.86279858E+000
  0.86291491E+000
  0.86300585E+000
  0.86307638E+000
  0.86313032E+000
  0.86317072E+000
  0.86320005E+000
  0.86322024E+000
  0.86323297E+000
  0.86323959E+000
  0.86324120E+000
  0.86323871E+000
  0.86323287E+000
  0.86322429E+000
  0.86321349E+000
  0.86320090E+000
  0.86318687E+000
  0.86317168E+000
  0.86315559E+000
  0.86313877E+000
  0.86312142E+000
  0.86310365E+000
  0.86308558E+000
  0.86306730E+000
  0.86304890E+000
  0.86303042E+000
  0.86301191E+000
  0.86299342E+000
  0.86297497E+000
  0.86295658E+000
  0.86293827E+000
  0.86292005E+000
  0.86290192E+000
  0.86288387E+000
  0.86286592E+000
  0.86284805E+000
  0.86283025E+000
  0.86281253E+000
  0.86279487E+000
  0.86277727E+000
  0.86275971E+000
  0.86274221E+000
  0.86272474E+000
  0.86270733E+000
  0.86268996E+000
  0.86267264E+000
  0.86265538E+000
  0.86263820E+000
  0.86262110E+000
  0.86260411E+000
  0.86258723E+000
  0.86257050E+000
  0.86255393E+000
  0.86253754E+000
  0.86252136E+000
  0.86250541E+000
  0.86248972E+000
  0.86247430E+000
  0.86245918E+000
  0.86244437E+000
  0.86242990E+000
  0.86241577E+000
  0.86240200E+000
  0.86238860E+000
  0.86237559E+000
  0.86236296E+000
  0.86235073E+000
  0.86233891E+000
  0.86232749E+000
  0.86231649E+000
  0.86230591E+000
  0.86229575E+000
  0.86228603E+000
  0.86227674E+000
  0.86226790E+000
  0.86225950E+000
  0.86225156E+000
  0.86224408E+000
  0.86223705E+000
  0.86223049E+000
  0.86222438E+000
  0.86221874E+000
  0.86221355E+000
  0.86220881E+000
  0.86220451E+000
  0.86220065E+000
  0.86219720E+000
  0.86219416E+000
  0.86219151E+000
  0.86218924E+000
  0.86218734E+000
  0.86218577E+000
  0.86218453E+000
  0.86218360E+000
  0.86218296E+000
  0.86218259E+000
  0.86218246E+000
  0.86218258E+000
  0.86218290E+000
  0.86218343E+000
  0.86218413E+000
  0.86218500E+000
  0.86218601E+000
  0.86218716E+000
  0.86218842E+000
  0.86218978E+000
  0.86219123E+000
  0.86219276E+000
  0.86219435E+000
  0.86219599E+000
  0.86219768E+000
  0.86219939E+000
  0.86220113E+000
  0.86220287E+000
  0.86220462E+000
  0.86220636E+000
  0.86220809E+000
  0.86220979E+000
  0.86221147E+000
  0.86221311E+000
  0.86221470E+000
  0.86221625E+000
  0.86221775E+000
  0.86221919E+000
  0.86222056E+000
  0.86222188E+000
  0.86222312E+000
  0.86222429E+000
  0.86222539E+000
  0.86222641E+000
  0.86222736E+000
  0.86222823E+000
  0.86222903E+000
  0.86222975E+000
  0.86223039E+000
  0.86223096E+000
  0.86223146E+000
  0.86223189E+000
  0.86223225E+000
  0.86223254E+000
  0.86223277E+000
  0.86223293E+000
  0.86223305E+000
  0.86223310E+000
  0.86223311E+000
  0.86223306E+000
  0.86223298E+000
  0.86223285E+000
  0.86223269E+000
  0.86223249E+000
  0.86223227E+000
  0.86223202E+000
  0.86223175E+000
  0.86223145E+000
  0.86223115E+000
  0.86223083E+000
  0.86223050E+000
  0.86223016E+000
  0.86222982E+000
  0.86222948E+000
  0.86222914E+000
  0.86222880E+000
  0.86222847E+000
  0.86222815E+000
  0.86222784E+000
  0.86222753E+000
  0.86222724E+000
  0.86222696E+000
  0.86222670E+000
  0.86222645E+000
  0.86222622E+000
  0.86222600E+000
  0.86222580E+000
  0.86222561E+000
  0.86222544E+000
  0.86222529E+000
  0.86222516E+000
  0.86222504E+000
  0.86222494E+000
  0.86222485E+000
  0.86222478E+000
  0.86222474E+000
  0.86222472E+000
  0.86222473E+000
  0.86222477E+000
  0.86222485E+000
  0.86222497E+000
  0.86222511E+000
  0.86222525E+000
  0.86222533E+000
  0.86222534E+000
  0.86222542E+000
  0.86222592E+000
  0.86222755E+000
  0.86223054E+000
  0.86223417E+000
  0.86223591E+000
