  0.89166095E+000
  0.89168150E+000
  0.89169837E+000
  0.89171198E+000
  0.89172288E+000
  0.89173151E+000
  0.89173828E+000
  0.89174349E+000
  0.89174739E+000
  0.89175021E+000
  0.89175213E+000
  0.89175330E+000
  0.89175384E+000
  0.89175386E+000
  0.89175344E+000
  0.89175265E+000
  0.89175155E+000
  0.89175019E+000
  0.89174862E+000
  0.89174687E+000
  0.89174497E+000
  0.89174294E+000
  0.89174080E+000
  0.89173857E+000
  0.89173626E+000
  0.89173389E+000
  0.89173146E+000
  0.89172899E+000
  0.89172647E+000
  0.89172392E+000
  0.89172133E+000
  0.89171872E+000
  0.89171608E+000
  0.89171341E+000
  0.89171072E+000
  0.89170801E+000
  0.89170528E+000
  0.89170252E+000
  0.89169975E+000
  0.89169696E+000
  0.89169414E+000
  0.89169131E+000
  0.89168846E+000
  0.89168559E+000
  0.89168271E+000
  0.89167980E+000
  0.89167689E+000
  0.89167396E+000
  0.89167102E+000
  0.89166808E+000
  0.89166513E+000
  0.89166218E+000
  0.89165923E+000
  0.89165629E+000
  0.89165335E+000
  0.89165043E+000
  0.89164753E+000
  0.89164465E+000
  0.89164179E+000
  0.89163897E+000
  0.89163617E+000
  0.89163341E+000
  0.89163068E+000
  0.89162800E+000
  0.89162536E+000
  0.89162275E+000
  0.89162019E+000
  0.89161768E+000
  0.89161520E+000
  0.89161277E+000
  0.89161038E+000
  0.89160803E+000
  0.89160572E+000
  0.89160345E+000
  0.89160121E+000
  0.89159901E+000
  0.89159684E+000
  0.89159471E+000
  0.89159261E+000
  0.89159054E+000
  0.89158851E+000
  0.89158651E+000
  0.89158454E+000
  0.89158260E+000
  0.89158069E+000
  0.89157882E+000
  0.89157698E+000
  0.89157518E+000
  0.89157341E+000
  0.89157168E+000
  0.89156999E+000
  0.89156834E+000
  0.89156673E+000
  0.89156516E+000
  0.89156364E+000
  0.89156217E+000
  0.89156074E+000
  0.89155935E+000
  0.89155802E+000
  0.89155674E+000
  0.89155551E+000
  0.89155433E+000
  0.89155321E+000
  0.89155214E+000
  0.89155112E+000
  0.89155017E+000
  0.89154927E+000
  0.89154843E+000
  0.89154765E+000
  0.89154693E+000
  0.89154627E+000
  0.89154567E+000
  0.89154514E+000
  0.89154466E+000
  0.89154425E+000
  0.89154389E+000
  0.89154360E+000
  0.89154337E+000
  0.89154321E+000
  0.89154310E+000
  0.89154305E+000
  0.89154306E+000
  0.89154314E+000
  0.89154327E+000
  0.89154345E+000
  0.89154370E+000
  0.89154399E+000
  0.89154435E+000
  0.89154475E+000
  0.89154521E+000
  0.89154571E+000
  0.89154627E+000
  0.89154687E+000
  0.89154751E+000
  0.89154820E+000
  0.89154894E+000
  0.89154971E+000
  0.89155052E+000
  0.89155137E+000
  0.89155226E+000
  0.89155319E+000
  0.89155414E+000
  0.89155513E+000
  0.89155615E+000
  0.89155720E+000
  0.89155827E+000
  0.89155937E+000
  0.89156050E+000
  0.89156165E+000
  0.89156282E+000
  0.89156401E+000
  0.89156522E+000
  0.89156645E+000
  0.89156770E+000
  0.89156896E+000
  0.89157024E+000
  0.89157153E+000
  0.89157284E+000
  0.89157416E+000
  0.89157549E+000
  0.89157683E+000
  0.89157818E+000
  0.89157954E+000
  0.89158091E+000
  0.89158229E+000
  0.89158367E+000
  0.89158507E+000
  0.89158647E+000
  0.89158788E+000
  0.89158929E+000
  0.89159071E+000
  0.89159214E+000
  0.89159358E+000
  0.89159502E+000
  0.89159647E+000
  0.89159793E+000
  0.89159939E+000
  0.89160087E+000
  0.89160236E+000
  0.89160386E+000
  0.89160537E+000
  0.89160690E+000
  0.89160844E+000
  0.89161000E+000
  0.89161158E+000
  0.89161318E+000
  0.89161481E+000
  0.89161647E+000
  0.89161816E+000
  0.89161988E+000
  0.89162164E+000
  0.89162344E+000
  0.89162527E+000
  0.89162713E+000
  0.89162906E+000
  0.89163111E+000
  0.89163339E+000
  0.89163587E+000
  0.89163849E+000
  0.89164091E+000
