 -0.93401742E+000 -0.83813383E+000 -0.56492699E+000 -0.20764928E+000 -0.57295680E-002  0.84681032E-003  0.95404910E+000  0.45945677E+001  0.89465163E+001  0.16278867E+002  0.22291896E+002
 -0.93412591E+000 -0.83834711E+000 -0.56547881E+000 -0.20849044E+000 -0.58010628E-002  0.81183011E-003  0.95174714E+000  0.45904986E+001  0.89393046E+001  0.16266213E+002  0.22279012E+002
 -0.93420452E+000 -0.83851794E+000 -0.56593367E+000 -0.20916752E+000 -0.58188913E-002  0.80250708E-003  0.94993441E+000  0.45870253E+001  0.89331445E+001  0.16255484E+002  0.22268023E+002
 -0.93426088E+000 -0.83865247E+000 -0.56630576E+000 -0.20970906E+000 -0.58231550E-002  0.80099936E-003  0.94851311E+000  0.45840724E+001  0.89279078E+001  0.16246438E+002  0.22258699E+002
 -0.93430123E+000 -0.83875666E+000 -0.56660789E+000 -0.21013869E+000 -0.58225973E-002  0.80209381E-003  0.94740443E+000  0.45815757E+001  0.89234718E+001  0.16238834E+002  0.22250824E+002
 -0.93433011E+000 -0.83883606E+000 -0.56685136E+000 -0.21047581E+000 -0.58198566E-002  0.80408856E-003  0.94654597E+000  0.45794727E+001  0.89197236E+001  0.16232474E+002  0.22244202E+002
 -0.93435079E+000 -0.83889558E+000 -0.56704583E+000 -0.21073619E+000 -0.58159344E-002  0.80639256E-003  0.94588820E+000  0.45777100E+001  0.89165630E+001  0.16227179E+002  0.22238657E+002
 -0.93436559E+000 -0.83893937E+000 -0.56719942E+000 -0.21093287E+000 -0.58114567E-002  0.80871974E-003  0.94539190E+000  0.45762408E+001  0.89139027E+001  0.16222798E+002  0.22234037E+002
 -0.93437620E+000 -0.83897087E+000 -0.56731892E+000 -0.21107669E+000 -0.58068027E-002  0.81094619E-003  0.94502561E+000  0.45750243E+001  0.89116685E+001  0.16219208E+002  0.22230208E+002
 -0.93438380E+000 -0.83899286E+000 -0.56741003E+000 -0.21117667E+000 -0.58022345E-002  0.81303189E-003  0.94476408E+000  0.45740248E+001  0.89097982E+001  0.16216291E+002  0.22227036E+002
 -0.93438926E+000 -0.83900753E+000 -0.56747750E+000 -0.21124036E+000 -0.57978187E-002  0.81495992E-003  0.94458721E+000  0.45732121E+001  0.89082395E+001  0.16213948E+002  0.22224430E+002
 -0.93439321E+000 -0.83901661E+000 -0.56752531E+000 -0.21127406E+000 -0.57936024E-002  0.81674481E-003  0.94447852E+000  0.45725603E+001  0.89069494E+001  0.16212089E+002  0.22222307E+002
 -0.93439608E+000 -0.83902146E+000 -0.56755679E+000 -0.21128306E+000 -0.57896071E-002  0.81839819E-003  0.94442471E+000  0.45720476E+001  0.89058921E+001  0.16210640E+002  0.22220602E+002
 -0.93439820E+000 -0.83902311E+000 -0.56757476E+000 -0.21127177E+000 -0.57858490E-002  0.81992593E-003  0.94441514E+000  0.45716553E+001  0.89050379E+001  0.16209538E+002  0.22219255E+002
 -0.93439978E+000 -0.83902237E+000 -0.56758154E+000 -0.21124390E+000 -0.57823478E-002  0.82132932E-003  0.94444126E+000  0.45713687E+001  0.89043624E+001  0.16208730E+002  0.22218218E+002
 -0.93440100E+000 -0.83901988E+000 -0.56757912E+000 -0.21120256E+000 -0.57791075E-002  0.82261433E-003  0.94449611E+000  0.45711734E+001  0.89038449E+001  0.16208170E+002  0.22217448E+002
 -0.93440195E+000 -0.83901610E+000 -0.56756915E+000 -0.21115036E+000 -0.57761227E-002  0.82378913E-003  0.94457406E+000  0.45710571E+001  0.89034680E+001  0.16207818E+002  0.22216911E+002
 -0.93440272E+000 -0.83901141E+000 -0.56755300E+000 -0.21108947E+000 -0.57733820E-002  0.82486280E-003  0.94467054E+000  0.45710091E+001  0.89032166E+001  0.16207642E+002  0.22216579E+002
 -0.93440337E+000 -0.83900608E+000 -0.56753184E+000 -0.21102171E+000 -0.57708706E-002  0.82584463E-003  0.94478183E+000  0.45710204E+001  0.89030774E+001  0.16207615E+002  0.22216428E+002
 -0.93440392E+000 -0.83900033E+000 -0.56750663E+000 -0.21094862E+000 -0.57685717E-002  0.82674364E-003  0.94490490E+000  0.45710829E+001  0.89030383E+001  0.16207712E+002  0.22216433E+002
 -0.93440440E+000 -0.83899430E+000 -0.56747817E+000 -0.21087149E+000 -0.57664681E-002  0.82756838E-003  0.94503730E+000  0.45711900E+001  0.89030887E+001  0.16207915E+002  0.22216577E+002
 -0.93440484E+000 -0.83898812E+000 -0.56744712E+000 -0.21079139E+000 -0.57645427E-002  0.82832675E-003  0.94517702E+000  0.45713359E+001  0.89032187E+001  0.16208208E+002  0.22216844E+002
 -0.93440522E+000 -0.83898186E+000 -0.56741405E+000 -0.21070926E+000 -0.57627790E-002  0.82902599E-003  0.94532245E+000  0.45715155E+001  0.89034194E+001  0.16208578E+002  0.22217220E+002
 -0.93440556E+000 -0.83897558E+000 -0.56737941E+000 -0.21062586E+000 -0.57611614E-002  0.82967265E-003  0.94547231E+000  0.45717245E+001  0.89036828E+001  0.16209016E+002  0.22217695E+002
 -0.93440586E+000 -0.83896931E+000 -0.56734356E+000 -0.21054184E+000 -0.57596757E-002  0.83027261E-003  0.94562554E+000  0.45719593E+001  0.89040017E+001  0.16209514E+002  0.22218258E+002
 -0.93440610E+000 -0.83896306E+000 -0.56730680E+000 -0.21045777E+000 -0.57583085E-002  0.83083115E-003  0.94578135E+000  0.45722166E+001  0.89043698E+001  0.16210067E+002  0.22218903E+002
 -0.93440629E+000 -0.83895683E+000 -0.56726938E+000 -0.21037410E+000 -0.57570479E-002  0.83135299E-003  0.94593909E+000  0.45724935E+001  0.89047817E+001  0.16210670E+002  0.22219623E+002
 -0.93440640E+000 -0.83895062E+000 -0.56723147E+000 -0.21029122E+000 -0.57558829E-002  0.83184234E-003  0.94609827E+000  0.45727876E+001  0.89052325E+001  0.16211322E+002  0.22220412E+002
 -0.93440643E+000 -0.83894439E+000 -0.56719323E+000 -0.21020946E+000 -0.57548037E-002  0.83230296E-003  0.94625855E+000  0.45730968E+001  0.89057182E+001  0.16212020E+002  0.22221268E+002
 -0.93440636E+000 -0.83893813E+000 -0.56715475E+000 -0.21012908E+000 -0.57538012E-002  0.83273825E-003  0.94641966E+000  0.45734193E+001  0.89062355E+001  0.16212765E+002  0.22222185E+002
 -0.93440617E+000 -0.83893180E+000 -0.56711609E+000 -0.21005028E+000 -0.57528674E-002  0.83315120E-003  0.94658144E+000  0.45737533E+001  0.89067816E+001  0.16213555E+002  0.22223162E+002
 -0.93440584E+000 -0.83892535E+000 -0.56707730E+000 -0.20997324E+000 -0.57519949E-002  0.83354455E-003  0.94674379E+000  0.45740977E+001  0.89073541E+001  0.16214392E+002  0.22224197E+002
 -0.93440535E+000 -0.83891875E+000 -0.56703839E+000 -0.20989806E+000 -0.57511771E-002  0.83392072E-003  0.94690667E+000  0.45744512E+001  0.89079511E+001  0.16215273E+002  0.22225288E+002
 -0.93440467E+000 -0.83891194E+000 -0.56699936E+000 -0.20982484E+000 -0.57504079E-002  0.83428192E-003  0.94707010E+000  0.45748130E+001  0.89085712E+001  0.16216201E+002  0.22226435E+002
 -0.93440378E+000 -0.83890488E+000 -0.56696018E+000 -0.20975361E+000 -0.57496819E-002  0.83463009E-003  0.94723411E+000  0.45751822E+001  0.89092131E+001  0.16217173E+002  0.22227635E+002
 -0.93440266E+000 -0.83889751E+000 -0.56692083E+000 -0.20968440E+000 -0.57489942E-002  0.83496698E-003  0.94739875E+000  0.45755582E+001  0.89098758E+001  0.16218191E+002  0.22228888E+002
 -0.93440128E+000 -0.83888980E+000 -0.56688125E+000 -0.20961718E+000 -0.57483404E-002  0.83529414E-003  0.94756410E+000  0.45759407E+001  0.89105584E+001  0.16219252E+002  0.22230194E+002
 -0.93439962E+000 -0.83888168E+000 -0.56684140E+000 -0.20955193E+000 -0.57477166E-002  0.83561297E-003  0.94773024E+000  0.45763293E+001  0.89112603E+001  0.16220356E+002  0.22231551E+002
 -0.93439764E+000 -0.83887312E+000 -0.56680123E+000 -0.20948858E+000 -0.57471189E-002  0.83592468E-003  0.94789724E+000  0.45767237E+001  0.89119808E+001  0.16221503E+002  0.22232959E+002
 -0.93439532E+000 -0.83886407E+000 -0.56676069E+000 -0.20942705E+000 -0.57465444E-002  0.83623035E-003  0.94806516E+000  0.45771237E+001  0.89127191E+001  0.16222689E+002  0.22234416E+002
 -0.93439265E+000 -0.83885449E+000 -0.56671973E+000 -0.20936727E+000 -0.57459900E-002  0.83653091E-003  0.94823406E+000  0.45775294E+001  0.89134747E+001  0.16223915E+002  0.22235921E+002
 -0.93438959E+000 -0.83884435E+000 -0.56667829E+000 -0.20930912E+000 -0.57454533E-002  0.83682713E-003  0.94840395E+000  0.45779405E+001  0.89142469E+001  0.16225177E+002  0.22237471E+002
 -0.93438613E+000 -0.83883362E+000 -0.56663636E+000 -0.20925251E+000 -0.57449319E-002  0.83711968E-003  0.94857483E+000  0.45783571E+001  0.89150350E+001  0.16226475E+002  0.22239063E+002
 -0.93438226E+000 -0.83882227E+000 -0.56659390E+000 -0.20919734E+000 -0.57444239E-002  0.83740911E-003  0.94874670E+000  0.45787791E+001  0.89158383E+001  0.16227806E+002  0.22240696E+002
 -0.93437795E+000 -0.83881028E+000 -0.56655089E+000 -0.20914351E+000 -0.57439277E-002  0.83769582E-003  0.94891949E+000  0.45792064E+001  0.89166558E+001  0.16229170E+002  0.22242365E+002
 -0.93437320E+000 -0.83879766E+000 -0.56650732E+000 -0.20909091E+000 -0.57434419E-002  0.83798011E-003  0.94909311E+000  0.45796390E+001  0.89174868E+001  0.16230563E+002  0.22244065E+002
 -0.93436799E+000 -0.83878439E+000 -0.56646322E+000 -0.20903946E+000 -0.57429653E-002  0.83826220E-003  0.94926747E+000  0.45800766E+001  0.89183304E+001  0.16231984E+002  0.22245794E+002
 -0.93436234E+000 -0.83877048E+000 -0.56641859E+000 -0.20898909E+000 -0.57424970E-002  0.83854217E-003  0.94944240E+000  0.45805192E+001  0.89191855E+001  0.16233432E+002  0.22247546E+002
 -0.93435623E+000 -0.83875595E+000 -0.56637348E+000 -0.20893972E+000 -0.57420364E-002  0.83882002E-003  0.94961774E+000  0.45809665E+001  0.89200514E+001  0.16234904E+002  0.22249316E+002
 -0.93434968E+000 -0.83874082E+000 -0.56632793E+000 -0.20889131E+000 -0.57415829E-002  0.83909569E-003  0.94979328E+000  0.45814181E+001  0.89209268E+001  0.16236398E+002  0.22251098E+002
 -0.93434269E+000 -0.83872512E+000 -0.56628199E+000 -0.20884381E+000 -0.57411364E-002  0.83936902E-003  0.94996880E+000  0.45818737E+001  0.89218108E+001  0.16237912E+002  0.22252888E+002
 -0.93433529E+000 -0.83870888E+000 -0.56623575E+000 -0.20879719E+000 -0.57406967E-002  0.83963978E-003  0.95014404E+000  0.45823330E+001  0.89227024E+001  0.16239443E+002  0.22254679E+002
 -0.93432748E+000 -0.83869215E+000 -0.56618929E+000 -0.20875144E+000 -0.57402639E-002  0.83990770E-003  0.95031874E+000  0.45827953E+001  0.89236003E+001  0.16240988E+002  0.22256467E+002
 -0.93431930E+000 -0.83867498E+000 -0.56614269E+000 -0.20870655E+000 -0.57398382E-002  0.84017244E-003  0.95049261E+000  0.45832601E+001  0.89245035E+001  0.16242544E+002  0.22258244E+002
 -0.93431077E+000 -0.83865743E+000 -0.56609605E+000 -0.20866253E+000 -0.57394198E-002  0.84043364E-003  0.95066534E+000  0.45837268E+001  0.89254105E+001  0.16244108E+002  0.22260007E+002
 -0.93430193E+000 -0.83863954E+000 -0.56604948E+000 -0.20861939E+000 -0.57390092E-002  0.84069091E-003  0.95083664E+000  0.45841948E+001  0.89263202E+001  0.16245676E+002  0.22261749E+002
 -0.93429280E+000 -0.83862139E+000 -0.56600309E+000 -0.20857715E+000 -0.57386067E-002  0.84094383E-003  0.95100619E+000  0.45846634E+001  0.89272311E+001  0.16247245E+002  0.22263465E+002
 -0.93428342E+000 -0.83860304E+000 -0.56595698E+000 -0.20853583E+000 -0.57382129E-002  0.84119199E-003  0.95117367E+000  0.45851317E+001  0.89281416E+001  0.16248808E+002  0.22265150E+002
 -0.93427384E+000 -0.83858455E+000 -0.56591127E+000 -0.20849546E+000 -0.57378282E-002  0.84143500E-003  0.95133880E+000  0.45855990E+001  0.89290499E+001  0.16250364E+002  0.22266799E+002
 -0.93426408E+000 -0.83856599E+000 -0.56586606E+000 -0.20845607E+000 -0.57374531E-002  0.84167248E-003  0.95150128E+000  0.45860644E+001  0.89299544E+001  0.16251906E+002  0.22268409E+002
 -0.93425419E+000 -0.83854742E+000 -0.56582145E+000 -0.20841766E+000 -0.57370879E-002  0.84190408E-003  0.95166083E+000  0.45865271E+001  0.89308531E+001  0.16253430E+002  0.22269974E+002
 -0.93424420E+000 -0.83852890E+000 -0.56577754E+000 -0.20838028E+000 -0.57367331E-002  0.84212949E-003  0.95181719E+000  0.45869861E+001  0.89317439E+001  0.16254931E+002  0.22271491E+002
 -0.93423415E+000 -0.83851049E+000 -0.56573441E+000 -0.20834394E+000 -0.57363888E-002  0.84234847E-003  0.95197012E+000  0.45874405E+001  0.89326247E+001  0.16256406E+002  0.22272957E+002
 -0.93422408E+000 -0.83849224E+000 -0.56569214E+000 -0.20830864E+000 -0.57360553E-002  0.84256080E-003  0.95211942E+000  0.45878893E+001  0.89334933E+001  0.16257848E+002  0.22274368E+002
 -0.93421402E+000 -0.83847421E+000 -0.56565081E+000 -0.20827439E+000 -0.57357327E-002  0.84276636E-003  0.95226488E+000  0.45883316E+001  0.89343475E+001  0.16259256E+002  0.22275723E+002
 -0.93420400E+000 -0.83845643E+000 -0.56561047E+000 -0.20824120E+000 -0.57354211E-002  0.84296505E-003  0.95240635E+000  0.45887664E+001  0.89351850E+001  0.16260623E+002  0.22277018E+002
 -0.93419406E+000 -0.83843894E+000 -0.56557116E+000 -0.20820906E+000 -0.57351202E-002  0.84315684E-003  0.95254368E+000  0.45891928E+001  0.89360036E+001  0.16261947E+002  0.22278254E+002
 -0.93418421E+000 -0.83842178E+000 -0.56553293E+000 -0.20817796E+000 -0.57348301E-002  0.84334175E-003  0.95267674E+000  0.45896097E+001  0.89368013E+001  0.16263226E+002  0.22279428E+002
 -0.93417449E+000 -0.83840499E+000 -0.56549580E+000 -0.20814787E+000 -0.57345505E-002  0.84351986E-003  0.95280543E+000  0.45900162E+001  0.89375760E+001  0.16264455E+002  0.22280540E+002
 -0.93416491E+000 -0.83838857E+000 -0.56545979E+000 -0.20811879E+000 -0.57342811E-002  0.84369126E-003  0.95292965E+000  0.45904115E+001  0.89383257E+001  0.16265633E+002  0.22281590E+002
 -0.93415550E+000 -0.83837256E+000 -0.56542492E+000 -0.20809070E+000 -0.57340218E-002  0.84385608E-003  0.95304933E+000  0.45907947E+001  0.89390489E+001  0.16266757E+002  0.22282580E+002
 -0.93414627E+000 -0.83835697E+000 -0.56539118E+000 -0.20806356E+000 -0.57337721E-002  0.84401447E-003  0.95316440E+000  0.45911649E+001  0.89397439E+001  0.16267828E+002  0.22283508E+002
 -0.93413725E+000 -0.83834182E+000 -0.56535859E+000 -0.20803736E+000 -0.57335318E-002  0.84416660E-003  0.95327479E+000  0.45915213E+001  0.89404096E+001  0.16268844E+002  0.22284378E+002
 -0.93412844E+000 -0.83832712E+000 -0.56532713E+000 -0.20801208E+000 -0.57333007E-002  0.84431260E-003  0.95338044E+000  0.45918633E+001  0.89410448E+001  0.16269804E+002  0.22285189E+002
 -0.93411987E+000 -0.83831288E+000 -0.56529680E+000 -0.20798770E+000 -0.57330784E-002  0.84445263E-003  0.95348130E+000  0.45921904E+001  0.89416486E+001  0.16270710E+002  0.22285945E+002
 -0.93411153E+000 -0.83829911E+000 -0.56526761E+000 -0.20796420E+000 -0.57328648E-002  0.84458683E-003  0.95357732E+000  0.45925018E+001  0.89422205E+001  0.16271560E+002  0.22286647E+002
 -0.93410346E+000 -0.83828582E+000 -0.56523954E+000 -0.20794158E+000 -0.57326596E-002  0.84471530E-003  0.95366844E+000  0.45927973E+001  0.89427602E+001  0.16272357E+002  0.22287297E+002
 -0.93409565E+000 -0.83827301E+000 -0.56521259E+000 -0.20791983E+000 -0.57324627E-002  0.84483817E-003  0.95375462E+000  0.45930765E+001  0.89432674E+001  0.16273101E+002  0.22287898E+002
 -0.93408813E+000 -0.83826069E+000 -0.56518676E+000 -0.20789894E+000 -0.57322740E-002  0.84495550E-003  0.95383583E+000  0.45933391E+001  0.89437423E+001  0.16273794E+002  0.22288452E+002
 -0.93408089E+000 -0.83824888E+000 -0.56516205E+000 -0.20787892E+000 -0.57320933E-002  0.84506738E-003  0.95391204E+000  0.45935851E+001  0.89441851E+001  0.16274436E+002  0.22288961E+002
 -0.93407395E+000 -0.83823757E+000 -0.56513845E+000 -0.20785975E+000 -0.57319206E-002  0.84517386E-003  0.95398323E+000  0.45938144E+001  0.89445962E+001  0.16275031E+002  0.22289427E+002
 -0.93406732E+000 -0.83822677E+000 -0.56511597E+000 -0.20784145E+000 -0.57317559E-002  0.84527500E-003  0.95404940E+000  0.45940271E+001  0.89449763E+001  0.16275580E+002  0.22289854E+002
 -0.93406100E+000 -0.83821649E+000 -0.56509461E+000 -0.20782401E+000 -0.57315990E-002  0.84537086E-003  0.95411058E+000  0.45942234E+001  0.89453261E+001  0.16276084E+002  0.22290242E+002
 -0.93405500E+000 -0.83820673E+000 -0.56507436E+000 -0.20780744E+000 -0.57314500E-002  0.84546149E-003  0.95416678E+000  0.45944035E+001  0.89456465E+001  0.16276546E+002  0.22290595E+002
 -0.93404933E+000 -0.83819749E+000 -0.56505522E+000 -0.20779175E+000 -0.57313086E-002  0.84554696E-003  0.95421808E+000  0.45945678E+001  0.89459384E+001  0.16276968E+002  0.22290915E+002
 -0.93404398E+000 -0.83818877E+000 -0.56503719E+000 -0.20777691E+000 -0.57311750E-002  0.84562733E-003  0.95426453E+000  0.45947167E+001  0.89462028E+001  0.16277351E+002  0.22291202E+002
 -0.93403896E+000 -0.83818058E+000 -0.56502027E+000 -0.20776295E+000 -0.57310489E-002  0.84570271E-003  0.95430624E+000  0.45948507E+001  0.89464410E+001  0.16277698E+002  0.22291460E+002
 -0.93403428E+000 -0.83817290E+000 -0.56500445E+000 -0.20774985E+000 -0.57309302E-002  0.84577317E-003  0.95434333E+000  0.45949704E+001  0.89466540E+001  0.16278011E+002  0.22291690E+002
 -0.93402992E+000 -0.83816574E+000 -0.56498971E+000 -0.20773760E+000 -0.57308189E-002  0.84583885E-003  0.95437592E+000  0.45950762E+001  0.89468430E+001  0.16278290E+002  0.22291893E+002
 -0.93402589E+000 -0.83815910E+000 -0.56497604E+000 -0.20772619E+000 -0.57307148E-002  0.84589986E-003  0.95440415E+000  0.45951688E+001  0.89470092E+001  0.16278539E+002  0.22292071E+002
 -0.93402218E+000 -0.83815295E+000 -0.56496343E+000 -0.20771562E+000 -0.57306177E-002  0.84595635E-003  0.95442820E+000  0.45952488E+001  0.89471538E+001  0.16278759E+002  0.22292225E+002
 -0.93401880E+000 -0.83814730E+000 -0.56495185E+000 -0.20770586E+000 -0.57305274E-002  0.84600847E-003  0.95444824E+000  0.45953169E+001  0.89472780E+001  0.16278950E+002  0.22292356E+002
 -0.93401572E+000 -0.83814213E+000 -0.56494128E+000 -0.20769689E+000 -0.57304437E-002  0.84605638E-003  0.95446446E+000  0.45953737E+001  0.89473828E+001  0.16279116E+002  0.22292467E+002
 -0.93401294E+000 -0.83813744E+000 -0.56493170E+000 -0.20768870E+000 -0.57303664E-002  0.84610028E-003  0.95447703E+000  0.45954199E+001  0.89474696E+001  0.16279256E+002  0.22292557E+002
 -0.93401046E+000 -0.83813320E+000 -0.56492307E+000 -0.20768126E+000 -0.57302953E-002  0.84614032E-003  0.95448617E+000  0.45954560E+001  0.89475393E+001  0.16279374E+002  0.22292628E+002
 -0.93400826E+000 -0.83812940E+000 -0.56491536E+000 -0.20767454E+000 -0.57302300E-002  0.84617672E-003  0.95449206E+000  0.45954828E+001  0.89475930E+001  0.16279469E+002  0.22292682E+002
 -0.93400634E+000 -0.83812603E+000 -0.56490854E+000 -0.20766851E+000 -0.57301704E-002  0.84620966E-003  0.95449492E+000  0.45955008E+001  0.89476318E+001  0.16279544E+002  0.22292719E+002
 -0.93400468E+000 -0.83812306E+000 -0.56490257E+000 -0.20766315E+000 -0.57301161E-002  0.84623936E-003  0.95449494E+000  0.45955106E+001  0.89476566E+001  0.16279599E+002  0.22292740E+002
 -0.93400327E+000 -0.83812048E+000 -0.56489740E+000 -0.20765842E+000 -0.57300669E-002  0.84626599E-003  0.95449232E+000  0.45955129E+001  0.89476685E+001  0.16279636E+002  0.22292745E+002
 -0.93400209E+000 -0.83811827E+000 -0.56489301E+000 -0.20765429E+000 -0.57300225E-002  0.84628978E-003  0.95448726E+000  0.45955081E+001  0.89476684E+001  0.16279656E+002  0.22292737E+002
 -0.93400114E+000 -0.83811641E+000 -0.56488933E+000 -0.20765073E+000 -0.57299825E-002  0.84631092E-003  0.95447995E+000  0.45954969E+001  0.89476572E+001  0.16279660E+002  0.22292716E+002
 -0.93400039E+000 -0.83811487E+000 -0.56488634E+000 -0.20764770E+000 -0.57299468E-002  0.84632961E-003  0.95447058E+000  0.45954798E+001  0.89476357E+001  0.16279650E+002  0.22292683E+002
 -0.93399985E+000 -0.83811364E+000 -0.56488398E+000 -0.20764517E+000 -0.57299149E-002  0.84634604E-003  0.95445934E+000  0.45954572E+001  0.89476048E+001  0.16279626E+002  0.22292639E+002
 -0.93399948E+000 -0.83811270E+000 -0.56488222E+000 -0.20764310E+000 -0.57298867E-002  0.84636040E-003  0.95444639E+000  0.45954297E+001  0.89475653E+001  0.16279589E+002  0.22292584E+002
 -0.93399928E+000 -0.83811202E+000 -0.56488100E+000 -0.20764146E+000 -0.57298619E-002  0.84637287E-003  0.95443191E+000  0.45953977E+001  0.89475180E+001  0.16279540E+002  0.22292520E+002
 -0.93399924E+000 -0.83811159E+000 -0.56488029E+000 -0.20764022E+000 -0.57298401E-002  0.84638362E-003  0.95441607E+000  0.45953617E+001  0.89474637E+001  0.16279481E+002  0.22292447E+002
 -0.93399933E+000 -0.83811138E+000 -0.56488005E+000 -0.20763933E+000 -0.57298211E-002  0.84639282E-003  0.95439901E+000  0.45953221E+001  0.89474029E+001  0.16279413E+002  0.22292367E+002
 -0.93399956E+000 -0.83811138E+000 -0.56488022E+000 -0.20763879E+000 -0.57298047E-002  0.84640061E-003  0.95438089E+000  0.45952793E+001  0.89473366E+001  0.16279336E+002  0.22292280E+002
 -0.93399990E+000 -0.83811156E+000 -0.56488078E+000 -0.20763854E+000 -0.57297907E-002  0.84640715E-003  0.95436185E+000  0.45952338E+001  0.89472652E+001  0.16279251E+002  0.22292186E+002
 -0.93400035E+000 -0.83811191E+000 -0.56488169E+000 -0.20763856E+000 -0.57297788E-002  0.84641258E-003  0.95434202E+000  0.45951858E+001  0.89471895E+001  0.16279160E+002  0.22292087E+002
 -0.93400088E+000 -0.83811240E+000 -0.56488290E+000 -0.20763882E+000 -0.57297689E-002  0.84641702E-003  0.95432152E+000  0.45951358E+001  0.89471100E+001  0.16279063E+002  0.22291984E+002
 -0.93400150E+000 -0.83811303E+000 -0.56488438E+000 -0.20763930E+000 -0.57297606E-002  0.84642059E-003  0.95430049E+000  0.45950841E+001  0.89470274E+001  0.16278960E+002  0.22291876E+002
 -0.93400219E+000 -0.83811378E+000 -0.56488610E+000 -0.20763997E+000 -0.57297539E-002  0.84642340E-003  0.95427903E+000  0.45950309E+001  0.89469421E+001  0.16278853E+002  0.22291765E+002
 -0.93400294E+000 -0.83811462E+000 -0.56488802E+000 -0.20764080E+000 -0.57297486E-002  0.84642557E-003  0.95425725E+000  0.45949767E+001  0.89468547E+001  0.16278743E+002  0.22291652E+002
 -0.93400373E+000 -0.83811555E+000 -0.56489012E+000 -0.20764177E+000 -0.57297444E-002  0.84642720E-003  0.95423525E+000  0.45949216E+001  0.89467657E+001  0.16278630E+002  0.22291537E+002
 -0.93400457E+000 -0.83811655E+000 -0.56489235E+000 -0.20764286E+000 -0.57297413E-002  0.84642838E-003  0.95421313E+000  0.45948660E+001  0.89466756E+001  0.16278515E+002  0.22291420E+002
 -0.93400544E+000 -0.83811761E+000 -0.56489470E+000 -0.20764404E+000 -0.57297390E-002  0.84642920E-003  0.95419098E+000  0.45948101E+001  0.89465848E+001  0.16278399E+002  0.22291303E+002
 -0.93400633E+000 -0.83811870E+000 -0.56489713E+000 -0.20764529E+000 -0.57297374E-002  0.84642975E-003  0.95416890E+000  0.45947541E+001  0.89464937E+001  0.16278281E+002  0.22291185E+002
 -0.93400723E+000 -0.83811983E+000 -0.56489962E+000 -0.20764658E+000 -0.57297363E-002  0.84643012E-003  0.95414694E+000  0.45946984E+001  0.89464027E+001  0.16278163E+002  0.22291067E+002
 -0.93400814E+000 -0.83812097E+000 -0.56490213E+000 -0.20764791E+000 -0.57297357E-002  0.84643038E-003  0.95412521E+000  0.45946430E+001  0.89463123E+001  0.16278046E+002  0.22290950E+002
 -0.93400905E+000 -0.83812212E+000 -0.56490465E+000 -0.20764925E+000 -0.57297353E-002  0.84643060E-003  0.95410377E+000  0.45945883E+001  0.89462227E+001  0.16277930E+002  0.22290835E+002
 -0.93400994E+000 -0.83812326E+000 -0.56490716E+000 -0.20765057E+000 -0.57297351E-002  0.84643087E-003  0.95408268E+000  0.45945343E+001  0.89461344E+001  0.16277815E+002  0.22290721E+002
 -0.93401082E+000 -0.83812439E+000 -0.56490962E+000 -0.20765187E+000 -0.57297349E-002  0.84643124E-003  0.95406200E+000  0.45944813E+001  0.89460475E+001  0.16277701E+002  0.22290609E+002
 -0.93401168E+000 -0.83812549E+000 -0.56491202E+000 -0.20765313E+000 -0.57297346E-002  0.84643178E-003  0.95404181E+000  0.45944294E+001  0.89459625E+001  0.16277590E+002  0.22290499E+002
 -0.93401251E+000 -0.83812655E+000 -0.56491434E+000 -0.20765433E+000 -0.57297340E-002  0.84643255E-003  0.95402214E+000  0.45943788E+001  0.89458795E+001  0.16277482E+002  0.22290393E+002
 -0.93401330E+000 -0.83812757E+000 -0.56491655E+000 -0.20765546E+000 -0.57297332E-002  0.84643360E-003  0.95400305E+000  0.45943296E+001  0.89457989E+001  0.16277377E+002  0.22290289E+002
 -0.93401405E+000 -0.83812853E+000 -0.56491866E+000 -0.20765651E+000 -0.57297319E-002  0.84643499E-003  0.95398458E+000  0.45942820E+001  0.89457208E+001  0.16277275E+002  0.22290189E+002
 -0.93401476E+000 -0.83812944E+000 -0.56492063E+000 -0.20765745E+000 -0.57297301E-002  0.84643676E-003  0.95396677E+000  0.45942360E+001  0.89456454E+001  0.16277177E+002  0.22290092E+002
 -0.93401542E+000 -0.83813028E+000 -0.56492246E+000 -0.20765830E+000 -0.57297277E-002  0.84643895E-003  0.95394966E+000  0.45941918E+001  0.89455730E+001  0.16277082E+002  0.22290000E+002
 -0.93401603E+000 -0.83813106E+000 -0.56492413E+000 -0.20765902E+000 -0.57297246E-002  0.84644160E-003  0.95393326E+000  0.45941494E+001  0.89455036E+001  0.16276992E+002  0.22289911E+002
 -0.93401659E+000 -0.83813175E+000 -0.56492564E+000 -0.20765963E+000 -0.57297209E-002  0.84644474E-003  0.95391761E+000  0.45941088E+001  0.89454374E+001  0.16276907E+002  0.22289827E+002
 -0.93401709E+000 -0.83813237E+000 -0.56492698E+000 -0.20766010E+000 -0.57297163E-002  0.84644840E-003  0.95390272E+000  0.45940703E+001  0.89453745E+001  0.16276826E+002  0.22289747E+002
 -0.93401753E+000 -0.83813290E+000 -0.56492813E+000 -0.20766044E+000 -0.57297109E-002  0.84645260E-003  0.95388861E+000  0.45940337E+001  0.89453150E+001  0.16276749E+002  0.22289672E+002
 -0.93401791E+000 -0.83813335E+000 -0.56492910E+000 -0.20766064E+000 -0.57297047E-002  0.84645735E-003  0.95387528E+000  0.45939992E+001  0.89452589E+001  0.16276678E+002  0.22289601E+002
 -0.93401823E+000 -0.83813372E+000 -0.56492989E+000 -0.20766070E+000 -0.57296976E-002  0.84646268E-003  0.95386275E+000  0.45939667E+001  0.89452063E+001  0.16276611E+002  0.22289535E+002
 -0.93401849E+000 -0.83813399E+000 -0.56493048E+000 -0.20766062E+000 -0.57296895E-002  0.84646857E-003  0.95385101E+000  0.45939363E+001  0.89451572E+001  0.16276549E+002  0.22289474E+002
 -0.93401869E+000 -0.83813418E+000 -0.56493088E+000 -0.20766039E+000 -0.57296806E-002  0.84647505E-003  0.95384005E+000  0.45939079E+001  0.89451115E+001  0.16276492E+002  0.22289417E+002
 -0.93401883E+000 -0.83813428E+000 -0.56493109E+000 -0.20766002E+000 -0.57296707E-002  0.84648211E-003  0.95382988E+000  0.45938816E+001  0.89450694E+001  0.16276440E+002  0.22289366E+002
 -0.93401891E+000 -0.83813430E+000 -0.56493112E+000 -0.20765952E+000 -0.57296599E-002  0.84648973E-003  0.95382047E+000  0.45938573E+001  0.89450307E+001  0.16276393E+002  0.22289318E+002
 -0.93401893E+000 -0.83813423E+000 -0.56493096E+000 -0.20765887E+000 -0.57296482E-002  0.84649792E-003  0.95381182E+000  0.45938349E+001  0.89449954E+001  0.16276350E+002  0.22289275E+002
 -0.93401889E+000 -0.83813408E+000 -0.56493062E+000 -0.20765810E+000 -0.57296356E-002  0.84650666E-003  0.95380391E+000  0.45938145E+001  0.89449634E+001  0.16276312E+002  0.22289237E+002
 -0.93401880E+000 -0.83813384E+000 -0.56493010E+000 -0.20765719E+000 -0.57296222E-002  0.84651593E-003  0.95379672E+000  0.45937960E+001  0.89449346E+001  0.16276279E+002  0.22289203E+002
 -0.93401865E+000 -0.83813353E+000 -0.56492942E+000 -0.20765616E+000 -0.57296079E-002  0.84652570E-003  0.95379022E+000  0.45937793E+001  0.89449089E+001  0.16276250E+002  0.22289173E+002
 -0.93401846E+000 -0.83813315E+000 -0.56492858E+000 -0.20765501E+000 -0.57295928E-002  0.84653597E-003  0.95378439E+000  0.45937644E+001  0.89448863E+001  0.16276226E+002  0.22289147E+002
 -0.93401821E+000 -0.83813270E+000 -0.56492759E+000 -0.20765376E+000 -0.57295770E-002  0.84654669E-003  0.95377920E+000  0.45937511E+001  0.89448666E+001  0.16276205E+002  0.22289124E+002
 -0.93401792E+000 -0.83813218E+000 -0.56492645E+000 -0.20765239E+000 -0.57295605E-002  0.84655784E-003  0.95377462E+000  0.45937395E+001  0.89448496E+001  0.16276188E+002  0.22289106E+002
 -0.93401759E+000 -0.83813159E+000 -0.56492518E+000 -0.20765093E+000 -0.57295433E-002  0.84656939E-003  0.95377063E+000  0.45937294E+001  0.89448353E+001  0.16276175E+002  0.22289091E+002
 -0.93401722E+000 -0.83813096E+000 -0.56492379E+000 -0.20764939E+000 -0.57295255E-002  0.84658130E-003  0.95376719E+000  0.45937208E+001  0.89448235E+001  0.16276166E+002  0.22289079E+002
 -0.93401682E+000 -0.83813026E+000 -0.56492228E+000 -0.20764776E+000 -0.57295072E-002  0.84659354E-003  0.95376426E+000  0.45937135E+001  0.89448140E+001  0.16276160E+002  0.22289070E+002
 -0.93401638E+000 -0.83812952E+000 -0.56492066E+000 -0.20764606E+000 -0.57294885E-002  0.84660606E-003  0.95376182E+000  0.45937075E+001  0.89448067E+001  0.16276157E+002  0.22289065E+002
 -0.93401591E+000 -0.83812874E+000 -0.56491896E+000 -0.20764429E+000 -0.57294693E-002  0.84661884E-003  0.95375983E+000  0.45937027E+001  0.89448015E+001  0.16276156E+002  0.22289061E+002
 -0.93401542E+000 -0.83812792E+000 -0.56491717E+000 -0.20764247E+000 -0.57294498E-002  0.84663182E-003  0.95375825E+000  0.45936990E+001  0.89447981E+001  0.16276159E+002  0.22289061E+002
 -0.93401490E+000 -0.83812707E+000 -0.56491532E+000 -0.20764061E+000 -0.57294300E-002  0.84664498E-003  0.95375706E+000  0.45936963E+001  0.89447965E+001  0.16276163E+002  0.22289062E+002
 -0.93401437E+000 -0.83812619E+000 -0.56491340E+000 -0.20763870E+000 -0.57294099E-002  0.84665826E-003  0.95375622E+000  0.45936945E+001  0.89447964E+001  0.16276170E+002  0.22289066E+002
 -0.93401382E+000 -0.83812529E+000 -0.56491143E+000 -0.20763677E+000 -0.57293898E-002  0.84667163E-003  0.95375569E+000  0.45936936E+001  0.89447978E+001  0.16276179E+002  0.22289071E+002
 -0.93401325E+000 -0.83812436E+000 -0.56490943E+000 -0.20763481E+000 -0.57293696E-002  0.84668504E-003  0.95375544E+000  0.45936934E+001  0.89448004E+001  0.16276190E+002  0.22289078E+002
 -0.93401268E+000 -0.83812343E+000 -0.56490740E+000 -0.20763285E+000 -0.57293493E-002  0.84669845E-003  0.95375545E+000  0.45936938E+001  0.89448042E+001  0.16276202E+002  0.22289086E+002
 -0.93401211E+000 -0.83812249E+000 -0.56490535E+000 -0.20763088E+000 -0.57293292E-002  0.84671183E-003  0.95375567E+000  0.45936949E+001  0.89448090E+001  0.16276215E+002  0.22289096E+002
 -0.93401152E+000 -0.83812154E+000 -0.56490329E+000 -0.20762891E+000 -0.57293091E-002  0.84672513E-003  0.95375609E+000  0.45936964E+001  0.89448146E+001  0.16276229E+002  0.22289106E+002
 -0.93401094E+000 -0.83812059E+000 -0.56490124E+000 -0.20762695E+000 -0.57292893E-002  0.84673831E-003  0.95375666E+000  0.45936983E+001  0.89448209E+001  0.16276245E+002  0.22289118E+002
 -0.93401037E+000 -0.83811965E+000 -0.56489919E+000 -0.20762501E+000 -0.57292697E-002  0.84675134E-003  0.95375738E+000  0.45937006E+001  0.89448278E+001  0.16276261E+002  0.22289130E+002
 -0.93400979E+000 -0.83811872E+000 -0.56489717E+000 -0.20762309E+000 -0.57292505E-002  0.84676418E-003  0.95375820E+000  0.45937032E+001  0.89448351E+001  0.16276277E+002  0.22289142E+002
 -0.93400923E+000 -0.83811780E+000 -0.56489517E+000 -0.20762121E+000 -0.57292316E-002  0.84677679E-003  0.95375910E+000  0.45937060E+001  0.89448428E+001  0.16276294E+002  0.22289155E+002
 -0.93400867E+000 -0.83811690E+000 -0.56489321E+000 -0.20761936E+000 -0.57292132E-002  0.84678915E-003  0.95376008E+000  0.45937090E+001  0.89448508E+001  0.16276312E+002  0.22289168E+002
 -0.93400813E+000 -0.83811601E+000 -0.56489130E+000 -0.20761756E+000 -0.57291952E-002  0.84680121E-003  0.95376109E+000  0.45937120E+001  0.89448590E+001  0.16276329E+002  0.22289182E+002
 -0.93400760E+000 -0.83811515E+000 -0.56488943E+000 -0.20761580E+000 -0.57291778E-002  0.84681295E-003  0.95376212E+000  0.45937151E+001  0.89448672E+001  0.16276346E+002  0.22289195E+002
 -0.93400709E+000 -0.83811431E+000 -0.56488762E+000 -0.20761410E+000 -0.57291610E-002  0.84682435E-003  0.95376317E+000  0.45937183E+001  0.89448754E+001  0.16276364E+002  0.22289208E+002
 -0.93400659E+000 -0.83811350E+000 -0.56488587E+000 -0.20761245E+000 -0.57291448E-002  0.84683537E-003  0.95376420E+000  0.45937214E+001  0.89448836E+001  0.16276381E+002  0.22289221E+002
 -0.93400612E+000 -0.83811272E+000 -0.56488419E+000 -0.20761086E+000 -0.57291294E-002  0.84684599E-003  0.95376521E+000  0.45937244E+001  0.89448917E+001  0.16276397E+002  0.22289234E+002
 -0.93400566E+000 -0.83811197E+000 -0.56488258E+000 -0.20760934E+000 -0.57291146E-002  0.84685620E-003  0.95376619E+000  0.45937273E+001  0.89448996E+001  0.16276414E+002  0.22289246E+002
 -0.93400523E+000 -0.83811126E+000 -0.56488104E+000 -0.20760789E+000 -0.57291006E-002  0.84686596E-003  0.95376712E+000  0.45937302E+001  0.89449073E+001  0.16276430E+002  0.22289258E+002
 -0.93400482E+000 -0.83811058E+000 -0.56487959E+000 -0.20760650E+000 -0.57290874E-002  0.84687527E-003  0.95376800E+000  0.45937329E+001  0.89449147E+001  0.16276445E+002  0.22289270E+002
 -0.93400443E+000 -0.83810994E+000 -0.56487821E+000 -0.20760519E+000 -0.57290751E-002  0.84688410E-003  0.95376882E+000  0.45937354E+001  0.89449220E+001  0.16276460E+002  0.22289281E+002
 -0.93400407E+000 -0.83810934E+000 -0.56487693E+000 -0.20760395E+000 -0.57290636E-002  0.84689244E-003  0.95376957E+000  0.45937378E+001  0.89449289E+001  0.16276475E+002  0.22289292E+002
 -0.93400373E+000 -0.83810878E+000 -0.56487573E+000 -0.20760279E+000 -0.57290530E-002  0.84690029E-003  0.95377026E+000  0.45937401E+001  0.89449357E+001  0.16276489E+002  0.22289302E+002
 -0.93400342E+000 -0.83810826E+000 -0.56487461E+000 -0.20760171E+000 -0.57290432E-002  0.84690763E-003  0.95377087E+000  0.45937422E+001  0.89449421E+001  0.16276503E+002  0.22289313E+002
 -0.93400314E+000 -0.83810778E+000 -0.56487360E+000 -0.20760071E+000 -0.57290345E-002  0.84691446E-003  0.95377142E+000  0.45937441E+001  0.89449484E+001  0.16276516E+002  0.22289322E+002
 -0.93400288E+000 -0.83810734E+000 -0.56487267E+000 -0.20759979E+000 -0.57290266E-002  0.84692077E-003  0.95377189E+000  0.45937459E+001  0.89449545E+001  0.16276529E+002  0.22289332E+002
 -0.93400264E+000 -0.83810695E+000 -0.56487183E+000 -0.20759894E+000 -0.57290198E-002  0.84692656E-003  0.95377229E+000  0.45937476E+001  0.89449604E+001  0.16276542E+002  0.22289342E+002
 -0.93400244E+000 -0.83810660E+000 -0.56487109E+000 -0.20759818E+000 -0.57290139E-002  0.84693183E-003  0.95377263E+000  0.45937492E+001  0.89449663E+001  0.16276555E+002  0.22289351E+002
 -0.93400226E+000 -0.83810629E+000 -0.56487045E+000 -0.20759750E+000 -0.57290089E-002  0.84693658E-003  0.95377290E+000  0.45937507E+001  0.89449720E+001  0.16276568E+002  0.22289361E+002
 -0.93400211E+000 -0.83810602E+000 -0.56486990E+000 -0.20759690E+000 -0.57290049E-002  0.84694082E-003  0.95377311E+000  0.45937521E+001  0.89449778E+001  0.16276581E+002  0.22289371E+002
 -0.93400198E+000 -0.83810580E+000 -0.56486945E+000 -0.20759639E+000 -0.57290019E-002  0.84694455E-003  0.95377326E+000  0.45937535E+001  0.89449835E+001  0.16276594E+002  0.22289381E+002
 -0.93400189E+000 -0.83810563E+000 -0.56486910E+000 -0.20759596E+000 -0.57289999E-002  0.84694774E-003  0.95377334E+000  0.45937548E+001  0.89449893E+001  0.16276607E+002  0.22289392E+002
 -0.93400183E+000 -0.83810550E+000 -0.56486887E+000 -0.20759563E+000 -0.57289990E-002  0.84695040E-003  0.95377334E+000  0.45937560E+001  0.89449951E+001  0.16276620E+002  0.22289404E+002
 -0.93400181E+000 -0.83810544E+000 -0.56486877E+000 -0.20759541E+000 -0.57289992E-002  0.84695245E-003  0.95377323E+000  0.45937572E+001  0.89450010E+001  0.16276634E+002  0.22289416E+002
 -0.93400183E+000 -0.83810545E+000 -0.56486883E+000 -0.20759532E+000 -0.57290008E-002  0.84695384E-003  0.95377299E+000  0.45937581E+001  0.89450068E+001  0.16276648E+002  0.22289429E+002
 -0.93400190E+000 -0.83810553E+000 -0.56486905E+000 -0.20759537E+000 -0.57290038E-002  0.84695447E-003  0.95377257E+000  0.45937589E+001  0.89450124E+001  0.16276663E+002  0.22289444E+002
 -0.93400203E+000 -0.83810570E+000 -0.56486946E+000 -0.20759559E+000 -0.57290085E-002  0.84695426E-003  0.95377194E+000  0.45937593E+001  0.89450178E+001  0.16276678E+002  0.22289459E+002
 -0.93400220E+000 -0.83810594E+000 -0.56487003E+000 -0.20759595E+000 -0.57290148E-002  0.84695322E-003  0.95377111E+000  0.45937594E+001  0.89450229E+001  0.16276693E+002  0.22289475E+002
 -0.93400239E+000 -0.83810622E+000 -0.56487069E+000 -0.20759640E+000 -0.57290220E-002  0.84695163E-003  0.95377019E+000  0.45937593E+001  0.89450277E+001  0.16276709E+002  0.22289493E+002
 -0.93400255E+000 -0.83810647E+000 -0.56487130E+000 -0.20759681E+000 -0.57290289E-002  0.84695015E-003  0.95376939E+000  0.45937591E+001  0.89450323E+001  0.16276726E+002  0.22289513E+002
 -0.93400260E+000 -0.83810662E+000 -0.56487168E+000 -0.20759702E+000 -0.57290330E-002  0.84694994E-003  0.95376900E+000  0.45937590E+001  0.89450370E+001  0.16276744E+002  0.22289536E+002
 -0.93400256E+000 -0.83810663E+000 -0.56487184E+000 -0.20759695E+000 -0.57290331E-002  0.84695194E-003  0.95376917E+000  0.45937589E+001  0.89450415E+001  0.16276764E+002  0.22289563E+002
 -0.93400259E+000 -0.83810675E+000 -0.56487231E+000 -0.20759702E+000 -0.57290314E-002  0.84695520E-003  0.95376905E+000  0.45937572E+001  0.89450442E+001  0.16276784E+002  0.22289592E+002
 -0.93400325E+000 -0.83810769E+000 -0.56487468E+000 -0.20759856E+000 -0.57290415E-002  0.84695366E-003  0.95376628E+000  0.45937502E+001  0.89450400E+001  0.16276798E+002  0.22289618E+002
 -0.93400527E+000 -0.83811056E+000 -0.56488152E+000 -0.20760407E+000 -0.57290911E-002  0.84693297E-003  0.95375557E+000  0.45937305E+001  0.89450195E+001  0.16276791E+002  0.22289629E+002
 -0.93400863E+000 -0.83811561E+000 -0.56489364E+000 -0.20761444E+000 -0.57291943E-002  0.84688603E-003  0.95373518E+000  0.45936934E+001  0.89449720E+001  0.16276743E+002  0.22289601E+002
 -0.93401097E+000 -0.83812013E+000 -0.56490627E+000 -0.20762632E+000 -0.57293240E-002  0.84682602E-003  0.95370879E+000  0.45936425E+001  0.89449082E+001  0.16276683E+002  0.22289552E+002
 -0.93401606E+000 -0.83812637E+000 -0.56491674E+000 -0.20763415E+000 -0.57293881E-002  0.84680763E-003  0.95370724E+000  0.45936367E+001  0.89449064E+001  0.16276715E+002  0.22289568E+002
