  0.16322883E+000  0.20648332E+000  0.38083190E+000  0.57102762E+000  0.91398466E+000  0.10464510E+001  0.14788934E+001  0.25782699E+001  0.43509604E+001  0.65437614E+001  0.95454656E+001
  0.16332931E+000  0.20715968E+000  0.38196707E+000  0.57265328E+000  0.91403422E+000  0.10466822E+001  0.14805480E+001  0.25847432E+001  0.43986544E+001  0.65529658E+001  0.95475253E+001
  0.16346700E+000  0.20743040E+000  0.38304947E+000  0.57450960E+000  0.91397310E+000  0.10466404E+001  0.14858173E+001  0.25921542E+001  0.44416398E+001  0.65890689E+001  0.95493359E+001
  0.16356237E+000  0.20786928E+000  0.38443926E+000  0.57553024E+000  0.91400139E+000  0.10467371E+001  0.14902347E+001  0.26010602E+001  0.44792725E+001  0.66163357E+001  0.95666889E+001
  0.16392027E+000  0.20837176E+000  0.38562849E+000  0.57630697E+000  0.91402656E+000  0.10466945E+001  0.14915792E+001  0.26164313E+001  0.45118807E+001  0.66280168E+001  0.95781227E+001
  0.16394085E+000  0.20838579E+000  0.38666449E+000  0.57769983E+000  0.91402910E+000  0.10466598E+001  0.14921797E+001  0.26301562E+001  0.45400561E+001  0.66549401E+001  0.95871857E+001
  0.16395065E+000  0.20833471E+000  0.38757392E+000  0.57879573E+000  0.91403070E+000  0.10467902E+001  0.14926866E+001  0.26410985E+001  0.45641725E+001  0.66631846E+001  0.95849594E+001
  0.16401675E+000  0.20825978E+000  0.38833322E+000  0.57948951E+000  0.91403114E+000  0.10467906E+001  0.14939483E+001  0.26508815E+001  0.45849167E+001  0.66647561E+001  0.95862439E+001
  0.16403607E+000  0.20826300E+000  0.38872753E+000  0.58013194E+000  0.91400166E+000  0.10467412E+001  0.14957589E+001  0.26592884E+001  0.46026703E+001  0.66660305E+001  0.95870632E+001
  0.16408025E+000  0.20822920E+000  0.38897599E+000  0.58058040E+000  0.91402467E+000  0.10467232E+001  0.14964890E+001  0.26664520E+001  0.46179588E+001  0.66671255E+001  0.95876307E+001
  0.16412910E+000  0.20820966E+000  0.38920160E+000  0.58085191E+000  0.91404318E+000  0.10467768E+001  0.14967117E+001  0.26726034E+001  0.46308292E+001  0.66680617E+001  0.95880854E+001
  0.16414828E+000  0.20832018E+000  0.38938892E+000  0.58138552E+000  0.91401986E+000  0.10468123E+001  0.14970829E+001  0.26778496E+001  0.46420882E+001  0.66689239E+001  0.95884562E+001
  0.16411546E+000  0.20830291E+000  0.38972703E+000  0.58193816E+000  0.91403092E+000  0.10467863E+001  0.14974031E+001  0.26822292E+001  0.46512935E+001  0.66696127E+001  0.95886503E+001
  0.16407871E+000  0.20833292E+000  0.38990557E+000  0.58246190E+000  0.91404126E+000  0.10467947E+001  0.14974865E+001  0.26860229E+001  0.46592506E+001  0.66702050E+001  0.95899549E+001
  0.16407116E+000  0.20833336E+000  0.39013689E+000  0.58302477E+000  0.91403414E+000  0.10468300E+001  0.14977169E+001  0.26893811E+001  0.46660275E+001  0.66707152E+001  0.95906859E+001
  0.16407425E+000  0.20831920E+000  0.39034910E+000  0.58335954E+000  0.91404369E+000  0.10468421E+001  0.14978656E+001  0.26923315E+001  0.46719646E+001  0.66711486E+001  0.95906438E+001
  0.16406607E+000  0.20832714E+000  0.39044432E+000  0.58345897E+000  0.91402581E+000  0.10468365E+001  0.14986161E+001  0.26945953E+001  0.46766781E+001  0.66715245E+001  0.95908012E+001
  0.16405983E+000  0.20839651E+000  0.39061875E+000  0.58346273E+000  0.91404457E+000  0.10468317E+001  0.14994841E+001  0.26965828E+001  0.46801567E+001  0.66718431E+001  0.95909435E+001
  0.16406448E+000  0.20845149E+000  0.39080179E+000  0.58359753E+000  0.91403106E+000  0.10468277E+001  0.15000400E+001  0.26984629E+001  0.46803897E+001  0.66721532E+001  0.95910703E+001
  0.16407034E+000  0.20850720E+000  0.39094508E+000  0.58365308E+000  0.91402331E+000  0.10468349E+001  0.15007319E+001  0.26998527E+001  0.46814791E+001  0.66723898E+001  0.95911819E+001
  0.16408095E+000  0.20851197E+000  0.39101838E+000  0.58359595E+000  0.91403902E+000  0.10468217E+001  0.15010902E+001  0.27011126E+001  0.46834954E+001  0.66725931E+001  0.95917866E+001
  0.16407584E+000  0.20852280E+000  0.39106900E+000  0.58373174E+000  0.91403921E+000  0.10468486E+001  0.15017435E+001  0.27021151E+001  0.46834902E+001  0.66727680E+001  0.95913627E+001
  0.16407144E+000  0.20859813E+000  0.39111058E+000  0.58375206E+000  0.91404387E+000  0.10468099E+001  0.15017310E+001  0.27030224E+001  0.46832546E+001  0.66729188E+001  0.95914341E+001
  0.16406787E+000  0.20864180E+000  0.39114509E+000  0.58380701E+000  0.91403120E+000  0.10468154E+001  0.15019059E+001  0.27037891E+001  0.46842461E+001  0.66730490E+001  0.95914945E+001
  0.16406470E+000  0.20862444E+000  0.39117216E+000  0.58376096E+000  0.91404126E+000  0.10468139E+001  0.15019600E+001  0.27044356E+001  0.46848735E+001  0.66731617E+001  0.95915449E+001
  0.16406169E+000  0.20864861E+000  0.39119562E+000  0.58384828E+000  0.91403678E+000  0.10468409E+001  0.15020045E+001  0.27049798E+001  0.46848730E+001  0.66732596E+001  0.95915867E+001
  0.16405944E+000  0.20866907E+000  0.39121569E+000  0.58384466E+000  0.91403515E+000  0.10468511E+001  0.15015686E+001  0.27054368E+001  0.46848531E+001  0.66733451E+001  0.95917444E+001
  0.16405763E+000  0.20868840E+000  0.39123285E+000  0.58388866E+000  0.91403790E+000  0.10468109E+001  0.15016223E+001  0.27058251E+001  0.46848473E+001  0.66734200E+001  0.95916482E+001
  0.16405645E+000  0.20862364E+000  0.39125344E+000  0.58384623E+000  0.91404026E+000  0.10468335E+001  0.15016675E+001  0.27061820E+001  0.46850731E+001  0.66734861E+001  0.95923266E+001
  0.16405644E+000  0.20862427E+000  0.39127180E+000  0.58389945E+000  0.91404228E+000  0.10468096E+001  0.15017055E+001  0.27064804E+001  0.46853822E+001  0.66735450E+001  0.95916867E+001
  0.16405614E+000  0.20862480E+000  0.39128685E+000  0.58380843E+000  0.91404403E+000  0.10468091E+001  0.15017376E+001  0.27067300E+001  0.46856339E+001  0.66735978E+001  0.95916993E+001
  0.16405596E+000  0.20862524E+000  0.39130448E+000  0.58385566E+000  0.91402763E+000  0.10468087E+001  0.15017646E+001  0.27069388E+001  0.46857640E+001  0.66736457E+001  0.95917084E+001
  0.16405587E+000  0.20862904E+000  0.39130951E+000  0.58391211E+000  0.91402880E+000  0.10468084E+001  0.15017874E+001  0.27069783E+001  0.46859817E+001  0.66736897E+001  0.95917146E+001
  0.16405724E+000  0.20864595E+000  0.39131786E+000  0.58391988E+000  0.91402983E+000  0.10468081E+001  0.15018068E+001  0.27072085E+001  0.46861731E+001  0.66737305E+001  0.95917184E+001
  0.16405588E+000  0.20866045E+000  0.39132398E+000  0.58389010E+000  0.91403076E+000  0.10468092E+001  0.15018234E+001  0.27073505E+001  0.46863385E+001  0.66737689E+001  0.95917203E+001
  0.16405597E+000  0.20867303E+000  0.39132732E+000  0.58390999E+000  0.91403160E+000  0.10468165E+001  0.15018377E+001  0.27074160E+001  0.46864479E+001  0.66738053E+001  0.95916978E+001
  0.16405608E+000  0.20868408E+000  0.39133027E+000  0.58393489E+000  0.91403237E+000  0.10468365E+001  0.15018503E+001  0.27074733E+001  0.46865361E+001  0.66738413E+001  0.95918778E+001
  0.16405623E+000  0.20865374E+000  0.39133472E+000  0.58395706E+000  0.91403310E+000  0.10468295E+001  0.15018626E+001  0.27075242E+001  0.46866414E+001  0.66738743E+001  0.95920373E+001
  0.16405640E+000  0.20866100E+000  0.39134141E+000  0.58394649E+000  0.91403379E+000  0.10468354E+001  0.15018778E+001  0.27076716E+001  0.46867078E+001  0.66739075E+001  0.95917159E+001
  0.16405659E+000  0.20866774E+000  0.39134813E+000  0.58395755E+000  0.91403445E+000  0.10468411E+001  0.15018919E+001  0.27077178E+001  0.46867871E+001  0.66739403E+001  0.95917132E+001
  0.16405678E+000  0.20867412E+000  0.39134072E+000  0.58396800E+000  0.91403509E+000  0.10468466E+001  0.15019052E+001  0.27077614E+001  0.46868730E+001  0.66739727E+001  0.95917103E+001
  0.16405698E+000  0.20868024E+000  0.39134671E+000  0.58391443E+000  0.91403573E+000  0.10468519E+001  0.15019180E+001  0.27078031E+001  0.46869225E+001  0.66740049E+001  0.95917073E+001
  0.16405719E+000  0.20867865E+000  0.39135397E+000  0.58393241E+000  0.91403635E+000  0.10468572E+001  0.15019305E+001  0.27078436E+001  0.46869678E+001  0.66740369E+001  0.95917331E+001
  0.16405740E+000  0.20866866E+000  0.39136162E+000  0.58395007E+000  0.91403697E+000  0.10468625E+001  0.15019429E+001  0.27078834E+001  0.46870280E+001  0.66740689E+001  0.95918082E+001
  0.16405760E+000  0.20867305E+000  0.39134927E+000  0.58396757E+000  0.91403759E+000  0.10468073E+001  0.15019552E+001  0.27079228E+001  0.46871281E+001  0.66741009E+001  0.95917009E+001
  0.16405781E+000  0.20867744E+000  0.39135145E+000  0.58398500E+000  0.91403821E+000  0.10468073E+001  0.15019677E+001  0.27079618E+001  0.46871844E+001  0.66741328E+001  0.95917009E+001
  0.16405800E+000  0.20868183E+000  0.39135366E+000  0.58396344E+000  0.91403883E+000  0.10468073E+001  0.15019802E+001  0.27080008E+001  0.46872151E+001  0.66741645E+001  0.95917011E+001
  0.16405819E+000  0.20863014E+000  0.39135590E+000  0.58397407E+000  0.91403945E+000  0.10468073E+001  0.15019929E+001  0.27080481E+001  0.46873058E+001  0.66741962E+001  0.95917016E+001
  0.16405838E+000  0.20863035E+000  0.39135817E+000  0.58398541E+000  0.91404006E+000  0.10468073E+001  0.15020057E+001  0.27081002E+001  0.46873983E+001  0.66742276E+001  0.95917022E+001
  0.16405855E+000  0.20863057E+000  0.39136047E+000  0.58400051E+000  0.91404068E+000  0.10468072E+001  0.15020187E+001  0.27081521E+001  0.46874466E+001  0.66742588E+001  0.95917032E+001
  0.16405872E+000  0.20863078E+000  0.39136279E+000  0.58400583E+000  0.91404128E+000  0.10468072E+001  0.15020317E+001  0.27083223E+001  0.46874747E+001  0.66742897E+001  0.95917044E+001
  0.16405887E+000  0.20863100E+000  0.39136512E+000  0.58397089E+000  0.91404188E+000  0.10468072E+001  0.15020449E+001  0.27083603E+001  0.46875009E+001  0.66743202E+001  0.95917060E+001
  0.16405902E+000  0.20863122E+000  0.39136745E+000  0.58398274E+000  0.91404248E+000  0.10468072E+001  0.15020580E+001  0.27083977E+001  0.46875253E+001  0.66743502E+001  0.95917078E+001
  0.16405916E+000  0.20863145E+000  0.39136978E+000  0.58399440E+000  0.91404306E+000  0.10468071E+001  0.15020712E+001  0.27084346E+001  0.46875480E+001  0.66743798E+001  0.95917099E+001
  0.16405929E+000  0.20863167E+000  0.39137210E+000  0.58400585E+000  0.91404363E+000  0.10468071E+001  0.15020843E+001  0.27084707E+001  0.46875692E+001  0.66744087E+001  0.95917124E+001
  0.16405941E+000  0.20863189E+000  0.39137440E+000  0.58401704E+000  0.91404419E+000  0.10468071E+001  0.15020973E+001  0.27085059E+001  0.46875892E+001  0.66744371E+001  0.95917151E+001
  0.16405952E+000  0.20863212E+000  0.39137667E+000  0.58390564E+000  0.91404474E+000  0.10468071E+001  0.15021101E+001  0.27085402E+001  0.46876511E+001  0.66744649E+001  0.95917182E+001
  0.16405962E+000  0.20863234E+000  0.39138223E+000  0.58392016E+000  0.91404527E+000  0.10468071E+001  0.15021228E+001  0.27085735E+001  0.46877264E+001  0.66744920E+001  0.95917216E+001
  0.16405972E+000  0.20863256E+000  0.39138852E+000  0.58393420E+000  0.91404388E+000  0.10468070E+001  0.15021352E+001  0.27086057E+001  0.46878001E+001  0.66745184E+001  0.95917253E+001
  0.16406291E+000  0.20863278E+000  0.39139468E+000  0.58394776E+000  0.91404478E+000  0.10468070E+001  0.15021474E+001  0.27086471E+001  0.46880434E+001  0.66745441E+001  0.95917293E+001
  0.16406291E+000  0.20863301E+000  0.39140067E+000  0.58396080E+000  0.91404503E+000  0.10468070E+001  0.15021594E+001  0.27086915E+001  0.46880756E+001  0.66745691E+001  0.95917337E+001
  0.16406328E+000  0.20863568E+000  0.39138839E+000  0.58397333E+000  0.91404448E+000  0.10468070E+001  0.15021711E+001  0.27087340E+001  0.46881067E+001  0.66745934E+001  0.95917385E+001
  0.16406373E+000  0.20863993E+000  0.39139042E+000  0.58398534E+000  0.91403608E+000  0.10468070E+001  0.15021826E+001  0.27087747E+001  0.46881367E+001  0.66746171E+001  0.95917436E+001
  0.16406420E+000  0.20864401E+000  0.39139731E+000  0.58399686E+000  0.91403825E+000  0.10468069E+001  0.15021937E+001  0.27088138E+001  0.46881660E+001  0.66746401E+001  0.95917490E+001
  0.16406468E+000  0.20864793E+000  0.39140470E+000  0.58400790E+000  0.91404033E+000  0.10468069E+001  0.15022047E+001  0.27088511E+001  0.46881946E+001  0.66746625E+001  0.95917549E+001
  0.16406516E+000  0.20865204E+000  0.39141177E+000  0.58401849E+000  0.91404233E+000  0.10468069E+001  0.15022153E+001  0.27088870E+001  0.46882510E+001  0.66746842E+001  0.95917612E+001
  0.16406566E+000  0.20865622E+000  0.39140063E+000  0.58402866E+000  0.91404424E+000  0.10468069E+001  0.15022258E+001  0.27089214E+001  0.46883055E+001  0.66747053E+001  0.95917680E+001
  0.16406370E+000  0.20866023E+000  0.39140605E+000  0.58403844E+000  0.91403249E+000  0.10468069E+001  0.15022361E+001  0.27090107E+001  0.46883576E+001  0.66747258E+001  0.95917752E+001
  0.16406372E+000  0.20866411E+000  0.39141123E+000  0.58404786E+000  0.91403390E+000  0.10468069E+001  0.15022461E+001  0.27090326E+001  0.46884073E+001  0.66747457E+001  0.95917829E+001
  0.16406374E+000  0.20866784E+000  0.39141616E+000  0.58397601E+000  0.91403527E+000  0.10468069E+001  0.15022560E+001  0.27090537E+001  0.46884546E+001  0.66747651E+001  0.95917911E+001
  0.16406376E+000  0.20867146E+000  0.39141382E+000  0.58398138E+000  0.91403660E+000  0.10468069E+001  0.15022658E+001  0.27090742E+001  0.46884629E+001  0.66747838E+001  0.95917999E+001
  0.16406457E+000  0.20867495E+000  0.39141864E+000  0.58398660E+000  0.91403788E+000  0.10468081E+001  0.15022754E+001  0.27090941E+001  0.46885104E+001  0.66748019E+001  0.95918093E+001
  0.16406546E+000  0.20867834E+000  0.39142319E+000  0.58399167E+000  0.91403913E+000  0.10468108E+001  0.15022848E+001  0.27091134E+001  0.46884779E+001  0.66748194E+001  0.95918193E+001
  0.16406384E+000  0.20868162E+000  0.39141452E+000  0.58399660E+000  0.91404035E+000  0.10468135E+001  0.15022941E+001  0.27091322E+001  0.46885218E+001  0.66748363E+001  0.95918299E+001
  0.16406388E+000  0.20868011E+000  0.39141694E+000  0.58400139E+000  0.91404153E+000  0.10468161E+001  0.15023033E+001  0.27091575E+001  0.46885638E+001  0.66748524E+001  0.95918411E+001
  0.16406391E+000  0.20868278E+000  0.39141927E+000  0.58400604E+000  0.91404267E+000  0.10468186E+001  0.15023123E+001  0.27091832E+001  0.46886038E+001  0.66748679E+001  0.95918531E+001
  0.16406395E+000  0.20867696E+000  0.39142150E+000  0.58401054E+000  0.91404379E+000  0.10468210E+001  0.15023210E+001  0.27092081E+001  0.46886417E+001  0.66748826E+001  0.95918657E+001
  0.16406398E+000  0.20867969E+000  0.39142363E+000  0.58401490E+000  0.91404486E+000  0.10468233E+001  0.15023296E+001  0.27092322E+001  0.46886773E+001  0.66748966E+001  0.95918790E+001
  0.16406402E+000  0.20868230E+000  0.39142564E+000  0.58401909E+000  0.91403478E+000  0.10468255E+001  0.15023379E+001  0.27092555E+001  0.46887105E+001  0.66749097E+001  0.95918951E+001
  0.16406406E+000  0.20866171E+000  0.39142753E+000  0.58402312E+000  0.91403505E+000  0.10468276E+001  0.15023459E+001  0.27092778E+001  0.46887411E+001  0.66749221E+001  0.95919124E+001
  0.16406410E+000  0.20866453E+000  0.39142929E+000  0.58402698E+000  0.91403530E+000  0.10468296E+001  0.15023536E+001  0.27092992E+001  0.46887690E+001  0.66749335E+001  0.95919306E+001
  0.16406414E+000  0.20866721E+000  0.39143093E+000  0.58403064E+000  0.91403553E+000  0.10468315E+001  0.15023611E+001  0.27093195E+001  0.46884110E+001  0.66749441E+001  0.95919497E+001
  0.16406418E+000  0.20866974E+000  0.39143243E+000  0.58403411E+000  0.91403602E+000  0.10468377E+001  0.15023681E+001  0.27093388E+001  0.46884333E+001  0.66749537E+001  0.95919697E+001
  0.16406422E+000  0.20867211E+000  0.39143379E+000  0.58403737E+000  0.91403661E+000  0.10468455E+001  0.15023748E+001  0.27093570E+001  0.46884541E+001  0.66749624E+001  0.95919906E+001
  0.16406426E+000  0.20867432E+000  0.39143501E+000  0.58404042E+000  0.91403716E+000  0.10468528E+001  0.15023811E+001  0.27093740E+001  0.46892039E+001  0.66749702E+001  0.95920125E+001
  0.16406430E+000  0.20867635E+000  0.39143610E+000  0.58404325E+000  0.91403767E+000  0.10468597E+001  0.15023871E+001  0.27093897E+001  0.46893763E+001  0.66749771E+001  0.95920353E+001
  0.16406434E+000  0.20867822E+000  0.39143705E+000  0.58404586E+000  0.91403813E+000  0.10468660E+001  0.15023926E+001  0.27094043E+001  0.46896929E+001  0.66749831E+001  0.95920590E+001
  0.16406438E+000  0.20867992E+000  0.39143787E+000  0.58404824E+000  0.91403856E+000  0.10468400E+001  0.15023977E+001  0.27094177E+001  0.46897104E+001  0.66749881E+001  0.95920837E+001
  0.16406442E+000  0.20868145E+000  0.39143856E+000  0.58405041E+000  0.91403893E+000  0.10468410E+001  0.15024025E+001  0.27094297E+001  0.46897331E+001  0.66749923E+001  0.95921093E+001
  0.16406446E+000  0.20868280E+000  0.39143913E+000  0.58405234E+000  0.91403926E+000  0.10468418E+001  0.15024068E+001  0.27094406E+001  0.46897607E+001  0.66749955E+001  0.95921359E+001
  0.16406451E+000  0.20868400E+000  0.39143955E+000  0.58405406E+000  0.91403955E+000  0.10468425E+001  0.15024107E+001  0.27094502E+001  0.46897926E+001  0.66749980E+001  0.95921634E+001
  0.16406455E+000  0.20866022E+000  0.39144030E+000  0.58405555E+000  0.91403980E+000  0.10468431E+001  0.15024143E+001  0.27094586E+001  0.46898281E+001  0.66749996E+001  0.95921918E+001
  0.16406459E+000  0.20866062E+000  0.39144134E+000  0.58405684E+000  0.91404000E+000  0.10468436E+001  0.15024175E+001  0.27094659E+001  0.46898667E+001  0.66750004E+001  0.95922212E+001
  0.16406463E+000  0.20866097E+000  0.39151349E+000  0.58405792E+000  0.91404017E+000  0.10468439E+001  0.15024203E+001  0.27094719E+001  0.46900070E+001  0.66750004E+001  0.95922516E+001
  0.16406467E+000  0.20866129E+000  0.39151494E+000  0.58405879E+000  0.91404029E+000  0.10468442E+001  0.15024228E+001  0.27094769E+001  0.46901993E+001  0.66749997E+001  0.95922829E+001
  0.16406472E+000  0.20866156E+000  0.39151613E+000  0.58405948E+000  0.91404038E+000  0.10468443E+001  0.15024250E+001  0.27094807E+001  0.46902187E+001  0.66749984E+001  0.95923151E+001
  0.16406476E+000  0.20866179E+000  0.39151706E+000  0.58405998E+000  0.91404043E+000  0.10468443E+001  0.15024269E+001  0.27094836E+001  0.46902353E+001  0.66749964E+001  0.95923483E+001
  0.16406480E+000  0.20866198E+000  0.39151778E+000  0.58406031E+000  0.91404045E+000  0.10468443E+001  0.15024285E+001  0.27094854E+001  0.46902501E+001  0.66749938E+001  0.95923825E+001
  0.16406485E+000  0.20866214E+000  0.39151829E+000  0.58406047E+000  0.91404044E+000  0.10468441E+001  0.15024298E+001  0.27094863E+001  0.46902637E+001  0.66749907E+001  0.95924176E+001
  0.16406489E+000  0.20866227E+000  0.39151862E+000  0.58406048E+000  0.91404039E+000  0.10468439E+001  0.15024309E+001  0.27094863E+001  0.46902768E+001  0.66749870E+001  0.95924536E+001
  0.16406493E+000  0.20866237E+000  0.39151881E+000  0.58406035E+000  0.91404032E+000  0.10468435E+001  0.15024318E+001  0.27094856E+001  0.46902902E+001  0.66749830E+001  0.95924906E+001
  0.16406498E+000  0.20866245E+000  0.39151887E+000  0.58406009E+000  0.91404022E+000  0.10468432E+001  0.15024325E+001  0.27094840E+001  0.46904725E+001  0.66749785E+001  0.95925286E+001
  0.16406502E+000  0.20866250E+000  0.39151881E+000  0.58405970E+000  0.91404010E+000  0.10468427E+001  0.15024331E+001  0.27094818E+001  0.46905273E+001  0.66749736E+001  0.95925675E+001
  0.16406506E+000  0.20866253E+000  0.39151867E+000  0.58405921E+000  0.91403996E+000  0.10468422E+001  0.15024335E+001  0.27094789E+001  0.46907663E+001  0.66749685E+001  0.95926075E+001
  0.16406511E+000  0.20866254E+000  0.39151847E+000  0.58405861E+000  0.91403980E+000  0.10468416E+001  0.15024338E+001  0.27094755E+001  0.46909696E+001  0.66749631E+001  0.95926483E+001
  0.16406515E+000  0.20866254E+000  0.39151820E+000  0.58405793E+000  0.91403962E+000  0.10468410E+001  0.15024340E+001  0.27094715E+001  0.46912886E+001  0.66749574E+001  0.95926902E+001
  0.16406519E+000  0.20866252E+000  0.39151791E+000  0.58405717E+000  0.91403943E+000  0.10468404E+001  0.15024340E+001  0.27094671E+001  0.46913219E+001  0.66749516E+001  0.95927331E+001
  0.16406524E+000  0.20866249E+000  0.39151758E+000  0.58405634E+000  0.91403922E+000  0.10468397E+001  0.15024341E+001  0.27094622E+001  0.46913497E+001  0.66749456E+001  0.95932368E+001
  0.16406528E+000  0.20866245E+000  0.39151725E+000  0.58405544E+000  0.91403900E+000  0.10468390E+001  0.15024340E+001  0.27094570E+001  0.46917799E+001  0.66749395E+001  0.95943277E+001
  0.16406532E+000  0.20866240E+000  0.39151692E+000  0.58405450E+000  0.91403877E+000  0.10468382E+001  0.15024339E+001  0.27094514E+001  0.46925219E+001  0.66749333E+001  0.95952373E+001
  0.16406537E+000  0.20868362E+000  0.39151660E+000  0.58405351E+000  0.91403854E+000  0.10468375E+001  0.15024338E+001  0.27094456E+001  0.46925292E+001  0.66749271E+001  0.95952666E+001
  0.16406541E+000  0.20868299E+000  0.39151629E+000  0.58405248E+000  0.91403830E+000  0.10468367E+001  0.15024336E+001  0.27094396E+001  0.46933745E+001  0.66749209E+001  0.95952965E+001
  0.16406545E+000  0.20868234E+000  0.39151601E+000  0.58405142E+000  0.91403805E+000  0.10468359E+001  0.15024335E+001  0.27094334E+001  0.46934426E+001  0.66749147E+001  0.95953271E+001
  0.16406549E+000  0.20868168E+000  0.39151575E+000  0.58405034E+000  0.91403780E+000  0.10468351E+001  0.15024333E+001  0.27094270E+001  0.46934475E+001  0.66749086E+001  0.95953582E+001
  0.16406553E+000  0.20868103E+000  0.39151554E+000  0.58404925E+000  0.91403754E+000  0.10468343E+001  0.15024332E+001  0.27094205E+001  0.46934505E+001  0.66749026E+001  0.95953899E+001
  0.16406557E+000  0.20868037E+000  0.39151536E+000  0.58404815E+000  0.91403729E+000  0.10468335E+001  0.15024331E+001  0.27094140E+001  0.46934515E+001  0.66748967E+001  0.95954223E+001
  0.16406561E+000  0.20867973E+000  0.39151522E+000  0.58404704E+000  0.91403704E+000  0.10468327E+001  0.15024330E+001  0.27094074E+001  0.46934505E+001  0.66748910E+001  0.95954552E+001
  0.16406564E+000  0.20867909E+000  0.39151513E+000  0.58404594E+000  0.91403679E+000  0.10468653E+001  0.15024329E+001  0.27094009E+001  0.46945158E+001  0.66748855E+001  0.95954888E+001
  0.16406568E+000  0.20867846E+000  0.39151509E+000  0.58404485E+000  0.91403654E+000  0.10468625E+001  0.15024329E+001  0.27093944E+001  0.46955210E+001  0.66748802E+001  0.95955230E+001
  0.16406572E+000  0.20867785E+000  0.39151509E+000  0.58404378E+000  0.91403630E+000  0.10468597E+001  0.15024329E+001  0.27093880E+001  0.46955542E+001  0.66748751E+001  0.95955579E+001
  0.16406575E+000  0.20867726E+000  0.39151514E+000  0.58404272E+000  0.91403606E+000  0.10468570E+001  0.15024330E+001  0.27093816E+001  0.46955922E+001  0.66748702E+001  0.95955933E+001
  0.16406579E+000  0.20867669E+000  0.39151568E+000  0.58404169E+000  0.91403583E+000  0.10468543E+001  0.15024331E+001  0.27093755E+001  0.46956348E+001  0.66748657E+001  0.95956294E+001
  0.16406582E+000  0.20867614E+000  0.39151513E+000  0.58404070E+000  0.91403560E+000  0.10468517E+001  0.15024333E+001  0.27093695E+001  0.46956819E+001  0.66748614E+001  0.95956662E+001
  0.16406586E+000  0.20867561E+000  0.39154010E+000  0.58403973E+000  0.91403539E+000  0.10468492E+001  0.15024335E+001  0.27093636E+001  0.46957381E+001  0.66748574E+001  0.95984696E+001
  0.16406589E+000  0.20867511E+000  0.39154010E+000  0.58403881E+000  0.91403527E+000  0.10468468E+001  0.15024338E+001  0.27093580E+001  0.46958604E+001  0.66748537E+001  0.95995319E+001
  0.16406592E+000  0.20867464E+000  0.39154019E+000  0.58403793E+000  0.91403520E+000  0.10468444E+001  0.15024342E+001  0.27093527E+001  0.46959843E+001  0.66748504E+001  0.95997251E+001
  0.16406595E+000  0.20867420E+000  0.39154039E+000  0.58403709E+000  0.91403513E+000  0.10468422E+001  0.15024346E+001  0.27093476E+001  0.46961887E+001  0.66748474E+001  0.95997896E+001
  0.16406598E+000  0.20867378E+000  0.39154070E+000  0.58403631E+000  0.91403507E+000  0.10468401E+001  0.15024351E+001  0.27093427E+001  0.46964651E+001  0.66748550E+001  0.95998553E+001
  0.16406601E+000  0.20867340E+000  0.39154109E+000  0.58403557E+000  0.91403502E+000  0.10468381E+001  0.15024357E+001  0.27093382E+001  0.46965591E+001  0.66748710E+001  0.95999275E+001
  0.16406604E+000  0.20867305E+000  0.39154158E+000  0.58403489E+000  0.91403496E+000  0.10468362E+001  0.15024363E+001  0.27093339E+001  0.46967842E+001  0.66748718E+001  0.96000340E+001
  0.16406607E+000  0.20867272E+000  0.39154215E+000  0.58403426E+000  0.91403492E+000  0.10468345E+001  0.15024370E+001  0.27093300E+001  0.46969880E+001  0.66748729E+001  0.96001424E+001
  0.16406607E+000  0.20867243E+000  0.39154281E+000  0.58403368E+000  0.91403487E+000  0.10468329E+001  0.15024377E+001  0.27093264E+001  0.46970302E+001  0.66748744E+001  0.96004988E+001
  0.16406607E+000  0.20867217E+000  0.39154354E+000  0.58403317E+000  0.91403483E+000  0.10468314E+001  0.15024386E+001  0.27093231E+001  0.46970698E+001  0.66748762E+001  0.96008729E+001
  0.16406607E+000  0.20867194E+000  0.39154434E+000  0.58403270E+000  0.91403480E+000  0.10468301E+001  0.15024394E+001  0.27093202E+001  0.46971072E+001  0.66748784E+001  0.96012521E+001
  0.16406606E+000  0.20867174E+000  0.39154520E+000  0.58403230E+000  0.91403477E+000  0.10468290E+001  0.15024403E+001  0.27093175E+001  0.46971427E+001  0.66748809E+001  0.96016361E+001
  0.16406606E+000  0.20867157E+000  0.39154613E+000  0.58403195E+000  0.91403475E+000  0.10468279E+001  0.15024413E+001  0.27093152E+001  0.46972513E+001  0.66748837E+001  0.96020249E+001
  0.16406606E+000  0.20867143E+000  0.39154710E+000  0.58403165E+000  0.91403473E+000  0.10468270E+001  0.15024423E+001  0.27093132E+001  0.46972734E+001  0.66748868E+001  0.96022196E+001
  0.16406607E+000  0.20867131E+000  0.39154812E+000  0.58403141E+000  0.91403471E+000  0.10468263E+001  0.15024434E+001  0.27093116E+001  0.46972953E+001  0.66748902E+001  0.96022571E+001
  0.16406607E+000  0.20867123E+000  0.39154917E+000  0.58403123E+000  0.91403470E+000  0.10468256E+001  0.15024445E+001  0.27093102E+001  0.46973171E+001  0.66748939E+001  0.96022951E+001
  0.16406607E+000  0.20867117E+000  0.39155026E+000  0.58403109E+000  0.91403469E+000  0.10468251E+001  0.15024457E+001  0.27093092E+001  0.46973386E+001  0.66748978E+001  0.96023335E+001
  0.16406608E+000  0.20867113E+000  0.39155138E+000  0.58403101E+000  0.91403469E+000  0.10468248E+001  0.15024469E+001  0.27093084E+001  0.46973601E+001  0.66749035E+001  0.96023723E+001
  0.16406608E+000  0.20867112E+000  0.39155251E+000  0.58403097E+000  0.91403469E+000  0.10468245E+001  0.15024481E+001  0.27093080E+001  0.46973814E+001  0.66749148E+001  0.96024115E+001
  0.16406609E+000  0.20867113E+000  0.39155367E+000  0.58403098E+000  0.91403470E+000  0.10468244E+001  0.15024494E+001  0.27093078E+001  0.46974027E+001  0.66749263E+001  0.96024511E+001
  0.16406610E+000  0.20867116E+000  0.39155483E+000  0.58403103E+000  0.91403470E+000  0.10468244E+001  0.15024506E+001  0.27093078E+001  0.46974239E+001  0.66749379E+001  0.96024910E+001
  0.16406611E+000  0.20867122E+000  0.39155600E+000  0.58403112E+000  0.91403472E+000  0.10468245E+001  0.15024519E+001  0.27093082E+001  0.46974451E+001  0.66749497E+001  0.96025312E+001
  0.16406611E+000  0.20867129E+000  0.39155717E+000  0.58403125E+000  0.91403473E+000  0.10468247E+001  0.15024533E+001  0.27093087E+001  0.46975311E+001  0.66749616E+001  0.96025718E+001
  0.16406612E+000  0.20867138E+000  0.39155834E+000  0.58403141E+000  0.91403475E+000  0.10468250E+001  0.15024546E+001  0.27093094E+001  0.46978038E+001  0.66749736E+001  0.96026125E+001
  0.16406613E+000  0.20867149E+000  0.39155950E+000  0.58403161E+000  0.91403477E+000  0.10468253E+001  0.15024559E+001  0.27093104E+001  0.46979202E+001  0.66749856E+001  0.96026536E+001
  0.16406614E+000  0.20867161E+000  0.39156065E+000  0.58403184E+000  0.91403479E+000  0.10468258E+001  0.15024573E+001  0.27093115E+001  0.46988044E+001  0.66749978E+001  0.96026948E+001
  0.16406616E+000  0.20867174E+000  0.39156179E+000  0.58403209E+000  0.91403481E+000  0.10468263E+001  0.15024586E+001  0.27093128E+001  0.46993032E+001  0.66750099E+001  0.96027361E+001
  0.16406617E+000  0.20867189E+000  0.39156291E+000  0.58403237E+000  0.91403484E+000  0.10468269E+001  0.15024600E+001  0.27093142E+001  0.46994179E+001  0.66750221E+001  0.96027776E+001
  0.16406618E+000  0.20867204E+000  0.39156400E+000  0.58403267E+000  0.91403486E+000  0.10468275E+001  0.15024613E+001  0.27093158E+001  0.46994278E+001  0.66750342E+001  0.96028165E+001
  0.16406619E+000  0.20867221E+000  0.39156508E+000  0.58403298E+000  0.91403489E+000  0.10468282E+001  0.15024627E+001  0.27093175E+001  0.46994368E+001  0.66750463E+001  0.96028310E+001
  0.16406620E+000  0.20867238E+000  0.39156613E+000  0.58403332E+000  0.91403492E+000  0.10468290E+001  0.15024640E+001  0.27093193E+001  0.46994451E+001  0.66750583E+001  0.96028455E+001
  0.16406621E+000  0.20867256E+000  0.39156716E+000  0.58403366E+000  0.91403495E+000  0.10468298E+001  0.15024653E+001  0.27093211E+001  0.46994526E+001  0.66750703E+001  0.96028601E+001
  0.16406622E+000  0.20867274E+000  0.39156816E+000  0.58403402E+000  0.91403498E+000  0.10468306E+001  0.15024666E+001  0.27093231E+001  0.46994595E+001  0.66750821E+001  0.96028747E+001
  0.16406623E+000  0.20867293E+000  0.39156912E+000  0.58403438E+000  0.91403501E+000  0.10468314E+001  0.15024679E+001  0.27093251E+001  0.46994920E+001  0.66750938E+001  0.96028892E+001
  0.16406624E+000  0.20867312E+000  0.39157006E+000  0.58403475E+000  0.91403504E+000  0.10468323E+001  0.15024692E+001  0.27093271E+001  0.46995999E+001  0.66751054E+001  0.96029037E+001
  0.16406626E+000  0.20867331E+000  0.39157096E+000  0.58403512E+000  0.91403507E+000  0.10468331E+001  0.15024704E+001  0.27093291E+001  0.46997061E+001  0.66751168E+001  0.96029181E+001
  0.16406627E+000  0.20867350E+000  0.39157184E+000  0.58403549E+000  0.91403510E+000  0.10468340E+001  0.15024716E+001  0.27093311E+001  0.46998774E+001  0.66751281E+001  0.96029325E+001
  0.16406628E+000  0.20867369E+000  0.39157268E+000  0.58403585E+000  0.91403513E+000  0.10468348E+001  0.15024728E+001  0.27093332E+001  0.46999671E+001  0.66751391E+001  0.96029469E+001
  0.16406628E+000  0.20867388E+000  0.39157348E+000  0.58403622E+000  0.91403516E+000  0.10468357E+001  0.15024739E+001  0.27093352E+001  0.47001238E+001  0.66751499E+001  0.96029611E+001
  0.16406629E+000  0.20867407E+000  0.39157425E+000  0.58403657E+000  0.91403519E+000  0.10468365E+001  0.15024751E+001  0.27093372E+001  0.47002061E+001  0.66751606E+001  0.96029753E+001
  0.16406630E+000  0.20867425E+000  0.39157499E+000  0.58403692E+000  0.91403522E+000  0.10468374E+001  0.15024761E+001  0.27093391E+001  0.47002359E+001  0.66751709E+001  0.96035739E+001
  0.16406631E+000  0.20867442E+000  0.39157569E+000  0.58403726E+000  0.91403524E+000  0.10468382E+001  0.15024772E+001  0.27093410E+001  0.47002614E+001  0.66751810E+001  0.96045394E+001
  0.16406632E+000  0.20867459E+000  0.39157636E+000  0.58403758E+000  0.91403527E+000  0.10468390E+001  0.15024782E+001  0.27093429E+001  0.47002828E+001  0.66751909E+001  0.96054970E+001
  0.16406632E+000  0.20867475E+000  0.39157699E+000  0.58403790E+000  0.91403529E+000  0.10468397E+001  0.15024791E+001  0.27093446E+001  0.47003029E+001  0.66752004E+001  0.96061865E+001
  0.16406633E+000  0.20867491E+000  0.39157759E+000  0.58403820E+000  0.91403531E+000  0.10468405E+001  0.15024800E+001  0.27093463E+001  0.47003231E+001  0.66752097E+001  0.96061994E+001
  0.16406633E+000  0.20867506E+000  0.39157815E+000  0.58403848E+000  0.91403534E+000  0.10468412E+001  0.15024809E+001  0.27093479E+001  0.47003433E+001  0.66752187E+001  0.96062100E+001
  0.16406634E+000  0.20867520E+000  0.39157868E+000  0.58403875E+000  0.91403536E+000  0.10468418E+001  0.15024817E+001  0.27093495E+001  0.47004217E+001  0.66752273E+001  0.96062185E+001
  0.16406634E+000  0.20867533E+000  0.39157918E+000  0.58403900E+000  0.91403537E+000  0.10468424E+001  0.15024825E+001  0.27093509E+001  0.47004936E+001  0.66752356E+001  0.96062252E+001
  0.16406635E+000  0.20867546E+000  0.39157964E+000  0.58403924E+000  0.91403539E+000  0.10468430E+001  0.15024833E+001  0.27093522E+001  0.47005385E+001  0.66752435E+001  0.96062301E+001
  0.16406635E+000  0.20867557E+000  0.39158006E+000  0.58403945E+000  0.91403540E+000  0.10468436E+001  0.15024840E+001  0.27093535E+001  0.47008250E+001  0.66752510E+001  0.96062335E+001
  0.16406635E+000  0.20867567E+000  0.39158045E+000  0.58403965E+000  0.91403542E+000  0.10468440E+001  0.15024846E+001  0.27093546E+001  0.47009966E+001  0.66752582E+001  0.96062508E+001
  0.16406635E+000  0.20867577E+000  0.39158081E+000  0.58403982E+000  0.91403543E+000  0.10468445E+001  0.15024852E+001  0.27093556E+001  0.47010465E+001  0.66774936E+001  0.96062707E+001
  0.16406635E+000  0.20867585E+000  0.39158113E+000  0.58403998E+000  0.91403544E+000  0.10468449E+001  0.15024857E+001  0.27093565E+001  0.47012133E+001  0.66775022E+001  0.96062904E+001
  0.16406635E+000  0.20867593E+000  0.39158141E+000  0.58404011E+000  0.91403545E+000  0.10468453E+001  0.15024862E+001  0.27093573E+001  0.47012158E+001  0.66775093E+001  0.96063097E+001
  0.16406635E+000  0.20867599E+000  0.39158166E+000  0.58404023E+000  0.91403545E+000  0.10468456E+001  0.15024867E+001  0.27093580E+001  0.47012184E+001  0.66775150E+001  0.96063294E+001
  0.16406635E+000  0.20867605E+000  0.39158186E+000  0.58404032E+000  0.91403545E+000  0.10468458E+001  0.15024870E+001  0.27093585E+001  0.47012211E+001  0.66780987E+001  0.96063493E+001
  0.16406634E+000  0.20867609E+000  0.39158203E+000  0.58404039E+000  0.91403546E+000  0.10468461E+001  0.15024874E+001  0.27093590E+001  0.47012238E+001  0.66780989E+001  0.96063683E+001
  0.16406634E+000  0.20867613E+000  0.39158216E+000  0.58404044E+000  0.91403546E+000  0.10468462E+001  0.15024876E+001  0.27093593E+001  0.47012264E+001  0.66780988E+001  0.96063865E+001
  0.16406634E+000  0.20867615E+000  0.39158225E+000  0.58404047E+000  0.91403545E+000  0.10468464E+001  0.15024878E+001  0.27093595E+001  0.47012290E+001  0.66780984E+001  0.96064039E+001
  0.16406633E+000  0.20867616E+000  0.39158230E+000  0.58404047E+000  0.91403545E+000  0.10468465E+001  0.15024880E+001  0.27093596E+001  0.47012314E+001  0.66780977E+001  0.96064207E+001
  0.16406632E+000  0.20867617E+000  0.39158230E+000  0.58404046E+000  0.91403544E+000  0.10468465E+001  0.15024881E+001  0.27093596E+001  0.47012335E+001  0.66793714E+001  0.96064370E+001
  0.16406632E+000  0.20867616E+000  0.39158225E+000  0.58404042E+000  0.91403543E+000  0.10468465E+001  0.15024880E+001  0.27093594E+001  0.47012354E+001  0.66794233E+001  0.96064527E+001
  0.16406631E+000  0.20867614E+000  0.39158215E+000  0.58404035E+000  0.91403542E+000  0.10468465E+001  0.15024880E+001  0.27093592E+001  0.47012370E+001  0.66794730E+001  0.96064680E+001
  0.16406629E+000  0.20867611E+000  0.39158199E+000  0.58404024E+000  0.91403540E+000  0.10468464E+001  0.15024878E+001  0.27093587E+001  0.47012753E+001  0.66795204E+001  0.96064829E+001
  0.16406628E+000  0.20867605E+000  0.39158177E+000  0.58404008E+000  0.91403538E+000  0.10468461E+001  0.15024875E+001  0.27093579E+001  0.47013500E+001  0.66795655E+001  0.96065062E+001
  0.16406626E+000  0.20867595E+000  0.39158148E+000  0.58403986E+000  0.91403536E+000  0.10468457E+001  0.15024871E+001  0.27093567E+001  0.47014196E+001  0.66796082E+001  0.96065302E+001
  0.16406625E+000  0.20867582E+000  0.39158112E+000  0.58403956E+000  0.91403533E+000  0.10468452E+001  0.15024866E+001  0.27093551E+001  0.47014583E+001  0.66796484E+001  0.96065535E+001
  0.16406625E+000  0.20867566E+000  0.39158068E+000  0.58403920E+000  0.91403531E+000  0.10468445E+001  0.15024861E+001  0.27093531E+001  0.47015072E+001  0.66796862E+001  0.96065760E+001
  0.16406625E+000  0.20867551E+000  0.39158019E+000  0.58403885E+000  0.91403528E+000  0.10468438E+001  0.15024855E+001  0.27093512E+001  0.47015551E+001  0.66797215E+001  0.96065977E+001
  0.16406627E+000  0.20867547E+000  0.39157966E+000  0.58403868E+000  0.91403526E+000  0.10468437E+001  0.15024848E+001  0.27093505E+001  0.47016002E+001  0.66797541E+001  0.96066189E+001
  0.16406627E+000  0.20867566E+000  0.39157914E+000  0.58403889E+000  0.91403524E+000  0.10468448E+001  0.15024840E+001  0.27093524E+001  0.47016426E+001  0.66797837E+001  0.96066399E+001
  0.16406619E+000  0.20867615E+000  0.39157864E+000  0.58403958E+000  0.91403520E+000  0.10468476E+001  0.15024827E+001  0.27093579E+001  0.47016829E+001  0.66798090E+001  0.96066609E+001
  0.16406599E+000  0.20867660E+000  0.39157794E+000  0.58404008E+000  0.91403505E+000  0.10468504E+001  0.15024801E+001  0.27093630E+001  0.47017126E+001  0.66798287E+001  0.96066815E+001
  0.16406582E+000  0.20867584E+000  0.39157648E+000  0.58403830E+000  0.91403479E+000  0.10468471E+001  0.15024756E+001  0.27093545E+001  0.47017063E+001  0.66798407E+001  0.96066996E+001
  0.16406618E+000  0.20867295E+000  0.39157324E+000  0.58403268E+000  0.91403429E+000  0.10468326E+001  0.15024699E+001  0.27093209E+001  0.47017091E+001  0.66798544E+001  0.96067127E+001
  0.16406146E+000  0.20867734E+000  0.39157280E+000  0.58404059E+000  0.91403498E+000  0.10468585E+001  0.15024723E+001  0.27093794E+001  0.47016979E+001  0.66798648E+001  0.96067363E+001
  0.16405957E+000  0.20866363E+000  0.39157121E+000  0.58395669E+000  0.91403847E+000  0.10468192E+001  0.15024509E+001  0.27094913E+001  0.47017100E+001  0.66797887E+001  0.96067799E+001
