  0.20319412E+002
  0.20325925E+002
  0.20330941E+002
  0.20334876E+002
  0.20338000E+002
  0.20340500E+002
  0.20342509E+002
  0.20344126E+002
  0.20345428E+002
  0.20346472E+002
  0.20347308E+002
  0.20347972E+002
  0.20348494E+002
  0.20348900E+002
  0.20349209E+002
  0.20349438E+002
  0.20349601E+002
  0.20349708E+002
  0.20349768E+002
  0.20349790E+002
  0.20349779E+002
  0.20349740E+002
  0.20349678E+002
  0.20349596E+002
  0.20349497E+002
  0.20349385E+002
  0.20349260E+002
  0.20349124E+002
  0.20348980E+002
  0.20348828E+002
  0.20348669E+002
  0.20348503E+002
  0.20348332E+002
  0.20348157E+002
  0.20347976E+002
  0.20347791E+002
  0.20347602E+002
  0.20347409E+002
  0.20347213E+002
  0.20347013E+002
  0.20346810E+002
  0.20346603E+002
  0.20346394E+002
  0.20346181E+002
  0.20345965E+002
  0.20345747E+002
  0.20345526E+002
  0.20345303E+002
  0.20345078E+002
  0.20344850E+002
  0.20344621E+002
  0.20344391E+002
  0.20344159E+002
  0.20343926E+002
  0.20343692E+002
  0.20343458E+002
  0.20343224E+002
  0.20342989E+002
  0.20342755E+002
  0.20342522E+002
  0.20342289E+002
  0.20342057E+002
  0.20341826E+002
  0.20341597E+002
  0.20341369E+002
  0.20341143E+002
  0.20340918E+002
  0.20340696E+002
  0.20340476E+002
  0.20340258E+002
  0.20340043E+002
  0.20339830E+002
  0.20339619E+002
  0.20339411E+002
  0.20339206E+002
  0.20339004E+002
  0.20338805E+002
  0.20338608E+002
  0.20338415E+002
  0.20338224E+002
  0.20338037E+002
  0.20337852E+002
  0.20337670E+002
  0.20337491E+002
  0.20337315E+002
  0.20337142E+002
  0.20336971E+002
  0.20336803E+002
  0.20336637E+002
  0.20336473E+002
  0.20336312E+002
  0.20336153E+002
  0.20335996E+002
  0.20335840E+002
  0.20335686E+002
  0.20335533E+002
  0.20335382E+002
  0.20335232E+002
  0.20335083E+002
  0.20334934E+002
  0.20334786E+002
  0.20334639E+002
  0.20334492E+002
  0.20334345E+002
  0.20334198E+002
  0.20334051E+002
  0.20333904E+002
  0.20333756E+002
  0.20333608E+002
  0.20333460E+002
  0.20333310E+002
  0.20333160E+002
  0.20333010E+002
  0.20332858E+002
  0.20332705E+002
  0.20332552E+002
  0.20332398E+002
  0.20332242E+002
  0.20332086E+002
  0.20331928E+002
  0.20331770E+002
  0.20331611E+002
  0.20331451E+002
  0.20331290E+002
  0.20331128E+002
  0.20330965E+002
  0.20330802E+002
  0.20330638E+002
  0.20330474E+002
  0.20330309E+002
  0.20330144E+002
  0.20329979E+002
  0.20329814E+002
  0.20329649E+002
  0.20329483E+002
  0.20329318E+002
  0.20329154E+002
  0.20328990E+002
  0.20328826E+002
  0.20328663E+002
  0.20328502E+002
  0.20328340E+002
  0.20328181E+002
  0.20328022E+002
  0.20327864E+002
  0.20327708E+002
  0.20327553E+002
  0.20327400E+002
  0.20327249E+002
  0.20327099E+002
  0.20326951E+002
  0.20326805E+002
  0.20326661E+002
  0.20326519E+002
  0.20326379E+002
  0.20326241E+002
  0.20326106E+002
  0.20325972E+002
  0.20325841E+002
  0.20325712E+002
  0.20325586E+002
  0.20325461E+002
  0.20325339E+002
  0.20325220E+002
  0.20325102E+002
  0.20324987E+002
  0.20324874E+002
  0.20324764E+002
  0.20324655E+002
  0.20324549E+002
  0.20324445E+002
  0.20324343E+002
  0.20324244E+002
  0.20324146E+002
  0.20324050E+002
  0.20323956E+002
  0.20323864E+002
  0.20323773E+002
  0.20323684E+002
  0.20323596E+002
  0.20323510E+002
  0.20323425E+002
  0.20323342E+002
  0.20323259E+002
  0.20323177E+002
  0.20323095E+002
  0.20323014E+002
  0.20322933E+002
  0.20322852E+002
  0.20322770E+002
  0.20322688E+002
  0.20322605E+002
  0.20322520E+002
  0.20322433E+002
  0.20322343E+002
  0.20322251E+002
  0.20322156E+002
  0.20322057E+002
  0.20321943E+002
  0.20321820E+002
