  0.12081477E+001  0.75557959E+000  0.54341324E+001  0.73879798E+002
  0.12482617E+001  0.78320162E+000  0.53834952E+001  0.73888749E+002
  0.12499294E+001  0.79148255E+000  0.53903839E+001  0.73891979E+002
  0.12500089E+001  0.80068476E+000  0.53904953E+001  0.73898325E+002
  0.12517330E+001  0.80254974E+000  0.53968652E+001  0.73900862E+002
  0.12533143E+001  0.80110886E+000  0.54067099E+001  0.73900877E+002
  0.12533281E+001  0.80108585E+000  0.54123647E+001  0.73903267E+002
  0.12546822E+001  0.80014114E+000  0.54182825E+001  0.73903409E+002
  0.12544973E+001  0.80019057E+000  0.54222433E+001  0.73904789E+002
  0.12536946E+001  0.80131974E+000  0.54254187E+001  0.73905466E+002
  0.12549031E+001  0.80036450E+000  0.54293815E+001  0.73904592E+002
  0.12549134E+001  0.80048574E+000  0.54308623E+001  0.73905635E+002
  0.12548790E+001  0.80177346E+000  0.54296306E+001  0.73907703E+002
  0.12548391E+001  0.80181123E+000  0.54305685E+001  0.73908391E+002
  0.12548006E+001  0.80184333E+000  0.54306571E+001  0.73909546E+002
  0.12547256E+001  0.80191644E+000  0.54306738E+001  0.73910447E+002
  0.12547238E+001  0.80191654E+000  0.54781797E+001  0.73863593E+002
  0.12547573E+001  0.80188128E+000  0.54786392E+001  0.73863563E+002
  0.12547156E+001  0.80166644E+000  0.54792875E+001  0.73863413E+002
  0.12547119E+001  0.80166066E+000  0.54796317E+001  0.73863165E+002
  0.12546872E+001  0.80147980E+000  0.54801229E+001  0.73862834E+002
  0.12546819E+001  0.80147518E+000  0.54803763E+001  0.73862435E+002
  0.12545684E+001  0.80158656E+000  0.54805857E+001  0.73861979E+002
  0.12545717E+001  0.80158180E+000  0.54807632E+001  0.73861476E+002
  0.12546309E+001  0.80152004E+000  0.54809150E+001  0.73860932E+002
  0.12545915E+001  0.80155674E+000  0.54810440E+001  0.73860355E+002
  0.12545864E+001  0.80154171E+000  0.54811708E+001  0.73859749E+002
  0.12545812E+001  0.80154394E+000  0.54812636E+001  0.73859118E+002
  0.12543805E+001  0.80174150E+000  0.54813423E+001  0.73858465E+002
  0.12543750E+001  0.80174370E+000  0.54814090E+001  0.73857792E+002
  0.12543694E+001  0.80174588E+000  0.54814656E+001  0.73857102E+002
  0.12543636E+001  0.80174805E+000  0.54815138E+001  0.73856397E+002
  0.12543577E+001  0.80175022E+000  0.54815549E+001  0.73855676E+002
  0.12543516E+001  0.80175429E+000  0.54815884E+001  0.73854941E+002
  0.12543454E+001  0.80175644E+000  0.54816190E+001  0.73854192E+002
  0.12543391E+001  0.80175859E+000  0.54816457E+001  0.73853430E+002
  0.12543326E+001  0.80176025E+000  0.54816699E+001  0.73852655E+002
  0.12543260E+001  0.80176240E+000  0.54816911E+001  0.73851868E+002
  0.12543193E+001  0.80176456E+000  0.54817128E+001  0.73851065E+002
  0.12543123E+001  0.80176674E+000  0.54817339E+001  0.73850249E+002
  0.12543053E+001  0.80176893E+000  0.54817542E+001  0.73849420E+002
  0.12542981E+001  0.80171908E+000  0.54818259E+001  0.73848579E+002
  0.12542908E+001  0.80172131E+000  0.54818452E+001  0.73847726E+002
  0.12542833E+001  0.80172357E+000  0.54818644E+001  0.73846862E+002
  0.12542758E+001  0.80172586E+000  0.54818834E+001  0.73845986E+002
  0.12542481E+001  0.80174814E+000  0.54819025E+001  0.73845099E+002
  0.12542403E+001  0.80175049E+000  0.54819217E+001  0.73844202E+002
  0.12542324E+001  0.80175288E+000  0.54819410E+001  0.73843296E+002
  0.12542244E+001  0.80175531E+000  0.54819604E+001  0.73842380E+002
  0.12542163E+001  0.80175776E+000  0.54819799E+001  0.73841457E+002
  0.12542081E+001  0.80176024E+000  0.54819995E+001  0.73840527E+002
  0.12541999E+001  0.80176275E+000  0.54820191E+001  0.73839590E+002
  0.12541916E+001  0.80176527E+000  0.54820388E+001  0.73838649E+002
  0.12541834E+001  0.80176782E+000  0.54820584E+001  0.73837703E+002
  0.12541751E+001  0.80177037E+000  0.54820781E+001  0.73836755E+002
  0.12541668E+001  0.80177292E+000  0.54820977E+001  0.73835804E+002
  0.12541586E+001  0.80177548E+000  0.54821172E+001  0.73834853E+002
  0.12541505E+001  0.80178117E+000  0.54821333E+001  0.73833902E+002
  0.12541424E+001  0.80178371E+000  0.54821524E+001  0.73832952E+002
  0.12541345E+001  0.80178626E+000  0.54821712E+001  0.73832004E+002
  0.12540637E+001  0.80185171E+000  0.54821897E+001  0.73831059E+002
  0.12540561E+001  0.80185424E+000  0.54822079E+001  0.73830118E+002
  0.12540486E+001  0.80185677E+000  0.54822257E+001  0.73829182E+002
  0.12540413E+001  0.80185930E+000  0.54822432E+001  0.73828252E+002
  0.12540079E+001  0.80188823E+000  0.54822604E+001  0.73827328E+002
  0.12540011E+001  0.80189081E+000  0.54822773E+001  0.73826410E+002
  0.12539946E+001  0.80189343E+000  0.54822938E+001  0.73825501E+002
  0.12539884E+001  0.80189609E+000  0.54823098E+001  0.73824599E+002
  0.12539824E+001  0.80189881E+000  0.54823255E+001  0.73823706E+002
  0.12539768E+001  0.80190160E+000  0.54823407E+001  0.73822822E+002
  0.12539716E+001  0.80190447E+000  0.54823555E+001  0.73821948E+002
  0.12539667E+001  0.80190742E+000  0.54823700E+001  0.73821084E+002
  0.12539621E+001  0.80191045E+000  0.54823840E+001  0.73820229E+002
  0.12539572E+001  0.80191421E+000  0.54823977E+001  0.73819386E+002
  0.12539467E+001  0.80192412E+000  0.54824110E+001  0.73818553E+002
  0.12539432E+001  0.80192738E+000  0.54824238E+001  0.73817732E+002
  0.12539401E+001  0.80193070E+000  0.54824362E+001  0.73816922E+002
  0.12539373E+001  0.80193407E+000  0.54824471E+001  0.73816124E+002
  0.12539349E+001  0.80193747E+000  0.54824402E+001  0.73815356E+002
  0.12539329E+001  0.80194089E+000  0.54824334E+001  0.73814599E+002
  0.12539311E+001  0.80194429E+000  0.54824268E+001  0.73813854E+002
  0.12539297E+001  0.80194768E+000  0.54824203E+001  0.73813119E+002
  0.12539286E+001  0.80195102E+000  0.54824140E+001  0.73812396E+002
  0.12539278E+001  0.80195430E+000  0.54824079E+001  0.73811684E+002
  0.12539272E+001  0.80195749E+000  0.54824019E+001  0.73810983E+002
  0.12539269E+001  0.80196059E+000  0.54823961E+001  0.73810292E+002
  0.12539268E+001  0.80196357E+000  0.54823904E+001  0.73809612E+002
  0.12539270E+001  0.80196643E+000  0.54823848E+001  0.73808942E+002
  0.12539273E+001  0.80196915E+000  0.54823793E+001  0.73808281E+002
  0.12539278E+001  0.80197172E+000  0.54823739E+001  0.73807630E+002
  0.12539285E+001  0.80197414E+000  0.54823685E+001  0.73806987E+002
  0.12539294E+001  0.80197639E+000  0.54823632E+001  0.73806352E+002
  0.12539303E+001  0.80197848E+000  0.54823580E+001  0.73805725E+002
  0.12539314E+001  0.80198040E+000  0.54823527E+001  0.73805105E+002
  0.12539325E+001  0.80198215E+000  0.54823476E+001  0.73804491E+002
  0.12539338E+001  0.80198374E+000  0.54823424E+001  0.73803883E+002
  0.12539351E+001  0.80198516E+000  0.54823372E+001  0.73803280E+002
  0.12539364E+001  0.80198641E+000  0.54823320E+001  0.73802682E+002
  0.12539378E+001  0.80198751E+000  0.54823269E+001  0.73802088E+002
  0.12539392E+001  0.80198846E+000  0.54823217E+001  0.73801497E+002
  0.12539406E+001  0.80198926E+000  0.54823165E+001  0.73800908E+002
  0.12539421E+001  0.80198993E+000  0.54823114E+001  0.73800322E+002
  0.12539435E+001  0.80199046E+000  0.54823062E+001  0.73799737E+002
  0.12539449E+001  0.80199087E+000  0.54823010E+001  0.73799152E+002
  0.12539463E+001  0.80199117E+000  0.54822959E+001  0.73798568E+002
  0.12539476E+001  0.80199136E+000  0.54822908E+001  0.73797984E+002
  0.12539490E+001  0.80199146E+000  0.54822857E+001  0.73797399E+002
  0.12539503E+001  0.80199147E+000  0.54822806E+001  0.73796812E+002
  0.12539515E+001  0.80199141E+000  0.54822756E+001  0.73796224E+002
  0.12539527E+001  0.80199127E+000  0.54822706E+001  0.73795633E+002
  0.12539539E+001  0.80199108E+000  0.54822657E+001  0.73795040E+002
  0.12539550E+001  0.80199083E+000  0.54822609E+001  0.73794444E+002
  0.12539561E+001  0.80199055E+000  0.54822561E+001  0.73793845E+002
  0.12539571E+001  0.80199023E+000  0.54822515E+001  0.73793242E+002
  0.12539580E+001  0.80198989E+000  0.54822469E+001  0.73792636E+002
  0.12539590E+001  0.80198953E+000  0.54822425E+001  0.73792026E+002
  0.12539598E+001  0.80198916E+000  0.54822382E+001  0.73791412E+002
  0.12539607E+001  0.80198880E+000  0.54822341E+001  0.73790794E+002
  0.12539615E+001  0.80198843E+000  0.54822301E+001  0.73790172E+002
  0.12539622E+001  0.80198808E+000  0.54822263E+001  0.73789546E+002
  0.12539629E+001  0.80198775E+000  0.54822228E+001  0.73788916E+002
  0.12539636E+001  0.80198744E+000  0.54822194E+001  0.73788282E+002
  0.12539643E+001  0.80198715E+000  0.54822162E+001  0.73787644E+002
  0.12539650E+001  0.80198690E+000  0.54822133E+001  0.73787002E+002
  0.12539656E+001  0.80198669E+000  0.54822107E+001  0.73786357E+002
  0.12539662E+001  0.80198652E+000  0.54822083E+001  0.73785709E+002
  0.12539668E+001  0.80198639E+000  0.54822062E+001  0.73785058E+002
  0.12539675E+001  0.80198630E+000  0.54822044E+001  0.73784404E+002
  0.12539681E+001  0.80198627E+000  0.54822029E+001  0.73783748E+002
  0.12539687E+001  0.80198628E+000  0.54822016E+001  0.73783090E+002
  0.12539693E+001  0.80198635E+000  0.54822007E+001  0.73782430E+002
  0.12539700E+001  0.80198647E+000  0.54822001E+001  0.73781769E+002
  0.12539706E+001  0.80198664E+000  0.54821998E+001  0.73781107E+002
  0.12539713E+001  0.80198686E+000  0.54821999E+001  0.73780445E+002
  0.12539720E+001  0.80198714E+000  0.54822002E+001  0.73779783E+002
  0.12539728E+001  0.80198747E+000  0.54822009E+001  0.73779122E+002
  0.12539735E+001  0.80198784E+000  0.54822019E+001  0.73778461E+002
  0.12539743E+001  0.80198827E+000  0.54822032E+001  0.73777802E+002
  0.12539751E+001  0.80198875E+000  0.54822048E+001  0.73777145E+002
  0.12539760E+001  0.80198927E+000  0.54822068E+001  0.73776491E+002
  0.12539768E+001  0.80198983E+000  0.54822090E+001  0.73775839E+002
  0.12539777E+001  0.80199044E+000  0.54822114E+001  0.73775191E+002
  0.12539787E+001  0.80199108E+000  0.54822142E+001  0.73774547E+002
  0.12539797E+001  0.80199177E+000  0.54822172E+001  0.73773907E+002
  0.12539806E+001  0.80199248E+000  0.54822205E+001  0.73773272E+002
  0.12539817E+001  0.80199323E+000  0.54822239E+001  0.73772642E+002
  0.12539827E+001  0.80199401E+000  0.54822276E+001  0.73772018E+002
  0.12539838E+001  0.80199481E+000  0.54822315E+001  0.73771400E+002
  0.12539849E+001  0.80199564E+000  0.54822355E+001  0.73770788E+002
  0.12539860E+001  0.80199648E+000  0.54822398E+001  0.73770183E+002
  0.12539871E+001  0.80199734E+000  0.54822441E+001  0.73769585E+002
  0.12539882E+001  0.80199821E+000  0.54822486E+001  0.73768995E+002
  0.12539893E+001  0.80199909E+000  0.54822531E+001  0.73768412E+002
  0.12539904E+001  0.80199997E+000  0.54822577E+001  0.73767837E+002
  0.12539915E+001  0.80200085E+000  0.54822624E+001  0.73767271E+002
  0.12539927E+001  0.80200173E+000  0.54822671E+001  0.73766713E+002
  0.12539938E+001  0.80200260E+000  0.54822718E+001  0.73766164E+002
  0.12539948E+001  0.80200346E+000  0.54822765E+001  0.73765623E+002
  0.12539959E+001  0.80200430E+000  0.54822812E+001  0.73765092E+002
  0.12539969E+001  0.80200512E+000  0.54822858E+001  0.73764570E+002
  0.12539979E+001  0.80200592E+000  0.54822903E+001  0.73764057E+002
  0.12539989E+001  0.80200669E+000  0.54822948E+001  0.73763554E+002
  0.12539998E+001  0.80200743E+000  0.54822991E+001  0.73763060E+002
  0.12540007E+001  0.80200813E+000  0.54823033E+001  0.73762575E+002
  0.12540015E+001  0.80200878E+000  0.54823073E+001  0.73762100E+002
  0.12540023E+001  0.80200939E+000  0.54823111E+001  0.73761635E+002
  0.12540030E+001  0.80200995E+000  0.54823147E+001  0.73761179E+002
  0.12540036E+001  0.80201046E+000  0.54823181E+001  0.73760732E+002
  0.12540042E+001  0.80201090E+000  0.54823212E+001  0.73760294E+002
  0.12540047E+001  0.80201128E+000  0.54823241E+001  0.73759866E+002
  0.12540051E+001  0.80201159E+000  0.54823266E+001  0.73759447E+002
  0.12540054E+001  0.80201182E+000  0.54823288E+001  0.73759037E+002
  0.12540057E+001  0.80201198E+000  0.54823307E+001  0.73758635E+002
  0.12540058E+001  0.80201205E+000  0.54823322E+001  0.73758242E+002
  0.12540058E+001  0.80201203E+000  0.54823333E+001  0.73757857E+002
  0.12540057E+001  0.80201192E+000  0.54823339E+001  0.73757481E+002
  0.12540055E+001  0.80201170E+000  0.54823341E+001  0.73757112E+002
  0.12540052E+001  0.80201139E+000  0.54823338E+001  0.73756751E+002
  0.12540047E+001  0.80201096E+000  0.54823329E+001  0.73756396E+002
  0.12540041E+001  0.80201042E+000  0.54823314E+001  0.73756049E+002
  0.12540033E+001  0.80200976E+000  0.54823293E+001  0.73755708E+002
  0.12540024E+001  0.80200897E+000  0.54823266E+001  0.73755373E+002
  0.12540012E+001  0.80200804E+000  0.54823231E+001  0.73755043E+002
  0.12539999E+001  0.80200698E+000  0.54823188E+001  0.73754718E+002
  0.12539984E+001  0.80200577E+000  0.54823138E+001  0.73754398E+002
  0.12539967E+001  0.80200440E+000  0.54823078E+001  0.73754081E+002
  0.12539947E+001  0.80200287E+000  0.54823009E+001  0.73753766E+002
  0.12539925E+001  0.80200117E+000  0.54822929E+001  0.73753454E+002
  0.12539900E+001  0.80199928E+000  0.54822838E+001  0.73753143E+002
  0.12539873E+001  0.80199720E+000  0.54822736E+001  0.73752832E+002
  0.12539843E+001  0.80199494E+000  0.54822621E+001  0.73752520E+002
  0.12539809E+001  0.80199249E+000  0.54822496E+001  0.73752205E+002
  0.12539773E+001  0.80198988E+000  0.54822363E+001  0.73751884E+002
  0.12539732E+001  0.80198714E+000  0.54822225E+001  0.73751557E+002
  0.12539688E+001  0.80198425E+000  0.54822082E+001  0.73751220E+002
  0.12539640E+001  0.80198108E+000  0.54821922E+001  0.73750876E+002
  0.12539588E+001  0.80197730E+000  0.54821722E+001  0.73750524E+002
  0.12539529E+001  0.80197278E+000  0.54821470E+001  0.73750164E+002
  0.12539462E+001  0.80196784E+000  0.54821408E+001  0.73749727E+002
  0.12539396E+001  0.80196516E+000  0.54821527E+001  0.73749231E+002
