  0.21503135E-001  0.20337940E+000  0.17619700E+001  0.79290806E+002
  0.21518014E-001  0.20328035E+000  0.17623415E+001  0.79316569E+002
  0.21530635E-001  0.20318819E+000  0.17626624E+001  0.79336394E+002
  0.21541251E-001  0.20310537E+000  0.17629369E+001  0.79351931E+002
  0.21550115E-001  0.20303249E+000  0.17631703E+001  0.79364258E+002
  0.21557465E-001  0.20296926E+000  0.17633679E+001  0.79374116E+002
  0.21563539E-001  0.20291499E+000  0.17635343E+001  0.79382033E+002
  0.21568524E-001  0.20286884E+000  0.17636741E+001  0.79388404E+002
  0.21572585E-001  0.20282997E+000  0.17637910E+001  0.79393527E+002
  0.21575864E-001  0.20279755E+000  0.17638884E+001  0.79397638E+002
  0.21578482E-001  0.20277084E+000  0.17639690E+001  0.79400924E+002
  0.21580542E-001  0.20274915E+000  0.17640353E+001  0.79403532E+002
  0.21582131E-001  0.20273186E+000  0.17640894E+001  0.79405584E+002
  0.21583321E-001  0.20271842E+000  0.17641331E+001  0.79407176E+002
  0.21584175E-001  0.20270833E+000  0.17641678E+001  0.79408387E+002
  0.21584745E-001  0.20270115E+000  0.17641950E+001  0.79409283E+002
  0.21585074E-001  0.20269648E+000  0.17642157E+001  0.79409917E+002
  0.21585200E-001  0.20269398E+000  0.17642308E+001  0.79410332E+002
  0.21585154E-001  0.20269335E+000  0.17642411E+001  0.79410564E+002
  0.21584962E-001  0.20269432E+000  0.17642475E+001  0.79410643E+002
  0.21584646E-001  0.20269666E+000  0.17642504E+001  0.79410593E+002
  0.21584226E-001  0.20270018E+000  0.17642503E+001  0.79410434E+002
  0.21583718E-001  0.20270471E+000  0.17642477E+001  0.79410184E+002
  0.21583135E-001  0.20271011E+000  0.17642430E+001  0.79409857E+002
  0.21582489E-001  0.20271627E+000  0.17642364E+001  0.79409464E+002
  0.21581790E-001  0.20272308E+000  0.17642282E+001  0.79409015E+002
  0.21581045E-001  0.20273046E+000  0.17642187E+001  0.79408518E+002
  0.21580262E-001  0.20273836E+000  0.17642079E+001  0.79407980E+002
  0.21579446E-001  0.20274671E+000  0.17641961E+001  0.79407407E+002
  0.21578602E-001  0.20275549E+000  0.17641833E+001  0.79406803E+002
  0.21577732E-001  0.20276467E+000  0.17641696E+001  0.79406172E+002
  0.21576840E-001  0.20277423E+000  0.17641551E+001  0.79405517E+002
  0.21575927E-001  0.20278415E+000  0.17641399E+001  0.79404839E+002
  0.21574994E-001  0.20279443E+000  0.17641238E+001  0.79404143E+002
  0.21574041E-001  0.20280506E+000  0.17641071E+001  0.79403427E+002
  0.21573068E-001  0.20281606E+000  0.17640896E+001  0.79402696E+002
  0.21572073E-001  0.20282742E+000  0.17640714E+001  0.79401948E+002
  0.21571057E-001  0.20283915E+000  0.17640523E+001  0.79401185E+002
  0.21570017E-001  0.20285126E+000  0.17640325E+001  0.79400408E+002
  0.21568951E-001  0.20286374E+000  0.17640118E+001  0.79399618E+002
  0.21567857E-001  0.20287661E+000  0.17639903E+001  0.79398815E+002
  0.21566734E-001  0.20288986E+000  0.17639678E+001  0.79397999E+002
  0.21565579E-001  0.20290349E+000  0.17639444E+001  0.79397171E+002
  0.21564391E-001  0.20291749E+000  0.17639200E+001  0.79396332E+002
  0.21563168E-001  0.20293187E+000  0.17638947E+001  0.79395482E+002
  0.21561908E-001  0.20294659E+000  0.17638683E+001  0.79394622E+002
  0.21560610E-001  0.20296164E+000  0.17638408E+001  0.79393752E+002
  0.21559275E-001  0.20297700E+000  0.17638124E+001  0.79392874E+002
  0.21557901E-001  0.20299264E+000  0.17637829E+001  0.79391988E+002
  0.21556490E-001  0.20300852E+000  0.17637523E+001  0.79391094E+002
  0.21555043E-001  0.20302461E+000  0.17637207E+001  0.79390195E+002
  0.21553560E-001  0.20304085E+000  0.17636881E+001  0.79389290E+002
  0.21552045E-001  0.20305721E+000  0.17636545E+001  0.79388382E+002
  0.21550498E-001  0.20307362E+000  0.17636200E+001  0.79387470E+002
  0.21548925E-001  0.20309003E+000  0.17635846E+001  0.79386555E+002
  0.21547328E-001  0.20310640E+000  0.17635484E+001  0.79385640E+002
  0.21545711E-001  0.20312265E+000  0.17635114E+001  0.79384725E+002
  0.21544078E-001  0.20313874E+000  0.17634736E+001  0.79383811E+002
  0.21542434E-001  0.20315460E+000  0.17634351E+001  0.79382899E+002
  0.21540784E-001  0.20317019E+000  0.17633960E+001  0.79381989E+002
  0.21539132E-001  0.20318545E+000  0.17633564E+001  0.79381084E+002
  0.21537483E-001  0.20320033E+000  0.17633163E+001  0.79380183E+002
  0.21535842E-001  0.20321480E+000  0.17632757E+001  0.79379288E+002
  0.21534214E-001  0.20322881E+000  0.17632348E+001  0.79378399E+002
  0.21532602E-001  0.20324234E+000  0.17631935E+001  0.79377516E+002
  0.21531012E-001  0.20325535E+000  0.17631520E+001  0.79376642E+002
  0.21529447E-001  0.20326784E+000  0.17631102E+001  0.79375776E+002
  0.21527911E-001  0.20327978E+000  0.17630683E+001  0.79374918E+002
  0.21526407E-001  0.20329118E+000  0.17630264E+001  0.79374070E+002
  0.21524938E-001  0.20330203E+000  0.17629844E+001  0.79373231E+002
  0.21523508E-001  0.20331233E+000  0.17629424E+001  0.79372402E+002
  0.21522119E-001  0.20332210E+000  0.17629006E+001  0.79371583E+002
  0.21520772E-001  0.20333134E+000  0.17628589E+001  0.79370776E+002
  0.21519471E-001  0.20334006E+000  0.17628175E+001  0.79369978E+002
  0.21518217E-001  0.20334828E+000  0.17627765E+001  0.79369192E+002
  0.21517011E-001  0.20335602E+000  0.17627359E+001  0.79368418E+002
  0.21515856E-001  0.20336329E+000  0.17626959E+001  0.79367654E+002
  0.21514751E-001  0.20337009E+000  0.17626565E+001  0.79366902E+002
  0.21513698E-001  0.20337646E+000  0.17626179E+001  0.79366161E+002
  0.21512699E-001  0.20338240E+000  0.17625801E+001  0.79365432E+002
  0.21511753E-001  0.20338792E+000  0.17625433E+001  0.79364714E+002
  0.21510861E-001  0.20339303E+000  0.17625076E+001  0.79364006E+002
  0.21510024E-001  0.20339774E+000  0.17624731E+001  0.79363310E+002
  0.21509241E-001  0.20340207E+000  0.17624398E+001  0.79362624E+002
  0.21508513E-001  0.20340601E+000  0.17624079E+001  0.79361948E+002
  0.21507839E-001  0.20340959E+000  0.17623774E+001  0.79361282E+002
  0.21507218E-001  0.20341280E+000  0.17623484E+001  0.79360625E+002
  0.21506651E-001  0.20341566E+000  0.17623209E+001  0.79359978E+002
  0.21506137E-001  0.20341817E+000  0.17622950E+001  0.79359338E+002
  0.21505673E-001  0.20342035E+000  0.17622707E+001  0.79358707E+002
  0.21505260E-001  0.20342221E+000  0.17622479E+001  0.79358083E+002
  0.21504895E-001  0.20342375E+000  0.17622268E+001  0.79357466E+002
  0.21504578E-001  0.20342499E+000  0.17622072E+001  0.79356855E+002
  0.21504307E-001  0.20342595E+000  0.17621892E+001  0.79356250E+002
  0.21504080E-001  0.20342662E+000  0.17621727E+001  0.79355650E+002
  0.21503894E-001  0.20342704E+000  0.17621577E+001  0.79355055E+002
  0.21503749E-001  0.20342721E+000  0.17621441E+001  0.79354463E+002
  0.21503643E-001  0.20342715E+000  0.17621319E+001  0.79353875E+002
  0.21503572E-001  0.20342687E+000  0.17621210E+001  0.79353289E+002
  0.21503535E-001  0.20342640E+000  0.17621113E+001  0.79352705E+002
  0.21503529E-001  0.20342574E+000  0.17621029E+001  0.79352123E+002
  0.21503553E-001  0.20342491E+000  0.17620956E+001  0.79351542E+002
  0.21503604E-001  0.20342394E+000  0.17620894E+001  0.79350960E+002
  0.21503680E-001  0.20342283E+000  0.17620842E+001  0.79350379E+002
  0.21503778E-001  0.20342160E+000  0.17620799E+001  0.79349797E+002
  0.21503897E-001  0.20342026E+000  0.17620765E+001  0.79349214E+002
  0.21504034E-001  0.20341884E+000  0.17620740E+001  0.79348629E+002
  0.21504187E-001  0.20341734E+000  0.17620721E+001  0.79348041E+002
  0.21504355E-001  0.20341578E+000  0.17620710E+001  0.79347452E+002
  0.21504535E-001  0.20341417E+000  0.17620706E+001  0.79346859E+002
  0.21504725E-001  0.20341252E+000  0.17620707E+001  0.79346263E+002
  0.21504923E-001  0.20341084E+000  0.17620714E+001  0.79345664E+002
  0.21505129E-001  0.20340914E+000  0.17620726E+001  0.79345061E+002
  0.21505340E-001  0.20340743E+000  0.17620743E+001  0.79344455E+002
  0.21505554E-001  0.20340572E+000  0.17620764E+001  0.79343844E+002
  0.21505772E-001  0.20340402E+000  0.17620789E+001  0.79343229E+002
  0.21505990E-001  0.20340234E+000  0.17620817E+001  0.79342610E+002
  0.21506207E-001  0.20340067E+000  0.17620848E+001  0.79341987E+002
  0.21506424E-001  0.20339904E+000  0.17620882E+001  0.79341359E+002
  0.21506637E-001  0.20339744E+000  0.17620919E+001  0.79340727E+002
  0.21506848E-001  0.20339588E+000  0.17620957E+001  0.79340091E+002
  0.21507053E-001  0.20339437E+000  0.17620998E+001  0.79339452E+002
  0.21507254E-001  0.20339291E+000  0.17621039E+001  0.79338808E+002
  0.21507448E-001  0.20339151E+000  0.17621082E+001  0.79338161E+002
  0.21507636E-001  0.20339017E+000  0.17621126E+001  0.79337511E+002
  0.21507816E-001  0.20338889E+000  0.17621170E+001  0.79336857E+002
  0.21507989E-001  0.20338768E+000  0.17621215E+001  0.79336201E+002
  0.21508153E-001  0.20338654E+000  0.17621260E+001  0.79335542E+002
  0.21508308E-001  0.20338548E+000  0.17621304E+001  0.79334882E+002
  0.21508455E-001  0.20338449E+000  0.17621348E+001  0.79334219E+002
  0.21508592E-001  0.20338359E+000  0.17621392E+001  0.79333556E+002
  0.21508720E-001  0.20338276E+000  0.17621434E+001  0.79332891E+002
  0.21508838E-001  0.20338202E+000  0.17621476E+001  0.79332227E+002
  0.21508947E-001  0.20338136E+000  0.17621516E+001  0.79331562E+002
  0.21509047E-001  0.20338078E+000  0.17621555E+001  0.79330898E+002
  0.21509137E-001  0.20338028E+000  0.17621592E+001  0.79330235E+002
  0.21509217E-001  0.20337987E+000  0.17621627E+001  0.79329573E+002
  0.21509289E-001  0.20337954E+000  0.17621661E+001  0.79328914E+002
  0.21509352E-001  0.20337929E+000  0.17621692E+001  0.79328257E+002
  0.21509405E-001  0.20337912E+000  0.17621722E+001  0.79327603E+002
  0.21509450E-001  0.20337902E+000  0.17621749E+001  0.79326952E+002
  0.21509487E-001  0.20337900E+000  0.17621775E+001  0.79326306E+002
  0.21509516E-001  0.20337905E+000  0.17621798E+001  0.79325663E+002
  0.21509537E-001  0.20337917E+000  0.17621819E+001  0.79325026E+002
  0.21509550E-001  0.20337935E+000  0.17621837E+001  0.79324394E+002
  0.21509556E-001  0.20337959E+000  0.17621854E+001  0.79323767E+002
  0.21509556E-001  0.20337989E+000  0.17621868E+001  0.79323147E+002
  0.21509548E-001  0.20338024E+000  0.17621880E+001  0.79322533E+002
  0.21509535E-001  0.20338064E+000  0.17621890E+001  0.79321925E+002
  0.21509515E-001  0.20338108E+000  0.17621899E+001  0.79321325E+002
  0.21509490E-001  0.20338155E+000  0.17621905E+001  0.79320733E+002
  0.21509459E-001  0.20338206E+000  0.17621909E+001  0.79320148E+002
  0.21509423E-001  0.20338259E+000  0.17621912E+001  0.79319571E+002
  0.21509382E-001  0.20338314E+000  0.17621913E+001  0.79319002E+002
  0.21509336E-001  0.20338371E+000  0.17621912E+001  0.79318442E+002
  0.21509286E-001  0.20338428E+000  0.17621910E+001  0.79317890E+002
  0.21509231E-001  0.20338485E+000  0.17621907E+001  0.79317348E+002
  0.21509173E-001  0.20338542E+000  0.17621902E+001  0.79316814E+002
  0.21509110E-001  0.20338598E+000  0.17621896E+001  0.79316289E+002
  0.21509044E-001  0.20338652E+000  0.17621889E+001  0.79315774E+002
  0.21508974E-001  0.20338704E+000  0.17621881E+001  0.79315268E+002
  0.21508900E-001  0.20338753E+000  0.17621872E+001  0.79314771E+002
  0.21508822E-001  0.20338799E+000  0.17621862E+001  0.79314284E+002
  0.21508742E-001  0.20338840E+000  0.17621852E+001  0.79313806E+002
  0.21508658E-001  0.20338877E+000  0.17621840E+001  0.79313337E+002
  0.21508570E-001  0.20338908E+000  0.17621828E+001  0.79312878E+002
  0.21508479E-001  0.20338934E+000  0.17621814E+001  0.79312428E+002
  0.21508385E-001  0.20338953E+000  0.17621800E+001  0.79311987E+002
  0.21508287E-001  0.20338965E+000  0.17621786E+001  0.79311555E+002
  0.21508186E-001  0.20338969E+000  0.17621770E+001  0.79311132E+002
  0.21508082E-001  0.20338966E+000  0.17621753E+001  0.79310718E+002
  0.21507974E-001  0.20338954E+000  0.17621736E+001  0.79310312E+002
  0.21507862E-001  0.20338933E+000  0.17621718E+001  0.79309915E+002
  0.21507747E-001  0.20338902E+000  0.17621698E+001  0.79309526E+002
  0.21507629E-001  0.20338861E+000  0.17621677E+001  0.79309145E+002
  0.21507507E-001  0.20338810E+000  0.17621655E+001  0.79308772E+002
  0.21507381E-001  0.20338748E+000  0.17621631E+001  0.79308406E+002
  0.21507252E-001  0.20338674E+000  0.17621606E+001  0.79308047E+002
  0.21507120E-001  0.20338589E+000  0.17621579E+001  0.79307695E+002
  0.21506984E-001  0.20338492E+000  0.17621551E+001  0.79307349E+002
  0.21506845E-001  0.20338382E+000  0.17621520E+001  0.79307008E+002
  0.21506702E-001  0.20338260E+000  0.17621487E+001  0.79306673E+002
  0.21506557E-001  0.20338125E+000  0.17621451E+001  0.79306343E+002
  0.21506409E-001  0.20337977E+000  0.17621414E+001  0.79306017E+002
  0.21506258E-001  0.20337816E+000  0.17621373E+001  0.79305694E+002
  0.21506106E-001  0.20337641E+000  0.17621331E+001  0.79305375E+002
  0.21505953E-001  0.20337452E+000  0.17621285E+001  0.79305056E+002
  0.21505799E-001  0.20337249E+000  0.17621237E+001  0.79304739E+002
  0.21505645E-001  0.20337031E+000  0.17621187E+001  0.79304422E+002
  0.21505490E-001  0.20336799E+000  0.17621134E+001  0.79304104E+002
  0.21505332E-001  0.20336556E+000  0.17621078E+001  0.79303783E+002
  0.21505164E-001  0.20336304E+000  0.17621018E+001  0.79303459E+002
  0.21504980E-001  0.20336051E+000  0.17620954E+001  0.79303128E+002
  0.21504776E-001  0.20335799E+000  0.17620883E+001  0.79302789E+002
  0.21504561E-001  0.20335540E+000  0.17620808E+001  0.79302441E+002
  0.21504374E-001  0.20335246E+000  0.17620737E+001  0.79302083E+002
  0.21504276E-001  0.20334857E+000  0.17620682E+001  0.79301712E+002
  0.21504288E-001  0.20334344E+000  0.17620653E+001  0.79301324E+002
  0.21504151E-001  0.20333802E+000  0.17620615E+001  0.79300879E+002
  0.21503858E-001  0.20333627E+000  0.17620495E+001  0.79300399E+002
