  0.16194813E+001
  0.16182673E+001
  0.16172793E+001
  0.16164623E+001
  0.16157826E+001
  0.16152161E+001
  0.16147440E+001
  0.16143511E+001
  0.16140249E+001
  0.16137551E+001
  0.16135329E+001
  0.16133511E+001
  0.16132035E+001
  0.16130849E+001
  0.16129910E+001
  0.16129179E+001
  0.16128627E+001
  0.16128226E+001
  0.16127954E+001
  0.16127792E+001
  0.16127726E+001
  0.16127740E+001
  0.16127824E+001
  0.16127969E+001
  0.16128168E+001
  0.16128412E+001
  0.16128698E+001
  0.16129020E+001
  0.16129376E+001
  0.16129762E+001
  0.16130176E+001
  0.16130618E+001
  0.16131085E+001
  0.16131577E+001
  0.16132094E+001
  0.16132636E+001
  0.16133204E+001
  0.16133798E+001
  0.16134419E+001
  0.16135068E+001
  0.16135747E+001
  0.16136456E+001
  0.16137196E+001
  0.16137969E+001
  0.16138776E+001
  0.16139617E+001
  0.16140494E+001
  0.16141407E+001
  0.16142356E+001
  0.16143341E+001
  0.16144362E+001
  0.16145419E+001
  0.16146511E+001
  0.16147637E+001
  0.16148794E+001
  0.16149983E+001
  0.16151200E+001
  0.16152443E+001
  0.16153710E+001
  0.16154999E+001
  0.16156306E+001
  0.16157629E+001
  0.16158964E+001
  0.16160308E+001
  0.16161658E+001
  0.16163011E+001
  0.16164364E+001
  0.16165713E+001
  0.16167056E+001
  0.16168389E+001
  0.16169709E+001
  0.16171013E+001
  0.16172299E+001
  0.16173563E+001
  0.16174804E+001
  0.16176017E+001
  0.16177201E+001
  0.16178354E+001
  0.16179471E+001
  0.16180553E+001
  0.16181596E+001
  0.16182598E+001
  0.16183558E+001
  0.16184474E+001
  0.16185344E+001
  0.16186169E+001
  0.16186947E+001
  0.16187677E+001
  0.16188360E+001
  0.16188995E+001
  0.16189582E+001
  0.16190122E+001
  0.16190616E+001
  0.16191064E+001
  0.16191468E+001
  0.16191828E+001
  0.16192147E+001
  0.16192426E+001
  0.16192666E+001
  0.16192869E+001
  0.16193037E+001
  0.16193173E+001
  0.16193277E+001
  0.16193352E+001
  0.16193400E+001
  0.16193423E+001
  0.16193422E+001
  0.16193401E+001
  0.16193360E+001
  0.16193301E+001
  0.16193227E+001
  0.16193139E+001
  0.16193038E+001
  0.16192927E+001
  0.16192807E+001
  0.16192679E+001
  0.16192545E+001
  0.16192406E+001
  0.16192263E+001
  0.16192118E+001
  0.16191972E+001
  0.16191826E+001
  0.16191681E+001
  0.16191538E+001
  0.16191398E+001
  0.16191261E+001
  0.16191129E+001
  0.16191002E+001
  0.16190881E+001
  0.16190766E+001
  0.16190658E+001
  0.16190557E+001
  0.16190463E+001
  0.16190377E+001
  0.16190299E+001
  0.16190229E+001
  0.16190167E+001
  0.16190114E+001
  0.16190068E+001
  0.16190030E+001
  0.16190000E+001
  0.16189977E+001
  0.16189962E+001
  0.16189954E+001
  0.16189952E+001
  0.16189957E+001
  0.16189968E+001
  0.16189985E+001
  0.16190007E+001
  0.16190034E+001
  0.16190065E+001
  0.16190100E+001
  0.16190139E+001
  0.16190181E+001
  0.16190225E+001
  0.16190272E+001
  0.16190321E+001
  0.16190371E+001
  0.16190422E+001
  0.16190474E+001
  0.16190526E+001
  0.16190579E+001
  0.16190630E+001
  0.16190681E+001
  0.16190732E+001
  0.16190781E+001
  0.16190828E+001
  0.16190874E+001
  0.16190919E+001
  0.16190961E+001
  0.16191001E+001
  0.16191039E+001
  0.16191075E+001
  0.16191108E+001
  0.16191139E+001
  0.16191168E+001
  0.16191194E+001
  0.16191218E+001
  0.16191239E+001
  0.16191259E+001
  0.16191276E+001
  0.16191292E+001
  0.16191305E+001
  0.16191317E+001
  0.16191328E+001
  0.16191336E+001
  0.16191344E+001
  0.16191350E+001
  0.16191356E+001
  0.16191362E+001
  0.16191369E+001
  0.16191381E+001
  0.16191402E+001
  0.16191434E+001
  0.16191476E+001
  0.16191512E+001
  0.16191520E+001
  0.16191476E+001
  0.16191476E+001
  0.16191676E+001
