  0.10231394E+001  0.59434836E+000  0.86793924E+000  0.39924985E+001
  0.10226606E+001  0.59465584E+000  0.86320243E+000  0.39925510E+001
  0.10222349E+001  0.59060422E+000  0.86948938E+000  0.39867893E+001
  0.10215781E+001  0.59049700E+000  0.86857753E+000  0.39851972E+001
  0.10203798E+001  0.59047768E+000  0.86797469E+000  0.39842988E+001
  0.10198700E+001  0.58888313E+000  0.86689253E+000  0.39852192E+001
  0.10188201E+001  0.58655505E+000  0.86747623E+000  0.39861251E+001
  0.10183566E+001  0.58435142E+000  0.86858364E+000  0.39861133E+001
  0.10087680E+001  0.59009388E+000  0.87169936E+000  0.39855390E+001
  0.10034477E+001  0.59506978E+000  0.87119153E+000  0.39853120E+001
  0.99811951E+000  0.60020882E+000  0.87075504E+000  0.39850489E+001
  0.99584694E+000  0.60220249E+000  0.87057107E+000  0.39847845E+001
  0.99536351E+000  0.60188026E+000  0.87105438E+000  0.39845164E+001
  0.99276435E+000  0.60429377E+000  0.87092708E+000  0.39843550E+001
  0.99259239E+000  0.60414674E+000  0.87021602E+000  0.39850092E+001
  0.98902027E+000  0.60759722E+000  0.87015813E+000  0.39848966E+001
  0.98894877E+000  0.60757306E+000  0.86776550E+000  0.39871639E+001
  0.98889928E+000  0.60754581E+000  0.86770739E+000  0.39871384E+001
  0.98507008E+000  0.61115678E+000  0.86782101E+000  0.39871342E+001
  0.98504284E+000  0.60785124E+000  0.87107548E+000  0.39871479E+001
  0.98446069E+000  0.60810398E+000  0.87134956E+000  0.39871765E+001
  0.98445296E+000  0.60809118E+000  0.87133483E+000  0.39872174E+001
  0.98358897E+000  0.60896027E+000  0.87131207E+000  0.39872689E+001
  0.98359960E+000  0.60854855E+000  0.87171098E+000  0.39873291E+001
  0.98361388E+000  0.60855925E+000  0.87169747E+000  0.39873969E+001
  0.97854808E+000  0.61365839E+000  0.87168769E+000  0.39874712E+001
  0.97857742E+000  0.61361793E+000  0.87173316E+000  0.39875511E+001
  0.97861179E+000  0.61363122E+000  0.87172952E+000  0.39876360E+001
  0.97844270E+000  0.61385415E+000  0.87172842E+000  0.39877256E+001
  0.97848584E+000  0.61387053E+000  0.87172959E+000  0.39878193E+001
  0.97853284E+000  0.61388828E+000  0.87173281E+000  0.39879171E+001
  0.97858343E+000  0.61390733E+000  0.87173793E+000  0.39880189E+001
  0.97863739E+000  0.61392762E+000  0.87174482E+000  0.39881245E+001
  0.97869453E+000  0.61349932E+000  0.87220317E+000  0.39882342E+001
  0.97875470E+000  0.61352191E+000  0.87221343E+000  0.39883480E+001
  0.97881780E+000  0.61354564E+000  0.87222534E+000  0.39884662E+001
  0.97888373E+000  0.61345545E+000  0.87235395E+000  0.39885889E+001
  0.97895243E+000  0.61348137E+000  0.87236927E+000  0.39887166E+001
  0.97902385E+000  0.61350843E+000  0.87238763E+000  0.39888482E+001
  0.97909796E+000  0.61353662E+000  0.87240840E+000  0.39889848E+001
  0.97917473E+000  0.61356596E+000  0.87243126E+000  0.39891273E+001
  0.97925416E+000  0.61352503E+000  0.87252776E+000  0.39892758E+001
  0.97933622E+000  0.61355671E+000  0.87255515E+000  0.39894308E+001
  0.97942090E+000  0.61358957E+000  0.87258501E+000  0.39895926E+001
  0.97950819E+000  0.61362361E+000  0.87261746E+000  0.39897616E+001
  0.97370272E+000  0.61955417E+000  0.87265262E+000  0.39899379E+001
  0.97379443E+000  0.61959127E+000  0.87269061E+000  0.39901218E+001
  0.97388866E+000  0.61962949E+000  0.87273155E+000  0.39903135E+001
  0.97398534E+000  0.61966880E+000  0.87277551E+000  0.39905131E+001
  0.97408438E+000  0.61970917E+000  0.87282259E+000  0.39907208E+001
  0.97418569E+000  0.61975053E+000  0.87287285E+000  0.39909364E+001
  0.97428913E+000  0.61979284E+000  0.87292632E+000  0.39911600E+001
  0.97439455E+000  0.61983601E+000  0.87298302E+000  0.39913914E+001
  0.97450180E+000  0.61987997E+000  0.87304294E+000  0.39916304E+001
  0.97461067E+000  0.61992463E+000  0.87310606E+000  0.39918769E+001
  0.97472096E+000  0.61996988E+000  0.87317232E+000  0.39921304E+001
  0.97483245E+000  0.62001563E+000  0.87324162E+000  0.39923907E+001
  0.97494489E+000  0.61957120E+000  0.87380442E+000  0.39926572E+001
  0.97505802E+000  0.61961756E+000  0.87387951E+000  0.39929296E+001
  0.97517159E+000  0.61966408E+000  0.87395724E+000  0.39932072E+001
  0.97528859E+000  0.61970738E+000  0.87403741E+000  0.39934896E+001
  0.97540222E+000  0.61975388E+000  0.87411982E+000  0.39937761E+001
  0.97551546E+000  0.61980021E+000  0.87420424E+000  0.39940661E+001
  0.97562805E+000  0.61984627E+000  0.87429041E+000  0.39943589E+001
  0.97573473E+000  0.61989693E+000  0.87437807E+000  0.39946540E+001
  0.97584524E+000  0.61994213E+000  0.87446695E+000  0.39949507E+001
  0.97595435E+000  0.61998676E+000  0.87455675E+000  0.39952482E+001
  0.97606182E+000  0.62003073E+000  0.87464719E+000  0.39955460E+001
  0.97616746E+000  0.62007398E+000  0.87473796E+000  0.39958434E+001
  0.97173834E+000  0.62464914E+000  0.87482877E+000  0.39961396E+001
  0.97183964E+000  0.62469079E+000  0.87491933E+000  0.39964342E+001
  0.97193857E+000  0.62473151E+000  0.87500934E+000  0.39967263E+001
  0.97203497E+000  0.62477122E+000  0.87509853E+000  0.39970153E+001
  0.97197451E+000  0.62496408E+000  0.87518661E+000  0.39973007E+001
  0.97206073E+000  0.62500638E+000  0.87527332E+000  0.39975816E+001
  0.97214880E+000  0.62504279E+000  0.87535840E+000  0.39978574E+001
  0.97223387E+000  0.62507800E+000  0.87544163E+000  0.39981275E+001
  0.97231586E+000  0.62511196E+000  0.87552211E+000  0.39983920E+001
  0.97239470E+000  0.62514465E+000  0.87558897E+000  0.39986608E+001
  0.97247031E+000  0.62517602E+000  0.87565375E+000  0.39989215E+001
  0.97254264E+000  0.62520604E+000  0.87571629E+000  0.39991737E+001
  0.97261163E+000  0.62523470E+000  0.87577643E+000  0.39994168E+001
  0.97267725E+000  0.62526196E+000  0.87583404E+000  0.39996503E+001
  0.97273947E+000  0.62528781E+000  0.87588899E+000  0.39998736E+001
  0.97279828E+000  0.62531223E+000  0.87594119E+000  0.40000866E+001
  0.97285368E+000  0.62533523E+000  0.87599055E+000  0.40002887E+001
  0.97290566E+000  0.62535679E+000  0.87603702E+000  0.40004798E+001
  0.97295425E+000  0.62537693E+000  0.87608054E+000  0.40006597E+001
  0.97299949E+000  0.62539566E+000  0.87612108E+000  0.40008282E+001
  0.97304141E+000  0.62541299E+000  0.87615864E+000  0.40009854E+001
  0.97308006E+000  0.62542894E+000  0.87619322E+000  0.40011311E+001
  0.97311552E+000  0.62544354E+000  0.87622484E+000  0.40012654E+001
  0.97314785E+000  0.62545681E+000  0.87625354E+000  0.40013886E+001
  0.97317713E+000  0.62546881E+000  0.87627936E+000  0.40015008E+001
  0.97320345E+000  0.62547956E+000  0.87630238E+000  0.40016022E+001
  0.97322691E+000  0.62548911E+000  0.87632265E+000  0.40016932E+001
  0.97324761E+000  0.62549750E+000  0.87634027E+000  0.40017740E+001
  0.97326567E+000  0.62550479E+000  0.87635532E+000  0.40018450E+001
  0.97328120E+000  0.62551103E+000  0.87636791E+000  0.40019067E+001
  0.97329431E+000  0.62551626E+000  0.87637815E+000  0.40019594E+001
  0.97330514E+000  0.62552055E+000  0.87638613E+000  0.40020036E+001
  0.97331380E+000  0.62552394E+000  0.87639199E+000  0.40020398E+001
  0.97332043E+000  0.62552651E+000  0.87639584E+000  0.40020685E+001
  0.97332515E+000  0.62552830E+000  0.87639780E+000  0.40020901E+001
  0.97332809E+000  0.62552936E+000  0.87639799E+000  0.40021050E+001
  0.97332938E+000  0.62552977E+000  0.87639655E+000  0.40021139E+001
  0.97332915E+000  0.62552957E+000  0.87639358E+000  0.40021172E+001
  0.97332751E+000  0.62552881E+000  0.87638922E+000  0.40021153E+001
  0.97332460E+000  0.62552755E+000  0.87638358E+000  0.40021087E+001
  0.97332053E+000  0.62552584E+000  0.87637679E+000  0.40020979E+001
  0.97331542E+000  0.62552373E+000  0.87636895E+000  0.40020833E+001
  0.97330937E+000  0.62552127E+000  0.87636017E+000  0.40020653E+001
  0.97330250E+000  0.62551850E+000  0.87635058E+000  0.40020443E+001
  0.97329491E+000  0.62551546E+000  0.87634026E+000  0.40020208E+001
  0.97328671E+000  0.62551220E+000  0.87632932E+000  0.40019950E+001
  0.97327798E+000  0.62550876E+000  0.87631786E+000  0.40019675E+001
  0.97326883E+000  0.62550517E+000  0.87630597E+000  0.40019384E+001
  0.97325933E+000  0.62550147E+000  0.87629374E+000  0.40019082E+001
  0.97324959E+000  0.62549770E+000  0.87628125E+000  0.40018772E+001
  0.97323968E+000  0.62549388E+000  0.87626858E+000  0.40018457E+001
  0.97322967E+000  0.62549005E+000  0.87625581E+000  0.40018139E+001
  0.97321965E+000  0.62548623E+000  0.87624301E+000  0.40017821E+001
  0.97320967E+000  0.62548246E+000  0.87623026E+000  0.40017506E+001
  0.97319982E+000  0.62547875E+000  0.87621761E+000  0.40017196E+001
  0.97319014E+000  0.62547513E+000  0.87620512E+000  0.40016893E+001
  0.97318070E+000  0.62547162E+000  0.87619285E+000  0.40016599E+001
  0.97317154E+000  0.62546824E+000  0.87618086E+000  0.40016316E+001
  0.97316272E+000  0.62546500E+000  0.87616918E+000  0.40016045E+001
  0.97315428E+000  0.62546193E+000  0.87615787E+000  0.40015789E+001
  0.97314625E+000  0.62545902E+000  0.87614695E+000  0.40015548E+001
  0.97313867E+000  0.62545630E+000  0.87613647E+000  0.40015323E+001
  0.97313157E+000  0.62545378E+000  0.87612646E+000  0.40015115E+001
  0.97312496E+000  0.62545145E+000  0.87611693E+000  0.40014925E+001
  0.97311888E+000  0.62544933E+000  0.87610792E+000  0.40014754E+001
  0.97311333E+000  0.62544741E+000  0.87609943E+000  0.40014601E+001
  0.97310832E+000  0.62544571E+000  0.87609148E+000  0.40014467E+001
  0.97310386E+000  0.62544423E+000  0.87608409E+000  0.40014353E+001
  0.97309995E+000  0.62544295E+000  0.87607725E+000  0.40014258E+001
  0.97309659E+000  0.62544188E+000  0.87607097E+000  0.40014182E+001
  0.97309377E+000  0.62544102E+000  0.87606525E+000  0.40014124E+001
  0.97309149E+000  0.62544037E+000  0.87606008E+000  0.40014084E+001
  0.97308973E+000  0.62543990E+000  0.87605546E+000  0.40014063E+001
  0.97308848E+000  0.62543963E+000  0.87605137E+000  0.40014058E+001
  0.97308771E+000  0.62543954E+000  0.87604780E+000  0.40014069E+001
  0.97308741E+000  0.62543963E+000  0.87604474E+000  0.40014096E+001
  0.97308756E+000  0.62543988E+000  0.87604217E+000  0.40014138E+001
  0.97308813E+000  0.62544028E+000  0.87604007E+000  0.40014193E+001
  0.97308909E+000  0.62544083E+000  0.87603841E+000  0.40014262E+001
  0.97309043E+000  0.62544152E+000  0.87603718E+000  0.40014342E+001
  0.97309210E+000  0.62544233E+000  0.87603635E+000  0.40014432E+001
  0.97309409E+000  0.62544325E+000  0.87603589E+000  0.40014533E+001
  0.97309636E+000  0.62544427E+000  0.87603579E+000  0.40014642E+001
  0.97309889E+000  0.62544539E+000  0.87603601E+000  0.40014758E+001
  0.97310164E+000  0.62544658E+000  0.87603652E+000  0.40014881E+001
  0.97310458E+000  0.62544784E+000  0.87603731E+000  0.40015010E+001
  0.97310769E+000  0.62544916E+000  0.87603833E+000  0.40015142E+001
  0.97311094E+000  0.62545053E+000  0.87603957E+000  0.40015279E+001
  0.97311430E+000  0.62545193E+000  0.87604100E+000  0.40015417E+001
  0.97311774E+000  0.62545336E+000  0.87604259E+000  0.40015558E+001
  0.97312124E+000  0.62545480E+000  0.87604431E+000  0.40015698E+001
  0.97312477E+000  0.62545625E+000  0.87604615E+000  0.40015839E+001
  0.97312831E+000  0.62545769E+000  0.87604807E+000  0.40015978E+001
  0.97313184E+000  0.62545913E+000  0.87605006E+000  0.40016116E+001
  0.97313533E+000  0.62546055E+000  0.87605208E+000  0.40016251E+001
  0.97313878E+000  0.62546194E+000  0.87605413E+000  0.40016383E+001
  0.97314215E+000  0.62546330E+000  0.87605618E+000  0.40016512E+001
  0.97314545E+000  0.62546462E+000  0.87605821E+000  0.40016636E+001
  0.97314864E+000  0.62546590E+000  0.87606020E+000  0.40016755E+001
  0.97315173E+000  0.62546712E+000  0.87606214E+000  0.40016869E+001
  0.97315470E+000  0.62546830E+000  0.87606401E+000  0.40016978E+001
  0.97315753E+000  0.62546942E+000  0.87606580E+000  0.40017082E+001
  0.97316024E+000  0.62547047E+000  0.87606750E+000  0.40017179E+001
  0.97316280E+000  0.62547147E+000  0.87606909E+000  0.40017270E+001
  0.97316522E+000  0.62547240E+000  0.87607057E+000  0.40017355E+001
  0.97316750E+000  0.62547327E+000  0.87607192E+000  0.40017434E+001
  0.97316963E+000  0.62547407E+000  0.87607315E+000  0.40017507E+001
  0.97317161E+000  0.62547480E+000  0.87607424E+000  0.40017574E+001
  0.97317346E+000  0.62547547E+000  0.87607519E+000  0.40017635E+001
  0.97317517E+000  0.62547608E+000  0.87607599E+000  0.40017690E+001
  0.97317676E+000  0.62547662E+000  0.87607665E+000  0.40017740E+001
  0.97317823E+000  0.62547711E+000  0.87607716E+000  0.40017785E+001
  0.97317958E+000  0.62547754E+000  0.87607751E+000  0.40017825E+001
  0.97318083E+000  0.62547791E+000  0.87607771E+000  0.40017862E+001
  0.97318199E+000  0.62547823E+000  0.87607776E+000  0.40017894E+001
  0.97318305E+000  0.62547849E+000  0.87607765E+000  0.40017923E+001
  0.97318403E+000  0.62547870E+000  0.87607737E+000  0.40017950E+001
  0.97318491E+000  0.62547885E+000  0.87607692E+000  0.40017974E+001
  0.97318569E+000  0.62547893E+000  0.87607629E+000  0.40017997E+001
  0.97318638E+000  0.62547894E+000  0.87607547E+000  0.40018021E+001
  0.97318703E+000  0.62547890E+000  0.87607449E+000  0.40018048E+001
  0.97318773E+000  0.62547886E+000  0.87607338E+000  0.40018082E+001
  0.97318869E+000  0.62547890E+000  0.87607225E+000  0.40018132E+001
  0.97319016E+000  0.62547918E+000  0.87607124E+000  0.40018207E+001
  0.97319235E+000  0.62547981E+000  0.87607045E+000  0.40018315E+001
  0.97319503E+000  0.62548068E+000  0.87606985E+000  0.40018451E+001
  0.97319722E+000  0.62548122E+000  0.87606891E+000  0.40018581E+001
  0.97319644E+000  0.62547995E+000  0.87606645E+000  0.40018655E+001
  0.97319188E+000  0.62547643E+000  0.87606138E+000  0.40018613E+001
  0.97318659E+000  0.62547173E+000  0.87605436E+000  0.40018784E+001
  0.97320071E+000  0.62547883E+000  0.87605710E+000  0.40019344E+001
