 -0.17162812E+000  0.12896463E+000  0.18736487E+001  0.46469403E+001
 -0.17177386E+000  0.12874691E+000  0.18725465E+001  0.46435504E+001
 -0.17189531E+000  0.12856196E+000  0.18715203E+001  0.46409310E+001
 -0.17199614E+000  0.12840611E+000  0.18705931E+001  0.46388469E+001
 -0.17207951E+000  0.12827585E+000  0.18697716E+001  0.46371632E+001
 -0.17214811E+000  0.12816786E+000  0.18690533E+001  0.46357918E+001
 -0.17220424E+000  0.12807913E+000  0.18684312E+001  0.46346705E+001
 -0.17224983E+000  0.12800688E+000  0.18678961E+001  0.46337519E+001
 -0.17228652E+000  0.12794889E+000  0.18674386E+001  0.46329993E+001
 -0.17231570E+000  0.12790301E+000  0.18670499E+001  0.46323839E+001
 -0.17233856E+000  0.12786736E+000  0.18667214E+001  0.46318821E+001
 -0.17235609E+000  0.12784030E+000  0.18664458E+001  0.46314751E+001
 -0.17236915E+000  0.12782047E+000  0.18662162E+001  0.46311471E+001
 -0.17237845E+000  0.12780670E+000  0.18660268E+001  0.46308853E+001
 -0.17238461E+000  0.12779800E+000  0.18658724E+001  0.46306787E+001
 -0.17238813E+000  0.12779355E+000  0.18657484E+001  0.46305185E+001
 -0.17238944E+000  0.12779267E+000  0.18656510E+001  0.46303971E+001
 -0.17238892E+000  0.12779479E+000  0.18655767E+001  0.46303084E+001
 -0.17238688E+000  0.12779941E+000  0.18655226E+001  0.46302470E+001
 -0.17238356E+000  0.12780615E+000  0.18654863E+001  0.46302087E+001
 -0.17237919E+000  0.12781467E+000  0.18654654E+001  0.46301899E+001
 -0.17237396E+000  0.12782469E+000  0.18654581E+001  0.46301877E+001
 -0.17236802E+000  0.12783598E+000  0.18654629E+001  0.46301994E+001
 -0.17236149E+000  0.12784836E+000  0.18654783E+001  0.46302232E+001
 -0.17235448E+000  0.12786164E+000  0.18655032E+001  0.46302572E+001
 -0.17234709E+000  0.12787571E+000  0.18655367E+001  0.46303001E+001
 -0.17233939E+000  0.12789044E+000  0.18655778E+001  0.46303508E+001
 -0.17233143E+000  0.12790573E+000  0.18656258E+001  0.46304085E+001
 -0.17232326E+000  0.12792151E+000  0.18656803E+001  0.46304724E+001
 -0.17231491E+000  0.12793770E+000  0.18657405E+001  0.46305420E+001
 -0.17230641E+000  0.12795425E+000  0.18658062E+001  0.46306171E+001
 -0.17229778E+000  0.12797111E+000  0.18658771E+001  0.46306972E+001
 -0.17228902E+000  0.12798826E+000  0.18659528E+001  0.46307824E+001
 -0.17228013E+000  0.12800565E+000  0.18660332E+001  0.46308726E+001
 -0.17227111E+000  0.12802328E+000  0.18661181E+001  0.46309678E+001
 -0.17226195E+000  0.12804113E+000  0.18662076E+001  0.46310683E+001
 -0.17225264E+000  0.12805919E+000  0.18663014E+001  0.46311741E+001
 -0.17224315E+000  0.12807747E+000  0.18663997E+001  0.46312857E+001
 -0.17223346E+000  0.12809596E+000  0.18665025E+001  0.46314032E+001
 -0.17222355E+000  0.12811468E+000  0.18666098E+001  0.46315270E+001
 -0.17221341E+000  0.12813364E+000  0.18667216E+001  0.46316575E+001
 -0.17220300E+000  0.12815284E+000  0.18668381E+001  0.46317949E+001
 -0.17219230E+000  0.12817230E+000  0.18669593E+001  0.46319397E+001
 -0.17218131E+000  0.12819203E+000  0.18670852E+001  0.46320923E+001
 -0.17216999E+000  0.12821203E+000  0.18672159E+001  0.46322529E+001
 -0.17215834E+000  0.12823233E+000  0.18673515E+001  0.46324220E+001
 -0.17214635E+000  0.12825290E+000  0.18674919E+001  0.46325998E+001
 -0.17213402E+000  0.12827376E+000  0.18676370E+001  0.46327866E+001
 -0.17212135E+000  0.12829490E+000  0.18677868E+001  0.46329826E+001
 -0.17210834E+000  0.12831630E+000  0.18679411E+001  0.46331879E+001
 -0.17209501E+000  0.12833794E+000  0.18680998E+001  0.46334028E+001
 -0.17208138E+000  0.12835979E+000  0.18682627E+001  0.46336273E+001
 -0.17206746E+000  0.12838183E+000  0.18684294E+001  0.46338613E+001
 -0.17205329E+000  0.12840400E+000  0.18685998E+001  0.46341047E+001
 -0.17203890E+000  0.12842627E+000  0.18687734E+001  0.46343576E+001
 -0.17202432E+000  0.12844859E+000  0.18689498E+001  0.46346196E+001
 -0.17200960E+000  0.12847092E+000  0.18691288E+001  0.46348904E+001
 -0.17199477E+000  0.12849320E+000  0.18693097E+001  0.46351697E+001
 -0.17197987E+000  0.12851536E+000  0.18694922E+001  0.46354571E+001
 -0.17196496E+000  0.12853736E+000  0.18696757E+001  0.46357521E+001
 -0.17195008E+000  0.12855912E+000  0.18698599E+001  0.46360541E+001
 -0.17193526E+000  0.12858060E+000  0.18700441E+001  0.46363626E+001
 -0.17192055E+000  0.12860173E+000  0.18702280E+001  0.46366769E+001
 -0.17190599E+000  0.12862245E+000  0.18704110E+001  0.46369963E+001
 -0.17189161E+000  0.12864273E+000  0.18705926E+001  0.46373201E+001
 -0.17187744E+000  0.12866251E+000  0.18707725E+001  0.46376474E+001
 -0.17186353E+000  0.12868176E+000  0.18709503E+001  0.46379776E+001
 -0.17184989E+000  0.12870044E+000  0.18711255E+001  0.46383098E+001
 -0.17183654E+000  0.12871853E+000  0.18712978E+001  0.46386430E+001
 -0.17182352E+000  0.12873600E+000  0.18714669E+001  0.46389766E+001
 -0.17181083E+000  0.12875284E+000  0.18716324E+001  0.46393096E+001
 -0.17179849E+000  0.12876905E+000  0.18717940E+001  0.46396412E+001
 -0.17178651E+000  0.12878461E+000  0.18719516E+001  0.46399705E+001
 -0.17177491E+000  0.12879952E+000  0.18721047E+001  0.46402966E+001
 -0.17176370E+000  0.12881379E+000  0.18722533E+001  0.46406187E+001
 -0.17175288E+000  0.12882741E+000  0.18723971E+001  0.46409359E+001
 -0.17174247E+000  0.12884040E+000  0.18725358E+001  0.46412474E+001
 -0.17173247E+000  0.12885275E+000  0.18726693E+001  0.46415524E+001
 -0.17172289E+000  0.12886447E+000  0.18727975E+001  0.46418501E+001
 -0.17171374E+000  0.12887557E+000  0.18729200E+001  0.46421398E+001
 -0.17170502E+000  0.12888605E+000  0.18730368E+001  0.46424209E+001
 -0.17169674E+000  0.12889592E+000  0.18731478E+001  0.46426926E+001
 -0.17168891E+000  0.12890518E+000  0.18732529E+001  0.46429544E+001
 -0.17168152E+000  0.12891385E+000  0.18733518E+001  0.46432058E+001
 -0.17167459E+000  0.12892192E+000  0.18734447E+001  0.46434463E+001
 -0.17166810E+000  0.12892940E+000  0.18735314E+001  0.46436756E+001
 -0.17166207E+000  0.12893631E+000  0.18736119E+001  0.46438933E+001
 -0.17165648E+000  0.12894265E+000  0.18736862E+001  0.46440992E+001
 -0.17165134E+000  0.12894844E+000  0.18737544E+001  0.46442931E+001
 -0.17164664E+000  0.12895368E+000  0.18738165E+001  0.46444749E+001
 -0.17164237E+000  0.12895839E+000  0.18738726E+001  0.46446447E+001
 -0.17163853E+000  0.12896258E+000  0.18739229E+001  0.46448025E+001
 -0.17163510E+000  0.12896626E+000  0.18739674E+001  0.46449484E+001
 -0.17163207E+000  0.12896946E+000  0.18740063E+001  0.46450825E+001
 -0.17162943E+000  0.12897220E+000  0.18740398E+001  0.46452051E+001
 -0.17162717E+000  0.12897448E+000  0.18740681E+001  0.46453165E+001
 -0.17162527E+000  0.12897633E+000  0.18740913E+001  0.46454171E+001
 -0.17162372E+000  0.12897777E+000  0.18741097E+001  0.46455071E+001
 -0.17162250E+000  0.12897882E+000  0.18741236E+001  0.46455870E+001
 -0.17162159E+000  0.12897950E+000  0.18741331E+001  0.46456572E+001
 -0.17162097E+000  0.12897984E+000  0.18741385E+001  0.46457181E+001
 -0.17162063E+000  0.12897985E+000  0.18741401E+001  0.46457704E+001
 -0.17162054E+000  0.12897956E+000  0.18741380E+001  0.46458143E+001
 -0.17162070E+000  0.12897900E+000  0.18741326E+001  0.46458505E+001
 -0.17162107E+000  0.12897818E+000  0.18741240E+001  0.46458795E+001
 -0.17162165E+000  0.12897713E+000  0.18741126E+001  0.46459016E+001
 -0.17162241E+000  0.12897587E+000  0.18740985E+001  0.46459176E+001
 -0.17162334E+000  0.12897441E+000  0.18740821E+001  0.46459278E+001
 -0.17162441E+000  0.12897279E+000  0.18740634E+001  0.46459327E+001
 -0.17162562E+000  0.12897103E+000  0.18740429E+001  0.46459329E+001
 -0.17162695E+000  0.12896913E+000  0.18740206E+001  0.46459287E+001
 -0.17162838E+000  0.12896712E+000  0.18739967E+001  0.46459207E+001
 -0.17162989E+000  0.12896502E+000  0.18739716E+001  0.46459092E+001
 -0.17163148E+000  0.12896285E+000  0.18739453E+001  0.46458948E+001
 -0.17163312E+000  0.12896062E+000  0.18739182E+001  0.46458777E+001
 -0.17163481E+000  0.12895834E+000  0.18738902E+001  0.46458584E+001
 -0.17163653E+000  0.12895605E+000  0.18738617E+001  0.46458372E+001
 -0.17163827E+000  0.12895374E+000  0.18738328E+001  0.46458146E+001
 -0.17164002E+000  0.12895143E+000  0.18738037E+001  0.46457907E+001
 -0.17164176E+000  0.12894914E+000  0.18737745E+001  0.46457660E+001
 -0.17164349E+000  0.12894688E+000  0.18737454E+001  0.46457407E+001
 -0.17164520E+000  0.12894466E+000  0.18737164E+001  0.46457152E+001
 -0.17164687E+000  0.12894249E+000  0.18736879E+001  0.46456896E+001
 -0.17164851E+000  0.12894039E+000  0.18736597E+001  0.46456642E+001
 -0.17165009E+000  0.12893835E+000  0.18736322E+001  0.46456392E+001
 -0.17165161E+000  0.12893640E+000  0.18736054E+001  0.46456149E+001
 -0.17165308E+000  0.12893453E+000  0.18735794E+001  0.46455914E+001
 -0.17165447E+000  0.12893276E+000  0.18735543E+001  0.46455689E+001
 -0.17165578E+000  0.12893108E+000  0.18735302E+001  0.46455475E+001
 -0.17165702E+000  0.12892951E+000  0.18735072E+001  0.46455274E+001
 -0.17165818E+000  0.12892805E+000  0.18734853E+001  0.46455086E+001
 -0.17165925E+000  0.12892670E+000  0.18734646E+001  0.46454913E+001
 -0.17166023E+000  0.12892547E+000  0.18734451E+001  0.46454756E+001
 -0.17166112E+000  0.12892435E+000  0.18734269E+001  0.46454614E+001
 -0.17166192E+000  0.12892334E+000  0.18734100E+001  0.46454489E+001
 -0.17166263E+000  0.12892245E+000  0.18733944E+001  0.46454381E+001
 -0.17166324E+000  0.12892167E+000  0.18733802E+001  0.46454289E+001
 -0.17166377E+000  0.12892101E+000  0.18733673E+001  0.46454215E+001
 -0.17166421E+000  0.12892046E+000  0.18733557E+001  0.46454157E+001
 -0.17166456E+000  0.12892001E+000  0.18733455E+001  0.46454116E+001
 -0.17166483E+000  0.12891967E+000  0.18733366E+001  0.46454091E+001
 -0.17166502E+000  0.12891943E+000  0.18733289E+001  0.46454081E+001
 -0.17166513E+000  0.12891929E+000  0.18733225E+001  0.46454087E+001
 -0.17166516E+000  0.12891924E+000  0.18733172E+001  0.46454108E+001
 -0.17166512E+000  0.12891927E+000  0.18733132E+001  0.46454142E+001
 -0.17166502E+000  0.12891939E+000  0.18733102E+001  0.46454189E+001
 -0.17166485E+000  0.12891959E+000  0.18733083E+001  0.46454249E+001
 -0.17166462E+000  0.12891985E+000  0.18733074E+001  0.46454320E+001
 -0.17166434E+000  0.12892019E+000  0.18733074E+001  0.46454402E+001
 -0.17166401E+000  0.12892058E+000  0.18733082E+001  0.46454493E+001
 -0.17166364E+000  0.12892102E+000  0.18733099E+001  0.46454593E+001
 -0.17166323E+000  0.12892152E+000  0.18733123E+001  0.46454700E+001
 -0.17166278E+000  0.12892205E+000  0.18733154E+001  0.46454815E+001
 -0.17166230E+000  0.12892262E+000  0.18733191E+001  0.46454935E+001
 -0.17166180E+000  0.12892323E+000  0.18733233E+001  0.46455060E+001
 -0.17166128E+000  0.12892385E+000  0.18733280E+001  0.46455189E+001
 -0.17166074E+000  0.12892450E+000  0.18733331E+001  0.46455321E+001
 -0.17166019E+000  0.12892516E+000  0.18733385E+001  0.46455456E+001
 -0.17165964E+000  0.12892583E+000  0.18733442E+001  0.46455592E+001
 -0.17165908E+000  0.12892651E+000  0.18733500E+001  0.46455728E+001
 -0.17165852E+000  0.12892718E+000  0.18733561E+001  0.46455864E+001
 -0.17165797E+000  0.12892785E+000  0.18733622E+001  0.46455999E+001
 -0.17165743E+000  0.12892851E+000  0.18733683E+001  0.46456133E+001
 -0.17165690E+000  0.12892916E+000  0.18733744E+001  0.46456265E+001
 -0.17165638E+000  0.12892980E+000  0.18733805E+001  0.46456394E+001
 -0.17165588E+000  0.12893041E+000  0.18733864E+001  0.46456520E+001
 -0.17165540E+000  0.12893100E+000  0.18733921E+001  0.46456642E+001
 -0.17165495E+000  0.12893157E+000  0.18733977E+001  0.46456760E+001
 -0.17165451E+000  0.12893210E+000  0.18734030E+001  0.46456874E+001
 -0.17165411E+000  0.12893261E+000  0.18734080E+001  0.46456984E+001
 -0.17165373E+000  0.12893309E+000  0.18734128E+001  0.46457089E+001
 -0.17165338E+000  0.12893353E+000  0.18734171E+001  0.46457189E+001
 -0.17165307E+000  0.12893394E+000  0.18734212E+001  0.46457284E+001
 -0.17165278E+000  0.12893431E+000  0.18734248E+001  0.46457375E+001
 -0.17165253E+000  0.12893464E+000  0.18734279E+001  0.46457462E+001
 -0.17165232E+000  0.12893494E+000  0.18734307E+001  0.46457544E+001
 -0.17165213E+000  0.12893519E+000  0.18734329E+001  0.46457621E+001
 -0.17165198E+000  0.12893541E+000  0.18734347E+001  0.46457696E+001
 -0.17165187E+000  0.12893559E+000  0.18734360E+001  0.46457766E+001
 -0.17165178E+000  0.12893573E+000  0.18734367E+001  0.46457835E+001
 -0.17165173E+000  0.12893583E+000  0.18734369E+001  0.46457901E+001
 -0.17165172E+000  0.12893589E+000  0.18734366E+001  0.46457965E+001
 -0.17165173E+000  0.12893591E+000  0.18734356E+001  0.46458029E+001
 -0.17165179E+000  0.12893589E+000  0.18734340E+001  0.46458094E+001
 -0.17165187E+000  0.12893583E+000  0.18734317E+001  0.46458159E+001
 -0.17165200E+000  0.12893572E+000  0.18734287E+001  0.46458228E+001
 -0.17165217E+000  0.12893556E+000  0.18734248E+001  0.46458300E+001
 -0.17165239E+000  0.12893534E+000  0.18734201E+001  0.46458377E+001
 -0.17165266E+000  0.12893505E+000  0.18734145E+001  0.46458461E+001
 -0.17165297E+000  0.12893470E+000  0.18734079E+001  0.46458556E+001
 -0.17165329E+000  0.12893433E+000  0.18734006E+001  0.46458666E+001
 -0.17165356E+000  0.12893401E+000  0.18733929E+001  0.46458797E+001
 -0.17165371E+000  0.12893383E+000  0.18733853E+001  0.46458960E+001
 -0.17165371E+000  0.12893386E+000  0.18733779E+001  0.46459162E+001
 -0.17165367E+000  0.12893399E+000  0.18733700E+001  0.46459404E+001
 -0.17165408E+000  0.12893361E+000  0.18733590E+001  0.46459670E+001
 -0.17165563E+000  0.12893165E+000  0.18733397E+001  0.46459927E+001
 -0.17165859E+000  0.12892747E+000  0.18733092E+001  0.46460130E+001
 -0.17166023E+000  0.12892359E+000  0.18732790E+001  0.46460488E+001
 -0.17166000E+000  0.12892380E+000  0.18732837E+001  0.46461236E+001
