  0.18780705E+001
  0.18982901E+001
  0.18998230E+001
  0.18982060E+001
  0.18961237E+001
  0.18941099E+001
  0.18923237E+001
  0.18907459E+001
  0.18893585E+001
  0.18881261E+001
  0.18870256E+001
  0.18860483E+001
  0.18851836E+001
  0.18844333E+001
  0.18837805E+001
  0.18832071E+001
  0.18827032E+001
  0.18822581E+001
  0.18818654E+001
  0.18815201E+001
  0.18812166E+001
  0.18809497E+001
  0.18807148E+001
  0.18805076E+001
  0.18803247E+001
  0.18801627E+001
  0.18800189E+001
  0.18798906E+001
  0.18797757E+001
  0.18796722E+001
  0.18795783E+001
  0.18794925E+001
  0.18794133E+001
  0.18793396E+001
  0.18792703E+001
  0.18792045E+001
  0.18791412E+001
  0.18790800E+001
  0.18790200E+001
  0.18789610E+001
  0.18789023E+001
  0.18788438E+001
  0.18787852E+001
  0.18787262E+001
  0.18786668E+001
  0.18786068E+001
  0.18785463E+001
  0.18784852E+001
  0.18784235E+001
  0.18783615E+001
  0.18782991E+001
  0.18782364E+001
  0.18781736E+001
  0.18781109E+001
  0.18780483E+001
  0.18779860E+001
  0.18779243E+001
  0.18778631E+001
  0.18778027E+001
  0.18777431E+001
  0.18776846E+001
  0.18776271E+001
  0.18775709E+001
  0.18775159E+001
  0.18774623E+001
  0.18774100E+001
  0.18773591E+001
  0.18773096E+001
  0.18772616E+001
  0.18772150E+001
  0.18771699E+001
  0.18771262E+001
  0.18770840E+001
  0.18770432E+001
  0.18770039E+001
  0.18769662E+001
  0.18769299E+001
  0.18768951E+001
  0.18768619E+001
  0.18768303E+001
  0.18768002E+001
  0.18767718E+001
  0.18767449E+001
  0.18767197E+001
  0.18766960E+001
  0.18766740E+001
  0.18766535E+001
  0.18766346E+001
  0.18766173E+001
  0.18766014E+001
  0.18765870E+001
  0.18765741E+001
  0.18765625E+001
  0.18765522E+001
  0.18765432E+001
  0.18765355E+001
  0.18765289E+001
  0.18765233E+001
  0.18765188E+001
  0.18765153E+001
  0.18765127E+001
  0.18765108E+001
  0.18765098E+001
  0.18765094E+001
  0.18765097E+001
  0.18765105E+001
  0.18765118E+001
  0.18765136E+001
  0.18765157E+001
  0.18765182E+001
  0.18765210E+001
  0.18765240E+001
  0.18765272E+001
  0.18765305E+001
  0.18765339E+001
  0.18765374E+001
  0.18765409E+001
  0.18765443E+001
  0.18765477E+001
  0.18765510E+001
  0.18765542E+001
  0.18765572E+001
  0.18765600E+001
  0.18765627E+001
  0.18765650E+001
  0.18765672E+001
  0.18765690E+001
  0.18765706E+001
  0.18765719E+001
  0.18765728E+001
  0.18765735E+001
  0.18765738E+001
  0.18765738E+001
  0.18765735E+001
  0.18765728E+001
  0.18765719E+001
  0.18765706E+001
  0.18765690E+001
  0.18765671E+001
  0.18765649E+001
  0.18765624E+001
  0.18765597E+001
  0.18765567E+001
  0.18765535E+001
  0.18765501E+001
  0.18765465E+001
  0.18765427E+001
  0.18765387E+001
  0.18765346E+001
  0.18765303E+001
  0.18765260E+001
  0.18765215E+001
  0.18765170E+001
  0.18765124E+001
  0.18765078E+001
  0.18765031E+001
  0.18764984E+001
  0.18764938E+001
  0.18764892E+001
  0.18764846E+001
  0.18764801E+001
  0.18764756E+001
  0.18764712E+001
  0.18764669E+001
  0.18764627E+001
  0.18764587E+001
  0.18764547E+001
  0.18764509E+001
  0.18764472E+001
  0.18764436E+001
  0.18764402E+001
  0.18764369E+001
  0.18764338E+001
  0.18764309E+001
  0.18764281E+001
  0.18764255E+001
  0.18764230E+001
  0.18764207E+001
  0.18764186E+001
  0.18764166E+001
  0.18764148E+001
  0.18764131E+001
  0.18764115E+001
  0.18764101E+001
  0.18764089E+001
  0.18764078E+001
  0.18764069E+001
  0.18764061E+001
  0.18764056E+001
  0.18764053E+001
  0.18764049E+001
  0.18764043E+001
  0.18764029E+001
  0.18764004E+001
  0.18763973E+001
  0.18763959E+001
  0.18764007E+001
  0.18764120E+001
  0.18764152E+001
  0.18764162E+001
