  0.59816937E+000
  0.59841881E+000
  0.59853011E+000
  0.59857223E+000
  0.59857714E+000
  0.59856059E+000
  0.59853102E+000
  0.59849212E+000
  0.59844758E+000
  0.59840109E+000
  0.59835434E+000
  0.59830803E+000
  0.59826268E+000
  0.59821868E+000
  0.59817629E+000
  0.59813566E+000
  0.59809690E+000
  0.59806002E+000
  0.59802501E+000
  0.59799187E+000
  0.59796057E+000
  0.59793104E+000
  0.59790323E+000
  0.59787707E+000
  0.59785246E+000
  0.59782933E+000
  0.59780761E+000
  0.59778722E+000
  0.59776808E+000
  0.59775012E+000
  0.59773328E+000
  0.59771747E+000
  0.59770263E+000
  0.59768871E+000
  0.59767562E+000
  0.59766332E+000
  0.59765174E+000
  0.59764081E+000
  0.59763050E+000
  0.59762074E+000
  0.59761147E+000
  0.59760265E+000
  0.59759423E+000
  0.59758616E+000
  0.59757841E+000
  0.59757094E+000
  0.59756372E+000
  0.59755671E+000
  0.59754991E+000
  0.59754328E+000
  0.59753682E+000
  0.59753051E+000
  0.59752436E+000
  0.59751834E+000
  0.59751247E+000
  0.59750674E+000
  0.59750115E+000
  0.59749572E+000
  0.59749043E+000
  0.59748529E+000
  0.59748030E+000
  0.59747547E+000
  0.59747078E+000
  0.59746625E+000
  0.59746186E+000
  0.59745760E+000
  0.59745348E+000
  0.59744949E+000
  0.59744561E+000
  0.59744185E+000
  0.59743819E+000
  0.59743463E+000
  0.59743117E+000
  0.59742780E+000
  0.59742451E+000
  0.59742131E+000
  0.59741819E+000
  0.59741516E+000
  0.59741222E+000
  0.59740937E+000
  0.59740662E+000
  0.59740398E+000
  0.59740144E+000
  0.59739901E+000
  0.59739669E+000
  0.59739450E+000
  0.59739244E+000
  0.59739050E+000
  0.59738869E+000
  0.59738702E+000
  0.59738549E+000
  0.59738409E+000
  0.59738282E+000
  0.59738169E+000
  0.59738069E+000
  0.59737982E+000
  0.59737908E+000
  0.59737846E+000
  0.59737795E+000
  0.59737755E+000
  0.59737726E+000
  0.59737706E+000
  0.59737696E+000
  0.59737695E+000
  0.59737701E+000
  0.59737715E+000
  0.59737736E+000
  0.59737762E+000
  0.59737794E+000
  0.59737832E+000
  0.59737873E+000
  0.59737918E+000
  0.59737967E+000
  0.59738018E+000
  0.59738071E+000
  0.59738126E+000
  0.59738183E+000
  0.59738240E+000
  0.59738298E+000
  0.59738356E+000
  0.59738413E+000
  0.59738470E+000
  0.59738526E+000
  0.59738581E+000
  0.59738634E+000
  0.59738685E+000
  0.59738734E+000
  0.59738781E+000
  0.59738825E+000
  0.59738867E+000
  0.59738906E+000
  0.59738942E+000
  0.59738975E+000
  0.59739005E+000
  0.59739032E+000
  0.59739056E+000
  0.59739078E+000
  0.59739096E+000
  0.59739111E+000
  0.59739123E+000
  0.59739133E+000
  0.59739140E+000
  0.59739144E+000
  0.59739146E+000
  0.59739145E+000
  0.59739142E+000
  0.59739138E+000
  0.59739131E+000
  0.59739122E+000
  0.59739112E+000
  0.59739100E+000
  0.59739087E+000
  0.59739073E+000
  0.59739057E+000
  0.59739041E+000
  0.59739024E+000
  0.59739007E+000
  0.59738989E+000
  0.59738971E+000
  0.59738952E+000
  0.59738934E+000
  0.59738915E+000
  0.59738897E+000
  0.59738879E+000
  0.59738861E+000
  0.59738844E+000
  0.59738827E+000
  0.59738811E+000
  0.59738795E+000
  0.59738780E+000
  0.59738766E+000
  0.59738752E+000
  0.59738740E+000
  0.59738727E+000
  0.59738716E+000
  0.59738706E+000
  0.59738696E+000
  0.59738687E+000
  0.59738678E+000
  0.59738671E+000
  0.59738664E+000
  0.59738658E+000
  0.59738652E+000
  0.59738647E+000
  0.59738643E+000
  0.59738639E+000
  0.59738637E+000
  0.59738636E+000
  0.59738636E+000
  0.59738637E+000
  0.59738636E+000
  0.59738631E+000
  0.59738618E+000
  0.59738598E+000
  0.59738581E+000
  0.59738594E+000
  0.59738662E+000
  0.59738728E+000
  0.59738796E+000
  0.59740028E+000
