 -0.28617625E+000
 -0.28724901E+000
 -0.28784148E+000
 -0.28820354E+000
 -0.28843743E+000
 -0.28859426E+000
 -0.28870194E+000
 -0.28877646E+000
 -0.28882800E+000
 -0.28886322E+000
 -0.28888657E+000
 -0.28890133E+000
 -0.28890967E+000
 -0.28891320E+000
 -0.28891311E+000
 -0.28891033E+000
 -0.28890558E+000
 -0.28889941E+000
 -0.28889223E+000
 -0.28888437E+000
 -0.28887607E+000
 -0.28886750E+000
 -0.28885881E+000
 -0.28885011E+000
 -0.28884147E+000
 -0.28883295E+000
 -0.28882461E+000
 -0.28881647E+000
 -0.28880854E+000
 -0.28880084E+000
 -0.28879337E+000
 -0.28878613E+000
 -0.28877910E+000
 -0.28877228E+000
 -0.28876564E+000
 -0.28875918E+000
 -0.28875286E+000
 -0.28874669E+000
 -0.28874062E+000
 -0.28873466E+000
 -0.28872877E+000
 -0.28872294E+000
 -0.28871717E+000
 -0.28871142E+000
 -0.28870570E+000
 -0.28870000E+000
 -0.28869430E+000
 -0.28868860E+000
 -0.28868290E+000
 -0.28867719E+000
 -0.28867148E+000
 -0.28866576E+000
 -0.28866004E+000
 -0.28865433E+000
 -0.28864862E+000
 -0.28864293E+000
 -0.28863725E+000
 -0.28863160E+000
 -0.28862598E+000
 -0.28862040E+000
 -0.28861486E+000
 -0.28860938E+000
 -0.28860395E+000
 -0.28859858E+000
 -0.28859328E+000
 -0.28858804E+000
 -0.28858288E+000
 -0.28857780E+000
 -0.28857279E+000
 -0.28856786E+000
 -0.28856300E+000
 -0.28855823E+000
 -0.28855353E+000
 -0.28854891E+000
 -0.28854437E+000
 -0.28853991E+000
 -0.28853552E+000
 -0.28853121E+000
 -0.28852699E+000
 -0.28852284E+000
 -0.28851876E+000
 -0.28851477E+000
 -0.28851086E+000
 -0.28850703E+000
 -0.28850328E+000
 -0.28849960E+000
 -0.28849601E+000
 -0.28849249E+000
 -0.28848905E+000
 -0.28848569E+000
 -0.28848240E+000
 -0.28847919E+000
 -0.28847604E+000
 -0.28847296E+000
 -0.28846994E+000
 -0.28846698E+000
 -0.28846408E+000
 -0.28846123E+000
 -0.28845844E+000
 -0.28845569E+000
 -0.28845298E+000
 -0.28845030E+000
 -0.28844766E+000
 -0.28844506E+000
 -0.28844247E+000
 -0.28843991E+000
 -0.28843737E+000
 -0.28843484E+000
 -0.28843232E+000
 -0.28842981E+000
 -0.28842731E+000
 -0.28842481E+000
 -0.28842231E+000
 -0.28841981E+000
 -0.28841730E+000
 -0.28841479E+000
 -0.28841227E+000
 -0.28840974E+000
 -0.28840721E+000
 -0.28840466E+000
 -0.28840210E+000
 -0.28839953E+000
 -0.28839695E+000
 -0.28839435E+000
 -0.28839175E+000
 -0.28838913E+000
 -0.28838650E+000
 -0.28838387E+000
 -0.28838122E+000
 -0.28837856E+000
 -0.28837590E+000
 -0.28837323E+000
 -0.28837055E+000
 -0.28836788E+000
 -0.28836519E+000
 -0.28836251E+000
 -0.28835983E+000
 -0.28835715E+000
 -0.28835448E+000
 -0.28835181E+000
 -0.28834915E+000
 -0.28834649E+000
 -0.28834385E+000
 -0.28834122E+000
 -0.28833861E+000
 -0.28833601E+000
 -0.28833343E+000
 -0.28833087E+000
 -0.28832833E+000
 -0.28832581E+000
 -0.28832332E+000
 -0.28832085E+000
 -0.28831841E+000
 -0.28831600E+000
 -0.28831361E+000
 -0.28831126E+000
 -0.28830893E+000
 -0.28830664E+000
 -0.28830438E+000
 -0.28830216E+000
 -0.28829997E+000
 -0.28829781E+000
 -0.28829569E+000
 -0.28829361E+000
 -0.28829156E+000
 -0.28828955E+000
 -0.28828757E+000
 -0.28828564E+000
 -0.28828374E+000
 -0.28828188E+000
 -0.28828006E+000
 -0.28827827E+000
 -0.28827653E+000
 -0.28827482E+000
 -0.28827315E+000
 -0.28827152E+000
 -0.28826993E+000
 -0.28826837E+000
 -0.28826686E+000
 -0.28826538E+000
 -0.28826394E+000
 -0.28826254E+000
 -0.28826118E+000
 -0.28825986E+000
 -0.28825858E+000
 -0.28825733E+000
 -0.28825613E+000
 -0.28825496E+000
 -0.28825384E+000
 -0.28825278E+000
 -0.28825177E+000
 -0.28825083E+000
 -0.28824996E+000
 -0.28824912E+000
 -0.28824820E+000
 -0.28824713E+000
 -0.28824606E+000
 -0.28824702E+000
 -0.28824748E+000
 -0.28823666E+000
