  0.10481596E+001
  0.10483269E+001
  0.10484410E+001
  0.10485338E+001
  0.10486132E+001
  0.10486818E+001
  0.10487413E+001
  0.10487928E+001
  0.10488373E+001
  0.10488756E+001
  0.10489087E+001
  0.10489371E+001
  0.10489615E+001
  0.10489825E+001
  0.10490005E+001
  0.10490159E+001
  0.10490291E+001
  0.10490403E+001
  0.10490499E+001
  0.10490581E+001
  0.10490651E+001
  0.10490710E+001
  0.10490760E+001
  0.10490803E+001
  0.10490839E+001
  0.10490870E+001
  0.10490895E+001
  0.10490917E+001
  0.10490936E+001
  0.10490952E+001
  0.10490965E+001
  0.10490977E+001
  0.10490987E+001
  0.10490996E+001
  0.10491004E+001
  0.10491011E+001
  0.10491017E+001
  0.10491023E+001
  0.10491029E+001
  0.10491034E+001
  0.10491038E+001
  0.10491042E+001
  0.10491046E+001
  0.10491049E+001
  0.10491051E+001
  0.10491053E+001
  0.10491054E+001
  0.10491054E+001
  0.10491054E+001
  0.10491052E+001
  0.10491050E+001
  0.10491046E+001
  0.10491042E+001
  0.10491037E+001
  0.10491030E+001
  0.10491023E+001
  0.10491014E+001
  0.10491005E+001
  0.10490995E+001
  0.10490984E+001
  0.10490972E+001
  0.10490959E+001
  0.10490946E+001
  0.10490933E+001
  0.10490919E+001
  0.10490904E+001
  0.10490890E+001
  0.10490875E+001
  0.10490860E+001
  0.10490845E+001
  0.10490831E+001
  0.10490816E+001
  0.10490801E+001
  0.10490787E+001
  0.10490772E+001
  0.10490758E+001
  0.10490744E+001
  0.10490731E+001
  0.10490718E+001
  0.10490705E+001
  0.10490692E+001
  0.10490680E+001
  0.10490668E+001
  0.10490657E+001
  0.10490646E+001
  0.10490636E+001
  0.10490626E+001
  0.10490617E+001
  0.10490609E+001
  0.10490601E+001
  0.10490593E+001
  0.10490587E+001
  0.10490581E+001
  0.10490575E+001
  0.10490570E+001
  0.10490566E+001
  0.10490562E+001
  0.10490559E+001
  0.10490557E+001
  0.10490555E+001
  0.10490553E+001
  0.10490552E+001
  0.10490552E+001
  0.10490552E+001
  0.10490552E+001
  0.10490553E+001
  0.10490554E+001
  0.10490556E+001
  0.10490558E+001
  0.10490560E+001
  0.10490562E+001
  0.10490565E+001
  0.10490568E+001
  0.10490571E+001
  0.10490575E+001
  0.10490578E+001
  0.10490582E+001
  0.10490586E+001
  0.10490590E+001
  0.10490594E+001
  0.10490598E+001
  0.10490603E+001
  0.10490607E+001
  0.10490612E+001
  0.10490616E+001
  0.10490621E+001
  0.10490625E+001
  0.10490630E+001
  0.10490634E+001
  0.10490638E+001
  0.10490643E+001
  0.10490647E+001
  0.10490651E+001
  0.10490655E+001
  0.10490660E+001
  0.10490664E+001
  0.10490667E+001
  0.10490671E+001
  0.10490675E+001
  0.10490678E+001
  0.10490682E+001
  0.10490685E+001
  0.10490688E+001
  0.10490691E+001
  0.10490694E+001
  0.10490697E+001
  0.10490699E+001
  0.10490702E+001
  0.10490704E+001
  0.10490706E+001
  0.10490708E+001
  0.10490710E+001
  0.10490712E+001
  0.10490714E+001
  0.10490715E+001
  0.10490717E+001
  0.10490718E+001
  0.10490719E+001
  0.10490720E+001
  0.10490721E+001
  0.10490722E+001
  0.10490723E+001
  0.10490724E+001
  0.10490724E+001
  0.10490725E+001
  0.10490726E+001
  0.10490726E+001
  0.10490727E+001
  0.10490727E+001
  0.10490727E+001
  0.10490728E+001
  0.10490728E+001
  0.10490728E+001
  0.10490728E+001
  0.10490728E+001
  0.10490729E+001
  0.10490729E+001
  0.10490729E+001
  0.10490729E+001
  0.10490729E+001
  0.10490729E+001
  0.10490729E+001
  0.10490729E+001
  0.10490729E+001
  0.10490728E+001
  0.10490728E+001
  0.10490728E+001
  0.10490728E+001
  0.10490727E+001
  0.10490727E+001
  0.10490727E+001
  0.10490728E+001
  0.10490728E+001
  0.10490728E+001
  0.10490727E+001
  0.10490723E+001
  0.10490717E+001
  0.10490721E+001
  0.10490732E+001
  0.10490607E+001
