  0.54028547E+000
  0.54037490E+000
  0.54043306E+000
  0.54047994E+000
  0.54051996E+000
  0.54055456E+000
  0.54058455E+000
  0.54061053E+000
  0.54063298E+000
  0.54065232E+000
  0.54066896E+000
  0.54068326E+000
  0.54069554E+000
  0.54070607E+000
  0.54071509E+000
  0.54072280E+000
  0.54072937E+000
  0.54073497E+000
  0.54073973E+000
  0.54074377E+000
  0.54074720E+000
  0.54075009E+000
  0.54075253E+000
  0.54075459E+000
  0.54075631E+000
  0.54075775E+000
  0.54075895E+000
  0.54075995E+000
  0.54076079E+000
  0.54076148E+000
  0.54076206E+000
  0.54076255E+000
  0.54076296E+000
  0.54076330E+000
  0.54076360E+000
  0.54076385E+000
  0.54076407E+000
  0.54076426E+000
  0.54076443E+000
  0.54076457E+000
  0.54076469E+000
  0.54076478E+000
  0.54076485E+000
  0.54076489E+000
  0.54076490E+000
  0.54076488E+000
  0.54076481E+000
  0.54076471E+000
  0.54076456E+000
  0.54076437E+000
  0.54076413E+000
  0.54076384E+000
  0.54076349E+000
  0.54076310E+000
  0.54076266E+000
  0.54076216E+000
  0.54076162E+000
  0.54076103E+000
  0.54076040E+000
  0.54075973E+000
  0.54075902E+000
  0.54075828E+000
  0.54075752E+000
  0.54075673E+000
  0.54075592E+000
  0.54075510E+000
  0.54075427E+000
  0.54075344E+000
  0.54075260E+000
  0.54075177E+000
  0.54075094E+000
  0.54075012E+000
  0.54074930E+000
  0.54074850E+000
  0.54074771E+000
  0.54074694E+000
  0.54074618E+000
  0.54074544E+000
  0.54074472E+000
  0.54074402E+000
  0.54074335E+000
  0.54074269E+000
  0.54074207E+000
  0.54074147E+000
  0.54074089E+000
  0.54074035E+000
  0.54073984E+000
  0.54073936E+000
  0.54073891E+000
  0.54073850E+000
  0.54073812E+000
  0.54073777E+000
  0.54073746E+000
  0.54073718E+000
  0.54073693E+000
  0.54073672E+000
  0.54073654E+000
  0.54073639E+000
  0.54073627E+000
  0.54073618E+000
  0.54073612E+000
  0.54073609E+000
  0.54073609E+000
  0.54073610E+000
  0.54073615E+000
  0.54073621E+000
  0.54073630E+000
  0.54073640E+000
  0.54073652E+000
  0.54073666E+000
  0.54073682E+000
  0.54073699E+000
  0.54073717E+000
  0.54073736E+000
  0.54073757E+000
  0.54073778E+000
  0.54073800E+000
  0.54073823E+000
  0.54073846E+000
  0.54073870E+000
  0.54073895E+000
  0.54073920E+000
  0.54073945E+000
  0.54073970E+000
  0.54073995E+000
  0.54074021E+000
  0.54074046E+000
  0.54074071E+000
  0.54074096E+000
  0.54074120E+000
  0.54074145E+000
  0.54074169E+000
  0.54074192E+000
  0.54074215E+000
  0.54074237E+000
  0.54074259E+000
  0.54074280E+000
  0.54074300E+000
  0.54074319E+000
  0.54074338E+000
  0.54074356E+000
  0.54074374E+000
  0.54074390E+000
  0.54074406E+000
  0.54074421E+000
  0.54074435E+000
  0.54074449E+000
  0.54074461E+000
  0.54074473E+000
  0.54074484E+000
  0.54074495E+000
  0.54074504E+000
  0.54074513E+000
  0.54074522E+000
  0.54074529E+000
  0.54074536E+000
  0.54074543E+000
  0.54074549E+000
  0.54074554E+000
  0.54074559E+000
  0.54074563E+000
  0.54074567E+000
  0.54074571E+000
  0.54074574E+000
  0.54074577E+000
  0.54074579E+000
  0.54074581E+000
  0.54074583E+000
  0.54074585E+000
  0.54074587E+000
  0.54074588E+000
  0.54074589E+000
  0.54074590E+000
  0.54074591E+000
  0.54074592E+000
  0.54074592E+000
  0.54074593E+000
  0.54074593E+000
  0.54074594E+000
  0.54074594E+000
  0.54074595E+000
  0.54074595E+000
  0.54074596E+000
  0.54074596E+000
  0.54074596E+000
  0.54074596E+000
  0.54074596E+000
  0.54074596E+000
  0.54074596E+000
  0.54074597E+000
  0.54074598E+000
  0.54074601E+000
  0.54074605E+000
  0.54074606E+000
  0.54074600E+000
  0.54074580E+000
  0.54074556E+000
  0.54074571E+000
  0.54074632E+000
  0.54073946E+000
