 -0.15012498E+000  0.33234403E+000  0.36356188E+001  0.83937747E+002
 -0.15025585E+000  0.33202726E+000  0.36348880E+001  0.83960119E+002
 -0.15036468E+000  0.33175015E+000  0.36341827E+001  0.83977325E+002
 -0.15045489E+000  0.33151147E+000  0.36335300E+001  0.83990778E+002
 -0.15052940E+000  0.33130834E+000  0.36329419E+001  0.84001421E+002
 -0.15059064E+000  0.33113713E+000  0.36324212E+001  0.84009908E+002
 -0.15064070E+000  0.33099412E+000  0.36319655E+001  0.84016704E+002
 -0.15068130E+000  0.33087573E+000  0.36315702E+001  0.84022155E+002
 -0.15071393E+000  0.33077885E+000  0.36312297E+001  0.84026526E+002
 -0.15073984E+000  0.33070056E+000  0.36309382E+001  0.84030022E+002
 -0.15076007E+000  0.33063820E+000  0.36306904E+001  0.84032806E+002
 -0.15077555E+000  0.33058945E+000  0.36304811E+001  0.84035007E+002
 -0.15078702E+000  0.33055234E+000  0.36303056E+001  0.84036731E+002
 -0.15079513E+000  0.33052512E+000  0.36301599E+001  0.84038061E+002
 -0.15080043E+000  0.33050633E+000  0.36300402E+001  0.84039066E+002
 -0.15080338E+000  0.33049470E+000  0.36299434E+001  0.84039801E+002
 -0.15080437E+000  0.33048916E+000  0.36298666E+001  0.84040314E+002
 -0.15080372E+000  0.33048877E+000  0.36298075E+001  0.84040640E+002
 -0.15080172E+000  0.33049276E+000  0.36297638E+001  0.84040811E+002
 -0.15079860E+000  0.33050047E+000  0.36297337E+001  0.84040851E+002
 -0.15079455E+000  0.33051133E+000  0.36297157E+001  0.84040783E+002
 -0.15078974E+000  0.33052487E+000  0.36297084E+001  0.84040622E+002
 -0.15078430E+000  0.33054070E+000  0.36297106E+001  0.84040384E+002
 -0.15077835E+000  0.33055847E+000  0.36297213E+001  0.84040080E+002
 -0.15077200E+000  0.33057791E+000  0.36297396E+001  0.84039721E+002
 -0.15076530E+000  0.33059878E+000  0.36297649E+001  0.84039315E+002
 -0.15075834E+000  0.33062090E+000  0.36297965E+001  0.84038869E+002
 -0.15075116E+000  0.33064408E+000  0.36298337E+001  0.84038389E+002
 -0.15074381E+000  0.33066822E+000  0.36298763E+001  0.84037880E+002
 -0.15073631E+000  0.33069319E+000  0.36299238E+001  0.84037345E+002
 -0.15072868E+000  0.33071892E+000  0.36299758E+001  0.84036789E+002
 -0.15072094E+000  0.33074534E+000  0.36300322E+001  0.84036214E+002
 -0.15071309E+000  0.33077241E+000  0.36300927E+001  0.84035622E+002
 -0.15070514E+000  0.33080008E+000  0.36301570E+001  0.84035015E+002
 -0.15069707E+000  0.33082835E+000  0.36302252E+001  0.84034395E+002
 -0.15068889E+000  0.33085719E+000  0.36302972E+001  0.84033764E+002
 -0.15068056E+000  0.33088661E+000  0.36303728E+001  0.84033122E+002
 -0.15067209E+000  0.33091662E+000  0.36304521E+001  0.84032471E+002
 -0.15066344E+000  0.33094722E+000  0.36305350E+001  0.84031812E+002
 -0.15065460E+000  0.33097842E+000  0.36306216E+001  0.84031145E+002
 -0.15064555E+000  0.33101025E+000  0.36307119E+001  0.84030472E+002
 -0.15063626E+000  0.33104270E+000  0.36308059E+001  0.84029794E+002
 -0.15062672E+000  0.33107579E+000  0.36309037E+001  0.84029111E+002
 -0.15061692E+000  0.33110952E+000  0.36310052E+001  0.84028424E+002
 -0.15060682E+000  0.33114390E+000  0.36311106E+001  0.84027735E+002
 -0.15059644E+000  0.33117891E+000  0.36312198E+001  0.84027044E+002
 -0.15058574E+000  0.33121455E+000  0.36313327E+001  0.84026352E+002
 -0.15057475E+000  0.33125077E+000  0.36314493E+001  0.84025660E+002
 -0.15056345E+000  0.33128755E+000  0.36315696E+001  0.84024970E+002
 -0.15055185E+000  0.33132483E+000  0.36316934E+001  0.84024282E+002
 -0.15053997E+000  0.33136255E+000  0.36318205E+001  0.84023598E+002
 -0.15052782E+000  0.33140065E+000  0.36319508E+001  0.84022918E+002
 -0.15051542E+000  0.33143903E+000  0.36320840E+001  0.84022243E+002
 -0.15050279E+000  0.33147762E+000  0.36322198E+001  0.84021574E+002
 -0.15048997E+000  0.33151630E+000  0.36323580E+001  0.84020913E+002
 -0.15047699E+000  0.33155499E+000  0.36324982E+001  0.84020260E+002
 -0.15046389E+000  0.33159357E+000  0.36326401E+001  0.84019615E+002
 -0.15045069E+000  0.33163194E+000  0.36327833E+001  0.84018981E+002
 -0.15043744E+000  0.33166997E+000  0.36329273E+001  0.84018356E+002
 -0.15042418E+000  0.33170755E+000  0.36330718E+001  0.84017741E+002
 -0.15041095E+000  0.33174457E+000  0.36332163E+001  0.84017138E+002
 -0.15039778E+000  0.33178093E+000  0.36333604E+001  0.84016546E+002
 -0.15038471E+000  0.33181653E+000  0.36335037E+001  0.84015965E+002
 -0.15037177E+000  0.33185127E+000  0.36336457E+001  0.84015395E+002
 -0.15035900E+000  0.33188507E+000  0.36337861E+001  0.84014837E+002
 -0.15034643E+000  0.33191786E+000  0.36339245E+001  0.84014289E+002
 -0.15033408E+000  0.33194960E+000  0.36340605E+001  0.84013753E+002
 -0.15032198E+000  0.33198022E+000  0.36341939E+001  0.84013228E+002
 -0.15031014E+000  0.33200971E+000  0.36343242E+001  0.84012713E+002
 -0.15029858E+000  0.33203803E+000  0.36344512E+001  0.84012207E+002
 -0.15028732E+000  0.33206517E+000  0.36345748E+001  0.84011712E+002
 -0.15027637E+000  0.33209114E+000  0.36346946E+001  0.84011225E+002
 -0.15026574E+000  0.33211594E+000  0.36348105E+001  0.84010746E+002
 -0.15025544E+000  0.33213958E+000  0.36349223E+001  0.84010275E+002
 -0.15024548E+000  0.33216207E+000  0.36350298E+001  0.84009811E+002
 -0.15023587E+000  0.33218343E+000  0.36351330E+001  0.84009354E+002
 -0.15022661E+000  0.33220368E+000  0.36352317E+001  0.84008902E+002
 -0.15021772E+000  0.33222284E+000  0.36353258E+001  0.84008454E+002
 -0.15020919E+000  0.33224093E+000  0.36354153E+001  0.84008011E+002
 -0.15020104E+000  0.33225797E+000  0.36355001E+001  0.84007572E+002
 -0.15019327E+000  0.33227397E+000  0.36355802E+001  0.84007134E+002
 -0.15018588E+000  0.33228895E+000  0.36356555E+001  0.84006699E+002
 -0.15017888E+000  0.33230292E+000  0.36357260E+001  0.84006264E+002
 -0.15017228E+000  0.33231591E+000  0.36357917E+001  0.84005830E+002
 -0.15016607E+000  0.33232793E+000  0.36358526E+001  0.84005394E+002
 -0.15016026E+000  0.33233899E+000  0.36359088E+001  0.84004957E+002
 -0.15015485E+000  0.33234911E+000  0.36359603E+001  0.84004518E+002
 -0.15014983E+000  0.33235831E+000  0.36360071E+001  0.84004077E+002
 -0.15014521E+000  0.33236661E+000  0.36360494E+001  0.84003631E+002
 -0.15014097E+000  0.33237403E+000  0.36360872E+001  0.84003182E+002
 -0.15013711E+000  0.33238060E+000  0.36361205E+001  0.84002728E+002
 -0.15013363E+000  0.33238633E+000  0.36361496E+001  0.84002269E+002
 -0.15013052E+000  0.33239126E+000  0.36361746E+001  0.84001804E+002
 -0.15012776E+000  0.33239541E+000  0.36361955E+001  0.84001333E+002
 -0.15012535E+000  0.33239882E+000  0.36362125E+001  0.84000855E+002
 -0.15012328E+000  0.33240152E+000  0.36362257E+001  0.84000371E+002
 -0.15012152E+000  0.33240354E+000  0.36362354E+001  0.83999880E+002
 -0.15012008E+000  0.33240492E+000  0.36362416E+001  0.83999382E+002
 -0.15011893E+000  0.33240569E+000  0.36362446E+001  0.83998876E+002
 -0.15011805E+000  0.33240590E+000  0.36362445E+001  0.83998362E+002
 -0.15011744E+000  0.33240557E+000  0.36362414E+001  0.83997841E+002
 -0.15011707E+000  0.33240476E+000  0.36362357E+001  0.83997312E+002
 -0.15011694E+000  0.33240350E+000  0.36362274E+001  0.83996775E+002
 -0.15011702E+000  0.33240183E+000  0.36362168E+001  0.83996230E+002
 -0.15011729E+000  0.33239978E+000  0.36362039E+001  0.83995676E+002
 -0.15011775E+000  0.33239739E+000  0.36361891E+001  0.83995115E+002
 -0.15011838E+000  0.33239471E+000  0.36361725E+001  0.83994546E+002
 -0.15011915E+000  0.33239176E+000  0.36361542E+001  0.83993969E+002
 -0.15012006E+000  0.33238857E+000  0.36361345E+001  0.83993384E+002
 -0.15012109E+000  0.33238519E+000  0.36361134E+001  0.83992792E+002
 -0.15012223E+000  0.33238164E+000  0.36360913E+001  0.83992192E+002
 -0.15012346E+000  0.33237796E+000  0.36360682E+001  0.83991585E+002
 -0.15012476E+000  0.33237416E+000  0.36360442E+001  0.83990971E+002
 -0.15012614E+000  0.33237028E+000  0.36360197E+001  0.83990350E+002
 -0.15012757E+000  0.33236634E+000  0.36359946E+001  0.83989722E+002
 -0.15012904E+000  0.33236237E+000  0.36359691E+001  0.83989087E+002
 -0.15013054E+000  0.33235838E+000  0.36359434E+001  0.83988447E+002
 -0.15013206E+000  0.33235441E+000  0.36359177E+001  0.83987801E+002
 -0.15013359E+000  0.33235047E+000  0.36358920E+001  0.83987150E+002
 -0.15013513E+000  0.33234658E+000  0.36358664E+001  0.83986493E+002
 -0.15013665E+000  0.33234277E+000  0.36358411E+001  0.83985832E+002
 -0.15013815E+000  0.33233903E+000  0.36358162E+001  0.83985167E+002
 -0.15013962E+000  0.33233541E+000  0.36357918E+001  0.83984498E+002
 -0.15014106E+000  0.33233190E+000  0.36357680E+001  0.83983825E+002
 -0.15014245E+000  0.33232852E+000  0.36357448E+001  0.83983150E+002
 -0.15014380E+000  0.33232529E+000  0.36357225E+001  0.83982472E+002
 -0.15014509E+000  0.33232221E+000  0.36357009E+001  0.83981792E+002
 -0.15014632E+000  0.33231930E+000  0.36356803E+001  0.83981111E+002
 -0.15014748E+000  0.33231656E+000  0.36356607E+001  0.83980429E+002
 -0.15014857E+000  0.33231401E+000  0.36356420E+001  0.83979747E+002
 -0.15014959E+000  0.33231164E+000  0.36356245E+001  0.83979064E+002
 -0.15015053E+000  0.33230946E+000  0.36356080E+001  0.83978383E+002
 -0.15015139E+000  0.33230748E+000  0.36355927E+001  0.83977702E+002
 -0.15015217E+000  0.33230570E+000  0.36355785E+001  0.83977023E+002
 -0.15015287E+000  0.33230412E+000  0.36355655E+001  0.83976347E+002
 -0.15015349E+000  0.33230273E+000  0.36355536E+001  0.83975673E+002
 -0.15015403E+000  0.33230154E+000  0.36355429E+001  0.83975002E+002
 -0.15015448E+000  0.33230055E+000  0.36355334E+001  0.83974335E+002
 -0.15015486E+000  0.33229975E+000  0.36355250E+001  0.83973673E+002
 -0.15015516E+000  0.33229913E+000  0.36355177E+001  0.83973015E+002
 -0.15015538E+000  0.33229869E+000  0.36355115E+001  0.83972361E+002
 -0.15015553E+000  0.33229843E+000  0.36355063E+001  0.83971714E+002
 -0.15015561E+000  0.33229834E+000  0.36355022E+001  0.83971072E+002
 -0.15015562E+000  0.33229841E+000  0.36354991E+001  0.83970437E+002
 -0.15015557E+000  0.33229863E+000  0.36354969E+001  0.83969808E+002
 -0.15015546E+000  0.33229899E+000  0.36354956E+001  0.83969186E+002
 -0.15015529E+000  0.33229948E+000  0.36354951E+001  0.83968572E+002
 -0.15015507E+000  0.33230010E+000  0.36354954E+001  0.83967965E+002
 -0.15015481E+000  0.33230083E+000  0.36354964E+001  0.83967366E+002
 -0.15015450E+000  0.33230166E+000  0.36354981E+001  0.83966775E+002
 -0.15015415E+000  0.33230258E+000  0.36355004E+001  0.83966192E+002
 -0.15015377E+000  0.33230358E+000  0.36355033E+001  0.83965618E+002
 -0.15015336E+000  0.33230464E+000  0.36355066E+001  0.83965052E+002
 -0.15015292E+000  0.33230577E+000  0.36355104E+001  0.83964496E+002
 -0.15015247E+000  0.33230693E+000  0.36355146E+001  0.83963948E+002
 -0.15015199E+000  0.33230813E+000  0.36355190E+001  0.83963409E+002
 -0.15015151E+000  0.33230935E+000  0.36355238E+001  0.83962880E+002
 -0.15015102E+000  0.33231058E+000  0.36355287E+001  0.83962359E+002
 -0.15015053E+000  0.33231181E+000  0.36355338E+001  0.83961848E+002
 -0.15015004E+000  0.33231303E+000  0.36355390E+001  0.83961347E+002
 -0.15014955E+000  0.33231422E+000  0.36355442E+001  0.83960854E+002
 -0.15014907E+000  0.33231538E+000  0.36355494E+001  0.83960371E+002
 -0.15014861E+000  0.33231650E+000  0.36355545E+001  0.83959897E+002
 -0.15014816E+000  0.33231756E+000  0.36355596E+001  0.83959432E+002
 -0.15014772E+000  0.33231856E+000  0.36355645E+001  0.83958976E+002
 -0.15014731E+000  0.33231949E+000  0.36355691E+001  0.83958530E+002
 -0.15014692E+000  0.33232034E+000  0.36355736E+001  0.83958092E+002
 -0.15014656E+000  0.33232109E+000  0.36355777E+001  0.83957663E+002
 -0.15014623E+000  0.33232175E+000  0.36355816E+001  0.83957242E+002
 -0.15014592E+000  0.33232231E+000  0.36355850E+001  0.83956830E+002
 -0.15014565E+000  0.33232275E+000  0.36355881E+001  0.83956427E+002
 -0.15014541E+000  0.33232307E+000  0.36355907E+001  0.83956031E+002
 -0.15014521E+000  0.33232326E+000  0.36355929E+001  0.83955644E+002
 -0.15014504E+000  0.33232333E+000  0.36355946E+001  0.83955264E+002
 -0.15014490E+000  0.33232325E+000  0.36355957E+001  0.83954891E+002
 -0.15014481E+000  0.33232304E+000  0.36355962E+001  0.83954526E+002
 -0.15014475E+000  0.33232267E+000  0.36355961E+001  0.83954168E+002
 -0.15014473E+000  0.33232215E+000  0.36355954E+001  0.83953817E+002
 -0.15014475E+000  0.33232148E+000  0.36355939E+001  0.83953471E+002
 -0.15014480E+000  0.33232065E+000  0.36355918E+001  0.83953132E+002
 -0.15014489E+000  0.33231965E+000  0.36355889E+001  0.83952798E+002
 -0.15014501E+000  0.33231849E+000  0.36355852E+001  0.83952470E+002
 -0.15014518E+000  0.33231716E+000  0.36355807E+001  0.83952146E+002
 -0.15014538E+000  0.33231567E+000  0.36355753E+001  0.83951826E+002
 -0.15014561E+000  0.33231399E+000  0.36355690E+001  0.83951510E+002
 -0.15014589E+000  0.33231214E+000  0.36355617E+001  0.83951197E+002
 -0.15014622E+000  0.33231008E+000  0.36355533E+001  0.83950886E+002
 -0.15014659E+000  0.33230782E+000  0.36355438E+001  0.83950577E+002
 -0.15014701E+000  0.33230536E+000  0.36355332E+001  0.83950269E+002
 -0.15014748E+000  0.33230269E+000  0.36355213E+001  0.83949960E+002
 -0.15014796E+000  0.33229989E+000  0.36355085E+001  0.83949650E+002
 -0.15014840E+000  0.33229705E+000  0.36354948E+001  0.83949338E+002
 -0.15014873E+000  0.33229434E+000  0.36354806E+001  0.83949024E+002
 -0.15014893E+000  0.33229185E+000  0.36354662E+001  0.83948705E+002
 -0.15014911E+000  0.33228939E+000  0.36354509E+001  0.83948382E+002
 -0.15014970E+000  0.33228607E+000  0.36354327E+001  0.83948050E+002
 -0.15015136E+000  0.33228021E+000  0.36354079E+001  0.83947705E+002
 -0.15015430E+000  0.33227091E+000  0.36353745E+001  0.83947337E+002
 -0.15015607E+000  0.33226161E+000  0.36353405E+001  0.83946927E+002
 -0.15015614E+000  0.33226006E+000  0.36353332E+001  0.83946523E+002
