  0.57771420E+000
  0.57780643E+000
  0.57786927E+000
  0.57792045E+000
  0.57796421E+000
  0.57800204E+000
  0.57803479E+000
  0.57806318E+000
  0.57808770E+000
  0.57810885E+000
  0.57812706E+000
  0.57814271E+000
  0.57815618E+000
  0.57816774E+000
  0.57817766E+000
  0.57818616E+000
  0.57819342E+000
  0.57819963E+000
  0.57820493E+000
  0.57820944E+000
  0.57821328E+000
  0.57821654E+000
  0.57821931E+000
  0.57822166E+000
  0.57822365E+000
  0.57822533E+000
  0.57822675E+000
  0.57822796E+000
  0.57822898E+000
  0.57822985E+000
  0.57823060E+000
  0.57823124E+000
  0.57823180E+000
  0.57823229E+000
  0.57823273E+000
  0.57823313E+000
  0.57823348E+000
  0.57823381E+000
  0.57823410E+000
  0.57823438E+000
  0.57823463E+000
  0.57823485E+000
  0.57823504E+000
  0.57823521E+000
  0.57823534E+000
  0.57823544E+000
  0.57823550E+000
  0.57823551E+000
  0.57823548E+000
  0.57823540E+000
  0.57823527E+000
  0.57823508E+000
  0.57823484E+000
  0.57823454E+000
  0.57823418E+000
  0.57823377E+000
  0.57823331E+000
  0.57823279E+000
  0.57823223E+000
  0.57823162E+000
  0.57823096E+000
  0.57823028E+000
  0.57822956E+000
  0.57822881E+000
  0.57822804E+000
  0.57822725E+000
  0.57822645E+000
  0.57822563E+000
  0.57822482E+000
  0.57822400E+000
  0.57822318E+000
  0.57822236E+000
  0.57822156E+000
  0.57822076E+000
  0.57821997E+000
  0.57821919E+000
  0.57821843E+000
  0.57821768E+000
  0.57821695E+000
  0.57821624E+000
  0.57821555E+000
  0.57821488E+000
  0.57821424E+000
  0.57821362E+000
  0.57821302E+000
  0.57821246E+000
  0.57821193E+000
  0.57821143E+000
  0.57821096E+000
  0.57821052E+000
  0.57821011E+000
  0.57820974E+000
  0.57820941E+000
  0.57820910E+000
  0.57820883E+000
  0.57820860E+000
  0.57820840E+000
  0.57820822E+000
  0.57820808E+000
  0.57820797E+000
  0.57820789E+000
  0.57820784E+000
  0.57820781E+000
  0.57820781E+000
  0.57820783E+000
  0.57820788E+000
  0.57820794E+000
  0.57820803E+000
  0.57820814E+000
  0.57820826E+000
  0.57820839E+000
  0.57820855E+000
  0.57820871E+000
  0.57820889E+000
  0.57820908E+000
  0.57820928E+000
  0.57820949E+000
  0.57820970E+000
  0.57820993E+000
  0.57821016E+000
  0.57821039E+000
  0.57821063E+000
  0.57821087E+000
  0.57821111E+000
  0.57821136E+000
  0.57821161E+000
  0.57821186E+000
  0.57821210E+000
  0.57821235E+000
  0.57821259E+000
  0.57821283E+000
  0.57821307E+000
  0.57821330E+000
  0.57821353E+000
  0.57821376E+000
  0.57821397E+000
  0.57821419E+000
  0.57821439E+000
  0.57821460E+000
  0.57821479E+000
  0.57821498E+000
  0.57821516E+000
  0.57821533E+000
  0.57821549E+000
  0.57821565E+000
  0.57821580E+000
  0.57821594E+000
  0.57821608E+000
  0.57821620E+000
  0.57821632E+000
  0.57821644E+000
  0.57821654E+000
  0.57821664E+000
  0.57821673E+000
  0.57821682E+000
  0.57821690E+000
  0.57821697E+000
  0.57821704E+000
  0.57821710E+000
  0.57821716E+000
  0.57821721E+000
  0.57821725E+000
  0.57821730E+000
  0.57821733E+000
  0.57821737E+000
  0.57821740E+000
  0.57821743E+000
  0.57821745E+000
  0.57821747E+000
  0.57821749E+000
  0.57821751E+000
  0.57821752E+000
  0.57821753E+000
  0.57821754E+000
  0.57821755E+000
  0.57821756E+000
  0.57821756E+000
  0.57821757E+000
  0.57821757E+000
  0.57821757E+000
  0.57821757E+000
  0.57821757E+000
  0.57821756E+000
  0.57821756E+000
  0.57821755E+000
  0.57821754E+000
  0.57821752E+000
  0.57821751E+000
  0.57821750E+000
  0.57821749E+000
  0.57821749E+000
  0.57821751E+000
  0.57821754E+000
  0.57821754E+000
  0.57821745E+000
  0.57821723E+000
  0.57821694E+000
  0.57821715E+000
  0.57821776E+000
  0.57821088E+000
