  0.83805953E+000
  0.83817667E+000
  0.83825649E+000
  0.83832149E+000
  0.83837706E+000
  0.83842510E+000
  0.83846670E+000
  0.83850275E+000
  0.83853390E+000
  0.83856075E+000
  0.83858388E+000
  0.83860376E+000
  0.83862086E+000
  0.83863555E+000
  0.83864815E+000
  0.83865894E+000
  0.83866816E+000
  0.83867605E+000
  0.83868277E+000
  0.83868850E+000
  0.83869338E+000
  0.83869753E+000
  0.83870104E+000
  0.83870403E+000
  0.83870655E+000
  0.83870869E+000
  0.83871050E+000
  0.83871203E+000
  0.83871333E+000
  0.83871443E+000
  0.83871538E+000
  0.83871620E+000
  0.83871691E+000
  0.83871753E+000
  0.83871809E+000
  0.83871859E+000
  0.83871904E+000
  0.83871945E+000
  0.83871983E+000
  0.83872018E+000
  0.83872049E+000
  0.83872077E+000
  0.83872102E+000
  0.83872123E+000
  0.83872140E+000
  0.83872153E+000
  0.83872160E+000
  0.83872162E+000
  0.83872158E+000
  0.83872148E+000
  0.83872131E+000
  0.83872107E+000
  0.83872076E+000
  0.83872038E+000
  0.83871993E+000
  0.83871941E+000
  0.83871882E+000
  0.83871816E+000
  0.83871744E+000
  0.83871667E+000
  0.83871584E+000
  0.83871497E+000
  0.83871405E+000
  0.83871310E+000
  0.83871212E+000
  0.83871112E+000
  0.83871010E+000
  0.83870907E+000
  0.83870803E+000
  0.83870699E+000
  0.83870595E+000
  0.83870492E+000
  0.83870389E+000
  0.83870288E+000
  0.83870188E+000
  0.83870089E+000
  0.83869992E+000
  0.83869897E+000
  0.83869805E+000
  0.83869714E+000
  0.83869626E+000
  0.83869542E+000
  0.83869460E+000
  0.83869381E+000
  0.83869306E+000
  0.83869234E+000
  0.83869167E+000
  0.83869103E+000
  0.83869043E+000
  0.83868987E+000
  0.83868936E+000
  0.83868889E+000
  0.83868846E+000
  0.83868808E+000
  0.83868774E+000
  0.83868744E+000
  0.83868718E+000
  0.83868696E+000
  0.83868678E+000
  0.83868664E+000
  0.83868654E+000
  0.83868647E+000
  0.83868644E+000
  0.83868644E+000
  0.83868646E+000
  0.83868652E+000
  0.83868661E+000
  0.83868672E+000
  0.83868685E+000
  0.83868700E+000
  0.83868718E+000
  0.83868737E+000
  0.83868758E+000
  0.83868781E+000
  0.83868805E+000
  0.83868830E+000
  0.83868857E+000
  0.83868884E+000
  0.83868912E+000
  0.83868941E+000
  0.83868971E+000
  0.83869001E+000
  0.83869032E+000
  0.83869063E+000
  0.83869095E+000
  0.83869126E+000
  0.83869157E+000
  0.83869189E+000
  0.83869220E+000
  0.83869251E+000
  0.83869281E+000
  0.83869311E+000
  0.83869341E+000
  0.83869370E+000
  0.83869399E+000
  0.83869426E+000
  0.83869454E+000
  0.83869480E+000
  0.83869505E+000
  0.83869530E+000
  0.83869554E+000
  0.83869576E+000
  0.83869598E+000
  0.83869619E+000
  0.83869639E+000
  0.83869658E+000
  0.83869676E+000
  0.83869694E+000
  0.83869710E+000
  0.83869725E+000
  0.83869739E+000
  0.83869753E+000
  0.83869765E+000
  0.83869777E+000
  0.83869788E+000
  0.83869798E+000
  0.83869807E+000
  0.83869816E+000
  0.83869823E+000
  0.83869831E+000
  0.83869837E+000
  0.83869843E+000
  0.83869848E+000
  0.83869853E+000
  0.83869858E+000
  0.83869861E+000
  0.83869865E+000
  0.83869868E+000
  0.83869871E+000
  0.83869873E+000
  0.83869875E+000
  0.83869877E+000
  0.83869878E+000
  0.83869880E+000
  0.83869881E+000
  0.83869882E+000
  0.83869882E+000
  0.83869883E+000
  0.83869883E+000
  0.83869883E+000
  0.83869883E+000
  0.83869883E+000
  0.83869882E+000
  0.83869881E+000
  0.83869880E+000
  0.83869879E+000
  0.83869877E+000
  0.83869875E+000
  0.83869874E+000
  0.83869873E+000
  0.83869873E+000
  0.83869876E+000
  0.83869879E+000
  0.83869879E+000
  0.83869868E+000
  0.83869840E+000
  0.83869804E+000
  0.83869829E+000
  0.83869907E+000
  0.83869034E+000
