  0.10274328E+000
  0.10276356E+000
  0.10275041E+000
  0.10272737E+000
  0.10270377E+000
  0.10268304E+000
  0.10266610E+000
  0.10265285E+000
  0.10264287E+000
  0.10263563E+000
  0.10263066E+000
  0.10262753E+000
  0.10262590E+000
  0.10262548E+000
  0.10262602E+000
  0.10262734E+000
  0.10262927E+000
  0.10263169E+000
  0.10263448E+000
  0.10263756E+000
  0.10264085E+000
  0.10264429E+000
  0.10264784E+000
  0.10265145E+000
  0.10265508E+000
  0.10265872E+000
  0.10266232E+000
  0.10266589E+000
  0.10266939E+000
  0.10267281E+000
  0.10267616E+000
  0.10267940E+000
  0.10268255E+000
  0.10268560E+000
  0.10268853E+000
  0.10269136E+000
  0.10269408E+000
  0.10269670E+000
  0.10269921E+000
  0.10270162E+000
  0.10270394E+000
  0.10270617E+000
  0.10270832E+000
  0.10271039E+000
  0.10271240E+000
  0.10271434E+000
  0.10271622E+000
  0.10271805E+000
  0.10271983E+000
  0.10272156E+000
  0.10272326E+000
  0.10272490E+000
  0.10272651E+000
  0.10272806E+000
  0.10272957E+000
  0.10273103E+000
  0.10273243E+000
  0.10273377E+000
  0.10273504E+000
  0.10273625E+000
  0.10273737E+000
  0.10273841E+000
  0.10273937E+000
  0.10274024E+000
  0.10274103E+000
  0.10274171E+000
  0.10274231E+000
  0.10274282E+000
  0.10274323E+000
  0.10274356E+000
  0.10274380E+000
  0.10274396E+000
  0.10274404E+000
  0.10274405E+000
  0.10274399E+000
  0.10274386E+000
  0.10274368E+000
  0.10274345E+000
  0.10274317E+000
  0.10274284E+000
  0.10274248E+000
  0.10274208E+000
  0.10274166E+000
  0.10274121E+000
  0.10274075E+000
  0.10274027E+000
  0.10273978E+000
  0.10273928E+000
  0.10273878E+000
  0.10273827E+000
  0.10273778E+000
  0.10273728E+000
  0.10273680E+000
  0.10273633E+000
  0.10273587E+000
  0.10273542E+000
  0.10273499E+000
  0.10273458E+000
  0.10273419E+000
  0.10273381E+000
  0.10273346E+000
  0.10273313E+000
  0.10273281E+000
  0.10273252E+000
  0.10273224E+000
  0.10273199E+000
  0.10273176E+000
  0.10273154E+000
  0.10273134E+000
  0.10273116E+000
  0.10273099E+000
  0.10273083E+000
  0.10273070E+000
  0.10273057E+000
  0.10273045E+000
  0.10273034E+000
  0.10273025E+000
  0.10273016E+000
  0.10273007E+000
  0.10273000E+000
  0.10272992E+000
  0.10272985E+000
  0.10272979E+000
  0.10272972E+000
  0.10272966E+000
  0.10272960E+000
  0.10272954E+000
  0.10272949E+000
  0.10272943E+000
  0.10272937E+000
  0.10272931E+000
  0.10272925E+000
  0.10272920E+000
  0.10272914E+000
  0.10272908E+000
  0.10272903E+000
  0.10272897E+000
  0.10272892E+000
  0.10272886E+000
  0.10272881E+000
  0.10272877E+000
  0.10272872E+000
  0.10272869E+000
  0.10272865E+000
  0.10272862E+000
  0.10272860E+000
  0.10272858E+000
  0.10272858E+000
  0.10272858E+000
  0.10272859E+000
  0.10272861E+000
  0.10272864E+000
  0.10272869E+000
  0.10272874E+000
  0.10272881E+000
  0.10272890E+000
  0.10272900E+000
  0.10272912E+000
  0.10272925E+000
  0.10272941E+000
  0.10272958E+000
  0.10272977E+000
  0.10272998E+000
  0.10273022E+000
  0.10273048E+000
  0.10273075E+000
  0.10273106E+000
  0.10273138E+000
  0.10273173E+000
  0.10273211E+000
  0.10273251E+000
  0.10273293E+000
  0.10273338E+000
  0.10273385E+000
  0.10273435E+000
  0.10273487E+000
  0.10273542E+000
  0.10273599E+000
  0.10273658E+000
  0.10273719E+000
  0.10273783E+000
  0.10273848E+000
  0.10273915E+000
  0.10273983E+000
  0.10274054E+000
  0.10274125E+000
  0.10274198E+000
  0.10274273E+000
  0.10274348E+000
  0.10274425E+000
  0.10274503E+000
  0.10274584E+000
  0.10274669E+000
  0.10274759E+000
  0.10274853E+000
  0.10274947E+000
  0.10275036E+000
  0.10275111E+000
  0.10275210E+000
  0.10275316E+000
