  0.14607529E+000
  0.14663137E+000
  0.14699039E+000
  0.14721288E+000
  0.14734099E+000
  0.14740397E+000
  0.14742232E+000
  0.14740985E+000
  0.14737770E+000
  0.14733509E+000
  0.14728669E+000
  0.14723551E+000
  0.14718360E+000
  0.14713232E+000
  0.14708259E+000
  0.14703493E+000
  0.14698968E+000
  0.14694729E+000
  0.14690780E+000
  0.14687097E+000
  0.14683662E+000
  0.14680458E+000
  0.14677466E+000
  0.14674673E+000
  0.14672064E+000
  0.14669623E+000
  0.14667338E+000
  0.14665197E+000
  0.14663188E+000
  0.14661300E+000
  0.14659523E+000
  0.14657847E+000
  0.14656263E+000
  0.14654761E+000
  0.14653335E+000
  0.14651976E+000
  0.14650677E+000
  0.14649431E+000
  0.14648232E+000
  0.14647073E+000
  0.14645950E+000
  0.14644857E+000
  0.14643789E+000
  0.14642742E+000
  0.14641712E+000
  0.14640696E+000
  0.14639691E+000
  0.14638695E+000
  0.14637706E+000
  0.14636722E+000
  0.14635743E+000
  0.14634769E+000
  0.14633799E+000
  0.14632835E+000
  0.14631876E+000
  0.14630924E+000
  0.14629981E+000
  0.14629047E+000
  0.14628125E+000
  0.14627214E+000
  0.14626318E+000
  0.14625438E+000
  0.14624573E+000
  0.14623726E+000
  0.14622897E+000
  0.14622088E+000
  0.14621297E+000
  0.14620526E+000
  0.14619775E+000
  0.14619044E+000
  0.14618332E+000
  0.14617641E+000
  0.14616969E+000
  0.14616318E+000
  0.14615686E+000
  0.14615075E+000
  0.14614484E+000
  0.14613915E+000
  0.14613367E+000
  0.14612841E+000
  0.14612338E+000
  0.14611857E+000
  0.14611401E+000
  0.14610968E+000
  0.14610560E+000
  0.14610177E+000
  0.14609819E+000
  0.14609486E+000
  0.14609178E+000
  0.14608895E+000
  0.14608636E+000
  0.14608402E+000
  0.14608192E+000
  0.14608006E+000
  0.14607842E+000
  0.14607700E+000
  0.14607580E+000
  0.14607479E+000
  0.14607399E+000
  0.14607336E+000
  0.14607292E+000
  0.14607263E+000
  0.14607250E+000
  0.14607252E+000
  0.14607266E+000
  0.14607293E+000
  0.14607331E+000
  0.14607380E+000
  0.14607437E+000
  0.14607503E+000
  0.14607576E+000
  0.14607655E+000
  0.14607740E+000
  0.14607830E+000
  0.14607924E+000
  0.14608021E+000
  0.14608120E+000
  0.14608221E+000
  0.14608323E+000
  0.14608425E+000
  0.14608527E+000
  0.14608628E+000
  0.14608727E+000
  0.14608825E+000
  0.14608920E+000
  0.14609012E+000
  0.14609101E+000
  0.14609186E+000
  0.14609266E+000
  0.14609343E+000
  0.14609415E+000
  0.14609482E+000
  0.14609544E+000
  0.14609602E+000
  0.14609654E+000
  0.14609700E+000
  0.14609742E+000
  0.14609778E+000
  0.14609810E+000
  0.14609836E+000
  0.14609857E+000
  0.14609874E+000
  0.14609886E+000
  0.14609893E+000
  0.14609896E+000
  0.14609896E+000
  0.14609891E+000
  0.14609883E+000
  0.14609871E+000
  0.14609857E+000
  0.14609840E+000
  0.14609820E+000
  0.14609798E+000
  0.14609774E+000
  0.14609748E+000
  0.14609721E+000
  0.14609693E+000
  0.14609664E+000
  0.14609634E+000
  0.14609604E+000
  0.14609573E+000
  0.14609543E+000
  0.14609512E+000
  0.14609482E+000
  0.14609453E+000
  0.14609424E+000
  0.14609396E+000
  0.14609369E+000
  0.14609343E+000
  0.14609318E+000
  0.14609294E+000
  0.14609272E+000
  0.14609251E+000
  0.14609231E+000
  0.14609213E+000
  0.14609196E+000
  0.14609181E+000
  0.14609168E+000
  0.14609155E+000
  0.14609144E+000
  0.14609135E+000
  0.14609127E+000
  0.14609120E+000
  0.14609115E+000
  0.14609111E+000
  0.14609108E+000
  0.14609108E+000
  0.14609110E+000
  0.14609114E+000
  0.14609121E+000
  0.14609127E+000
  0.14609130E+000
  0.14609124E+000
  0.14609103E+000
  0.14609073E+000
  0.14609064E+000
  0.14609134E+000
  0.14609316E+000
  0.14609428E+000
  0.14609339E+000
