  0.11721876E-004
  0.11724189E-004
  0.11722690E-004
  0.11720061E-004
  0.11717369E-004
  0.11715004E-004
  0.11713070E-004
  0.11711559E-004
  0.11710420E-004
  0.11709594E-004
  0.11709027E-004
  0.11708670E-004
  0.11708484E-004
  0.11708436E-004
  0.11708498E-004
  0.11708648E-004
  0.11708869E-004
  0.11709144E-004
  0.11709463E-004
  0.11709814E-004
  0.11710189E-004
  0.11710582E-004
  0.11710987E-004
  0.11711399E-004
  0.11711813E-004
  0.11712228E-004
  0.11712640E-004
  0.11713046E-004
  0.11713445E-004
  0.11713836E-004
  0.11714218E-004
  0.11714588E-004
  0.11714948E-004
  0.11715295E-004
  0.11715630E-004
  0.11715953E-004
  0.11716263E-004
  0.11716561E-004
  0.11716848E-004
  0.11717123E-004
  0.11717388E-004
  0.11717642E-004
  0.11717887E-004
  0.11718124E-004
  0.11718352E-004
  0.11718574E-004
  0.11718788E-004
  0.11718997E-004
  0.11719200E-004
  0.11719398E-004
  0.11719591E-004
  0.11719779E-004
  0.11719962E-004
  0.11720140E-004
  0.11720312E-004
  0.11720478E-004
  0.11720638E-004
  0.11720791E-004
  0.11720936E-004
  0.11721073E-004
  0.11721202E-004
  0.11721321E-004
  0.11721430E-004
  0.11721530E-004
  0.11721619E-004
  0.11721697E-004
  0.11721765E-004
  0.11721823E-004
  0.11721870E-004
  0.11721907E-004
  0.11721935E-004
  0.11721953E-004
  0.11721962E-004
  0.11721963E-004
  0.11721956E-004
  0.11721942E-004
  0.11721922E-004
  0.11721895E-004
  0.11721863E-004
  0.11721826E-004
  0.11721784E-004
  0.11721739E-004
  0.11721691E-004
  0.11721640E-004
  0.11721587E-004
  0.11721532E-004
  0.11721476E-004
  0.11721419E-004
  0.11721362E-004
  0.11721305E-004
  0.11721248E-004
  0.11721192E-004
  0.11721137E-004
  0.11721083E-004
  0.11721030E-004
  0.11720979E-004
  0.11720930E-004
  0.11720883E-004
  0.11720839E-004
  0.11720796E-004
  0.11720755E-004
  0.11720717E-004
  0.11720682E-004
  0.11720648E-004
  0.11720617E-004
  0.11720588E-004
  0.11720561E-004
  0.11720536E-004
  0.11720513E-004
  0.11720493E-004
  0.11720473E-004
  0.11720456E-004
  0.11720440E-004
  0.11720425E-004
  0.11720412E-004
  0.11720400E-004
  0.11720389E-004
  0.11720379E-004
  0.11720369E-004
  0.11720360E-004
  0.11720352E-004
  0.11720344E-004
  0.11720336E-004
  0.11720329E-004
  0.11720322E-004
  0.11720315E-004
  0.11720309E-004
  0.11720302E-004
  0.11720295E-004
  0.11720289E-004
  0.11720282E-004
  0.11720276E-004
  0.11720269E-004
  0.11720262E-004
  0.11720256E-004
  0.11720250E-004
  0.11720243E-004
  0.11720237E-004
  0.11720231E-004
  0.11720225E-004
  0.11720220E-004
  0.11720215E-004
  0.11720211E-004
  0.11720207E-004
  0.11720203E-004
  0.11720201E-004
  0.11720199E-004
  0.11720198E-004
  0.11720198E-004
  0.11720200E-004
  0.11720202E-004
  0.11720206E-004
  0.11720211E-004
  0.11720217E-004
  0.11720225E-004
  0.11720235E-004
  0.11720247E-004
  0.11720260E-004
  0.11720276E-004
  0.11720293E-004
  0.11720313E-004
  0.11720335E-004
  0.11720359E-004
  0.11720386E-004
  0.11720415E-004
  0.11720447E-004
  0.11720481E-004
  0.11720518E-004
  0.11720558E-004
  0.11720601E-004
  0.11720647E-004
  0.11720695E-004
  0.11720746E-004
  0.11720800E-004
  0.11720857E-004
  0.11720917E-004
  0.11720979E-004
  0.11721044E-004
  0.11721111E-004
  0.11721181E-004
  0.11721253E-004
  0.11721328E-004
  0.11721404E-004
  0.11721483E-004
  0.11721563E-004
  0.11721645E-004
  0.11721728E-004
  0.11721812E-004
  0.11721898E-004
  0.11721986E-004
  0.11722075E-004
  0.11722168E-004
  0.11722265E-004
  0.11722367E-004
  0.11722475E-004
  0.11722582E-004
  0.11722683E-004
  0.11722769E-004
  0.11722882E-004
  0.11723003E-004
