  0.20669794E+000
  0.20667137E+000
  0.20665084E+000
  0.20663505E+000
  0.20662303E+000
  0.20661407E+000
  0.20660758E+000
  0.20660309E+000
  0.20660024E+000
  0.20659871E+000
  0.20659826E+000
  0.20659869E+000
  0.20659982E+000
  0.20660152E+000
  0.20660367E+000
  0.20660618E+000
  0.20660898E+000
  0.20661200E+000
  0.20661520E+000
  0.20661852E+000
  0.20662194E+000
  0.20662542E+000
  0.20662895E+000
  0.20663250E+000
  0.20663606E+000
  0.20663961E+000
  0.20664315E+000
  0.20664666E+000
  0.20665013E+000
  0.20665356E+000
  0.20665695E+000
  0.20666028E+000
  0.20666356E+000
  0.20666678E+000
  0.20666994E+000
  0.20667303E+000
  0.20667606E+000
  0.20667901E+000
  0.20668188E+000
  0.20668468E+000
  0.20668740E+000
  0.20669004E+000
  0.20669259E+000
  0.20669504E+000
  0.20669741E+000
  0.20669967E+000
  0.20670184E+000
  0.20670390E+000
  0.20670585E+000
  0.20670769E+000
  0.20670941E+000
  0.20671101E+000
  0.20671248E+000
  0.20671383E+000
  0.20671504E+000
  0.20671612E+000
  0.20671706E+000
  0.20671787E+000
  0.20671853E+000
  0.20671905E+000
  0.20671944E+000
  0.20671968E+000
  0.20671978E+000
  0.20671975E+000
  0.20671958E+000
  0.20671929E+000
  0.20671887E+000
  0.20671833E+000
  0.20671768E+000
  0.20671692E+000
  0.20671605E+000
  0.20671510E+000
  0.20671405E+000
  0.20671293E+000
  0.20671174E+000
  0.20671049E+000
  0.20670918E+000
  0.20670782E+000
  0.20670643E+000
  0.20670501E+000
  0.20670357E+000
  0.20670211E+000
  0.20670065E+000
  0.20669919E+000
  0.20669773E+000
  0.20669629E+000
  0.20669487E+000
  0.20669348E+000
  0.20669212E+000
  0.20669080E+000
  0.20668952E+000
  0.20668828E+000
  0.20668709E+000
  0.20668595E+000
  0.20668487E+000
  0.20668384E+000
  0.20668287E+000
  0.20668196E+000
  0.20668110E+000
  0.20668031E+000
  0.20667957E+000
  0.20667889E+000
  0.20667827E+000
  0.20667770E+000
  0.20667719E+000
  0.20667672E+000
  0.20667631E+000
  0.20667595E+000
  0.20667563E+000
  0.20667535E+000
  0.20667511E+000
  0.20667491E+000
  0.20667474E+000
  0.20667461E+000
  0.20667450E+000
  0.20667441E+000
  0.20667434E+000
  0.20667430E+000
  0.20667426E+000
  0.20667424E+000
  0.20667424E+000
  0.20667424E+000
  0.20667424E+000
  0.20667425E+000
  0.20667426E+000
  0.20667427E+000
  0.20667428E+000
  0.20667428E+000
  0.20667428E+000
  0.20667428E+000
  0.20667427E+000
  0.20667425E+000
  0.20667423E+000
  0.20667420E+000
  0.20667416E+000
  0.20667412E+000
  0.20667407E+000
  0.20667401E+000
  0.20667395E+000
  0.20667389E+000
  0.20667382E+000
  0.20667376E+000
  0.20667369E+000
  0.20667363E+000
  0.20667356E+000
  0.20667351E+000
  0.20667346E+000
  0.20667341E+000
  0.20667338E+000
  0.20667336E+000
  0.20667336E+000
  0.20667337E+000
  0.20667339E+000
  0.20667344E+000
  0.20667351E+000
  0.20667361E+000
  0.20667373E+000
  0.20667388E+000
  0.20667406E+000
  0.20667428E+000
  0.20667453E+000
  0.20667481E+000
  0.20667514E+000
  0.20667550E+000
  0.20667591E+000
  0.20667636E+000
  0.20667686E+000
  0.20667740E+000
  0.20667800E+000
  0.20667864E+000
  0.20667933E+000
  0.20668007E+000
  0.20668086E+000
  0.20668171E+000
  0.20668260E+000
  0.20668355E+000
  0.20668454E+000
  0.20668559E+000
  0.20668668E+000
  0.20668782E+000
  0.20668900E+000
  0.20669023E+000
  0.20669149E+000
  0.20669280E+000
  0.20669414E+000
  0.20669551E+000
  0.20669692E+000
  0.20669836E+000
  0.20669982E+000
  0.20670132E+000
  0.20670285E+000
  0.20670442E+000
  0.20670604E+000
  0.20670772E+000
  0.20670945E+000
  0.20671124E+000
  0.20671307E+000
  0.20671493E+000
  0.20671700E+000
  0.20671911E+000
