  0.18640641E+000
  0.19214639E+000
  0.19243366E+000
  0.19187601E+000
  0.19123378E+000
  0.19064462E+000
  0.19014295E+000
  0.18971527E+000
  0.18935020E+000
  0.18903242E+000
  0.18875300E+000
  0.18850819E+000
  0.18829425E+000
  0.18811135E+000
  0.18795435E+000
  0.18781792E+000
  0.18769925E+000
  0.18759503E+000
  0.18750364E+000
  0.18742390E+000
  0.18735444E+000
  0.18729395E+000
  0.18724127E+000
  0.18719536E+000
  0.18715531E+000
  0.18712031E+000
  0.18708966E+000
  0.18706273E+000
  0.18703897E+000
  0.18701788E+000
  0.18699905E+000
  0.18698208E+000
  0.18696664E+000
  0.18695243E+000
  0.18693918E+000
  0.18692668E+000
  0.18691473E+000
  0.18690316E+000
  0.18689183E+000
  0.18688063E+000
  0.18686945E+000
  0.18685823E+000
  0.18684689E+000
  0.18683540E+000
  0.18682373E+000
  0.18681187E+000
  0.18679980E+000
  0.18678754E+000
  0.18677509E+000
  0.18676247E+000
  0.18674972E+000
  0.18673685E+000
  0.18672391E+000
  0.18671092E+000
  0.18669794E+000
  0.18668499E+000
  0.18667211E+000
  0.18665935E+000
  0.18664674E+000
  0.18663432E+000
  0.18662211E+000
  0.18661016E+000
  0.18659848E+000
  0.18658710E+000
  0.18657603E+000
  0.18656529E+000
  0.18655489E+000
  0.18654484E+000
  0.18653514E+000
  0.18652579E+000
  0.18651680E+000
  0.18650817E+000
  0.18649989E+000
  0.18649197E+000
  0.18648441E+000
  0.18647720E+000
  0.18647035E+000
  0.18646386E+000
  0.18645773E+000
  0.18645195E+000
  0.18644654E+000
  0.18644149E+000
  0.18643679E+000
  0.18643245E+000
  0.18642845E+000
  0.18642481E+000
  0.18642151E+000
  0.18641854E+000
  0.18641589E+000
  0.18641357E+000
  0.18641154E+000
  0.18640981E+000
  0.18640837E+000
  0.18640719E+000
  0.18640627E+000
  0.18640560E+000
  0.18640515E+000
  0.18640492E+000
  0.18640489E+000
  0.18640505E+000
  0.18640538E+000
  0.18640587E+000
  0.18640650E+000
  0.18640726E+000
  0.18640814E+000
  0.18640913E+000
  0.18641020E+000
  0.18641136E+000
  0.18641259E+000
  0.18641388E+000
  0.18641522E+000
  0.18641660E+000
  0.18641801E+000
  0.18641945E+000
  0.18642090E+000
  0.18642235E+000
  0.18642381E+000
  0.18642526E+000
  0.18642670E+000
  0.18642812E+000
  0.18642951E+000
  0.18643088E+000
  0.18643220E+000
  0.18643349E+000
  0.18643473E+000
  0.18643592E+000
  0.18643706E+000
  0.18643814E+000
  0.18643917E+000
  0.18644013E+000
  0.18644103E+000
  0.18644186E+000
  0.18644263E+000
  0.18644334E+000
  0.18644398E+000
  0.18644455E+000
  0.18644505E+000
  0.18644549E+000
  0.18644587E+000
  0.18644618E+000
  0.18644643E+000
  0.18644662E+000
  0.18644675E+000
  0.18644682E+000
  0.18644684E+000
  0.18644681E+000
  0.18644673E+000
  0.18644660E+000
  0.18644643E+000
  0.18644621E+000
  0.18644595E+000
  0.18644566E+000
  0.18644533E+000
  0.18644497E+000
  0.18644458E+000
  0.18644417E+000
  0.18644373E+000
  0.18644327E+000
  0.18644278E+000
  0.18644228E+000
  0.18644176E+000
  0.18644123E+000
  0.18644069E+000
  0.18644013E+000
  0.18643957E+000
  0.18643899E+000
  0.18643842E+000
  0.18643783E+000
  0.18643724E+000
  0.18643665E+000
  0.18643605E+000
  0.18643546E+000
  0.18643486E+000
  0.18643426E+000
  0.18643367E+000
  0.18643307E+000
  0.18643248E+000
  0.18643189E+000
  0.18643130E+000
  0.18643072E+000
  0.18643013E+000
  0.18642956E+000
  0.18642898E+000
  0.18642841E+000
  0.18642785E+000
  0.18642729E+000
  0.18642675E+000
  0.18642623E+000
  0.18642574E+000
  0.18642526E+000
  0.18642476E+000
  0.18642418E+000
  0.18642339E+000
  0.18642227E+000
  0.18642087E+000
  0.18641972E+000
  0.18641992E+000
  0.18642206E+000
  0.18642219E+000
  0.18641637E+000
