  0.86221427E+000
  0.86246205E+000
  0.86263134E+000
  0.86275310E+000
  0.86284287E+000
  0.86290979E+000
  0.86295975E+000
  0.86299680E+000
  0.86302384E+000
  0.86304304E+000
  0.86305606E+000
  0.86306415E+000
  0.86306830E+000
  0.86306932E+000
  0.86306783E+000
  0.86306435E+000
  0.86305930E+000
  0.86305301E+000
  0.86304575E+000
  0.86303773E+000
  0.86302913E+000
  0.86302007E+000
  0.86301069E+000
  0.86300106E+000
  0.86299126E+000
  0.86298134E+000
  0.86297135E+000
  0.86296132E+000
  0.86295127E+000
  0.86294122E+000
  0.86293117E+000
  0.86292113E+000
  0.86291109E+000
  0.86290105E+000
  0.86289099E+000
  0.86288089E+000
  0.86287075E+000
  0.86286053E+000
  0.86285023E+000
  0.86283982E+000
  0.86282927E+000
  0.86281857E+000
  0.86280770E+000
  0.86279664E+000
  0.86278538E+000
  0.86277390E+000
  0.86276221E+000
  0.86275028E+000
  0.86273812E+000
  0.86272574E+000
  0.86271314E+000
  0.86270033E+000
  0.86268733E+000
  0.86267415E+000
  0.86266081E+000
  0.86264734E+000
  0.86263377E+000
  0.86262011E+000
  0.86260640E+000
  0.86259266E+000
  0.86257893E+000
  0.86256521E+000
  0.86255155E+000
  0.86253796E+000
  0.86252447E+000
  0.86251108E+000
  0.86249783E+000
  0.86248473E+000
  0.86247179E+000
  0.86245903E+000
  0.86244645E+000
  0.86243407E+000
  0.86242191E+000
  0.86240997E+000
  0.86239827E+000
  0.86238683E+000
  0.86237567E+000
  0.86236479E+000
  0.86235423E+000
  0.86234399E+000
  0.86233410E+000
  0.86232458E+000
  0.86231544E+000
  0.86230670E+000
  0.86229837E+000
  0.86229048E+000
  0.86228302E+000
  0.86227601E+000
  0.86226946E+000
  0.86226336E+000
  0.86225771E+000
  0.86225252E+000
  0.86224778E+000
  0.86224349E+000
  0.86223963E+000
  0.86223619E+000
  0.86223315E+000
  0.86223052E+000
  0.86222826E+000
  0.86222636E+000
  0.86222480E+000
  0.86222357E+000
  0.86222265E+000
  0.86222201E+000
  0.86222163E+000
  0.86222150E+000
  0.86222159E+000
  0.86222190E+000
  0.86222239E+000
  0.86222305E+000
  0.86222386E+000
  0.86222481E+000
  0.86222587E+000
  0.86222704E+000
  0.86222830E+000
  0.86222963E+000
  0.86223102E+000
  0.86223246E+000
  0.86223392E+000
  0.86223541E+000
  0.86223691E+000
  0.86223840E+000
  0.86223988E+000
  0.86224134E+000
  0.86224277E+000
  0.86224416E+000
  0.86224550E+000
  0.86224679E+000
  0.86224802E+000
  0.86224919E+000
  0.86225029E+000
  0.86225131E+000
  0.86225226E+000
  0.86225313E+000
  0.86225392E+000
  0.86225463E+000
  0.86225525E+000
  0.86225580E+000
  0.86225626E+000
  0.86225665E+000
  0.86225695E+000
  0.86225718E+000
  0.86225734E+000
  0.86225743E+000
  0.86225745E+000
  0.86225740E+000
  0.86225730E+000
  0.86225714E+000
  0.86225692E+000
  0.86225666E+000
  0.86225636E+000
  0.86225602E+000
  0.86225564E+000
  0.86225523E+000
  0.86225479E+000
  0.86225434E+000
  0.86225386E+000
  0.86225338E+000
  0.86225288E+000
  0.86225238E+000
  0.86225187E+000
  0.86225137E+000
  0.86225087E+000
  0.86225038E+000
  0.86224990E+000
  0.86224943E+000
  0.86224897E+000
  0.86224853E+000
  0.86224812E+000
  0.86224772E+000
  0.86224734E+000
  0.86224699E+000
  0.86224666E+000
  0.86224636E+000
  0.86224608E+000
  0.86224583E+000
  0.86224560E+000
  0.86224540E+000
  0.86224522E+000
  0.86224506E+000
  0.86224494E+000
  0.86224483E+000
  0.86224475E+000
  0.86224469E+000
  0.86224466E+000
  0.86224465E+000
  0.86224468E+000
  0.86224474E+000
  0.86224484E+000
  0.86224497E+000
  0.86224510E+000
  0.86224520E+000
  0.86224520E+000
  0.86224505E+000
  0.86224483E+000
  0.86224489E+000
  0.86224585E+000
  0.86224795E+000
  0.86224917E+000
  0.86224744E+000
