  0.81993219E+000
  0.81993771E+000
  0.81994172E+000
  0.81994466E+000
  0.81994685E+000
  0.81994849E+000
  0.81994972E+000
  0.81995065E+000
  0.81995133E+000
  0.81995184E+000
  0.81995221E+000
  0.81995247E+000
  0.81995265E+000
  0.81995276E+000
  0.81995282E+000
  0.81995285E+000
  0.81995284E+000
  0.81995281E+000
  0.81995277E+000
  0.81995271E+000
  0.81995265E+000
  0.81995257E+000
  0.81995250E+000
  0.81995242E+000
  0.81995234E+000
  0.81995227E+000
  0.81995219E+000
  0.81995212E+000
  0.81995205E+000
  0.81995198E+000
  0.81995192E+000
  0.81995186E+000
  0.81995180E+000
  0.81995175E+000
  0.81995170E+000
  0.81995165E+000
  0.81995161E+000
  0.81995158E+000
  0.81995154E+000
  0.81995152E+000
  0.81995149E+000
  0.81995148E+000
  0.81995146E+000
  0.81995146E+000
  0.81995145E+000
  0.81995146E+000
  0.81995147E+000
  0.81995148E+000
  0.81995151E+000
  0.81995154E+000
  0.81995157E+000
  0.81995162E+000
  0.81995167E+000
  0.81995173E+000
  0.81995180E+000
  0.81995187E+000
  0.81995196E+000
  0.81995205E+000
  0.81995215E+000
  0.81995226E+000
  0.81995238E+000
  0.81995251E+000
  0.81995265E+000
  0.81995279E+000
  0.81995295E+000
  0.81995311E+000
  0.81995328E+000
  0.81995346E+000
  0.81995364E+000
  0.81995383E+000
  0.81995403E+000
  0.81995423E+000
  0.81995444E+000
  0.81995466E+000
  0.81995488E+000
  0.81995510E+000
  0.81995532E+000
  0.81995554E+000
  0.81995577E+000
  0.81995599E+000
  0.81995622E+000
  0.81995644E+000
  0.81995666E+000
  0.81995687E+000
  0.81995708E+000
  0.81995729E+000
  0.81995749E+000
  0.81995768E+000
  0.81995786E+000
  0.81995804E+000
  0.81995821E+000
  0.81995836E+000
  0.81995851E+000
  0.81995865E+000
  0.81995878E+000
  0.81995890E+000
  0.81995900E+000
  0.81995910E+000
  0.81995918E+000
  0.81995926E+000
  0.81995932E+000
  0.81995937E+000
  0.81995940E+000
  0.81995943E+000
  0.81995944E+000
  0.81995945E+000
  0.81995944E+000
  0.81995942E+000
  0.81995939E+000
  0.81995934E+000
  0.81995929E+000
  0.81995922E+000
  0.81995914E+000
  0.81995905E+000
  0.81995895E+000
  0.81995884E+000
  0.81995872E+000
  0.81995859E+000
  0.81995844E+000
  0.81995829E+000
  0.81995812E+000
  0.81995795E+000
  0.81995776E+000
  0.81995756E+000
  0.81995736E+000
  0.81995714E+000
  0.81995691E+000
  0.81995668E+000
  0.81995643E+000
  0.81995617E+000
  0.81995591E+000
  0.81995564E+000
  0.81995536E+000
  0.81995506E+000
  0.81995477E+000
  0.81995446E+000
  0.81995415E+000
  0.81995382E+000
  0.81995350E+000
  0.81995316E+000
  0.81995282E+000
  0.81995247E+000
  0.81995212E+000
  0.81995176E+000
  0.81995140E+000
  0.81995103E+000
  0.81995065E+000
  0.81995028E+000
  0.81994990E+000
  0.81994952E+000
  0.81994913E+000
  0.81994875E+000
  0.81994836E+000
  0.81994797E+000
  0.81994758E+000
  0.81994719E+000
  0.81994680E+000
  0.81994641E+000
  0.81994603E+000
  0.81994564E+000
  0.81994526E+000
  0.81994488E+000
  0.81994450E+000
  0.81994413E+000
  0.81994376E+000
  0.81994339E+000
  0.81994303E+000
  0.81994268E+000
  0.81994233E+000
  0.81994199E+000
  0.81994166E+000
  0.81994134E+000
  0.81994102E+000
  0.81994071E+000
  0.81994042E+000
  0.81994013E+000
  0.81993985E+000
  0.81993959E+000
  0.81993933E+000
  0.81993910E+000
  0.81993887E+000
  0.81993866E+000
  0.81993847E+000
  0.81993829E+000
  0.81993813E+000
  0.81993799E+000
  0.81993787E+000
  0.81993777E+000
  0.81993769E+000
  0.81993764E+000
  0.81993761E+000
  0.81993761E+000
  0.81993764E+000
  0.81993770E+000
  0.81993779E+000
  0.81993791E+000
  0.81993806E+000
  0.81993824E+000
  0.81993847E+000
  0.81993873E+000
