  0.16436132E+000  0.20905840E+000  0.39212814E+000  0.58117402E+000  0.91404310E+000  0.10468978E+001  0.15032356E+001  0.28049335E+001  0.47089608E+001  0.67450117E+001  0.96782193E+001
  0.16433203E+000  0.20892862E+000  0.39219584E+000  0.58119353E+000  0.91404197E+000  0.10468422E+001  0.15018445E+001  0.27841980E+001  0.47068798E+001  0.66925341E+001  0.96386597E+001
  0.16430200E+000  0.20890027E+000  0.39222270E+000  0.58141855E+000  0.91402705E+000  0.10468768E+001  0.15018594E+001  0.27688946E+001  0.47066994E+001  0.66894756E+001  0.96009614E+001
  0.16427776E+000  0.20877350E+000  0.39241183E+000  0.58160992E+000  0.91403430E+000  0.10468100E+001  0.15021216E+001  0.27572840E+001  0.47064713E+001  0.66874265E+001  0.96032030E+001
  0.16425143E+000  0.20875516E+000  0.39184895E+000  0.58187188E+000  0.91400995E+000  0.10468584E+001  0.15020874E+001  0.27479777E+001  0.47064629E+001  0.66856931E+001  0.96029370E+001
  0.16422459E+000  0.20885004E+000  0.39170754E+000  0.58204411E+000  0.91400513E+000  0.10467714E+001  0.15021229E+001  0.27410009E+001  0.47064485E+001  0.66832561E+001  0.96049221E+001
  0.16419995E+000  0.20867169E+000  0.39162981E+000  0.58233332E+000  0.91399003E+000  0.10467539E+001  0.15022883E+001  0.27351022E+001  0.47041314E+001  0.66839008E+001  0.96060396E+001
  0.16417359E+000  0.20860182E+000  0.39159219E+000  0.58255571E+000  0.91404459E+000  0.10468770E+001  0.15021885E+001  0.27304782E+001  0.47036152E+001  0.66848143E+001  0.96068426E+001
  0.16415431E+000  0.20860318E+000  0.39138033E+000  0.58259674E+000  0.91404104E+000  0.10467869E+001  0.15021984E+001  0.27265274E+001  0.47036010E+001  0.66855186E+001  0.96076351E+001
  0.16413774E+000  0.20859329E+000  0.39148999E+000  0.58287934E+000  0.91404202E+000  0.10468184E+001  0.15022206E+001  0.27233259E+001  0.47034275E+001  0.66860683E+001  0.96118952E+001
  0.16412500E+000  0.20857892E+000  0.39162595E+000  0.58297539E+000  0.91403397E+000  0.10468800E+001  0.15023486E+001  0.27206410E+001  0.47032805E+001  0.66865077E+001  0.96118330E+001
  0.16411834E+000  0.20859241E+000  0.39161472E+000  0.58305751E+000  0.91404480E+000  0.10468699E+001  0.15024598E+001  0.27184932E+001  0.47032733E+001  0.66888519E+001  0.96107357E+001
  0.16411358E+000  0.20863207E+000  0.39155045E+000  0.58319177E+000  0.91404085E+000  0.10468614E+001  0.15025635E+001  0.27167427E+001  0.47030644E+001  0.66910743E+001  0.96115222E+001
  0.16411300E+000  0.20864856E+000  0.39161178E+000  0.58332171E+000  0.91402059E+000  0.10468535E+001  0.15026527E+001  0.27152680E+001  0.47030670E+001  0.66889270E+001  0.96109782E+001
  0.16410999E+000  0.20867287E+000  0.39162760E+000  0.58328858E+000  0.91403711E+000  0.10468469E+001  0.15027347E+001  0.27139977E+001  0.47030354E+001  0.66896209E+001  0.96116282E+001
  0.16410579E+000  0.20870972E+000  0.39175625E+000  0.58346296E+000  0.91401594E+000  0.10468411E+001  0.15028045E+001  0.27129840E+001  0.47030368E+001  0.66883439E+001  0.96117206E+001
  0.16409660E+000  0.20871704E+000  0.39167700E+000  0.58349011E+000  0.91402789E+000  0.10468669E+001  0.15027472E+001  0.27121040E+001  0.47030116E+001  0.66927203E+001  0.96113685E+001
  0.16408921E+000  0.20866927E+000  0.39158479E+000  0.58357993E+000  0.91404389E+000  0.10468530E+001  0.15027996E+001  0.27114367E+001  0.47030120E+001  0.66915322E+001  0.96117848E+001
  0.16408257E+000  0.20870080E+000  0.39152244E+000  0.58361515E+000  0.91403605E+000  0.10468323E+001  0.15028453E+001  0.27105104E+001  0.47029741E+001  0.66904851E+001  0.96117953E+001
  0.16407689E+000  0.20870654E+000  0.39145972E+000  0.58365167E+000  0.91404115E+000  0.10468516E+001  0.15028852E+001  0.27103428E+001  0.47028648E+001  0.66895395E+001  0.96118042E+001
  0.16407304E+000  0.20868808E+000  0.39143878E+000  0.58369403E+000  0.91403820E+000  0.10468606E+001  0.15029201E+001  0.27099125E+001  0.47022245E+001  0.66890618E+001  0.96118115E+001
  0.16406884E+000  0.20869571E+000  0.39141264E+000  0.58372186E+000  0.91403833E+000  0.10468207E+001  0.15029507E+001  0.27096199E+001  0.47022754E+001  0.66890090E+001  0.96119082E+001
  0.16406530E+000  0.20866368E+000  0.39141917E+000  0.58371877E+000  0.91403682E+000  0.10468545E+001  0.15029775E+001  0.27093333E+001  0.47024801E+001  0.66889958E+001  0.96120086E+001
  0.16406246E+000  0.20867328E+000  0.39141740E+000  0.58374867E+000  0.91404114E+000  0.10468171E+001  0.15030011E+001  0.27091003E+001  0.47023224E+001  0.66890855E+001  0.96120928E+001
  0.16405997E+000  0.20869010E+000  0.39143078E+000  0.58378404E+000  0.91404468E+000  0.10468157E+001  0.15030220E+001  0.27089360E+001  0.47022263E+001  0.66891654E+001  0.96121632E+001
  0.16405877E+000  0.20866036E+000  0.39144352E+000  0.58376938E+000  0.91404037E+000  0.10468544E+001  0.15030406E+001  0.27088030E+001  0.47022133E+001  0.66892369E+001  0.96122219E+001
  0.16405795E+000  0.20867630E+000  0.39145612E+000  0.58379646E+000  0.91403791E+000  0.10468135E+001  0.15030571E+001  0.27086863E+001  0.47021283E+001  0.66893013E+001  0.96122705E+001
  0.16405738E+000  0.20869018E+000  0.39146417E+000  0.58375441E+000  0.91404153E+000  0.10468127E+001  0.15030719E+001  0.27085816E+001  0.47021091E+001  0.66893597E+001  0.96123105E+001
  0.16405696E+000  0.20867208E+000  0.39147132E+000  0.58384149E+000  0.91403456E+000  0.10468120E+001  0.15030852E+001  0.27085464E+001  0.47021769E+001  0.66894132E+001  0.96123433E+001
  0.16405666E+000  0.20867756E+000  0.39147774E+000  0.58383662E+000  0.91403349E+000  0.10468245E+001  0.15030974E+001  0.27084604E+001  0.47022274E+001  0.66894625E+001  0.96123707E+001
  0.16405647E+000  0.20868467E+000  0.39148350E+000  0.58383358E+000  0.91403275E+000  0.10468368E+001  0.15031085E+001  0.27084452E+001  0.47022876E+001  0.66895084E+001  0.96123948E+001
  0.16405636E+000  0.20868661E+000  0.39148837E+000  0.58386646E+000  0.91403225E+000  0.10468479E+001  0.15031189E+001  0.27084368E+001  0.47023353E+001  0.66895516E+001  0.96124140E+001
  0.16405633E+000  0.20864325E+000  0.39149246E+000  0.58387442E+000  0.91403327E+000  0.10468579E+001  0.15031285E+001  0.27083654E+001  0.47023879E+001  0.66895927E+001  0.96124292E+001
  0.16405635E+000  0.20864335E+000  0.39149609E+000  0.58387560E+000  0.91403448E+000  0.10468100E+001  0.15031377E+001  0.27083677E+001  0.47024215E+001  0.66896321E+001  0.96124411E+001
  0.16405643E+000  0.20864346E+000  0.39149933E+000  0.58388390E+000  0.91403561E+000  0.10468310E+001  0.15031464E+001  0.27083739E+001  0.47024786E+001  0.66896702E+001  0.96124502E+001
  0.16405654E+000  0.20864357E+000  0.39150227E+000  0.58389240E+000  0.91403668E+000  0.10468531E+001  0.15031548E+001  0.27083833E+001  0.47025266E+001  0.66897075E+001  0.96124572E+001
  0.16405669E+000  0.20864370E+000  0.39151025E+000  0.58389080E+000  0.91403770E+000  0.10468094E+001  0.15031629E+001  0.27083952E+001  0.47025564E+001  0.66897441E+001  0.96124624E+001
  0.16405686E+000  0.20864382E+000  0.39150747E+000  0.58389646E+000  0.91403869E+000  0.10468093E+001  0.15031709E+001  0.27084093E+001  0.47025880E+001  0.66897803E+001  0.96124662E+001
  0.16405705E+000  0.20864396E+000  0.39150980E+000  0.58390231E+000  0.91403966E+000  0.10468092E+001  0.15031700E+001  0.27084249E+001  0.47024643E+001  0.66898162E+001  0.96124689E+001
  0.16405725E+000  0.20864409E+000  0.39152337E+000  0.58390833E+000  0.91404061E+000  0.10468287E+001  0.15031652E+001  0.27084420E+001  0.47024564E+001  0.66898521E+001  0.96124707E+001
  0.16405747E+000  0.20864423E+000  0.39152295E+000  0.58391451E+000  0.91404156E+000  0.10468483E+001  0.15031595E+001  0.27084601E+001  0.47024701E+001  0.66898881E+001  0.96124719E+001
  0.16405769E+000  0.20864437E+000  0.39151616E+000  0.58391640E+000  0.91404250E+000  0.10468090E+001  0.15031529E+001  0.27084792E+001  0.47022820E+001  0.66899240E+001  0.96124725E+001
  0.16405792E+000  0.20864458E+000  0.39151808E+000  0.58388945E+000  0.91404344E+000  0.10468089E+001  0.15031453E+001  0.27084991E+001  0.47022962E+001  0.66899601E+001  0.96124727E+001
  0.16405815E+000  0.20865067E+000  0.39151994E+000  0.58389340E+000  0.91404438E+000  0.10468089E+001  0.15031367E+001  0.27084436E+001  0.47023079E+001  0.66899962E+001  0.96124726E+001
  0.16405904E+000  0.20865681E+000  0.39152172E+000  0.58391391E+000  0.91404533E+000  0.10468088E+001  0.15031271E+001  0.27084636E+001  0.47023176E+001  0.66900325E+001  0.96124722E+001
  0.16405860E+000  0.20866301E+000  0.39152342E+000  0.58393454E+000  0.91403740E+000  0.10468088E+001  0.15031165E+001  0.27084842E+001  0.47023378E+001  0.66900687E+001  0.96124715E+001
  0.16405882E+000  0.20866928E+000  0.39152506E+000  0.58393459E+000  0.91403792E+000  0.10468087E+001  0.15031048E+001  0.27085054E+001  0.47023624E+001  0.66901049E+001  0.96124707E+001
  0.16405903E+000  0.20867563E+000  0.39152661E+000  0.58391457E+000  0.91403846E+000  0.10468087E+001  0.15030920E+001  0.27085270E+001  0.47023914E+001  0.66901410E+001  0.96124696E+001
  0.16405924E+000  0.20868203E+000  0.39152844E+000  0.58392723E+000  0.91403900E+000  0.10468102E+001  0.15030782E+001  0.27085489E+001  0.47024250E+001  0.66901769E+001  0.96124683E+001
  0.16405944E+000  0.20866128E+000  0.39153064E+000  0.58393994E+000  0.91403954E+000  0.10468172E+001  0.15030633E+001  0.27085710E+001  0.47023741E+001  0.66902125E+001  0.96124669E+001
  0.16405963E+000  0.20866653E+000  0.39153312E+000  0.58395266E+000  0.91404009E+000  0.10468242E+001  0.15030474E+001  0.27085934E+001  0.47024740E+001  0.66902478E+001  0.96124652E+001
  0.16405981E+000  0.20867180E+000  0.39153796E+000  0.58396537E+000  0.91404064E+000  0.10468312E+001  0.15030303E+001  0.27086159E+001  0.47024803E+001  0.66902827E+001  0.96124633E+001
  0.16405998E+000  0.20867705E+000  0.39154593E+000  0.58390740E+000  0.91404119E+000  0.10468381E+001  0.15030123E+001  0.27086385E+001  0.47024828E+001  0.66903170E+001  0.96124611E+001
  0.16406014E+000  0.20868229E+000  0.39154422E+000  0.58392304E+000  0.91404173E+000  0.10468448E+001  0.15029932E+001  0.27086610E+001  0.47024816E+001  0.66903508E+001  0.96124587E+001
  0.16406029E+000  0.20868344E+000  0.39154478E+000  0.58394302E+000  0.91404228E+000  0.10468515E+001  0.15029753E+001  0.27086833E+001  0.47024764E+001  0.66903839E+001  0.96124561E+001
  0.16406043E+000  0.20867741E+000  0.39154384E+000  0.58396266E+000  0.91404281E+000  0.10468581E+001  0.15029569E+001  0.27087054E+001  0.47024007E+001  0.66904162E+001  0.96124532E+001
  0.16406056E+000  0.20868109E+000  0.39154451E+000  0.58398192E+000  0.91404335E+000  0.10468645E+001  0.15029377E+001  0.27087272E+001  0.47022901E+001  0.66904478E+001  0.96124500E+001
  0.16406069E+000  0.20868471E+000  0.39154550E+000  0.58392554E+000  0.91404387E+000  0.10468081E+001  0.15029177E+001  0.27087489E+001  0.47022232E+001  0.66904786E+001  0.96124466E+001
  0.16406080E+000  0.20864776E+000  0.39154680E+000  0.58392979E+000  0.91404439E+000  0.10468081E+001  0.15028971E+001  0.27087702E+001  0.47021501E+001  0.66905085E+001  0.96124430E+001
  0.16406090E+000  0.20864783E+000  0.39154839E+000  0.58393394E+000  0.91404489E+000  0.10468080E+001  0.15028758E+001  0.27087910E+001  0.47020920E+001  0.66905376E+001  0.96124391E+001
  0.16406100E+000  0.20864789E+000  0.39155024E+000  0.58393800E+000  0.91404241E+000  0.10468079E+001  0.15028539E+001  0.27088114E+001  0.47020555E+001  0.66905658E+001  0.96124350E+001
  0.16406109E+000  0.20864794E+000  0.39155233E+000  0.58394194E+000  0.91404322E+000  0.10468079E+001  0.15028315E+001  0.27088313E+001  0.47020704E+001  0.66905932E+001  0.96124307E+001
  0.16406117E+000  0.20864800E+000  0.39155465E+000  0.58394578E+000  0.91404400E+000  0.10468078E+001  0.15028088E+001  0.27088507E+001  0.47020975E+001  0.66906197E+001  0.96124262E+001
  0.16406433E+000  0.20864805E+000  0.39155717E+000  0.58394950E+000  0.91404475E+000  0.10468078E+001  0.15027857E+001  0.27088695E+001  0.47021256E+001  0.66906453E+001  0.96124215E+001
  0.16406444E+000  0.20864809E+000  0.39155986E+000  0.58395309E+000  0.91404289E+000  0.10468077E+001  0.15027631E+001  0.27088877E+001  0.47021540E+001  0.66906701E+001  0.96124167E+001
  0.16406454E+000  0.20864814E+000  0.39155752E+000  0.58395658E+000  0.91404350E+000  0.10468076E+001  0.15027407E+001  0.27089053E+001  0.47021827E+001  0.66906940E+001  0.96124117E+001
  0.16406465E+000  0.20864853E+000  0.39156164E+000  0.58395994E+000  0.91404408E+000  0.10468076E+001  0.15027183E+001  0.27089224E+001  0.47022260E+001  0.66907172E+001  0.96124067E+001
  0.16406475E+000  0.20864891E+000  0.39155889E+000  0.58396318E+000  0.91404464E+000  0.10468075E+001  0.15026960E+001  0.27089387E+001  0.47022389E+001  0.66907396E+001  0.96124015E+001
  0.16406485E+000  0.20864929E+000  0.39156266E+000  0.58396631E+000  0.91404519E+000  0.10468075E+001  0.15026737E+001  0.27089545E+001  0.47022642E+001  0.66907612E+001  0.96123963E+001
  0.16406495E+000  0.20864965E+000  0.39156671E+000  0.58396932E+000  0.91404034E+000  0.10468075E+001  0.15026517E+001  0.27089697E+001  0.47022947E+001  0.66907820E+001  0.96123910E+001
  0.16406504E+000  0.20865033E+000  0.39153333E+000  0.58397905E+000  0.91404182E+000  0.10468074E+001  0.15026299E+001  0.27089843E+001  0.47023251E+001  0.66908021E+001  0.96123857E+001
  0.16406513E+000  0.20865307E+000  0.39153316E+000  0.58398945E+000  0.91404326E+000  0.10468074E+001  0.15026084E+001  0.27089983E+001  0.47023553E+001  0.66908214E+001  0.96123804E+001
  0.16406522E+000  0.20865573E+000  0.39153306E+000  0.58399952E+000  0.91404465E+000  0.10468073E+001  0.15025835E+001  0.27090117E+001  0.47022544E+001  0.66908399E+001  0.96123750E+001
  0.16406531E+000  0.20865831E+000  0.39153303E+000  0.58400926E+000  0.91404489E+000  0.10468073E+001  0.15025529E+001  0.27090245E+001  0.47022788E+001  0.66908577E+001  0.96123696E+001
  0.16406539E+000  0.20866083E+000  0.39153306E+000  0.58401869E+000  0.91403583E+000  0.10468072E+001  0.15025233E+001  0.27090368E+001  0.47023021E+001  0.66908746E+001  0.96123642E+001
  0.16406547E+000  0.20866328E+000  0.39153315E+000  0.58402781E+000  0.91403635E+000  0.10468072E+001  0.15024948E+001  0.27090485E+001  0.47023244E+001  0.66908907E+001  0.96123588E+001
  0.16406563E+000  0.20866564E+000  0.39153328E+000  0.58403661E+000  0.91403684E+000  0.10468072E+001  0.15024674E+001  0.27090597E+001  0.47022791E+001  0.66909060E+001  0.96123533E+001
  0.16406564E+000  0.20866806E+000  0.39153346E+000  0.58404508E+000  0.91403732E+000  0.10468071E+001  0.15024425E+001  0.27090703E+001  0.47022946E+001  0.66909203E+001  0.96123478E+001
  0.16406571E+000  0.20867094E+000  0.39153366E+000  0.58399152E+000  0.91403777E+000  0.10468071E+001  0.15024445E+001  0.27090805E+001  0.47023105E+001  0.66909338E+001  0.96123422E+001
  0.16406576E+000  0.20867370E+000  0.39153390E+000  0.58399346E+000  0.91403819E+000  0.10468070E+001  0.15024466E+001  0.27090900E+001  0.47022189E+001  0.66909463E+001  0.96123365E+001
  0.16406582E+000  0.20867636E+000  0.39153415E+000  0.58399529E+000  0.91403860E+000  0.10468070E+001  0.15024486E+001  0.27090991E+001  0.47022118E+001  0.66909579E+001  0.96123308E+001
  0.16406586E+000  0.20867889E+000  0.39153441E+000  0.58399702E+000  0.91403898E+000  0.10468070E+001  0.15024505E+001  0.27091077E+001  0.47022162E+001  0.66909684E+001  0.96123249E+001
  0.16406590E+000  0.20868129E+000  0.39153468E+000  0.58399864E+000  0.91403934E+000  0.10468071E+001  0.15024524E+001  0.27091157E+001  0.47021516E+001  0.66909780E+001  0.96123190E+001
  0.16406594E+000  0.20868356E+000  0.39153495E+000  0.58400017E+000  0.91403968E+000  0.10468094E+001  0.15024541E+001  0.27091233E+001  0.47021000E+001  0.66909866E+001  0.96123128E+001
  0.16406597E+000  0.20868145E+000  0.39153520E+000  0.58400159E+000  0.91404000E+000  0.10468115E+001  0.15024557E+001  0.27091304E+001  0.47020405E+001  0.66909942E+001  0.96123066E+001
  0.16406594E+000  0.20868297E+000  0.39153544E+000  0.58400291E+000  0.91404029E+000  0.10468135E+001  0.15024573E+001  0.27091370E+001  0.47019740E+001  0.66910008E+001  0.96123001E+001
  0.16406589E+000  0.20867886E+000  0.39153566E+000  0.58400414E+000  0.91404057E+000  0.10468153E+001  0.15024586E+001  0.27091432E+001  0.47019737E+001  0.66909528E+001  0.96122934E+001
  0.16406585E+000  0.20868039E+000  0.39153585E+000  0.58400528E+000  0.91404083E+000  0.10468169E+001  0.15024599E+001  0.27091489E+001  0.47019784E+001  0.66908980E+001  0.96122865E+001
  0.16406581E+000  0.20868180E+000  0.39153806E+000  0.58400632E+000  0.91404107E+000  0.10468183E+001  0.15024610E+001  0.27091543E+001  0.47019839E+001  0.66908432E+001  0.96122793E+001
  0.16406576E+000  0.20868308E+000  0.39154017E+000  0.58400727E+000  0.91404129E+000  0.10468196E+001  0.15024619E+001  0.27091592E+001  0.47019880E+001  0.66907883E+001  0.96122718E+001
  0.16406572E+000  0.20868424E+000  0.39154211E+000  0.58400814E+000  0.91404149E+000  0.10468207E+001  0.15024626E+001  0.27091637E+001  0.47019888E+001  0.66907331E+001  0.96122640E+001
  0.16406568E+000  0.20866869E+000  0.39154385E+000  0.58400893E+000  0.91404168E+000  0.10468217E+001  0.15024632E+001  0.27091678E+001  0.47019877E+001  0.66906775E+001  0.96122560E+001
  0.16406563E+000  0.20866976E+000  0.39154539E+000  0.58400963E+000  0.91404185E+000  0.10468225E+001  0.15024636E+001  0.27091716E+001  0.47019863E+001  0.66906215E+001  0.96122475E+001
  0.16406559E+000  0.20867068E+000  0.39154672E+000  0.58401026E+000  0.91404200E+000  0.10468232E+001  0.15024639E+001  0.27091750E+001  0.47019844E+001  0.66905648E+001  0.96122387E+001
  0.16406555E+000  0.20867146E+000  0.39154785E+000  0.58401081E+000  0.91404214E+000  0.10468237E+001  0.15024640E+001  0.27091780E+001  0.47019832E+001  0.66905074E+001  0.96122295E+001
  0.16406551E+000  0.20867210E+000  0.39154875E+000  0.58401130E+000  0.91404227E+000  0.10468241E+001  0.15024639E+001  0.27091808E+001  0.47019826E+001  0.66904492E+001  0.96122200E+001
  0.16406547E+000  0.20867262E+000  0.39154945E+000  0.58401172E+000  0.91404238E+000  0.10468243E+001  0.15024637E+001  0.27091833E+001  0.47019811E+001  0.66903901E+001  0.96122099E+001
  0.16406543E+000  0.20867302E+000  0.39154994E+000  0.58401207E+000  0.91404248E+000  0.10468245E+001  0.15024633E+001  0.27091854E+001  0.47019786E+001  0.66903300E+001  0.96121995E+001
  0.16406539E+000  0.20867329E+000  0.39155022E+000  0.58401236E+000  0.91404257E+000  0.10468245E+001  0.15024628E+001  0.27091873E+001  0.47019753E+001  0.66902689E+001  0.96121885E+001
  0.16406535E+000  0.20867346E+000  0.39155031E+000  0.58401260E+000  0.91404265E+000  0.10468244E+001  0.15024621E+001  0.27091890E+001  0.47019443E+001  0.66902066E+001  0.96121771E+001
  0.16406531E+000  0.20867352E+000  0.39155021E+000  0.58401278E+000  0.91404271E+000  0.10468242E+001  0.15024614E+001  0.27091903E+001  0.47018921E+001  0.66901431E+001  0.96121652E+001
  0.16406528E+000  0.20867349E+000  0.39154993E+000  0.58401292E+000  0.91404277E+000  0.10468240E+001  0.15024605E+001  0.27091915E+001  0.47018383E+001  0.66900784E+001  0.96121527E+001
  0.16406524E+000  0.20867337E+000  0.39154948E+000  0.58401300E+000  0.91404281E+000  0.10468236E+001  0.15024595E+001  0.27091924E+001  0.47017846E+001  0.66900123E+001  0.96121397E+001
  0.16406521E+000  0.20867316E+000  0.39154887E+000  0.58401304E+000  0.91404285E+000  0.10468232E+001  0.15024584E+001  0.27091931E+001  0.47017311E+001  0.66899449E+001  0.96121262E+001
  0.16406517E+000  0.20867288E+000  0.39154811E+000  0.58401304E+000  0.91404288E+000  0.10468227E+001  0.15024572E+001  0.27091937E+001  0.47017231E+001  0.66898761E+001  0.96121121E+001
  0.16406514E+000  0.20867253E+000  0.39154722E+000  0.58401301E+000  0.91404290E+000  0.10468221E+001  0.15024559E+001  0.27091940E+001  0.47017221E+001  0.66898059E+001  0.96120974E+001
  0.16406511E+000  0.20867211E+000  0.39154620E+000  0.58401294E+000  0.91404291E+000  0.10468215E+001  0.15024545E+001  0.27091942E+001  0.47017211E+001  0.66897342E+001  0.96120821E+001
  0.16406508E+000  0.20867164E+000  0.39154507E+000  0.58401284E+000  0.91404292E+000  0.10468208E+001  0.15024531E+001  0.27091943E+001  0.47017202E+001  0.66896609E+001  0.96120662E+001
  0.16406505E+000  0.20867112E+000  0.39154383E+000  0.58401271E+000  0.91404292E+000  0.10468201E+001  0.15024517E+001  0.27091942E+001  0.47017192E+001  0.66895862E+001  0.96120497E+001
  0.16406503E+000  0.20867055E+000  0.39154251E+000  0.58401255E+000  0.91404291E+000  0.10468193E+001  0.15024502E+001  0.27091939E+001  0.47017182E+001  0.66895100E+001  0.96120325E+001
  0.16406500E+000  0.20866994E+000  0.39154110E+000  0.58401238E+000  0.91404290E+000  0.10468185E+001  0.15024486E+001  0.27091936E+001  0.47017172E+001  0.66894322E+001  0.96120147E+001
  0.16406497E+000  0.20866930E+000  0.39153963E+000  0.58401218E+000  0.91404289E+000  0.10468177E+001  0.15024470E+001  0.27091932E+001  0.47017162E+001  0.66893529E+001  0.96119963E+001
  0.16406495E+000  0.20866863E+000  0.39153809E+000  0.58401197E+000  0.91404287E+000  0.10468169E+001  0.15024455E+001  0.27091927E+001  0.47017152E+001  0.66892721E+001  0.96119772E+001
  0.16406493E+000  0.20866794E+000  0.39153651E+000  0.58401175E+000  0.91404285E+000  0.10468160E+001  0.15024438E+001  0.27091921E+001  0.47017141E+001  0.66891897E+001  0.96118261E+001
  0.16406490E+000  0.20866723E+000  0.39153488E+000  0.58401151E+000  0.91404282E+000  0.10468152E+001  0.15024422E+001  0.27091914E+001  0.47017131E+001  0.66891059E+001  0.96116557E+001
  0.16406488E+000  0.20868366E+000  0.39153322E+000  0.58401126E+000  0.91404280E+000  0.10468143E+001  0.15024406E+001  0.27091907E+001  0.47017104E+001  0.66890207E+001  0.96114792E+001
  0.16406486E+000  0.20868306E+000  0.39153155E+000  0.58401101E+000  0.91404277E+000  0.10468135E+001  0.15024391E+001  0.27091900E+001  0.47017042E+001  0.66814398E+001  0.96112966E+001
  0.16406485E+000  0.20868245E+000  0.39152986E+000  0.58401075E+000  0.91404273E+000  0.10468126E+001  0.15024375E+001  0.27091892E+001  0.47016972E+001  0.66813384E+001  0.96111078E+001
  0.16406483E+000  0.20868184E+000  0.39152816E+000  0.58401049E+000  0.91404270E+000  0.10468118E+001  0.15024359E+001  0.27091884E+001  0.47016895E+001  0.66812357E+001  0.96109129E+001
  0.16406482E+000  0.20868124E+000  0.39152647E+000  0.58401023E+000  0.91404267E+000  0.10468109E+001  0.15024344E+001  0.27091875E+001  0.47016809E+001  0.66811315E+001  0.96107119E+001
  0.16406480E+000  0.20868064E+000  0.39152480E+000  0.58400997E+000  0.91404264E+000  0.10468101E+001  0.15024329E+001  0.27091867E+001  0.47016716E+001  0.66810261E+001  0.96105047E+001
  0.16406479E+000  0.20868006E+000  0.39152315E+000  0.58400972E+000  0.91404260E+000  0.10468094E+001  0.15024315E+001  0.27091859E+001  0.47016615E+001  0.66809194E+001  0.96102916E+001
  0.16406478E+000  0.20867949E+000  0.39152152E+000  0.58400947E+000  0.91404257E+000  0.10468086E+001  0.15024301E+001  0.27091850E+001  0.47015816E+001  0.66808115E+001  0.96100726E+001
  0.16406477E+000  0.20867893E+000  0.39152039E+000  0.58400923E+000  0.91404254E+000  0.10468079E+001  0.15024288E+001  0.27091842E+001  0.47015389E+001  0.66807026E+001  0.96098479E+001
  0.16406476E+000  0.20867840E+000  0.39151976E+000  0.58400900E+000  0.91404251E+000  0.10468072E+001  0.15024275E+001  0.27091835E+001  0.47014988E+001  0.66805927E+001  0.96096176E+001
  0.16406475E+000  0.20867788E+000  0.39151916E+000  0.58400877E+000  0.91404248E+000  0.10468066E+001  0.15024263E+001  0.27091827E+001  0.47014563E+001  0.66804820E+001  0.96093819E+001
  0.16406475E+000  0.20868365E+000  0.39151857E+000  0.58400856E+000  0.91404245E+000  0.10468064E+001  0.15024251E+001  0.27091820E+001  0.47013065E+001  0.66803705E+001  0.96091410E+001
  0.16406474E+000  0.20868327E+000  0.39151801E+000  0.58400836E+000  0.91404242E+000  0.10468064E+001  0.15024240E+001  0.27091813E+001  0.47012540E+001  0.66802584E+001  0.96088952E+001
  0.16406474E+000  0.20868291E+000  0.39151747E+000  0.58400817E+000  0.91404239E+000  0.10468064E+001  0.15024230E+001  0.27091806E+001  0.47012399E+001  0.66801457E+001  0.96086446E+001
  0.16406474E+000  0.20868257E+000  0.39151695E+000  0.58400800E+000  0.91404237E+000  0.10468064E+001  0.15024220E+001  0.27091801E+001  0.47012274E+001  0.66800326E+001  0.96083897E+001
  0.16406473E+000  0.20868226E+000  0.39151646E+000  0.58400784E+000  0.91404235E+000  0.10468064E+001  0.15024212E+001  0.27091795E+001  0.47012165E+001  0.66799399E+001  0.96081306E+001
  0.16406473E+000  0.20868198E+000  0.39151600E+000  0.58400769E+000  0.91404233E+000  0.10468064E+001  0.15024203E+001  0.27091790E+001  0.47010914E+001  0.66799127E+001  0.96078676E+001
  0.16406473E+000  0.20868172E+000  0.39151557E+000  0.58400756E+000  0.91404231E+000  0.10468064E+001  0.15024196E+001  0.27091786E+001  0.47009622E+001  0.66798856E+001  0.96069570E+001
  0.16406474E+000  0.20868148E+000  0.39151516E+000  0.58400745E+000  0.91404229E+000  0.10468064E+001  0.15024189E+001  0.27091782E+001  0.47009586E+001  0.66798588E+001  0.96069472E+001
  0.16406474E+000  0.20868128E+000  0.39151478E+000  0.58400735E+000  0.91404228E+000  0.10468064E+001  0.15024183E+001  0.27091778E+001  0.47009538E+001  0.66798323E+001  0.96069372E+001
  0.16406474E+000  0.20868110E+000  0.39151442E+000  0.58400726E+000  0.91404227E+000  0.10468064E+001  0.15024178E+001  0.27091775E+001  0.47009488E+001  0.66798060E+001  0.96069272E+001
  0.16406474E+000  0.20868094E+000  0.39151410E+000  0.58400719E+000  0.91404226E+000  0.10468064E+001  0.15024173E+001  0.27091773E+001  0.47009438E+001  0.66797800E+001  0.96069172E+001
  0.16406475E+000  0.20868081E+000  0.39151381E+000  0.58400714E+000  0.91404225E+000  0.10468064E+001  0.15024169E+001  0.27091771E+001  0.47009391E+001  0.66797543E+001  0.96069071E+001
  0.16406475E+000  0.20868071E+000  0.39151354E+000  0.58400710E+000  0.91404225E+000  0.10468065E+001  0.15024166E+001  0.27091770E+001  0.47009344E+001  0.66797289E+001  0.96068971E+001
  0.16406476E+000  0.20868401E+000  0.39151330E+000  0.58400707E+000  0.91404225E+000  0.10468065E+001  0.15024163E+001  0.27091769E+001  0.47009299E+001  0.66797038E+001  0.96068870E+001
  0.16406476E+000  0.20868393E+000  0.39151309E+000  0.58400705E+000  0.91404225E+000  0.10468065E+001  0.15024161E+001  0.27091769E+001  0.47009255E+001  0.66796791E+001  0.96068769E+001
  0.16406477E+000  0.20868388E+000  0.39151291E+000  0.58400705E+000  0.91404225E+000  0.10468065E+001  0.15024159E+001  0.27091769E+001  0.47009212E+001  0.66796547E+001  0.96068668E+001
  0.16406478E+000  0.20868387E+000  0.39151275E+000  0.58400706E+000  0.91404225E+000  0.10468065E+001  0.15024158E+001  0.27091770E+001  0.47009171E+001  0.66796308E+001  0.96068568E+001
  0.16406478E+000  0.20868388E+000  0.39151261E+000  0.58400708E+000  0.91404226E+000  0.10468065E+001  0.15024158E+001  0.27091770E+001  0.47009131E+001  0.66796072E+001  0.96068468E+001
  0.16406479E+000  0.20868391E+000  0.39151250E+000  0.58400712E+000  0.91404226E+000  0.10468065E+001  0.15024158E+001  0.27091772E+001  0.47009093E+001  0.66795839E+001  0.96068368E+001
  0.16406480E+000  0.20868397E+000  0.39151242E+000  0.58400716E+000  0.91404227E+000  0.10468065E+001  0.15024158E+001  0.27091774E+001  0.47009056E+001  0.66795611E+001  0.96068269E+001
  0.16406480E+000  0.20868406E+000  0.39151236E+000  0.58400721E+000  0.91404228E+000  0.10468065E+001  0.15024159E+001  0.27091776E+001  0.47009021E+001  0.66795387E+001  0.96068170E+001
  0.16406481E+000  0.20868076E+000  0.39151231E+000  0.58400727E+000  0.91404229E+000  0.10468065E+001  0.15024161E+001  0.27091778E+001  0.47008987E+001  0.66795167E+001  0.96068072E+001
  0.16406482E+000  0.20868085E+000  0.39151229E+000  0.58400733E+000  0.91404230E+000  0.10468065E+001  0.15024162E+001  0.27091781E+001  0.47008955E+001  0.66794952E+001  0.96067975E+001
  0.16406483E+000  0.20868096E+000  0.39151228E+000  0.58400741E+000  0.91404231E+000  0.10468065E+001  0.15024164E+001  0.27091783E+001  0.47008924E+001  0.66794740E+001  0.96067878E+001
  0.16406483E+000  0.20868108E+000  0.39151230E+000  0.58400748E+000  0.91404233E+000  0.10468065E+001  0.15024166E+001  0.27091786E+001  0.47008894E+001  0.66794533E+001  0.96067783E+001
  0.16406484E+000  0.20868121E+000  0.39151232E+000  0.58400757E+000  0.91404234E+000  0.10468065E+001  0.15024169E+001  0.27091789E+001  0.47008867E+001  0.66794330E+001  0.96067688E+001
  0.16406485E+000  0.20868135E+000  0.39151236E+000  0.58400765E+000  0.91404236E+000  0.10468065E+001  0.15024172E+001  0.27091793E+001  0.47008850E+001  0.66794131E+001  0.96067595E+001
  0.16406485E+000  0.20868149E+000  0.39151242E+000  0.58400774E+000  0.91404237E+000  0.10468065E+001  0.15024174E+001  0.27091796E+001  0.47008835E+001  0.66793936E+001  0.96067502E+001
  0.16406486E+000  0.20868164E+000  0.39151248E+000  0.58400783E+000  0.91404239E+000  0.10468065E+001  0.15024177E+001  0.27091799E+001  0.47008822E+001  0.66793746E+001  0.96067411E+001
  0.16406486E+000  0.20868180E+000  0.39151256E+000  0.58400792E+000  0.91404240E+000  0.10468065E+001  0.15024181E+001  0.27091803E+001  0.47008810E+001  0.66793560E+001  0.96067320E+001
  0.16406487E+000  0.20868196E+000  0.39151264E+000  0.58400802E+000  0.91404242E+000  0.10468065E+001  0.15024184E+001  0.27091806E+001  0.47008801E+001  0.66793378E+001  0.96067231E+001
  0.16406488E+000  0.20868212E+000  0.39151273E+000  0.58400811E+000  0.91404243E+000  0.10468065E+001  0.15024187E+001  0.27091810E+001  0.47008793E+001  0.66793201E+001  0.96067144E+001
  0.16406488E+000  0.20868229E+000  0.39151282E+000  0.58400820E+000  0.91404245E+000  0.10468065E+001  0.15024190E+001  0.27091813E+001  0.47009251E+001  0.66793027E+001  0.96067057E+001
  0.16406489E+000  0.20868245E+000  0.39151292E+000  0.58400829E+000  0.91404246E+000  0.10468065E+001  0.15024194E+001  0.27091816E+001  0.47008921E+001  0.66792858E+001  0.96066972E+001
  0.16406489E+000  0.20868261E+000  0.39151302E+000  0.58400838E+000  0.91404247E+000  0.10468065E+001  0.15024197E+001  0.27091819E+001  0.47008780E+001  0.66792693E+001  0.96066889E+001
  0.16406489E+000  0.20868277E+000  0.39151312E+000  0.58400847E+000  0.91404249E+000  0.10468065E+001  0.15024200E+001  0.27091822E+001  0.47008782E+001  0.66792532E+001  0.96066806E+001
  0.16406490E+000  0.20868293E+000  0.39151322E+000  0.58400855E+000  0.91404250E+000  0.10468065E+001  0.15024203E+001  0.27091825E+001  0.47008781E+001  0.66792375E+001  0.96066726E+001
  0.16406490E+000  0.20868308E+000  0.39151332E+000  0.58400863E+000  0.91404251E+000  0.10468067E+001  0.15024206E+001  0.27091828E+001  0.47008778E+001  0.66792221E+001  0.96066646E+001
  0.16406490E+000  0.20868323E+000  0.39151341E+000  0.58400870E+000  0.91404252E+000  0.10468069E+001  0.15024209E+001  0.27091831E+001  0.47008773E+001  0.66792072E+001  0.96066568E+001
  0.16406491E+000  0.20868338E+000  0.39151351E+000  0.58400877E+000  0.91404253E+000  0.10468071E+001  0.15024212E+001  0.27091833E+001  0.47008765E+001  0.66791926E+001  0.96066492E+001
  0.16406491E+000  0.20868352E+000  0.39151359E+000  0.58400884E+000  0.91404254E+000  0.10468073E+001  0.15024214E+001  0.27091835E+001  0.47008756E+001  0.66778042E+001  0.96066417E+001
  0.16406491E+000  0.20868365E+000  0.39151368E+000  0.58400890E+000  0.91404255E+000  0.10468075E+001  0.15024217E+001  0.27091837E+001  0.47008745E+001  0.66778050E+001  0.96066344E+001
  0.16406491E+000  0.20868377E+000  0.39151375E+000  0.58400895E+000  0.91404256E+000  0.10468077E+001  0.15024219E+001  0.27091839E+001  0.47008733E+001  0.66778057E+001  0.96066272E+001
  0.16406491E+000  0.20868389E+000  0.39151382E+000  0.58400900E+000  0.91404257E+000  0.10468079E+001  0.15024221E+001  0.27091840E+001  0.47006892E+001  0.66778063E+001  0.96066202E+001
  0.16406491E+000  0.20868400E+000  0.39151388E+000  0.58400905E+000  0.91404257E+000  0.10468081E+001  0.15024222E+001  0.27091842E+001  0.47006335E+001  0.66778069E+001  0.96066133E+001
  0.16406491E+000  0.20868410E+000  0.39151393E+000  0.58400909E+000  0.91404258E+000  0.10468082E+001  0.15024224E+001  0.27091843E+001  0.47005798E+001  0.66778074E+001  0.96066066E+001
  0.16406491E+000  0.20867797E+000  0.39151397E+000  0.58400912E+000  0.91404258E+000  0.10468083E+001  0.15024225E+001  0.27091844E+001  0.47005281E+001  0.66778078E+001  0.96066000E+001
  0.16406491E+000  0.20867808E+000  0.39151400E+000  0.58400915E+000  0.91404258E+000  0.10468084E+001  0.15024226E+001  0.27091845E+001  0.47004784E+001  0.66778081E+001  0.96065936E+001
  0.16406490E+000  0.20867817E+000  0.39151402E+000  0.58400917E+000  0.91404259E+000  0.10468085E+001  0.15024227E+001  0.27091845E+001  0.47004545E+001  0.66778083E+001  0.96065873E+001
  0.16406490E+000  0.20867825E+000  0.39151403E+000  0.58400919E+000  0.91404259E+000  0.10468086E+001  0.15024228E+001  0.27091846E+001  0.47004420E+001  0.66778085E+001  0.96065812E+001
  0.16406490E+000  0.20867832E+000  0.39151402E+000  0.58400920E+000  0.91404259E+000  0.10468087E+001  0.15024228E+001  0.27091846E+001  0.47004301E+001  0.66778085E+001  0.96065752E+001
  0.16406490E+000  0.20867839E+000  0.39151400E+000  0.58400921E+000  0.91404259E+000  0.10468087E+001  0.15024228E+001  0.27091846E+001  0.47004185E+001  0.66778085E+001  0.96065694E+001
  0.16406489E+000  0.20867844E+000  0.39151397E+000  0.58400921E+000  0.91404259E+000  0.10468088E+001  0.15024228E+001  0.27091846E+001  0.47004073E+001  0.66778084E+001  0.96065637E+001
  0.16406489E+000  0.20867848E+000  0.39151392E+000  0.58400921E+000  0.91404259E+000  0.10468088E+001  0.15024227E+001  0.27091845E+001  0.47003964E+001  0.66778082E+001  0.96065582E+001
  0.16406488E+000  0.20867852E+000  0.39151385E+000  0.58400921E+000  0.91404259E+000  0.10468088E+001  0.15024226E+001  0.27091845E+001  0.47003857E+001  0.66778080E+001  0.96065528E+001
  0.16406488E+000  0.20867854E+000  0.39151377E+000  0.58400920E+000  0.91404259E+000  0.10468088E+001  0.15024225E+001  0.27091845E+001  0.47003759E+001  0.66778076E+001  0.96065475E+001
  0.16406487E+000  0.20867856E+000  0.39151367E+000  0.58400918E+000  0.91404259E+000  0.10468088E+001  0.15024224E+001  0.27091844E+001  0.47003688E+001  0.66778072E+001  0.96065424E+001
  0.16406487E+000  0.20867857E+000  0.39151355E+000  0.58400917E+000  0.91404259E+000  0.10468088E+001  0.15024222E+001  0.27091844E+001  0.47003618E+001  0.66778067E+001  0.96065374E+001
  0.16406486E+000  0.20867857E+000  0.39151341E+000  0.58400915E+000  0.91404259E+000  0.10468087E+001  0.15024220E+001  0.27091843E+001  0.47003550E+001  0.66778061E+001  0.96065326E+001
  0.16406485E+000  0.20867856E+000  0.39151324E+000  0.58400912E+000  0.91404259E+000  0.10468087E+001  0.15024218E+001  0.27091843E+001  0.47003483E+001  0.66778054E+001  0.96065278E+001
  0.16406484E+000  0.20867854E+000  0.39151305E+000  0.58400909E+000  0.91404260E+000  0.10468086E+001  0.15024215E+001  0.27091842E+001  0.47003418E+001  0.66778047E+001  0.96065232E+001
  0.16406483E+000  0.20867850E+000  0.39151283E+000  0.58400906E+000  0.91404260E+000  0.10468085E+001  0.15024212E+001  0.27091842E+001  0.47003356E+001  0.66778039E+001  0.96065186E+001
  0.16406481E+000  0.20867844E+000  0.39151257E+000  0.58400902E+000  0.91404260E+000  0.10468084E+001  0.15024209E+001  0.27091841E+001  0.47003295E+001  0.66778032E+001  0.96065142E+001
  0.16406481E+000  0.20867835E+000  0.39151228E+000  0.58400899E+000  0.91404261E+000  0.10468083E+001  0.15024205E+001  0.27091841E+001  0.47003236E+001  0.66778026E+001  0.96065098E+001
  0.16406481E+000  0.20867823E+000  0.39151196E+000  0.58400895E+000  0.91404262E+000  0.10468082E+001  0.15024202E+001  0.27091841E+001  0.47003180E+001  0.66778021E+001  0.96065055E+001
  0.16406482E+000  0.20867813E+000  0.39151163E+000  0.58400892E+000  0.91404262E+000  0.10468081E+001  0.15024200E+001  0.27091840E+001  0.47003126E+001  0.66778020E+001  0.96065013E+001
  0.16406484E+000  0.20867813E+000  0.39151133E+000  0.58400890E+000  0.91404263E+000  0.10468082E+001  0.15024199E+001  0.27091840E+001  0.47003070E+001  0.66778020E+001  0.96064973E+001
  0.16406485E+000  0.20867837E+000  0.39151112E+000  0.58400889E+000  0.91404264E+000  0.10468083E+001  0.15024199E+001  0.27091840E+001  0.47003014E+001  0.66778021E+001  0.96064939E+001
  0.16406478E+000  0.20867892E+000  0.39151098E+000  0.58400886E+000  0.91404266E+000  0.10468082E+001  0.15024197E+001  0.27091841E+001  0.47002951E+001  0.66778016E+001  0.96064910E+001
  0.16406462E+000  0.20867944E+000  0.39151177E+000  0.58400873E+000  0.91404268E+000  0.10468078E+001  0.15024188E+001  0.27091842E+001  0.47002889E+001  0.66773234E+001  0.96064883E+001
  0.16406449E+000  0.20867881E+000  0.39150958E+000  0.58400837E+000  0.91404268E+000  0.10468065E+001  0.15024162E+001  0.27091837E+001  0.47002823E+001  0.66773097E+001  0.96064836E+001
  0.16406507E+000  0.20868257E+000  0.39150718E+000  0.58400744E+000  0.91404254E+000  0.10468065E+001  0.15024133E+001  0.27091799E+001  0.47002761E+001  0.66773047E+001  0.96064751E+001
  0.16406073E+000  0.20867993E+000  0.39151335E+000  0.58400693E+000  0.91404236E+000  0.10468092E+001  0.15024197E+001  0.27091765E+001  0.47002675E+001  0.66772995E+001  0.96064786E+001
  0.16405976E+000  0.20867776E+000  0.39155444E+000  0.58400536E+000  0.91404218E+000  0.10468203E+001  0.15024119E+001  0.27091714E+001  0.47002635E+001  0.66772277E+001  0.96064972E+001
