 -0.86061505E+000 -0.71419507E+000 -0.34402679E+000 -0.10753133E-001  0.25196834E-001  0.10672595E+001  0.81094639E+001  0.43449398E+002  0.79490320E+002  0.21963295E+003  0.43290761E+003
 -0.86061587E+000 -0.71421022E+000 -0.34436585E+000 -0.10835683E-001  0.25196347E-001  0.10662764E+001  0.81090068E+001  0.43454620E+002  0.79509065E+002  0.21963121E+003  0.43289901E+003
 -0.86061649E+000 -0.71422262E+000 -0.34465481E+000 -0.10900161E-001  0.25195989E-001  0.10653905E+001  0.81084654E+001  0.43458483E+002  0.79523241E+002  0.21963063E+003  0.43289709E+003
 -0.86061695E+000 -0.71423278E+000 -0.34489942E+000 -0.10950610E-001  0.25195721E-001  0.10646095E+001  0.81079089E+001  0.43461409E+002  0.79534300E+002  0.21963050E+003  0.43289678E+003
 -0.86061731E+000 -0.71424110E+000 -0.34510558E+000 -0.10989915E-001  0.25195521E-001  0.10639307E+001  0.81073731E+001  0.43463661E+002  0.79543104E+002  0.21963058E+003  0.43289709E+003
 -0.86061759E+000 -0.71424789E+000 -0.34527866E+000 -0.11020249E-001  0.25195369E-001  0.10633464E+001  0.81068757E+001  0.43465407E+002  0.79550208E+002  0.21963076E+003  0.43289772E+003
 -0.86061780E+000 -0.71425345E+000 -0.34542342E+000 -0.11043331E-001  0.25195254E-001  0.10628472E+001  0.81064239E+001  0.43466762E+002  0.79555991E+002  0.21963098E+003  0.43289850E+003
 -0.86061797E+000 -0.71425798E+000 -0.34554390E+000 -0.11060503E-001  0.25195169E-001  0.10624236E+001  0.81060195E+001  0.43467807E+002  0.79560729E+002  0.21963120E+003  0.43289935E+003
 -0.86061811E+000 -0.71426169E+000 -0.34564360E+000 -0.11072851E-001  0.25195106E-001  0.10620666E+001  0.81056616E+001  0.43468617E+002  0.79564625E+002  0.21963142E+003  0.43290023E+003
 -0.86061821E+000 -0.71426472E+000 -0.34572550E+000 -0.11081261E-001  0.25195061E-001  0.10617683E+001  0.81053475E+001  0.43469245E+002  0.79567838E+002  0.21963163E+003  0.43290109E+003
 -0.86061830E+000 -0.71426720E+000 -0.34579216E+000 -0.11086459E-001  0.25195032E-001  0.10615212E+001  0.81050740E+001  0.43469727E+002  0.79570494E+002  0.21963182E+003  0.43290193E+003
 -0.86061837E+000 -0.71426923E+000 -0.34584579E+000 -0.11089046E-001  0.25195014E-001  0.10613188E+001  0.81048374E+001  0.43470092E+002  0.79572690E+002  0.21963199E+003  0.43290272E+003
 -0.86061842E+000 -0.71427090E+000 -0.34588826E+000 -0.11089514E-001  0.25195007E-001  0.10611555E+001  0.81046341E+001  0.43470362E+002  0.79574507E+002  0.21963214E+003  0.43290344E+003
 -0.86061847E+000 -0.71427227E+000 -0.34592119E+000 -0.11088274E-001  0.25195008E-001  0.10610260E+001  0.81044605E+001  0.43470554E+002  0.79576008E+002  0.21963227E+003  0.43290410E+003
 -0.86061851E+000 -0.71427341E+000 -0.34594597E+000 -0.11085662E-001  0.25195015E-001  0.10609261E+001  0.81043132E+001  0.43470683E+002  0.79577244E+002  0.21963239E+003  0.43290469E+003
 -0.86061855E+000 -0.71427434E+000 -0.34596380E+000 -0.11081960E-001  0.25195028E-001  0.10608516E+001  0.81041892E+001  0.43470760E+002  0.79578258E+002  0.21963249E+003  0.43290522E+003
 -0.86061858E+000 -0.71427511E+000 -0.34597568E+000 -0.11077397E-001  0.25195046E-001  0.10607993E+001  0.81040857E+001  0.43470794E+002  0.79579085E+002  0.21963258E+003  0.43290570E+003
 -0.86061861E+000 -0.71427575E+000 -0.34598249E+000 -0.11072165E-001  0.25195067E-001  0.10607660E+001  0.81040003E+001  0.43470793E+002  0.79579753E+002  0.21963266E+003  0.43290612E+003
 -0.86061864E+000 -0.71427628E+000 -0.34598498E+000 -0.11066421E-001  0.25195090E-001  0.10607492E+001  0.81039308E+001  0.43470763E+002  0.79580284E+002  0.21963272E+003  0.43290650E+003
 -0.86061866E+000 -0.71427673E+000 -0.34598378E+000 -0.11060294E-001  0.25195117E-001  0.10607466E+001  0.81038753E+001  0.43470708E+002  0.79580698E+002  0.21963278E+003  0.43290683E+003
 -0.86061869E+000 -0.71427710E+000 -0.34597943E+000 -0.11053890E-001  0.25195144E-001  0.10607562E+001  0.81038322E+001  0.43470631E+002  0.79581011E+002  0.21963283E+003  0.43290711E+003
 -0.86061871E+000 -0.71427740E+000 -0.34597239E+000 -0.11047299E-001  0.25195174E-001  0.10607764E+001  0.81038001E+001  0.43470537E+002  0.79581237E+002  0.21963287E+003  0.43290736E+003
 -0.86061873E+000 -0.71427766E+000 -0.34596307E+000 -0.11040590E-001  0.25195204E-001  0.10608058E+001  0.81037779E+001  0.43470428E+002  0.79581385E+002  0.21963291E+003  0.43290757E+003
 -0.86061875E+000 -0.71427787E+000 -0.34595178E+000 -0.11033825E-001  0.25195235E-001  0.10608432E+001  0.81037646E+001  0.43470307E+002  0.79581465E+002  0.21963294E+003  0.43290776E+003
 -0.86061877E+000 -0.71427803E+000 -0.34593881E+000 -0.11027050E-001  0.25195266E-001  0.10608874E+001  0.81037595E+001  0.43470175E+002  0.79581486E+002  0.21963296E+003  0.43290792E+003
 -0.86061879E+000 -0.71427817E+000 -0.34592440E+000 -0.11020306E-001  0.25195298E-001  0.10609378E+001  0.81037618E+001  0.43470033E+002  0.79581453E+002  0.21963299E+003  0.43290805E+003
 -0.86061881E+000 -0.71427826E+000 -0.34590873E+000 -0.11013623E-001  0.25195330E-001  0.10609936E+001  0.81037710E+001  0.43469884E+002  0.79581372E+002  0.21963300E+003  0.43290817E+003
 -0.86061883E+000 -0.71427832E+000 -0.34589197E+000 -0.11007028E-001  0.25195362E-001  0.10610542E+001  0.81037867E+001  0.43469729E+002  0.79581248E+002  0.21963302E+003  0.43290826E+003
 -0.86061884E+000 -0.71427835E+000 -0.34587424E+000 -0.11000539E-001  0.25195394E-001  0.10611192E+001  0.81038085E+001  0.43469567E+002  0.79581083E+002  0.21963303E+003  0.43290834E+003
 -0.86061886E+000 -0.71427835E+000 -0.34585564E+000 -0.10994172E-001  0.25195425E-001  0.10611882E+001  0.81038359E+001  0.43469401E+002  0.79580882E+002  0.21963304E+003  0.43290841E+003
 -0.86061887E+000 -0.71427830E+000 -0.34583625E+000 -0.10987938E-001  0.25195456E-001  0.10612610E+001  0.81038686E+001  0.43469231E+002  0.79580647E+002  0.21963305E+003  0.43290847E+003
 -0.86061888E+000 -0.71427822E+000 -0.34581612E+000 -0.10981842E-001  0.25195487E-001  0.10613374E+001  0.81039065E+001  0.43469056E+002  0.79580380E+002  0.21963306E+003  0.43290852E+003
 -0.86061890E+000 -0.71427810E+000 -0.34579528E+000 -0.10975888E-001  0.25195518E-001  0.10614172E+001  0.81039492E+001  0.43468879E+002  0.79580083E+002  0.21963307E+003  0.43290856E+003
 -0.86061890E+000 -0.71427792E+000 -0.34577373E+000 -0.10970077E-001  0.25195548E-001  0.10615005E+001  0.81039964E+001  0.43468698E+002  0.79579757E+002  0.21963307E+003  0.43290859E+003
 -0.86061891E+000 -0.71427770E+000 -0.34575149E+000 -0.10964405E-001  0.25195578E-001  0.10615870E+001  0.81040480E+001  0.43468515E+002  0.79579405E+002  0.21963308E+003  0.43290862E+003
 -0.86061891E+000 -0.71427742E+000 -0.34572854E+000 -0.10958867E-001  0.25195607E-001  0.10616770E+001  0.81041038E+001  0.43468329E+002  0.79579026E+002  0.21963308E+003  0.43290864E+003
 -0.86061891E+000 -0.71427709E+000 -0.34570486E+000 -0.10953456E-001  0.25195636E-001  0.10617702E+001  0.81041636E+001  0.43468142E+002  0.79578622E+002  0.21963308E+003  0.43290866E+003
 -0.86061891E+000 -0.71427669E+000 -0.34568041E+000 -0.10948163E-001  0.25195665E-001  0.10618669E+001  0.81042272E+001  0.43467953E+002  0.79578194E+002  0.21963309E+003  0.43290868E+003
 -0.86061890E+000 -0.71427622E+000 -0.34565515E+000 -0.10942978E-001  0.25195694E-001  0.10619671E+001  0.81042947E+001  0.43467763E+002  0.79577744E+002  0.21963309E+003  0.43290870E+003
 -0.86061889E+000 -0.71427568E+000 -0.34562906E+000 -0.10937889E-001  0.25195722E-001  0.10620708E+001  0.81043658E+001  0.43467572E+002  0.79577271E+002  0.21963309E+003  0.43290871E+003
 -0.86061888E+000 -0.71427506E+000 -0.34560209E+000 -0.10932884E-001  0.25195750E-001  0.10621780E+001  0.81044406E+001  0.43467382E+002  0.79576777E+002  0.21963309E+003  0.43290873E+003
 -0.86061886E+000 -0.71427437E+000 -0.34557421E+000 -0.10927951E-001  0.25195778E-001  0.10622889E+001  0.81045191E+001  0.43467191E+002  0.79576263E+002  0.21963310E+003  0.43290874E+003
 -0.86061883E+000 -0.71427359E+000 -0.34554537E+000 -0.10923076E-001  0.25195806E-001  0.10624033E+001  0.81046013E+001  0.43467001E+002  0.79575730E+002  0.21963310E+003  0.43290875E+003
 -0.86061880E+000 -0.71427272E+000 -0.34551554E+000 -0.10918247E-001  0.25195834E-001  0.10625213E+001  0.81046873E+001  0.43466812E+002  0.79575178E+002  0.21963310E+003  0.43290877E+003
 -0.86061877E+000 -0.71427176E+000 -0.34548472E+000 -0.10913454E-001  0.25195861E-001  0.10626429E+001  0.81047772E+001  0.43466625E+002  0.79574609E+002  0.21963310E+003  0.43290878E+003
 -0.86061873E+000 -0.71427072E+000 -0.34545289E+000 -0.10908686E-001  0.25195889E-001  0.10627680E+001  0.81048712E+001  0.43466441E+002  0.79574023E+002  0.21963310E+003  0.43290879E+003
 -0.86061869E+000 -0.71426958E+000 -0.34542004E+000 -0.10903935E-001  0.25195916E-001  0.10628965E+001  0.81049694E+001  0.43466259E+002  0.79573422E+002  0.21963311E+003  0.43290880E+003
 -0.86061864E+000 -0.71426836E+000 -0.34538619E+000 -0.10899193E-001  0.25195944E-001  0.10630283E+001  0.81050718E+001  0.43466080E+002  0.79572807E+002  0.21963311E+003  0.43290881E+003
 -0.86061858E+000 -0.71426704E+000 -0.34535136E+000 -0.10894455E-001  0.25195971E-001  0.10631632E+001  0.81051787E+001  0.43465905E+002  0.79572178E+002  0.21963311E+003  0.43290883E+003
 -0.86061852E+000 -0.71426564E+000 -0.34531559E+000 -0.10889718E-001  0.25195999E-001  0.10633009E+001  0.81052900E+001  0.43465734E+002  0.79571537E+002  0.21963311E+003  0.43290884E+003
 -0.86061846E+000 -0.71426414E+000 -0.34527893E+000 -0.10884981E-001  0.25196026E-001  0.10634412E+001  0.81054059E+001  0.43465568E+002  0.79570885E+002  0.21963311E+003  0.43290885E+003
 -0.86061839E+000 -0.71426257E+000 -0.34524144E+000 -0.10880245E-001  0.25196053E-001  0.10635838E+001  0.81055263E+001  0.43465408E+002  0.79570223E+002  0.21963311E+003  0.43290886E+003
 -0.86061831E+000 -0.71426092E+000 -0.34520319E+000 -0.10875513E-001  0.25196080E-001  0.10637283E+001  0.81056513E+001  0.43465252E+002  0.79569551E+002  0.21963312E+003  0.43290887E+003
 -0.86061823E+000 -0.71425919E+000 -0.34516429E+000 -0.10870789E-001  0.25196107E-001  0.10638745E+001  0.81057806E+001  0.43465102E+002  0.79568872E+002  0.21963312E+003  0.43290888E+003
 -0.86061815E+000 -0.71425739E+000 -0.34512482E+000 -0.10866080E-001  0.25196133E-001  0.10640218E+001  0.81059142E+001  0.43464958E+002  0.79568185E+002  0.21963312E+003  0.43290889E+003
 -0.86061806E+000 -0.71425553E+000 -0.34508488E+000 -0.10861392E-001  0.25196160E-001  0.10641699E+001  0.81060519E+001  0.43464820E+002  0.79567492E+002  0.21963312E+003  0.43290890E+003
 -0.86061797E+000 -0.71425362E+000 -0.34504460E+000 -0.10856735E-001  0.25196186E-001  0.10643183E+001  0.81061933E+001  0.43464688E+002  0.79566794E+002  0.21963312E+003  0.43290891E+003
 -0.86061787E+000 -0.71425165E+000 -0.34500409E+000 -0.10852117E-001  0.25196211E-001  0.10644665E+001  0.81063383E+001  0.43464562E+002  0.79566091E+002  0.21963312E+003  0.43290892E+003
 -0.86061778E+000 -0.71424965E+000 -0.34496348E+000 -0.10847549E-001  0.25196236E-001  0.10646140E+001  0.81064865E+001  0.43464442E+002  0.79565385E+002  0.21963312E+003  0.43290893E+003
 -0.86061768E+000 -0.71424760E+000 -0.34492288E+000 -0.10843039E-001  0.25196261E-001  0.10647604E+001  0.81066375E+001  0.43464328E+002  0.79564676E+002  0.21963313E+003  0.43290894E+003
 -0.86061758E+000 -0.71424554E+000 -0.34488241E+000 -0.10838598E-001  0.25196285E-001  0.10649053E+001  0.81067909E+001  0.43464218E+002  0.79563965E+002  0.21963313E+003  0.43290895E+003
 -0.86061747E+000 -0.71424345E+000 -0.34484221E+000 -0.10834235E-001  0.25196309E-001  0.10650481E+001  0.81069463E+001  0.43464114E+002  0.79563252E+002  0.21963313E+003  0.43290895E+003
 -0.86061737E+000 -0.71424135E+000 -0.34480237E+000 -0.10829957E-001  0.25196333E-001  0.10651885E+001  0.81071032E+001  0.43464015E+002  0.79562538E+002  0.21963313E+003  0.43290896E+003
 -0.86061727E+000 -0.71423925E+000 -0.34476300E+000 -0.10825772E-001  0.25196356E-001  0.10653261E+001  0.81072613E+001  0.43463919E+002  0.79561823E+002  0.21963313E+003  0.43290897E+003
 -0.86061716E+000 -0.71423715E+000 -0.34472420E+000 -0.10821687E-001  0.25196378E-001  0.10654605E+001  0.81074200E+001  0.43463828E+002  0.79561109E+002  0.21963313E+003  0.43290897E+003
 -0.86061706E+000 -0.71423506E+000 -0.34468606E+000 -0.10817706E-001  0.25196401E-001  0.10655915E+001  0.81075789E+001  0.43463739E+002  0.79560395E+002  0.21963313E+003  0.43290898E+003
 -0.86061695E+000 -0.71423298E+000 -0.34464866E+000 -0.10813835E-001  0.25196422E-001  0.10657187E+001  0.81077376E+001  0.43463653E+002  0.79559683E+002  0.21963313E+003  0.43290898E+003
 -0.86061685E+000 -0.71423093E+000 -0.34461206E+000 -0.10810076E-001  0.25196444E-001  0.10658420E+001  0.81078955E+001  0.43463569E+002  0.79558972E+002  0.21963313E+003  0.43290899E+003
 -0.86061675E+000 -0.71422890E+000 -0.34457633E+000 -0.10806431E-001  0.25196464E-001  0.10659611E+001  0.81080523E+001  0.43463487E+002  0.79558262E+002  0.21963313E+003  0.43290899E+003
 -0.86061665E+000 -0.71422691E+000 -0.34454152E+000 -0.10802901E-001  0.25196485E-001  0.10660760E+001  0.81082076E+001  0.43463405E+002  0.79557556E+002  0.21963313E+003  0.43290900E+003
 -0.86061655E+000 -0.71422495E+000 -0.34450766E+000 -0.10799488E-001  0.25196505E-001  0.10661865E+001  0.81083608E+001  0.43463324E+002  0.79556851E+002  0.21963313E+003  0.43290900E+003
 -0.86061646E+000 -0.71422304E+000 -0.34447480E+000 -0.10796192E-001  0.25196525E-001  0.10662926E+001  0.81085117E+001  0.43463242E+002  0.79556150E+002  0.21963313E+003  0.43290901E+003
 -0.86061636E+000 -0.71422117E+000 -0.34444297E+000 -0.10793012E-001  0.25196544E-001  0.10663942E+001  0.81086599E+001  0.43463160E+002  0.79555451E+002  0.21963313E+003  0.43290901E+003
 -0.86061627E+000 -0.71421935E+000 -0.34441218E+000 -0.10789948E-001  0.25196563E-001  0.10664913E+001  0.81088049E+001  0.43463076E+002  0.79554755E+002  0.21963313E+003  0.43290901E+003
 -0.86061618E+000 -0.71421758E+000 -0.34438245E+000 -0.10786999E-001  0.25196582E-001  0.10665839E+001  0.81089465E+001  0.43462991E+002  0.79554062E+002  0.21963313E+003  0.43290902E+003
 -0.86061610E+000 -0.71421587E+000 -0.34435382E+000 -0.10784166E-001  0.25196601E-001  0.10666720E+001  0.81090842E+001  0.43462904E+002  0.79553372E+002  0.21963313E+003  0.43290902E+003
 -0.86061602E+000 -0.71421421E+000 -0.34432630E+000 -0.10781448E-001  0.25196619E-001  0.10667558E+001  0.81092178E+001  0.43462814E+002  0.79552685E+002  0.21963313E+003  0.43290902E+003
 -0.86061594E+000 -0.71421261E+000 -0.34429989E+000 -0.10778846E-001  0.25196637E-001  0.10668351E+001  0.81093468E+001  0.43462722E+002  0.79552000E+002  0.21963313E+003  0.43290902E+003
 -0.86061586E+000 -0.71421107E+000 -0.34427462E+000 -0.10776359E-001  0.25196654E-001  0.10669101E+001  0.81094711E+001  0.43462626E+002  0.79551317E+002  0.21963313E+003  0.43290903E+003
 -0.86061579E+000 -0.71420960E+000 -0.34425050E+000 -0.10773988E-001  0.25196671E-001  0.10669809E+001  0.81095902E+001  0.43462527E+002  0.79550635E+002  0.21963313E+003  0.43290903E+003
 -0.86061572E+000 -0.71420820E+000 -0.34422755E+000 -0.10771734E-001  0.25196688E-001  0.10670473E+001  0.81097040E+001  0.43462425E+002  0.79549955E+002  0.21963313E+003  0.43290903E+003
 -0.86061565E+000 -0.71420686E+000 -0.34420576E+000 -0.10769597E-001  0.25196704E-001  0.10671096E+001  0.81098122E+001  0.43462319E+002  0.79549275E+002  0.21963313E+003  0.43290903E+003
 -0.86061559E+000 -0.71420559E+000 -0.34418516E+000 -0.10767578E-001  0.25196720E-001  0.10671677E+001  0.81099145E+001  0.43462209E+002  0.79548595E+002  0.21963313E+003  0.43290903E+003
 -0.86061553E+000 -0.71420439E+000 -0.34416575E+000 -0.10765677E-001  0.25196736E-001  0.10672217E+001  0.81100108E+001  0.43462096E+002  0.79547915E+002  0.21963313E+003  0.43290903E+003
 -0.86061547E+000 -0.71420325E+000 -0.34414753E+000 -0.10763894E-001  0.25196751E-001  0.10672717E+001  0.81101010E+001  0.43461978E+002  0.79547233E+002  0.21963313E+003  0.43290903E+003
 -0.86061541E+000 -0.71420219E+000 -0.34413050E+000 -0.10762230E-001  0.25196765E-001  0.10673177E+001  0.81101848E+001  0.43461857E+002  0.79546549E+002  0.21963313E+003  0.43290903E+003
 -0.86061537E+000 -0.71420120E+000 -0.34411466E+000 -0.10760683E-001  0.25196779E-001  0.10673598E+001  0.81102622E+001  0.43461731E+002  0.79545863E+002  0.21963313E+003  0.43290903E+003
 -0.86061532E+000 -0.71420028E+000 -0.34410001E+000 -0.10759253E-001  0.25196792E-001  0.10673980E+001  0.81103332E+001  0.43461601E+002  0.79545173E+002  0.21963313E+003  0.43290903E+003
 -0.86061528E+000 -0.71419943E+000 -0.34408653E+000 -0.10757940E-001  0.25196804E-001  0.10674324E+001  0.81103977E+001  0.43461468E+002  0.79544481E+002  0.21963313E+003  0.43290903E+003
 -0.86061524E+000 -0.71419865E+000 -0.34407421E+000 -0.10756741E-001  0.25196816E-001  0.10674631E+001  0.81104558E+001  0.43461330E+002  0.79543784E+002  0.21963312E+003  0.43290903E+003
 -0.86061520E+000 -0.71419794E+000 -0.34406302E+000 -0.10755654E-001  0.25196827E-001  0.10674901E+001  0.81105075E+001  0.43461189E+002  0.79543083E+002  0.21963312E+003  0.43290902E+003
 -0.86061517E+000 -0.71419730E+000 -0.34405295E+000 -0.10754678E-001  0.25196837E-001  0.10675137E+001  0.81105529E+001  0.43461044E+002  0.79542377E+002  0.21963312E+003  0.43290902E+003
 -0.86061514E+000 -0.71419672E+000 -0.34404397E+000 -0.10753810E-001  0.25196847E-001  0.10675338E+001  0.81105921E+001  0.43460895E+002  0.79541667E+002  0.21963312E+003  0.43290902E+003
 -0.86061511E+000 -0.71419620E+000 -0.34403605E+000 -0.10753046E-001  0.25196856E-001  0.10675506E+001  0.81106253E+001  0.43460743E+002  0.79540952E+002  0.21963312E+003  0.43290901E+003
 -0.86061509E+000 -0.71419575E+000 -0.34402916E+000 -0.10752384E-001  0.25196864E-001  0.10675642E+001  0.81106526E+001  0.43460588E+002  0.79540231E+002  0.21963312E+003  0.43290901E+003
 -0.86061507E+000 -0.71419536E+000 -0.34402325E+000 -0.10751820E-001  0.25196872E-001  0.10675747E+001  0.81106742E+001  0.43460429E+002  0.79539505E+002  0.21963312E+003  0.43290900E+003
 -0.86061505E+000 -0.71419502E+000 -0.34401829E+000 -0.10751350E-001  0.25196878E-001  0.10675823E+001  0.81106903E+001  0.43460268E+002  0.79538775E+002  0.21963312E+003  0.43290900E+003
 -0.86061503E+000 -0.71419474E+000 -0.34401424E+000 -0.10750969E-001  0.25196885E-001  0.10675871E+001  0.81107012E+001  0.43460103E+002  0.79538039E+002  0.21963311E+003  0.43290899E+003
 -0.86061502E+000 -0.71419452E+000 -0.34401105E+000 -0.10750674E-001  0.25196890E-001  0.10675893E+001  0.81107071E+001  0.43459936E+002  0.79537298E+002  0.21963311E+003  0.43290898E+003
 -0.86061501E+000 -0.71419434E+000 -0.34400868E+000 -0.10750460E-001  0.25196895E-001  0.10675889E+001  0.81107083E+001  0.43459767E+002  0.79536553E+002  0.21963311E+003  0.43290898E+003
 -0.86061501E+000 -0.71419421E+000 -0.34400707E+000 -0.10750323E-001  0.25196899E-001  0.10675863E+001  0.81107049E+001  0.43459595E+002  0.79535804E+002  0.21963311E+003  0.43290897E+003
 -0.86061500E+000 -0.71419413E+000 -0.34400618E+000 -0.10750257E-001  0.25196902E-001  0.10675815E+001  0.81106973E+001  0.43459421E+002  0.79535050E+002  0.21963311E+003  0.43290896E+003
 -0.86061500E+000 -0.71419408E+000 -0.34400597E+000 -0.10750257E-001  0.25196905E-001  0.10675747E+001  0.81106857E+001  0.43459246E+002  0.79534293E+002  0.21963311E+003  0.43290895E+003
 -0.86061500E+000 -0.71419408E+000 -0.34400638E+000 -0.10750319E-001  0.25196907E-001  0.10675661E+001  0.81106705E+001  0.43459069E+002  0.79533533E+002  0.21963310E+003  0.43290894E+003
 -0.86061500E+000 -0.71419411E+000 -0.34400736E+000 -0.10750439E-001  0.25196909E-001  0.10675558E+001  0.81106518E+001  0.43458890E+002  0.79532769E+002  0.21963310E+003  0.43290893E+003
 -0.86061500E+000 -0.71419417E+000 -0.34400886E+000 -0.10750610E-001  0.25196910E-001  0.10675440E+001  0.81106299E+001  0.43458711E+002  0.79532004E+002  0.21963310E+003  0.43290892E+003
 -0.86061500E+000 -0.71419427E+000 -0.34401085E+000 -0.10750829E-001  0.25196910E-001  0.10675309E+001  0.81106051E+001  0.43458530E+002  0.79531236E+002  0.21963310E+003  0.43290891E+003
 -0.86061501E+000 -0.71419439E+000 -0.34401326E+000 -0.10751091E-001  0.25196910E-001  0.10675166E+001  0.81105777E+001  0.43458349E+002  0.79530468E+002  0.21963310E+003  0.43290890E+003
 -0.86061501E+000 -0.71419453E+000 -0.34401607E+000 -0.10751392E-001  0.25196910E-001  0.10675013E+001  0.81105479E+001  0.43458167E+002  0.79529698E+002  0.21963309E+003  0.43290889E+003
 -0.86061502E+000 -0.71419470E+000 -0.34401922E+000 -0.10751727E-001  0.25196909E-001  0.10674851E+001  0.81105160E+001  0.43457985E+002  0.79528928E+002  0.21963309E+003  0.43290888E+003
 -0.86061503E+000 -0.71419489E+000 -0.34402267E+000 -0.10752091E-001  0.25196908E-001  0.10674683E+001  0.81104822E+001  0.43457803E+002  0.79528158E+002  0.21963309E+003  0.43290886E+003
 -0.86061504E+000 -0.71419509E+000 -0.34402638E+000 -0.10752482E-001  0.25196907E-001  0.10674508E+001  0.81104467E+001  0.43457622E+002  0.79527389E+002  0.21963309E+003  0.43290885E+003
 -0.86061505E+000 -0.71419531E+000 -0.34403031E+000 -0.10752895E-001  0.25196905E-001  0.10674328E+001  0.81104098E+001  0.43457440E+002  0.79526621E+002  0.21963308E+003  0.43290884E+003
 -0.86061506E+000 -0.71419554E+000 -0.34403443E+000 -0.10753327E-001  0.25196903E-001  0.10674146E+001  0.81103717E+001  0.43457259E+002  0.79525855E+002  0.21963308E+003  0.43290882E+003
 -0.86061507E+000 -0.71419578E+000 -0.34403870E+000 -0.10753773E-001  0.25196901E-001  0.10673961E+001  0.81103326E+001  0.43457079E+002  0.79525091E+002  0.21963308E+003  0.43290881E+003
 -0.86061509E+000 -0.71419603E+000 -0.34404308E+000 -0.10754231E-001  0.25196899E-001  0.10673776E+001  0.81102927E+001  0.43456900E+002  0.79524331E+002  0.21963308E+003  0.43290880E+003
 -0.86061510E+000 -0.71419629E+000 -0.34404755E+000 -0.10754696E-001  0.25196896E-001  0.10673590E+001  0.81102522E+001  0.43456723E+002  0.79523574E+002  0.21963307E+003  0.43290878E+003
 -0.86061511E+000 -0.71419655E+000 -0.34405207E+000 -0.10755167E-001  0.25196893E-001  0.10673406E+001  0.81102114E+001  0.43456546E+002  0.79522822E+002  0.21963307E+003  0.43290877E+003
 -0.86061512E+000 -0.71419681E+000 -0.34405660E+000 -0.10755639E-001  0.25196890E-001  0.10673224E+001  0.81101703E+001  0.43456371E+002  0.79522074E+002  0.21963307E+003  0.43290875E+003
 -0.86061514E+000 -0.71419707E+000 -0.34406113E+000 -0.10756110E-001  0.25196888E-001  0.10673045E+001  0.81101293E+001  0.43456198E+002  0.79521332E+002  0.21963307E+003  0.43290874E+003
 -0.86061515E+000 -0.71419733E+000 -0.34406562E+000 -0.10756577E-001  0.25196885E-001  0.10672869E+001  0.81100884E+001  0.43456027E+002  0.79520595E+002  0.21963306E+003  0.43290872E+003
 -0.86061516E+000 -0.71419759E+000 -0.34407005E+000 -0.10757038E-001  0.25196882E-001  0.10672699E+001  0.81100478E+001  0.43455857E+002  0.79519866E+002  0.21963306E+003  0.43290871E+003
 -0.86061517E+000 -0.71419784E+000 -0.34407439E+000 -0.10757489E-001  0.25196879E-001  0.10672533E+001  0.81100077E+001  0.43455690E+002  0.79519143E+002  0.21963306E+003  0.43290869E+003
 -0.86061519E+000 -0.71419809E+000 -0.34407862E+000 -0.10757929E-001  0.25196876E-001  0.10672374E+001  0.81099683E+001  0.43455526E+002  0.79518429E+002  0.21963306E+003  0.43290867E+003
 -0.86061520E+000 -0.71419833E+000 -0.34408272E+000 -0.10758356E-001  0.25196873E-001  0.10672221E+001  0.81099296E+001  0.43455364E+002  0.79517722E+002  0.21963305E+003  0.43290866E+003
 -0.86061521E+000 -0.71419856E+000 -0.34408667E+000 -0.10758767E-001  0.25196870E-001  0.10672074E+001  0.81098919E+001  0.43455205E+002  0.79517025E+002  0.21963305E+003  0.43290864E+003
 -0.86061522E+000 -0.71419878E+000 -0.34409046E+000 -0.10759160E-001  0.25196868E-001  0.10671936E+001  0.81098552E+001  0.43455049E+002  0.79516337E+002  0.21963305E+003  0.43290862E+003
 -0.86061523E+000 -0.71419900E+000 -0.34409406E+000 -0.10759535E-001  0.25196865E-001  0.10671805E+001  0.81098196E+001  0.43454895E+002  0.79515658E+002  0.21963305E+003  0.43290861E+003
 -0.86061524E+000 -0.71419920E+000 -0.34409747E+000 -0.10759890E-001  0.25196863E-001  0.10671682E+001  0.81097854E+001  0.43454745E+002  0.79514991E+002  0.21963304E+003  0.43290859E+003
 -0.86061525E+000 -0.71419939E+000 -0.34410066E+000 -0.10760223E-001  0.25196860E-001  0.10671567E+001  0.81097525E+001  0.43454599E+002  0.79514334E+002  0.21963304E+003  0.43290857E+003
 -0.86061526E+000 -0.71419956E+000 -0.34410365E+000 -0.10760534E-001  0.25196858E-001  0.10671461E+001  0.81097210E+001  0.43454455E+002  0.79513689E+002  0.21963304E+003  0.43290855E+003
 -0.86061527E+000 -0.71419973E+000 -0.34410640E+000 -0.10760821E-001  0.25196856E-001  0.10671363E+001  0.81096911E+001  0.43454316E+002  0.79513056E+002  0.21963304E+003  0.43290854E+003
 -0.86061528E+000 -0.71419988E+000 -0.34410892E+000 -0.10761084E-001  0.25196855E-001  0.10671274E+001  0.81096628E+001  0.43454180E+002  0.79512435E+002  0.21963304E+003  0.43290852E+003
 -0.86061528E+000 -0.71420001E+000 -0.34411121E+000 -0.10761323E-001  0.25196853E-001  0.10671194E+001  0.81096361E+001  0.43454047E+002  0.79511826E+002  0.21963303E+003  0.43290850E+003
 -0.86061529E+000 -0.71420014E+000 -0.34411326E+000 -0.10761538E-001  0.25196852E-001  0.10671122E+001  0.81096111E+001  0.43453919E+002  0.79511231E+002  0.21963303E+003  0.43290848E+003
 -0.86061529E+000 -0.71420024E+000 -0.34411507E+000 -0.10761727E-001  0.25196851E-001  0.10671059E+001  0.81095877E+001  0.43453794E+002  0.79510650E+002  0.21963303E+003  0.43290847E+003
 -0.86061530E+000 -0.71420034E+000 -0.34411664E+000 -0.10761892E-001  0.25196850E-001  0.10671005E+001  0.81095662E+001  0.43453674E+002  0.79510082E+002  0.21963303E+003  0.43290845E+003
 -0.86061530E+000 -0.71420042E+000 -0.34411798E+000 -0.10762032E-001  0.25196849E-001  0.10670958E+001  0.81095463E+001  0.43453557E+002  0.79509528E+002  0.21963302E+003  0.43290843E+003
 -0.86061531E+000 -0.71420048E+000 -0.34411908E+000 -0.10762147E-001  0.25196848E-001  0.10670920E+001  0.81095282E+001  0.43453445E+002  0.79508988E+002  0.21963302E+003  0.43290842E+003
 -0.86061531E+000 -0.71420054E+000 -0.34411995E+000 -0.10762240E-001  0.25196848E-001  0.10670890E+001  0.81095119E+001  0.43453337E+002  0.79508463E+002  0.21963302E+003  0.43290840E+003
 -0.86061531E+000 -0.71420058E+000 -0.34412061E+000 -0.10762309E-001  0.25196847E-001  0.10670867E+001  0.81094972E+001  0.43453233E+002  0.79507952E+002  0.21963302E+003  0.43290838E+003
 -0.86061531E+000 -0.71420060E+000 -0.34412104E+000 -0.10762355E-001  0.25196847E-001  0.10670852E+001  0.81094842E+001  0.43453133E+002  0.79507456E+002  0.21963302E+003  0.43290836E+003
 -0.86061531E+000 -0.71420062E+000 -0.34412128E+000 -0.10762381E-001  0.25196847E-001  0.10670844E+001  0.81094728E+001  0.43453037E+002  0.79506976E+002  0.21963301E+003  0.43290835E+003
 -0.86061531E+000 -0.71420062E+000 -0.34412131E+000 -0.10762385E-001  0.25196847E-001  0.10670842E+001  0.81094631E+001  0.43452945E+002  0.79506510E+002  0.21963301E+003  0.43290833E+003
 -0.86061531E+000 -0.71420061E+000 -0.34412116E+000 -0.10762370E-001  0.25196848E-001  0.10670847E+001  0.81094548E+001  0.43452858E+002  0.79506059E+002  0.21963301E+003  0.43290831E+003
 -0.86061531E+000 -0.71420060E+000 -0.34412083E+000 -0.10762337E-001  0.25196848E-001  0.10670857E+001  0.81094481E+001  0.43452774E+002  0.79505623E+002  0.21963301E+003  0.43290830E+003
 -0.86061531E+000 -0.71420057E+000 -0.34412034E+000 -0.10762287E-001  0.25196849E-001  0.10670873E+001  0.81094428E+001  0.43452695E+002  0.79505202E+002  0.21963301E+003  0.43290828E+003
 -0.86061531E+000 -0.71420053E+000 -0.34411970E+000 -0.10762221E-001  0.25196849E-001  0.10670894E+001  0.81094388E+001  0.43452619E+002  0.79504795E+002  0.21963301E+003  0.43290827E+003
 -0.86061531E+000 -0.71420049E+000 -0.34411892E+000 -0.10762140E-001  0.25196850E-001  0.10670920E+001  0.81094360E+001  0.43452548E+002  0.79504404E+002  0.21963300E+003  0.43290825E+003
 -0.86061530E+000 -0.71420043E+000 -0.34411801E+000 -0.10762046E-001  0.25196851E-001  0.10670950E+001  0.81094345E+001  0.43452480E+002  0.79504027E+002  0.21963300E+003  0.43290824E+003
 -0.86061530E+000 -0.71420037E+000 -0.34411699E+000 -0.10761939E-001  0.25196851E-001  0.10670984E+001  0.81094341E+001  0.43452416E+002  0.79503665E+002  0.21963300E+003  0.43290822E+003
 -0.86061530E+000 -0.71420031E+000 -0.34411586E+000 -0.10761822E-001  0.25196852E-001  0.10671022E+001  0.81094346E+001  0.43452356E+002  0.79503317E+002  0.21963300E+003  0.43290820E+003
 -0.86061529E+000 -0.71420024E+000 -0.34411465E+000 -0.10761696E-001  0.25196853E-001  0.10671062E+001  0.81094362E+001  0.43452299E+002  0.79502983E+002  0.21963300E+003  0.43290819E+003
 -0.86061529E+000 -0.71420016E+000 -0.34411336E+000 -0.10761562E-001  0.25196854E-001  0.10671105E+001  0.81094385E+001  0.43452246E+002  0.79502662E+002  0.21963300E+003  0.43290818E+003
 -0.86061529E+000 -0.71420008E+000 -0.34411201E+000 -0.10761422E-001  0.25196855E-001  0.10671150E+001  0.81094417E+001  0.43452196E+002  0.79502356E+002  0.21963299E+003  0.43290816E+003
 -0.86061528E+000 -0.71420000E+000 -0.34411062E+000 -0.10761276E-001  0.25196856E-001  0.10671196E+001  0.81094455E+001  0.43452149E+002  0.79502062E+002  0.21963299E+003  0.43290815E+003
 -0.86061528E+000 -0.71419992E+000 -0.34410918E+000 -0.10761126E-001  0.25196856E-001  0.10671244E+001  0.81094498E+001  0.43452105E+002  0.79501781E+002  0.21963299E+003  0.43290813E+003
 -0.86061527E+000 -0.71419983E+000 -0.34410772E+000 -0.10760974E-001  0.25196857E-001  0.10671292E+001  0.81094547E+001  0.43452065E+002  0.79501513E+002  0.21963299E+003  0.43290812E+003
 -0.86061527E+000 -0.71419975E+000 -0.34410625E+000 -0.10760821E-001  0.25196858E-001  0.10671341E+001  0.81094600E+001  0.43452027E+002  0.79501257E+002  0.21963299E+003  0.43290811E+003
 -0.86061527E+000 -0.71419966E+000 -0.34410478E+000 -0.10760667E-001  0.25196858E-001  0.10671390E+001  0.81094656E+001  0.43451991E+002  0.79501012E+002  0.21963299E+003  0.43290809E+003
 -0.86061526E+000 -0.71419958E+000 -0.34410332E+000 -0.10760514E-001  0.25196859E-001  0.10671439E+001  0.81094714E+001  0.43451958E+002  0.79500779E+002  0.21963299E+003  0.43290808E+003
 -0.86061526E+000 -0.71419949E+000 -0.34410187E+000 -0.10760364E-001  0.25196859E-001  0.10671486E+001  0.81094774E+001  0.43451928E+002  0.79500557E+002  0.21963299E+003  0.43290807E+003
 -0.86061525E+000 -0.71419941E+000 -0.34410046E+000 -0.10760217E-001  0.25196859E-001  0.10671532E+001  0.81094835E+001  0.43451899E+002  0.79500345E+002  0.21963299E+003  0.43290806E+003
 -0.86061525E+000 -0.71419933E+000 -0.34409908E+000 -0.10760074E-001  0.25196859E-001  0.10671577E+001  0.81094896E+001  0.43451873E+002  0.79500144E+002  0.21963298E+003  0.43290804E+003
 -0.86061525E+000 -0.71419926E+000 -0.34409775E+000 -0.10759936E-001  0.25196859E-001  0.10671620E+001  0.81094956E+001  0.43451848E+002  0.79499952E+002  0.21963298E+003  0.43290803E+003
 -0.86061524E+000 -0.71419918E+000 -0.34409648E+000 -0.10759804E-001  0.25196859E-001  0.10671661E+001  0.81095015E+001  0.43451825E+002  0.79499769E+002  0.21963298E+003  0.43290802E+003
 -0.86061524E+000 -0.71419911E+000 -0.34409526E+000 -0.10759679E-001  0.25196858E-001  0.10671698E+001  0.81095072E+001  0.43451804E+002  0.79499595E+002  0.21963298E+003  0.43290801E+003
 -0.86061524E+000 -0.71419905E+000 -0.34409412E+000 -0.10759561E-001  0.25196857E-001  0.10671733E+001  0.81095126E+001  0.43451784E+002  0.79499429E+002  0.21963298E+003  0.43290800E+003
 -0.86061523E+000 -0.71419899E+000 -0.34409305E+000 -0.10759452E-001  0.25196857E-001  0.10671765E+001  0.81095177E+001  0.43451765E+002  0.79499271E+002  0.21963298E+003  0.43290799E+003
 -0.86061523E+000 -0.71419893E+000 -0.34409205E+000 -0.10759352E-001  0.25196855E-001  0.10671793E+001  0.81095223E+001  0.43451746E+002  0.79499120E+002  0.21963298E+003  0.43290798E+003
 -0.86061523E+000 -0.71419888E+000 -0.34409115E+000 -0.10759261E-001  0.25196854E-001  0.10671818E+001  0.81095265E+001  0.43451729E+002  0.79498976E+002  0.21963298E+003  0.43290797E+003
 -0.86061523E+000 -0.71419884E+000 -0.34409033E+000 -0.10759180E-001  0.25196852E-001  0.10671838E+001  0.81095302E+001  0.43451712E+002  0.79498838E+002  0.21963298E+003  0.43290796E+003
 -0.86061522E+000 -0.71419880E+000 -0.34408960E+000 -0.10759110E-001  0.25196851E-001  0.10671854E+001  0.81095333E+001  0.43451696E+002  0.79498706E+002  0.21963298E+003  0.43290795E+003
 -0.86061522E+000 -0.71419876E+000 -0.34408897E+000 -0.10759051E-001  0.25196849E-001  0.10671865E+001  0.81095357E+001  0.43451680E+002  0.79498579E+002  0.21963298E+003  0.43290794E+003
 -0.86061522E+000 -0.71419873E+000 -0.34408843E+000 -0.10759002E-001  0.25196846E-001  0.10671872E+001  0.81095374E+001  0.43451663E+002  0.79498457E+002  0.21963298E+003  0.43290793E+003
 -0.86061522E+000 -0.71419871E+000 -0.34408800E+000 -0.10758966E-001  0.25196844E-001  0.10671873E+001  0.81095384E+001  0.43451647E+002  0.79498338E+002  0.21963297E+003  0.43290792E+003
 -0.86061522E+000 -0.71419869E+000 -0.34408766E+000 -0.10758940E-001  0.25196841E-001  0.10671869E+001  0.81095386E+001  0.43451630E+002  0.79498224E+002  0.21963297E+003  0.43290791E+003
 -0.86061522E+000 -0.71419868E+000 -0.34408742E+000 -0.10758927E-001  0.25196838E-001  0.10671860E+001  0.81095379E+001  0.43451612E+002  0.79498112E+002  0.21963297E+003  0.43290790E+003
 -0.86061522E+000 -0.71419868E+000 -0.34408728E+000 -0.10758926E-001  0.25196835E-001  0.10671844E+001  0.81095362E+001  0.43451594E+002  0.79498003E+002  0.21963297E+003  0.43290790E+003
 -0.86061522E+000 -0.71419868E+000 -0.34408724E+000 -0.10758936E-001  0.25196831E-001  0.10671823E+001  0.81095335E+001  0.43451574E+002  0.79497895E+002  0.21963297E+003  0.43290789E+003
 -0.86061522E+000 -0.71419869E+000 -0.34408730E+000 -0.10758958E-001  0.25196827E-001  0.10671796E+001  0.81095298E+001  0.43451552E+002  0.79497788E+002  0.21963297E+003  0.43290788E+003
 -0.86061522E+000 -0.71419870E+000 -0.34408745E+000 -0.10758992E-001  0.25196823E-001  0.10671762E+001  0.81095249E+001  0.43451529E+002  0.79497681E+002  0.21963297E+003  0.43290787E+003
 -0.86061522E+000 -0.71419872E+000 -0.34408770E+000 -0.10759038E-001  0.25196819E-001  0.10671722E+001  0.81095187E+001  0.43451503E+002  0.79497574E+002  0.21963297E+003  0.43290786E+003
 -0.86061523E+000 -0.71419874E+000 -0.34408805E+000 -0.10759096E-001  0.25196815E-001  0.10671675E+001  0.81095112E+001  0.43451475E+002  0.79497466E+002  0.21963297E+003  0.43290786E+003
 -0.86061523E+000 -0.71419877E+000 -0.34408851E+000 -0.10759167E-001  0.25196810E-001  0.10671621E+001  0.81095024E+001  0.43451444E+002  0.79497354E+002  0.21963297E+003  0.43290785E+003
 -0.86061523E+000 -0.71419881E+000 -0.34408907E+000 -0.10759251E-001  0.25196805E-001  0.10671560E+001  0.81094919E+001  0.43451409E+002  0.79497240E+002  0.21963297E+003  0.43290784E+003
 -0.86061523E+000 -0.71419885E+000 -0.34408976E+000 -0.10759350E-001  0.25196800E-001  0.10671491E+001  0.81094798E+001  0.43451370E+002  0.79497120E+002  0.21963297E+003  0.43290784E+003
 -0.86061524E+000 -0.71419890E+000 -0.34409059E+000 -0.10759467E-001  0.25196795E-001  0.10671413E+001  0.81094660E+001  0.43451326E+002  0.79496994E+002  0.21963297E+003  0.43290783E+003
 -0.86061524E+000 -0.71419896E+000 -0.34409156E+000 -0.10759600E-001  0.25196789E-001  0.10671327E+001  0.81094502E+001  0.43451277E+002  0.79496860E+002  0.21963297E+003  0.43290783E+003
 -0.86061524E+000 -0.71419903E+000 -0.34409264E+000 -0.10759750E-001  0.25196783E-001  0.10671233E+001  0.81094325E+001  0.43451222E+002  0.79496716E+002  0.21963297E+003  0.43290782E+003
 -0.86061525E+000 -0.71419910E+000 -0.34409375E+000 -0.10759907E-001  0.25196777E-001  0.10671132E+001  0.81094130E+001  0.43451160E+002  0.79496561E+002  0.21963297E+003  0.43290781E+003
 -0.86061525E+000 -0.71419915E+000 -0.34409473E+000 -0.10760055E-001  0.25196772E-001  0.10671029E+001  0.81093917E+001  0.43451091E+002  0.79496393E+002  0.21963297E+003  0.43290781E+003
 -0.86061525E+000 -0.71419919E+000 -0.34409540E+000 -0.10760170E-001  0.25196766E-001  0.10670927E+001  0.81093690E+001  0.43451013E+002  0.79496210E+002  0.21963297E+003  0.43290780E+003
 -0.86061525E+000 -0.71419921E+000 -0.34409568E+000 -0.10760235E-001  0.25196760E-001  0.10670830E+001  0.81093450E+001  0.43450927E+002  0.79496012E+002  0.21963296E+003  0.43290780E+003
 -0.86061526E+000 -0.71419922E+000 -0.34409590E+000 -0.10760281E-001  0.25196754E-001  0.10670731E+001  0.81093193E+001  0.43450831E+002  0.79495795E+002  0.21963296E+003  0.43290779E+003
 -0.86061526E+000 -0.71419931E+000 -0.34409735E+000 -0.10760444E-001  0.25196748E-001  0.10670604E+001  0.81092901E+001  0.43450724E+002  0.79495554E+002  0.21963296E+003  0.43290779E+003
 -0.86061527E+000 -0.71419956E+000 -0.34410189E+000 -0.10760978E-001  0.25196739E-001  0.10670393E+001  0.81092539E+001  0.43450601E+002  0.79495280E+002  0.21963296E+003  0.43290778E+003
 -0.86061529E+000 -0.71420000E+000 -0.34411021E+000 -0.10762019E-001  0.25196727E-001  0.10670072E+001  0.81092077E+001  0.43450458E+002  0.79494963E+002  0.21963296E+003  0.43290777E+003
 -0.86061530E+000 -0.71420015E+000 -0.34411516E+000 -0.10762897E-001  0.25196714E-001  0.10669738E+001  0.81091604E+001  0.43450285E+002  0.79494608E+002  0.21963296E+003  0.43290779E+003
 -0.86061531E+000 -0.71420017E+000 -0.34411416E+000 -0.10763037E-001  0.25196707E-001  0.10669710E+001  0.81091403E+001  0.43450115E+002  0.79494268E+002  0.21963297E+003  0.43290782E+003
