  0.30954125E+000  0.33962115E+000  0.44896790E+000  0.59604286E+000  0.78048718E+000  0.86883089E+000  0.11748721E+001  0.17279492E+001  0.23622701E+001  0.35293102E+001  0.54030345E+001
  0.30953050E+000  0.33955311E+000  0.44882755E+000  0.59599608E+000  0.78039320E+000  0.86868218E+000  0.11746769E+001  0.17279948E+001  0.23618804E+001  0.35288317E+001  0.54035580E+001
  0.30950585E+000  0.33949043E+000  0.44876591E+000  0.59604286E+000  0.78030339E+000  0.86865974E+000  0.11744723E+001  0.17279014E+001  0.23615193E+001  0.35283960E+001  0.54030124E+001
  0.30944015E+000  0.33943395E+000  0.44873249E+000  0.59604286E+000  0.78022079E+000  0.86864004E+000  0.11743174E+001  0.17277396E+001  0.23611901E+001  0.35279782E+001  0.54027360E+001
  0.30944429E+000  0.33938381E+000  0.44865390E+000  0.59603393E+000  0.78014642E+000  0.86861766E+000  0.11731607E+001  0.17276349E+001  0.23608998E+001  0.35276161E+001  0.54022053E+001
  0.30941420E+000  0.33933969E+000  0.44860629E+000  0.59603995E+000  0.78008033E+000  0.86859134E+000  0.11729923E+001  0.17276227E+001  0.23606261E+001  0.35272801E+001  0.54017932E+001
  0.30938637E+000  0.33930109E+000  0.44855607E+000  0.59604286E+000  0.78002204E+000  0.86857949E+000  0.11724421E+001  0.17275083E+001  0.23604028E+001  0.35269937E+001  0.54015066E+001
  0.30932628E+000  0.33926743E+000  0.44851804E+000  0.59604286E+000  0.77997089E+000  0.86854837E+000  0.11723207E+001  0.17272983E+001  0.23602067E+001  0.35267433E+001  0.54012648E+001
  0.30933866E+000  0.33923814E+000  0.44846696E+000  0.59600875E+000  0.77984065E+000  0.86853877E+000  0.11722293E+001  0.17271832E+001  0.23600047E+001  0.35265247E+001  0.54010602E+001
  0.30928617E+000  0.33921268E+000  0.44844008E+000  0.59604286E+000  0.77979964E+000  0.86850051E+000  0.11721491E+001  0.17270789E+001  0.23598540E+001  0.35263340E+001  0.54008868E+001
  0.30930112E+000  0.33919056E+000  0.44841679E+000  0.59604286E+000  0.77976428E+000  0.86852485E+000  0.11720788E+001  0.17269850E+001  0.23597221E+001  0.35261675E+001  0.54007395E+001
  0.30928571E+000  0.33917134E+000  0.44836273E+000  0.59591964E+000  0.77973385E+000  0.86851822E+000  0.11720177E+001  0.17269007E+001  0.23596067E+001  0.35260222E+001  0.54006140E+001
  0.30927225E+000  0.33915463E+000  0.44834874E+000  0.59591954E+000  0.77970769E+000  0.86849983E+000  0.11719645E+001  0.17268255E+001  0.23595056E+001  0.35258947E+001  0.54005071E+001
  0.30926052E+000  0.33914009E+000  0.44833660E+000  0.59604286E+000  0.77968525E+000  0.86848476E+000  0.11719211E+001  0.17267541E+001  0.23594084E+001  0.35257817E+001  0.54004159E+001
  0.30925032E+000  0.33912743E+000  0.44832607E+000  0.59604286E+000  0.77966601E+000  0.86847147E+000  0.11718837E+001  0.17266651E+001  0.23593391E+001  0.35256854E+001  0.54013073E+001
  0.30924147E+000  0.33911640E+000  0.44831693E+000  0.59600197E+000  0.77964955E+000  0.86845973E+000  0.11718516E+001  0.17266147E+001  0.23592708E+001  0.35255999E+001  0.54012298E+001
  0.30923381E+000  0.33910676E+000  0.44826848E+000  0.59599027E+000  0.77963549E+000  0.86844933E+000  0.11718239E+001  0.17265706E+001  0.23592105E+001  0.35255253E+001  0.54011637E+001
  0.30922719E+000  0.33909833E+000  0.44825883E+000  0.59598006E+000  0.77962348E+000  0.86844010E+000  0.11718000E+001  0.17265319E+001  0.23591572E+001  0.35254598E+001  0.54011074E+001
  0.30922147E+000  0.33909093E+000  0.44825039E+000  0.59604286E+000  0.77961325E+000  0.86843188E+000  0.11717795E+001  0.17264972E+001  0.23591100E+001  0.35254019E+001  0.54010594E+001
  0.30921654E+000  0.33908443E+000  0.44824298E+000  0.59604286E+000  0.77960454E+000  0.86842453E+000  0.11717618E+001  0.17264659E+001  0.23590680E+001  0.35253507E+001  0.54010184E+001
  0.30918568E+000  0.33907869E+000  0.44823647E+000  0.59595649E+000  0.77959714E+000  0.86841793E+000  0.11717466E+001  0.17264378E+001  0.23590097E+001  0.35253052E+001  0.54009835E+001
  0.30918199E+000  0.33907361E+000  0.44823072E+000  0.59595047E+000  0.77959086E+000  0.86841198E+000  0.11717336E+001  0.17264123E+001  0.23589819E+001  0.35267298E+001  0.54009538E+001
  0.30917876E+000  0.33906909E+000  0.44822562E+000  0.59594515E+000  0.77958553E+000  0.86840658E+000  0.11717225E+001  0.17263893E+001  0.23589569E+001  0.35267445E+001  0.54009284E+001
  0.30917591E+000  0.33906505E+000  0.44822109E+000  0.59594045E+000  0.77958103E+000  0.86840166E+000  0.11717130E+001  0.17263682E+001  0.23589345E+001  0.35267515E+001  0.54009068E+001
  0.30917340E+000  0.33906143E+000  0.44821703E+000  0.59601418E+000  0.77957721E+000  0.86839713E+000  0.11717049E+001  0.17263490E+001  0.23588987E+001  0.35267526E+001  0.54008883E+001
  0.30917117E+000  0.33905814E+000  0.44821338E+000  0.59604286E+000  0.77957399E+000  0.86839295E+000  0.11716981E+001  0.17263312E+001  0.23588778E+001  0.35267493E+001  0.54008726E+001
  0.30916918E+000  0.33905516E+000  0.44821007E+000  0.59604286E+000  0.77957126E+000  0.86838906E+000  0.11716924E+001  0.17263148E+001  0.23588587E+001  0.35267424E+001  0.54008591E+001
  0.30916740E+000  0.33905241E+000  0.44820705E+000  0.59604286E+000  0.77956894E+000  0.86838540E+000  0.11716876E+001  0.17262995E+001  0.23588410E+001  0.35267328E+001  0.54008476E+001
  0.30916579E+000  0.33904987E+000  0.44820427E+000  0.59604286E+000  0.77956697E+000  0.86838194E+000  0.11716836E+001  0.17262850E+001  0.23588245E+001  0.35266707E+001  0.54008377E+001
  0.30916433E+000  0.33904749E+000  0.44820167E+000  0.59604286E+000  0.77956528E+000  0.86837865E+000  0.11717009E+001  0.17262714E+001  0.23587815E+001  0.35266677E+001  0.54008291E+001
  0.30916298E+000  0.33904525E+000  0.44819924E+000  0.59604286E+000  0.77956381E+000  0.86837548E+000  0.11717709E+001  0.17262583E+001  0.23587642E+001  0.35266650E+001  0.54008216E+001
  0.30916173E+000  0.33904311E+000  0.44819693E+000  0.59604286E+000  0.77956253E+000  0.86837241E+000  0.11718661E+001  0.17262457E+001  0.23587475E+001  0.35266625E+001  0.54008150E+001
  0.30916056E+000  0.33904105E+000  0.44819472E+000  0.59604286E+000  0.77956139E+000  0.86836942E+000  0.11719267E+001  0.17262206E+001  0.23587312E+001  0.35266610E+001  0.54008091E+001
  0.30915945E+000  0.33903906E+000  0.44819258E+000  0.59604286E+000  0.77956036E+000  0.86836648E+000  0.11719811E+001  0.17262078E+001  0.23587153E+001  0.35278413E+001  0.54008038E+001
  0.30915839E+000  0.33903711E+000  0.44819050E+000  0.59604286E+000  0.77955942E+000  0.86836359E+000  0.11720368E+001  0.17261951E+001  0.23586996E+001  0.35278419E+001  0.54007989E+001
  0.30915737E+000  0.33903519E+000  0.44818845E+000  0.59604286E+000  0.77955853E+000  0.86836073E+000  0.11720913E+001  0.17261826E+001  0.23586840E+001  0.35278421E+001  0.54007944E+001
  0.30915637E+000  0.33903328E+000  0.44818642E+000  0.59604286E+000  0.77955768E+000  0.86835788E+000  0.11721442E+001  0.17261701E+001  0.23586685E+001  0.35278417E+001  0.54007902E+001
  0.30915539E+000  0.33903139E+000  0.44818440E+000  0.59598407E+000  0.77955686E+000  0.86835505E+000  0.11721953E+001  0.17261577E+001  0.23586531E+001  0.35278409E+001  0.54007861E+001
  0.30915442E+000  0.33902949E+000  0.44818239E+000  0.59591955E+000  0.77955606E+000  0.86835222E+000  0.11722206E+001  0.17261453E+001  0.23586376E+001  0.35278397E+001  0.54007822E+001
  0.30915346E+000  0.33902760E+000  0.44818037E+000  0.59591957E+000  0.77955527E+000  0.86834939E+000  0.11726307E+001  0.17261328E+001  0.23586220E+001  0.35278380E+001  0.54007783E+001
  0.30915250E+000  0.33902570E+000  0.44817835E+000  0.59604286E+000  0.77955449E+000  0.86843562E+000  0.11728038E+001  0.17261204E+001  0.23586064E+001  0.35278359E+001  0.54007745E+001
  0.30915154E+000  0.33902379E+000  0.44817632E+000  0.59604286E+000  0.77955370E+000  0.86843256E+000  0.11730264E+001  0.17261079E+001  0.23585908E+001  0.35278335E+001  0.54007707E+001
  0.30915058E+000  0.33902188E+000  0.44817427E+000  0.59604286E+000  0.77955292E+000  0.86842950E+000  0.11730221E+001  0.17260954E+001  0.23585751E+001  0.35278308E+001  0.54007670E+001
  0.30914963E+000  0.33901996E+000  0.44817222E+000  0.59604286E+000  0.77955215E+000  0.86843260E+000  0.11730177E+001  0.17260830E+001  0.23585593E+001  0.35278278E+001  0.54007632E+001
  0.30914867E+000  0.33901803E+000  0.44817016E+000  0.59604286E+000  0.77955138E+000  0.86842996E+000  0.11730133E+001  0.17260705E+001  0.23585435E+001  0.35278247E+001  0.54007595E+001
  0.30918532E+000  0.33901611E+000  0.44816809E+000  0.59604089E+000  0.77955062E+000  0.86842733E+000  0.11730089E+001  0.17260581E+001  0.23585276E+001  0.35278214E+001  0.54007557E+001
  0.30918497E+000  0.33901418E+000  0.44816602E+000  0.59604053E+000  0.77954987E+000  0.86842470E+000  0.11730045E+001  0.17260457E+001  0.23585118E+001  0.35278181E+001  0.54007519E+001
  0.30918462E+000  0.33901227E+000  0.44816396E+000  0.59604017E+000  0.77954914E+000  0.86842209E+000  0.11730001E+001  0.17260335E+001  0.23584960E+001  0.35278148E+001  0.54007482E+001
  0.30918427E+000  0.33901036E+000  0.44816190E+000  0.59603982E+000  0.77954844E+000  0.86841949E+000  0.11729957E+001  0.17260213E+001  0.23584803E+001  0.35278114E+001  0.54007444E+001
  0.30918392E+000  0.33900847E+000  0.44815985E+000  0.59603949E+000  0.77954776E+000  0.86841692E+000  0.11729914E+001  0.17260093E+001  0.23584647E+001  0.35278082E+001  0.54007407E+001
  0.30918356E+000  0.33900659E+000  0.44815782E+000  0.59603916E+000  0.77960053E+000  0.86841438E+000  0.11729871E+001  0.17259975E+001  0.23584492E+001  0.35278050E+001  0.54007370E+001
  0.30918321E+000  0.33900474E+000  0.44815581E+000  0.59604286E+000  0.77959838E+000  0.86841188E+000  0.11729829E+001  0.17259858E+001  0.23584339E+001  0.35278020E+001  0.54007334E+001
  0.30918287E+000  0.33900292E+000  0.44815383E+000  0.59604286E+000  0.77959629E+000  0.86840942E+000  0.11729788E+001  0.17259744E+001  0.23584188E+001  0.35277991E+001  0.54007298E+001
  0.30918253E+000  0.33900112E+000  0.44815187E+000  0.59604286E+000  0.77959425E+000  0.86840700E+000  0.11729748E+001  0.17259632E+001  0.23584039E+001  0.35277963E+001  0.54007263E+001
  0.30918219E+000  0.33899936E+000  0.44814994E+000  0.59604286E+000  0.77959228E+000  0.86840465E+000  0.11729709E+001  0.17259522E+001  0.23583892E+001  0.35277937E+001  0.54007228E+001
  0.30918186E+000  0.33899764E+000  0.44814806E+000  0.59604286E+000  0.77959037E+000  0.86840235E+000  0.11729672E+001  0.17259416E+001  0.23583748E+001  0.35277911E+001  0.54007195E+001
  0.30918154E+000  0.33899596E+000  0.44814620E+000  0.59604286E+000  0.77958852E+000  0.86840011E+000  0.11729635E+001  0.17259312E+001  0.23583606E+001  0.35277886E+001  0.54007162E+001
  0.30918122E+000  0.33899431E+000  0.44814439E+000  0.59604286E+000  0.77958674E+000  0.86839794E+000  0.11729600E+001  0.17259211E+001  0.23583468E+001  0.35277861E+001  0.54007131E+001
  0.30918092E+000  0.33899271E+000  0.44814262E+000  0.59604286E+000  0.77958504E+000  0.86839583E+000  0.11729569E+001  0.17259113E+001  0.23583333E+001  0.35277836E+001  0.54007100E+001
  0.30918062E+000  0.33899115E+000  0.44814090E+000  0.59604286E+000  0.77958340E+000  0.86839378E+000  0.11729554E+001  0.17259018E+001  0.23583200E+001  0.35277811E+001  0.54007070E+001
  0.30918033E+000  0.33898963E+000  0.44813921E+000  0.59604286E+000  0.77958183E+000  0.86839181E+000  0.11729541E+001  0.17258926E+001  0.23583071E+001  0.35277784E+001  0.54007042E+001
  0.30918006E+000  0.33898815E+000  0.44813757E+000  0.59604286E+000  0.77958033E+000  0.86838990E+000  0.11729527E+001  0.17258838E+001  0.23582945E+001  0.35277755E+001  0.54007014E+001
  0.30917979E+000  0.33898671E+000  0.44813597E+000  0.59604286E+000  0.77957889E+000  0.86838805E+000  0.11729514E+001  0.17258752E+001  0.23582822E+001  0.35277723E+001  0.54006988E+001
  0.30917954E+000  0.33898531E+000  0.44813441E+000  0.59604286E+000  0.77957752E+000  0.86838627E+000  0.11729502E+001  0.17258669E+001  0.23582703E+001  0.35277690E+001  0.54006962E+001
  0.30917929E+000  0.33898395E+000  0.44813289E+000  0.59604286E+000  0.77957621E+000  0.86838455E+000  0.11729490E+001  0.17260488E+001  0.23582586E+001  0.35277653E+001  0.54006937E+001
  0.30917905E+000  0.33898263E+000  0.44813141E+000  0.59604286E+000  0.77957496E+000  0.86838289E+000  0.11729478E+001  0.17260423E+001  0.23582473E+001  0.35277612E+001  0.54006913E+001
  0.30917883E+000  0.33898135E+000  0.44812997E+000  0.59604286E+000  0.77957376E+000  0.86838128E+000  0.11729467E+001  0.17260360E+001  0.23582362E+001  0.35277568E+001  0.54006890E+001
  0.30917861E+000  0.33898010E+000  0.44812856E+000  0.59604286E+000  0.77957262E+000  0.86837973E+000  0.11729456E+001  0.17260299E+001  0.23582255E+001  0.35277520E+001  0.54006867E+001
  0.30917840E+000  0.33897888E+000  0.44812719E+000  0.59604286E+000  0.77957153E+000  0.86837823E+000  0.11729446E+001  0.17260240E+001  0.23582159E+001  0.35277468E+001  0.54006846E+001
  0.30917819E+000  0.33897770E+000  0.44812586E+000  0.59604286E+000  0.77957049E+000  0.86837678E+000  0.11729436E+001  0.17260183E+001  0.23582072E+001  0.35277413E+001  0.54006825E+001
  0.30917800E+000  0.33897656E+000  0.44812456E+000  0.59604286E+000  0.77956949E+000  0.86837537E+000  0.11729426E+001  0.17260128E+001  0.23581990E+001  0.35277353E+001  0.54006804E+001
  0.30917781E+000  0.33897545E+000  0.44812330E+000  0.59604286E+000  0.77956854E+000  0.86837402E+000  0.11729416E+001  0.17260075E+001  0.23581910E+001  0.35277291E+001  0.54006784E+001
  0.30917763E+000  0.33897437E+000  0.44812208E+000  0.59604286E+000  0.77956764E+000  0.86837272E+000  0.11729407E+001  0.17260024E+001  0.23581833E+001  0.35277224E+001  0.54006765E+001
  0.30917745E+000  0.33897333E+000  0.44812090E+000  0.59604286E+000  0.77956677E+000  0.86837146E+000  0.11729398E+001  0.17259974E+001  0.23581759E+001  0.35277155E+001  0.54006746E+001
  0.30917728E+000  0.33897233E+000  0.44811976E+000  0.59603938E+000  0.77956595E+000  0.86837025E+000  0.11729389E+001  0.17259927E+001  0.23581687E+001  0.35277082E+001  0.54006728E+001
  0.30917711E+000  0.33897137E+000  0.44811866E+000  0.59604277E+000  0.77956517E+000  0.86836910E+000  0.11729381E+001  0.17259882E+001  0.23581619E+001  0.35277007E+001  0.54006711E+001
  0.30917695E+000  0.33897044E+000  0.44811761E+000  0.59604286E+000  0.77956443E+000  0.86836799E+000  0.11729373E+001  0.17259839E+001  0.23581553E+001  0.35276929E+001  0.54006694E+001
  0.30917680E+000  0.33896956E+000  0.44811660E+000  0.59604286E+000  0.77956374E+000  0.86836694E+000  0.11729366E+001  0.17259798E+001  0.23581490E+001  0.35276849E+001  0.54006678E+001
  0.30917665E+000  0.33896872E+000  0.44811565E+000  0.59604286E+000  0.77956308E+000  0.86836594E+000  0.11729359E+001  0.17259759E+001  0.23581431E+001  0.35276766E+001  0.54006662E+001
  0.30917651E+000  0.33896793E+000  0.44811474E+000  0.59604286E+000  0.77956247E+000  0.86836499E+000  0.11729352E+001  0.17259723E+001  0.23581375E+001  0.35276681E+001  0.54006647E+001
  0.30917638E+000  0.33896718E+000  0.44811389E+000  0.59604286E+000  0.77956190E+000  0.86836410E+000  0.11729346E+001  0.17259689E+001  0.23581322E+001  0.35276594E+001  0.54006633E+001
  0.30917625E+000  0.33896647E+000  0.44811308E+000  0.59604286E+000  0.77956138E+000  0.86836327E+000  0.11729341E+001  0.17259657E+001  0.23581250E+001  0.35276505E+001  0.54006620E+001
  0.30917613E+000  0.33896582E+000  0.44811234E+000  0.59604286E+000  0.77956089E+000  0.86836249E+000  0.11729336E+001  0.17259628E+001  0.23581204E+001  0.35276414E+001  0.54006607E+001
  0.30917602E+000  0.33896521E+000  0.44811164E+000  0.59604286E+000  0.77956045E+000  0.86836177E+000  0.11729331E+001  0.17259601E+001  0.23581161E+001  0.35276321E+001  0.54006596E+001
  0.30917591E+000  0.33896465E+000  0.44811101E+000  0.59604286E+000  0.77956004E+000  0.86836110E+000  0.11729327E+001  0.17259577E+001  0.23581122E+001  0.35276225E+001  0.54006585E+001
  0.30917581E+000  0.33896414E+000  0.44811042E+000  0.59604286E+000  0.77955967E+000  0.86836050E+000  0.11729323E+001  0.17259555E+001  0.23580933E+001  0.35276127E+001  0.54006575E+001
  0.30917572E+000  0.33896368E+000  0.44810990E+000  0.59604286E+000  0.77955935E+000  0.86835994E+000  0.11729320E+001  0.17259535E+001  0.23580898E+001  0.35276027E+001  0.54006565E+001
  0.30917563E+000  0.33896327E+000  0.44810942E+000  0.59604286E+000  0.77955906E+000  0.86835945E+000  0.11729317E+001  0.17259518E+001  0.23580868E+001  0.35275925E+001  0.54006557E+001
  0.30917555E+000  0.33896290E+000  0.44810901E+000  0.59604286E+000  0.77955880E+000  0.86835900E+000  0.11729315E+001  0.17259503E+001  0.23580842E+001  0.35275820E+001  0.54006549E+001
  0.30917548E+000  0.33896258E+000  0.44810864E+000  0.59604286E+000  0.77955858E+000  0.86835861E+000  0.11729313E+001  0.17259491E+001  0.23580820E+001  0.35275712E+001  0.54006542E+001
  0.30917542E+000  0.33896231E+000  0.44810833E+000  0.59604286E+000  0.77955839E+000  0.86835827E+000  0.11729311E+001  0.17259480E+001  0.23580801E+001  0.35275601E+001  0.54006536E+001
  0.30917537E+000  0.33896208E+000  0.44810806E+000  0.59604286E+000  0.77955824E+000  0.86835798E+000  0.11729310E+001  0.17259472E+001  0.23580787E+001  0.35275487E+001  0.54006530E+001
  0.30917532E+000  0.33896189E+000  0.44810785E+000  0.59604286E+000  0.77955811E+000  0.86835773E+000  0.11729309E+001  0.17259467E+001  0.23580776E+001  0.35275371E+001  0.54006526E+001
  0.30917527E+000  0.33896174E+000  0.44810768E+000  0.59604286E+000  0.77955802E+000  0.86835754E+000  0.11729309E+001  0.17259463E+001  0.23580769E+001  0.35275251E+001  0.54006522E+001
  0.30917524E+000  0.33896163E+000  0.44810756E+000  0.59604286E+000  0.77955795E+000  0.86835738E+000  0.11729309E+001  0.17259461E+001  0.23580765E+001  0.35275127E+001  0.54006518E+001
  0.30917521E+000  0.33896156E+000  0.44810748E+000  0.59604286E+000  0.77955791E+000  0.86835727E+000  0.11729309E+001  0.17259461E+001  0.23580764E+001  0.35275000E+001  0.54006515E+001
  0.30917518E+000  0.33896153E+000  0.44806936E+000  0.59604286E+000  0.77955789E+000  0.86835719E+000  0.11729309E+001  0.17259462E+001  0.23580766E+001  0.35274870E+001  0.54006513E+001
  0.30917516E+000  0.33896152E+000  0.44806939E+000  0.59604286E+000  0.77955790E+000  0.86835716E+000  0.11729309E+001  0.17259466E+001  0.23580771E+001  0.35274736E+001  0.54006511E+001
  0.30917515E+000  0.33896155E+000  0.44806946E+000  0.59604286E+000  0.77955793E+000  0.86835716E+000  0.11729310E+001  0.17259470E+001  0.23580778E+001  0.35274598E+001  0.54006510E+001
  0.30917514E+000  0.33896161E+000  0.44806955E+000  0.59604286E+000  0.77955797E+000  0.86835719E+000  0.11729311E+001  0.17259476E+001  0.23580788E+001  0.35274457E+001  0.54006510E+001
  0.30917514E+000  0.33896170E+000  0.44806966E+000  0.59604286E+000  0.77955804E+000  0.86835725E+000  0.11729312E+001  0.17259484E+001  0.23580800E+001  0.35274311E+001  0.54006509E+001
  0.30917514E+000  0.33896181E+000  0.44806980E+000  0.59604286E+000  0.77955812E+000  0.86835733E+000  0.11729313E+001  0.17259492E+001  0.23580814E+001  0.35274162E+001  0.54006509E+001
  0.30917514E+000  0.33896194E+000  0.44810792E+000  0.59604286E+000  0.77955822E+000  0.86835745E+000  0.11729315E+001  0.17259502E+001  0.23580830E+001  0.35274008E+001  0.54006510E+001
  0.30917515E+000  0.33896210E+000  0.44810810E+000  0.59604286E+000  0.77955833E+000  0.86835758E+000  0.11729316E+001  0.17259513E+001  0.23580848E+001  0.35273851E+001  0.54006511E+001
  0.30917516E+000  0.33896227E+000  0.44810830E+000  0.59604286E+000  0.77955845E+000  0.86835774E+000  0.11729317E+001  0.17259524E+001  0.23580867E+001  0.35273689E+001  0.54006512E+001
  0.30917518E+000  0.33896246E+000  0.44810852E+000  0.59604286E+000  0.77955858E+000  0.86835792E+000  0.11729319E+001  0.17259536E+001  0.23581038E+001  0.35273524E+001  0.54006513E+001
  0.30917520E+000  0.33896266E+000  0.44810875E+000  0.59604286E+000  0.77955873E+000  0.86835811E+000  0.11729320E+001  0.17259549E+001  0.23581057E+001  0.35273354E+001  0.54006515E+001
  0.30917522E+000  0.33896288E+000  0.44810900E+000  0.59604286E+000  0.77955888E+000  0.86835831E+000  0.11729322E+001  0.17259562E+001  0.23581076E+001  0.35273181E+001  0.54006517E+001
  0.30917524E+000  0.33896311E+000  0.44810926E+000  0.59604286E+000  0.77955904E+000  0.86835853E+000  0.11729323E+001  0.17259575E+001  0.23581096E+001  0.35273003E+001  0.54006519E+001
  0.30917526E+000  0.33896335E+000  0.44810953E+000  0.59604286E+000  0.77955920E+000  0.86835876E+000  0.11729325E+001  0.17259589E+001  0.23581116E+001  0.35265858E+001  0.54006521E+001
  0.30917529E+000  0.33896359E+000  0.44810981E+000  0.59604286E+000  0.77955938E+000  0.86835900E+000  0.11729326E+001  0.17259603E+001  0.23581137E+001  0.35258722E+001  0.54006523E+001
  0.30917532E+000  0.33896384E+000  0.44811009E+000  0.59604286E+000  0.77955955E+000  0.86835925E+000  0.11729327E+001  0.17259617E+001  0.23581158E+001  0.35258217E+001  0.54006525E+001
  0.30917535E+000  0.33896410E+000  0.44811038E+000  0.59604286E+000  0.77955973E+000  0.86835950E+000  0.11729329E+001  0.17259631E+001  0.23581206E+001  0.35257697E+001  0.54006527E+001
  0.30917538E+000  0.33896435E+000  0.44811067E+000  0.59604286E+000  0.77955991E+000  0.86835975E+000  0.11729330E+001  0.17259645E+001  0.23581227E+001  0.35257165E+001  0.54006529E+001
  0.30917541E+000  0.33896461E+000  0.44811097E+000  0.59604286E+000  0.77956009E+000  0.86836001E+000  0.11729331E+001  0.17259659E+001  0.23581247E+001  0.35256621E+001  0.54006532E+001
  0.30917544E+000  0.33896487E+000  0.44811126E+000  0.59604286E+000  0.77956027E+000  0.86836027E+000  0.11729332E+001  0.17259672E+001  0.23581267E+001  0.35256064E+001  0.54006534E+001
  0.30917547E+000  0.33896513E+000  0.44811155E+000  0.59604286E+000  0.77956044E+000  0.86836052E+000  0.11729333E+001  0.17259685E+001  0.23581287E+001  0.35255496E+001  0.54006536E+001
  0.30917550E+000  0.33896538E+000  0.44811184E+000  0.59604286E+000  0.77956062E+000  0.86836078E+000  0.11729333E+001  0.17259698E+001  0.23581306E+001  0.35254918E+001  0.54006538E+001
  0.30917554E+000  0.33896563E+000  0.44811212E+000  0.59604286E+000  0.77956079E+000  0.86836102E+000  0.11729334E+001  0.17259710E+001  0.23581325E+001  0.35254330E+001  0.54006540E+001
  0.30917557E+000  0.33896587E+000  0.44811239E+000  0.59604286E+000  0.77956096E+000  0.86836127E+000  0.11729334E+001  0.17259722E+001  0.23581343E+001  0.35253732E+001  0.54006542E+001
  0.30917560E+000  0.33896611E+000  0.44811266E+000  0.59604286E+000  0.77956113E+000  0.86836150E+000  0.11729335E+001  0.17259732E+001  0.23581360E+001  0.35253127E+001  0.54006543E+001
  0.30917563E+000  0.33896633E+000  0.44811291E+000  0.59604286E+000  0.77956128E+000  0.86836173E+000  0.11729335E+001  0.17259743E+001  0.23581376E+001  0.35248032E+001  0.54006545E+001
  0.30917566E+000  0.33896655E+000  0.44811316E+000  0.59604286E+000  0.77956143E+000  0.86836195E+000  0.11729335E+001  0.17259752E+001  0.23581392E+001  0.35247701E+001  0.54006546E+001
  0.30917569E+000  0.33896676E+000  0.44811339E+000  0.59604286E+000  0.77956158E+000  0.86836216E+000  0.11729335E+001  0.17259761E+001  0.23581406E+001  0.35247370E+001  0.54006548E+001
  0.30917572E+000  0.33896696E+000  0.44811362E+000  0.59604286E+000  0.77956171E+000  0.86836236E+000  0.11729334E+001  0.17259768E+001  0.23581420E+001  0.35247039E+001  0.54006549E+001
  0.30917575E+000  0.33896715E+000  0.44811383E+000  0.59604286E+000  0.77956184E+000  0.86836255E+000  0.11729334E+001  0.17259775E+001  0.23581433E+001  0.35246710E+001  0.54006549E+001
  0.30917577E+000  0.33896732E+000  0.44811402E+000  0.59604286E+000  0.77956196E+000  0.86836273E+000  0.11729333E+001  0.17259781E+001  0.23581444E+001  0.35246382E+001  0.54006550E+001
  0.30917580E+000  0.33896748E+000  0.44811420E+000  0.59604286E+000  0.77956207E+000  0.86836289E+000  0.11729333E+001  0.17259787E+001  0.23581455E+001  0.35246056E+001  0.54006550E+001
  0.30917582E+000  0.33896763E+000  0.44811437E+000  0.59604286E+000  0.77956217E+000  0.86836304E+000  0.11729332E+001  0.17259791E+001  0.23581464E+001  0.35245731E+001  0.54006551E+001
  0.30917584E+000  0.33896777E+000  0.44811452E+000  0.59604286E+000  0.77956226E+000  0.86836318E+000  0.11729331E+001  0.17259794E+001  0.23581473E+001  0.35245407E+001  0.54006550E+001
  0.30917586E+000  0.33896789E+000  0.44811466E+000  0.59604286E+000  0.77956234E+000  0.86836330E+000  0.11729330E+001  0.17259797E+001  0.23581480E+001  0.35245086E+001  0.54006550E+001
  0.30917588E+000  0.33896801E+000  0.44811478E+000  0.59604286E+000  0.77956241E+000  0.86836341E+000  0.11729328E+001  0.17259798E+001  0.23581487E+001  0.35244767E+001  0.54006550E+001
  0.30917590E+000  0.33896810E+000  0.44811489E+000  0.59604286E+000  0.77956248E+000  0.86836351E+000  0.11729327E+001  0.17259799E+001  0.23581492E+001  0.35244449E+001  0.54006549E+001
  0.30917591E+000  0.33896819E+000  0.44811498E+000  0.59604286E+000  0.77956253E+000  0.86836359E+000  0.11729325E+001  0.17259799E+001  0.23581496E+001  0.35244134E+001  0.54006548E+001
  0.30917593E+000  0.33896826E+000  0.44811506E+000  0.59604286E+000  0.77956257E+000  0.86836366E+000  0.11729324E+001  0.17259798E+001  0.23581500E+001  0.35243822E+001  0.54006547E+001
  0.30917594E+000  0.33896831E+000  0.44811512E+000  0.59604286E+000  0.77956260E+000  0.86836371E+000  0.11729322E+001  0.17259796E+001  0.23581502E+001  0.35243602E+001  0.54006545E+001
  0.30917595E+000  0.33896836E+000  0.44811517E+000  0.59604286E+000  0.77956262E+000  0.86836375E+000  0.11729320E+001  0.17259793E+001  0.23581504E+001  0.35243595E+001  0.54006544E+001
  0.30917596E+000  0.33896839E+000  0.44811521E+000  0.59604286E+000  0.77956263E+000  0.86836378E+000  0.11729318E+001  0.17259790E+001  0.23581504E+001  0.35243587E+001  0.54006542E+001
  0.30917596E+000  0.33896841E+000  0.44811523E+000  0.59604286E+000  0.77956264E+000  0.86836380E+000  0.11729316E+001  0.17259786E+001  0.23581504E+001  0.35243579E+001  0.54006540E+001
  0.30917597E+000  0.33896842E+000  0.44811524E+000  0.59604286E+000  0.77956264E+000  0.86836381E+000  0.11729314E+001  0.17259781E+001  0.23581503E+001  0.35243569E+001  0.54006538E+001
  0.30917597E+000  0.33896842E+000  0.44811523E+000  0.59604286E+000  0.77956262E+000  0.86836380E+000  0.11729312E+001  0.17259776E+001  0.23581501E+001  0.35243559E+001  0.54006535E+001
  0.30917598E+000  0.33896841E+000  0.44811522E+000  0.59604286E+000  0.77956260E+000  0.86836378E+000  0.11729310E+001  0.17259770E+001  0.23581499E+001  0.35243548E+001  0.54006533E+001
  0.30917598E+000  0.33896839E+000  0.44811519E+000  0.59604286E+000  0.77956258E+000  0.86836376E+000  0.11729308E+001  0.17259764E+001  0.23581496E+001  0.35243536E+001  0.54006530E+001
  0.30917598E+000  0.33896836E+000  0.44811516E+000  0.59604286E+000  0.77956254E+000  0.86836372E+000  0.11729306E+001  0.17259757E+001  0.23581492E+001  0.35243524E+001  0.54006527E+001
  0.30917597E+000  0.33896832E+000  0.44811511E+000  0.59604286E+000  0.77956251E+000  0.86836368E+000  0.11729304E+001  0.17259750E+001  0.23581488E+001  0.35243511E+001  0.54006525E+001
  0.30917597E+000  0.33896827E+000  0.44811506E+000  0.59604286E+000  0.77956246E+000  0.86836363E+000  0.11729302E+001  0.17259743E+001  0.23581483E+001  0.35243498E+001  0.54006522E+001
  0.30917597E+000  0.33896822E+000  0.44811500E+000  0.59604286E+000  0.77956241E+000  0.86836357E+000  0.11729300E+001  0.17259735E+001  0.23581478E+001  0.35243484E+001  0.54006518E+001
  0.30917596E+000  0.33896816E+000  0.44811493E+000  0.59604286E+000  0.77956236E+000  0.86836350E+000  0.11729297E+001  0.17259727E+001  0.23581472E+001  0.35243470E+001  0.54006515E+001
  0.30917596E+000  0.33896810E+000  0.44811485E+000  0.59604286E+000  0.77956230E+000  0.86836343E+000  0.11729295E+001  0.17259719E+001  0.23581467E+001  0.35243456E+001  0.54006512E+001
  0.30917595E+000  0.33896803E+000  0.44811478E+000  0.59604286E+000  0.77956224E+000  0.86836336E+000  0.11729293E+001  0.17259710E+001  0.23581460E+001  0.35243441E+001  0.54006509E+001
  0.30917594E+000  0.33896795E+000  0.44811469E+000  0.59604286E+000  0.77956218E+000  0.86836328E+000  0.11729291E+001  0.17259702E+001  0.23581454E+001  0.35243426E+001  0.54006505E+001
  0.30917594E+000  0.33896787E+000  0.44811460E+000  0.59604286E+000  0.77956211E+000  0.86836320E+000  0.11729289E+001  0.17259693E+001  0.23581448E+001  0.35243411E+001  0.54006502E+001
  0.30917593E+000  0.33896779E+000  0.44811451E+000  0.59604286E+000  0.77956205E+000  0.86836311E+000  0.11729287E+001  0.17259685E+001  0.23581441E+001  0.35243397E+001  0.54006499E+001
  0.30917592E+000  0.33896771E+000  0.44811442E+000  0.59604286E+000  0.77956198E+000  0.86836302E+000  0.11729286E+001  0.17259677E+001  0.23581435E+001  0.35243382E+001  0.54006495E+001
  0.30917591E+000  0.33896763E+000  0.44811433E+000  0.59604286E+000  0.77956191E+000  0.86836294E+000  0.11729284E+001  0.17259668E+001  0.23581428E+001  0.35243367E+001  0.54006492E+001
  0.30917590E+000  0.33896754E+000  0.44811423E+000  0.59604286E+000  0.77956184E+000  0.86836285E+000  0.11729282E+001  0.17259660E+001  0.23581421E+001  0.35243353E+001  0.54006489E+001
  0.30917589E+000  0.33896746E+000  0.44811413E+000  0.59604286E+000  0.77956177E+000  0.86836276E+000  0.11729280E+001  0.17259652E+001  0.23581415E+001  0.35243339E+001  0.54006485E+001
  0.30917588E+000  0.33896737E+000  0.44811404E+000  0.59604286E+000  0.77956171E+000  0.86836267E+000  0.11729279E+001  0.17259644E+001  0.23581408E+001  0.35243325E+001  0.54006482E+001
  0.30917587E+000  0.33896729E+000  0.44811394E+000  0.59604286E+000  0.77956164E+000  0.86836259E+000  0.11729277E+001  0.17259637E+001  0.23581402E+001  0.35243311E+001  0.54006479E+001
  0.30917586E+000  0.33896721E+000  0.44811385E+000  0.59604286E+000  0.77956157E+000  0.86836250E+000  0.11729276E+001  0.17259629E+001  0.23581396E+001  0.35243298E+001  0.54006476E+001
  0.30917585E+000  0.33896712E+000  0.44811376E+000  0.59604286E+000  0.77956151E+000  0.86836242E+000  0.11729275E+001  0.17259622E+001  0.23581390E+001  0.35243285E+001  0.54006473E+001
  0.30917584E+000  0.33896705E+000  0.44811367E+000  0.59604286E+000  0.77956145E+000  0.86836234E+000  0.11729273E+001  0.17259616E+001  0.23581385E+001  0.35243273E+001  0.54006470E+001
  0.30917583E+000  0.33896697E+000  0.44811359E+000  0.59604286E+000  0.77956139E+000  0.86836227E+000  0.11729272E+001  0.17259609E+001  0.23581379E+001  0.35243261E+001  0.54006468E+001
  0.30917582E+000  0.33896690E+000  0.44811351E+000  0.59604286E+000  0.77956134E+000  0.86836219E+000  0.11729271E+001  0.17259603E+001  0.23581374E+001  0.35243250E+001  0.54006465E+001
  0.30917581E+000  0.33896682E+000  0.44811343E+000  0.59604286E+000  0.77956128E+000  0.86836213E+000  0.11729270E+001  0.17259598E+001  0.23581370E+001  0.35243239E+001  0.54006463E+001
  0.30917580E+000  0.33896676E+000  0.44811336E+000  0.59604286E+000  0.77956123E+000  0.86836206E+000  0.11729270E+001  0.17259592E+001  0.23581365E+001  0.35243229E+001  0.54006461E+001
  0.30917579E+000  0.33896669E+000  0.44811329E+000  0.59604286E+000  0.77956119E+000  0.86836200E+000  0.11729269E+001  0.17259588E+001  0.23581361E+001  0.35243219E+001  0.54006458E+001
  0.30917578E+000  0.33896663E+000  0.44811322E+000  0.59604286E+000  0.77956114E+000  0.86836195E+000  0.11729268E+001  0.17259583E+001  0.23581358E+001  0.35243210E+001  0.54006457E+001
  0.30917577E+000  0.33896658E+000  0.44811316E+000  0.59604286E+000  0.77956110E+000  0.86836190E+000  0.11729268E+001  0.17259579E+001  0.23581354E+001  0.35243202E+001  0.54006455E+001
  0.30917577E+000  0.33896653E+000  0.44811310E+000  0.59604286E+000  0.77956107E+000  0.86836186E+000  0.11729267E+001  0.17259576E+001  0.23581352E+001  0.35243194E+001  0.54006453E+001
  0.30917576E+000  0.33896648E+000  0.44811305E+000  0.59604286E+000  0.77956103E+000  0.86836182E+000  0.11729267E+001  0.17259573E+001  0.23581349E+001  0.35243187E+001  0.54006452E+001
  0.30917575E+000  0.33896644E+000  0.44811301E+000  0.59604286E+000  0.77956100E+000  0.86836179E+000  0.11729267E+001  0.17259570E+001  0.23581347E+001  0.35243181E+001  0.54006451E+001
  0.30917575E+000  0.33896640E+000  0.44811297E+000  0.59604286E+000  0.77956098E+000  0.86836177E+000  0.11729267E+001  0.17259568E+001  0.23581346E+001  0.35243176E+001  0.54006451E+001
  0.30917574E+000  0.33896636E+000  0.44811293E+000  0.59604286E+000  0.77956096E+000  0.86836175E+000  0.11729266E+001  0.17259566E+001  0.23581345E+001  0.35243171E+001  0.54006450E+001
  0.30917574E+000  0.33896633E+000  0.44811290E+000  0.59604286E+000  0.77956094E+000  0.86836174E+000  0.11729267E+001  0.17259565E+001  0.23581345E+001  0.35243167E+001  0.54006450E+001
  0.30917573E+000  0.33896631E+000  0.44811288E+000  0.59604286E+000  0.77956093E+000  0.86836173E+000  0.11729267E+001  0.17259564E+001  0.23581345E+001  0.35243164E+001  0.54006450E+001
  0.30917573E+000  0.33896629E+000  0.44811286E+000  0.59604286E+000  0.77956092E+000  0.86836173E+000  0.11729267E+001  0.17259564E+001  0.23581346E+001  0.35243162E+001  0.54006451E+001
  0.30917572E+000  0.33896627E+000  0.44811284E+000  0.59604286E+000  0.77956091E+000  0.86836174E+000  0.11729268E+001  0.17259564E+001  0.23581347E+001  0.35243161E+001  0.54006452E+001
  0.30917572E+000  0.33896626E+000  0.44811283E+000  0.59604286E+000  0.77956091E+000  0.86836176E+000  0.11729268E+001  0.17259565E+001  0.23581349E+001  0.35243161E+001  0.54006453E+001
  0.30917572E+000  0.33896625E+000  0.44811282E+000  0.59604286E+000  0.77956091E+000  0.86836179E+000  0.11729269E+001  0.17259566E+001  0.23581352E+001  0.35243162E+001  0.54006455E+001
  0.30917572E+000  0.33896624E+000  0.44811282E+000  0.59604286E+000  0.77956092E+000  0.86836182E+000  0.11729270E+001  0.17259568E+001  0.23581355E+001  0.35243165E+001  0.54006457E+001
  0.30917571E+000  0.33896624E+000  0.44811282E+000  0.59604286E+000  0.77956092E+000  0.86836186E+000  0.11729271E+001  0.17259570E+001  0.23581359E+001  0.35243168E+001  0.54006460E+001
  0.30917571E+000  0.33896624E+000  0.44811283E+000  0.59604286E+000  0.77956094E+000  0.86836191E+000  0.11729272E+001  0.17259572E+001  0.23581363E+001  0.35243173E+001  0.54006463E+001
  0.30917571E+000  0.33896624E+000  0.44811285E+000  0.59604286E+000  0.77956096E+000  0.86836198E+000  0.11729274E+001  0.17259575E+001  0.23581369E+001  0.35243179E+001  0.54006467E+001
  0.30917571E+000  0.33896626E+000  0.44811287E+000  0.59604286E+000  0.77956098E+000  0.86836205E+000  0.11729275E+001  0.17259579E+001  0.23581375E+001  0.35243187E+001  0.54006472E+001
  0.30917571E+000  0.33896627E+000  0.44811289E+000  0.59604286E+000  0.77956101E+000  0.86836215E+000  0.11729277E+001  0.17259582E+001  0.23581381E+001  0.35243196E+001  0.54006477E+001
  0.30917571E+000  0.33896630E+000  0.44811293E+000  0.59604286E+000  0.77956104E+000  0.86836226E+000  0.11729280E+001  0.17259586E+001  0.23581389E+001  0.35243206E+001  0.54006483E+001
  0.30917571E+000  0.33896632E+000  0.44811297E+000  0.59604286E+000  0.77956108E+000  0.86836238E+000  0.11729283E+001  0.17259590E+001  0.23581397E+001  0.35243218E+001  0.54006490E+001
  0.30917572E+000  0.33896635E+000  0.44811301E+000  0.59604286E+000  0.77956113E+000  0.86836253E+000  0.11729286E+001  0.17259594E+001  0.23581406E+001  0.35243230E+001  0.54006498E+001
  0.30917572E+000  0.33896637E+000  0.44811303E+000  0.59604286E+000  0.77956116E+000  0.86836269E+000  0.11729290E+001  0.17259597E+001  0.23581414E+001  0.35243243E+001  0.54006507E+001
  0.30917573E+000  0.33896637E+000  0.44811303E+000  0.59604286E+000  0.77956119E+000  0.86836285E+000  0.11729294E+001  0.17259598E+001  0.23581422E+001  0.35243254E+001  0.54006516E+001
  0.30917573E+000  0.33896634E+000  0.44811300E+000  0.59604286E+000  0.77956117E+000  0.86836299E+000  0.11729297E+001  0.17259597E+001  0.23581429E+001  0.35243263E+001  0.54006525E+001
  0.30917573E+000  0.33896629E+000  0.44811296E+000  0.59604286E+000  0.77956112E+000  0.86836312E+000  0.11729301E+001  0.17259593E+001  0.23581435E+001  0.35243271E+001  0.54006533E+001
  0.30917572E+000  0.33896626E+000  0.44811300E+000  0.59604286E+000  0.77956106E+000  0.86836327E+000  0.11729306E+001  0.17259589E+001  0.23581442E+001  0.35243279E+001  0.54006542E+001
  0.30917569E+000  0.33896637E+000  0.44811326E+000  0.59604286E+000  0.77956105E+000  0.86836359E+000  0.11729316E+001  0.17257518E+001  0.23581455E+001  0.35243294E+001  0.54006555E+001
  0.30917566E+000  0.33896671E+000  0.44811383E+000  0.59604286E+000  0.77956127E+000  0.86836430E+000  0.11729331E+001  0.17257529E+001  0.23581475E+001  0.35243325E+001  0.54006574E+001
  0.30917569E+000  0.33896716E+000  0.44811426E+000  0.59604286E+000  0.77956167E+000  0.86836539E+000  0.11729345E+001  0.17257546E+001  0.23581499E+001  0.35243370E+001  0.54006578E+001
  0.30917586E+000  0.33896696E+000  0.44811396E+000  0.59604286E+000  0.77956197E+000  0.86836638E+000  0.11729335E+001  0.17257525E+001  0.23581480E+001  0.35243361E+001  0.54006539E+001
  0.30917560E+000  0.33896214E+000  0.44807863E+000  0.59604286E+000  0.77956210E+000  0.86836570E+000  0.11729404E+001  0.17257472E+001  0.23581296E+001  0.35243368E+001  0.54006527E+001
  0.30917485E+000  0.33897225E+000  0.44812162E+000  0.59604286E+000  0.77958176E+000  0.86842288E+000  0.11730321E+001  0.17257691E+001  0.23581682E+001  0.35243821E+001  0.54006584E+001
