 -0.93401742E+000 -0.83813383E+000 -0.56492699E+000 -0.20764928E+000 -0.57295680E-002  0.84681032E-003  0.95404910E+000  0.45945677E+001  0.89465163E+001  0.16278867E+002  0.22291896E+002
 -0.93414134E+000 -0.83833359E+000 -0.56536416E+000 -0.20827614E+000 -0.58092236E-002  0.78788389E-003  0.95178676E+000  0.45921274E+001  0.89422980E+001  0.16271399E+002  0.22284366E+002
 -0.93423099E+000 -0.83849302E+000 -0.56573234E+000 -0.20879520E+000 -0.58230133E-002  0.77549824E-003  0.95005600E+000  0.45899136E+001  0.89384024E+001  0.16264553E+002  0.22277372E+002
 -0.93429589E+000 -0.83861920E+000 -0.56603999E+000 -0.20922085E+000 -0.58236160E-002  0.77620606E-003  0.94875001E+000  0.45879564E+001  0.89348958E+001  0.16258416E+002  0.22271043E+002
 -0.93434309E+000 -0.83871811E+000 -0.56629546E+000 -0.20956670E+000 -0.58204454E-002  0.78068363E-003  0.94777855E+000  0.45862528E+001  0.89317949E+001  0.16252994E+002  0.22265406E+002
 -0.93437760E+000 -0.83879482E+000 -0.56650621E+000 -0.20984495E+000 -0.58158707E-002  0.78607986E-003  0.94706659E+000  0.45847824E+001  0.89290890E+001  0.16248253E+002  0.22260429E+002
 -0.93440298E+000 -0.83885367E+000 -0.56667890E+000 -0.21006612E+000 -0.58108905E-002  0.79146485E-003  0.94655068E+000  0.45835188E+001  0.89267533E+001  0.16244132E+002  0.22256049E+002
 -0.93442176E+000 -0.83889829E+000 -0.56681932E+000 -0.21023923E+000 -0.58057833E-002  0.79648741E-003  0.94618583E+000  0.45824354E+001  0.89247548E+001  0.16240569E+002  0.22252207E+002
 -0.93443577E+000 -0.83893168E+000 -0.56693246E+000 -0.21037194E+000 -0.58007672E-002  0.80104022E-003  0.94593744E+000  0.45815085E+001  0.89230573E+001  0.16237499E+002  0.22248845E+002
 -0.93444632E+000 -0.83895629E+000 -0.56702258E+000 -0.21047085E+000 -0.57959575E-002  0.80514704E-003  0.94577890E+000  0.45807172E+001  0.89216233E+001  0.16234865E+002  0.22245908E+002
 -0.93445440E+000 -0.83897409E+000 -0.56709337E+000 -0.21054155E+000 -0.57913991E-002  0.80881666E-003  0.94568925E+000  0.45800433E+001  0.89204167E+001  0.16232612E+002  0.22243346E+002
 -0.93446070E+000 -0.83898668E+000 -0.56714794E+000 -0.21058867E+000 -0.57871416E-002  0.81202488E-003  0.94565238E+000  0.45794711E+001  0.89194040E+001  0.16230694E+002  0.22241112E+002
 -0.93446573E+000 -0.83899530E+000 -0.56718894E+000 -0.21061614E+000 -0.57832062E-002  0.81484665E-003  0.94565570E+000  0.45789869E+001  0.89185549E+001  0.16229070E+002  0.22239166E+002
 -0.93446983E+000 -0.83900092E+000 -0.56721862E+000 -0.21062726E+000 -0.57796357E-002  0.81733888E-003  0.94568929E+000  0.45785802E+001  0.89178436E+001  0.16227704E+002  0.22237473E+002
 -0.93447327E+000 -0.83900431E+000 -0.56723890E+000 -0.21062484E+000 -0.57764007E-002  0.81954639E-003  0.94574541E+000  0.45782407E+001  0.89172478E+001  0.16226565E+002  0.22236001E+002
 -0.93447626E+000 -0.83900605E+000 -0.56725138E+000 -0.21061124E+000 -0.57734596E-002  0.82149972E-003  0.94581796E+000  0.45779596E+001  0.89167493E+001  0.16225628E+002  0.22234724E+002
 -0.93447891E+000 -0.83900661E+000 -0.56725743E+000 -0.21058845E+000 -0.57707904E-002  0.82322493E-003  0.94590219E+000  0.45777293E+001  0.89163327E+001  0.16224869E+002  0.22233620E+002
 -0.93448132E+000 -0.83900633E+000 -0.56725819E+000 -0.21055814E+000 -0.57683710E-002  0.82474989E-003  0.94599438E+000  0.45775434E+001  0.89159856E+001  0.16224267E+002  0.22232669E+002
 -0.93448355E+000 -0.83900546E+000 -0.56725461E+000 -0.21052173E+000 -0.57661836E-002  0.82609725E-003  0.94609170E+000  0.45773960E+001  0.89156977E+001  0.16223805E+002  0.22231852E+002
 -0.93448565E+000 -0.83900420E+000 -0.56724749E+000 -0.21048042E+000 -0.57642082E-002  0.82728740E-003  0.94619202E+000  0.45772825E+001  0.89154606E+001  0.16223468E+002  0.22231153E+002
 -0.93448764E+000 -0.83900269E+000 -0.56723751E+000 -0.21043521E+000 -0.57624231E-002  0.82833984E-003  0.94629372E+000  0.45771984E+001  0.89152674E+001  0.16223241E+002  0.22230560E+002
 -0.93448954E+000 -0.83900104E+000 -0.56722521E+000 -0.21038697E+000 -0.57608085E-002  0.82927195E-003  0.94639557E+000  0.45771403E+001  0.89151121E+001  0.16223110E+002  0.22230061E+002
 -0.93449136E+000 -0.83899930E+000 -0.56721105E+000 -0.21033642E+000 -0.57593461E-002  0.83009913E-003  0.94649671E+000  0.45771050E+001  0.89149901E+001  0.16223062E+002  0.22229647E+002
 -0.93449309E+000 -0.83899753E+000 -0.56719540E+000 -0.21028417E+000 -0.57580194E-002  0.83083497E-003  0.94659653E+000  0.45770896E+001  0.89148974E+001  0.16223088E+002  0.22229310E+002
 -0.93449473E+000 -0.83899575E+000 -0.56717855E+000 -0.21023074E+000 -0.57568135E-002  0.83149137E-003  0.94669461E+000  0.45770918E+001  0.89148305E+001  0.16223178E+002  0.22229042E+002
 -0.93449628E+000 -0.83899395E+000 -0.56716076E+000 -0.21017658E+000 -0.57557152E-002  0.83207883E-003  0.94679072E+000  0.45771094E+001  0.89147869E+001  0.16223324E+002  0.22228839E+002
 -0.93449773E+000 -0.83899214E+000 -0.56714219E+000 -0.21012205E+000 -0.57547124E-002  0.83260655E-003  0.94688478E+000  0.45771407E+001  0.89147641E+001  0.16223518E+002  0.22228695E+002
 -0.93449905E+000 -0.83899029E+000 -0.56712299E+000 -0.21006746E+000 -0.57537942E-002  0.83308264E-003  0.94697679E+000  0.45771840E+001  0.89147605E+001  0.16223753E+002  0.22228609E+002
 -0.93450024E+000 -0.83898837E+000 -0.56710325E+000 -0.21001307E+000 -0.57529508E-002  0.83351427E-003  0.94706685E+000  0.45772380E+001  0.89147747E+001  0.16224022E+002  0.22228576E+002
 -0.93450127E+000 -0.83898636E+000 -0.56708303E+000 -0.20995907E+000 -0.57521734E-002  0.83390777E-003  0.94715513E+000  0.45773015E+001  0.89148057E+001  0.16224322E+002  0.22228596E+002
 -0.93450213E+000 -0.83898420E+000 -0.56706237E+000 -0.20990564E+000 -0.57514539E-002  0.83426881E-003  0.94724186E+000  0.45773735E+001  0.89148527E+001  0.16224647E+002  0.22228667E+002
 -0.93450278E+000 -0.83898185E+000 -0.56704126E+000 -0.20985290E+000 -0.57507851E-002  0.83460229E-003  0.94732729E+000  0.45774533E+001  0.89149153E+001  0.16224993E+002  0.22228788E+002
 -0.93450321E+000 -0.83897926E+000 -0.56701968E+000 -0.20980092E+000 -0.57501603E-002  0.83491272E-003  0.94741174E+000  0.45775402E+001  0.89149935E+001  0.16225359E+002  0.22228959E+002
 -0.93450338E+000 -0.83897637E+000 -0.56699759E+000 -0.20974976E+000 -0.57495736E-002  0.83520402E-003  0.94749551E+000  0.45776336E+001  0.89150871E+001  0.16225740E+002  0.22229182E+002
 -0.93450327E+000 -0.83897312E+000 -0.56697494E+000 -0.20969945E+000 -0.57490194E-002  0.83547963E-003  0.94757895E+000  0.45777334E+001  0.89151965E+001  0.16226136E+002  0.22229456E+002
 -0.93450284E+000 -0.83896946E+000 -0.56695165E+000 -0.20964998E+000 -0.57484929E-002  0.83574260E-003  0.94766241E+000  0.45778393E+001  0.89153219E+001  0.16226546E+002  0.22229783E+002
 -0.93450207E+000 -0.83896532E+000 -0.56692764E+000 -0.20960133E+000 -0.57479898E-002  0.83599557E-003  0.94774622E+000  0.45779513E+001  0.89154639E+001  0.16226969E+002  0.22230164E+002
 -0.93450092E+000 -0.83896066E+000 -0.56690283E+000 -0.20955345E+000 -0.57475062E-002  0.83624086E-003  0.94783072E+000  0.45780694E+001  0.89156230E+001  0.16227406E+002  0.22230601E+002
 -0.93449937E+000 -0.83895541E+000 -0.56687714E+000 -0.20950628E+000 -0.57470385E-002  0.83648047E-003  0.94791624E+000  0.45781938E+001  0.89157997E+001  0.16227856E+002  0.22231094E+002
 -0.93449739E+000 -0.83894951E+000 -0.56685046E+000 -0.20945974E+000 -0.57465837E-002  0.83671614E-003  0.94800308E+000  0.45783248E+001  0.89159947E+001  0.16228322E+002  0.22231646E+002
 -0.93449494E+000 -0.83894292E+000 -0.56682273E+000 -0.20941376E+000 -0.57461389E-002  0.83694932E-003  0.94809153E+000  0.45784626E+001  0.89162084E+001  0.16228804E+002  0.22232256E+002
 -0.93449200E+000 -0.83893560E+000 -0.56679385E+000 -0.20936824E+000 -0.57457019E-002  0.83718124E-003  0.94818185E+000  0.45786076E+001  0.89164415E+001  0.16229305E+002  0.22232927E+002
 -0.93448855E+000 -0.83892749E+000 -0.56676376E+000 -0.20932310E+000 -0.57452706E-002  0.83741290E-003  0.94827427E+000  0.45787601E+001  0.89166945E+001  0.16229827E+002  0.22233659E+002
 -0.93448457E+000 -0.83891856E+000 -0.56673239E+000 -0.20927825E+000 -0.57448431E-002  0.83764511E-003  0.94836897E+000  0.45789207E+001  0.89169677E+001  0.16230373E+002  0.22234451E+002
 -0.93448003E+000 -0.83890878E+000 -0.56669970E+000 -0.20923361E+000 -0.57444182E-002  0.83787847E-003  0.94846613E+000  0.45790897E+001  0.89172617E+001  0.16230944E+002  0.22235304E+002
 -0.93447492E+000 -0.83889814E+000 -0.56666566E+000 -0.20918910E+000 -0.57439947E-002  0.83811342E-003  0.94856587E+000  0.45792675E+001  0.89175768E+001  0.16231545E+002  0.22236217E+002
 -0.93446924E+000 -0.83888662E+000 -0.56663023E+000 -0.20914468E+000 -0.57435716E-002  0.83835026E-003  0.94866827E+000  0.45794544E+001  0.89179133E+001  0.16232177E+002  0.22237188E+002
 -0.93446297E+000 -0.83887420E+000 -0.56659344E+000 -0.20910028E+000 -0.57431484E-002  0.83858911E-003  0.94877338E+000  0.45796509E+001  0.89182715E+001  0.16232842E+002  0.22238217E+002
 -0.93445611E+000 -0.83886091E+000 -0.56655528E+000 -0.20905588E+000 -0.57427248E-002  0.83882999E-003  0.94888121E+000  0.45798571E+001  0.89186515E+001  0.16233544E+002  0.22239301E+002
 -0.93444867E+000 -0.83884674E+000 -0.56651579E+000 -0.20901147E+000 -0.57423005E-002  0.83907280E-003  0.94899171E+000  0.45800734E+001  0.89190536E+001  0.16234284E+002  0.22240437E+002
 -0.93444065E+000 -0.83883173E+000 -0.56647502E+000 -0.20896704E+000 -0.57418757E-002  0.83931733E-003  0.94910482E+000  0.45802999E+001  0.89194779E+001  0.16235064E+002  0.22241624E+002
 -0.93443208E+000 -0.83881589E+000 -0.56643304E+000 -0.20892260E+000 -0.57414505E-002  0.83956330E-003  0.94922044E+000  0.45805367E+001  0.89199244E+001  0.16235886E+002  0.22242857E+002
 -0.93442297E+000 -0.83879928E+000 -0.56638993E+000 -0.20887818E+000 -0.57410255E-002  0.83981033E-003  0.94933842E+000  0.45807839E+001  0.89203933E+001  0.16236749E+002  0.22244135E+002
 -0.93441334E+000 -0.83878193E+000 -0.56634579E+000 -0.20883383E+000 -0.57406009E-002  0.84005801E-003  0.94945859E+000  0.45810415E+001  0.89208845E+001  0.16237655E+002  0.22245452E+002
 -0.93440323E+000 -0.83876391E+000 -0.56630073E+000 -0.20878959E+000 -0.57401776E-002  0.84030584E-003  0.94958075E+000  0.45813095E+001  0.89213978E+001  0.16238602E+002  0.22246806E+002
 -0.93439267E+000 -0.83874527E+000 -0.56625487E+000 -0.20874554E+000 -0.57397563E-002  0.84055330E-003  0.94970468E+000  0.45815875E+001  0.89219330E+001  0.16239590E+002  0.22248193E+002
 -0.93438170E+000 -0.83872607E+000 -0.56620836E+000 -0.20870174E+000 -0.57393376E-002  0.84079986E-003  0.94983015E+000  0.45818756E+001  0.89224898E+001  0.16240619E+002  0.22249607E+002
 -0.93437036E+000 -0.83870640E+000 -0.56616132E+000 -0.20865826E+000 -0.57389226E-002  0.84104496E-003  0.94995689E+000  0.45821733E+001  0.89230677E+001  0.16241684E+002  0.22251045E+002
 -0.93435870E+000 -0.83868632E+000 -0.56611390E+000 -0.20861518E+000 -0.57385118E-002  0.84128806E-003  0.95008465E+000  0.45824804E+001  0.89236659E+001  0.16242786E+002  0.22252503E+002
 -0.93434675E+000 -0.83866591E+000 -0.56606624E+000 -0.20857258E+000 -0.57381062E-002  0.84152864E-003  0.95021317E+000  0.45827965E+001  0.89242838E+001  0.16243919E+002  0.22253974E+002
 -0.93433458E+000 -0.83864525E+000 -0.56601851E+000 -0.20853054E+000 -0.57377064E-002  0.84176622E-003  0.95034219E+000  0.45831211E+001  0.89249202E+001  0.16245081E+002  0.22255456E+002
 -0.93432222E+000 -0.83862441E+000 -0.56597083E+000 -0.20848913E+000 -0.57373133E-002  0.84200034E-003  0.95047145E+000  0.45834537E+001  0.89255740E+001  0.16246268E+002  0.22256943E+002
 -0.93430973E+000 -0.83860347E+000 -0.56592335E+000 -0.20844840E+000 -0.57369272E-002  0.84223062E-003  0.95060072E+000  0.45837938E+001  0.89262437E+001  0.16247477E+002  0.22258429E+002
 -0.93429714E+000 -0.83858251E+000 -0.56587620E+000 -0.20840843E+000 -0.57365489E-002  0.84245672E-003  0.95072977E+000  0.45841407E+001  0.89269277E+001  0.16248702E+002  0.22259912E+002
 -0.93428451E+000 -0.83856158E+000 -0.56582950E+000 -0.20836926E+000 -0.57361786E-002  0.84267836E-003  0.95085838E+000  0.45844937E+001  0.89276243E+001  0.16249940E+002  0.22261385E+002
 -0.93427188E+000 -0.83854076E+000 -0.56578337E+000 -0.20833094E+000 -0.57358168E-002  0.84289534E-003  0.95098638E+000  0.45848521E+001  0.89283316E+001  0.16251186E+002  0.22262845E+002
 -0.93425930E+000 -0.83852011E+000 -0.56573792E+000 -0.20829349E+000 -0.57354637E-002  0.84310749E-003  0.95111358E+000  0.45852151E+001  0.89290474E+001  0.16252435E+002  0.22264288E+002
 -0.93424679E+000 -0.83849968E+000 -0.56569324E+000 -0.20825695E+000 -0.57351194E-002  0.84331470E-003  0.95123981E+000  0.45855818E+001  0.89297697E+001  0.16253682E+002  0.22265709E+002
 -0.93423439E+000 -0.83847953E+000 -0.56564940E+000 -0.20822134E+000 -0.57347842E-002  0.84351688E-003  0.95136493E+000  0.45859513E+001  0.89304961E+001  0.16254925E+002  0.22267106E+002
 -0.93422215E+000 -0.83845970E+000 -0.56560650E+000 -0.20818667E+000 -0.57344580E-002  0.84371401E-003  0.95148879E+000  0.45863226E+001  0.89312244E+001  0.16256157E+002  0.22268474E+002
 -0.93421008E+000 -0.83844023E+000 -0.56556459E+000 -0.20815295E+000 -0.57341410E-002  0.84390606E-003  0.95161126E+000  0.45866948E+001  0.89319522E+001  0.16257376E+002  0.22269812E+002
 -0.93419823E+000 -0.83842116E+000 -0.56552372E+000 -0.20812019E+000 -0.57338331E-002  0.84409300E-003  0.95173218E+000  0.45870667E+001  0.89326772E+001  0.16258577E+002  0.22271116E+002
 -0.93418661E+000 -0.83840253E+000 -0.56548395E+000 -0.20808841E+000 -0.57335344E-002  0.84427481E-003  0.95185143E+000  0.45874374E+001  0.89333969E+001  0.16259756E+002  0.22272384E+002
 -0.93417525E+000 -0.83838437E+000 -0.56544533E+000 -0.20805760E+000 -0.57332451E-002  0.84445147E-003  0.95196883E+000  0.45878057E+001  0.89341091E+001  0.16260911E+002  0.22273614E+002
 -0.93416418E+000 -0.83836670E+000 -0.56540790E+000 -0.20802777E+000 -0.57329652E-002  0.84462291E-003  0.95208424E+000  0.45881705E+001  0.89348116E+001  0.16262039E+002  0.22274804E+002
 -0.93415341E+000 -0.83834956E+000 -0.56537168E+000 -0.20799895E+000 -0.57326947E-002  0.84478906E-003  0.95219747E+000  0.45885307E+001  0.89355022E+001  0.16263135E+002  0.22275954E+002
 -0.93414297E+000 -0.83833296E+000 -0.56533673E+000 -0.20797114E+000 -0.57324340E-002  0.84494982E-003  0.95230834E+000  0.45888852E+001  0.89361787E+001  0.16264199E+002  0.22277061E+002
 -0.93413288E+000 -0.83831694E+000 -0.56530306E+000 -0.20794435E+000 -0.57321832E-002  0.84510507E-003  0.95241665E+000  0.45892328E+001  0.89368394E+001  0.16265228E+002  0.22278124E+002
 -0.93412314E+000 -0.83830150E+000 -0.56527072E+000 -0.20791861E+000 -0.57319425E-002  0.84525466E-003  0.95252220E+000  0.45895726E+001  0.89374822E+001  0.16266219E+002  0.22279143E+002
 -0.93411379E+000 -0.83828668E+000 -0.56523973E+000 -0.20789393E+000 -0.57317121E-002  0.84539843E-003  0.95262478E+000  0.45899035E+001  0.89381055E+001  0.16267172E+002  0.22280118E+002
 -0.93410483E+000 -0.83827250E+000 -0.56521013E+000 -0.20787034E+000 -0.57314922E-002  0.84553622E-003  0.95272418E+000  0.45902246E+001  0.89387079E+001  0.16268084E+002  0.22281047E+002
 -0.93409628E+000 -0.83825895E+000 -0.56518192E+000 -0.20784786E+000 -0.57312831E-002  0.84566785E-003  0.95282019E+000  0.45905349E+001  0.89392878E+001  0.16268955E+002  0.22281930E+002
 -0.93408814E+000 -0.83824607E+000 -0.56515515E+000 -0.20782651E+000 -0.57310850E-002  0.84579318E-003  0.95291263E+000  0.45908338E+001  0.89398440E+001  0.16269784E+002  0.22282768E+002
 -0.93408044E+000 -0.83823386E+000 -0.56512982E+000 -0.20780629E+000 -0.57308980E-002  0.84591203E-003  0.95300129E+000  0.45911206E+001  0.89403756E+001  0.16270569E+002  0.22283559E+002
 -0.93407317E+000 -0.83822234E+000 -0.56510595E+000 -0.20778724E+000 -0.57307223E-002  0.84602428E-003  0.95308602E+000  0.45913944E+001  0.89408816E+001  0.16271311E+002  0.22284305E+002
 -0.93406634E+000 -0.83821150E+000 -0.56508355E+000 -0.20776936E+000 -0.57305579E-002  0.84612984E-003  0.95316666E+000  0.45916550E+001  0.89413613E+001  0.16272009E+002  0.22285005E+002
 -0.93405996E+000 -0.83820136E+000 -0.56506263E+000 -0.20775265E+000 -0.57304049E-002  0.84622861E-003  0.95324309E+000  0.45919019E+001  0.89418142E+001  0.16272663E+002  0.22285660E+002
 -0.93405402E+000 -0.83819191E+000 -0.56504318E+000 -0.20773712E+000 -0.57302634E-002  0.84632054E-003  0.95331521E+000  0.45921346E+001  0.89422400E+001  0.16273274E+002  0.22286269E+002
 -0.93404853E+000 -0.83818316E+000 -0.56502520E+000 -0.20772277E+000 -0.57301331E-002  0.84640562E-003  0.95338294E+000  0.45923532E+001  0.89426384E+001  0.16273841E+002  0.22286835E+002
 -0.93404348E+000 -0.83817510E+000 -0.56500868E+000 -0.20770958E+000 -0.57300141E-002  0.84648386E-003  0.95344623E+000  0.45925574E+001  0.89430095E+001  0.16274365E+002  0.22287356E+002
 -0.93403887E+000 -0.83816772E+000 -0.56499360E+000 -0.20769756E+000 -0.57299062E-002  0.84655531E-003  0.95350506E+000  0.45927471E+001  0.89433533E+001  0.16274846E+002  0.22287835E+002
 -0.93403470E+000 -0.83816102E+000 -0.56497994E+000 -0.20768667E+000 -0.57298091E-002  0.84662004E-003  0.95355945E+000  0.45929226E+001  0.89436701E+001  0.16275287E+002  0.22288271E+002
 -0.93403094E+000 -0.83815497E+000 -0.56496766E+000 -0.20767691E+000 -0.57297227E-002  0.84667817E-003  0.95360942E+000  0.45930838E+001  0.89439603E+001  0.16275686E+002  0.22288667E+002
 -0.93402760E+000 -0.83814957E+000 -0.56495674E+000 -0.20766823E+000 -0.57296466E-002  0.84672985E-003  0.95365504E+000  0.45932312E+001  0.89442244E+001  0.16276046E+002  0.22289023E+002
 -0.93402467E+000 -0.83814480E+000 -0.56494713E+000 -0.20766062E+000 -0.57295806E-002  0.84677523E-003  0.95369637E+000  0.45933648E+001  0.89444631E+001  0.16276368E+002  0.22289340E+002
 -0.93402212E+000 -0.83814064E+000 -0.56493880E+000 -0.20765403E+000 -0.57295243E-002  0.84681450E-003  0.95373352E+000  0.45934852E+001  0.89446771E+001  0.16276653E+002  0.22289621E+002
 -0.93401994E+000 -0.83813706E+000 -0.56493169E+000 -0.20764844E+000 -0.57294773E-002  0.84684790E-003  0.95376662E+000  0.45935926E+001  0.89448671E+001  0.16276902E+002  0.22289865E+002
 -0.93401813E+000 -0.83813404E+000 -0.56492575E+000 -0.20764380E+000 -0.57294391E-002  0.84687566E-003  0.95379580E+000  0.45936876E+001  0.89450340E+001  0.16277117E+002  0.22290075E+002
 -0.93401665E+000 -0.83813156E+000 -0.56492094E+000 -0.20764006E+000 -0.57294095E-002  0.84689802E-003  0.95382122E+000  0.45937706E+001  0.89451789E+001  0.16277299E+002  0.22290252E+002
 -0.93401550E+000 -0.83812960E+000 -0.56491719E+000 -0.20763719E+000 -0.57293878E-002  0.84691526E-003  0.95384303E+000  0.45938422E+001  0.89453026E+001  0.16277450E+002  0.22290398E+002
 -0.93401466E+000 -0.83812811E+000 -0.56491444E+000 -0.20763513E+000 -0.57293737E-002  0.84692766E-003  0.95386141E+000  0.45939029E+001  0.89454063E+001  0.16277571E+002  0.22290514E+002
 -0.93401410E+000 -0.83812708E+000 -0.56491264E+000 -0.20763384E+000 -0.57293666E-002  0.84693551E-003  0.95387654E+000  0.45939532E+001  0.89454909E+001  0.16277665E+002  0.22290603E+002
 -0.93401382E+000 -0.83812648E+000 -0.56491173E+000 -0.20763327E+000 -0.57293662E-002  0.84693910E-003  0.95388862E+000  0.45939939E+001  0.89455577E+001  0.16277732E+002  0.22290665E+002
 -0.93401379E+000 -0.83812627E+000 -0.56491163E+000 -0.20763336E+000 -0.57293718E-002  0.84693874E-003  0.95389783E+000  0.45940254E+001  0.89456077E+001  0.16277775E+002  0.22290703E+002
 -0.93401398E+000 -0.83812644E+000 -0.56491230E+000 -0.20763408E+000 -0.57293831E-002  0.84693470E-003  0.95390436E+000  0.45940484E+001  0.89456420E+001  0.16277795E+002  0.22290718E+002
 -0.93401440E+000 -0.83812694E+000 -0.56491368E+000 -0.20763536E+000 -0.57293995E-002  0.84692730E-003  0.95390841E+000  0.45940634E+001  0.89456617E+001  0.16277795E+002  0.22290712E+002
 -0.93401500E+000 -0.83812776E+000 -0.56491569E+000 -0.20763716E+000 -0.57294207E-002  0.84691681E-003  0.95391017E+000  0.45940711E+001  0.89456680E+001  0.16277775E+002  0.22290687E+002
 -0.93401579E+000 -0.83812885E+000 -0.56491828E+000 -0.20763944E+000 -0.57294461E-002  0.84690351E-003  0.95390982E+000  0.45940721E+001  0.89456620E+001  0.16277737E+002  0.22290645E+002
 -0.93401673E+000 -0.83813021E+000 -0.56492140E+000 -0.20764215E+000 -0.57294753E-002  0.84688769E-003  0.95390756E+000  0.45940669E+001  0.89456447E+001  0.16277683E+002  0.22290586E+002
 -0.93401782E+000 -0.83813179E+000 -0.56492500E+000 -0.20764524E+000 -0.57295079E-002  0.84686960E-003  0.95390355E+000  0.45940561E+001  0.89456171E+001  0.16277615E+002  0.22290513E+002
 -0.93401903E+000 -0.83813358E+000 -0.56492900E+000 -0.20764867E+000 -0.57295436E-002  0.84684950E-003  0.95389798E+000  0.45940402E+001  0.89455803E+001  0.16277533E+002  0.22290427E+002
 -0.93402036E+000 -0.83813555E+000 -0.56493338E+000 -0.20765239E+000 -0.57295818E-002  0.84682765E-003  0.95389101E+000  0.45940198E+001  0.89455352E+001  0.16277441E+002  0.22290330E+002
 -0.93402178E+000 -0.83813768E+000 -0.56493806E+000 -0.20765638E+000 -0.57296223E-002  0.84680427E-003  0.95388280E+000  0.45939953E+001  0.89454829E+001  0.16277338E+002  0.22290223E+002
 -0.93402328E+000 -0.83813993E+000 -0.56494302E+000 -0.20766058E+000 -0.57296646E-002  0.84677961E-003  0.95387352E+000  0.45939674E+001  0.89454243E+001  0.16277227E+002  0.22290108E+002
 -0.93402484E+000 -0.83814230E+000 -0.56494819E+000 -0.20766496E+000 -0.57297084E-002  0.84675389E-003  0.95386331E+000  0.45939364E+001  0.89453602E+001  0.16277108E+002  0.22289985E+002
 -0.93402646E+000 -0.83814476E+000 -0.56495353E+000 -0.20766948E+000 -0.57297534E-002  0.84672731E-003  0.95385232E+000  0.45939028E+001  0.89452915E+001  0.16276983E+002  0.22289857E+002
 -0.93402812E+000 -0.83814728E+000 -0.56495901E+000 -0.20767411E+000 -0.57297992E-002  0.84670009E-003  0.95384068E+000  0.45938671E+001  0.89452189E+001  0.16276854E+002  0.22289724E+002
 -0.93402981E+000 -0.83814986E+000 -0.56496458E+000 -0.20767881E+000 -0.57298456E-002  0.84667241E-003  0.95382853E+000  0.45938296E+001  0.89451434E+001  0.16276721E+002  0.22289587E+002
 -0.93403151E+000 -0.83815246E+000 -0.56497020E+000 -0.20768356E+000 -0.57298921E-002  0.84664448E-003  0.95381599E+000  0.45937908E+001  0.89450656E+001  0.16276586E+002  0.22289448E+002
 -0.93403321E+000 -0.83815508E+000 -0.56497583E+000 -0.20768831E+000 -0.57299387E-002  0.84661646E-003  0.95380319E+000  0.45937510E+001  0.89449862E+001  0.16276449E+002  0.22289308E+002
 -0.93403491E+000 -0.83815769E+000 -0.56498144E+000 -0.20769305E+000 -0.57299848E-002  0.84658854E-003  0.95379023E+000  0.45937106E+001  0.89449059E+001  0.16276312E+002  0.22289168E+002
 -0.93403658E+000 -0.83816027E+000 -0.56498699E+000 -0.20769774E+000 -0.57300305E-002  0.84656086E-003  0.95377722E+000  0.45936699E+001  0.89448254E+001  0.16276176E+002  0.22289028E+002
 -0.93403824E+000 -0.83816282E+000 -0.56499245E+000 -0.20770236E+000 -0.57300752E-002  0.84653358E-003  0.95376427E+000  0.45936293E+001  0.89447452E+001  0.16276041E+002  0.22288891E+002
 -0.93403985E+000 -0.83816532E+000 -0.56499780E+000 -0.20770687E+000 -0.57301190E-002  0.84650685E-003  0.95375145E+000  0.45935891E+001  0.89446658E+001  0.16275908E+002  0.22288755E+002
 -0.93404142E+000 -0.83816776E+000 -0.56500300E+000 -0.20771127E+000 -0.57301615E-002  0.84648079E-003  0.95373888E+000  0.45935495E+001  0.89445879E+001  0.16275779E+002  0.22288623E+002
 -0.93404294E+000 -0.83817012E+000 -0.56500802E+000 -0.20771553E+000 -0.57302025E-002  0.84645551E-003  0.95372661E+000  0.45935107E+001  0.89445118E+001  0.16275653E+002  0.22288494E+002
 -0.93404439E+000 -0.83817239E+000 -0.56501286E+000 -0.20771962E+000 -0.57302419E-002  0.84643114E-003  0.95371473E+000  0.45934731E+001  0.89444380E+001  0.16275531E+002  0.22288371E+002
 -0.93404579E+000 -0.83817457E+000 -0.56501748E+000 -0.20772354E+000 -0.57302796E-002  0.84640776E-003  0.95370329E+000  0.45934367E+001  0.89443668E+001  0.16275415E+002  0.22288252E+002
 -0.93404711E+000 -0.83817664E+000 -0.56502187E+000 -0.20772726E+000 -0.57303153E-002  0.84638547E-003  0.95369237E+000  0.45934019E+001  0.89442988E+001  0.16275304E+002  0.22288139E+002
 -0.93404835E+000 -0.83817859E+000 -0.56502601E+000 -0.20773078E+000 -0.57303491E-002  0.84636434E-003  0.95368201E+000  0.45933687E+001  0.89442340E+001  0.16275199E+002  0.22288033E+002
 -0.93404952E+000 -0.83818043E+000 -0.56502989E+000 -0.20773408E+000 -0.57303807E-002  0.84634442E-003  0.95367225E+000  0.45933374E+001  0.89441729E+001  0.16275100E+002  0.22287932E+002
 -0.93405060E+000 -0.83818214E+000 -0.56503349E+000 -0.20773716E+000 -0.57304101E-002  0.84632578E-003  0.95366314E+000  0.45933080E+001  0.89441157E+001  0.16275009E+002  0.22287839E+002
 -0.93405159E+000 -0.83818372E+000 -0.56503682E+000 -0.20774000E+000 -0.57304373E-002  0.84630845E-003  0.95365470E+000  0.45932807E+001  0.89440625E+001  0.16274924E+002  0.22287753E+002
 -0.93405250E+000 -0.83818517E+000 -0.56503986E+000 -0.20774260E+000 -0.57304622E-002  0.84629247E-003  0.95364696E+000  0.45932555E+001  0.89440135E+001  0.16274846E+002  0.22287674E+002
 -0.93405332E+000 -0.83818648E+000 -0.56504261E+000 -0.20774496E+000 -0.57304847E-002  0.84627786E-003  0.95363994E+000  0.45932325E+001  0.89439689E+001  0.16274776E+002  0.22287602E+002
 -0.93405405E+000 -0.83818765E+000 -0.56504506E+000 -0.20774708E+000 -0.57305049E-002  0.84626462E-003  0.95363365E+000  0.45932118E+001  0.89439286E+001  0.16274713E+002  0.22287539E+002
 -0.93405469E+000 -0.83818869E+000 -0.56504722E+000 -0.20774895E+000 -0.57305228E-002  0.84625276E-003  0.95362810E+000  0.45931934E+001  0.89438928E+001  0.16274657E+002  0.22287482E+002
 -0.93405524E+000 -0.83818959E+000 -0.56504909E+000 -0.20775058E+000 -0.57305383E-002  0.84624228E-003  0.95362328E+000  0.45931772E+001  0.89438615E+001  0.16274609E+002  0.22287434E+002
 -0.93405571E+000 -0.83819036E+000 -0.56505067E+000 -0.20775197E+000 -0.57305516E-002  0.84623315E-003  0.95361920E+000  0.45931633E+001  0.89438346E+001  0.16274568E+002  0.22287393E+002
 -0.93405609E+000 -0.83819099E+000 -0.56505197E+000 -0.20775313E+000 -0.57305626E-002  0.84622535E-003  0.95361584E+000  0.45931517E+001  0.89438121E+001  0.16274535E+002  0.22287359E+002
 -0.93405638E+000 -0.83819150E+000 -0.56505299E+000 -0.20775405E+000 -0.57305715E-002  0.84621886E-003  0.95361320E+000  0.45931423E+001  0.89437939E+001  0.16274508E+002  0.22287332E+002
 -0.93405659E+000 -0.83819188E+000 -0.56505375E+000 -0.20775475E+000 -0.57305782E-002  0.84621363E-003  0.95361124E+000  0.45931351E+001  0.89437800E+001  0.16274489E+002  0.22287313E+002
 -0.93405673E+000 -0.83819214E+000 -0.56505425E+000 -0.20775524E+000 -0.57305829E-002  0.84620962E-003  0.95360996E+000  0.45931300E+001  0.89437701E+001  0.16274476E+002  0.22287300E+002
 -0.93405679E+000 -0.83819228E+000 -0.56505451E+000 -0.20775552E+000 -0.57305856E-002  0.84620678E-003  0.95360932E+000  0.45931270E+001  0.89437643E+001  0.16274469E+002  0.22287294E+002
 -0.93405678E+000 -0.83819232E+000 -0.56505453E+000 -0.20775560E+000 -0.57305865E-002  0.84620506E-003  0.95360929E+000  0.45931259E+001  0.89437622E+001  0.16274469E+002  0.22287294E+002
 -0.93405670E+000 -0.83819224E+000 -0.56505432E+000 -0.20775550E+000 -0.57305857E-002  0.84620440E-003  0.95360986E+000  0.45931266E+001  0.89437637E+001  0.16274475E+002  0.22287301E+002
 -0.93405656E+000 -0.83819207E+000 -0.56505392E+000 -0.20775522E+000 -0.57305832E-002  0.84620475E-003  0.95361097E+000  0.45931292E+001  0.89437686E+001  0.16274486E+002  0.22287312E+002
 -0.93405637E+000 -0.83819181E+000 -0.56505331E+000 -0.20775478E+000 -0.57305791E-002  0.84620603E-003  0.95361260E+000  0.45931334E+001  0.89437768E+001  0.16274502E+002  0.22287329E+002
 -0.93405611E+000 -0.83819147E+000 -0.56505253E+000 -0.20775419E+000 -0.57305737E-002  0.84620817E-003  0.95361471E+000  0.45931391E+001  0.89437879E+001  0.16274523E+002  0.22287351E+002
 -0.93405581E+000 -0.83819104E+000 -0.56505158E+000 -0.20775346E+000 -0.57305669E-002  0.84621112E-003  0.95361726E+000  0.45931463E+001  0.89438018E+001  0.16274548E+002  0.22287377E+002
 -0.93405547E+000 -0.83819055E+000 -0.56505049E+000 -0.20775260E+000 -0.57305590E-002  0.84621480E-003  0.95362022E+000  0.45931548E+001  0.89438183E+001  0.16274577E+002  0.22287407E+002
 -0.93405508E+000 -0.83818999E+000 -0.56504926E+000 -0.20775164E+000 -0.57305500E-002  0.84621914E-003  0.95362353E+000  0.45931645E+001  0.89438370E+001  0.16274610E+002  0.22287441E+002
 -0.93405466E+000 -0.83818937E+000 -0.56504792E+000 -0.20775057E+000 -0.57305400E-002  0.84622406E-003  0.95362716E+000  0.45931753E+001  0.89438578E+001  0.16274646E+002  0.22287479E+002
 -0.93405421E+000 -0.83818871E+000 -0.56504647E+000 -0.20774941E+000 -0.57305293E-002  0.84622950E-003  0.95363108E+000  0.45931870E+001  0.89438804E+001  0.16274684E+002  0.22287519E+002
 -0.93405373E+000 -0.83818800E+000 -0.56504494E+000 -0.20774818E+000 -0.57305178E-002  0.84623539E-003  0.95363523E+000  0.45931995E+001  0.89439046E+001  0.16274725E+002  0.22287561E+002
 -0.93405323E+000 -0.83818726E+000 -0.56504333E+000 -0.20774689E+000 -0.57305058E-002  0.84624166E-003  0.95363959E+000  0.45932127E+001  0.89439301E+001  0.16274768E+002  0.22287606E+002
 -0.93405271E+000 -0.83818649E+000 -0.56504167E+000 -0.20774554E+000 -0.57304933E-002  0.84624824E-003  0.95364410E+000  0.45932265E+001  0.89439567E+001  0.16274813E+002  0.22287652E+002
 -0.93405219E+000 -0.83818569E+000 -0.56503996E+000 -0.20774416E+000 -0.57304805E-002  0.84625506E-003  0.95364875E+000  0.45932408E+001  0.89439842E+001  0.16274859E+002  0.22287699E+002
 -0.93405165E+000 -0.83818489E+000 -0.56503823E+000 -0.20774275E+000 -0.57304674E-002  0.84626207E-003  0.95365348E+000  0.45932554E+001  0.89440123E+001  0.16274906E+002  0.22287748E+002
 -0.93405111E+000 -0.83818407E+000 -0.56503648E+000 -0.20774133E+000 -0.57304541E-002  0.84626919E-003  0.95365826E+000  0.45932703E+001  0.89440409E+001  0.16274953E+002  0.22287797E+002
 -0.93405057E+000 -0.83818325E+000 -0.56503472E+000 -0.20773990E+000 -0.57304409E-002  0.84627638E-003  0.95366306E+000  0.45932852E+001  0.89440698E+001  0.16275001E+002  0.22287846E+002
 -0.93405003E+000 -0.83818244E+000 -0.56503297E+000 -0.20773847E+000 -0.57304276E-002  0.84628357E-003  0.95366786E+000  0.45933003E+001  0.89440987E+001  0.16275048E+002  0.22287895E+002
 -0.93404950E+000 -0.83818163E+000 -0.56503124E+000 -0.20773706E+000 -0.57304145E-002  0.84629072E-003  0.95367261E+000  0.45933152E+001  0.89441275E+001  0.16275095E+002  0.22287944E+002
 -0.93404897E+000 -0.83818083E+000 -0.56502954E+000 -0.20773567E+000 -0.57304017E-002  0.84629777E-003  0.95367729E+000  0.45933300E+001  0.89441560E+001  0.16275142E+002  0.22287993E+002
 -0.93404846E+000 -0.83818005E+000 -0.56502788E+000 -0.20773431E+000 -0.57303891E-002  0.84630469E-003  0.95368188E+000  0.45933446E+001  0.89441841E+001  0.16275188E+002  0.22288040E+002
 -0.93404797E+000 -0.83817929E+000 -0.56502627E+000 -0.20773298E+000 -0.57303769E-002  0.84631142E-003  0.95368635E+000  0.45933589E+001  0.89442115E+001  0.16275232E+002  0.22288086E+002
 -0.93404749E+000 -0.83817856E+000 -0.56502471E+000 -0.20773170E+000 -0.57303652E-002  0.84631793E-003  0.95369068E+000  0.45933728E+001  0.89442383E+001  0.16275275E+002  0.22288131E+002
 -0.93404703E+000 -0.83817785E+000 -0.56502322E+000 -0.20773048E+000 -0.57303539E-002  0.84632418E-003  0.95369485E+000  0.45933863E+001  0.89442641E+001  0.16275317E+002  0.22288174E+002
 -0.93404659E+000 -0.83817718E+000 -0.56502179E+000 -0.20772930E+000 -0.57303432E-002  0.84633015E-003  0.95369885E+000  0.45933993E+001  0.89442891E+001  0.16275357E+002  0.22288216E+002
 -0.93404618E+000 -0.83817654E+000 -0.56502044E+000 -0.20772819E+000 -0.57303330E-002  0.84633580E-003  0.95370265E+000  0.45934118E+001  0.89443130E+001  0.16275395E+002  0.22288256E+002
 -0.93404579E+000 -0.83817594E+000 -0.56501916E+000 -0.20772714E+000 -0.57303235E-002  0.84634112E-003  0.95370626E+000  0.45934237E+001  0.89443358E+001  0.16275432E+002  0.22288294E+002
 -0.93404542E+000 -0.83817537E+000 -0.56501797E+000 -0.20772615E+000 -0.57303147E-002  0.84634608E-003  0.95370964E+000  0.45934349E+001  0.89443575E+001  0.16275466E+002  0.22288330E+002
 -0.93404508E+000 -0.83817485E+000 -0.56501687E+000 -0.20772524E+000 -0.57303065E-002  0.84635066E-003  0.95371281E+000  0.45934456E+001  0.89443779E+001  0.16275498E+002  0.22288364E+002
 -0.93404477E+000 -0.83817436E+000 -0.56501585E+000 -0.20772440E+000 -0.57302991E-002  0.84635486E-003  0.95371575E+000  0.45934556E+001  0.89443971E+001  0.16275529E+002  0.22288395E+002
 -0.93404449E+000 -0.83817392E+000 -0.56501493E+000 -0.20772364E+000 -0.57302924E-002  0.84635865E-003  0.95371845E+000  0.45934649E+001  0.89444149E+001  0.16275557E+002  0.22288425E+002
 -0.93404423E+000 -0.83817352E+000 -0.56501410E+000 -0.20772295E+000 -0.57302865E-002  0.84636204E-003  0.95372093E+000  0.45934735E+001  0.89444316E+001  0.16275583E+002  0.22288452E+002
 -0.93404400E+000 -0.83817317E+000 -0.56501336E+000 -0.20772233E+000 -0.57302812E-002  0.84636503E-003  0.95372316E+000  0.45934815E+001  0.89444469E+001  0.16275606E+002  0.22288477E+002
 -0.93404380E+000 -0.83817285E+000 -0.56501271E+000 -0.20772179E+000 -0.57302768E-002  0.84636761E-003  0.95372516E+000  0.45934888E+001  0.89444610E+001  0.16275628E+002  0.22288500E+002
 -0.93404363E+000 -0.83817258E+000 -0.56501215E+000 -0.20772133E+000 -0.57302730E-002  0.84636979E-003  0.95372694E+000  0.45934955E+001  0.89444738E+001  0.16275648E+002  0.22288521E+002
 -0.93404348E+000 -0.83817235E+000 -0.56501168E+000 -0.20772093E+000 -0.57302700E-002  0.84637157E-003  0.95372848E+000  0.45935015E+001  0.89444855E+001  0.16275666E+002  0.22288541E+002
 -0.93404336E+000 -0.83817216E+000 -0.56501129E+000 -0.20772061E+000 -0.57302676E-002  0.84637298E-003  0.95372982E+000  0.45935069E+001  0.89444961E+001  0.16275682E+002  0.22288558E+002
 -0.93404327E+000 -0.83817200E+000 -0.56501099E+000 -0.20772036E+000 -0.57302660E-002  0.84637403E-003  0.95373094E+000  0.45935117E+001  0.89445056E+001  0.16275697E+002  0.22288574E+002
 -0.93404320E+000 -0.83817189E+000 -0.56501078E+000 -0.20772017E+000 -0.57302649E-002  0.84637471E-003  0.95373185E+000  0.45935159E+001  0.89445141E+001  0.16275710E+002  0.22288589E+002
 -0.93404316E+000 -0.83817182E+000 -0.56501065E+000 -0.20772006E+000 -0.57302646E-002  0.84637505E-003  0.95373257E+000  0.45935196E+001  0.89445217E+001  0.16275723E+002  0.22288603E+002
 -0.93404314E+000 -0.83817179E+000 -0.56501061E+000 -0.20772001E+000 -0.57302649E-002  0.84637500E-003  0.95373308E+000  0.45935228E+001  0.89445285E+001  0.16275734E+002  0.22288616E+002
 -0.93404316E+000 -0.83817180E+000 -0.56501067E+000 -0.20772006E+000 -0.57302659E-002  0.84637453E-003  0.95373336E+000  0.45935254E+001  0.89445346E+001  0.16275745E+002  0.22288628E+002
 -0.93404321E+000 -0.83817187E+000 -0.56501084E+000 -0.20772019E+000 -0.57302679E-002  0.84637356E-003  0.95373341E+000  0.45935276E+001  0.89445400E+001  0.16275756E+002  0.22288641E+002
 -0.93404330E+000 -0.83817200E+000 -0.56501115E+000 -0.20772044E+000 -0.57302709E-002  0.84637195E-003  0.95373319E+000  0.45935292E+001  0.89445449E+001  0.16275767E+002  0.22288655E+002
 -0.93404343E+000 -0.83817219E+000 -0.56501158E+000 -0.20772080E+000 -0.57302752E-002  0.84636964E-003  0.95373269E+000  0.45935305E+001  0.89445497E+001  0.16275779E+002  0.22288670E+002
 -0.93404358E+000 -0.83817242E+000 -0.56501211E+000 -0.20772125E+000 -0.57302803E-002  0.84636671E-003  0.95373197E+000  0.45935315E+001  0.89445546E+001  0.16275793E+002  0.22288688E+002
 -0.93404373E+000 -0.83817265E+000 -0.56501263E+000 -0.20772170E+000 -0.57302857E-002  0.84636363E-003  0.95373120E+000  0.45935327E+001  0.89445606E+001  0.16275811E+002  0.22288711E+002
 -0.93404380E+000 -0.83817279E+000 -0.56501296E+000 -0.20772200E+000 -0.57302891E-002  0.84636156E-003  0.95373076E+000  0.45935348E+001  0.89445687E+001  0.16275834E+002  0.22288740E+002
 -0.93404372E+000 -0.83817273E+000 -0.56501287E+000 -0.20772191E+000 -0.57302877E-002  0.84636245E-003  0.95373117E+000  0.45935385E+001  0.89445805E+001  0.16275867E+002  0.22288778E+002
 -0.93404344E+000 -0.83817242E+000 -0.56501225E+000 -0.20772130E+000 -0.57302787E-002  0.84636820E-003  0.95373287E+000  0.45935445E+001  0.89445974E+001  0.16275910E+002  0.22288829E+002
 -0.93404312E+000 -0.83817201E+000 -0.56501149E+000 -0.20772046E+000 -0.57302643E-002  0.84637810E-003  0.95373540E+000  0.45935523E+001  0.89446192E+001  0.16275965E+002  0.22288894E+002
 -0.93404325E+000 -0.83817218E+000 -0.56501205E+000 -0.20772068E+000 -0.57302592E-002  0.84638376E-003  0.95373635E+000  0.45935590E+001  0.89446422E+001  0.16276026E+002  0.22288966E+002
 -0.93404443E+000 -0.83817383E+000 -0.56501605E+000 -0.20772414E+000 -0.57302929E-002  0.84636748E-003  0.95373103E+000  0.45935593E+001  0.89446598E+001  0.16276082E+002  0.22289035E+002
 -0.93404654E+000 -0.83817711E+000 -0.56502412E+000 -0.20773178E+000 -0.57303814E-002  0.84631943E-003  0.95371722E+000  0.45935495E+001  0.89446634E+001  0.16276112E+002  0.22289079E+002
 -0.93404597E+000 -0.83817757E+000 -0.56502738E+000 -0.20773620E+000 -0.57304285E-002  0.84631641E-003  0.95371089E+000  0.45935477E+001  0.89446848E+001  0.16276183E+002  0.22289150E+002
 -0.93404642E+000 -0.83817763E+000 -0.56502441E+000 -0.20773335E+000 -0.57303483E-002  0.84641200E-003  0.95373838E+000  0.45936033E+001  0.89447901E+001  0.16276385E+002  0.22289329E+002
