  0.19180941E-001
  0.19201594E-001
  0.19248969E-001
  0.19307124E-001
  0.19367272E-001
  0.19425115E-001
  0.19478615E-001
  0.19527058E-001
  0.19570330E-001
  0.19608712E-001
  0.19642506E-001
  0.19672130E-001
  0.19698015E-001
  0.19720566E-001
  0.19740181E-001
  0.19757202E-001
  0.19771939E-001
  0.19784673E-001
  0.19795666E-001
  0.19805140E-001
  0.19813306E-001
  0.19820329E-001
  0.19826364E-001
  0.19831546E-001
  0.19835990E-001
  0.19839800E-001
  0.19843063E-001
  0.19845859E-001
  0.19848255E-001
  0.19850309E-001
  0.19852080E-001
  0.19853606E-001
  0.19854934E-001
  0.19856100E-001
  0.19857135E-001
  0.19858067E-001
  0.19858918E-001
  0.19859706E-001
  0.19860449E-001
  0.19861159E-001
  0.19861848E-001
  0.19862523E-001
  0.19863190E-001
  0.19863856E-001
  0.19864522E-001
  0.19865191E-001
  0.19865863E-001
  0.19866537E-001
  0.19867214E-001
  0.19867890E-001
  0.19868566E-001
  0.19869238E-001
  0.19869903E-001
  0.19870562E-001
  0.19871210E-001
  0.19871845E-001
  0.19872467E-001
  0.19873072E-001
  0.19873660E-001
  0.19874230E-001
  0.19874781E-001
  0.19875312E-001
  0.19875823E-001
  0.19876315E-001
  0.19876787E-001
  0.19877242E-001
  0.19877678E-001
  0.19878099E-001
  0.19878503E-001
  0.19878893E-001
  0.19879270E-001
  0.19879634E-001
  0.19879986E-001
  0.19880326E-001
  0.19880655E-001
  0.19880973E-001
  0.19881279E-001
  0.19881574E-001
  0.19881858E-001
  0.19882129E-001
  0.19882388E-001
  0.19882633E-001
  0.19882866E-001
  0.19883085E-001
  0.19883290E-001
  0.19883481E-001
  0.19883659E-001
  0.19883822E-001
  0.19883971E-001
  0.19884106E-001
  0.19884227E-001
  0.19884335E-001
  0.19884430E-001
  0.19884513E-001
  0.19884583E-001
  0.19884641E-001
  0.19884688E-001
  0.19884724E-001
  0.19884749E-001
  0.19884765E-001
  0.19884773E-001
  0.19884771E-001
  0.19884762E-001
  0.19884746E-001
  0.19884723E-001
  0.19884694E-001
  0.19884659E-001
  0.19884620E-001
  0.19884576E-001
  0.19884529E-001
  0.19884478E-001
  0.19884424E-001
  0.19884368E-001
  0.19884310E-001
  0.19884250E-001
  0.19884190E-001
  0.19884128E-001
  0.19884066E-001
  0.19884005E-001
  0.19883943E-001
  0.19883883E-001
  0.19883823E-001
  0.19883765E-001
  0.19883709E-001
  0.19883654E-001
  0.19883602E-001
  0.19883552E-001
  0.19883505E-001
  0.19883460E-001
  0.19883418E-001
  0.19883380E-001
  0.19883344E-001
  0.19883312E-001
  0.19883282E-001
  0.19883256E-001
  0.19883234E-001
  0.19883214E-001
  0.19883197E-001
  0.19883184E-001
  0.19883174E-001
  0.19883166E-001
  0.19883161E-001
  0.19883159E-001
  0.19883160E-001
  0.19883163E-001
  0.19883168E-001
  0.19883175E-001
  0.19883185E-001
  0.19883196E-001
  0.19883209E-001
  0.19883223E-001
  0.19883238E-001
  0.19883255E-001
  0.19883272E-001
  0.19883290E-001
  0.19883309E-001
  0.19883329E-001
  0.19883348E-001
  0.19883368E-001
  0.19883388E-001
  0.19883408E-001
  0.19883427E-001
  0.19883447E-001
  0.19883465E-001
  0.19883484E-001
  0.19883501E-001
  0.19883518E-001
  0.19883535E-001
  0.19883550E-001
  0.19883565E-001
  0.19883578E-001
  0.19883591E-001
  0.19883602E-001
  0.19883613E-001
  0.19883623E-001
  0.19883631E-001
  0.19883639E-001
  0.19883646E-001
  0.19883651E-001
  0.19883656E-001
  0.19883660E-001
  0.19883663E-001
  0.19883665E-001
  0.19883667E-001
  0.19883667E-001
  0.19883667E-001
  0.19883666E-001
  0.19883662E-001
  0.19883656E-001
  0.19883647E-001
  0.19883635E-001
  0.19883625E-001
  0.19883625E-001
  0.19883651E-001
  0.19883711E-001
  0.19883771E-001
  0.19883707E-001
  0.19883392E-001
  0.19883876E-001
  0.19885330E-001
