  0.12132919E+001  0.81622315E+000  0.54011198E+001  0.73747740E+002
  0.12527135E+001  0.78252498E+000  0.54015290E+001  0.73769328E+002
  0.12523085E+001  0.79350444E+000  0.54079181E+001  0.73773683E+002
  0.12540041E+001  0.79403358E+000  0.54161335E+001  0.73779951E+002
  0.12537925E+001  0.79444296E+000  0.54138460E+001  0.73795315E+002
  0.12542874E+001  0.80025254E+000  0.54161394E+001  0.73797357E+002
  0.12539922E+001  0.80045085E+000  0.54217792E+001  0.73800392E+002
  0.12539634E+001  0.80012188E+000  0.54302075E+001  0.73799255E+002
  0.12550564E+001  0.80177125E+000  0.54284376E+001  0.73803895E+002
  0.12548223E+001  0.80148944E+000  0.54306806E+001  0.73806707E+002
  0.12542901E+001  0.80187544E+000  0.54309179E+001  0.73810280E+002
  0.12559523E+001  0.80026333E+000  0.54318656E+001  0.73812231E+002
  0.12550875E+001  0.80114985E+000  0.54296924E+001  0.73816742E+002
  0.12550892E+001  0.80115761E+000  0.54569728E+001  0.73791325E+002
  0.12550226E+001  0.80099379E+000  0.54624418E+001  0.73787558E+002
  0.12549875E+001  0.80099927E+000  0.54667890E+001  0.73784378E+002
  0.12549540E+001  0.80229729E+000  0.54690397E+001  0.73781725E+002
  0.12548805E+001  0.80235983E+000  0.54770917E+001  0.73774316E+002
  0.12548800E+001  0.80234387E+000  0.54774686E+001  0.73774396E+002
  0.12548407E+001  0.80236781E+000  0.54777914E+001  0.73774368E+002
  0.12548224E+001  0.80235963E+000  0.54780798E+001  0.73774252E+002
  0.12547068E+001  0.80245464E+000  0.54783236E+001  0.73774061E+002
  0.12547063E+001  0.80196765E+000  0.54790010E+001  0.73773810E+002
  0.12546907E+001  0.80196299E+000  0.54791828E+001  0.73773508E+002
  0.12546826E+001  0.80194810E+000  0.54793430E+001  0.73773164E+002
  0.12546742E+001  0.80191582E+000  0.54795002E+001  0.73772784E+002
  0.12545141E+001  0.80205224E+000  0.54796229E+001  0.73772375E+002
  0.12545050E+001  0.80203744E+000  0.54797308E+001  0.73771941E+002
  0.12544958E+001  0.80202232E+000  0.54798267E+001  0.73771486E+002
  0.12544864E+001  0.80200793E+000  0.54799114E+001  0.73771014E+002
  0.12544769E+001  0.80199384E+000  0.54799870E+001  0.73770525E+002
  0.12544673E+001  0.80198007E+000  0.54800550E+001  0.73770024E+002
  0.12544576E+001  0.80196668E+000  0.54801165E+001  0.73769510E+002
  0.12544478E+001  0.80190160E+000  0.54802247E+001  0.73768985E+002
  0.12544380E+001  0.80188901E+000  0.54802762E+001  0.73768451E+002
  0.12544282E+001  0.80187688E+000  0.54803239E+001  0.73767908E+002
  0.12544184E+001  0.80186521E+000  0.54803684E+001  0.73767356E+002
  0.12544085E+001  0.80185716E+000  0.54804071E+001  0.73766797E+002
  0.12543986E+001  0.80184649E+000  0.54804467E+001  0.73766230E+002
  0.12543887E+001  0.80183633E+000  0.54804843E+001  0.73765657E+002
  0.12543789E+001  0.80182672E+000  0.54805203E+001  0.73765077E+002
  0.12543690E+001  0.80181766E+000  0.54805549E+001  0.73764491E+002
  0.12543591E+001  0.80180916E+000  0.54805881E+001  0.73763900E+002
  0.12543492E+001  0.80180124E+000  0.54806202E+001  0.73763304E+002
  0.12543393E+001  0.80179390E+000  0.54806512E+001  0.73762704E+002
  0.12543295E+001  0.80178715E+000  0.54806811E+001  0.73762101E+002
  0.12543196E+001  0.80178100E+000  0.54807100E+001  0.73761495E+002
  0.12543098E+001  0.80177544E+000  0.54807379E+001  0.73760887E+002
  0.12542999E+001  0.80177047E+000  0.54807648E+001  0.73760278E+002
  0.12542901E+001  0.80176609E+000  0.54807907E+001  0.73759670E+002
  0.12542803E+001  0.80176228E+000  0.54808156E+001  0.73759063E+002
  0.12542705E+001  0.80175905E+000  0.54808394E+001  0.73758458E+002
  0.12542607E+001  0.80175637E+000  0.54808623E+001  0.73757857E+002
  0.12542510E+001  0.80175423E+000  0.54808841E+001  0.73757260E+002
  0.12542413E+001  0.80175262E+000  0.54809049E+001  0.73756669E+002
  0.12542316E+001  0.80175152E+000  0.54809247E+001  0.73756085E+002
  0.12542220E+001  0.80175091E+000  0.54809435E+001  0.73755509E+002
  0.12541862E+001  0.80177709E+000  0.54809614E+001  0.73754943E+002
  0.12541139E+001  0.80184026E+000  0.54809783E+001  0.73754387E+002
  0.12541045E+001  0.80184098E+000  0.54809944E+001  0.73753842E+002
  0.12540952E+001  0.80184210E+000  0.54810096E+001  0.73753310E+002
  0.12540854E+001  0.80184425E+000  0.54810241E+001  0.73752790E+002
  0.12540764E+001  0.80184611E+000  0.54810380E+001  0.73752285E+002
  0.12540675E+001  0.80184830E+000  0.54810512E+001  0.73751795E+002
  0.12540588E+001  0.80185079E+000  0.54810640E+001  0.73751320E+002
  0.12540502E+001  0.80185356E+000  0.54810763E+001  0.73750861E+002
  0.12540419E+001  0.80185659E+000  0.54810883E+001  0.73750418E+002
  0.12540337E+001  0.80185984E+000  0.54811002E+001  0.73749993E+002
  0.12540257E+001  0.80186329E+000  0.54811119E+001  0.73749584E+002
  0.12540180E+001  0.80186692E+000  0.54811235E+001  0.73749193E+002
  0.12540038E+001  0.80187743E+000  0.54811353E+001  0.73748820E+002
  0.12539965E+001  0.80188134E+000  0.54811471E+001  0.73748465E+002
  0.12539895E+001  0.80188535E+000  0.54811592E+001  0.73748127E+002
  0.12539827E+001  0.80188943E+000  0.54811715E+001  0.73747808E+002
  0.12539763E+001  0.80189357E+000  0.54811840E+001  0.73747506E+002
  0.12539701E+001  0.80189775E+000  0.54811968E+001  0.73747222E+002
  0.12539642E+001  0.80190193E+000  0.54812100E+001  0.73746956E+002
  0.12539586E+001  0.80190612E+000  0.54812234E+001  0.73746707E+002
  0.12539533E+001  0.80191029E+000  0.54812371E+001  0.73746476E+002
  0.12539484E+001  0.80191442E+000  0.54812511E+001  0.73746261E+002
  0.12539437E+001  0.80191850E+000  0.54812653E+001  0.73746063E+002
  0.12539393E+001  0.80192253E+000  0.54812798E+001  0.73745881E+002
  0.12539353E+001  0.80192649E+000  0.54812944E+001  0.73745715E+002
  0.12539315E+001  0.80193038E+000  0.54813092E+001  0.73745563E+002
  0.12539281E+001  0.80193418E+000  0.54813241E+001  0.73745427E+002
  0.12539250E+001  0.80193790E+000  0.54813391E+001  0.73745304E+002
  0.12539222E+001  0.80194153E+000  0.54813542E+001  0.73745195E+002
  0.12539197E+001  0.80194506E+000  0.54813694E+001  0.73745098E+002
  0.12539174E+001  0.80194850E+000  0.54813847E+001  0.73745013E+002
  0.12539155E+001  0.80195183E+000  0.54814000E+001  0.73744940E+002
  0.12539139E+001  0.80195507E+000  0.54814153E+001  0.73744877E+002
  0.12539125E+001  0.80195821E+000  0.54814307E+001  0.73744824E+002
  0.12539114E+001  0.80196125E+000  0.54814461E+001  0.73744781E+002
  0.12539106E+001  0.80196419E+000  0.54814616E+001  0.73744746E+002
  0.12539100E+001  0.80196702E+000  0.54814771E+001  0.73744719E+002
  0.12539097E+001  0.80196976E+000  0.54814927E+001  0.73744699E+002
  0.12539096E+001  0.80197239E+000  0.54815083E+001  0.73744686E+002
  0.12539097E+001  0.80197492E+000  0.54815240E+001  0.73744679E+002
  0.12539100E+001  0.80197735E+000  0.54815398E+001  0.73744677E+002
  0.12539106E+001  0.80197968E+000  0.54815557E+001  0.73744679E+002
  0.12539113E+001  0.80198191E+000  0.54815716E+001  0.73744685E+002
  0.12539122E+001  0.80198403E+000  0.54815877E+001  0.73744695E+002
  0.12539134E+001  0.80198605E+000  0.54816039E+001  0.73744707E+002
  0.12539146E+001  0.80198797E+000  0.54816202E+001  0.73744721E+002
  0.12539161E+001  0.80198979E+000  0.54816367E+001  0.73744737E+002
  0.12539177E+001  0.80199151E+000  0.54816533E+001  0.73744753E+002
  0.12539194E+001  0.80199312E+000  0.54816700E+001  0.73744771E+002
  0.12539213E+001  0.80199464E+000  0.54816868E+001  0.73744788E+002
  0.12539233E+001  0.80199606E+000  0.54817038E+001  0.73744805E+002
  0.12539254E+001  0.80199738E+000  0.54817208E+001  0.73744821E+002
  0.12539276E+001  0.80199860E+000  0.54817380E+001  0.73744835E+002
  0.12539299E+001  0.80199973E+000  0.54817553E+001  0.73744849E+002
  0.12539323E+001  0.80200077E+000  0.54817727E+001  0.73744860E+002
  0.12539348E+001  0.80200171E+000  0.54817902E+001  0.73744870E+002
  0.12539373E+001  0.80200258E+000  0.54818077E+001  0.73744877E+002
  0.12539399E+001  0.80200336E+000  0.54818252E+001  0.73744881E+002
  0.12539426E+001  0.80200406E+000  0.54818428E+001  0.73744883E+002
  0.12539453E+001  0.80200468E+000  0.54818604E+001  0.73744883E+002
  0.12539480E+001  0.80200524E+000  0.54818780E+001  0.73744879E+002
  0.12539507E+001  0.80200573E+000  0.54818955E+001  0.73744873E+002
  0.12539535E+001  0.80200616E+000  0.54819129E+001  0.73744863E+002
  0.12539563E+001  0.80200653E+000  0.54819302E+001  0.73744851E+002
  0.12539591E+001  0.80200686E+000  0.54819474E+001  0.73744836E+002
  0.12539618E+001  0.80200715E+000  0.54819645E+001  0.73744818E+002
  0.12539646E+001  0.80200740E+000  0.54819814E+001  0.73744797E+002
  0.12539673E+001  0.80200762E+000  0.54819980E+001  0.73744774E+002
  0.12539700E+001  0.80200781E+000  0.54820144E+001  0.73744748E+002
  0.12539726E+001  0.80200799E+000  0.54820305E+001  0.73744720E+002
  0.12539752E+001  0.80200816E+000  0.54820463E+001  0.73744690E+002
  0.12539777E+001  0.80200832E+000  0.54820617E+001  0.73744658E+002
  0.12539802E+001  0.80200848E+000  0.54820768E+001  0.73744624E+002
  0.12539825E+001  0.80200864E+000  0.54820915E+001  0.73744589E+002
  0.12539848E+001  0.80200881E+000  0.54821058E+001  0.73744553E+002
  0.12539871E+001  0.80200900E+000  0.54821197E+001  0.73744516E+002
  0.12539892E+001  0.80200920E+000  0.54821330E+001  0.73744478E+002
  0.12539912E+001  0.80200942E+000  0.54821459E+001  0.73744439E+002
  0.12539932E+001  0.80200967E+000  0.54821583E+001  0.73744400E+002
  0.12539950E+001  0.80200994E+000  0.54821702E+001  0.73744361E+002
  0.12539968E+001  0.80201023E+000  0.54821816E+001  0.73744323E+002
  0.12539984E+001  0.80201056E+000  0.54821924E+001  0.73744285E+002
  0.12539999E+001  0.80201091E+000  0.54822027E+001  0.73744247E+002
  0.12540013E+001  0.80201128E+000  0.54822124E+001  0.73744210E+002
  0.12540026E+001  0.80201169E+000  0.54822216E+001  0.73744175E+002
  0.12540038E+001  0.80201212E+000  0.54822303E+001  0.73744141E+002
  0.12540049E+001  0.80201257E+000  0.54822384E+001  0.73744108E+002
  0.12540059E+001  0.80201305E+000  0.54822461E+001  0.73744077E+002
  0.12540068E+001  0.80201354E+000  0.54822531E+001  0.73744047E+002
  0.12540075E+001  0.80201405E+000  0.54822597E+001  0.73744020E+002
  0.12540082E+001  0.80201458E+000  0.54822658E+001  0.73743994E+002
  0.12540088E+001  0.80201511E+000  0.54822714E+001  0.73743971E+002
  0.12540093E+001  0.80201566E+000  0.54822765E+001  0.73743950E+002
  0.12540097E+001  0.80201621E+000  0.54822812E+001  0.73743931E+002
  0.12540100E+001  0.80201675E+000  0.54822855E+001  0.73743914E+002
  0.12540103E+001  0.80201730E+000  0.54822893E+001  0.73743900E+002
  0.12540104E+001  0.80201784E+000  0.54822927E+001  0.73743888E+002
  0.12540105E+001  0.80201837E+000  0.54822958E+001  0.73743878E+002
  0.12540105E+001  0.80201888E+000  0.54822985E+001  0.73743871E+002
  0.12540105E+001  0.80201938E+000  0.54823008E+001  0.73743866E+002
  0.12540104E+001  0.80201986E+000  0.54823028E+001  0.73743863E+002
  0.12540102E+001  0.80202031E+000  0.54823045E+001  0.73743863E+002
  0.12540100E+001  0.80202074E+000  0.54823060E+001  0.73743865E+002
  0.12540098E+001  0.80202114E+000  0.54823071E+001  0.73743869E+002
  0.12540095E+001  0.80202151E+000  0.54823080E+001  0.73743874E+002
  0.12540092E+001  0.80202184E+000  0.54823086E+001  0.73743882E+002
  0.12540088E+001  0.80202214E+000  0.54823090E+001  0.73743892E+002
  0.12540084E+001  0.80202240E+000  0.54823091E+001  0.73743903E+002
  0.12540079E+001  0.80202262E+000  0.54823091E+001  0.73743916E+002
  0.12540075E+001  0.80202280E+000  0.54823088E+001  0.73743931E+002
  0.12540070E+001  0.80202293E+000  0.54823084E+001  0.73743946E+002
  0.12540064E+001  0.80202302E+000  0.54823078E+001  0.73743963E+002
  0.12540059E+001  0.80202306E+000  0.54823069E+001  0.73743981E+002
  0.12540053E+001  0.80202306E+000  0.54823059E+001  0.73744000E+002
  0.12540047E+001  0.80202301E+000  0.54823048E+001  0.73744020E+002
  0.12540041E+001  0.80202291E+000  0.54823034E+001  0.73744040E+002
  0.12540034E+001  0.80202276E+000  0.54823019E+001  0.73744061E+002
  0.12540028E+001  0.80202255E+000  0.54823002E+001  0.73744083E+002
  0.12540021E+001  0.80202230E+000  0.54822983E+001  0.73744104E+002
  0.12540013E+001  0.80202198E+000  0.54822963E+001  0.73744126E+002
  0.12540005E+001  0.80202162E+000  0.54822940E+001  0.73744147E+002
  0.12539997E+001  0.80202120E+000  0.54822915E+001  0.73744169E+002
  0.12539989E+001  0.80202072E+000  0.54822888E+001  0.73744189E+002
  0.12539980E+001  0.80202018E+000  0.54822859E+001  0.73744209E+002
  0.12539971E+001  0.80201958E+000  0.54822827E+001  0.73744229E+002
  0.12539961E+001  0.80201891E+000  0.54822793E+001  0.73744247E+002
  0.12539950E+001  0.80201818E+000  0.54822756E+001  0.73744264E+002
  0.12539939E+001  0.80201738E+000  0.54822715E+001  0.73744279E+002
  0.12539927E+001  0.80201650E+000  0.54822670E+001  0.73744293E+002
  0.12539915E+001  0.80201553E+000  0.54822621E+001  0.73744305E+002
  0.12539901E+001  0.80201448E+000  0.54822568E+001  0.73744315E+002
  0.12539887E+001  0.80201334E+000  0.54822509E+001  0.73744321E+002
  0.12539871E+001  0.80201211E+000  0.54822445E+001  0.73744325E+002
  0.12539854E+001  0.80201082E+000  0.54822379E+001  0.73744324E+002
  0.12539836E+001  0.80200949E+000  0.54822312E+001  0.73744318E+002
  0.12539817E+001  0.80200814E+000  0.54822248E+001  0.73744305E+002
  0.12539796E+001  0.80200675E+000  0.54822186E+001  0.73744285E+002
  0.12539773E+001  0.80200518E+000  0.54822109E+001  0.73744260E+002
  0.12539748E+001  0.80200321E+000  0.54821989E+001  0.73744234E+002
  0.12539721E+001  0.80200092E+000  0.54821833E+001  0.73744204E+002
  0.12539692E+001  0.80199937E+000  0.54821943E+001  0.73744103E+002
  0.12539663E+001  0.80199993E+000  0.54822250E+001  0.73743946E+002
