  0.21474872E-001  0.20291757E+000  0.17611419E+001  0.79192841E+002
  0.21418374E-001  0.20331453E+000  0.17606786E+001  0.79220685E+002
  0.21376032E-001  0.20334660E+000  0.17606175E+001  0.79242074E+002
  0.21344563E-001  0.20326847E+000  0.17606920E+001  0.79258818E+002
  0.21321271E-001  0.20321200E+000  0.17607624E+001  0.79272102E+002
  0.21304281E-001  0.20317444E+000  0.17608260E+001  0.79282733E+002
  0.21292266E-001  0.20315318E+000  0.17608814E+001  0.79291288E+002
  0.21284244E-001  0.20314448E+000  0.17609296E+001  0.79298190E+002
  0.21279434E-001  0.20314375E+000  0.17609730E+001  0.79303764E+002
  0.21277292E-001  0.20314768E+000  0.17610136E+001  0.79308261E+002
  0.21277421E-001  0.20315514E+000  0.17610513E+001  0.79311881E+002
  0.21279377E-001  0.20316539E+000  0.17610862E+001  0.79314782E+002
  0.21282794E-001  0.20317785E+000  0.17611183E+001  0.79317093E+002
  0.21287375E-001  0.20319204E+000  0.17611480E+001  0.79318918E+002
  0.21292873E-001  0.20320760E+000  0.17611752E+001  0.79320341E+002
  0.21299086E-001  0.20322421E+000  0.17612003E+001  0.79321431E+002
  0.21305849E-001  0.20324164E+000  0.17612235E+001  0.79322246E+002
  0.21313026E-001  0.20325966E+000  0.17612450E+001  0.79322831E+002
  0.21320503E-001  0.20327813E+000  0.17612649E+001  0.79323226E+002
  0.21328177E-001  0.20329691E+000  0.17612835E+001  0.79323460E+002
  0.21335963E-001  0.20331589E+000  0.17613010E+001  0.79323561E+002
  0.21343799E-001  0.20333498E+000  0.17613173E+001  0.79323551E+002
  0.21351637E-001  0.20335409E+000  0.17613327E+001  0.79323447E+002
  0.21359433E-001  0.20337315E+000  0.17613472E+001  0.79323265E+002
  0.21367153E-001  0.20339210E+000  0.17613609E+001  0.79323018E+002
  0.21374765E-001  0.20341088E+000  0.17613739E+001  0.79322715E+002
  0.21382246E-001  0.20342946E+000  0.17613863E+001  0.79322367E+002
  0.21389573E-001  0.20344778E+000  0.17613981E+001  0.79321980E+002
  0.21396729E-001  0.20346583E+000  0.17614093E+001  0.79321560E+002
  0.21403701E-001  0.20348355E+000  0.17614201E+001  0.79321113E+002
  0.21410475E-001  0.20350093E+000  0.17614304E+001  0.79320642E+002
  0.21417043E-001  0.20351793E+000  0.17614403E+001  0.79320151E+002
  0.21423398E-001  0.20353453E+000  0.17614498E+001  0.79319644E+002
  0.21429533E-001  0.20351954E+000  0.17614902E+001  0.79319121E+002
  0.21435445E-001  0.20349368E+000  0.17615407E+001  0.79318585E+002
  0.21441132E-001  0.20346918E+000  0.17615891E+001  0.79318038E+002
  0.21446591E-001  0.20344604E+000  0.17616354E+001  0.79317481E+002
  0.21451821E-001  0.20342426E+000  0.17616795E+001  0.79316915E+002
  0.21456824E-001  0.20340384E+000  0.17617215E+001  0.79316340E+002
  0.21461600E-001  0.20338476E+000  0.17617613E+001  0.79315759E+002
  0.21466151E-001  0.20336704E+000  0.17617988E+001  0.79315171E+002
  0.21470479E-001  0.20335065E+000  0.17618342E+001  0.79314578E+002
  0.21474585E-001  0.20333560E+000  0.17618672E+001  0.79313980E+002
  0.21478473E-001  0.20332186E+000  0.17618980E+001  0.79313377E+002
  0.21482145E-001  0.20330943E+000  0.17619264E+001  0.79312771E+002
  0.21485603E-001  0.20329829E+000  0.17619524E+001  0.79312163E+002
  0.21488851E-001  0.20328841E+000  0.17619761E+001  0.79311552E+002
  0.21491891E-001  0.20327976E+000  0.17619975E+001  0.79310941E+002
  0.21494726E-001  0.20327232E+000  0.17620164E+001  0.79310331E+002
  0.21497359E-001  0.20326604E+000  0.17620330E+001  0.79309721E+002
  0.21499794E-001  0.20326089E+000  0.17620474E+001  0.79309113E+002
  0.21502034E-001  0.20325681E+000  0.17620595E+001  0.79308509E+002
  0.21504083E-001  0.20325375E+000  0.17620694E+001  0.79307909E+002
  0.21505945E-001  0.20325165E+000  0.17620772E+001  0.79307315E+002
  0.21507626E-001  0.20325047E+000  0.17620830E+001  0.79306727E+002
  0.21509131E-001  0.20325012E+000  0.17620869E+001  0.79306148E+002
  0.21510465E-001  0.20325055E+000  0.17620890E+001  0.79305577E+002
  0.21511635E-001  0.20325169E+000  0.17620893E+001  0.79305016E+002
  0.21512648E-001  0.20325348E+000  0.17620882E+001  0.79304466E+002
  0.21513512E-001  0.20325584E+000  0.17620855E+001  0.79303928E+002
  0.21514234E-001  0.20325873E+000  0.17620816E+001  0.79303403E+002
  0.21514823E-001  0.20326207E+000  0.17620764E+001  0.79302892E+002
  0.21515287E-001  0.20326581E+000  0.17620702E+001  0.79302395E+002
  0.21515636E-001  0.20326989E+000  0.17620630E+001  0.79301914E+002
  0.21515876E-001  0.20327427E+000  0.17620549E+001  0.79301449E+002
  0.21516018E-001  0.20327890E+000  0.17620461E+001  0.79301001E+002
  0.21516071E-001  0.20328374E+000  0.17620366E+001  0.79300569E+002
  0.21516041E-001  0.20328876E+000  0.17620266E+001  0.79300156E+002
  0.21515939E-001  0.20329392E+000  0.17620160E+001  0.79299760E+002
  0.21515771E-001  0.20329920E+000  0.17620051E+001  0.79299382E+002
  0.21515546E-001  0.20330458E+000  0.17619939E+001  0.79299023E+002
  0.21515271E-001  0.20331003E+000  0.17619824E+001  0.79298683E+002
  0.21514953E-001  0.20331555E+000  0.17619707E+001  0.79298361E+002
  0.21514598E-001  0.20332111E+000  0.17619589E+001  0.79298057E+002
  0.21514212E-001  0.20332671E+000  0.17619471E+001  0.79297773E+002
  0.21513802E-001  0.20333233E+000  0.17619352E+001  0.79297506E+002
  0.21513373E-001  0.20333796E+000  0.17619235E+001  0.79297258E+002
  0.21512930E-001  0.20334359E+000  0.17619120E+001  0.79297028E+002
  0.21512477E-001  0.20334920E+000  0.17619007E+001  0.79296815E+002
  0.21512019E-001  0.20335478E+000  0.17618896E+001  0.79296619E+002
  0.21511560E-001  0.20336031E+000  0.17618790E+001  0.79296440E+002
  0.21511104E-001  0.20336578E+000  0.17618688E+001  0.79296278E+002
  0.21510653E-001  0.20337117E+000  0.17618592E+001  0.79296131E+002
  0.21510210E-001  0.20337646E+000  0.17618501E+001  0.79295998E+002
  0.21509779E-001  0.20338164E+000  0.17618417E+001  0.79295881E+002
  0.21509360E-001  0.20338669E+000  0.17618340E+001  0.79295777E+002
  0.21508957E-001  0.20339158E+000  0.17618271E+001  0.79295686E+002
  0.21508570E-001  0.20339631E+000  0.17618210E+001  0.79295607E+002
  0.21508201E-001  0.20340086E+000  0.17618158E+001  0.79295540E+002
  0.21507851E-001  0.20340520E+000  0.17618115E+001  0.79295483E+002
  0.21507520E-001  0.20340933E+000  0.17618081E+001  0.79295437E+002
  0.21507209E-001  0.20341323E+000  0.17618058E+001  0.79295400E+002
  0.21506918E-001  0.20341689E+000  0.17618044E+001  0.79295372E+002
  0.21506648E-001  0.20342030E+000  0.17618041E+001  0.79295352E+002
  0.21506397E-001  0.20342345E+000  0.17618047E+001  0.79295339E+002
  0.21506166E-001  0.20342634E+000  0.17618064E+001  0.79295333E+002
  0.21505955E-001  0.20342896E+000  0.17618090E+001  0.79295333E+002
  0.21505762E-001  0.20343132E+000  0.17618127E+001  0.79295338E+002
  0.21505587E-001  0.20343339E+000  0.17618172E+001  0.79295348E+002
  0.21505430E-001  0.20343520E+000  0.17618227E+001  0.79295362E+002
  0.21505290E-001  0.20343674E+000  0.17618289E+001  0.79295380E+002
  0.21505166E-001  0.20343802E+000  0.17618360E+001  0.79295400E+002
  0.21505056E-001  0.20343905E+000  0.17618439E+001  0.79295423E+002
  0.21504961E-001  0.20343982E+000  0.17618524E+001  0.79295447E+002
  0.21504880E-001  0.20344035E+000  0.17618615E+001  0.79295473E+002
  0.21504811E-001  0.20344066E+000  0.17618711E+001  0.79295500E+002
  0.21504754E-001  0.20344074E+000  0.17618812E+001  0.79295527E+002
  0.21504709E-001  0.20344062E+000  0.17618916E+001  0.79295554E+002
  0.21504673E-001  0.20344030E+000  0.17619024E+001  0.79295581E+002
  0.21504648E-001  0.20343980E+000  0.17619134E+001  0.79295607E+002
  0.21504631E-001  0.20343914E+000  0.17619246E+001  0.79295632E+002
  0.21504623E-001  0.20343831E+000  0.17619358E+001  0.79295656E+002
  0.21504623E-001  0.20343735E+000  0.17619471E+001  0.79295678E+002
  0.21504630E-001  0.20343626E+000  0.17619582E+001  0.79295698E+002
  0.21504643E-001  0.20343506E+000  0.17619693E+001  0.79295716E+002
  0.21504663E-001  0.20343376E+000  0.17619801E+001  0.79295732E+002
  0.21504688E-001  0.20343238E+000  0.17619906E+001  0.79295746E+002
  0.21504717E-001  0.20343094E+000  0.17620009E+001  0.79295757E+002
  0.21504751E-001  0.20342943E+000  0.17620108E+001  0.79295766E+002
  0.21504789E-001  0.20342789E+000  0.17620202E+001  0.79295772E+002
  0.21504830E-001  0.20342632E+000  0.17620293E+001  0.79295776E+002
  0.21504873E-001  0.20342474E+000  0.17620378E+001  0.79295777E+002
  0.21504918E-001  0.20342315E+000  0.17620458E+001  0.79295776E+002
  0.21504965E-001  0.20342158E+000  0.17620533E+001  0.79295772E+002
  0.21505013E-001  0.20342002E+000  0.17620603E+001  0.79295766E+002
  0.21505061E-001  0.20341850E+000  0.17620666E+001  0.79295757E+002
  0.21505109E-001  0.20341701E+000  0.17620725E+001  0.79295746E+002
  0.21505157E-001  0.20341558E+000  0.17620777E+001  0.79295733E+002
  0.21505204E-001  0.20341420E+000  0.17620824E+001  0.79295718E+002
  0.21505250E-001  0.20341289E+000  0.17620865E+001  0.79295702E+002
  0.21505294E-001  0.20341165E+000  0.17620900E+001  0.79295683E+002
  0.21505336E-001  0.20341048E+000  0.17620931E+001  0.79295664E+002
  0.21505376E-001  0.20340939E+000  0.17620956E+001  0.79295643E+002
  0.21505414E-001  0.20340839E+000  0.17620977E+001  0.79295621E+002
  0.21505448E-001  0.20340747E+000  0.17620992E+001  0.79295597E+002
  0.21505480E-001  0.20340664E+000  0.17621004E+001  0.79295574E+002
  0.21505509E-001  0.20340591E+000  0.17621011E+001  0.79295550E+002
  0.21505534E-001  0.20340526E+000  0.17621014E+001  0.79295525E+002
  0.21505555E-001  0.20340470E+000  0.17621014E+001  0.79295500E+002
  0.21505574E-001  0.20340423E+000  0.17621010E+001  0.79295476E+002
  0.21505588E-001  0.20340384E+000  0.17621004E+001  0.79295451E+002
  0.21505599E-001  0.20340355E+000  0.17620994E+001  0.79295428E+002
  0.21505607E-001  0.20340333E+000  0.17620982E+001  0.79295404E+002
  0.21505610E-001  0.20340320E+000  0.17620969E+001  0.79295382E+002
  0.21505610E-001  0.20340314E+000  0.17620953E+001  0.79295360E+002
  0.21505607E-001  0.20340315E+000  0.17620935E+001  0.79295340E+002
  0.21505599E-001  0.20340323E+000  0.17620916E+001  0.79295321E+002
  0.21505589E-001  0.20340338E+000  0.17620896E+001  0.79295303E+002
  0.21505575E-001  0.20340358E+000  0.17620875E+001  0.79295287E+002
  0.21505558E-001  0.20340384E+000  0.17620853E+001  0.79295272E+002
  0.21505537E-001  0.20340414E+000  0.17620831E+001  0.79295259E+002
  0.21505514E-001  0.20340449E+000  0.17620808E+001  0.79295248E+002
  0.21505487E-001  0.20340488E+000  0.17620785E+001  0.79295238E+002
  0.21505458E-001  0.20340530E+000  0.17620762E+001  0.79295230E+002
  0.21505426E-001  0.20340574E+000  0.17620738E+001  0.79295224E+002
  0.21505392E-001  0.20340621E+000  0.17620715E+001  0.79295220E+002
  0.21505355E-001  0.20340669E+000  0.17620692E+001  0.79295218E+002
  0.21505316E-001  0.20340718E+000  0.17620669E+001  0.79295218E+002
  0.21505275E-001  0.20340768E+000  0.17620647E+001  0.79295219E+002
  0.21505231E-001  0.20340818E+000  0.17620625E+001  0.79295223E+002
  0.21505186E-001  0.20340867E+000  0.17620604E+001  0.79295228E+002
  0.21505139E-001  0.20340915E+000  0.17620583E+001  0.79295235E+002
  0.21505090E-001  0.20340962E+000  0.17620562E+001  0.79295243E+002
  0.21505040E-001  0.20341006E+000  0.17620542E+001  0.79295253E+002
  0.21504988E-001  0.20341048E+000  0.17620523E+001  0.79295265E+002
  0.21504934E-001  0.20341088E+000  0.17620504E+001  0.79295278E+002
  0.21504880E-001  0.20341124E+000  0.17620486E+001  0.79295292E+002
  0.21504823E-001  0.20341156E+000  0.17620468E+001  0.79295307E+002
  0.21504766E-001  0.20341185E+000  0.17620451E+001  0.79295324E+002
  0.21504707E-001  0.20341209E+000  0.17620434E+001  0.79295341E+002
  0.21504647E-001  0.20341229E+000  0.17620417E+001  0.79295359E+002
  0.21504586E-001  0.20341244E+000  0.17620401E+001  0.79295378E+002
  0.21504524E-001  0.20341253E+000  0.17620385E+001  0.79295398E+002
  0.21504461E-001  0.20341257E+000  0.17620370E+001  0.79295418E+002
  0.21504396E-001  0.20341256E+000  0.17620354E+001  0.79295438E+002
  0.21504330E-001  0.20341248E+000  0.17620339E+001  0.79295458E+002
  0.21504263E-001  0.20341234E+000  0.17620324E+001  0.79295479E+002
  0.21504195E-001  0.20341214E+000  0.17620308E+001  0.79295499E+002
  0.21504126E-001  0.20341188E+000  0.17620293E+001  0.79295519E+002
  0.21504056E-001  0.20341155E+000  0.17620277E+001  0.79295538E+002
  0.21503984E-001  0.20341115E+000  0.17620260E+001  0.79295557E+002
  0.21503911E-001  0.20341068E+000  0.17620244E+001  0.79295575E+002
  0.21503837E-001  0.20341013E+000  0.17620226E+001  0.79295592E+002
  0.21503762E-001  0.20340952E+000  0.17620208E+001  0.79295608E+002
  0.21503686E-001  0.20340882E+000  0.17620190E+001  0.79295622E+002
  0.21503609E-001  0.20340805E+000  0.17620171E+001  0.79295634E+002
  0.21503533E-001  0.20340718E+000  0.17620151E+001  0.79295644E+002
  0.21503457E-001  0.20340623E+000  0.17620130E+001  0.79295652E+002
  0.21503381E-001  0.20340519E+000  0.17620109E+001  0.79295657E+002
  0.21503303E-001  0.20340406E+000  0.17620086E+001  0.79295659E+002
  0.21503220E-001  0.20340287E+000  0.17620063E+001  0.79295657E+002
  0.21503123E-001  0.20340167E+000  0.17620036E+001  0.79295651E+002
  0.21503003E-001  0.20340051E+000  0.17620005E+001  0.79295639E+002
  0.21502856E-001  0.20339943E+000  0.17619968E+001  0.79295621E+002
  0.21502690E-001  0.20339836E+000  0.17619928E+001  0.79295597E+002
  0.21502543E-001  0.20339703E+000  0.17619891E+001  0.79295565E+002
  0.21502451E-001  0.20339504E+000  0.17619866E+001  0.79295528E+002
  0.21502355E-001  0.20339256E+000  0.17619854E+001  0.79295481E+002
  0.21501896E-001  0.20339128E+000  0.17619806E+001  0.79295393E+002
  0.21501246E-001  0.20339337E+000  0.17619683E+001  0.79295275E+002
