  0.68295813E-001
  0.68693959E-001
  0.68920273E-001
  0.69054671E-001
  0.69137368E-001
  0.69189477E-001
  0.69222744E-001
  0.69244186E-001
  0.69257828E-001
  0.69266196E-001
  0.69270907E-001
  0.69273079E-001
  0.69273478E-001
  0.69272631E-001
  0.69270909E-001
  0.69268583E-001
  0.69265863E-001
  0.69262904E-001
  0.69259822E-001
  0.69256699E-001
  0.69253597E-001
  0.69250555E-001
  0.69247601E-001
  0.69244757E-001
  0.69242037E-001
  0.69239449E-001
  0.69236997E-001
  0.69234682E-001
  0.69232500E-001
  0.69230448E-001
  0.69228520E-001
  0.69226708E-001
  0.69225003E-001
  0.69223398E-001
  0.69221882E-001
  0.69220448E-001
  0.69219087E-001
  0.69217790E-001
  0.69216550E-001
  0.69215359E-001
  0.69214210E-001
  0.69213098E-001
  0.69212016E-001
  0.69210960E-001
  0.69209926E-001
  0.69208911E-001
  0.69207913E-001
  0.69206929E-001
  0.69205958E-001
  0.69204999E-001
  0.69204051E-001
  0.69203116E-001
  0.69202192E-001
  0.69201281E-001
  0.69200384E-001
  0.69199501E-001
  0.69198634E-001
  0.69197783E-001
  0.69196950E-001
  0.69196137E-001
  0.69195344E-001
  0.69194572E-001
  0.69193824E-001
  0.69193098E-001
  0.69192398E-001
  0.69191723E-001
  0.69191074E-001
  0.69190452E-001
  0.69189858E-001
  0.69189291E-001
  0.69188753E-001
  0.69188242E-001
  0.69187761E-001
  0.69187309E-001
  0.69186885E-001
  0.69186490E-001
  0.69186124E-001
  0.69185787E-001
  0.69185478E-001
  0.69185196E-001
  0.69184941E-001
  0.69184713E-001
  0.69184510E-001
  0.69184332E-001
  0.69184177E-001
  0.69184044E-001
  0.69183932E-001
  0.69183840E-001
  0.69183766E-001
  0.69183709E-001
  0.69183668E-001
  0.69183642E-001
  0.69183628E-001
  0.69183627E-001
  0.69183637E-001
  0.69183656E-001
  0.69183684E-001
  0.69183719E-001
  0.69183761E-001
  0.69183809E-001
  0.69183861E-001
  0.69183917E-001
  0.69183977E-001
  0.69184038E-001
  0.69184102E-001
  0.69184166E-001
  0.69184230E-001
  0.69184294E-001
  0.69184358E-001
  0.69184419E-001
  0.69184479E-001
  0.69184537E-001
  0.69184592E-001
  0.69184644E-001
  0.69184693E-001
  0.69184739E-001
  0.69184781E-001
  0.69184819E-001
  0.69184853E-001
  0.69184883E-001
  0.69184909E-001
  0.69184931E-001
  0.69184948E-001
  0.69184962E-001
  0.69184972E-001
  0.69184978E-001
  0.69184981E-001
  0.69184979E-001
  0.69184975E-001
  0.69184967E-001
  0.69184956E-001
  0.69184943E-001
  0.69184927E-001
  0.69184909E-001
  0.69184889E-001
  0.69184867E-001
  0.69184843E-001
  0.69184818E-001
  0.69184792E-001
  0.69184765E-001
  0.69184738E-001
  0.69184711E-001
  0.69184683E-001
  0.69184655E-001
  0.69184628E-001
  0.69184601E-001
  0.69184575E-001
  0.69184550E-001
  0.69184526E-001
  0.69184503E-001
  0.69184481E-001
  0.69184460E-001
  0.69184441E-001
  0.69184424E-001
  0.69184408E-001
  0.69184394E-001
  0.69184381E-001
  0.69184370E-001
  0.69184361E-001
  0.69184354E-001
  0.69184348E-001
  0.69184344E-001
  0.69184342E-001
  0.69184341E-001
  0.69184342E-001
  0.69184344E-001
  0.69184347E-001
  0.69184352E-001
  0.69184358E-001
  0.69184365E-001
  0.69184373E-001
  0.69184382E-001
  0.69184392E-001
  0.69184403E-001
  0.69184414E-001
  0.69184426E-001
  0.69184439E-001
  0.69184451E-001
  0.69184464E-001
  0.69184477E-001
  0.69184491E-001
  0.69184504E-001
  0.69184518E-001
  0.69184532E-001
  0.69184545E-001
  0.69184559E-001
  0.69184573E-001
  0.69184587E-001
  0.69184602E-001
  0.69184619E-001
  0.69184641E-001
  0.69184672E-001
  0.69184714E-001
  0.69184762E-001
  0.69184791E-001
  0.69184778E-001
  0.69184772E-001
  0.69185260E-001
  0.69185684E-001
  0.69183425E-001
