  0.16194813E+001
  0.16197716E+001
  0.16199695E+001
  0.16201033E+001
  0.16201882E+001
  0.16202344E+001
  0.16202506E+001
  0.16202433E+001
  0.16202178E+001
  0.16201779E+001
  0.16201268E+001
  0.16200669E+001
  0.16200002E+001
  0.16199284E+001
  0.16198528E+001
  0.16197743E+001
  0.16196940E+001
  0.16196124E+001
  0.16195302E+001
  0.16194478E+001
  0.16193656E+001
  0.16192839E+001
  0.16192030E+001
  0.16191231E+001
  0.16190444E+001
  0.16189672E+001
  0.16188917E+001
  0.16188179E+001
  0.16187461E+001
  0.16186763E+001
  0.16186089E+001
  0.16185438E+001
  0.16184812E+001
  0.16184214E+001
  0.16183643E+001
  0.16183102E+001
  0.16182593E+001
  0.16182117E+001
  0.16181675E+001
  0.16181269E+001
  0.16180900E+001
  0.16180571E+001
  0.16180282E+001
  0.16180034E+001
  0.16179829E+001
  0.16179667E+001
  0.16179550E+001
  0.16179477E+001
  0.16179449E+001
  0.16179466E+001
  0.16179527E+001
  0.16179632E+001
  0.16179780E+001
  0.16179970E+001
  0.16180201E+001
  0.16180470E+001
  0.16180775E+001
  0.16181115E+001
  0.16181487E+001
  0.16181888E+001
  0.16182316E+001
  0.16182768E+001
  0.16183241E+001
  0.16183732E+001
  0.16184239E+001
  0.16184759E+001
  0.16185289E+001
  0.16185827E+001
  0.16186370E+001
  0.16186917E+001
  0.16187465E+001
  0.16188012E+001
  0.16188557E+001
  0.16189097E+001
  0.16189631E+001
  0.16190159E+001
  0.16190677E+001
  0.16191186E+001
  0.16191683E+001
  0.16192167E+001
  0.16192637E+001
  0.16193092E+001
  0.16193531E+001
  0.16193952E+001
  0.16194355E+001
  0.16194738E+001
  0.16195100E+001
  0.16195442E+001
  0.16195761E+001
  0.16196057E+001
  0.16196330E+001
  0.16196579E+001
  0.16196804E+001
  0.16197005E+001
  0.16197182E+001
  0.16197336E+001
  0.16197465E+001
  0.16197572E+001
  0.16197656E+001
  0.16197718E+001
  0.16197760E+001
  0.16197781E+001
  0.16197784E+001
  0.16197769E+001
  0.16197737E+001
  0.16197689E+001
  0.16197627E+001
  0.16197552E+001
  0.16197464E+001
  0.16197367E+001
  0.16197259E+001
  0.16197144E+001
  0.16197021E+001
  0.16196892E+001
  0.16196758E+001
  0.16196620E+001
  0.16196479E+001
  0.16196337E+001
  0.16196193E+001
  0.16196049E+001
  0.16195906E+001
  0.16195764E+001
  0.16195625E+001
  0.16195489E+001
  0.16195356E+001
  0.16195227E+001
  0.16195103E+001
  0.16194984E+001
  0.16194871E+001
  0.16194764E+001
  0.16194663E+001
  0.16194568E+001
  0.16194481E+001
  0.16194400E+001
  0.16194326E+001
  0.16194260E+001
  0.16194200E+001
  0.16194148E+001
  0.16194103E+001
  0.16194064E+001
  0.16194032E+001
  0.16194007E+001
  0.16193988E+001
  0.16193976E+001
  0.16193969E+001
  0.16193968E+001
  0.16193972E+001
  0.16193981E+001
  0.16193994E+001
  0.16194012E+001
  0.16194034E+001
  0.16194059E+001
  0.16194087E+001
  0.16194119E+001
  0.16194152E+001
  0.16194188E+001
  0.16194226E+001
  0.16194265E+001
  0.16194305E+001
  0.16194346E+001
  0.16194387E+001
  0.16194428E+001
  0.16194470E+001
  0.16194511E+001
  0.16194552E+001
  0.16194591E+001
  0.16194630E+001
  0.16194668E+001
  0.16194704E+001
  0.16194739E+001
  0.16194772E+001
  0.16194803E+001
  0.16194833E+001
  0.16194860E+001
  0.16194886E+001
  0.16194910E+001
  0.16194931E+001
  0.16194951E+001
  0.16194968E+001
  0.16194984E+001
  0.16194997E+001
  0.16195008E+001
  0.16195018E+001
  0.16195025E+001
  0.16195031E+001
  0.16195034E+001
  0.16195035E+001
  0.16195035E+001
  0.16195032E+001
  0.16195028E+001
  0.16195025E+001
  0.16195024E+001
  0.16195030E+001
  0.16195044E+001
  0.16195063E+001
  0.16195074E+001
  0.16195054E+001
  0.16194996E+001
  0.16195003E+001
  0.16195189E+001
