 -0.17165511E+000  0.12887882E+000  0.18710505E+001  0.46496514E+001
 -0.17064220E+000  0.12978126E+000  0.18733858E+001  0.46465622E+001
 -0.16997029E+000  0.13067157E+000  0.18747933E+001  0.46443841E+001
 -0.16950375E+000  0.13141338E+000  0.18757028E+001  0.46428013E+001
 -0.16917731E+000  0.13194401E+000  0.18763539E+001  0.46416326E+001
 -0.16895173E+000  0.13231283E+000  0.18768140E+001  0.46407632E+001
 -0.16879978E+000  0.13255612E+000  0.18771303E+001  0.46401163E+001
 -0.16870277E+000  0.13270253E+000  0.18773354E+001  0.46396387E+001
 -0.16864787E+000  0.13277546E+000  0.18774525E+001  0.46392917E+001
 -0.16862604E+000  0.13279251E+000  0.18774996E+001  0.46390461E+001
 -0.16863061E+000  0.13276597E+000  0.18774925E+001  0.46388798E+001
 -0.16865634E+000  0.13270536E+000  0.18774435E+001  0.46387756E+001
 -0.16869903E+000  0.13261824E+000  0.18773621E+001  0.46387201E+001
 -0.16875524E+000  0.13251068E+000  0.18772560E+001  0.46387028E+001
 -0.16882212E+000  0.13238751E+000  0.18771310E+001  0.46387152E+001
 -0.16889729E+000  0.13225265E+000  0.18769919E+001  0.46387506E+001
 -0.16897879E+000  0.13210925E+000  0.18768423E+001  0.46388037E+001
 -0.16906497E+000  0.13195989E+000  0.18766852E+001  0.46388702E+001
 -0.16915453E+000  0.13180656E+000  0.18765226E+001  0.46389469E+001
 -0.16924632E+000  0.13165085E+000  0.18763564E+001  0.46390310E+001
 -0.16933945E+000  0.13149410E+000  0.18761880E+001  0.46391204E+001
 -0.16943316E+000  0.13133743E+000  0.18760185E+001  0.46392134E+001
 -0.16952683E+000  0.13118174E+000  0.18758488E+001  0.46393088E+001
 -0.16961996E+000  0.13102774E+000  0.18756797E+001  0.46394054E+001
 -0.16971212E+000  0.13087603E+000  0.18755119E+001  0.46395025E+001
 -0.16980297E+000  0.13072710E+000  0.18753460E+001  0.46395994E+001
 -0.16989224E+000  0.13058133E+000  0.18751824E+001  0.46396958E+001
 -0.16997968E+000  0.13043907E+000  0.18750216E+001  0.46397912E+001
 -0.17006512E+000  0.13030059E+000  0.18748639E+001  0.46398855E+001
 -0.17014839E+000  0.13016610E+000  0.18747098E+001  0.46399785E+001
 -0.17022939E+000  0.13003581E+000  0.18745594E+001  0.46400702E+001
 -0.17030802E+000  0.12990989E+000  0.18744132E+001  0.46401607E+001
 -0.17038421E+000  0.12978847E+000  0.18742713E+001  0.46402500E+001
 -0.17045792E+000  0.12970308E+000  0.18741027E+001  0.46403382E+001
 -0.17052912E+000  0.12963293E+000  0.18739284E+001  0.46404256E+001
 -0.17059778E+000  0.12956577E+000  0.18737611E+001  0.46405124E+001
 -0.17066389E+000  0.12950167E+000  0.18736010E+001  0.46405990E+001
 -0.17072745E+000  0.12944068E+000  0.18734484E+001  0.46406856E+001
 -0.17078847E+000  0.12938285E+000  0.18733034E+001  0.46407726E+001
 -0.17084697E+000  0.12932823E+000  0.18731664E+001  0.46408604E+001
 -0.17090296E+000  0.12927683E+000  0.18730374E+001  0.46409494E+001
 -0.17095647E+000  0.12922868E+000  0.18729168E+001  0.46410399E+001
 -0.17100754E+000  0.12918378E+000  0.18728046E+001  0.46411324E+001
 -0.17105617E+000  0.12914211E+000  0.18727009E+001  0.46412273E+001
 -0.17110242E+000  0.12910365E+000  0.18726060E+001  0.46413249E+001
 -0.17114631E+000  0.12906836E+000  0.18725198E+001  0.46414256E+001
 -0.17118787E+000  0.12903620E+000  0.18724425E+001  0.46415297E+001
 -0.17122715E+000  0.12900710E+000  0.18723740E+001  0.46416374E+001
 -0.17126417E+000  0.12898097E+000  0.18723143E+001  0.46417490E+001
 -0.17129898E+000  0.12895773E+000  0.18722635E+001  0.46418646E+001
 -0.17133161E+000  0.12893727E+000  0.18722212E+001  0.46419845E+001
 -0.17136212E+000  0.12891948E+000  0.18721875E+001  0.46421086E+001
 -0.17139054E+000  0.12890422E+000  0.18721620E+001  0.46422370E+001
 -0.17141693E+000  0.12889135E+000  0.18721446E+001  0.46423697E+001
 -0.17144134E+000  0.12888073E+000  0.18721350E+001  0.46425065E+001
 -0.17146384E+000  0.12887221E+000  0.18721327E+001  0.46426473E+001
 -0.17148448E+000  0.12886562E+000  0.18721375E+001  0.46427920E+001
 -0.17150332E+000  0.12886081E+000  0.18721489E+001  0.46429401E+001
 -0.17152045E+000  0.12885761E+000  0.18721665E+001  0.46430916E+001
 -0.17153592E+000  0.12885586E+000  0.18721899E+001  0.46432459E+001
 -0.17154982E+000  0.12885540E+000  0.18722185E+001  0.46434028E+001
 -0.17156223E+000  0.12885609E+000  0.18722519E+001  0.46435619E+001
 -0.17157322E+000  0.12885776E+000  0.18722896E+001  0.46437227E+001
 -0.17158288E+000  0.12886028E+000  0.18723311E+001  0.46438848E+001
 -0.17159128E+000  0.12886353E+000  0.18723761E+001  0.46440478E+001
 -0.17159851E+000  0.12886738E+000  0.18724240E+001  0.46442112E+001
 -0.17160464E+000  0.12887173E+000  0.18724744E+001  0.46443746E+001
 -0.17160976E+000  0.12887647E+000  0.18725270E+001  0.46445376E+001
 -0.17161393E+000  0.12888153E+000  0.18725813E+001  0.46446998E+001
 -0.17161725E+000  0.12888681E+000  0.18726370E+001  0.46448607E+001
 -0.17161977E+000  0.12889227E+000  0.18726939E+001  0.46450201E+001
 -0.17162158E+000  0.12889783E+000  0.18727515E+001  0.46451776E+001
 -0.17162273E+000  0.12890346E+000  0.18728097E+001  0.46453328E+001
 -0.17162330E+000  0.12890910E+000  0.18728681E+001  0.46454854E+001
 -0.17162336E+000  0.12891473E+000  0.18729265E+001  0.46456352E+001
 -0.17162296E+000  0.12892031E+000  0.18729848E+001  0.46457819E+001
 -0.17162216E+000  0.12892581E+000  0.18730425E+001  0.46459253E+001
 -0.17162103E+000  0.12893122E+000  0.18730996E+001  0.46460650E+001
 -0.17161961E+000  0.12893650E+000  0.18731559E+001  0.46462008E+001
 -0.17161796E+000  0.12894164E+000  0.18732110E+001  0.46463326E+001
 -0.17161614E+000  0.12894662E+000  0.18732649E+001  0.46464600E+001
 -0.17161418E+000  0.12895143E+000  0.18733172E+001  0.46465830E+001
 -0.17161214E+000  0.12895604E+000  0.18733679E+001  0.46467011E+001
 -0.17161005E+000  0.12896045E+000  0.18734167E+001  0.46468143E+001
 -0.17160795E+000  0.12896463E+000  0.18734634E+001  0.46469224E+001
 -0.17160588E+000  0.12896858E+000  0.18735080E+001  0.46470250E+001
 -0.17160386E+000  0.12897229E+000  0.18735502E+001  0.46471222E+001
 -0.17160193E+000  0.12897575E+000  0.18735898E+001  0.46472135E+001
 -0.17160010E+000  0.12897896E+000  0.18736269E+001  0.46472990E+001
 -0.17159840E+000  0.12898190E+000  0.18736613E+001  0.46473784E+001
 -0.17159684E+000  0.12898457E+000  0.18736930E+001  0.46474517E+001
 -0.17159543E+000  0.12898698E+000  0.18737218E+001  0.46475188E+001
 -0.17159420E+000  0.12898913E+000  0.18737478E+001  0.46475795E+001
 -0.17159313E+000  0.12899102E+000  0.18737709E+001  0.46476339E+001
 -0.17159225E+000  0.12899264E+000  0.18737912E+001  0.46476819E+001
 -0.17159155E+000  0.12899402E+000  0.18738087E+001  0.46477236E+001
 -0.17159102E+000  0.12899516E+000  0.18738235E+001  0.46477591E+001
 -0.17159068E+000  0.12899605E+000  0.18738356E+001  0.46477884E+001
 -0.17159051E+000  0.12899673E+000  0.18738451E+001  0.46478116E+001
 -0.17159051E+000  0.12899719E+000  0.18738523E+001  0.46478290E+001
 -0.17159068E+000  0.12899744E+000  0.18738570E+001  0.46478408E+001
 -0.17159100E+000  0.12899751E+000  0.18738596E+001  0.46478470E+001
 -0.17159146E+000  0.12899739E+000  0.18738601E+001  0.46478481E+001
 -0.17159206E+000  0.12899711E+000  0.18738588E+001  0.46478442E+001
 -0.17159279E+000  0.12899668E+000  0.18738557E+001  0.46478356E+001
 -0.17159363E+000  0.12899610E+000  0.18738510E+001  0.46478226E+001
 -0.17159458E+000  0.12899540E+000  0.18738449E+001  0.46478056E+001
 -0.17159562E+000  0.12899457E+000  0.18738375E+001  0.46477847E+001
 -0.17159675E+000  0.12899365E+000  0.18738291E+001  0.46477604E+001
 -0.17159795E+000  0.12899262E+000  0.18738197E+001  0.46477329E+001
 -0.17159922E+000  0.12899151E+000  0.18738095E+001  0.46477025E+001
 -0.17160054E+000  0.12899033E+000  0.18737987E+001  0.46476696E+001
 -0.17160191E+000  0.12898908E+000  0.18737873E+001  0.46476344E+001
 -0.17160332E+000  0.12898778E+000  0.18737756E+001  0.46475972E+001
 -0.17160475E+000  0.12898644E+000  0.18737636E+001  0.46475584E+001
 -0.17160620E+000  0.12898506E+000  0.18737515E+001  0.46475182E+001
 -0.17160766E+000  0.12898365E+000  0.18737394E+001  0.46474770E+001
 -0.17160912E+000  0.12898223E+000  0.18737273E+001  0.46474348E+001
 -0.17161058E+000  0.12898080E+000  0.18737155E+001  0.46473921E+001
 -0.17161202E+000  0.12897937E+000  0.18737039E+001  0.46473491E+001
 -0.17161343E+000  0.12897794E+000  0.18736926E+001  0.46473059E+001
 -0.17161483E+000  0.12897654E+000  0.18736818E+001  0.46472629E+001
 -0.17161618E+000  0.12897516E+000  0.18736714E+001  0.46472202E+001
 -0.17161749E+000  0.12897381E+000  0.18736616E+001  0.46471781E+001
 -0.17161876E+000  0.12897249E+000  0.18736524E+001  0.46471367E+001
 -0.17161998E+000  0.12897123E+000  0.18736439E+001  0.46470963E+001
 -0.17162113E+000  0.12897001E+000  0.18736360E+001  0.46470569E+001
 -0.17162223E+000  0.12896885E+000  0.18736289E+001  0.46470188E+001
 -0.17162326E+000  0.12896775E+000  0.18736225E+001  0.46469820E+001
 -0.17162423E+000  0.12896672E+000  0.18736168E+001  0.46469467E+001
 -0.17162512E+000  0.12896576E+000  0.18736120E+001  0.46469130E+001
 -0.17162595E+000  0.12896486E+000  0.18736079E+001  0.46468811E+001
 -0.17162670E+000  0.12896405E+000  0.18736046E+001  0.46468509E+001
 -0.17162737E+000  0.12896331E+000  0.18736021E+001  0.46468225E+001
 -0.17162798E+000  0.12896265E+000  0.18736004E+001  0.46467960E+001
 -0.17162850E+000  0.12896207E+000  0.18735994E+001  0.46467715E+001
 -0.17162896E+000  0.12896157E+000  0.18735992E+001  0.46467489E+001
 -0.17162934E+000  0.12896115E+000  0.18735997E+001  0.46467282E+001
 -0.17162964E+000  0.12896080E+000  0.18736009E+001  0.46467095E+001
 -0.17162988E+000  0.12896054E+000  0.18736028E+001  0.46466927E+001
 -0.17163005E+000  0.12896035E+000  0.18736054E+001  0.46466779E+001
 -0.17163016E+000  0.12896023E+000  0.18736085E+001  0.46466649E+001
 -0.17163020E+000  0.12896018E+000  0.18736122E+001  0.46466538E+001
 -0.17163018E+000  0.12896021E+000  0.18736165E+001  0.46466444E+001
 -0.17163011E+000  0.12896029E+000  0.18736213E+001  0.46466367E+001
 -0.17162998E+000  0.12896044E+000  0.18736266E+001  0.46466307E+001
 -0.17162981E+000  0.12896064E+000  0.18736323E+001  0.46466262E+001
 -0.17162958E+000  0.12896090E+000  0.18736384E+001  0.46466232E+001
 -0.17162932E+000  0.12896121E+000  0.18736448E+001  0.46466216E+001
 -0.17162902E+000  0.12896157E+000  0.18736516E+001  0.46466213E+001
 -0.17162868E+000  0.12896196E+000  0.18736586E+001  0.46466222E+001
 -0.17162832E+000  0.12896239E+000  0.18736658E+001  0.46466243E+001
 -0.17162792E+000  0.12896286E+000  0.18736733E+001  0.46466273E+001
 -0.17162751E+000  0.12896335E+000  0.18736809E+001  0.46466313E+001
 -0.17162707E+000  0.12896386E+000  0.18736886E+001  0.46466361E+001
 -0.17162662E+000  0.12896440E+000  0.18736964E+001  0.46466417E+001
 -0.17162616E+000  0.12896495E+000  0.18737042E+001  0.46466479E+001
 -0.17162569E+000  0.12896551E+000  0.18737120E+001  0.46466546E+001
 -0.17162522E+000  0.12896608E+000  0.18737198E+001  0.46466618E+001
 -0.17162475E+000  0.12896665E+000  0.18737275E+001  0.46466694E+001
 -0.17162427E+000  0.12896722E+000  0.18737351E+001  0.46466773E+001
 -0.17162381E+000  0.12896779E+000  0.18737426E+001  0.46466854E+001
 -0.17162335E+000  0.12896835E+000  0.18737499E+001  0.46466937E+001
 -0.17162290E+000  0.12896890E+000  0.18737570E+001  0.46467020E+001
 -0.17162246E+000  0.12896944E+000  0.18737639E+001  0.46467103E+001
 -0.17162203E+000  0.12896997E+000  0.18737706E+001  0.46467186E+001
 -0.17162163E+000  0.12897047E+000  0.18737770E+001  0.46467268E+001
 -0.17162124E+000  0.12897095E+000  0.18737831E+001  0.46467349E+001
 -0.17162087E+000  0.12897142E+000  0.18737889E+001  0.46467427E+001
 -0.17162052E+000  0.12897186E+000  0.18737944E+001  0.46467503E+001
 -0.17162019E+000  0.12897227E+000  0.18737996E+001  0.46467576E+001
 -0.17161989E+000  0.12897266E+000  0.18738045E+001  0.46467646E+001
 -0.17161961E+000  0.12897301E+000  0.18738090E+001  0.46467713E+001
 -0.17161935E+000  0.12897334E+000  0.18738131E+001  0.46467776E+001
 -0.17161913E+000  0.12897365E+000  0.18738168E+001  0.46467836E+001
 -0.17161892E+000  0.12897392E+000  0.18738202E+001  0.46467892E+001
 -0.17161874E+000  0.12897416E+000  0.18738232E+001  0.46467944E+001
 -0.17161859E+000  0.12897437E+000  0.18738258E+001  0.46467993E+001
 -0.17161846E+000  0.12897455E+000  0.18738280E+001  0.46468037E+001
 -0.17161836E+000  0.12897470E+000  0.18738298E+001  0.46468078E+001
 -0.17161828E+000  0.12897482E+000  0.18738312E+001  0.46468116E+001
 -0.17161823E+000  0.12897492E+000  0.18738322E+001  0.46468150E+001
 -0.17161820E+000  0.12897498E+000  0.18738328E+001  0.46468181E+001
 -0.17161820E+000  0.12897501E+000  0.18738329E+001  0.46468209E+001
 -0.17161823E+000  0.12897501E+000  0.18738326E+001  0.46468235E+001
 -0.17161828E+000  0.12897497E+000  0.18738317E+001  0.46468258E+001
 -0.17161838E+000  0.12897488E+000  0.18738303E+001  0.46468279E+001
 -0.17161852E+000  0.12897474E+000  0.18738283E+001  0.46468299E+001
 -0.17161870E+000  0.12897455E+000  0.18738257E+001  0.46468318E+001
 -0.17161889E+000  0.12897432E+000  0.18738226E+001  0.46468338E+001
 -0.17161906E+000  0.12897410E+000  0.18738192E+001  0.46468362E+001
 -0.17161911E+000  0.12897398E+000  0.18738159E+001  0.46468395E+001
 -0.17161897E+000  0.12897405E+000  0.18738132E+001  0.46468442E+001
 -0.17161857E+000  0.12897439E+000  0.18738115E+001  0.46468508E+001
 -0.17161805E+000  0.12897485E+000  0.18738101E+001  0.46468590E+001
 -0.17161785E+000  0.12897489E+000  0.18738064E+001  0.46468665E+001
 -0.17161838E+000  0.12897375E+000  0.18737968E+001  0.46468699E+001
 -0.17161888E+000  0.12897186E+000  0.18737812E+001  0.46468650E+001
 -0.17161520E+000  0.12897364E+000  0.18737741E+001  0.46468694E+001
 -0.17160939E+000  0.12897956E+000  0.18737993E+001  0.46469065E+001
