  0.16717354E+001
  0.16717648E+001
  0.16717722E+001
  0.16717660E+001
  0.16717505E+001
  0.16717248E+001
  0.16716911E+001
  0.16716515E+001
  0.16716074E+001
  0.16715599E+001
  0.16715097E+001
  0.16714575E+001
  0.16714040E+001
  0.16713494E+001
  0.16712941E+001
  0.16712386E+001
  0.16711829E+001
  0.16711274E+001
  0.16710722E+001
  0.16710174E+001
  0.16709631E+001
  0.16709093E+001
  0.16708563E+001
  0.16708042E+001
  0.16707529E+001
  0.16707026E+001
  0.16706535E+001
  0.16706055E+001
  0.16705589E+001
  0.16705137E+001
  0.16704700E+001
  0.16704280E+001
  0.16703878E+001
  0.16703494E+001
  0.16703131E+001
  0.16702790E+001
  0.16702473E+001
  0.16702180E+001
  0.16701914E+001
  0.16701677E+001
  0.16701469E+001
  0.16701293E+001
  0.16701149E+001
  0.16701040E+001
  0.16700966E+001
  0.16700928E+001
  0.16700928E+001
  0.16700965E+001
  0.16701041E+001
  0.16701154E+001
  0.16701306E+001
  0.16701496E+001
  0.16701722E+001
  0.16701984E+001
  0.16702281E+001
  0.16702611E+001
  0.16702972E+001
  0.16703363E+001
  0.16703780E+001
  0.16704222E+001
  0.16704687E+001
  0.16705171E+001
  0.16705672E+001
  0.16706188E+001
  0.16706716E+001
  0.16707254E+001
  0.16707799E+001
  0.16708349E+001
  0.16708901E+001
  0.16709455E+001
  0.16710008E+001
  0.16710557E+001
  0.16711103E+001
  0.16711643E+001
  0.16712175E+001
  0.16712700E+001
  0.16713214E+001
  0.16713717E+001
  0.16714208E+001
  0.16714686E+001
  0.16715149E+001
  0.16715597E+001
  0.16716029E+001
  0.16716443E+001
  0.16716838E+001
  0.16717214E+001
  0.16717570E+001
  0.16717905E+001
  0.16718218E+001
  0.16718508E+001
  0.16718776E+001
  0.16719021E+001
  0.16719242E+001
  0.16719440E+001
  0.16719614E+001
  0.16719765E+001
  0.16719893E+001
  0.16719999E+001
  0.16720083E+001
  0.16720146E+001
  0.16720188E+001
  0.16720211E+001
  0.16720215E+001
  0.16720202E+001
  0.16720172E+001
  0.16720127E+001
  0.16720068E+001
  0.16719997E+001
  0.16719913E+001
  0.16719820E+001
  0.16719717E+001
  0.16719605E+001
  0.16719487E+001
  0.16719363E+001
  0.16719233E+001
  0.16719100E+001
  0.16718964E+001
  0.16718826E+001
  0.16718688E+001
  0.16718548E+001
  0.16718410E+001
  0.16718273E+001
  0.16718138E+001
  0.16718005E+001
  0.16717876E+001
  0.16717752E+001
  0.16717631E+001
  0.16717516E+001
  0.16717406E+001
  0.16717302E+001
  0.16717203E+001
  0.16717112E+001
  0.16717026E+001
  0.16716948E+001
  0.16716876E+001
  0.16716811E+001
  0.16716753E+001
  0.16716702E+001
  0.16716657E+001
  0.16716619E+001
  0.16716588E+001
  0.16716563E+001
  0.16716545E+001
  0.16716532E+001
  0.16716525E+001
  0.16716523E+001
  0.16716527E+001
  0.16716535E+001
  0.16716547E+001
  0.16716564E+001
  0.16716585E+001
  0.16716609E+001
  0.16716636E+001
  0.16716666E+001
  0.16716698E+001
  0.16716733E+001
  0.16716769E+001
  0.16716806E+001
  0.16716845E+001
  0.16716884E+001
  0.16716924E+001
  0.16716964E+001
  0.16717004E+001
  0.16717044E+001
  0.16717083E+001
  0.16717121E+001
  0.16717159E+001
  0.16717195E+001
  0.16717230E+001
  0.16717263E+001
  0.16717295E+001
  0.16717326E+001
  0.16717354E+001
  0.16717381E+001
  0.16717406E+001
  0.16717429E+001
  0.16717450E+001
  0.16717469E+001
  0.16717486E+001
  0.16717501E+001
  0.16717514E+001
  0.16717525E+001
  0.16717534E+001
  0.16717541E+001
  0.16717547E+001
  0.16717550E+001
  0.16717552E+001
  0.16717551E+001
  0.16717549E+001
  0.16717545E+001
  0.16717542E+001
  0.16717542E+001
  0.16717547E+001
  0.16717559E+001
  0.16717577E+001
  0.16717586E+001
  0.16717567E+001
  0.16717512E+001
  0.16717507E+001
  0.16717673E+001
