  0.18841479E+001
  0.17458656E+001
  0.17244297E+001
  0.17360047E+001
  0.17537029E+001
  0.17754501E+001
  0.17963236E+001
  0.18140704E+001
  0.18278817E+001
  0.18381326E+001
  0.18454775E+001
  0.18507260E+001
  0.18545541E+001
  0.18574337E+001
  0.18597084E+001
  0.18616018E+001
  0.18632166E+001
  0.18645759E+001
  0.18658238E+001
  0.18670250E+001
  0.18681650E+001
  0.18692264E+001
  0.18702008E+001
  0.18710838E+001
  0.18718745E+001
  0.18725757E+001
  0.18731918E+001
  0.18737292E+001
  0.18741947E+001
  0.18745961E+001
  0.18749415E+001
  0.18752356E+001
  0.18754877E+001
  0.18757029E+001
  0.18758862E+001
  0.18760422E+001
  0.18761748E+001
  0.18762874E+001
  0.18763829E+001
  0.18764638E+001
  0.18765323E+001
  0.18765899E+001
  0.18766382E+001
  0.18766783E+001
  0.18767112E+001
  0.18767376E+001
  0.18767582E+001
  0.18767736E+001
  0.18767841E+001
  0.18767904E+001
  0.18767927E+001
  0.18767915E+001
  0.18767869E+001
  0.18767795E+001
  0.18767694E+001
  0.18767571E+001
  0.18767427E+001
  0.18767266E+001
  0.18767090E+001
  0.18766903E+001
  0.18766706E+001
  0.18766501E+001
  0.18766291E+001
  0.18766078E+001
  0.18765863E+001
  0.18765648E+001
  0.18765433E+001
  0.18765220E+001
  0.18765010E+001
  0.18764804E+001
  0.18764601E+001
  0.18764403E+001
  0.18764210E+001
  0.18764022E+001
  0.18763840E+001
  0.18763663E+001
  0.18763493E+001
  0.18763329E+001
  0.18763171E+001
  0.18763021E+001
  0.18762878E+001
  0.18762742E+001
  0.18762615E+001
  0.18762496E+001
  0.18762385E+001
  0.18762283E+001
  0.18762189E+001
  0.18762105E+001
  0.18762030E+001
  0.18761963E+001
  0.18761906E+001
  0.18761858E+001
  0.18761818E+001
  0.18761787E+001
  0.18761764E+001
  0.18761748E+001
  0.18761741E+001
  0.18761740E+001
  0.18761747E+001
  0.18761759E+001
  0.18761778E+001
  0.18761801E+001
  0.18761830E+001
  0.18761863E+001
  0.18761900E+001
  0.18761940E+001
  0.18761983E+001
  0.18762029E+001
  0.18762077E+001
  0.18762127E+001
  0.18762178E+001
  0.18762230E+001
  0.18762283E+001
  0.18762336E+001
  0.18762390E+001
  0.18762443E+001
  0.18762495E+001
  0.18762547E+001
  0.18762597E+001
  0.18762646E+001
  0.18762694E+001
  0.18762740E+001
  0.18762784E+001
  0.18762826E+001
  0.18762866E+001
  0.18762903E+001
  0.18762938E+001
  0.18762971E+001
  0.18763000E+001
  0.18763027E+001
  0.18763051E+001
  0.18763073E+001
  0.18763092E+001
  0.18763108E+001
  0.18763121E+001
  0.18763131E+001
  0.18763139E+001
  0.18763145E+001
  0.18763148E+001
  0.18763149E+001
  0.18763147E+001
  0.18763143E+001
  0.18763138E+001
  0.18763131E+001
  0.18763121E+001
  0.18763111E+001
  0.18763099E+001
  0.18763085E+001
  0.18763071E+001
  0.18763055E+001
  0.18763039E+001
  0.18763022E+001
  0.18763004E+001
  0.18762986E+001
  0.18762968E+001
  0.18762950E+001
  0.18762931E+001
  0.18762913E+001
  0.18762895E+001
  0.18762877E+001
  0.18762859E+001
  0.18762842E+001
  0.18762826E+001
  0.18762810E+001
  0.18762795E+001
  0.18762780E+001
  0.18762767E+001
  0.18762754E+001
  0.18762742E+001
  0.18762731E+001
  0.18762721E+001
  0.18762712E+001
  0.18762704E+001
  0.18762697E+001
  0.18762690E+001
  0.18762685E+001
  0.18762681E+001
  0.18762678E+001
  0.18762675E+001
  0.18762674E+001
  0.18762673E+001
  0.18762673E+001
  0.18762673E+001
  0.18762675E+001
  0.18762677E+001
  0.18762680E+001
  0.18762685E+001
  0.18762691E+001
  0.18762698E+001
  0.18762707E+001
  0.18762714E+001
  0.18762716E+001
  0.18762706E+001
  0.18762683E+001
  0.18762657E+001
  0.18762669E+001
  0.18762766E+001
  0.18762855E+001
  0.18762585E+001
  0.18762530E+001
