  0.65727472E+000  0.85939109E+000  0.95413907E+000  0.21366545E+001
  0.65611460E+000  0.85901519E+000  0.95381120E+000  0.21358625E+001
  0.65551484E+000  0.85818081E+000  0.95328853E+000  0.21353685E+001
  0.65510903E+000  0.85757761E+000  0.95252207E+000  0.21351151E+001
  0.65475557E+000  0.85698232E+000  0.95198868E+000  0.21349211E+001
  0.65435444E+000  0.85661970E+000  0.95153877E+000  0.21347375E+001
  0.65342503E+000  0.85688672E+000  0.95117075E+000  0.21345912E+001
  0.65310599E+000  0.85656513E+000  0.95095340E+000  0.21344512E+001
  0.65277672E+000  0.85630962E+000  0.95081403E+000  0.21343270E+001
  0.65244840E+000  0.85601458E+000  0.95081324E+000  0.21342296E+001
  0.65211196E+000  0.85601659E+000  0.95062558E+000  0.21341361E+001
  0.65181972E+000  0.85602004E+000  0.95047234E+000  0.21340515E+001
  0.65136346E+000  0.85623712E+000  0.95022904E+000  0.21340820E+001
  0.65128344E+000  0.85611084E+000  0.95003657E+000  0.21340915E+001
  0.65120287E+000  0.85599291E+000  0.94993599E+000  0.21340543E+001
  0.65086216E+000  0.85617648E+000  0.94983092E+000  0.21340250E+001
  0.65080599E+000  0.85608380E+000  0.94974221E+000  0.21340087E+001
  0.65074278E+000  0.85586439E+000  0.94981222E+000  0.21339994E+001
  0.65070192E+000  0.85580480E+000  0.94975194E+000  0.21339655E+001
  0.65028824E+000  0.85610728E+000  0.94972263E+000  0.21339345E+001
  0.65024033E+000  0.85606950E+000  0.94968518E+000  0.21339059E+001
  0.65018215E+000  0.85605989E+000  0.94964471E+000  0.21338794E+001
  0.65015688E+000  0.85599907E+000  0.94963529E+000  0.21338545E+001
  0.65013403E+000  0.85594363E+000  0.94962906E+000  0.21338310E+001
  0.65011359E+000  0.85591680E+000  0.94960125E+000  0.21338087E+001
  0.65009507E+000  0.85589179E+000  0.94957782E+000  0.21337873E+001
  0.64963654E+000  0.85631236E+000  0.94955583E+000  0.21337667E+001
  0.64962113E+000  0.85629348E+000  0.94953617E+000  0.21337466E+001
  0.64960695E+000  0.85627336E+000  0.94952168E+000  0.21337271E+001
  0.64959383E+000  0.85625804E+000  0.94950576E+000  0.21337079E+001
  0.64958164E+000  0.85624415E+000  0.94949133E+000  0.21336889E+001
  0.64957023E+000  0.85623143E+000  0.94947819E+000  0.21336702E+001
  0.64955952E+000  0.85621975E+000  0.94946616E+000  0.21336516E+001
  0.64954941E+000  0.85620566E+000  0.94945840E+000  0.21336331E+001
  0.64953984E+000  0.85619564E+000  0.94944818E+000  0.21336146E+001
  0.64953074E+000  0.85618630E+000  0.94943871E+000  0.21335962E+001
  0.64952207E+000  0.85617754E+000  0.94942987E+000  0.21335778E+001
  0.64951378E+000  0.85614189E+000  0.94944903E+000  0.21335595E+001
  0.64950585E+000  0.85613413E+000  0.94944126E+000  0.21335411E+001
  0.64949825E+000  0.85612679E+000  0.94943394E+000  0.21335228E+001
  0.64949097E+000  0.85611983E+000  0.94942701E+000  0.21335046E+001
  0.64948399E+000  0.85611324E+000  0.94942045E+000  0.21334864E+001
  0.64947730E+000  0.85610698E+000  0.94941421E+000  0.21334684E+001
  0.64947089E+000  0.85610103E+000  0.94940827E+000  0.21334504E+001
  0.64946478E+000  0.85609539E+000  0.94940260E+000  0.21334327E+001
  0.64945894E+000  0.85609004E+000  0.94939720E+000  0.21334151E+001
  0.64945339E+000  0.85608496E+000  0.94939204E+000  0.21333978E+001
  0.64944812E+000  0.85608014E+000  0.94938711E+000  0.21333807E+001
  0.64944314E+000  0.85607559E+000  0.94938240E+000  0.21333640E+001
  0.64943844E+000  0.85607128E+000  0.94937790E+000  0.21333476E+001
  0.64943401E+000  0.85606720E+000  0.94937360E+000  0.21333315E+001
  0.64942987E+000  0.85606336E+000  0.94936949E+000  0.21333159E+001
  0.64909243E+000  0.85639330E+000  0.94936557E+000  0.21333007E+001
  0.64908880E+000  0.85638991E+000  0.94936183E+000  0.21332859E+001
  0.64908543E+000  0.85638673E+000  0.94935827E+000  0.21332716E+001
  0.64908231E+000  0.85638373E+000  0.94935487E+000  0.21332578E+001
  0.64907945E+000  0.85638092E+000  0.94935163E+000  0.21332445E+001
  0.64907480E+000  0.85638029E+000  0.94934855E+000  0.21332317E+001
  0.64907256E+000  0.85637762E+000  0.94934562E+000  0.21332195E+001
  0.64907038E+000  0.85637527E+000  0.94934282E+000  0.21332078E+001
  0.64906840E+000  0.85637306E+000  0.94934017E+000  0.21331966E+001
  0.64906229E+000  0.85637529E+000  0.94933764E+000  0.21331860E+001
  0.64906068E+000  0.85637332E+000  0.94933523E+000  0.21331759E+001
  0.64905923E+000  0.85637144E+000  0.94933294E+000  0.21331663E+001
  0.64905794E+000  0.85636967E+000  0.94933076E+000  0.21331573E+001
  0.64905680E+000  0.85636799E+000  0.94932869E+000  0.21331487E+001
  0.64905578E+000  0.85636639E+000  0.94932673E+000  0.21331407E+001
  0.64905489E+000  0.85636486E+000  0.94932487E+000  0.21331332E+001
  0.64905411E+000  0.85636341E+000  0.94932311E+000  0.21331262E+001
  0.64905343E+000  0.85636203E+000  0.94932144E+000  0.21331197E+001
  0.64905270E+000  0.85636087E+000  0.94931988E+000  0.21331137E+001
  0.64905220E+000  0.85635962E+000  0.94931840E+000  0.21331081E+001
  0.64905179E+000  0.85635844E+000  0.94931703E+000  0.21331030E+001
  0.64905146E+000  0.85635732E+000  0.94931575E+000  0.21330983E+001
  0.64905119E+000  0.85635627E+000  0.94931457E+000  0.21330941E+001
  0.64905100E+000  0.85635527E+000  0.94931349E+000  0.21330903E+001
  0.64905086E+000  0.85635434E+000  0.94931250E+000  0.21330869E+001
  0.64905078E+000  0.85635347E+000  0.94931160E+000  0.21330839E+001
  0.64905076E+000  0.85635267E+000  0.94931080E+000  0.21330814E+001
  0.64905079E+000  0.85635192E+000  0.94931009E+000  0.21330792E+001
  0.64905086E+000  0.85635123E+000  0.94930947E+000  0.21330773E+001
  0.64905097E+000  0.85635060E+000  0.94930893E+000  0.21330758E+001
  0.64905111E+000  0.85635003E+000  0.94930847E+000  0.21330747E+001
  0.64905129E+000  0.85634951E+000  0.94930809E+000  0.21330738E+001
  0.64905148E+000  0.85634904E+000  0.94930779E+000  0.21330732E+001
  0.64905170E+000  0.85634862E+000  0.94930755E+000  0.21330729E+001
  0.64905194E+000  0.85634825E+000  0.94930738E+000  0.21330728E+001
  0.64905218E+000  0.85634792E+000  0.94930727E+000  0.21330729E+001
  0.64905243E+000  0.85634763E+000  0.94930721E+000  0.21330733E+001
  0.64905268E+000  0.85634739E+000  0.94930720E+000  0.21330738E+001
  0.64905293E+000  0.85634718E+000  0.94930724E+000  0.21330744E+001
  0.64905318E+000  0.85634700E+000  0.94930732E+000  0.21330752E+001
  0.64905341E+000  0.85634686E+000  0.94930743E+000  0.21330761E+001
  0.64905363E+000  0.85634675E+000  0.94930757E+000  0.21330771E+001
  0.64905384E+000  0.85634666E+000  0.94930774E+000  0.21330782E+001
  0.64905403E+000  0.85634660E+000  0.94930794E+000  0.21330794E+001
  0.64905420E+000  0.85634657E+000  0.94930815E+000  0.21330805E+001
  0.64905435E+000  0.85634655E+000  0.94930838E+000  0.21330817E+001
  0.64905449E+000  0.85634655E+000  0.94930862E+000  0.21330829E+001
  0.64905459E+000  0.85634657E+000  0.94930887E+000  0.21330842E+001
  0.64905468E+000  0.85634661E+000  0.94930913E+000  0.21330854E+001
  0.64905475E+000  0.85634665E+000  0.94930939E+000  0.21330865E+001
  0.64905479E+000  0.85634671E+000  0.94930966E+000  0.21330877E+001
  0.64905481E+000  0.85634678E+000  0.94930993E+000  0.21330888E+001
  0.64905482E+000  0.85634686E+000  0.94931020E+000  0.21330898E+001
  0.64905480E+000  0.85634695E+000  0.94931046E+000  0.21330908E+001
  0.64905477E+000  0.85634705E+000  0.94931073E+000  0.21330917E+001
  0.64905472E+000  0.85634714E+000  0.94931099E+000  0.21330926E+001
  0.64905465E+000  0.85634725E+000  0.94931125E+000  0.21330934E+001
  0.64905457E+000  0.85634735E+000  0.94931150E+000  0.21330941E+001
  0.64905448E+000  0.85634746E+000  0.94931175E+000  0.21330948E+001
  0.64905437E+000  0.85634757E+000  0.94931199E+000  0.21330953E+001
  0.64905426E+000  0.85634768E+000  0.94931222E+000  0.21330958E+001
  0.64905413E+000  0.85634779E+000  0.94931245E+000  0.21330962E+001
  0.64905400E+000  0.85634790E+000  0.94931268E+000  0.21330965E+001
  0.64905385E+000  0.85634800E+000  0.94931289E+000  0.21330968E+001
  0.64905370E+000  0.85634810E+000  0.94931310E+000  0.21330970E+001
  0.64905355E+000  0.85634820E+000  0.94931331E+000  0.21330970E+001
  0.64905339E+000  0.85634829E+000  0.94931350E+000  0.21330970E+001
  0.64905323E+000  0.85634837E+000  0.94931369E+000  0.21330970E+001
  0.64905307E+000  0.85634845E+000  0.94931387E+000  0.21330968E+001
  0.64905290E+000  0.85634853E+000  0.94931404E+000  0.21330966E+001
  0.64905273E+000  0.85634859E+000  0.94931421E+000  0.21330963E+001
  0.64905256E+000  0.85634865E+000  0.94931437E+000  0.21330959E+001
  0.64905240E+000  0.85634871E+000  0.94931452E+000  0.21330955E+001
  0.64905223E+000  0.85634875E+000  0.94931467E+000  0.21330950E+001
  0.64905206E+000  0.85634879E+000  0.94931480E+000  0.21330944E+001
  0.64905190E+000  0.85634882E+000  0.94931494E+000  0.21330938E+001
  0.64905174E+000  0.85634884E+000  0.94931506E+000  0.21330932E+001
  0.64905159E+000  0.85634886E+000  0.94931518E+000  0.21330925E+001
  0.64905144E+000  0.85634887E+000  0.94931530E+000  0.21330917E+001
  0.64905129E+000  0.85634887E+000  0.94931541E+000  0.21330909E+001
  0.64905115E+000  0.85634886E+000  0.94931551E+000  0.21330901E+001
  0.64905101E+000  0.85634885E+000  0.94931561E+000  0.21330893E+001
  0.64905088E+000  0.85634883E+000  0.94931571E+000  0.21330884E+001
  0.64905076E+000  0.85634880E+000  0.94931580E+000  0.21330875E+001
  0.64905065E+000  0.85634877E+000  0.94931589E+000  0.21330866E+001
  0.64905054E+000  0.85634874E+000  0.94931598E+000  0.21330857E+001
  0.64905044E+000  0.85634870E+000  0.94931607E+000  0.21330848E+001
  0.64905034E+000  0.85634865E+000  0.94931615E+000  0.21330839E+001
  0.64905026E+000  0.85634860E+000  0.94931623E+000  0.21330830E+001
  0.64905018E+000  0.85634855E+000  0.94931632E+000  0.21330821E+001
  0.64905011E+000  0.85634850E+000  0.94931640E+000  0.21330812E+001
  0.64905005E+000  0.85634844E+000  0.94931648E+000  0.21330803E+001
  0.64904999E+000  0.85634838E+000  0.94931656E+000  0.21330795E+001
  0.64904994E+000  0.85634832E+000  0.94931664E+000  0.21330787E+001
  0.64904990E+000  0.85634826E+000  0.94931672E+000  0.21330779E+001
  0.64904987E+000  0.85634819E+000  0.94931681E+000  0.21330771E+001
  0.64904984E+000  0.85634813E+000  0.94931689E+000  0.21330763E+001
  0.64904982E+000  0.85634806E+000  0.94931698E+000  0.21330756E+001
  0.64904981E+000  0.85634800E+000  0.94931707E+000  0.21330749E+001
  0.64904981E+000  0.85634794E+000  0.94931716E+000  0.21330743E+001
  0.64904981E+000  0.85634788E+000  0.94931725E+000  0.21330737E+001
  0.64904981E+000  0.85634782E+000  0.94931734E+000  0.21330731E+001
  0.64904982E+000  0.85634776E+000  0.94931744E+000  0.21330725E+001
  0.64904984E+000  0.85634770E+000  0.94931753E+000  0.21330720E+001
  0.64904986E+000  0.85634765E+000  0.94931763E+000  0.21330716E+001
  0.64904989E+000  0.85634760E+000  0.94931774E+000  0.21330712E+001
  0.64904992E+000  0.85634755E+000  0.94931784E+000  0.21330708E+001
  0.64904996E+000  0.85634751E+000  0.94931794E+000  0.21330704E+001
  0.64904999E+000  0.85634746E+000  0.94931805E+000  0.21330701E+001
  0.64905004E+000  0.85634742E+000  0.94931815E+000  0.21330698E+001
  0.64905008E+000  0.85634739E+000  0.94931826E+000  0.21330696E+001
  0.64905013E+000  0.85634735E+000  0.94931837E+000  0.21330694E+001
  0.64905018E+000  0.85634733E+000  0.94931848E+000  0.21330693E+001
  0.64905023E+000  0.85634730E+000  0.94931859E+000  0.21330691E+001
  0.64905028E+000  0.85634728E+000  0.94931870E+000  0.21330690E+001
  0.64905033E+000  0.85634726E+000  0.94931881E+000  0.21330690E+001
  0.64905039E+000  0.85634724E+000  0.94931891E+000  0.21330689E+001
  0.64905044E+000  0.85634723E+000  0.94931902E+000  0.21330689E+001
  0.64905050E+000  0.85634722E+000  0.94931913E+000  0.21330689E+001
  0.64905055E+000  0.85634721E+000  0.94931923E+000  0.21330690E+001
  0.64905061E+000  0.85634720E+000  0.94931933E+000  0.21330690E+001
  0.64905066E+000  0.85634720E+000  0.94931943E+000  0.21330691E+001
  0.64905071E+000  0.85634720E+000  0.94931953E+000  0.21330692E+001
  0.64905076E+000  0.85634720E+000  0.94931963E+000  0.21330694E+001
  0.64905081E+000  0.85634721E+000  0.94931972E+000  0.21330695E+001
  0.64905086E+000  0.85634721E+000  0.94931980E+000  0.21330697E+001
  0.64905091E+000  0.85634722E+000  0.94931988E+000  0.21330699E+001
  0.64905095E+000  0.85634723E+000  0.94931996E+000  0.21330701E+001
  0.64905099E+000  0.85634723E+000  0.94932003E+000  0.21330703E+001
  0.64905103E+000  0.85634724E+000  0.94932010E+000  0.21330705E+001
  0.64905106E+000  0.85634724E+000  0.94932016E+000  0.21330707E+001
  0.64905110E+000  0.85634725E+000  0.94932021E+000  0.21330710E+001
  0.64905113E+000  0.85634725E+000  0.94932026E+000  0.21330712E+001
  0.64905115E+000  0.85634726E+000  0.94932030E+000  0.21330715E+001
  0.64905118E+000  0.85634726E+000  0.94932033E+000  0.21330718E+001
  0.64905119E+000  0.85634726E+000  0.94932036E+000  0.21330721E+001
  0.64905120E+000  0.85634725E+000  0.94932037E+000  0.21330724E+001
  0.64905119E+000  0.85634723E+000  0.94932036E+000  0.21330727E+001
  0.64905115E+000  0.85634718E+000  0.94932032E+000  0.21330729E+001
  0.64905107E+000  0.85634711E+000  0.94932024E+000  0.21330730E+001
  0.64905097E+000  0.85634701E+000  0.94932012E+000  0.21330732E+001
  0.64905091E+000  0.85634690E+000  0.94932001E+000  0.21330734E+001
  0.64905097E+000  0.85634687E+000  0.94931999E+000  0.21330741E+001
  0.64905123E+000  0.85634702E+000  0.94932017E+000  0.21330753E+001
  0.64905140E+000  0.85634723E+000  0.94932043E+000  0.21330766E+001
  0.64905072E+000  0.85634697E+000  0.94931992E+000  0.21330748E+001
  0.64904967E+000  0.85634574E+000  0.94931869E+000  0.21330746E+001
  0.64905703E+000  0.85635253E+000  0.94932736E+000  0.21330937E+001
