  0.69591397E+000  0.85547900E+000  0.10167341E+001  0.20393323E+001
  0.69525952E+000  0.85462532E+000  0.10164010E+001  0.20385177E+001
  0.69461542E+000  0.85373357E+000  0.10160170E+001  0.20379866E+001
  0.69406161E+000  0.85297460E+000  0.10156637E+001  0.20376239E+001
  0.69359434E+000  0.85234965E+000  0.10153413E+001  0.20373623E+001
  0.69319722E+000  0.85183402E+000  0.10150541E+001  0.20371651E+001
  0.69285597E+000  0.85140823E+000  0.10147988E+001  0.20370107E+001
  0.69256270E+000  0.85105583E+000  0.10145712E+001  0.20368859E+001
  0.69231100E+000  0.85076366E+000  0.10143693E+001  0.20367834E+001
  0.69209553E+000  0.85052137E+000  0.10141909E+001  0.20366980E+001
  0.69191049E+000  0.85032097E+000  0.10140330E+001  0.20366258E+001
  0.69175112E+000  0.85015547E+000  0.10138928E+001  0.20365641E+001
  0.69161330E+000  0.85001915E+000  0.10137683E+001  0.20365109E+001
  0.69149351E+000  0.84990724E+000  0.10136570E+001  0.20364646E+001
  0.69138890E+000  0.84981582E+000  0.10135572E+001  0.20364241E+001
  0.69129707E+000  0.84974150E+000  0.10134674E+001  0.20363885E+001
  0.69121602E+000  0.84968140E+000  0.10133863E+001  0.20363570E+001
  0.69114410E+000  0.84963311E+000  0.10133127E+001  0.20363289E+001
  0.69108000E+000  0.84959475E+000  0.10132457E+001  0.20363037E+001
  0.69102260E+000  0.84956455E+000  0.10131846E+001  0.20362809E+001
  0.69097103E+000  0.84954115E+000  0.10131286E+001  0.20362601E+001
  0.69092446E+000  0.84952335E+000  0.10130773E+001  0.20362410E+001
  0.69088225E+000  0.84951015E+000  0.10130300E+001  0.20362233E+001
  0.69084381E+000  0.84950074E+000  0.10129864E+001  0.20362068E+001
  0.69080866E+000  0.84949442E+000  0.10129462E+001  0.20361911E+001
  0.69077638E+000  0.84949059E+000  0.10129089E+001  0.20361761E+001
  0.69074662E+000  0.84948875E+000  0.10128744E+001  0.20361616E+001
  0.69071905E+000  0.84948850E+000  0.10128424E+001  0.20361474E+001
  0.69069341E+000  0.84948948E+000  0.10128127E+001  0.20361335E+001
  0.69066946E+000  0.84949140E+000  0.10127849E+001  0.20361197E+001
  0.69064703E+000  0.84949403E+000  0.10127591E+001  0.20361059E+001
  0.69062590E+000  0.84949715E+000  0.10127349E+001  0.20360921E+001
  0.69060596E+000  0.84950063E+000  0.10127122E+001  0.20360783E+001
  0.69058709E+000  0.84949797E+000  0.10126972E+001  0.20360643E+001
  0.69056918E+000  0.84949329E+000  0.10126856E+001  0.20360502E+001
  0.69055216E+000  0.84948900E+000  0.10126748E+001  0.20360360E+001
  0.69053594E+000  0.84948504E+000  0.10126647E+001  0.20360217E+001
  0.69052048E+000  0.84948137E+000  0.10126550E+001  0.20360073E+001
  0.69050570E+000  0.84947794E+000  0.10126459E+001  0.20359928E+001
  0.69049158E+000  0.84947471E+000  0.10126372E+001  0.20359783E+001
  0.69047807E+000  0.84947167E+000  0.10126288E+001  0.20359638E+001
  0.69046516E+000  0.84946880E+000  0.10126208E+001  0.20359494E+001
  0.69045281E+000  0.84946608E+000  0.10126130E+001  0.20359349E+001
  0.69044101E+000  0.84946349E+000  0.10126055E+001  0.20359206E+001
  0.69042975E+000  0.84946104E+000  0.10125983E+001  0.20359064E+001
  0.69041899E+000  0.84945870E+000  0.10125913E+001  0.20358923E+001
  0.69040875E+000  0.84945648E+000  0.10125846E+001  0.20358783E+001
  0.69039900E+000  0.84945436E+000  0.10125782E+001  0.20358645E+001
  0.69038973E+000  0.84945234E+000  0.10125721E+001  0.20358510E+001
  0.69038094E+000  0.84945042E+000  0.10125662E+001  0.20358376E+001
  0.69037262E+000  0.84944858E+000  0.10125607E+001  0.20358244E+001
  0.69036475E+000  0.84944682E+000  0.10125555E+001  0.20358115E+001
  0.69035732E+000  0.84944514E+000  0.10125506E+001  0.20357989E+001
  0.69035033E+000  0.84944352E+000  0.10125460E+001  0.20357866E+001
  0.69034377E+000  0.84944196E+000  0.10125417E+001  0.20357746E+001
  0.69033762E+000  0.84944045E+000  0.10125378E+001  0.20357629E+001
  0.69033187E+000  0.84943900E+000  0.10125341E+001  0.20357515E+001
  0.69032650E+000  0.84943757E+000  0.10125308E+001  0.20357405E+001
  0.69032151E+000  0.84943618E+000  0.10125278E+001  0.20357298E+001
  0.69031688E+000  0.84943481E+000  0.10125250E+001  0.20357195E+001
  0.69031259E+000  0.84943346E+000  0.10125226E+001  0.20357096E+001
  0.69030862E+000  0.84943212E+000  0.10125203E+001  0.20357001E+001
  0.69030497E+000  0.84943079E+000  0.10125184E+001  0.20356909E+001
  0.69030162E+000  0.84942945E+000  0.10125166E+001  0.20356822E+001
  0.69029854E+000  0.84942812E+000  0.10125151E+001  0.20356739E+001
  0.69029573E+000  0.84942679E+000  0.10125137E+001  0.20356659E+001
  0.69029317E+000  0.84942545E+000  0.10125126E+001  0.20356584E+001
  0.69029084E+000  0.84942411E+000  0.10125116E+001  0.20356513E+001
  0.69028873E+000  0.84942277E+000  0.10125108E+001  0.20356446E+001
  0.69028683E+000  0.84942143E+000  0.10125101E+001  0.20356382E+001
  0.69028512E+000  0.84942009E+000  0.10125096E+001  0.20356323E+001
  0.69028359E+000  0.84941878E+000  0.10125092E+001  0.20356268E+001
  0.69028223E+000  0.84941747E+000  0.10125089E+001  0.20356216E+001
  0.69028102E+000  0.84941620E+000  0.10125087E+001  0.20356169E+001
  0.69027997E+000  0.84941495E+000  0.10125087E+001  0.20356125E+001
  0.69027904E+000  0.84941374E+000  0.10125087E+001  0.20356085E+001
  0.69027824E+000  0.84941257E+000  0.10125089E+001  0.20356049E+001
  0.69027756E+000  0.84941145E+000  0.10125091E+001  0.20356017E+001
  0.69027697E+000  0.84941039E+000  0.10125095E+001  0.20355988E+001
  0.69027649E+000  0.84940939E+000  0.10125099E+001  0.20355962E+001
  0.69027608E+000  0.84940845E+000  0.10125104E+001  0.20355940E+001
  0.69027575E+000  0.84940758E+000  0.10125109E+001  0.20355921E+001
  0.69027549E+000  0.84940679E+000  0.10125115E+001  0.20355905E+001
  0.69027529E+000  0.84940607E+000  0.10125121E+001  0.20355892E+001
  0.69027513E+000  0.84940542E+000  0.10125128E+001  0.20355881E+001
  0.69027502E+000  0.84940485E+000  0.10125135E+001  0.20355873E+001
  0.69027494E+000  0.84940436E+000  0.10125143E+001  0.20355868E+001
  0.69027489E+000  0.84940395E+000  0.10125150E+001  0.20355864E+001
  0.69027486E+000  0.84940361E+000  0.10125158E+001  0.20355863E+001
  0.69027485E+000  0.84940336E+000  0.10125165E+001  0.20355863E+001
  0.69027485E+000  0.84940317E+000  0.10125173E+001  0.20355865E+001
  0.69027486E+000  0.84940306E+000  0.10125180E+001  0.20355868E+001
  0.69027487E+000  0.84940302E+000  0.10125187E+001  0.20355872E+001
  0.69027489E+000  0.84940305E+000  0.10125194E+001  0.20355878E+001
  0.69027490E+000  0.84940315E+000  0.10125200E+001  0.20355884E+001
  0.69027491E+000  0.84940330E+000  0.10125206E+001  0.20355891E+001
  0.69027492E+000  0.84940352E+000  0.10125212E+001  0.20355898E+001
  0.69027492E+000  0.84940379E+000  0.10125218E+001  0.20355905E+001
  0.69027491E+000  0.84940411E+000  0.10125223E+001  0.20355913E+001
  0.69027489E+000  0.84940448E+000  0.10125227E+001  0.20355921E+001
  0.69027487E+000  0.84940490E+000  0.10125232E+001  0.20355928E+001
  0.69027483E+000  0.84940535E+000  0.10125236E+001  0.20355936E+001
  0.69027479E+000  0.84940584E+000  0.10125239E+001  0.20355943E+001
  0.69027474E+000  0.84940636E+000  0.10125243E+001  0.20355949E+001
  0.69027468E+000  0.84940690E+000  0.10125246E+001  0.20355955E+001
  0.69027461E+000  0.84940747E+000  0.10125248E+001  0.20355961E+001
  0.69027453E+000  0.84940806E+000  0.10125251E+001  0.20355966E+001
  0.69027444E+000  0.84940865E+000  0.10125254E+001  0.20355970E+001
  0.69027435E+000  0.84940926E+000  0.10125256E+001  0.20355973E+001
  0.69027425E+000  0.84940988E+000  0.10125258E+001  0.20355975E+001
  0.69027415E+000  0.84941050E+000  0.10125261E+001  0.20355977E+001
  0.69027404E+000  0.84941111E+000  0.10125263E+001  0.20355978E+001
  0.69027392E+000  0.84941173E+000  0.10125265E+001  0.20355978E+001
  0.69027380E+000  0.84941233E+000  0.10125268E+001  0.20355977E+001
  0.69027368E+000  0.84941293E+000  0.10125270E+001  0.20355975E+001
  0.69027355E+000  0.84941351E+000  0.10125273E+001  0.20355972E+001
  0.69027342E+000  0.84941407E+000  0.10125276E+001  0.20355968E+001
  0.69027329E+000  0.84941462E+000  0.10125279E+001  0.20355963E+001
  0.69027315E+000  0.84941514E+000  0.10125282E+001  0.20355957E+001
  0.69027301E+000  0.84941565E+000  0.10125285E+001  0.20355951E+001
  0.69027288E+000  0.84941613E+000  0.10125288E+001  0.20355944E+001
  0.69027274E+000  0.84941658E+000  0.10125292E+001  0.20355935E+001
  0.69027260E+000  0.84941701E+000  0.10125295E+001  0.20355927E+001
  0.69027246E+000  0.84941741E+000  0.10125299E+001  0.20355917E+001
  0.69027232E+000  0.84941779E+000  0.10125303E+001  0.20355907E+001
  0.69027218E+000  0.84941813E+000  0.10125307E+001  0.20355896E+001
  0.69027204E+000  0.84941845E+000  0.10125311E+001  0.20355885E+001
  0.69027191E+000  0.84941874E+000  0.10125315E+001  0.20355873E+001
  0.69027178E+000  0.84941900E+000  0.10125319E+001  0.20355861E+001
  0.69027165E+000  0.84941924E+000  0.10125324E+001  0.20355848E+001
  0.69027153E+000  0.84941944E+000  0.10125328E+001  0.20355835E+001
  0.69027141E+000  0.84941963E+000  0.10125332E+001  0.20355822E+001
  0.69027129E+000  0.84941978E+000  0.10125337E+001  0.20355809E+001
  0.69027118E+000  0.84941991E+000  0.10125341E+001  0.20355795E+001
  0.69027108E+000  0.84942002E+000  0.10125345E+001  0.20355782E+001
  0.69027098E+000  0.84942010E+000  0.10125350E+001  0.20355768E+001
  0.69027089E+000  0.84942017E+000  0.10125354E+001  0.20355755E+001
  0.69027080E+000  0.84942021E+000  0.10125358E+001  0.20355741E+001
  0.69027072E+000  0.84942023E+000  0.10125363E+001  0.20355728E+001
  0.69027064E+000  0.84942024E+000  0.10125367E+001  0.20355715E+001
  0.69027058E+000  0.84942023E+000  0.10125371E+001  0.20355702E+001
  0.69027051E+000  0.84942021E+000  0.10125375E+001  0.20355690E+001
  0.69027046E+000  0.84942017E+000  0.10125378E+001  0.20355677E+001
  0.69027041E+000  0.84942012E+000  0.10125382E+001  0.20355665E+001
  0.69027037E+000  0.84942006E+000  0.10125386E+001  0.20355654E+001
  0.69027033E+000  0.84941999E+000  0.10125389E+001  0.20355643E+001
  0.69027030E+000  0.84941991E+000  0.10125393E+001  0.20355632E+001
  0.69027028E+000  0.84941982E+000  0.10125396E+001  0.20355622E+001
  0.69027026E+000  0.84941973E+000  0.10125400E+001  0.20355612E+001
  0.69027025E+000  0.84941963E+000  0.10125403E+001  0.20355603E+001
  0.69027024E+000  0.84941953E+000  0.10125406E+001  0.20355594E+001
  0.69027024E+000  0.84941943E+000  0.10125409E+001  0.20355586E+001
  0.69027025E+000  0.84941932E+000  0.10125412E+001  0.20355578E+001
  0.69027025E+000  0.84941922E+000  0.10125415E+001  0.20355571E+001
  0.69027027E+000  0.84941911E+000  0.10125418E+001  0.20355564E+001
  0.69027028E+000  0.84941901E+000  0.10125420E+001  0.20355558E+001
  0.69027031E+000  0.84941891E+000  0.10125423E+001  0.20355552E+001
  0.69027033E+000  0.84941881E+000  0.10125426E+001  0.20355547E+001
  0.69027036E+000  0.84941871E+000  0.10125428E+001  0.20355542E+001
  0.69027039E+000  0.84941861E+000  0.10125431E+001  0.20355538E+001
  0.69027042E+000  0.84941852E+000  0.10125433E+001  0.20355534E+001
  0.69027045E+000  0.84941844E+000  0.10125435E+001  0.20355530E+001
  0.69027049E+000  0.84941836E+000  0.10125437E+001  0.20355527E+001
  0.69027053E+000  0.84941828E+000  0.10125440E+001  0.20355525E+001
  0.69027056E+000  0.84941821E+000  0.10125442E+001  0.20355523E+001
  0.69027060E+000  0.84941814E+000  0.10125444E+001  0.20355521E+001
  0.69027064E+000  0.84941808E+000  0.10125446E+001  0.20355520E+001
  0.69027068E+000  0.84941802E+000  0.10125448E+001  0.20355519E+001
  0.69027072E+000  0.84941797E+000  0.10125450E+001  0.20355518E+001
  0.69027076E+000  0.84941792E+000  0.10125451E+001  0.20355518E+001
  0.69027079E+000  0.84941788E+000  0.10125453E+001  0.20355518E+001
  0.69027083E+000  0.84941784E+000  0.10125455E+001  0.20355518E+001
  0.69027086E+000  0.84941781E+000  0.10125456E+001  0.20355519E+001
  0.69027089E+000  0.84941778E+000  0.10125458E+001  0.20355520E+001
  0.69027092E+000  0.84941776E+000  0.10125459E+001  0.20355521E+001
  0.69027094E+000  0.84941773E+000  0.10125460E+001  0.20355523E+001
  0.69027097E+000  0.84941771E+000  0.10125461E+001  0.20355524E+001
  0.69027098E+000  0.84941770E+000  0.10125462E+001  0.20355526E+001
  0.69027100E+000  0.84941768E+000  0.10125463E+001  0.20355528E+001
  0.69027101E+000  0.84941766E+000  0.10125464E+001  0.20355531E+001
  0.69027102E+000  0.84941765E+000  0.10125465E+001  0.20355534E+001
  0.69027102E+000  0.84941763E+000  0.10125466E+001  0.20355536E+001
  0.69027101E+000  0.84941762E+000  0.10125466E+001  0.20355540E+001
  0.69027100E+000  0.84941760E+000  0.10125466E+001  0.20355543E+001
  0.69027098E+000  0.84941758E+000  0.10125466E+001  0.20355547E+001
  0.69027096E+000  0.84941756E+000  0.10125466E+001  0.20355551E+001
  0.69027092E+000  0.84941753E+000  0.10125466E+001  0.20355555E+001
  0.69027087E+000  0.84941750E+000  0.10125465E+001  0.20355560E+001
  0.69027081E+000  0.84941747E+000  0.10125465E+001  0.20355565E+001
  0.69027074E+000  0.84941741E+000  0.10125463E+001  0.20355570E+001
  0.69027066E+000  0.84941732E+000  0.10125461E+001  0.20355574E+001
  0.69027057E+000  0.84941718E+000  0.10125458E+001  0.20355579E+001
  0.69027047E+000  0.84941699E+000  0.10125454E+001  0.20355584E+001
  0.69027041E+000  0.84941678E+000  0.10125451E+001  0.20355590E+001
  0.69027040E+000  0.84941665E+000  0.10125449E+001  0.20355600E+001
  0.69027044E+000  0.84941673E+000  0.10125452E+001  0.20355614E+001
  0.69027045E+000  0.84941693E+000  0.10125452E+001  0.20355630E+001
  0.69027005E+000  0.84941645E+000  0.10125437E+001  0.20355622E+001
  0.69027010E+000  0.84941540E+000  0.10125418E+001  0.20355613E+001
  0.69027453E+000  0.84942161E+000  0.10125557E+001  0.20355788E+001
