 -0.28435248E+000
 -0.28583056E+000
 -0.28670959E+000
 -0.28726027E+000
 -0.28762106E+000
 -0.28786603E+000
 -0.28803688E+000
 -0.28815894E+000
 -0.28824714E+000
 -0.28831119E+000
 -0.28835752E+000
 -0.28839074E+000
 -0.28841412E+000
 -0.28843002E+000
 -0.28844019E+000
 -0.28844595E+000
 -0.28844837E+000
 -0.28844824E+000
 -0.28844622E+000
 -0.28844280E+000
 -0.28843836E+000
 -0.28843319E+000
 -0.28842752E+000
 -0.28842153E+000
 -0.28841538E+000
 -0.28840917E+000
 -0.28840300E+000
 -0.28839692E+000
 -0.28839098E+000
 -0.28838522E+000
 -0.28837965E+000
 -0.28837428E+000
 -0.28836911E+000
 -0.28836414E+000
 -0.28835937E+000
 -0.28835477E+000
 -0.28835033E+000
 -0.28834604E+000
 -0.28834188E+000
 -0.28833783E+000
 -0.28833387E+000
 -0.28832999E+000
 -0.28832617E+000
 -0.28832240E+000
 -0.28831866E+000
 -0.28831495E+000
 -0.28831127E+000
 -0.28830759E+000
 -0.28830392E+000
 -0.28830026E+000
 -0.28829661E+000
 -0.28829296E+000
 -0.28828933E+000
 -0.28828571E+000
 -0.28828210E+000
 -0.28827853E+000
 -0.28827498E+000
 -0.28827148E+000
 -0.28826802E+000
 -0.28826462E+000
 -0.28826128E+000
 -0.28825801E+000
 -0.28825482E+000
 -0.28825172E+000
 -0.28824871E+000
 -0.28824580E+000
 -0.28824299E+000
 -0.28824029E+000
 -0.28823771E+000
 -0.28823524E+000
 -0.28823288E+000
 -0.28823065E+000
 -0.28822853E+000
 -0.28822654E+000
 -0.28822467E+000
 -0.28822291E+000
 -0.28822128E+000
 -0.28821976E+000
 -0.28821836E+000
 -0.28821707E+000
 -0.28821589E+000
 -0.28821482E+000
 -0.28821385E+000
 -0.28821297E+000
 -0.28821219E+000
 -0.28821150E+000
 -0.28821090E+000
 -0.28821037E+000
 -0.28820992E+000
 -0.28820953E+000
 -0.28820921E+000
 -0.28820895E+000
 -0.28820875E+000
 -0.28820860E+000
 -0.28820849E+000
 -0.28820843E+000
 -0.28820841E+000
 -0.28820842E+000
 -0.28820846E+000
 -0.28820853E+000
 -0.28820863E+000
 -0.28820875E+000
 -0.28820888E+000
 -0.28820903E+000
 -0.28820919E+000
 -0.28820936E+000
 -0.28820954E+000
 -0.28820972E+000
 -0.28820990E+000
 -0.28821008E+000
 -0.28821026E+000
 -0.28821044E+000
 -0.28821060E+000
 -0.28821076E+000
 -0.28821091E+000
 -0.28821105E+000
 -0.28821118E+000
 -0.28821130E+000
 -0.28821140E+000
 -0.28821149E+000
 -0.28821157E+000
 -0.28821163E+000
 -0.28821168E+000
 -0.28821172E+000
 -0.28821174E+000
 -0.28821175E+000
 -0.28821175E+000
 -0.28821174E+000
 -0.28821171E+000
 -0.28821167E+000
 -0.28821163E+000
 -0.28821157E+000
 -0.28821150E+000
 -0.28821143E+000
 -0.28821135E+000
 -0.28821127E+000
 -0.28821118E+000
 -0.28821108E+000
 -0.28821099E+000
 -0.28821089E+000
 -0.28821079E+000
 -0.28821068E+000
 -0.28821058E+000
 -0.28821049E+000
 -0.28821039E+000
 -0.28821030E+000
 -0.28821021E+000
 -0.28821012E+000
 -0.28821004E+000
 -0.28820996E+000
 -0.28820989E+000
 -0.28820983E+000
 -0.28820977E+000
 -0.28820972E+000
 -0.28820968E+000
 -0.28820964E+000
 -0.28820961E+000
 -0.28820959E+000
 -0.28820957E+000
 -0.28820956E+000
 -0.28820956E+000
 -0.28820957E+000
 -0.28820958E+000
 -0.28820960E+000
 -0.28820963E+000
 -0.28820966E+000
 -0.28820970E+000
 -0.28820974E+000
 -0.28820979E+000
 -0.28820984E+000
 -0.28820990E+000
 -0.28820996E+000
 -0.28821003E+000
 -0.28821010E+000
 -0.28821017E+000
 -0.28821025E+000
 -0.28821033E+000
 -0.28821041E+000
 -0.28821050E+000
 -0.28821059E+000
 -0.28821068E+000
 -0.28821078E+000
 -0.28821088E+000
 -0.28821099E+000
 -0.28821110E+000
 -0.28821121E+000
 -0.28821133E+000
 -0.28821145E+000
 -0.28821159E+000
 -0.28821174E+000
 -0.28821192E+000
 -0.28821213E+000
 -0.28821239E+000
 -0.28821265E+000
 -0.28821279E+000
 -0.28821273E+000
 -0.28821270E+000
 -0.28821462E+000
 -0.28821604E+000
 -0.28820624E+000
