  0.10815182E+001
  0.10745332E+001
  0.10693896E+001
  0.10654818E+001
  0.10624277E+001
  0.10600007E+001
  0.10580450E+001
  0.10564555E+001
  0.10551543E+001
  0.10540865E+001
  0.10532059E+001
  0.10524779E+001
  0.10518751E+001
  0.10513752E+001
  0.10509606E+001
  0.10506167E+001
  0.10503311E+001
  0.10500940E+001
  0.10498973E+001
  0.10497343E+001
  0.10496001E+001
  0.10494898E+001
  0.10493995E+001
  0.10493261E+001
  0.10492668E+001
  0.10492193E+001
  0.10491816E+001
  0.10491521E+001
  0.10491292E+001
  0.10491117E+001
  0.10490989E+001
  0.10490894E+001
  0.10490828E+001
  0.10490785E+001
  0.10490761E+001
  0.10490751E+001
  0.10490754E+001
  0.10490764E+001
  0.10490782E+001
  0.10490804E+001
  0.10490830E+001
  0.10490858E+001
  0.10490888E+001
  0.10490919E+001
  0.10490950E+001
  0.10490981E+001
  0.10491012E+001
  0.10491042E+001
  0.10491071E+001
  0.10491098E+001
  0.10491124E+001
  0.10491148E+001
  0.10491170E+001
  0.10491190E+001
  0.10491208E+001
  0.10491224E+001
  0.10491237E+001
  0.10491247E+001
  0.10491255E+001
  0.10491261E+001
  0.10491264E+001
  0.10491265E+001
  0.10491264E+001
  0.10491261E+001
  0.10491256E+001
  0.10491250E+001
  0.10491242E+001
  0.10491232E+001
  0.10491222E+001
  0.10491211E+001
  0.10491199E+001
  0.10491187E+001
  0.10491175E+001
  0.10491163E+001
  0.10491151E+001
  0.10491139E+001
  0.10491127E+001
  0.10491115E+001
  0.10491104E+001
  0.10491093E+001
  0.10491083E+001
  0.10491072E+001
  0.10491062E+001
  0.10491053E+001
  0.10491044E+001
  0.10491035E+001
  0.10491026E+001
  0.10491018E+001
  0.10491010E+001
  0.10491002E+001
  0.10490994E+001
  0.10490987E+001
  0.10490980E+001
  0.10490974E+001
  0.10490967E+001
  0.10490961E+001
  0.10490956E+001
  0.10490950E+001
  0.10490946E+001
  0.10490941E+001
  0.10490937E+001
  0.10490933E+001
  0.10490929E+001
  0.10490926E+001
  0.10490923E+001
  0.10490921E+001
  0.10490918E+001
  0.10490916E+001
  0.10490915E+001
  0.10490913E+001
  0.10490912E+001
  0.10490911E+001
  0.10490911E+001
  0.10490910E+001
  0.10490910E+001
  0.10490910E+001
  0.10490910E+001
  0.10490910E+001
  0.10490910E+001
  0.10490911E+001
  0.10490911E+001
  0.10490912E+001
  0.10490913E+001
  0.10490913E+001
  0.10490914E+001
  0.10490915E+001
  0.10490916E+001
  0.10490917E+001
  0.10490918E+001
  0.10490919E+001
  0.10490919E+001
  0.10490920E+001
  0.10490921E+001
  0.10490922E+001
  0.10490922E+001
  0.10490923E+001
  0.10490924E+001
  0.10490924E+001
  0.10490925E+001
  0.10490925E+001
  0.10490926E+001
  0.10490926E+001
  0.10490926E+001
  0.10490926E+001
  0.10490926E+001
  0.10490926E+001
  0.10490926E+001
  0.10490926E+001
  0.10490926E+001
  0.10490926E+001
  0.10490926E+001
  0.10490925E+001
  0.10490925E+001
  0.10490925E+001
  0.10490924E+001
  0.10490924E+001
  0.10490923E+001
  0.10490923E+001
  0.10490922E+001
  0.10490921E+001
  0.10490921E+001
  0.10490920E+001
  0.10490920E+001
  0.10490919E+001
  0.10490918E+001
  0.10490918E+001
  0.10490917E+001
  0.10490916E+001
  0.10490916E+001
  0.10490915E+001
  0.10490914E+001
  0.10490914E+001
  0.10490913E+001
  0.10490913E+001
  0.10490912E+001
  0.10490912E+001
  0.10490911E+001
  0.10490910E+001
  0.10490910E+001
  0.10490909E+001
  0.10490909E+001
  0.10490908E+001
  0.10490908E+001
  0.10490907E+001
  0.10490907E+001
  0.10490906E+001
  0.10490905E+001
  0.10490905E+001
  0.10490904E+001
  0.10490903E+001
  0.10490902E+001
  0.10490902E+001
  0.10490901E+001
  0.10490901E+001
  0.10490900E+001
  0.10490898E+001
  0.10490895E+001
  0.10490892E+001
  0.10490908E+001
  0.10490898E+001
