  0.54735502E+000
  0.54577326E+000
  0.54466393E+000
  0.54384048E+000
  0.54320715E+000
  0.54271071E+000
  0.54231575E+000
  0.54199878E+000
  0.54174224E+000
  0.54153412E+000
  0.54136434E+000
  0.54122563E+000
  0.54111225E+000
  0.54101953E+000
  0.54094390E+000
  0.54088230E+000
  0.54083223E+000
  0.54079165E+000
  0.54075897E+000
  0.54073278E+000
  0.54071215E+000
  0.54069608E+000
  0.54068379E+000
  0.54067466E+000
  0.54066816E+000
  0.54066382E+000
  0.54066126E+000
  0.54066014E+000
  0.54066017E+000
  0.54066111E+000
  0.54066283E+000
  0.54066505E+000
  0.54066770E+000
  0.54067068E+000
  0.54067391E+000
  0.54067730E+000
  0.54068080E+000
  0.54068436E+000
  0.54068793E+000
  0.54069149E+000
  0.54069502E+000
  0.54069849E+000
  0.54070188E+000
  0.54070519E+000
  0.54070841E+000
  0.54071152E+000
  0.54071452E+000
  0.54071740E+000
  0.54072016E+000
  0.54072279E+000
  0.54072528E+000
  0.54072764E+000
  0.54072986E+000
  0.54073194E+000
  0.54073387E+000
  0.54073566E+000
  0.54073731E+000
  0.54073882E+000
  0.54074019E+000
  0.54074143E+000
  0.54074254E+000
  0.54074353E+000
  0.54074439E+000
  0.54074515E+000
  0.54074581E+000
  0.54074637E+000
  0.54074684E+000
  0.54074724E+000
  0.54074757E+000
  0.54074784E+000
  0.54074805E+000
  0.54074821E+000
  0.54074834E+000
  0.54074843E+000
  0.54074848E+000
  0.54074851E+000
  0.54074851E+000
  0.54074849E+000
  0.54074845E+000
  0.54074839E+000
  0.54074832E+000
  0.54074823E+000
  0.54074813E+000
  0.54074801E+000
  0.54074788E+000
  0.54074774E+000
  0.54074760E+000
  0.54074744E+000
  0.54074728E+000
  0.54074712E+000
  0.54074695E+000
  0.54074678E+000
  0.54074661E+000
  0.54074644E+000
  0.54074627E+000
  0.54074611E+000
  0.54074595E+000
  0.54074579E+000
  0.54074565E+000
  0.54074550E+000
  0.54074537E+000
  0.54074524E+000
  0.54074513E+000
  0.54074502E+000
  0.54074491E+000
  0.54074482E+000
  0.54074474E+000
  0.54074466E+000
  0.54074459E+000
  0.54074453E+000
  0.54074448E+000
  0.54074443E+000
  0.54074439E+000
  0.54074436E+000
  0.54074434E+000
  0.54074432E+000
  0.54074430E+000
  0.54074429E+000
  0.54074429E+000
  0.54074429E+000
  0.54074429E+000
  0.54074430E+000
  0.54074431E+000
  0.54074433E+000
  0.54074435E+000
  0.54074437E+000
  0.54074439E+000
  0.54074441E+000
  0.54074444E+000
  0.54074447E+000
  0.54074449E+000
  0.54074452E+000
  0.54074455E+000
  0.54074458E+000
  0.54074461E+000
  0.54074463E+000
  0.54074466E+000
  0.54074468E+000
  0.54074471E+000
  0.54074473E+000
  0.54074475E+000
  0.54074477E+000
  0.54074478E+000
  0.54074480E+000
  0.54074481E+000
  0.54074482E+000
  0.54074483E+000
  0.54074483E+000
  0.54074483E+000
  0.54074483E+000
  0.54074483E+000
  0.54074483E+000
  0.54074482E+000
  0.54074481E+000
  0.54074480E+000
  0.54074478E+000
  0.54074477E+000
  0.54074475E+000
  0.54074473E+000
  0.54074471E+000
  0.54074469E+000
  0.54074466E+000
  0.54074464E+000
  0.54074461E+000
  0.54074458E+000
  0.54074455E+000
  0.54074452E+000
  0.54074449E+000
  0.54074446E+000
  0.54074443E+000
  0.54074440E+000
  0.54074437E+000
  0.54074434E+000
  0.54074431E+000
  0.54074428E+000
  0.54074425E+000
  0.54074422E+000
  0.54074420E+000
  0.54074417E+000
  0.54074414E+000
  0.54074412E+000
  0.54074409E+000
  0.54074407E+000
  0.54074404E+000
  0.54074402E+000
  0.54074399E+000
  0.54074397E+000
  0.54074394E+000
  0.54074392E+000
  0.54074391E+000
  0.54074390E+000
  0.54074391E+000
  0.54074394E+000
  0.54074395E+000
  0.54074392E+000
  0.54074381E+000
  0.54074368E+000
  0.54074380E+000
  0.54074460E+000
  0.54074184E+000
