  0.61717938E+000  0.10094959E+001  0.11923999E+001  0.36156140E+001
  0.61647258E+000  0.10077695E+001  0.11894127E+001  0.35987751E+001
  0.61598141E+000  0.10066497E+001  0.11874505E+001  0.35863043E+001
  0.61563653E+000  0.10058415E+001  0.11860304E+001  0.35768474E+001
  0.61538395E+000  0.10052287E+001  0.11849482E+001  0.35694893E+001
  0.61519394E+000  0.10047594E+001  0.11841012E+001  0.35636598E+001
  0.61504810E+000  0.10043942E+001  0.11834274E+001  0.35589729E+001
  0.61493525E+000  0.10041064E+001  0.11828865E+001  0.35551705E+001
  0.61484732E+000  0.10038760E+001  0.11824489E+001  0.35520634E+001
  0.61477923E+000  0.10036902E+001  0.11820947E+001  0.35495180E+001
  0.61472604E+000  0.10035393E+001  0.11818064E+001  0.35474218E+001
  0.61468473E+000  0.10034166E+001  0.11815710E+001  0.35456913E+001
  0.61465291E+000  0.10033166E+001  0.11813788E+001  0.35442603E+001
  0.61462843E+000  0.10032354E+001  0.11812215E+001  0.35430750E+001
  0.61460998E+000  0.10031694E+001  0.11810929E+001  0.35420934E+001
  0.61459621E+000  0.10031161E+001  0.11809882E+001  0.35412795E+001
  0.61458616E+000  0.10030731E+001  0.11809028E+001  0.35406041E+001
  0.61457901E+000  0.10030385E+001  0.11808336E+001  0.35400432E+001
  0.61457418E+000  0.10030109E+001  0.11807776E+001  0.35395780E+001
  0.61457108E+000  0.10029891E+001  0.11807324E+001  0.35391924E+001
  0.61456954E+000  0.10029721E+001  0.11806967E+001  0.35388744E+001
  0.61456917E+000  0.10029591E+001  0.11806685E+001  0.35386124E+001
  0.61456973E+000  0.10029494E+001  0.11806467E+001  0.35383974E+001
  0.61457105E+000  0.10029425E+001  0.11806301E+001  0.35382218E+001
  0.61457296E+000  0.10029377E+001  0.11806178E+001  0.35380792E+001
  0.61457533E+000  0.10029349E+001  0.11806091E+001  0.35379641E+001
  0.61457802E+000  0.10029334E+001  0.11806032E+001  0.35378720E+001
  0.61458096E+000  0.10029332E+001  0.11805995E+001  0.35377989E+001
  0.61458406E+000  0.10029339E+001  0.11805977E+001  0.35377413E+001
  0.61458726E+000  0.10029352E+001  0.11805972E+001  0.35376963E+001
  0.61459055E+000  0.10029372E+001  0.11805979E+001  0.35376622E+001
  0.61459379E+000  0.10029393E+001  0.11805993E+001  0.35376360E+001
  0.61459704E+000  0.10029418E+001  0.11806012E+001  0.35376168E+001
  0.61460026E+000  0.10029445E+001  0.11806036E+001  0.35376031E+001
  0.61460345E+000  0.10029472E+001  0.11806063E+001  0.35375939E+001
  0.61460659E+000  0.10029500E+001  0.11806092E+001  0.35375883E+001
  0.61460968E+000  0.10029528E+001  0.11806121E+001  0.35375856E+001
  0.61461272E+000  0.10029555E+001  0.11806151E+001  0.35375852E+001
  0.61461569E+000  0.10029581E+001  0.11806181E+001  0.35375865E+001
  0.61461860E+000  0.10029607E+001  0.11806210E+001  0.35375892E+001
  0.61462143E+000  0.10029631E+001  0.11806238E+001  0.35375931E+001
  0.61462420E+000  0.10029654E+001  0.11806265E+001  0.35375979E+001
  0.61462689E+000  0.10029675E+001  0.11806291E+001  0.35376033E+001
  0.61462950E+000  0.10029694E+001  0.11806315E+001  0.35376092E+001
  0.61463204E+000  0.10029712E+001  0.11806339E+001  0.35376156E+001
  0.61463448E+000  0.10029729E+001  0.11806361E+001  0.35376223E+001
  0.61463684E+000  0.10029743E+001  0.11806381E+001  0.35376292E+001
  0.61463910E+000  0.10029756E+001  0.11806401E+001  0.35376363E+001
  0.61464125E+000  0.10029767E+001  0.11806418E+001  0.35376434E+001
  0.61464330E+000  0.10029776E+001  0.11806435E+001  0.35376505E+001
  0.61464523E+000  0.10029783E+001  0.11806449E+001  0.35376576E+001
  0.61464704E+000  0.10029788E+001  0.11806462E+001  0.35376646E+001
  0.61464872E+000  0.10029792E+001  0.11806474E+001  0.35376714E+001
  0.61465028E+000  0.10029794E+001  0.11806484E+001  0.35376781E+001
  0.61465171E+000  0.10029794E+001  0.11806492E+001  0.35376845E+001
  0.61465300E+000  0.10029793E+001  0.11806499E+001  0.35376906E+001
  0.61465417E+000  0.10029790E+001  0.11806505E+001  0.35376964E+001
  0.61465520E+000  0.10029786E+001  0.11806508E+001  0.35377019E+001
  0.61465611E+000  0.10029780E+001  0.11806510E+001  0.35377071E+001
  0.61465689E+000  0.10029773E+001  0.11806511E+001  0.35377119E+001
  0.61465755E+000  0.10029765E+001  0.11806510E+001  0.35377163E+001
  0.61465810E+000  0.10029756E+001  0.11806508E+001  0.35377203E+001
  0.61465854E+000  0.10029746E+001  0.11806505E+001  0.35377240E+001
  0.61465888E+000  0.10029735E+001  0.11806500E+001  0.35377274E+001
  0.61465914E+000  0.10029724E+001  0.11806495E+001  0.35377305E+001
  0.61465931E+000  0.10029712E+001  0.11806489E+001  0.35377332E+001
  0.61465942E+000  0.10029700E+001  0.11806482E+001  0.35377358E+001
  0.61465946E+000  0.10029688E+001  0.11806474E+001  0.35377381E+001
  0.61465946E+000  0.10029676E+001  0.11806466E+001  0.35377402E+001
  0.61465941E+000  0.10029664E+001  0.11806458E+001  0.35377421E+001
  0.61465934E+000  0.10029652E+001  0.11806450E+001  0.35377440E+001
  0.61465923E+000  0.10029641E+001  0.11806441E+001  0.35377457E+001
  0.61465911E+000  0.10029630E+001  0.11806433E+001  0.35377474E+001
  0.61465898E+000  0.10029619E+001  0.11806425E+001  0.35377490E+001
  0.61465885E+000  0.10029609E+001  0.11806417E+001  0.35377506E+001
  0.61465870E+000  0.10029599E+001  0.11806410E+001  0.35377521E+001
  0.61465856E+000  0.10029590E+001  0.11806403E+001  0.35377537E+001
  0.61465842E+000  0.10029582E+001  0.11806396E+001  0.35377552E+001
  0.61465828E+000  0.10029574E+001  0.11806390E+001  0.35377567E+001
  0.61465814E+000  0.10029566E+001  0.11806384E+001  0.35377582E+001
  0.61465800E+000  0.10029559E+001  0.11806378E+001  0.35377597E+001
  0.61465786E+000  0.10029552E+001  0.11806373E+001  0.35377611E+001
  0.61465773E+000  0.10029546E+001  0.11806368E+001  0.35377625E+001
  0.61465759E+000  0.10029540E+001  0.11806363E+001  0.35377639E+001
  0.61465746E+000  0.10029535E+001  0.11806359E+001  0.35377651E+001
  0.61465732E+000  0.10029530E+001  0.11806355E+001  0.35377664E+001
  0.61465718E+000  0.10029525E+001  0.11806352E+001  0.35377676E+001
  0.61465704E+000  0.10029521E+001  0.11806349E+001  0.35377687E+001
  0.61465690E+000  0.10029516E+001  0.11806345E+001  0.35377697E+001
  0.61465676E+000  0.10029513E+001  0.11806343E+001  0.35377706E+001
  0.61465661E+000  0.10029509E+001  0.11806340E+001  0.35377715E+001
  0.61465646E+000  0.10029505E+001  0.11806338E+001  0.35377723E+001
  0.61465631E+000  0.10029502E+001  0.11806335E+001  0.35377731E+001
  0.61465616E+000  0.10029499E+001  0.11806334E+001  0.35377737E+001
  0.61465601E+000  0.10029496E+001  0.11806332E+001  0.35377743E+001
  0.61465586E+000  0.10029494E+001  0.11806330E+001  0.35377748E+001
  0.61465570E+000  0.10029491E+001  0.11806329E+001  0.35377752E+001
  0.61465555E+000  0.10029489E+001  0.11806328E+001  0.35377755E+001
  0.61465540E+000  0.10029487E+001  0.11806327E+001  0.35377758E+001
  0.61465525E+000  0.10029485E+001  0.11806326E+001  0.35377760E+001
  0.61465510E+000  0.10029484E+001  0.11806325E+001  0.35377761E+001
  0.61465496E+000  0.10029482E+001  0.11806325E+001  0.35377762E+001
  0.61465482E+000  0.10029481E+001  0.11806325E+001  0.35377762E+001
  0.61465468E+000  0.10029480E+001  0.11806325E+001  0.35377761E+001
  0.61465455E+000  0.10029479E+001  0.11806325E+001  0.35377759E+001
  0.61465442E+000  0.10029478E+001  0.11806325E+001  0.35377757E+001
  0.61465430E+000  0.10029477E+001  0.11806326E+001  0.35377754E+001
  0.61465418E+000  0.10029477E+001  0.11806326E+001  0.35377750E+001
  0.61465406E+000  0.10029476E+001  0.11806327E+001  0.35377746E+001
  0.61465396E+000  0.10029476E+001  0.11806328E+001  0.35377741E+001
  0.61465386E+000  0.10029476E+001  0.11806329E+001  0.35377735E+001
  0.61465376E+000  0.10029476E+001  0.11806331E+001  0.35377729E+001
  0.61465367E+000  0.10029476E+001  0.11806332E+001  0.35377722E+001
  0.61465358E+000  0.10029476E+001  0.11806333E+001  0.35377714E+001
  0.61465350E+000  0.10029476E+001  0.11806335E+001  0.35377706E+001
  0.61465343E+000  0.10029476E+001  0.11806337E+001  0.35377698E+001
  0.61465336E+000  0.10029476E+001  0.11806338E+001  0.35377689E+001
  0.61465330E+000  0.10029477E+001  0.11806340E+001  0.35377679E+001
  0.61465324E+000  0.10029477E+001  0.11806342E+001  0.35377669E+001
  0.61465319E+000  0.10029477E+001  0.11806344E+001  0.35377659E+001
  0.61465315E+000  0.10029478E+001  0.11806346E+001  0.35377648E+001
  0.61465311E+000  0.10029478E+001  0.11806348E+001  0.35377637E+001
  0.61465308E+000  0.10029479E+001  0.11806351E+001  0.35377626E+001
  0.61465305E+000  0.10029479E+001  0.11806353E+001  0.35377614E+001
  0.61465303E+000  0.10029480E+001  0.11806355E+001  0.35377603E+001
  0.61465302E+000  0.10029480E+001  0.11806358E+001  0.35377591E+001
  0.61465301E+000  0.10029481E+001  0.11806360E+001  0.35377579E+001
  0.61465301E+000  0.10029482E+001  0.11806362E+001  0.35377567E+001
  0.61465302E+000  0.10029482E+001  0.11806365E+001  0.35377556E+001
  0.61465303E+000  0.10029483E+001  0.11806367E+001  0.35377544E+001
  0.61465305E+000  0.10029483E+001  0.11806369E+001  0.35377532E+001
  0.61465307E+000  0.10029484E+001  0.11806372E+001  0.35377521E+001
  0.61465310E+000  0.10029484E+001  0.11806374E+001  0.35377509E+001
  0.61465313E+000  0.10029485E+001  0.11806377E+001  0.35377498E+001
  0.61465317E+000  0.10029485E+001  0.11806379E+001  0.35377488E+001
  0.61465321E+000  0.10029486E+001  0.11806382E+001  0.35377477E+001
  0.61465326E+000  0.10029486E+001  0.11806384E+001  0.35377467E+001
  0.61465331E+000  0.10029486E+001  0.11806386E+001  0.35377457E+001
  0.61465337E+000  0.10029487E+001  0.11806389E+001  0.35377448E+001
  0.61465343E+000  0.10029487E+001  0.11806391E+001  0.35377439E+001
  0.61465350E+000  0.10029488E+001  0.11806393E+001  0.35377430E+001
  0.61465356E+000  0.10029488E+001  0.11806396E+001  0.35377422E+001
  0.61465363E+000  0.10029488E+001  0.11806398E+001  0.35377414E+001
  0.61465371E+000  0.10029489E+001  0.11806400E+001  0.35377407E+001
  0.61465378E+000  0.10029489E+001  0.11806403E+001  0.35377400E+001
  0.61465386E+000  0.10029489E+001  0.11806405E+001  0.35377394E+001
  0.61465394E+000  0.10029489E+001  0.11806407E+001  0.35377388E+001
  0.61465402E+000  0.10029490E+001  0.11806409E+001  0.35377383E+001
  0.61465410E+000  0.10029490E+001  0.11806411E+001  0.35377378E+001
  0.61465419E+000  0.10029490E+001  0.11806413E+001  0.35377374E+001
  0.61465427E+000  0.10029490E+001  0.11806415E+001  0.35377370E+001
  0.61465436E+000  0.10029491E+001  0.11806417E+001  0.35377366E+001
  0.61465444E+000  0.10029491E+001  0.11806419E+001  0.35377364E+001
  0.61465452E+000  0.10029491E+001  0.11806421E+001  0.35377361E+001
  0.61465461E+000  0.10029491E+001  0.11806423E+001  0.35377359E+001
  0.61465469E+000  0.10029491E+001  0.11806424E+001  0.35377357E+001
  0.61465477E+000  0.10029492E+001  0.11806426E+001  0.35377356E+001
  0.61465485E+000  0.10029492E+001  0.11806428E+001  0.35377355E+001
  0.61465493E+000  0.10029492E+001  0.11806429E+001  0.35377354E+001
  0.61465500E+000  0.10029492E+001  0.11806431E+001  0.35377354E+001
  0.61465508E+000  0.10029492E+001  0.11806432E+001  0.35377354E+001
  0.61465515E+000  0.10029493E+001  0.11806434E+001  0.35377355E+001
  0.61465522E+000  0.10029493E+001  0.11806435E+001  0.35377355E+001
  0.61465529E+000  0.10029493E+001  0.11806437E+001  0.35377356E+001
  0.61465535E+000  0.10029493E+001  0.11806438E+001  0.35377357E+001
  0.61465542E+000  0.10029493E+001  0.11806439E+001  0.35377359E+001
  0.61465548E+000  0.10029493E+001  0.11806440E+001  0.35377360E+001
  0.61465553E+000  0.10029494E+001  0.11806441E+001  0.35377362E+001
  0.61465558E+000  0.10029494E+001  0.11806442E+001  0.35377364E+001
  0.61465563E+000  0.10029494E+001  0.11806443E+001  0.35377366E+001
  0.61465568E+000  0.10029494E+001  0.11806444E+001  0.35377368E+001
  0.61465572E+000  0.10029494E+001  0.11806445E+001  0.35377370E+001
  0.61465576E+000  0.10029494E+001  0.11806446E+001  0.35377372E+001
  0.61465580E+000  0.10029494E+001  0.11806446E+001  0.35377374E+001
  0.61465583E+000  0.10029495E+001  0.11806447E+001  0.35377377E+001
  0.61465586E+000  0.10029495E+001  0.11806448E+001  0.35377379E+001
  0.61465588E+000  0.10029495E+001  0.11806448E+001  0.35377381E+001
  0.61465590E+000  0.10029495E+001  0.11806448E+001  0.35377383E+001
  0.61465592E+000  0.10029495E+001  0.11806449E+001  0.35377385E+001
  0.61465593E+000  0.10029495E+001  0.11806449E+001  0.35377387E+001
  0.61465593E+000  0.10029495E+001  0.11806449E+001  0.35377389E+001
  0.61465593E+000  0.10029495E+001  0.11806449E+001  0.35377391E+001
  0.61465593E+000  0.10029495E+001  0.11806449E+001  0.35377392E+001
  0.61465592E+000  0.10029495E+001  0.11806448E+001  0.35377393E+001
  0.61465590E+000  0.10029494E+001  0.11806448E+001  0.35377394E+001
  0.61465587E+000  0.10029494E+001  0.11806447E+001  0.35377395E+001
  0.61465584E+000  0.10029494E+001  0.11806446E+001  0.35377396E+001
  0.61465579E+000  0.10029493E+001  0.11806445E+001  0.35377396E+001
  0.61465574E+000  0.10029493E+001  0.11806444E+001  0.35377396E+001
  0.61465568E+000  0.10029492E+001  0.11806442E+001  0.35377395E+001
  0.61465562E+000  0.10029492E+001  0.11806440E+001  0.35377395E+001
  0.61465558E+000  0.10029491E+001  0.11806439E+001  0.35377395E+001
  0.61465557E+000  0.10029491E+001  0.11806437E+001  0.35377394E+001
  0.61465558E+000  0.10029491E+001  0.11806435E+001  0.35377394E+001
  0.61465558E+000  0.10029491E+001  0.11806432E+001  0.35377392E+001
  0.61465545E+000  0.10029489E+001  0.11806428E+001  0.35377386E+001
  0.61465520E+000  0.10029487E+001  0.11806423E+001  0.35377371E+001
  0.61465510E+000  0.10029484E+001  0.11806416E+001  0.35377342E+001
  0.61465694E+000  0.10029504E+001  0.11806431E+001  0.35377348E+001
  0.61465588E+000  0.10029500E+001  0.11806406E+001  0.35377286E+001
