  0.16086722E+001
  0.16031073E+001
  0.15990964E+001
  0.15960889E+001
  0.15937624E+001
  0.15919285E+001
  0.15904605E+001
  0.15892746E+001
  0.15883088E+001
  0.15875204E+001
  0.15868733E+001
  0.15863408E+001
  0.15859021E+001
  0.15855399E+001
  0.15852413E+001
  0.15849949E+001
  0.15847915E+001
  0.15846235E+001
  0.15844851E+001
  0.15843711E+001
  0.15842781E+001
  0.15842022E+001
  0.15841407E+001
  0.15840912E+001
  0.15840518E+001
  0.15840207E+001
  0.15839966E+001
  0.15839780E+001
  0.15839641E+001
  0.15839539E+001
  0.15839469E+001
  0.15839420E+001
  0.15839391E+001
  0.15839377E+001
  0.15839376E+001
  0.15839384E+001
  0.15839399E+001
  0.15839420E+001
  0.15839445E+001
  0.15839473E+001
  0.15839503E+001
  0.15839534E+001
  0.15839566E+001
  0.15839598E+001
  0.15839631E+001
  0.15839663E+001
  0.15839695E+001
  0.15839726E+001
  0.15839757E+001
  0.15839786E+001
  0.15839814E+001
  0.15839841E+001
  0.15839866E+001
  0.15839889E+001
  0.15839911E+001
  0.15839931E+001
  0.15839949E+001
  0.15839965E+001
  0.15839979E+001
  0.15839992E+001
  0.15840002E+001
  0.15840011E+001
  0.15840018E+001
  0.15840023E+001
  0.15840028E+001
  0.15840030E+001
  0.15840032E+001
  0.15840033E+001
  0.15840034E+001
  0.15840033E+001
  0.15840033E+001
  0.15840032E+001
  0.15840031E+001
  0.15840030E+001
  0.15840029E+001
  0.15840028E+001
  0.15840028E+001
  0.15840027E+001
  0.15840027E+001
  0.15840027E+001
  0.15840027E+001
  0.15840028E+001
  0.15840028E+001
  0.15840028E+001
  0.15840029E+001
  0.15840029E+001
  0.15840030E+001
  0.15840030E+001
  0.15840031E+001
  0.15840031E+001
  0.15840031E+001
  0.15840032E+001
  0.15840032E+001
  0.15840032E+001
  0.15840032E+001
  0.15840032E+001
  0.15840031E+001
  0.15840031E+001
  0.15840030E+001
  0.15840030E+001
  0.15840029E+001
  0.15840029E+001
  0.15840028E+001
  0.15840027E+001
  0.15840026E+001
  0.15840025E+001
  0.15840024E+001
  0.15840023E+001
  0.15840021E+001
  0.15840020E+001
  0.15840019E+001
  0.15840017E+001
  0.15840015E+001
  0.15840014E+001
  0.15840012E+001
  0.15840010E+001
  0.15840008E+001
  0.15840006E+001
  0.15840004E+001
  0.15840002E+001
  0.15840000E+001
  0.15839998E+001
  0.15839995E+001
  0.15839993E+001
  0.15839991E+001
  0.15839989E+001
  0.15839986E+001
  0.15839984E+001
  0.15839982E+001
  0.15839980E+001
  0.15839978E+001
  0.15839976E+001
  0.15839974E+001
  0.15839972E+001
  0.15839970E+001
  0.15839968E+001
  0.15839966E+001
  0.15839965E+001
  0.15839963E+001
  0.15839962E+001
  0.15839960E+001
  0.15839959E+001
  0.15839958E+001
  0.15839957E+001
  0.15839956E+001
  0.15839956E+001
  0.15839955E+001
  0.15839954E+001
  0.15839954E+001
  0.15839954E+001
  0.15839953E+001
  0.15839953E+001
  0.15839953E+001
  0.15839953E+001
  0.15839954E+001
  0.15839954E+001
  0.15839954E+001
  0.15839955E+001
  0.15839955E+001
  0.15839956E+001
  0.15839956E+001
  0.15839957E+001
  0.15839958E+001
  0.15839959E+001
  0.15839959E+001
  0.15839960E+001
  0.15839961E+001
  0.15839962E+001
  0.15839963E+001
  0.15839964E+001
  0.15839965E+001
  0.15839966E+001
  0.15839966E+001
  0.15839967E+001
  0.15839968E+001
  0.15839969E+001
  0.15839970E+001
  0.15839970E+001
  0.15839971E+001
  0.15839971E+001
  0.15839972E+001
  0.15839972E+001
  0.15839973E+001
  0.15839973E+001
  0.15839973E+001
  0.15839973E+001
  0.15839972E+001
  0.15839972E+001
  0.15839971E+001
  0.15839971E+001
  0.15839970E+001
  0.15839969E+001
  0.15839968E+001
  0.15839968E+001
  0.15839967E+001
  0.15839964E+001
  0.15839957E+001
  0.15839947E+001
  0.15839962E+001
  0.15839937E+001
