 -0.15018024E+000  0.33179639E+000  0.36321923E+001  0.83842493E+002
 -0.14922382E+000  0.33309579E+000  0.36340644E+001  0.83867247E+002
 -0.14859426E+000  0.33401817E+000  0.36354108E+001  0.83886459E+002
 -0.14815919E+000  0.33468184E+000  0.36363948E+001  0.83901619E+002
 -0.14785604E+000  0.33515601E+000  0.36371163E+001  0.83913734E+002
 -0.14764745E+000  0.33548727E+000  0.36376399E+001  0.83923496E+002
 -0.14750751E+000  0.33570930E+000  0.36380117E+001  0.83931404E+002
 -0.14741853E+000  0.33584701E+000  0.36382651E+001  0.83937829E+002
 -0.14736844E+000  0.33591921E+000  0.36384256E+001  0.83943056E+002
 -0.14734875E+000  0.33594020E+000  0.36385132E+001  0.83947307E+002
 -0.14735319E+000  0.33592112E+000  0.36385438E+001  0.83950760E+002
 -0.14737696E+000  0.33587075E+000  0.36385297E+001  0.83953557E+002
 -0.14741624E+000  0.33579609E+000  0.36384805E+001  0.83955813E+002
 -0.14746787E+000  0.33570272E+000  0.36384040E+001  0.83957621E+002
 -0.14752925E+000  0.33559511E+000  0.36383062E+001  0.83959056E+002
 -0.14759821E+000  0.33547686E+000  0.36381922E+001  0.83960182E+002
 -0.14767294E+000  0.33535088E+000  0.36380658E+001  0.83961050E+002
 -0.14775195E+000  0.33521955E+000  0.36379301E+001  0.83961702E+002
 -0.14783402E+000  0.33508468E+000  0.36377875E+001  0.83962173E+002
 -0.14791815E+000  0.33494776E+000  0.36376400E+001  0.83962491E+002
 -0.14800349E+000  0.33480999E+000  0.36374889E+001  0.83962682E+002
 -0.14808936E+000  0.33467241E+000  0.36373358E+001  0.83962764E+002
 -0.14817519E+000  0.33453583E+000  0.36371815E+001  0.83962756E+002
 -0.14826052E+000  0.33440089E+000  0.36370269E+001  0.83962671E+002
 -0.14834497E+000  0.33426813E+000  0.36368729E+001  0.83962520E+002
 -0.14842821E+000  0.33413798E+000  0.36367200E+001  0.83962315E+002
 -0.14850999E+000  0.33401079E+000  0.36365687E+001  0.83962063E+002
 -0.14859011E+000  0.33388686E+000  0.36364197E+001  0.83961771E+002
 -0.14866839E+000  0.33376641E+000  0.36362732E+001  0.83961446E+002
 -0.14874469E+000  0.33364966E+000  0.36361298E+001  0.83961091E+002
 -0.14881892E+000  0.33353674E+000  0.36359898E+001  0.83960712E+002
 -0.14889098E+000  0.33342783E+000  0.36358534E+001  0.83960312E+002
 -0.14896081E+000  0.33332300E+000  0.36357211E+001  0.83959894E+002
 -0.14902839E+000  0.33322262E+000  0.36355929E+001  0.83959459E+002
 -0.14909368E+000  0.33312661E+000  0.36354691E+001  0.83959011E+002
 -0.14915665E+000  0.33303495E+000  0.36353502E+001  0.83958551E+002
 -0.14921730E+000  0.33294771E+000  0.36352364E+001  0.83958080E+002
 -0.14927563E+000  0.33286494E+000  0.36351279E+001  0.83957600E+002
 -0.14933165E+000  0.33278669E+000  0.36350249E+001  0.83957113E+002
 -0.14938537E+000  0.33271299E+000  0.36349276E+001  0.83956619E+002
 -0.14943681E+000  0.33264387E+000  0.36348363E+001  0.83956121E+002
 -0.14948600E+000  0.33257934E+000  0.36347509E+001  0.83955618E+002
 -0.14953295E+000  0.33251938E+000  0.36346718E+001  0.83955112E+002
 -0.14957770E+000  0.33246397E+000  0.36345989E+001  0.83954604E+002
 -0.14962028E+000  0.33241308E+000  0.36345323E+001  0.83954096E+002
 -0.14966071E+000  0.33236665E+000  0.36344722E+001  0.83953588E+002
 -0.14969902E+000  0.33232461E+000  0.36344186E+001  0.83953082E+002
 -0.14973526E+000  0.33228686E+000  0.36343714E+001  0.83952579E+002
 -0.14976944E+000  0.33225329E+000  0.36343308E+001  0.83952080E+002
 -0.14980162E+000  0.33222377E+000  0.36342965E+001  0.83951586E+002
 -0.14983182E+000  0.33219816E+000  0.36342686E+001  0.83951098E+002
 -0.14986008E+000  0.33217629E+000  0.36342470E+001  0.83950618E+002
 -0.14988646E+000  0.33215797E+000  0.36342314E+001  0.83950146E+002
 -0.14991098E+000  0.33214301E+000  0.36342218E+001  0.83949685E+002
 -0.14993372E+000  0.33213120E+000  0.36342180E+001  0.83949234E+002
 -0.14995471E+000  0.33212233E+000  0.36342196E+001  0.83948795E+002
 -0.14997401E+000  0.33211617E+000  0.36342265E+001  0.83948369E+002
 -0.14999169E+000  0.33211250E+000  0.36342383E+001  0.83947956E+002
 -0.15000780E+000  0.33211109E+000  0.36342547E+001  0.83947557E+002
 -0.15002241E+000  0.33211171E+000  0.36342754E+001  0.83947174E+002
 -0.15003559E+000  0.33211413E+000  0.36343001E+001  0.83946806E+002
 -0.15004741E+000  0.33211815E+000  0.36343283E+001  0.83946453E+002
 -0.15005793E+000  0.33212357E+000  0.36343598E+001  0.83946118E+002
 -0.15006724E+000  0.33213017E+000  0.36343941E+001  0.83945799E+002
 -0.15007540E+000  0.33213780E+000  0.36344310E+001  0.83945497E+002
 -0.15008249E+000  0.33214628E+000  0.36344701E+001  0.83945212E+002
 -0.15008857E+000  0.33215547E+000  0.36345110E+001  0.83944944E+002
 -0.15009371E+000  0.33216523E+000  0.36345536E+001  0.83944693E+002
 -0.15009799E+000  0.33217544E+000  0.36345973E+001  0.83944460E+002
 -0.15010148E+000  0.33218601E+000  0.36346422E+001  0.83944243E+002
 -0.15010423E+000  0.33219684E+000  0.36346877E+001  0.83944043E+002
 -0.15010631E+000  0.33220786E+000  0.36347339E+001  0.83943860E+002
 -0.15010778E+000  0.33221901E+000  0.36347804E+001  0.83943694E+002
 -0.15010871E+000  0.33223022E+000  0.36348270E+001  0.83943543E+002
 -0.15010915E+000  0.33224144E+000  0.36348736E+001  0.83943408E+002
 -0.15010915E+000  0.33225264E+000  0.36349200E+001  0.83943288E+002
 -0.15010879E+000  0.33226378E+000  0.36349661E+001  0.83943183E+002
 -0.15010810E+000  0.33227481E+000  0.36350116E+001  0.83943093E+002
 -0.15010713E+000  0.33228570E+000  0.36350565E+001  0.83943016E+002
 -0.15010595E+000  0.33229642E+000  0.36351007E+001  0.83942952E+002
 -0.15010458E+000  0.33230694E+000  0.36351439E+001  0.83942901E+002
 -0.15010308E+000  0.33231721E+000  0.36351861E+001  0.83942861E+002
 -0.15010149E+000  0.33232721E+000  0.36352271E+001  0.83942832E+002
 -0.15009984E+000  0.33233691E+000  0.36352668E+001  0.83942813E+002
 -0.15009818E+000  0.33234627E+000  0.36353051E+001  0.83942803E+002
 -0.15009652E+000  0.33235527E+000  0.36353420E+001  0.83942802E+002
 -0.15009491E+000  0.33236388E+000  0.36353772E+001  0.83942808E+002
 -0.15009336E+000  0.33237207E+000  0.36354108E+001  0.83942820E+002
 -0.15009190E+000  0.33237981E+000  0.36354427E+001  0.83942839E+002
 -0.15009055E+000  0.33238710E+000  0.36354728E+001  0.83942862E+002
 -0.15008932E+000  0.33239390E+000  0.36355011E+001  0.83942889E+002
 -0.15008822E+000  0.33240021E+000  0.36355276E+001  0.83942919E+002
 -0.15008728E+000  0.33240602E+000  0.36355522E+001  0.83942952E+002
 -0.15008649E+000  0.33241132E+000  0.36355750E+001  0.83942986E+002
 -0.15008585E+000  0.33241610E+000  0.36355959E+001  0.83943021E+002
 -0.15008538E+000  0.33242037E+000  0.36356151E+001  0.83943057E+002
 -0.15008507E+000  0.33242412E+000  0.36356325E+001  0.83943092E+002
 -0.15008492E+000  0.33242737E+000  0.36356483E+001  0.83943127E+002
 -0.15008493E+000  0.33243012E+000  0.36356624E+001  0.83943160E+002
 -0.15008508E+000  0.33243239E+000  0.36356749E+001  0.83943191E+002
 -0.15008539E+000  0.33243419E+000  0.36356860E+001  0.83943220E+002
 -0.15008583E+000  0.33243553E+000  0.36356956E+001  0.83943247E+002
 -0.15008640E+000  0.33243644E+000  0.36357040E+001  0.83943271E+002
 -0.15008710E+000  0.33243693E+000  0.36357111E+001  0.83943292E+002
 -0.15008791E+000  0.33243703E+000  0.36357171E+001  0.83943309E+002
 -0.15008882E+000  0.33243676E+000  0.36357221E+001  0.83943323E+002
 -0.15008982E+000  0.33243614E+000  0.36357261E+001  0.83943333E+002
 -0.15009091E+000  0.33243520E+000  0.36357292E+001  0.83943339E+002
 -0.15009208E+000  0.33243395E+000  0.36357315E+001  0.83943341E+002
 -0.15009330E+000  0.33243243E+000  0.36357331E+001  0.83943340E+002
 -0.15009459E+000  0.33243065E+000  0.36357341E+001  0.83943334E+002
 -0.15009592E+000  0.33242864E+000  0.36357345E+001  0.83943325E+002
 -0.15009729E+000  0.33242643E+000  0.36357344E+001  0.83943312E+002
 -0.15009869E+000  0.33242405E+000  0.36357338E+001  0.83943295E+002
 -0.15010011E+000  0.33242150E+000  0.36357329E+001  0.83943274E+002
 -0.15010154E+000  0.33241882E+000  0.36357316E+001  0.83943250E+002
 -0.15010297E+000  0.33241604E+000  0.36357300E+001  0.83943223E+002
 -0.15010440E+000  0.33241317E+000  0.36357282E+001  0.83943192E+002
 -0.15010582E+000  0.33241023E+000  0.36357262E+001  0.83943158E+002
 -0.15010723E+000  0.33240726E+000  0.36357241E+001  0.83943121E+002
 -0.15010861E+000  0.33240427E+000  0.36357219E+001  0.83943082E+002
 -0.15010995E+000  0.33240128E+000  0.36357196E+001  0.83943040E+002
 -0.15011126E+000  0.33239831E+000  0.36357172E+001  0.83942996E+002
 -0.15011253E+000  0.33239538E+000  0.36357149E+001  0.83942950E+002
 -0.15011375E+000  0.33239252E+000  0.36357127E+001  0.83942902E+002
 -0.15011491E+000  0.33238972E+000  0.36357105E+001  0.83942853E+002
 -0.15011602E+000  0.33238702E+000  0.36357084E+001  0.83942803E+002
 -0.15011707E+000  0.33238443E+000  0.36357065E+001  0.83942752E+002
 -0.15011806E+000  0.33238196E+000  0.36357048E+001  0.83942700E+002
 -0.15011898E+000  0.33237961E+000  0.36357033E+001  0.83942649E+002
 -0.15011983E+000  0.33237740E+000  0.36357020E+001  0.83942597E+002
 -0.15012061E+000  0.33237535E+000  0.36357010E+001  0.83942545E+002
 -0.15012132E+000  0.33237344E+000  0.36357002E+001  0.83942494E+002
 -0.15012196E+000  0.33237170E+000  0.36356998E+001  0.83942443E+002
 -0.15012253E+000  0.33237012E+000  0.36356996E+001  0.83942394E+002
 -0.15012302E+000  0.33236871E+000  0.36356998E+001  0.83942345E+002
 -0.15012345E+000  0.33236747E+000  0.36357003E+001  0.83942298E+002
 -0.15012380E+000  0.33236640E+000  0.36357011E+001  0.83942253E+002
 -0.15012409E+000  0.33236550E+000  0.36357023E+001  0.83942210E+002
 -0.15012431E+000  0.33236476E+000  0.36357038E+001  0.83942168E+002
 -0.15012446E+000  0.33236419E+000  0.36357057E+001  0.83942129E+002
 -0.15012456E+000  0.33236378E+000  0.36357079E+001  0.83942092E+002
 -0.15012459E+000  0.33236351E+000  0.36357105E+001  0.83942058E+002
 -0.15012457E+000  0.33236340E+000  0.36357134E+001  0.83942026E+002
 -0.15012450E+000  0.33236343E+000  0.36357166E+001  0.83941997E+002
 -0.15012438E+000  0.33236359E+000  0.36357201E+001  0.83941971E+002
 -0.15012421E+000  0.33236388E+000  0.36357239E+001  0.83941947E+002
 -0.15012400E+000  0.33236428E+000  0.36357280E+001  0.83941926E+002
 -0.15012375E+000  0.33236479E+000  0.36357323E+001  0.83941908E+002
 -0.15012346E+000  0.33236540E+000  0.36357369E+001  0.83941893E+002
 -0.15012315E+000  0.33236610E+000  0.36357417E+001  0.83941881E+002
 -0.15012280E+000  0.33236689E+000  0.36357466E+001  0.83941872E+002
 -0.15012244E+000  0.33236774E+000  0.36357518E+001  0.83941865E+002
 -0.15012205E+000  0.33236865E+000  0.36357570E+001  0.83941862E+002
 -0.15012165E+000  0.33236961E+000  0.36357624E+001  0.83941861E+002
 -0.15012123E+000  0.33237061E+000  0.36357679E+001  0.83941862E+002
 -0.15012081E+000  0.33237164E+000  0.36357734E+001  0.83941866E+002
 -0.15012038E+000  0.33237270E+000  0.36357789E+001  0.83941873E+002
 -0.15011995E+000  0.33237376E+000  0.36357845E+001  0.83941881E+002
 -0.15011952E+000  0.33237483E+000  0.36357900E+001  0.83941892E+002
 -0.15011909E+000  0.33237589E+000  0.36357954E+001  0.83941905E+002
 -0.15011867E+000  0.33237694E+000  0.36358008E+001  0.83941920E+002
 -0.15011826E+000  0.33237797E+000  0.36358061E+001  0.83941937E+002
 -0.15011786E+000  0.33237897E+000  0.36358112E+001  0.83941955E+002
 -0.15011747E+000  0.33237993E+000  0.36358162E+001  0.83941975E+002
 -0.15011710E+000  0.33238084E+000  0.36358210E+001  0.83941996E+002
 -0.15011675E+000  0.33238171E+000  0.36358255E+001  0.83942019E+002
 -0.15011641E+000  0.33238252E+000  0.36358299E+001  0.83942042E+002
 -0.15011610E+000  0.33238327E+000  0.36358340E+001  0.83942066E+002
 -0.15011581E+000  0.33238395E+000  0.36358378E+001  0.83942091E+002
 -0.15011554E+000  0.33238456E+000  0.36358413E+001  0.83942117E+002
 -0.15011530E+000  0.33238509E+000  0.36358446E+001  0.83942143E+002
 -0.15011509E+000  0.33238555E+000  0.36358475E+001  0.83942169E+002
 -0.15011489E+000  0.33238592E+000  0.36358501E+001  0.83942195E+002
 -0.15011473E+000  0.33238620E+000  0.36358523E+001  0.83942221E+002
 -0.15011459E+000  0.33238640E+000  0.36358541E+001  0.83942248E+002
 -0.15011448E+000  0.33238650E+000  0.36358556E+001  0.83942273E+002
 -0.15011440E+000  0.33238651E+000  0.36358566E+001  0.83942298E+002
 -0.15011434E+000  0.33238643E+000  0.36358573E+001  0.83942323E+002
 -0.15011431E+000  0.33238625E+000  0.36358575E+001  0.83942346E+002
 -0.15011430E+000  0.33238597E+000  0.36358573E+001  0.83942369E+002
 -0.15011432E+000  0.33238559E+000  0.36358566E+001  0.83942390E+002
 -0.15011436E+000  0.33238511E+000  0.36358554E+001  0.83942410E+002
 -0.15011444E+000  0.33238453E+000  0.36358538E+001  0.83942429E+002
 -0.15011454E+000  0.33238383E+000  0.36358516E+001  0.83942445E+002
 -0.15011468E+000  0.33238301E+000  0.36358488E+001  0.83942460E+002
 -0.15011485E+000  0.33238206E+000  0.36358454E+001  0.83942472E+002
 -0.15011506E+000  0.33238097E+000  0.36358413E+001  0.83942482E+002
 -0.15011531E+000  0.33237974E+000  0.36358366E+001  0.83942489E+002
 -0.15011559E+000  0.33237838E+000  0.36358312E+001  0.83942493E+002
 -0.15011584E+000  0.33237697E+000  0.36358254E+001  0.83942493E+002
 -0.15011599E+000  0.33237564E+000  0.36358194E+001  0.83942490E+002
 -0.15011596E+000  0.33237456E+000  0.36358137E+001  0.83942483E+002
 -0.15011571E+000  0.33237382E+000  0.36358083E+001  0.83942472E+002
 -0.15011536E+000  0.33237321E+000  0.36358029E+001  0.83942456E+002
 -0.15011530E+000  0.33237191E+000  0.36357955E+001  0.83942432E+002
 -0.15011593E+000  0.33236879E+000  0.36357834E+001  0.83942397E+002
 -0.15011653E+000  0.33236443E+000  0.36357665E+001  0.83942346E+002
 -0.15011331E+000  0.33236492E+000  0.36357547E+001  0.83942263E+002
 -0.15010814E+000  0.33237293E+000  0.36357676E+001  0.83942181E+002
