  0.86623176E+000
  0.86052924E+000
  0.85628216E+000
  0.85301774E+000
  0.85044212E+000
  0.84837761E+000
  0.84670165E+000
  0.84533049E+000
  0.84420142E+000
  0.84326963E+000
  0.84249719E+000
  0.84185549E+000
  0.84132170E+000
  0.84087697E+000
  0.84050656E+000
  0.84019787E+000
  0.83994046E+000
  0.83972578E+000
  0.83954697E+000
  0.83939812E+000
  0.83927487E+000
  0.83917293E+000
  0.83908894E+000
  0.83902007E+000
  0.83896389E+000
  0.83891837E+000
  0.83888173E+000
  0.83885247E+000
  0.83882929E+000
  0.83881106E+000
  0.83879705E+000
  0.83878618E+000
  0.83877799E+000
  0.83877198E+000
  0.83876769E+000
  0.83876477E+000
  0.83876290E+000
  0.83876185E+000
  0.83876140E+000
  0.83876140E+000
  0.83876173E+000
  0.83876228E+000
  0.83876297E+000
  0.83876373E+000
  0.83876454E+000
  0.83876534E+000
  0.83876611E+000
  0.83876682E+000
  0.83876744E+000
  0.83876798E+000
  0.83876840E+000
  0.83876871E+000
  0.83876887E+000
  0.83876891E+000
  0.83876881E+000
  0.83876856E+000
  0.83876818E+000
  0.83876764E+000
  0.83876696E+000
  0.83876614E+000
  0.83876519E+000
  0.83876411E+000
  0.83876291E+000
  0.83876161E+000
  0.83876021E+000
  0.83875874E+000
  0.83875720E+000
  0.83875561E+000
  0.83875398E+000
  0.83875232E+000
  0.83875066E+000
  0.83874900E+000
  0.83874736E+000
  0.83874574E+000
  0.83874416E+000
  0.83874261E+000
  0.83874111E+000
  0.83873966E+000
  0.83873826E+000
  0.83873692E+000
  0.83873562E+000
  0.83873438E+000
  0.83873319E+000
  0.83873206E+000
  0.83873098E+000
  0.83872995E+000
  0.83872897E+000
  0.83872804E+000
  0.83872716E+000
  0.83872633E+000
  0.83872554E+000
  0.83872481E+000
  0.83872413E+000
  0.83872349E+000
  0.83872290E+000
  0.83872236E+000
  0.83872187E+000
  0.83872142E+000
  0.83872101E+000
  0.83872065E+000
  0.83872033E+000
  0.83872005E+000
  0.83871981E+000
  0.83871961E+000
  0.83871945E+000
  0.83871932E+000
  0.83871923E+000
  0.83871916E+000
  0.83871912E+000
  0.83871911E+000
  0.83871912E+000
  0.83871916E+000
  0.83871921E+000
  0.83871928E+000
  0.83871937E+000
  0.83871948E+000
  0.83871959E+000
  0.83871971E+000
  0.83871984E+000
  0.83871998E+000
  0.83872013E+000
  0.83872027E+000
  0.83872042E+000
  0.83872057E+000
  0.83872071E+000
  0.83872086E+000
  0.83872100E+000
  0.83872114E+000
  0.83872127E+000
  0.83872139E+000
  0.83872151E+000
  0.83872161E+000
  0.83872171E+000
  0.83872181E+000
  0.83872189E+000
  0.83872196E+000
  0.83872202E+000
  0.83872207E+000
  0.83872211E+000
  0.83872214E+000
  0.83872216E+000
  0.83872217E+000
  0.83872217E+000
  0.83872216E+000
  0.83872214E+000
  0.83872212E+000
  0.83872208E+000
  0.83872204E+000
  0.83872199E+000
  0.83872193E+000
  0.83872187E+000
  0.83872180E+000
  0.83872172E+000
  0.83872165E+000
  0.83872156E+000
  0.83872148E+000
  0.83872139E+000
  0.83872130E+000
  0.83872121E+000
  0.83872111E+000
  0.83872102E+000
  0.83872092E+000
  0.83872083E+000
  0.83872074E+000
  0.83872065E+000
  0.83872056E+000
  0.83872047E+000
  0.83872039E+000
  0.83872031E+000
  0.83872023E+000
  0.83872015E+000
  0.83872008E+000
  0.83872001E+000
  0.83871994E+000
  0.83871988E+000
  0.83871981E+000
  0.83871976E+000
  0.83871970E+000
  0.83871965E+000
  0.83871960E+000
  0.83871955E+000
  0.83871950E+000
  0.83871945E+000
  0.83871939E+000
  0.83871934E+000
  0.83871928E+000
  0.83871922E+000
  0.83871916E+000
  0.83871910E+000
  0.83871904E+000
  0.83871899E+000
  0.83871895E+000
  0.83871889E+000
  0.83871878E+000
  0.83871858E+000
  0.83871832E+000
  0.83871823E+000
  0.83871850E+000
  0.83871878E+000
  0.83871506E+000
