  0.21914073E+002
  0.21921293E+002
  0.21926821E+002
  0.21931132E+002
  0.21934535E+002
  0.21937241E+002
  0.21939402E+002
  0.21941128E+002
  0.21942506E+002
  0.21943600E+002
  0.21944465E+002
  0.21945143E+002
  0.21945666E+002
  0.21946062E+002
  0.21946354E+002
  0.21946561E+002
  0.21946696E+002
  0.21946772E+002
  0.21946800E+002
  0.21946788E+002
  0.21946742E+002
  0.21946668E+002
  0.21946572E+002
  0.21946457E+002
  0.21946326E+002
  0.21946184E+002
  0.21946030E+002
  0.21945869E+002
  0.21945702E+002
  0.21945529E+002
  0.21945352E+002
  0.21945173E+002
  0.21944992E+002
  0.21944809E+002
  0.21944626E+002
  0.21944442E+002
  0.21944259E+002
  0.21944077E+002
  0.21943896E+002
  0.21943716E+002
  0.21943538E+002
  0.21943363E+002
  0.21943190E+002
  0.21943020E+002
  0.21942853E+002
  0.21942689E+002
  0.21942529E+002
  0.21942373E+002
  0.21942221E+002
  0.21942073E+002
  0.21941931E+002
  0.21941793E+002
  0.21941660E+002
  0.21941532E+002
  0.21941410E+002
  0.21941293E+002
  0.21941182E+002
  0.21941076E+002
  0.21940976E+002
  0.21940882E+002
  0.21940793E+002
  0.21940711E+002
  0.21940633E+002
  0.21940561E+002
  0.21940495E+002
  0.21940434E+002
  0.21940378E+002
  0.21940327E+002
  0.21940281E+002
  0.21940240E+002
  0.21940203E+002
  0.21940171E+002
  0.21940144E+002
  0.21940120E+002
  0.21940101E+002
  0.21940085E+002
  0.21940073E+002
  0.21940065E+002
  0.21940060E+002
  0.21940058E+002
  0.21940059E+002
  0.21940063E+002
  0.21940069E+002
  0.21940077E+002
  0.21940086E+002
  0.21940098E+002
  0.21940111E+002
  0.21940125E+002
  0.21940140E+002
  0.21940155E+002
  0.21940171E+002
  0.21940187E+002
  0.21940203E+002
  0.21940219E+002
  0.21940234E+002
  0.21940249E+002
  0.21940263E+002
  0.21940277E+002
  0.21940289E+002
  0.21940301E+002
  0.21940311E+002
  0.21940321E+002
  0.21940329E+002
  0.21940336E+002
  0.21940341E+002
  0.21940346E+002
  0.21940349E+002
  0.21940351E+002
  0.21940351E+002
  0.21940350E+002
  0.21940349E+002
  0.21940346E+002
  0.21940341E+002
  0.21940336E+002
  0.21940330E+002
  0.21940322E+002
  0.21940314E+002
  0.21940305E+002
  0.21940295E+002
  0.21940284E+002
  0.21940272E+002
  0.21940260E+002
  0.21940247E+002
  0.21940234E+002
  0.21940221E+002
  0.21940207E+002
  0.21940193E+002
  0.21940179E+002
  0.21940165E+002
  0.21940151E+002
  0.21940136E+002
  0.21940123E+002
  0.21940109E+002
  0.21940096E+002
  0.21940083E+002
  0.21940070E+002
  0.21940058E+002
  0.21940047E+002
  0.21940036E+002
  0.21940026E+002
  0.21940016E+002
  0.21940007E+002
  0.21939999E+002
  0.21939992E+002
  0.21939986E+002
  0.21939980E+002
  0.21939975E+002
  0.21939971E+002
  0.21939968E+002
  0.21939965E+002
  0.21939964E+002
  0.21939963E+002
  0.21939963E+002
  0.21939964E+002
  0.21939965E+002
  0.21939967E+002
  0.21939970E+002
  0.21939973E+002
  0.21939977E+002
  0.21939982E+002
  0.21939987E+002
  0.21939992E+002
  0.21939998E+002
  0.21940004E+002
  0.21940011E+002
  0.21940018E+002
  0.21940025E+002
  0.21940032E+002
  0.21940039E+002
  0.21940047E+002
  0.21940054E+002
  0.21940062E+002
  0.21940069E+002
  0.21940076E+002
  0.21940084E+002
  0.21940091E+002
  0.21940098E+002
  0.21940104E+002
  0.21940110E+002
  0.21940116E+002
  0.21940122E+002
  0.21940127E+002
  0.21940132E+002
  0.21940136E+002
  0.21940139E+002
  0.21940142E+002
  0.21940144E+002
  0.21940145E+002
  0.21940145E+002
  0.21940144E+002
  0.21940142E+002
  0.21940140E+002
  0.21940136E+002
  0.21940132E+002
  0.21940127E+002
  0.21940118E+002
  0.21940106E+002
  0.21940087E+002
  0.21940065E+002
  0.21940051E+002
