  0.11730771E-004
  0.92352707E-005
  0.86937709E-005
  0.89963575E-005
  0.93975743E-005
  0.99290990E-005
  0.10436116E-004
  0.10849254E-004
  0.11154721E-004
  0.11365999E-004
  0.11505071E-004
  0.11593275E-004
  0.11647622E-004
  0.11680341E-004
  0.11699666E-004
  0.11710871E-004
  0.11717230E-004
  0.11720723E-004
  0.11722527E-004
  0.11723329E-004
  0.11723535E-004
  0.11723370E-004
  0.11722976E-004
  0.11722434E-004
  0.11721797E-004
  0.11721099E-004
  0.11720364E-004
  0.11719608E-004
  0.11718846E-004
  0.11718088E-004
  0.11717346E-004
  0.11716621E-004
  0.11715927E-004
  0.11715266E-004
  0.11714643E-004
  0.11714061E-004
  0.11713524E-004
  0.11713032E-004
  0.11712588E-004
  0.11712192E-004
  0.11711846E-004
  0.11711550E-004
  0.11711302E-004
  0.11711103E-004
  0.11710950E-004
  0.11710844E-004
  0.11710782E-004
  0.11710762E-004
  0.11710783E-004
  0.11710843E-004
  0.11710938E-004
  0.11711068E-004
  0.11711228E-004
  0.11711418E-004
  0.11711635E-004
  0.11711875E-004
  0.11712136E-004
  0.11712415E-004
  0.11712710E-004
  0.11713018E-004
  0.11713336E-004
  0.11713661E-004
  0.11713992E-004
  0.11714325E-004
  0.11714659E-004
  0.11714991E-004
  0.11715320E-004
  0.11715643E-004
  0.11715960E-004
  0.11716269E-004
  0.11716569E-004
  0.11716859E-004
  0.11717139E-004
  0.11717407E-004
  0.11717663E-004
  0.11717907E-004
  0.11718139E-004
  0.11718359E-004
  0.11718566E-004
  0.11718760E-004
  0.11718943E-004
  0.11719113E-004
  0.11719272E-004
  0.11719419E-004
  0.11719555E-004
  0.11719681E-004
  0.11719797E-004
  0.11719903E-004
  0.11720000E-004
  0.11720089E-004
  0.11720170E-004
  0.11720243E-004
  0.11720310E-004
  0.11720370E-004
  0.11720425E-004
  0.11720474E-004
  0.11720519E-004
  0.11720559E-004
  0.11720595E-004
  0.11720628E-004
  0.11720658E-004
  0.11720685E-004
  0.11720710E-004
  0.11720732E-004
  0.11720752E-004
  0.11720771E-004
  0.11720788E-004
  0.11720804E-004
  0.11720818E-004
  0.11720831E-004
  0.11720843E-004
  0.11720854E-004
  0.11720864E-004
  0.11720873E-004
  0.11720880E-004
  0.11720887E-004
  0.11720893E-004
  0.11720898E-004
  0.11720902E-004
  0.11720905E-004
  0.11720908E-004
  0.11720909E-004
  0.11720909E-004
  0.11720909E-004
  0.11720907E-004
  0.11720905E-004
  0.11720902E-004
  0.11720898E-004
  0.11720894E-004
  0.11720889E-004
  0.11720883E-004
  0.11720877E-004
  0.11720870E-004
  0.11720862E-004
  0.11720855E-004
  0.11720847E-004
  0.11720838E-004
  0.11720830E-004
  0.11720822E-004
  0.11720813E-004
  0.11720805E-004
  0.11720796E-004
  0.11720788E-004
  0.11720780E-004
  0.11720773E-004
  0.11720766E-004
  0.11720760E-004
  0.11720754E-004
  0.11720749E-004
  0.11720745E-004
  0.11720741E-004
  0.11720738E-004
  0.11720737E-004
  0.11720736E-004
  0.11720736E-004
  0.11720737E-004
  0.11720740E-004
  0.11720743E-004
  0.11720748E-004
  0.11720754E-004
  0.11720762E-004
  0.11720770E-004
  0.11720780E-004
  0.11720792E-004
  0.11720804E-004
  0.11720819E-004
  0.11720834E-004
  0.11720851E-004
  0.11720870E-004
  0.11720890E-004
  0.11720911E-004
  0.11720934E-004
  0.11720959E-004
  0.11720985E-004
  0.11721012E-004
  0.11721041E-004
  0.11721071E-004
  0.11721103E-004
  0.11721136E-004
  0.11721171E-004
  0.11721207E-004
  0.11721245E-004
  0.11721283E-004
  0.11721323E-004
  0.11721365E-004
  0.11721407E-004
  0.11721451E-004
  0.11721496E-004
  0.11721542E-004
  0.11721590E-004
  0.11721640E-004
  0.11721693E-004
  0.11721751E-004
  0.11721816E-004
  0.11721887E-004
  0.11721960E-004
  0.11722029E-004
  0.11722090E-004
  0.11722205E-004
  0.11722417E-004
