  0.10282125E+000
  0.80947966E-001
  0.76201672E-001
  0.78853871E-001
  0.82370572E-001
  0.87029433E-001
  0.91473483E-001
  0.95094675E-001
  0.97772116E-001
  0.99623986E-001
  0.10084297E+000
  0.10161608E+000
  0.10209244E+000
  0.10237923E+000
  0.10254861E+000
  0.10264682E+000
  0.10270256E+000
  0.10273318E+000
  0.10274899E+000
  0.10275602E+000
  0.10275782E+000
  0.10275638E+000
  0.10275292E+000
  0.10274817E+000
  0.10274259E+000
  0.10273647E+000
  0.10273003E+000
  0.10272341E+000
  0.10271672E+000
  0.10271008E+000
  0.10270357E+000
  0.10269722E+000
  0.10269114E+000
  0.10268535E+000
  0.10267988E+000
  0.10267479E+000
  0.10267007E+000
  0.10266576E+000
  0.10266187E+000
  0.10265840E+000
  0.10265537E+000
  0.10265277E+000
  0.10265060E+000
  0.10264885E+000
  0.10264752E+000
  0.10264659E+000
  0.10264604E+000
  0.10264587E+000
  0.10264605E+000
  0.10264657E+000
  0.10264741E+000
  0.10264854E+000
  0.10264995E+000
  0.10265162E+000
  0.10265351E+000
  0.10265562E+000
  0.10265791E+000
  0.10266035E+000
  0.10266294E+000
  0.10266564E+000
  0.10266843E+000
  0.10267128E+000
  0.10267418E+000
  0.10267710E+000
  0.10268002E+000
  0.10268293E+000
  0.10268581E+000
  0.10268865E+000
  0.10269143E+000
  0.10269414E+000
  0.10269677E+000
  0.10269931E+000
  0.10270176E+000
  0.10270411E+000
  0.10270636E+000
  0.10270850E+000
  0.10271053E+000
  0.10271245E+000
  0.10271427E+000
  0.10271597E+000
  0.10271757E+000
  0.10271906E+000
  0.10272045E+000
  0.10272174E+000
  0.10272294E+000
  0.10272404E+000
  0.10272506E+000
  0.10272599E+000
  0.10272684E+000
  0.10272762E+000
  0.10272833E+000
  0.10272897E+000
  0.10272955E+000
  0.10273008E+000
  0.10273056E+000
  0.10273099E+000
  0.10273138E+000
  0.10273174E+000
  0.10273206E+000
  0.10273235E+000
  0.10273261E+000
  0.10273284E+000
  0.10273306E+000
  0.10273325E+000
  0.10273343E+000
  0.10273360E+000
  0.10273375E+000
  0.10273388E+000
  0.10273401E+000
  0.10273412E+000
  0.10273423E+000
  0.10273432E+000
  0.10273441E+000
  0.10273449E+000
  0.10273456E+000
  0.10273462E+000
  0.10273467E+000
  0.10273471E+000
  0.10273475E+000
  0.10273477E+000
  0.10273479E+000
  0.10273480E+000
  0.10273481E+000
  0.10273480E+000
  0.10273479E+000
  0.10273477E+000
  0.10273475E+000
  0.10273471E+000
  0.10273467E+000
  0.10273463E+000
  0.10273458E+000
  0.10273452E+000
  0.10273446E+000
  0.10273440E+000
  0.10273433E+000
  0.10273426E+000
  0.10273419E+000
  0.10273411E+000
  0.10273404E+000
  0.10273396E+000
  0.10273389E+000
  0.10273382E+000
  0.10273375E+000
  0.10273368E+000
  0.10273361E+000
  0.10273355E+000
  0.10273350E+000
  0.10273345E+000
  0.10273340E+000
  0.10273336E+000
  0.10273333E+000
  0.10273331E+000
  0.10273329E+000
  0.10273329E+000
  0.10273329E+000
  0.10273330E+000
  0.10273332E+000
  0.10273335E+000
  0.10273340E+000
  0.10273345E+000
  0.10273351E+000
  0.10273359E+000
  0.10273368E+000
  0.10273378E+000
  0.10273389E+000
  0.10273401E+000
  0.10273415E+000
  0.10273430E+000
  0.10273446E+000
  0.10273464E+000
  0.10273483E+000
  0.10273503E+000
  0.10273524E+000
  0.10273547E+000
  0.10273571E+000
  0.10273596E+000
  0.10273623E+000
  0.10273651E+000
  0.10273680E+000
  0.10273710E+000
  0.10273742E+000
  0.10273775E+000
  0.10273809E+000
  0.10273844E+000
  0.10273880E+000
  0.10273917E+000
  0.10273956E+000
  0.10273995E+000
  0.10274036E+000
  0.10274078E+000
  0.10274121E+000
  0.10274168E+000
  0.10274219E+000
  0.10274275E+000
  0.10274337E+000
  0.10274401E+000
  0.10274462E+000
  0.10274516E+000
  0.10274617E+000
  0.10274803E+000
