  0.18632844E+000
  0.16479448E+000
  0.16284773E+000
  0.16493077E+000
  0.16793518E+000
  0.17093301E+000
  0.17359076E+000
  0.17584114E+000
  0.17762683E+000
  0.17902220E+000
  0.18008481E+000
  0.18090943E+000
  0.18157293E+000
  0.18212290E+000
  0.18259823E+000
  0.18302391E+000
  0.18340433E+000
  0.18373008E+000
  0.18403725E+000
  0.18434039E+000
  0.18463166E+000
  0.18490397E+000
  0.18515371E+000
  0.18537893E+000
  0.18557906E+000
  0.18575464E+000
  0.18590690E+000
  0.18603761E+000
  0.18614876E+000
  0.18624256E+000
  0.18632130E+000
  0.18638641E+000
  0.18644052E+000
  0.18648506E+000
  0.18652147E+000
  0.18655105E+000
  0.18657490E+000
  0.18659396E+000
  0.18660904E+000
  0.18662086E+000
  0.18662995E+000
  0.18663673E+000
  0.18664158E+000
  0.18664480E+000
  0.18664661E+000
  0.18664716E+000
  0.18664663E+000
  0.18664509E+000
  0.18664264E+000
  0.18663937E+000
  0.18663534E+000
  0.18663063E+000
  0.18662527E+000
  0.18661937E+000
  0.18661296E+000
  0.18660610E+000
  0.18659888E+000
  0.18659134E+000
  0.18658356E+000
  0.18657559E+000
  0.18656751E+000
  0.18655934E+000
  0.18655118E+000
  0.18654304E+000
  0.18653497E+000
  0.18652704E+000
  0.18651924E+000
  0.18651161E+000
  0.18650417E+000
  0.18649695E+000
  0.18648995E+000
  0.18648318E+000
  0.18647666E+000
  0.18647038E+000
  0.18646434E+000
  0.18645856E+000
  0.18645302E+000
  0.18644774E+000
  0.18644271E+000
  0.18643795E+000
  0.18643343E+000
  0.18642917E+000
  0.18642517E+000
  0.18642143E+000
  0.18641795E+000
  0.18641472E+000
  0.18641176E+000
  0.18640905E+000
  0.18640659E+000
  0.18640438E+000
  0.18640241E+000
  0.18640067E+000
  0.18639917E+000
  0.18639789E+000
  0.18639681E+000
  0.18639594E+000
  0.18639525E+000
  0.18639475E+000
  0.18639441E+000
  0.18639423E+000
  0.18639419E+000
  0.18639429E+000
  0.18639451E+000
  0.18639484E+000
  0.18639526E+000
  0.18639577E+000
  0.18639636E+000
  0.18639702E+000
  0.18639774E+000
  0.18639851E+000
  0.18639933E+000
  0.18640018E+000
  0.18640106E+000
  0.18640196E+000
  0.18640288E+000
  0.18640380E+000
  0.18640474E+000
  0.18640567E+000
  0.18640660E+000
  0.18640752E+000
  0.18640842E+000
  0.18640930E+000
  0.18641016E+000
  0.18641100E+000
  0.18641180E+000
  0.18641257E+000
  0.18641331E+000
  0.18641401E+000
  0.18641466E+000
  0.18641528E+000
  0.18641585E+000
  0.18641637E+000
  0.18641685E+000
  0.18641728E+000
  0.18641767E+000
  0.18641800E+000
  0.18641830E+000
  0.18641854E+000
  0.18641874E+000
  0.18641889E+000
  0.18641900E+000
  0.18641906E+000
  0.18641909E+000
  0.18641908E+000
  0.18641902E+000
  0.18641893E+000
  0.18641881E+000
  0.18641865E+000
  0.18641847E+000
  0.18641825E+000
  0.18641801E+000
  0.18641775E+000
  0.18641747E+000
  0.18641716E+000
  0.18641684E+000
  0.18641650E+000
  0.18641615E+000
  0.18641578E+000
  0.18641541E+000
  0.18641503E+000
  0.18641464E+000
  0.18641425E+000
  0.18641385E+000
  0.18641346E+000
  0.18641306E+000
  0.18641266E+000
  0.18641226E+000
  0.18641187E+000
  0.18641148E+000
  0.18641109E+000
  0.18641070E+000
  0.18641033E+000
  0.18640995E+000
  0.18640958E+000
  0.18640922E+000
  0.18640886E+000
  0.18640851E+000
  0.18640817E+000
  0.18640783E+000
  0.18640749E+000
  0.18640716E+000
  0.18640683E+000
  0.18640650E+000
  0.18640617E+000
  0.18640585E+000
  0.18640554E+000
  0.18640525E+000
  0.18640498E+000
  0.18640473E+000
  0.18640450E+000
  0.18640423E+000
  0.18640383E+000
  0.18640315E+000
  0.18640210E+000
  0.18640089E+000
  0.18640045E+000
  0.18640208E+000
  0.18640397E+000
  0.18639719E+000
  0.18639165E+000
