  0.14607529E+000
  0.14439902E+000
  0.14343675E+000
  0.14284063E+000
  0.14267260E+000
  0.14261706E+000
  0.14264754E+000
  0.14273237E+000
  0.14285436E+000
  0.14299600E+000
  0.14315104E+000
  0.14331117E+000
  0.14347110E+000
  0.14362764E+000
  0.14377899E+000
  0.14392485E+000
  0.14406566E+000
  0.14420218E+000
  0.14433150E+000
  0.14445322E+000
  0.14456797E+000
  0.14467615E+000
  0.14477814E+000
  0.14487428E+000
  0.14496485E+000
  0.14505016E+000
  0.14513045E+000
  0.14520599E+000
  0.14527699E+000
  0.14534369E+000
  0.14540630E+000
  0.14546498E+000
  0.14551996E+000
  0.14557139E+000
  0.14561943E+000
  0.14566421E+000
  0.14570587E+000
  0.14574453E+000
  0.14578032E+000
  0.14581337E+000
  0.14584381E+000
  0.14587175E+000
  0.14589734E+000
  0.14592068E+000
  0.14594192E+000
  0.14596117E+000
  0.14597856E+000
  0.14599421E+000
  0.14600823E+000
  0.14602075E+000
  0.14603187E+000
  0.14604169E+000
  0.14605032E+000
  0.14605785E+000
  0.14606437E+000
  0.14606997E+000
  0.14607473E+000
  0.14607871E+000
  0.14608200E+000
  0.14608466E+000
  0.14608674E+000
  0.14608832E+000
  0.14608944E+000
  0.14609015E+000
  0.14609050E+000
  0.14609054E+000
  0.14609029E+000
  0.14608980E+000
  0.14608909E+000
  0.14608819E+000
  0.14608712E+000
  0.14608592E+000
  0.14608459E+000
  0.14608316E+000
  0.14608165E+000
  0.14608007E+000
  0.14607843E+000
  0.14607677E+000
  0.14607508E+000
  0.14607339E+000
  0.14607171E+000
  0.14607005E+000
  0.14606843E+000
  0.14606686E+000
  0.14606536E+000
  0.14606393E+000
  0.14606258E+000
  0.14606132E+000
  0.14606017E+000
  0.14605912E+000
  0.14605818E+000
  0.14605736E+000
  0.14605665E+000
  0.14605606E+000
  0.14605559E+000
  0.14605523E+000
  0.14605499E+000
  0.14605486E+000
  0.14605484E+000
  0.14605492E+000
  0.14605510E+000
  0.14605536E+000
  0.14605572E+000
  0.14605615E+000
  0.14605666E+000
  0.14605723E+000
  0.14605786E+000
  0.14605855E+000
  0.14605928E+000
  0.14606005E+000
  0.14606085E+000
  0.14606168E+000
  0.14606253E+000
  0.14606340E+000
  0.14606428E+000
  0.14606517E+000
  0.14606606E+000
  0.14606694E+000
  0.14606781E+000
  0.14606867E+000
  0.14606952E+000
  0.14607034E+000
  0.14607114E+000
  0.14607191E+000
  0.14607265E+000
  0.14607335E+000
  0.14607402E+000
  0.14607465E+000
  0.14607524E+000
  0.14607579E+000
  0.14607630E+000
  0.14607676E+000
  0.14607718E+000
  0.14607755E+000
  0.14607788E+000
  0.14607817E+000
  0.14607841E+000
  0.14607861E+000
  0.14607877E+000
  0.14607889E+000
  0.14607897E+000
  0.14607901E+000
  0.14607902E+000
  0.14607899E+000
  0.14607893E+000
  0.14607884E+000
  0.14607872E+000
  0.14607858E+000
  0.14607841E+000
  0.14607822E+000
  0.14607802E+000
  0.14607779E+000
  0.14607755E+000
  0.14607730E+000
  0.14607704E+000
  0.14607677E+000
  0.14607649E+000
  0.14607621E+000
  0.14607593E+000
  0.14607565E+000
  0.14607536E+000
  0.14607508E+000
  0.14607481E+000
  0.14607453E+000
  0.14607427E+000
  0.14607401E+000
  0.14607376E+000
  0.14607352E+000
  0.14607330E+000
  0.14607308E+000
  0.14607287E+000
  0.14607268E+000
  0.14607250E+000
  0.14607233E+000
  0.14607217E+000
  0.14607203E+000
  0.14607190E+000
  0.14607178E+000
  0.14607167E+000
  0.14607158E+000
  0.14607149E+000
  0.14607142E+000
  0.14607136E+000
  0.14607131E+000
  0.14607128E+000
  0.14607126E+000
  0.14607126E+000
  0.14607128E+000
  0.14607132E+000
  0.14607138E+000
  0.14607143E+000
  0.14607141E+000
  0.14607125E+000
  0.14607090E+000
  0.14607047E+000
  0.14607034E+000
  0.14607105E+000
  0.14607201E+000
  0.14606908E+000
  0.14606457E+000
