  0.89166706E+000
  0.89163214E+000
  0.89160761E+000
  0.89159028E+000
  0.89157827E+000
  0.89157021E+000
  0.89156513E+000
  0.89156233E+000
  0.89156129E+000
  0.89156161E+000
  0.89156300E+000
  0.89156523E+000
  0.89156810E+000
  0.89157147E+000
  0.89157521E+000
  0.89157924E+000
  0.89158346E+000
  0.89158782E+000
  0.89159226E+000
  0.89159675E+000
  0.89160124E+000
  0.89160572E+000
  0.89161016E+000
  0.89161453E+000
  0.89161883E+000
  0.89162305E+000
  0.89162717E+000
  0.89163118E+000
  0.89163507E+000
  0.89163885E+000
  0.89164250E+000
  0.89164602E+000
  0.89164941E+000
  0.89165266E+000
  0.89165577E+000
  0.89165873E+000
  0.89166156E+000
  0.89166423E+000
  0.89166675E+000
  0.89166912E+000
  0.89167134E+000
  0.89167341E+000
  0.89167532E+000
  0.89167707E+000
  0.89167867E+000
  0.89168012E+000
  0.89168141E+000
  0.89168256E+000
  0.89168355E+000
  0.89168439E+000
  0.89168510E+000
  0.89168566E+000
  0.89168609E+000
  0.89168640E+000
  0.89168658E+000
  0.89168664E+000
  0.89168659E+000
  0.89168645E+000
  0.89168621E+000
  0.89168588E+000
  0.89168547E+000
  0.89168500E+000
  0.89168446E+000
  0.89168386E+000
  0.89168322E+000
  0.89168254E+000
  0.89168182E+000
  0.89168108E+000
  0.89168032E+000
  0.89167953E+000
  0.89167874E+000
  0.89167794E+000
  0.89167713E+000
  0.89167633E+000
  0.89167553E+000
  0.89167474E+000
  0.89167396E+000
  0.89167319E+000
  0.89167244E+000
  0.89167170E+000
  0.89167099E+000
  0.89167030E+000
  0.89166963E+000
  0.89166900E+000
  0.89166839E+000
  0.89166781E+000
  0.89166726E+000
  0.89166675E+000
  0.89166627E+000
  0.89166582E+000
  0.89166541E+000
  0.89166504E+000
  0.89166470E+000
  0.89166439E+000
  0.89166412E+000
  0.89166388E+000
  0.89166368E+000
  0.89166351E+000
  0.89166336E+000
  0.89166325E+000
  0.89166316E+000
  0.89166310E+000
  0.89166306E+000
  0.89166305E+000
  0.89166305E+000
  0.89166307E+000
  0.89166311E+000
  0.89166316E+000
  0.89166322E+000
  0.89166329E+000
  0.89166337E+000
  0.89166346E+000
  0.89166356E+000
  0.89166366E+000
  0.89166376E+000
  0.89166386E+000
  0.89166396E+000
  0.89166406E+000
  0.89166416E+000
  0.89166425E+000
  0.89166434E+000
  0.89166442E+000
  0.89166450E+000
  0.89166457E+000
  0.89166463E+000
  0.89166468E+000
  0.89166473E+000
  0.89166476E+000
  0.89166478E+000
  0.89166480E+000
  0.89166480E+000
  0.89166479E+000
  0.89166477E+000
  0.89166474E+000
  0.89166470E+000
  0.89166465E+000
  0.89166459E+000
  0.89166451E+000
  0.89166443E+000
  0.89166434E+000
  0.89166424E+000
  0.89166413E+000
  0.89166401E+000
  0.89166389E+000
  0.89166375E+000
  0.89166362E+000
  0.89166347E+000
  0.89166332E+000
  0.89166317E+000
  0.89166302E+000
  0.89166286E+000
  0.89166270E+000
  0.89166254E+000
  0.89166237E+000
  0.89166221E+000
  0.89166205E+000
  0.89166189E+000
  0.89166173E+000
  0.89166158E+000
  0.89166142E+000
  0.89166127E+000
  0.89166113E+000
  0.89166099E+000
  0.89166086E+000
  0.89166073E+000
  0.89166060E+000
  0.89166049E+000
  0.89166037E+000
  0.89166027E+000
  0.89166018E+000
  0.89166009E+000
  0.89166001E+000
  0.89165993E+000
  0.89165987E+000
  0.89165981E+000
  0.89165976E+000
  0.89165972E+000
  0.89165969E+000
  0.89165966E+000
  0.89165965E+000
  0.89165964E+000
  0.89165965E+000
  0.89165966E+000
  0.89165968E+000
  0.89165971E+000
  0.89165976E+000
  0.89165981E+000
  0.89165988E+000
  0.89165996E+000
  0.89166005E+000
  0.89166015E+000
  0.89166025E+000
  0.89166035E+000
  0.89166044E+000
  0.89166053E+000
  0.89166066E+000
  0.89166087E+000
  0.89166116E+000
  0.89166125E+000
  0.89166097E+000
