  0.86221427E+000
  0.86181018E+000
  0.86151361E+000
  0.86129130E+000
  0.86112578E+000
  0.86100387E+000
  0.86091651E+000
  0.86085666E+000
  0.86081909E+000
  0.86079964E+000
  0.86079499E+000
  0.86080240E+000
  0.86081958E+000
  0.86084464E+000
  0.86087600E+000
  0.86091236E+000
  0.86095262E+000
  0.86099586E+000
  0.86104133E+000
  0.86108839E+000
  0.86113654E+000
  0.86118532E+000
  0.86123438E+000
  0.86128341E+000
  0.86133215E+000
  0.86138041E+000
  0.86142798E+000
  0.86147474E+000
  0.86152053E+000
  0.86156526E+000
  0.86160885E+000
  0.86165120E+000
  0.86169226E+000
  0.86173199E+000
  0.86177032E+000
  0.86180723E+000
  0.86184269E+000
  0.86187666E+000
  0.86190914E+000
  0.86194010E+000
  0.86196954E+000
  0.86199745E+000
  0.86202384E+000
  0.86204870E+000
  0.86207206E+000
  0.86209391E+000
  0.86211427E+000
  0.86213317E+000
  0.86215063E+000
  0.86216667E+000
  0.86218133E+000
  0.86219464E+000
  0.86220665E+000
  0.86221739E+000
  0.86222692E+000
  0.86223529E+000
  0.86224254E+000
  0.86224873E+000
  0.86225393E+000
  0.86225819E+000
  0.86226157E+000
  0.86226413E+000
  0.86226592E+000
  0.86226702E+000
  0.86226747E+000
  0.86226732E+000
  0.86226665E+000
  0.86226548E+000
  0.86226388E+000
  0.86226189E+000
  0.86225955E+000
  0.86225691E+000
  0.86225401E+000
  0.86225088E+000
  0.86224758E+000
  0.86224412E+000
  0.86224055E+000
  0.86223691E+000
  0.86223321E+000
  0.86222950E+000
  0.86222581E+000
  0.86222216E+000
  0.86221857E+000
  0.86221508E+000
  0.86221170E+000
  0.86220846E+000
  0.86220536E+000
  0.86220244E+000
  0.86219970E+000
  0.86219715E+000
  0.86219480E+000
  0.86219267E+000
  0.86219075E+000
  0.86218905E+000
  0.86218757E+000
  0.86218631E+000
  0.86218527E+000
  0.86218444E+000
  0.86218382E+000
  0.86218341E+000
  0.86218318E+000
  0.86218315E+000
  0.86218329E+000
  0.86218359E+000
  0.86218405E+000
  0.86218465E+000
  0.86218538E+000
  0.86218623E+000
  0.86218719E+000
  0.86218825E+000
  0.86218939E+000
  0.86219060E+000
  0.86219188E+000
  0.86219320E+000
  0.86219457E+000
  0.86219597E+000
  0.86219740E+000
  0.86219883E+000
  0.86220027E+000
  0.86220171E+000
  0.86220313E+000
  0.86220453E+000
  0.86220591E+000
  0.86220725E+000
  0.86220855E+000
  0.86220980E+000
  0.86221101E+000
  0.86221216E+000
  0.86221325E+000
  0.86221427E+000
  0.86221523E+000
  0.86221613E+000
  0.86221695E+000
  0.86221771E+000
  0.86221839E+000
  0.86221900E+000
  0.86221954E+000
  0.86222001E+000
  0.86222041E+000
  0.86222074E+000
  0.86222101E+000
  0.86222121E+000
  0.86222135E+000
  0.86222143E+000
  0.86222145E+000
  0.86222142E+000
  0.86222133E+000
  0.86222121E+000
  0.86222103E+000
  0.86222082E+000
  0.86222057E+000
  0.86222029E+000
  0.86221998E+000
  0.86221965E+000
  0.86221929E+000
  0.86221891E+000
  0.86221852E+000
  0.86221812E+000
  0.86221771E+000
  0.86221729E+000
  0.86221687E+000
  0.86221646E+000
  0.86221604E+000
  0.86221563E+000
  0.86221523E+000
  0.86221484E+000
  0.86221446E+000
  0.86221409E+000
  0.86221374E+000
  0.86221340E+000
  0.86221308E+000
  0.86221278E+000
  0.86221250E+000
  0.86221224E+000
  0.86221200E+000
  0.86221178E+000
  0.86221158E+000
  0.86221140E+000
  0.86221124E+000
  0.86221111E+000
  0.86221099E+000
  0.86221089E+000
  0.86221082E+000
  0.86221076E+000
  0.86221073E+000
  0.86221072E+000
  0.86221075E+000
  0.86221081E+000
  0.86221090E+000
  0.86221101E+000
  0.86221112E+000
  0.86221115E+000
  0.86221104E+000
  0.86221073E+000
  0.86221031E+000
  0.86221011E+000
  0.86221054E+000
  0.86221128E+000
  0.86220941E+000
  0.86220463E+000
