  0.81994491E+000
  0.81994833E+000
  0.81995029E+000
  0.81995136E+000
  0.81995187E+000
  0.81995202E+000
  0.81995193E+000
  0.81995170E+000
  0.81995137E+000
  0.81995097E+000
  0.81995054E+000
  0.81995009E+000
  0.81994963E+000
  0.81994917E+000
  0.81994872E+000
  0.81994828E+000
  0.81994785E+000
  0.81994743E+000
  0.81994702E+000
  0.81994664E+000
  0.81994626E+000
  0.81994590E+000
  0.81994556E+000
  0.81994522E+000
  0.81994490E+000
  0.81994459E+000
  0.81994429E+000
  0.81994400E+000
  0.81994372E+000
  0.81994345E+000
  0.81994319E+000
  0.81994294E+000
  0.81994269E+000
  0.81994245E+000
  0.81994222E+000
  0.81994199E+000
  0.81994177E+000
  0.81994156E+000
  0.81994135E+000
  0.81994115E+000
  0.81994095E+000
  0.81994076E+000
  0.81994057E+000
  0.81994039E+000
  0.81994022E+000
  0.81994005E+000
  0.81993989E+000
  0.81993974E+000
  0.81993959E+000
  0.81993945E+000
  0.81993932E+000
  0.81993920E+000
  0.81993908E+000
  0.81993897E+000
  0.81993887E+000
  0.81993878E+000
  0.81993870E+000
  0.81993862E+000
  0.81993856E+000
  0.81993850E+000
  0.81993845E+000
  0.81993840E+000
  0.81993837E+000
  0.81993834E+000
  0.81993832E+000
  0.81993831E+000
  0.81993830E+000
  0.81993830E+000
  0.81993831E+000
  0.81993833E+000
  0.81993835E+000
  0.81993837E+000
  0.81993840E+000
  0.81993844E+000
  0.81993847E+000
  0.81993852E+000
  0.81993856E+000
  0.81993861E+000
  0.81993866E+000
  0.81993871E+000
  0.81993876E+000
  0.81993882E+000
  0.81993887E+000
  0.81993892E+000
  0.81993897E+000
  0.81993901E+000
  0.81993906E+000
  0.81993910E+000
  0.81993913E+000
  0.81993917E+000
  0.81993919E+000
  0.81993921E+000
  0.81993923E+000
  0.81993924E+000
  0.81993924E+000
  0.81993924E+000
  0.81993923E+000
  0.81993921E+000
  0.81993919E+000
  0.81993916E+000
  0.81993912E+000
  0.81993907E+000
  0.81993902E+000
  0.81993896E+000
  0.81993889E+000
  0.81993882E+000
  0.81993874E+000
  0.81993865E+000
  0.81993856E+000
  0.81993846E+000
  0.81993836E+000
  0.81993825E+000
  0.81993814E+000
  0.81993802E+000
  0.81993789E+000
  0.81993777E+000
  0.81993764E+000
  0.81993750E+000
  0.81993737E+000
  0.81993723E+000
  0.81993708E+000
  0.81993694E+000
  0.81993679E+000
  0.81993664E+000
  0.81993650E+000
  0.81993634E+000
  0.81993619E+000
  0.81993604E+000
  0.81993589E+000
  0.81993574E+000
  0.81993559E+000
  0.81993543E+000
  0.81993528E+000
  0.81993513E+000
  0.81993499E+000
  0.81993484E+000
  0.81993469E+000
  0.81993455E+000
  0.81993441E+000
  0.81993427E+000
  0.81993413E+000
  0.81993399E+000
  0.81993386E+000
  0.81993373E+000
  0.81993360E+000
  0.81993347E+000
  0.81993335E+000
  0.81993323E+000
  0.81993311E+000
  0.81993300E+000
  0.81993289E+000
  0.81993278E+000
  0.81993267E+000
  0.81993257E+000
  0.81993248E+000
  0.81993238E+000
  0.81993229E+000
  0.81993220E+000
  0.81993212E+000
  0.81993204E+000
  0.81993197E+000
  0.81993189E+000
  0.81993183E+000
  0.81993176E+000
  0.81993170E+000
  0.81993164E+000
  0.81993159E+000
  0.81993154E+000
  0.81993150E+000
  0.81993146E+000
  0.81993142E+000
  0.81993139E+000
  0.81993136E+000
  0.81993134E+000
  0.81993132E+000
  0.81993130E+000
  0.81993129E+000
  0.81993129E+000
  0.81993129E+000
  0.81993129E+000
  0.81993130E+000
  0.81993132E+000
  0.81993134E+000
  0.81993137E+000
  0.81993140E+000
  0.81993145E+000
  0.81993150E+000
  0.81993155E+000
  0.81993162E+000
  0.81993169E+000
  0.81993178E+000
  0.81993188E+000
  0.81993199E+000
  0.81993211E+000
  0.81993225E+000
  0.81993240E+000
  0.81993256E+000
  0.81993272E+000
  0.81993291E+000
  0.81993311E+000
