  0.41883531E+000
  0.41797046E+000
  0.41730207E+000
  0.41678326E+000
  0.41637422E+000
  0.41604374E+000
  0.41577415E+000
  0.41555503E+000
  0.41537262E+000
  0.41522343E+000
  0.41509648E+000
  0.41499216E+000
  0.41490628E+000
  0.41483209E+000
  0.41477160E+000
  0.41472135E+000
  0.41467805E+000
  0.41464191E+000
  0.41461095E+000
  0.41458667E+000
  0.41456438E+000
  0.41454631E+000
  0.41453088E+000
  0.41451752E+000
  0.41450635E+000
  0.41449802E+000
  0.41449019E+000
  0.41448498E+000
  0.41447868E+000
  0.41447398E+000
  0.41447054E+000
  0.41446764E+000
  0.41446472E+000
  0.41446274E+000
  0.41446064E+000
  0.41445879E+000
  0.41445725E+000
  0.41445641E+000
  0.41445609E+000
  0.41445519E+000
  0.41445442E+000
  0.41445366E+000
  0.41445291E+000
  0.41445253E+000
  0.41445220E+000
  0.41445192E+000
  0.41445156E+000
  0.41445104E+000
  0.41445070E+000
  0.41445039E+000
  0.41445018E+000
  0.41445055E+000
  0.41445080E+000
  0.41445079E+000
  0.41445058E+000
  0.41445052E+000
  0.41445039E+000
  0.41445050E+000
  0.41445037E+000
  0.41445051E+000
  0.41445069E+000
  0.41445148E+000
  0.41445151E+000
  0.41445186E+000
  0.41445315E+000
  0.41445332E+000
  0.41445380E+000
  0.41445405E+000
  0.41445437E+000
  0.41445458E+000
  0.41445510E+000
  0.41445526E+000
  0.41445538E+000
  0.41445590E+000
  0.41445634E+000
  0.41445641E+000
  0.41445680E+000
  0.41445715E+000
  0.41445745E+000
  0.41445722E+000
  0.41445753E+000
  0.41445776E+000
  0.41445797E+000
  0.41445816E+000
  0.41445822E+000
  0.41445837E+000
  0.41445861E+000
  0.41445872E+000
  0.41445923E+000
  0.41445948E+000
  0.41445966E+000
  0.41445993E+000
  0.41446038E+000
  0.41446097E+000
  0.41446113E+000
  0.41446132E+000
  0.41446139E+000
  0.41446155E+000
  0.41446169E+000
  0.41446176E+000
  0.41446188E+000
  0.41446198E+000
  0.41446206E+000
  0.41446213E+000
  0.41446213E+000
  0.41446211E+000
  0.41446212E+000
  0.41446212E+000
  0.41446210E+000
  0.41446215E+000
  0.41446209E+000
  0.41446218E+000
  0.41446212E+000
  0.41446205E+000
  0.41446200E+000
  0.41446198E+000
  0.41446192E+000
  0.41446188E+000
  0.41446197E+000
  0.41446196E+000
  0.41446189E+000
  0.41446177E+000
  0.41446165E+000
  0.41446153E+000
  0.41446143E+000
  0.41446133E+000
  0.41446114E+000
  0.41446113E+000
  0.41446102E+000
  0.41446094E+000
  0.41446082E+000
  0.41446072E+000
  0.41446060E+000
  0.41446049E+000
  0.41446037E+000
  0.41446025E+000
  0.41446014E+000
  0.41446005E+000
  0.41445994E+000
  0.41445984E+000
  0.41445974E+000
  0.41445963E+000
  0.41445953E+000
  0.41445944E+000
  0.41445935E+000
  0.41445926E+000
  0.41445917E+000
  0.41445908E+000
  0.41445900E+000
  0.41445893E+000
  0.41445886E+000
  0.41445879E+000
  0.41445872E+000
  0.41445869E+000
  0.41445862E+000
  0.41445859E+000
  0.41445853E+000
  0.41445850E+000
  0.41445853E+000
  0.41445849E+000
  0.41445845E+000
  0.41445840E+000
  0.41445837E+000
  0.41445837E+000
  0.41445834E+000
  0.41445833E+000
  0.41445830E+000
  0.41445828E+000
  0.41445817E+000
  0.41445816E+000
  0.41445814E+000
  0.41445815E+000
  0.41445815E+000
  0.41445813E+000
  0.41445812E+000
  0.41445812E+000
  0.41445812E+000
  0.41445812E+000
  0.41445813E+000
  0.41445813E+000
  0.41445814E+000
  0.41445815E+000
  0.41445816E+000
  0.41445817E+000
  0.41445819E+000
  0.41445821E+000
  0.41445822E+000
  0.41445824E+000
  0.41445822E+000
  0.41445824E+000
  0.41445826E+000
  0.41445829E+000
  0.41445830E+000
  0.41445831E+000
  0.41445833E+000
  0.41445838E+000
  0.41445834E+000
  0.41445830E+000
  0.41445761E+000
  0.41445741E+000
