  0.30972367E+000
  0.30984610E+000
  0.31000935E+000
  0.31016415E+000
  0.31030127E+000
  0.31041888E+000
  0.31052170E+000
  0.31060929E+000
  0.31068459E+000
  0.31074925E+000
  0.31080251E+000
  0.31084956E+000
  0.31089014E+000
  0.31092385E+000
  0.31095393E+000
  0.31097914E+000
  0.31100122E+000
  0.31101996E+000
  0.31103637E+000
  0.31105111E+000
  0.31106347E+000
  0.31107433E+000
  0.31108377E+000
  0.31109192E+000
  0.31109882E+000
  0.31110489E+000
  0.31111006E+000
  0.31111489E+000
  0.31111899E+000
  0.31112282E+000
  0.31112602E+000
  0.31112866E+000
  0.31113099E+000
  0.31113337E+000
  0.31113521E+000
  0.31113673E+000
  0.31113816E+000
  0.31113927E+000
  0.31114010E+000
  0.31114087E+000
  0.31114160E+000
  0.31114205E+000
  0.31114238E+000
  0.31114255E+000
  0.31114273E+000
  0.31114285E+000
  0.31114291E+000
  0.31114293E+000
  0.31114280E+000
  0.31114251E+000
  0.31114224E+000
  0.31114191E+000
  0.31114157E+000
  0.31114118E+000
  0.31114112E+000
  0.31114057E+000
  0.31114023E+000
  0.31113991E+000
  0.31113940E+000
  0.31113905E+000
  0.31113864E+000
  0.31113823E+000
  0.31113800E+000
  0.31113768E+000
  0.31113726E+000
  0.31113691E+000
  0.31113655E+000
  0.31113621E+000
  0.31113596E+000
  0.31113584E+000
  0.31113560E+000
  0.31113541E+000
  0.31113534E+000
  0.31113513E+000
  0.31113494E+000
  0.31113483E+000
  0.31113479E+000
  0.31113476E+000
  0.31113468E+000
  0.31113471E+000
  0.31113476E+000
  0.31113480E+000
  0.31113477E+000
  0.31113485E+000
  0.31113491E+000
  0.31113501E+000
  0.31113511E+000
  0.31113528E+000
  0.31113546E+000
  0.31113561E+000
  0.31113578E+000
  0.31113594E+000
  0.31113612E+000
  0.31113630E+000
  0.31113653E+000
  0.31113672E+000
  0.31113693E+000
  0.31113711E+000
  0.31113729E+000
  0.31113747E+000
  0.31113754E+000
  0.31113772E+000
  0.31113788E+000
  0.31113804E+000
  0.31113816E+000
  0.31113827E+000
  0.31113839E+000
  0.31113853E+000
  0.31113856E+000
  0.31113863E+000
  0.31113871E+000
  0.31113877E+000
  0.31113887E+000
  0.31113894E+000
  0.31113897E+000
  0.31113899E+000
  0.31113899E+000
  0.31113896E+000
  0.31113896E+000
  0.31113889E+000
  0.31113887E+000
  0.31113883E+000
  0.31113879E+000
  0.31113872E+000
  0.31113867E+000
  0.31113862E+000
  0.31113856E+000
  0.31113848E+000
  0.31113839E+000
  0.31113830E+000
  0.31113819E+000
  0.31113809E+000
  0.31113798E+000
  0.31113774E+000
  0.31113764E+000
  0.31113753E+000
  0.31113740E+000
  0.31113729E+000
  0.31113718E+000
  0.31113706E+000
  0.31113694E+000
  0.31113684E+000
  0.31113673E+000
  0.31113661E+000
  0.31113650E+000
  0.31113651E+000
  0.31113641E+000
  0.31113632E+000
  0.31113622E+000
  0.31113612E+000
  0.31113603E+000
  0.31113593E+000
  0.31113585E+000
  0.31113576E+000
  0.31113567E+000
  0.31113560E+000
  0.31113553E+000
  0.31113544E+000
  0.31113537E+000
  0.31113530E+000
  0.31113525E+000
  0.31113520E+000
  0.31113517E+000
  0.31113512E+000
  0.31113510E+000
  0.31113507E+000
  0.31113505E+000
  0.31113504E+000
  0.31113502E+000
  0.31113502E+000
  0.31113501E+000
  0.31113500E+000
  0.31113499E+000
  0.31113499E+000
  0.31113499E+000
  0.31113499E+000
  0.31113500E+000
  0.31113500E+000
  0.31113501E+000
  0.31113502E+000
  0.31113504E+000
  0.31113506E+000
  0.31113508E+000
  0.31113511E+000
  0.31113513E+000
  0.31113517E+000
  0.31113520E+000
  0.31113524E+000
  0.31113528E+000
  0.31113533E+000
  0.31113537E+000
  0.31113546E+000
  0.31113551E+000
  0.31113556E+000
  0.31113567E+000
  0.31113579E+000
  0.31113589E+000
  0.31113600E+000
  0.31113555E+000
  0.31113604E+000
