  0.31462250E+000  0.34053354E+000  0.45004982E+000  0.60268555E+000  0.78327737E+000  0.87288896E+000  0.11776793E+001  0.17304610E+001  0.23655322E+001  0.35345196E+001  0.54047301E+001
  0.31370885E+000  0.34039977E+000  0.44978477E+000  0.60149381E+000  0.78274209E+000  0.87215731E+000  0.11770890E+001  0.17294863E+001  0.23645322E+001  0.35329966E+001  0.54044851E+001
  0.31297342E+000  0.34025286E+000  0.44955963E+000  0.60056299E+000  0.78230151E+000  0.87158599E+000  0.11765194E+001  0.17282695E+001  0.23636836E+001  0.35317196E+001  0.53908915E+001
  0.31236585E+000  0.34011735E+000  0.44936785E+000  0.59976417E+000  0.78192630E+000  0.87110218E+000  0.11760423E+001  0.17277066E+001  0.23629636E+001  0.35307098E+001  0.53902132E+001
  0.31187613E+000  0.33999369E+000  0.44920423E+000  0.59920598E+000  0.78160887E+000  0.87068364E+000  0.11756372E+001  0.17281216E+001  0.23623484E+001  0.35297705E+001  0.53900577E+001
  0.31146235E+000  0.33988438E+000  0.44906453E+000  0.59870590E+000  0.78134330E+000  0.87034707E+000  0.11752925E+001  0.17283857E+001  0.23618237E+001  0.35290083E+001  0.54029638E+001
  0.31111561E+000  0.33979067E+000  0.44894518E+000  0.59829130E+000  0.78110430E+000  0.87006481E+000  0.11749984E+001  0.17281691E+001  0.23612510E+001  0.35284124E+001  0.54021608E+001
  0.31082407E+000  0.33971031E+000  0.44884316E+000  0.59794580E+000  0.78090310E+000  0.86982710E+000  0.11747544E+001  0.17279363E+001  0.23609733E+001  0.35279649E+001  0.54017786E+001
  0.31057833E+000  0.33964133E+000  0.44875666E+000  0.59765676E+000  0.78073560E+000  0.86961673E+000  0.11745362E+001  0.17276161E+001  0.23605958E+001  0.35276172E+001  0.54014618E+001
  0.31037108E+000  0.33958207E+000  0.44868233E+000  0.59741473E+000  0.78059507E+000  0.86943909E+000  0.11743541E+001  0.17274284E+001  0.23603308E+001  0.35270050E+001  0.54011978E+001
  0.31019598E+000  0.33953106E+000  0.44861850E+000  0.59721149E+000  0.78046869E+000  0.86929246E+000  0.11742035E+001  0.17272635E+001  0.23601033E+001  0.35269077E+001  0.54009769E+001
  0.31004793E+000  0.33948709E+000  0.44856770E+000  0.59704057E+000  0.78036543E+000  0.86919689E+000  0.11740651E+001  0.17271204E+001  0.23599080E+001  0.35266748E+001  0.54007914E+001
  0.30967889E+000  0.33944912E+000  0.44852563E+000  0.59689671E+000  0.78027322E+000  0.86908422E+000  0.11739509E+001  0.17269934E+001  0.23597421E+001  0.35264345E+001  0.54006351E+001
  0.30981666E+000  0.33941625E+000  0.44848889E+000  0.59677547E+000  0.78019668E+000  0.86898657E+000  0.11738528E+001  0.17268483E+001  0.23595647E+001  0.35262134E+001  0.54005032E+001
  0.30972694E+000  0.33938774E+000  0.44846027E+000  0.59667329E+000  0.78013004E+000  0.86892879E+000  0.11737685E+001  0.17267603E+001  0.23594441E+001  0.35260393E+001  0.54013925E+001
  0.30965099E+000  0.33936293E+000  0.44843490E+000  0.59658712E+000  0.78007275E+000  0.86885524E+000  0.11736960E+001  0.17266824E+001  0.23593403E+001  0.35258706E+001  0.54013499E+001
  0.30958669E+000  0.33934130E+000  0.44841273E+000  0.59651438E+000  0.78002344E+000  0.86881372E+000  0.11736348E+001  0.17266138E+001  0.23592510E+001  0.35257460E+001  0.54012578E+001
  0.30953223E+000  0.33932237E+000  0.44838125E+000  0.59645293E+000  0.77998096E+000  0.86875424E+000  0.11735900E+001  0.17265534E+001  0.23591545E+001  0.35256383E+001  0.54011799E+001
  0.30948614E+000  0.33930584E+000  0.44834507E+000  0.59640103E+000  0.77994283E+000  0.86871878E+000  0.11735445E+001  0.17264544E+001  0.23590854E+001  0.35255452E+001  0.54011141E+001
  0.30935063E+000  0.33929193E+000  0.44832860E+000  0.59635722E+000  0.77990969E+000  0.86869016E+000  0.11735095E+001  0.17264112E+001  0.23590254E+001  0.35254646E+001  0.54010584E+001
  0.30932752E+000  0.33927966E+000  0.44831433E+000  0.59632028E+000  0.77988085E+000  0.86866838E+000  0.11734598E+001  0.17263731E+001  0.23589732E+001  0.35253947E+001  0.54010114E+001
  0.30938643E+000  0.33926878E+000  0.44830195E+000  0.59624728E+000  0.77985570E+000  0.86864986E+000  0.11734366E+001  0.17263395E+001  0.23589275E+001  0.35253008E+001  0.54009717E+001
  0.30936299E+000  0.33925909E+000  0.44829117E+000  0.59623451E+000  0.77983373E+000  0.86863407E+000  0.11734172E+001  0.17263099E+001  0.23588876E+001  0.35252461E+001  0.54009382E+001
  0.30934326E+000  0.33925043E+000  0.44828176E+000  0.59624084E+000  0.77981449E+000  0.86860590E+000  0.11734012E+001  0.17262836E+001  0.23588176E+001  0.35251986E+001  0.54009099E+001
  0.30932666E+000  0.33924264E+000  0.44827350E+000  0.59622229E+000  0.77979785E+000  0.86859205E+000  0.11733845E+001  0.17262601E+001  0.23587865E+001  0.35251570E+001  0.54008860E+001
  0.30931272E+000  0.33923558E+000  0.44826622E+000  0.59620672E+000  0.77978353E+000  0.86858010E+000  0.11733451E+001  0.17262391E+001  0.23587589E+001  0.35251205E+001  0.54008659E+001
  0.30930101E+000  0.33922915E+000  0.44825977E+000  0.59619364E+000  0.77977096E+000  0.86856974E+000  0.11733334E+001  0.17262201E+001  0.23587341E+001  0.35250883E+001  0.54008489E+001
  0.30929120E+000  0.33922325E+000  0.44825401E+000  0.59618265E+000  0.77975986E+000  0.86856070E+000  0.11733230E+001  0.17262028E+001  0.23587118E+001  0.35250595E+001  0.54008346E+001
  0.30928296E+000  0.33920764E+000  0.44824882E+000  0.59617340E+000  0.77975002E+000  0.86855276E+000  0.11733017E+001  0.17261870E+001  0.23586913E+001  0.35250336E+001  0.54008224E+001
  0.30927602E+000  0.33919604E+000  0.44824412E+000  0.59616559E+000  0.77974122E+000  0.86854573E+000  0.11732825E+001  0.17261724E+001  0.23586726E+001  0.35250101E+001  0.54008121E+001
  0.30927019E+000  0.33918489E+000  0.44823980E+000  0.59615900E+000  0.77973332E+000  0.86853943E+000  0.11732735E+001  0.17261587E+001  0.23586551E+001  0.35249885E+001  0.54008032E+001
  0.30926524E+000  0.33917417E+000  0.44823580E+000  0.59615336E+000  0.77972617E+000  0.86853374E+000  0.11732650E+001  0.17261458E+001  0.23586386E+001  0.35249686E+001  0.54007956E+001
  0.30926103E+000  0.33916384E+000  0.44823207E+000  0.59614852E+000  0.77971964E+000  0.86852852E+000  0.11732575E+001  0.17261335E+001  0.23586231E+001  0.35249498E+001  0.54007889E+001
  0.30925741E+000  0.33915388E+000  0.44822853E+000  0.59614434E+000  0.77971363E+000  0.86852369E+000  0.11732505E+001  0.17261217E+001  0.23586081E+001  0.35249321E+001  0.54007830E+001
  0.30925428E+000  0.33914427E+000  0.44822516E+000  0.59614069E+000  0.77970352E+000  0.86851917E+000  0.11732386E+001  0.17261102E+001  0.23585937E+001  0.35249150E+001  0.54007778E+001
  0.30925152E+000  0.33913499E+000  0.44822192E+000  0.59613746E+000  0.77969906E+000  0.86851488E+000  0.11732315E+001  0.17260990E+001  0.23585796E+001  0.35248986E+001  0.54007730E+001
  0.30924907E+000  0.33912603E+000  0.44821877E+000  0.59613457E+000  0.77969484E+000  0.86851077E+000  0.11732247E+001  0.17260880E+001  0.23585658E+001  0.35248826E+001  0.54007685E+001
  0.30924686E+000  0.33911737E+000  0.44821570E+000  0.59613195E+000  0.77969081E+000  0.86850679E+000  0.11732180E+001  0.17260772E+001  0.23585521E+001  0.35248668E+001  0.54007644E+001
  0.30924482E+000  0.33910900E+000  0.44821267E+000  0.59612953E+000  0.77968693E+000  0.86850291E+000  0.11732115E+001  0.17260664E+001  0.23585386E+001  0.35248512E+001  0.54007604E+001
  0.30924292E+000  0.33910091E+000  0.44820969E+000  0.59612727E+000  0.77968316E+000  0.86849911E+000  0.11732050E+001  0.17260556E+001  0.23585251E+001  0.35248358E+001  0.54007566E+001
  0.30924112E+000  0.33909308E+000  0.44820674E+000  0.59612514E+000  0.77967949E+000  0.86849535E+000  0.11731986E+001  0.17260449E+001  0.23585116E+001  0.35248204E+001  0.54007528E+001
  0.30923939E+000  0.33908553E+000  0.44820381E+000  0.59612310E+000  0.77967588E+000  0.86849162E+000  0.11731923E+001  0.17260342E+001  0.23584982E+001  0.35248050E+001  0.54007491E+001
  0.30923771E+000  0.33907822E+000  0.44820089E+000  0.59612113E+000  0.77967234E+000  0.86848792E+000  0.11731955E+001  0.17260235E+001  0.23584847E+001  0.35247897E+001  0.54007455E+001
  0.30923606E+000  0.33907117E+000  0.44819800E+000  0.59611921E+000  0.77966885E+000  0.86848424E+000  0.11731896E+001  0.17260129E+001  0.23584712E+001  0.35247743E+001  0.54007418E+001
  0.30923444E+000  0.33906436E+000  0.44819511E+000  0.59611733E+000  0.77966540E+000  0.86848057E+000  0.11731836E+001  0.17260022E+001  0.23584578E+001  0.35247589E+001  0.54007382E+001
  0.30923284E+000  0.33905780E+000  0.44819225E+000  0.59611549E+000  0.77966200E+000  0.86847691E+000  0.11731776E+001  0.17259916E+001  0.23584443E+001  0.35247435E+001  0.54007346E+001
  0.30923125E+000  0.33905147E+000  0.44818940E+000  0.59611367E+000  0.77965864E+000  0.86847327E+000  0.11731717E+001  0.17259810E+001  0.23584309E+001  0.35247281E+001  0.54007309E+001
  0.30922966E+000  0.33904537E+000  0.44818658E+000  0.59611187E+000  0.77965532E+000  0.86846965E+000  0.11731658E+001  0.17259704E+001  0.23584175E+001  0.35247128E+001  0.54007274E+001
  0.30922808E+000  0.33903951E+000  0.44818378E+000  0.59611009E+000  0.77965204E+000  0.86846605E+000  0.11731599E+001  0.17259600E+001  0.23584042E+001  0.35246974E+001  0.54007238E+001
  0.30922651E+000  0.33903388E+000  0.44818102E+000  0.59610832E+000  0.77964881E+000  0.86846248E+000  0.11731540E+001  0.17259496E+001  0.23583910E+001  0.35246822E+001  0.54007203E+001
  0.30922495E+000  0.33902848E+000  0.44817829E+000  0.59610353E+000  0.77964563E+000  0.86845894E+000  0.11731499E+001  0.17259398E+001  0.23583779E+001  0.35246670E+001  0.54007168E+001
  0.30922340E+000  0.33902330E+000  0.44817559E+000  0.59610155E+000  0.77964250E+000  0.86845543E+000  0.11731441E+001  0.17259302E+001  0.23583657E+001  0.35246519E+001  0.54007133E+001
  0.30922185E+000  0.33901910E+000  0.44817294E+000  0.59609959E+000  0.77963943E+000  0.86845197E+000  0.11731385E+001  0.17259207E+001  0.23583546E+001  0.35246369E+001  0.54007099E+001
  0.30922033E+000  0.33901678E+000  0.44817034E+000  0.59609765E+000  0.77963641E+000  0.86844856E+000  0.11731329E+001  0.17259114E+001  0.23583436E+001  0.35246221E+001  0.54007066E+001
  0.30921882E+000  0.33901450E+000  0.44816779E+000  0.59606797E+000  0.77963345E+000  0.86847810E+000  0.11731273E+001  0.17259022E+001  0.23583328E+001  0.35246075E+001  0.54007034E+001
  0.30921733E+000  0.33901226E+000  0.44816529E+000  0.59609798E+000  0.77963056E+000  0.86847487E+000  0.11731219E+001  0.17258932E+001  0.23583221E+001  0.35245931E+001  0.54007003E+001
  0.30921586E+000  0.33901008E+000  0.44816284E+000  0.59609630E+000  0.77962773E+000  0.86847169E+000  0.11731166E+001  0.17258844E+001  0.23583117E+001  0.35245789E+001  0.54006973E+001
  0.30921441E+000  0.33900795E+000  0.44816045E+000  0.59609465E+000  0.77962497E+000  0.86846857E+000  0.11731114E+001  0.17258758E+001  0.23583014E+001  0.35245649E+001  0.54006943E+001
  0.30921299E+000  0.33900586E+000  0.44815811E+000  0.59609301E+000  0.77962227E+000  0.86846550E+000  0.11731063E+001  0.17258674E+001  0.23582913E+001  0.35245512E+001  0.54006915E+001
  0.30921160E+000  0.33900384E+000  0.44815584E+000  0.59609139E+000  0.77961964E+000  0.86846248E+000  0.11731013E+001  0.17258592E+001  0.23582815E+001  0.35245377E+001  0.54006887E+001
  0.30921024E+000  0.33900186E+000  0.44815362E+000  0.59608979E+000  0.77961708E+000  0.86845953E+000  0.11730964E+001  0.17258512E+001  0.23582718E+001  0.35245246E+001  0.54006861E+001
  0.30920891E+000  0.33899994E+000  0.44815146E+000  0.59608822E+000  0.77961458E+000  0.86845664E+000  0.11730916E+001  0.17258433E+001  0.23582624E+001  0.35245117E+001  0.54006835E+001
  0.30920760E+000  0.33899807E+000  0.44814935E+000  0.59608666E+000  0.77961216E+000  0.86845381E+000  0.11730869E+001  0.17258357E+001  0.23582532E+001  0.35244991E+001  0.54006811E+001
  0.30920634E+000  0.33899625E+000  0.44814731E+000  0.59608514E+000  0.77960979E+000  0.86845104E+000  0.11730824E+001  0.17258283E+001  0.23582442E+001  0.35244868E+001  0.54006787E+001
  0.30920510E+000  0.33899449E+000  0.44814531E+000  0.59608364E+000  0.77960750E+000  0.86844834E+000  0.11730779E+001  0.17258210E+001  0.23582354E+001  0.35244748E+001  0.54006764E+001
  0.30920390E+000  0.33899277E+000  0.44814337E+000  0.59608217E+000  0.77960527E+000  0.86844571E+000  0.11730736E+001  0.17258139E+001  0.23582268E+001  0.35244631E+001  0.54006742E+001
  0.30920273E+000  0.33899110E+000  0.44814149E+000  0.59608074E+000  0.77960311E+000  0.86844315E+000  0.11730694E+001  0.17258070E+001  0.23582184E+001  0.35244518E+001  0.54006721E+001
  0.30920160E+000  0.33898948E+000  0.44813965E+000  0.59607934E+000  0.77960101E+000  0.86844066E+000  0.11730653E+001  0.17258003E+001  0.23582103E+001  0.35244407E+001  0.54006700E+001
  0.30920050E+000  0.33898791E+000  0.44813787E+000  0.59607798E+000  0.77959898E+000  0.86843824E+000  0.11730613E+001  0.17257937E+001  0.23582024E+001  0.35244300E+001  0.54006680E+001
  0.30919943E+000  0.33898639E+000  0.44813614E+000  0.59607665E+000  0.77959701E+000  0.86843589E+000  0.11730574E+001  0.17257873E+001  0.23581872E+001  0.35244196E+001  0.54006661E+001
  0.30919840E+000  0.33898491E+000  0.44813447E+000  0.59607537E+000  0.77959512E+000  0.86843363E+000  0.11730537E+001  0.17257811E+001  0.23581804E+001  0.35244095E+001  0.54006642E+001
  0.30919740E+000  0.33898348E+000  0.44813285E+000  0.59607413E+000  0.77959329E+000  0.86843144E+000  0.11730501E+001  0.17257751E+001  0.23581738E+001  0.35243998E+001  0.54006624E+001
  0.30919644E+000  0.33898210E+000  0.44813128E+000  0.59607293E+000  0.77959153E+000  0.86842933E+000  0.11730466E+001  0.17257693E+001  0.23581675E+001  0.35243904E+001  0.54006606E+001
  0.30919551E+000  0.33898078E+000  0.44812977E+000  0.59607179E+000  0.77958984E+000  0.86842731E+000  0.11730433E+001  0.17257636E+001  0.23581366E+001  0.35243814E+001  0.54006589E+001
  0.30919463E+000  0.33897950E+000  0.44812832E+000  0.59607069E+000  0.77958823E+000  0.86842538E+000  0.11730401E+001  0.17257582E+001  0.23581293E+001  0.35243728E+001  0.54006573E+001
  0.30919377E+000  0.33897828E+000  0.44812693E+000  0.59606963E+000  0.77958668E+000  0.86842354E+000  0.11730370E+001  0.17257530E+001  0.23581224E+001  0.35243645E+001  0.54006557E+001
  0.30919296E+000  0.33897711E+000  0.44812560E+000  0.59606863E+000  0.77958522E+000  0.86842179E+000  0.11730341E+001  0.17257480E+001  0.23581158E+001  0.35243566E+001  0.54006541E+001
  0.30919218E+000  0.33897599E+000  0.44812433E+000  0.59606768E+000  0.77958382E+000  0.86842014E+000  0.11730314E+001  0.17257433E+001  0.23581095E+001  0.35243491E+001  0.54006527E+001
  0.30919143E+000  0.33897494E+000  0.44812313E+000  0.59606677E+000  0.77958251E+000  0.86841858E+000  0.11730288E+001  0.17257388E+001  0.23581037E+001  0.35243421E+001  0.54006513E+001
  0.30919073E+000  0.33897394E+000  0.44812200E+000  0.59606592E+000  0.77958127E+000  0.86841712E+000  0.11730264E+001  0.17257346E+001  0.23580982E+001  0.35243354E+001  0.54006499E+001
  0.30919006E+000  0.33897300E+000  0.44812093E+000  0.59606511E+000  0.77958011E+000  0.86841577E+000  0.11730241E+001  0.17257307E+001  0.23580930E+001  0.35243292E+001  0.54006487E+001
  0.30918943E+000  0.33897213E+000  0.44811994E+000  0.59606436E+000  0.77957902E+000  0.86841451E+000  0.11730220E+001  0.17259186E+001  0.23580883E+001  0.35243234E+001  0.54006475E+001
  0.30918884E+000  0.33897131E+000  0.44808153E+000  0.59606365E+000  0.77957801E+000  0.86841336E+000  0.11730201E+001  0.17259163E+001  0.23580840E+001  0.35243180E+001  0.54006464E+001
  0.30918829E+000  0.33897056E+000  0.44808073E+000  0.59606298E+000  0.77957708E+000  0.86841230E+000  0.11730184E+001  0.17259143E+001  0.23580800E+001  0.35243131E+001  0.54006454E+001
  0.30918777E+000  0.33896986E+000  0.44808000E+000  0.59606237E+000  0.77957622E+000  0.86841135E+000  0.11730168E+001  0.17259126E+001  0.23580765E+001  0.35243086E+001  0.54006444E+001
  0.30918729E+000  0.33896923E+000  0.44807934E+000  0.59606179E+000  0.77957543E+000  0.86841049E+000  0.11730154E+001  0.17259111E+001  0.23580733E+001  0.35243045E+001  0.54006436E+001
  0.30918684E+000  0.33896866E+000  0.44807874E+000  0.59606126E+000  0.77957471E+000  0.86840973E+000  0.11730142E+001  0.17259098E+001  0.23580705E+001  0.35243008E+001  0.54006428E+001
  0.30918643E+000  0.33896815E+000  0.44807821E+000  0.59606076E+000  0.77957406E+000  0.86840907E+000  0.11730131E+001  0.17259087E+001  0.23580682E+001  0.35242976E+001  0.54006422E+001
  0.30918605E+000  0.33896770E+000  0.44807775E+000  0.59606031E+000  0.77957347E+000  0.86840850E+000  0.11730122E+001  0.17259079E+001  0.23580661E+001  0.35242948E+001  0.54006416E+001
  0.30918571E+000  0.33896731E+000  0.44807734E+000  0.59605989E+000  0.77957296E+000  0.86840802E+000  0.11730114E+001  0.17259073E+001  0.23580645E+001  0.35242923E+001  0.54006410E+001
  0.30918540E+000  0.33896697E+000  0.44807700E+000  0.59605951E+000  0.77957250E+000  0.86840763E+000  0.11730108E+001  0.17259069E+001  0.23580632E+001  0.35242903E+001  0.54006406E+001
  0.30918512E+000  0.33896669E+000  0.44807671E+000  0.59605917E+000  0.77957210E+000  0.86840732E+000  0.11730104E+001  0.17259068E+001  0.23580623E+001  0.35242886E+001  0.54006403E+001
  0.30918487E+000  0.33896646E+000  0.44807649E+000  0.59605886E+000  0.77957177E+000  0.86840709E+000  0.11730100E+001  0.17259068E+001  0.23580616E+001  0.35242873E+001  0.54006400E+001
  0.30918465E+000  0.33896628E+000  0.44807631E+000  0.59605858E+000  0.77957148E+000  0.86840694E+000  0.11730085E+001  0.17259070E+001  0.23580613E+001  0.35242863E+001  0.54006398E+001
  0.30918446E+000  0.33896615E+000  0.44807618E+000  0.59605833E+000  0.77957125E+000  0.86840686E+000  0.11730085E+001  0.17259074E+001  0.23580613E+001  0.35242857E+001  0.54006397E+001
  0.30918429E+000  0.33896607E+000  0.44807611E+000  0.59605811E+000  0.77957107E+000  0.86840685E+000  0.11730085E+001  0.17259080E+001  0.23580616E+001  0.35242853E+001  0.54006396E+001
  0.30918415E+000  0.33896602E+000  0.44807607E+000  0.59605792E+000  0.77957094E+000  0.86840691E+000  0.11730087E+001  0.17259087E+001  0.23580621E+001  0.35242853E+001  0.54006396E+001
  0.30918404E+000  0.33896603E+000  0.44807608E+000  0.59605775E+000  0.77957085E+000  0.86840703E+000  0.11730004E+001  0.17259096E+001  0.23580629E+001  0.35242855E+001  0.54006396E+001
  0.30918394E+000  0.33896606E+000  0.44807613E+000  0.59605761E+000  0.77957080E+000  0.86840721E+000  0.11730008E+001  0.17259106E+001  0.23580639E+001  0.35242860E+001  0.54006397E+001
  0.30918387E+000  0.33896614E+000  0.44807622E+000  0.59605750E+000  0.77957079E+000  0.86840743E+000  0.11730012E+001  0.17259117E+001  0.23580651E+001  0.35242867E+001  0.54006399E+001
  0.30918382E+000  0.33896625E+000  0.44807634E+000  0.59605740E+000  0.77957081E+000  0.86840771E+000  0.11730018E+001  0.17259130E+001  0.23580666E+001  0.35242876E+001  0.54006401E+001
  0.30918379E+000  0.33896639E+000  0.44807649E+000  0.59605733E+000  0.77957087E+000  0.86840803E+000  0.11730024E+001  0.17259143E+001  0.23580682E+001  0.35242888E+001  0.54006404E+001
  0.30918378E+000  0.33896655E+000  0.44807667E+000  0.59605727E+000  0.77957096E+000  0.86840840E+000  0.11730031E+001  0.17259157E+001  0.23580699E+001  0.35242901E+001  0.54006406E+001
  0.30918378E+000  0.33896675E+000  0.44807687E+000  0.59605724E+000  0.77957108E+000  0.86840879E+000  0.11730039E+001  0.17259173E+001  0.23580718E+001  0.35242915E+001  0.54006410E+001
  0.30918380E+000  0.33896696E+000  0.44807710E+000  0.59605722E+000  0.77957123E+000  0.86840922E+000  0.11730047E+001  0.17259188E+001  0.23580738E+001  0.35242932E+001  0.54006413E+001
  0.30918383E+000  0.33896720E+000  0.44807734E+000  0.59605722E+000  0.77957139E+000  0.86840968E+000  0.11730055E+001  0.17259205E+001  0.23580760E+001  0.35242949E+001  0.54006417E+001
  0.30918387E+000  0.33896745E+000  0.44807761E+000  0.59605723E+000  0.77957158E+000  0.86841016E+000  0.11730064E+001  0.17259221E+001  0.23580782E+001  0.35242968E+001  0.54006421E+001
  0.30918393E+000  0.33896772E+000  0.44807788E+000  0.59605725E+000  0.77957179E+000  0.86841066E+000  0.11730074E+001  0.17259238E+001  0.23580805E+001  0.35242987E+001  0.54006425E+001
  0.30918400E+000  0.33896800E+000  0.44807818E+000  0.59605729E+000  0.77957201E+000  0.86841118E+000  0.11730083E+001  0.17259256E+001  0.23580828E+001  0.35243007E+001  0.54006429E+001
  0.30918407E+000  0.33896829E+000  0.44807848E+000  0.59605733E+000  0.77957224E+000  0.86841171E+000  0.11730093E+001  0.17259273E+001  0.23580852E+001  0.35243028E+001  0.54006434E+001
  0.30918415E+000  0.33896859E+000  0.44807879E+000  0.59605739E+000  0.77957249E+000  0.86841226E+000  0.11730103E+001  0.17259291E+001  0.23580876E+001  0.35243050E+001  0.54006438E+001
  0.30918424E+000  0.33896890E+000  0.44807910E+000  0.59605745E+000  0.77957275E+000  0.86841280E+000  0.11730113E+001  0.17259308E+001  0.23580901E+001  0.35243071E+001  0.54006443E+001
  0.30918434E+000  0.33896921E+000  0.44807942E+000  0.59605753E+000  0.77957301E+000  0.86841335E+000  0.11730123E+001  0.17259326E+001  0.23580925E+001  0.35243093E+001  0.54006447E+001
  0.30918444E+000  0.33896953E+000  0.44807975E+000  0.59605760E+000  0.77957328E+000  0.86841390E+000  0.11730133E+001  0.17259343E+001  0.23580950E+001  0.35243115E+001  0.54006452E+001
  0.30918454E+000  0.33896984E+000  0.44808007E+000  0.59605768E+000  0.77957355E+000  0.86841444E+000  0.11730143E+001  0.17259360E+001  0.23580974E+001  0.35243137E+001  0.54006457E+001
  0.30918465E+000  0.33897016E+000  0.44808039E+000  0.59605777E+000  0.77957382E+000  0.86841498E+000  0.11730153E+001  0.17259376E+001  0.23580997E+001  0.35243158E+001  0.54006461E+001
  0.30918476E+000  0.33897047E+000  0.44808070E+000  0.59605786E+000  0.77957410E+000  0.86841551E+000  0.11730163E+001  0.17259393E+001  0.23581021E+001  0.35243180E+001  0.54006465E+001
  0.30918487E+000  0.33897077E+000  0.44808101E+000  0.59605795E+000  0.77957437E+000  0.86841602E+000  0.11730172E+001  0.17259408E+001  0.23581043E+001  0.35243200E+001  0.54006470E+001
  0.30918497E+000  0.33897107E+000  0.44808132E+000  0.59605804E+000  0.77957463E+000  0.86841652E+000  0.11730182E+001  0.17259423E+001  0.23581065E+001  0.35243221E+001  0.54006474E+001
  0.30918508E+000  0.33897137E+000  0.44808161E+000  0.59605813E+000  0.77957489E+000  0.86841701E+000  0.11730191E+001  0.17259438E+001  0.23581087E+001  0.35243240E+001  0.54006478E+001
  0.30918519E+000  0.33897165E+000  0.44808190E+000  0.59605822E+000  0.77957515E+000  0.86841747E+000  0.11730199E+001  0.17259452E+001  0.23581107E+001  0.35243259E+001  0.54006482E+001
  0.30918530E+000  0.33897193E+000  0.44808217E+000  0.59605831E+000  0.77957539E+000  0.86841791E+000  0.11730207E+001  0.17259465E+001  0.23581126E+001  0.35243277E+001  0.54006486E+001
  0.30918540E+000  0.33897219E+000  0.44811989E+000  0.59605840E+000  0.77957563E+000  0.86841833E+000  0.11730215E+001  0.17259477E+001  0.23581145E+001  0.35243294E+001  0.54006489E+001
  0.30918550E+000  0.33897244E+000  0.44812016E+000  0.59605849E+000  0.77957585E+000  0.86841873E+000  0.11730222E+001  0.17259488E+001  0.23581162E+001  0.35243310E+001  0.54006493E+001
  0.30918559E+000  0.33897267E+000  0.44812042E+000  0.59605857E+000  0.77957606E+000  0.86841910E+000  0.11730229E+001  0.17259499E+001  0.23581178E+001  0.35243325E+001  0.54006496E+001
  0.30918568E+000  0.33897289E+000  0.44812067E+000  0.59605864E+000  0.77957626E+000  0.86841944E+000  0.11730236E+001  0.17259509E+001  0.23581193E+001  0.35243339E+001  0.54006499E+001
  0.30918576E+000  0.33897310E+000  0.44812090E+000  0.59605871E+000  0.77957645E+000  0.86841975E+000  0.11730242E+001  0.17259518E+001  0.23581207E+001  0.35243352E+001  0.54006501E+001
  0.30918584E+000  0.33897329E+000  0.44812111E+000  0.59605878E+000  0.77957662E+000  0.86842004E+000  0.11730247E+001  0.17259526E+001  0.23581437E+001  0.35243363E+001  0.54006504E+001
  0.30918592E+000  0.33897346E+000  0.44812130E+000  0.59605884E+000  0.77957678E+000  0.86842029E+000  0.11730252E+001  0.17259533E+001  0.23581446E+001  0.35243374E+001  0.54006506E+001
  0.30918598E+000  0.33897362E+000  0.44812147E+000  0.59605890E+000  0.77957692E+000  0.86842052E+000  0.11730248E+001  0.17259539E+001  0.23581454E+001  0.35243383E+001  0.54006508E+001
  0.30918604E+000  0.33897376E+000  0.44812162E+000  0.59605895E+000  0.77957705E+000  0.86837879E+000  0.11730252E+001  0.17259544E+001  0.23581461E+001  0.35243391E+001  0.54006509E+001
  0.30918610E+000  0.33897389E+000  0.44812176E+000  0.59605899E+000  0.77957716E+000  0.86837892E+000  0.11730255E+001  0.17259549E+001  0.23581467E+001  0.35243397E+001  0.54006511E+001
  0.30918615E+000  0.33897399E+000  0.44812188E+000  0.59605903E+000  0.77957725E+000  0.86837904E+000  0.11730258E+001  0.17259552E+001  0.23581484E+001  0.35243403E+001  0.54006512E+001
  0.30918619E+000  0.33897409E+000  0.44812197E+000  0.59605906E+000  0.77957733E+000  0.86837914E+000  0.11730260E+001  0.17259555E+001  0.23581488E+001  0.35243407E+001  0.54006513E+001
  0.30918622E+000  0.33897416E+000  0.44812205E+000  0.59605909E+000  0.77957740E+000  0.86837923E+000  0.11730262E+001  0.17259557E+001  0.23581492E+001  0.35243411E+001  0.54006513E+001
  0.30918625E+000  0.33897422E+000  0.44812212E+000  0.59605911E+000  0.77957745E+000  0.86837929E+000  0.11730263E+001  0.17259558E+001  0.23581494E+001  0.35243413E+001  0.54006514E+001
  0.30918627E+000  0.33897426E+000  0.44812216E+000  0.59605912E+000  0.77957748E+000  0.86837933E+000  0.11730264E+001  0.17259558E+001  0.23581496E+001  0.35243414E+001  0.54006514E+001
  0.30918629E+000  0.33897429E+000  0.44812219E+000  0.59605913E+000  0.77957751E+000  0.86837936E+000  0.11730272E+001  0.17259558E+001  0.23581497E+001  0.35243414E+001  0.54006514E+001
  0.30918630E+000  0.33897430E+000  0.44812220E+000  0.59605913E+000  0.77957751E+000  0.86837937E+000  0.11730272E+001  0.17259557E+001  0.23581497E+001  0.35243413E+001  0.54006514E+001
  0.30918630E+000  0.33897430E+000  0.44812219E+000  0.59605913E+000  0.77957751E+000  0.86837936E+000  0.11730271E+001  0.17259555E+001  0.23581496E+001  0.35243411E+001  0.54006513E+001
  0.30918630E+000  0.33897428E+000  0.44812217E+000  0.59605912E+000  0.77957749E+000  0.86837934E+000  0.11730270E+001  0.17259553E+001  0.23581494E+001  0.35243408E+001  0.54006513E+001
  0.30918629E+000  0.33897426E+000  0.44812214E+000  0.59605910E+000  0.77957746E+000  0.86837930E+000  0.11730269E+001  0.17259550E+001  0.23581492E+001  0.35243405E+001  0.54006512E+001
  0.30918628E+000  0.33897422E+000  0.44812209E+000  0.59605909E+000  0.77957742E+000  0.86837925E+000  0.11730267E+001  0.17259547E+001  0.23581489E+001  0.35243400E+001  0.54006511E+001
  0.30918626E+000  0.33897417E+000  0.44812204E+000  0.59605906E+000  0.77957737E+000  0.86837919E+000  0.11730265E+001  0.17259543E+001  0.23581486E+001  0.35243395E+001  0.54006510E+001
  0.30918624E+000  0.33897411E+000  0.44812197E+000  0.59605903E+000  0.77957731E+000  0.86837912E+000  0.11730263E+001  0.17259539E+001  0.23581481E+001  0.35243389E+001  0.54006508E+001
  0.30918621E+000  0.33897404E+000  0.44812189E+000  0.59605900E+000  0.77957724E+000  0.86842055E+000  0.11730260E+001  0.17259534E+001  0.23581477E+001  0.35243383E+001  0.54006507E+001
  0.30918618E+000  0.33897396E+000  0.44812180E+000  0.59605897E+000  0.77957717E+000  0.86842038E+000  0.11730258E+001  0.17259529E+001  0.23581460E+001  0.35243376E+001  0.54006506E+001
  0.30918615E+000  0.33897387E+000  0.44812170E+000  0.59605893E+000  0.77957709E+000  0.86842021E+000  0.11730255E+001  0.17259524E+001  0.23581454E+001  0.35243369E+001  0.54006504E+001
  0.30918611E+000  0.33897378E+000  0.44812159E+000  0.59605889E+000  0.77957700E+000  0.86842002E+000  0.11730251E+001  0.17259519E+001  0.23581449E+001  0.35243362E+001  0.54006502E+001
  0.30918607E+000  0.33897368E+000  0.44812148E+000  0.59605884E+000  0.77957691E+000  0.86841983E+000  0.11730248E+001  0.17259513E+001  0.23581443E+001  0.35243354E+001  0.54006501E+001
  0.30918603E+000  0.33897358E+000  0.44812137E+000  0.59605880E+000  0.77957681E+000  0.86841963E+000  0.11730245E+001  0.17259508E+001  0.23581437E+001  0.35243346E+001  0.54006499E+001
  0.30918598E+000  0.33897347E+000  0.44812125E+000  0.59605875E+000  0.77957671E+000  0.86841943E+000  0.11730241E+001  0.17259502E+001  0.23581431E+001  0.35243337E+001  0.54006497E+001
  0.30918593E+000  0.33897336E+000  0.44812112E+000  0.59605870E+000  0.77957661E+000  0.86841922E+000  0.11730238E+001  0.17259496E+001  0.23581196E+001  0.35243329E+001  0.54006495E+001
  0.30918589E+000  0.33897325E+000  0.44812100E+000  0.59605866E+000  0.77957650E+000  0.86841901E+000  0.11730234E+001  0.17259490E+001  0.23581188E+001  0.35243320E+001  0.54006493E+001
  0.30918584E+000  0.33897314E+000  0.44812087E+000  0.59605861E+000  0.77957640E+000  0.86841880E+000  0.11730230E+001  0.17259485E+001  0.23581180E+001  0.35243312E+001  0.54006491E+001
  0.30918579E+000  0.33897302E+000  0.44812074E+000  0.59605856E+000  0.77957629E+000  0.86841860E+000  0.11730227E+001  0.17259479E+001  0.23581171E+001  0.35243304E+001  0.54006490E+001
  0.30918574E+000  0.33897291E+000  0.44812061E+000  0.59605851E+000  0.77957619E+000  0.86841839E+000  0.11730223E+001  0.17259473E+001  0.23581163E+001  0.35243295E+001  0.54006488E+001
  0.30918569E+000  0.33897279E+000  0.44812049E+000  0.59605846E+000  0.77957608E+000  0.86841819E+000  0.11730220E+001  0.17259468E+001  0.23581155E+001  0.35243287E+001  0.54006486E+001
  0.30918564E+000  0.33897268E+000  0.44812036E+000  0.59605841E+000  0.77957598E+000  0.86841799E+000  0.11730216E+001  0.17259463E+001  0.23581147E+001  0.35243279E+001  0.54006484E+001
  0.30918559E+000  0.33897257E+000  0.44812024E+000  0.59605836E+000  0.77957588E+000  0.86841780E+000  0.11730213E+001  0.17259458E+001  0.23581139E+001  0.35243272E+001  0.54006483E+001
  0.30918554E+000  0.33897246E+000  0.44812012E+000  0.59605832E+000  0.77957579E+000  0.86841761E+000  0.11730210E+001  0.17259453E+001  0.23581131E+001  0.35243264E+001  0.54006481E+001
  0.30918550E+000  0.33897235E+000  0.44812000E+000  0.59605827E+000  0.77957569E+000  0.86841743E+000  0.11730207E+001  0.17259448E+001  0.23581124E+001  0.35243257E+001  0.54006479E+001
  0.30918545E+000  0.33897225E+000  0.44811989E+000  0.59605823E+000  0.77957560E+000  0.86841726E+000  0.11730204E+001  0.17259444E+001  0.23581117E+001  0.35243250E+001  0.54006478E+001
  0.30918541E+000  0.33897215E+000  0.44811978E+000  0.59605819E+000  0.77957552E+000  0.86841710E+000  0.11730201E+001  0.17259439E+001  0.23581111E+001  0.35243244E+001  0.54006477E+001
  0.30918537E+000  0.33897206E+000  0.44811968E+000  0.59605815E+000  0.77957544E+000  0.86841694E+000  0.11730198E+001  0.17259436E+001  0.23581105E+001  0.35243238E+001  0.54006475E+001
  0.30918533E+000  0.33897197E+000  0.44811958E+000  0.59605811E+000  0.77957536E+000  0.86841680E+000  0.11730196E+001  0.17259432E+001  0.23581099E+001  0.35243232E+001  0.54006474E+001
  0.30918529E+000  0.33897189E+000  0.44811949E+000  0.59605808E+000  0.77957529E+000  0.86841666E+000  0.11730193E+001  0.17259429E+001  0.23581093E+001  0.35243227E+001  0.54006473E+001
  0.30918525E+000  0.33897181E+000  0.44811940E+000  0.59605805E+000  0.77957522E+000  0.86841654E+000  0.11730191E+001  0.17259426E+001  0.23581089E+001  0.35243223E+001  0.54006472E+001
  0.30918522E+000  0.33897173E+000  0.44811932E+000  0.59605802E+000  0.77957516E+000  0.86841642E+000  0.11730189E+001  0.17259423E+001  0.23581084E+001  0.35243219E+001  0.54006471E+001
  0.30918519E+000  0.33897166E+000  0.44811924E+000  0.59605799E+000  0.77957511E+000  0.86841632E+000  0.11730187E+001  0.17259421E+001  0.23581080E+001  0.35243215E+001  0.54006471E+001
  0.30918516E+000  0.33897160E+000  0.44811918E+000  0.59605796E+000  0.77957506E+000  0.86841623E+000  0.11730186E+001  0.17259419E+001  0.23581077E+001  0.35243212E+001  0.54006470E+001
  0.30918513E+000  0.33897154E+000  0.44811911E+000  0.59605794E+000  0.77957501E+000  0.86841614E+000  0.11730184E+001  0.17259418E+001  0.23581073E+001  0.35243209E+001  0.54006470E+001
  0.30918510E+000  0.33897149E+000  0.44811906E+000  0.59605792E+000  0.77957497E+000  0.86841607E+000  0.11730183E+001  0.17259416E+001  0.23581071E+001  0.35243207E+001  0.54006469E+001
  0.30918508E+000  0.33897144E+000  0.44811901E+000  0.59605790E+000  0.77957493E+000  0.86841601E+000  0.11730182E+001  0.17259415E+001  0.23581069E+001  0.35243205E+001  0.54006469E+001
  0.30918506E+000  0.33897140E+000  0.44811896E+000  0.59605788E+000  0.77957490E+000  0.86841596E+000  0.11730181E+001  0.17259415E+001  0.23581067E+001  0.35243204E+001  0.54006469E+001
  0.30918504E+000  0.33897136E+000  0.44811893E+000  0.59605787E+000  0.77957488E+000  0.86841592E+000  0.11730180E+001  0.17259414E+001  0.23581066E+001  0.35243204E+001  0.54006470E+001
  0.30918503E+000  0.33897133E+000  0.44811889E+000  0.59605786E+000  0.77957486E+000  0.86841588E+000  0.11730180E+001  0.17259414E+001  0.23581066E+001  0.35243204E+001  0.54006470E+001
  0.30918501E+000  0.33897130E+000  0.44811887E+000  0.59605785E+000  0.77957484E+000  0.86841586E+000  0.11730179E+001  0.17259415E+001  0.23581066E+001  0.35243204E+001  0.54006471E+001
  0.30918500E+000  0.33897128E+000  0.44811884E+000  0.59605784E+000  0.77957483E+000  0.86841585E+000  0.11730179E+001  0.17259416E+001  0.23581066E+001  0.35243205E+001  0.54006471E+001
  0.30918499E+000  0.33897126E+000  0.44811882E+000  0.59605783E+000  0.77957481E+000  0.86841584E+000  0.11730179E+001  0.17259417E+001  0.23581067E+001  0.35243207E+001  0.54006472E+001
  0.30918498E+000  0.33897125E+000  0.44811881E+000  0.59605782E+000  0.77957481E+000  0.86841585E+000  0.11730179E+001  0.17259418E+001  0.23581069E+001  0.35243210E+001  0.54006474E+001
  0.30918497E+000  0.33897123E+000  0.44811880E+000  0.59605781E+000  0.77957480E+000  0.86841586E+000  0.11730179E+001  0.17259420E+001  0.23581071E+001  0.35243213E+001  0.54006475E+001
  0.30918496E+000  0.33897123E+000  0.44811880E+000  0.59605780E+000  0.77957480E+000  0.86841587E+000  0.11730179E+001  0.17259421E+001  0.23581074E+001  0.35243217E+001  0.54006477E+001
  0.30918495E+000  0.33897123E+000  0.44811880E+000  0.59605779E+000  0.77957480E+000  0.86841589E+000  0.11730180E+001  0.17259424E+001  0.23581077E+001  0.35243222E+001  0.54006479E+001
  0.30918494E+000  0.33897123E+000  0.44811880E+000  0.59605778E+000  0.77957480E+000  0.86841592E+000  0.11730180E+001  0.17259426E+001  0.23581080E+001  0.35243227E+001  0.54006481E+001
  0.30918493E+000  0.33897123E+000  0.44811882E+000  0.59605777E+000  0.77957480E+000  0.86841594E+000  0.11730181E+001  0.17259429E+001  0.23581084E+001  0.35243234E+001  0.54006484E+001
  0.30918492E+000  0.33897124E+000  0.44811883E+000  0.59605776E+000  0.77957481E+000  0.86841596E+000  0.11730181E+001  0.17259432E+001  0.23581089E+001  0.35243240E+001  0.54006487E+001
  0.30918491E+000  0.33897126E+000  0.44811885E+000  0.59605775E+000  0.77957481E+000  0.86841597E+000  0.11730182E+001  0.17259435E+001  0.23581094E+001  0.35243248E+001  0.54006491E+001
  0.30918491E+000  0.33897126E+000  0.44811886E+000  0.59605773E+000  0.77957481E+000  0.86841598E+000  0.11730182E+001  0.17259438E+001  0.23581098E+001  0.35243256E+001  0.54006495E+001
  0.30918490E+000  0.33897125E+000  0.44811885E+000  0.59605771E+000  0.77957479E+000  0.86841596E+000  0.11730182E+001  0.17259440E+001  0.23581102E+001  0.35243263E+001  0.54006499E+001
  0.30918490E+000  0.33897120E+000  0.44811878E+000  0.59605769E+000  0.77957474E+000  0.86841591E+000  0.11730182E+001  0.17259442E+001  0.23581106E+001  0.35243269E+001  0.54006503E+001
  0.30918489E+000  0.33897109E+000  0.44811865E+000  0.59605766E+000  0.77957465E+000  0.86841583E+000  0.11730180E+001  0.17259443E+001  0.23581109E+001  0.35243274E+001  0.54006506E+001
  0.30918486E+000  0.33897091E+000  0.44811847E+000  0.59605761E+000  0.77957449E+000  0.86841573E+000  0.11730179E+001  0.17259443E+001  0.23581112E+001  0.35243278E+001  0.54006508E+001
  0.30918479E+000  0.33897071E+000  0.44811832E+000  0.59605755E+000  0.77957431E+000  0.86841564E+000  0.11730179E+001  0.17259445E+001  0.23581120E+001  0.35243285E+001  0.54006510E+001
  0.30918468E+000  0.33897059E+000  0.44808063E+000  0.59605746E+000  0.77957423E+000  0.86841567E+000  0.11730182E+001  0.17259450E+001  0.23581137E+001  0.35243302E+001  0.54006515E+001
  0.30918459E+000  0.33897057E+000  0.44808071E+000  0.59605740E+000  0.77957439E+000  0.86841591E+000  0.11730190E+001  0.17259467E+001  0.23581164E+001  0.35243334E+001  0.54006526E+001
  0.30918469E+000  0.33897044E+000  0.44811812E+000  0.59605748E+000  0.77957467E+000  0.86841631E+000  0.11730194E+001  0.17259480E+001  0.23581191E+001  0.35243381E+001  0.54006521E+001
  0.30918509E+000  0.33896923E+000  0.44811659E+000  0.59605767E+000  0.77957402E+000  0.86841595E+000  0.11730179E+001  0.17259498E+001  0.23581189E+001  0.35243370E+001  0.54006473E+001
  0.30918441E+000  0.33896785E+000  0.44808060E+000  0.59605738E+000  0.77957320E+000  0.86841504E+000  0.11729498E+001  0.17259422E+001  0.23581259E+001  0.35243394E+001  0.54006480E+001
  0.30918250E+000  0.33897244E+000  0.44812165E+000  0.59605712E+000  0.77958271E+000  0.86842294E+000  0.11730325E+001  0.17259680E+001  0.23581682E+001  0.35243803E+001  0.54006568E+001
