  0.00000000E+000  0.00000000E+000  0.00000000E+000  0.00000000E+000  0.88623390E-002  0.14273725E+000  0.34963433E+001  0.29801880E+002  0.74400106E+002  0.19041946E+003  0.35673882E+003
  0.00000000E+000  0.00000000E+000  0.00000000E+000  0.00000000E+000  0.88813379E-002  0.14280860E+000  0.34980626E+001  0.29811170E+002  0.74422266E+002  0.19048714E+003  0.35688056E+003
  0.00000000E+000  0.00000000E+000  0.00000000E+000  0.00000000E+000  0.88973765E-002  0.14286775E+000  0.34994535E+001  0.29818533E+002  0.74439405E+002  0.19053874E+003  0.35698835E+003
  0.00000000E+000  0.00000000E+000  0.00000000E+000  0.00000000E+000  0.89105977E-002  0.14291697E+000  0.35005884E+001  0.29824446E+002  0.74452982E+002  0.19057909E+003  0.35707219E+003
  0.00000000E+000  0.00000000E+000  0.00000000E+000  0.00000000E+000  0.89214650E-002  0.14295805E+000  0.35015214E+001  0.29829242E+002  0.74463891E+002  0.19061118E+003  0.35713853E+003
  0.00000000E+000  0.00000000E+000  0.00000000E+000  0.00000000E+000  0.89303365E-002  0.14299237E+000  0.35022932E+001  0.29833157E+002  0.74472731E+002  0.19063701E+003  0.35719167E+003
  0.00000000E+000  0.00000000E+000  0.00000000E+000  0.00000000E+000  0.89375583E-002  0.14302104E+000  0.35029343E+001  0.29836367E+002  0.74479931E+002  0.19065795E+003  0.35723457E+003
  0.00000000E+000  0.00000000E+000  0.00000000E+000  0.00000000E+000  0.89434417E-002  0.14304497E+000  0.35034686E+001  0.29838998E+002  0.74485813E+002  0.19067497E+003  0.35726940E+003
  0.00000000E+000  0.00000000E+000  0.00000000E+000  0.00000000E+000  0.89482508E-002  0.14306493E+000  0.35039148E+001  0.29841157E+002  0.74490623E+002  0.19068885E+003  0.35729776E+003
  0.00000000E+000  0.00000000E+000  0.00000000E+000  0.00000000E+000  0.89521994E-002  0.14308155E+000  0.35042878E+001  0.29842931E+002  0.74494557E+002  0.19070016E+003  0.35732088E+003
  0.00000000E+000  0.00000000E+000  0.00000000E+000  0.00000000E+000  0.89554569E-002  0.14309539E+000  0.35046002E+001  0.29844387E+002  0.74497771E+002  0.19070939E+003  0.35733974E+003
  0.00000000E+000  0.00000000E+000  0.00000000E+000  0.00000000E+000  0.89581554E-002  0.14310689E+000  0.35048619E+001  0.29845579E+002  0.74500391E+002  0.19071690E+003  0.35735511E+003
  0.00000000E+000  0.00000000E+000  0.00000000E+000  0.00000000E+000  0.89603977E-002  0.14311644E+000  0.35050813E+001  0.29846553E+002  0.74502520E+002  0.19072300E+003  0.35736761E+003
  0.00000000E+000  0.00000000E+000  0.00000000E+000  0.00000000E+000  0.89622641E-002  0.14312435E+000  0.35052651E+001  0.29847345E+002  0.74504240E+002  0.19072793E+003  0.35737774E+003
  0.00000000E+000  0.00000000E+000  0.00000000E+000  0.00000000E+000  0.89638183E-002  0.14313088E+000  0.35054190E+001  0.29847986E+002  0.74505621E+002  0.19073188E+003  0.35738590E+003
  0.00000000E+000  0.00000000E+000  0.00000000E+000  0.00000000E+000  0.89651107E-002  0.14313625E+000  0.35055478E+001  0.29848499E+002  0.74506719E+002  0.19073503E+003  0.35739243E+003
  0.00000000E+000  0.00000000E+000  0.00000000E+000  0.00000000E+000  0.89661822E-002  0.14314066E+000  0.35056553E+001  0.29848906E+002  0.74507580E+002  0.19073750E+003  0.35739759E+003
  0.00000000E+000  0.00000000E+000  0.00000000E+000  0.00000000E+000  0.89670657E-002  0.14314425E+000  0.35057448E+001  0.29849224E+002  0.74508244E+002  0.19073942E+003  0.35740162E+003
  0.00000000E+000  0.00000000E+000  0.00000000E+000  0.00000000E+000  0.89677886E-002  0.14314715E+000  0.35058191E+001  0.29849467E+002  0.74508741E+002  0.19074086E+003  0.35740470E+003
  0.00000000E+000  0.00000000E+000  0.00000000E+000  0.00000000E+000  0.89683730E-002  0.14314947E+000  0.35058803E+001  0.29849647E+002  0.74509099E+002  0.19074191E+003  0.35740698E+003
  0.00000000E+000  0.00000000E+000  0.00000000E+000  0.00000000E+000  0.89688377E-002  0.14315129E+000  0.35059303E+001  0.29849772E+002  0.74509340E+002  0.19074263E+003  0.35740858E+003
  0.00000000E+000  0.00000000E+000  0.00000000E+000  0.00000000E+000  0.89691981E-002  0.14315269E+000  0.35059708E+001  0.29849852E+002  0.74509481E+002  0.19074307E+003  0.35740963E+003
  0.00000000E+000  0.00000000E+000  0.00000000E+000  0.00000000E+000  0.89694672E-002  0.14315372E+000  0.35060029E+001  0.29849893E+002  0.74509540E+002  0.19074327E+003  0.35741019E+003
  0.00000000E+000  0.00000000E+000  0.00000000E+000  0.00000000E+000  0.89696559E-002  0.14315443E+000  0.35060279E+001  0.29849902E+002  0.74509527E+002  0.19074328E+003  0.35741035E+003
  0.00000000E+000  0.00000000E+000  0.00000000E+000  0.00000000E+000  0.89697733E-002  0.14315487E+000  0.35060466E+001  0.29849883E+002  0.74509456E+002  0.19074313E+003  0.35741017E+003
  0.00000000E+000  0.00000000E+000  0.00000000E+000  0.00000000E+000  0.89698272E-002  0.14315508E+000  0.35060598E+001  0.29849840E+002  0.74509334E+002  0.19074283E+003  0.35740971E+003
  0.00000000E+000  0.00000000E+000  0.00000000E+000  0.00000000E+000  0.89698239E-002  0.14315510E+000  0.35060681E+001  0.29849778E+002  0.74509170E+002  0.19074242E+003  0.35740901E+003
  0.00000000E+000  0.00000000E+000  0.00000000E+000  0.00000000E+000  0.89697689E-002  0.14315495E+000  0.35060720E+001  0.29849698E+002  0.74508970E+002  0.19074190E+003  0.35740810E+003
  0.00000000E+000  0.00000000E+000  0.00000000E+000  0.00000000E+000  0.89696667E-002  0.14315465E+000  0.35060720E+001  0.29849604E+002  0.74508739E+002  0.19074130E+003  0.35740701E+003
  0.00000000E+000  0.00000000E+000  0.00000000E+000  0.00000000E+000  0.89695213E-002  0.14315424E+000  0.35060684E+001  0.29849498E+002  0.74508482E+002  0.19074063E+003  0.35740578E+003
  0.00000000E+000  0.00000000E+000  0.00000000E+000  0.00000000E+000  0.89693358E-002  0.14315373E+000  0.35060614E+001  0.29849382E+002  0.74508202E+002  0.19073990E+003  0.35740443E+003
  0.00000000E+000  0.00000000E+000  0.00000000E+000  0.00000000E+000  0.89691128E-002  0.14315315E+000  0.35060515E+001  0.29849257E+002  0.74507903E+002  0.19073911E+003  0.35740296E+003
  0.00000000E+000  0.00000000E+000  0.00000000E+000  0.00000000E+000  0.89688546E-002  0.14315251E+000  0.35060386E+001  0.29849123E+002  0.74507587E+002  0.19073828E+003  0.35740141E+003
  0.00000000E+000  0.00000000E+000  0.00000000E+000  0.00000000E+000  0.89685629E-002  0.14315184E+000  0.35060230E+001  0.29848984E+002  0.74507256E+002  0.19073741E+003  0.35739977E+003
  0.00000000E+000  0.00000000E+000  0.00000000E+000  0.00000000E+000  0.89682395E-002  0.14315115E+000  0.35060049E+001  0.29848838E+002  0.74506912E+002  0.19073650E+003  0.35739806E+003
  0.00000000E+000  0.00000000E+000  0.00000000E+000  0.00000000E+000  0.89678854E-002  0.14315045E+000  0.35059844E+001  0.29848687E+002  0.74506557E+002  0.19073556E+003  0.35739629E+003
  0.00000000E+000  0.00000000E+000  0.00000000E+000  0.00000000E+000  0.89675018E-002  0.14314976E+000  0.35059617E+001  0.29848532E+002  0.74506190E+002  0.19073460E+003  0.35739447E+003
  0.00000000E+000  0.00000000E+000  0.00000000E+000  0.00000000E+000  0.89670896E-002  0.14314910E+000  0.35059368E+001  0.29848373E+002  0.74505814E+002  0.19073361E+003  0.35739259E+003
  0.00000000E+000  0.00000000E+000  0.00000000E+000  0.00000000E+000  0.89666493E-002  0.14314847E+000  0.35059098E+001  0.29848210E+002  0.74505429E+002  0.19073260E+003  0.35739068E+003
  0.00000000E+000  0.00000000E+000  0.00000000E+000  0.00000000E+000  0.89661817E-002  0.14314789E+000  0.35058810E+001  0.29848044E+002  0.74505035E+002  0.19073156E+003  0.35738872E+003
  0.00000000E+000  0.00000000E+000  0.00000000E+000  0.00000000E+000  0.89656871E-002  0.14314736E+000  0.35058504E+001  0.29847875E+002  0.74504634E+002  0.19073051E+003  0.35738674E+003
  0.00000000E+000  0.00000000E+000  0.00000000E+000  0.00000000E+000  0.89651662E-002  0.14314688E+000  0.35058182E+001  0.29847704E+002  0.74504225E+002  0.19072944E+003  0.35738472E+003
  0.00000000E+000  0.00000000E+000  0.00000000E+000  0.00000000E+000  0.89646191E-002  0.14314647E+000  0.35057845E+001  0.29847530E+002  0.74503809E+002  0.19072836E+003  0.35738267E+003
  0.00000000E+000  0.00000000E+000  0.00000000E+000  0.00000000E+000  0.89640464E-002  0.14314611E+000  0.35057494E+001  0.29847355E+002  0.74503387E+002  0.19072726E+003  0.35738060E+003
  0.00000000E+000  0.00000000E+000  0.00000000E+000  0.00000000E+000  0.89634483E-002  0.14314583E+000  0.35057130E+001  0.29847177E+002  0.74502959E+002  0.19072614E+003  0.35737851E+003
  0.00000000E+000  0.00000000E+000  0.00000000E+000  0.00000000E+000  0.89628254E-002  0.14314560E+000  0.35056755E+001  0.29846999E+002  0.74502525E+002  0.19072502E+003  0.35737640E+003
  0.00000000E+000  0.00000000E+000  0.00000000E+000  0.00000000E+000  0.89621781E-002  0.14314544E+000  0.35056369E+001  0.29846819E+002  0.74502086E+002  0.19072388E+003  0.35737428E+003
  0.00000000E+000  0.00000000E+000  0.00000000E+000  0.00000000E+000  0.89615069E-002  0.14314534E+000  0.35055974E+001  0.29846637E+002  0.74501643E+002  0.19072273E+003  0.35737215E+003
  0.00000000E+000  0.00000000E+000  0.00000000E+000  0.00000000E+000  0.89608125E-002  0.14314530E+000  0.35055570E+001  0.29846456E+002  0.74501195E+002  0.19072158E+003  0.35737001E+003
  0.00000000E+000  0.00000000E+000  0.00000000E+000  0.00000000E+000  0.89600954E-002  0.14314531E+000  0.35055158E+001  0.29846274E+002  0.74500744E+002  0.19072042E+003  0.35736787E+003
  0.00000000E+000  0.00000000E+000  0.00000000E+000  0.00000000E+000  0.89593567E-002  0.14314538E+000  0.35054739E+001  0.29846091E+002  0.74500291E+002  0.19071926E+003  0.35736572E+003
  0.00000000E+000  0.00000000E+000  0.00000000E+000  0.00000000E+000  0.89585971E-002  0.14314550E+000  0.35054314E+001  0.29845909E+002  0.74499835E+002  0.19071810E+003  0.35736359E+003
  0.00000000E+000  0.00000000E+000  0.00000000E+000  0.00000000E+000  0.89578178E-002  0.14314568E+000  0.35053884E+001  0.29845727E+002  0.74499378E+002  0.19071693E+003  0.35736146E+003
  0.00000000E+000  0.00000000E+000  0.00000000E+000  0.00000000E+000  0.89570199E-002  0.14314591E+000  0.35053450E+001  0.29845545E+002  0.74498921E+002  0.19071577E+003  0.35735934E+003
  0.00000000E+000  0.00000000E+000  0.00000000E+000  0.00000000E+000  0.89562047E-002  0.14314619E+000  0.35053013E+001  0.29845365E+002  0.74498464E+002  0.19071461E+003  0.35735725E+003
  0.00000000E+000  0.00000000E+000  0.00000000E+000  0.00000000E+000  0.89553737E-002  0.14314655E+000  0.35052575E+001  0.29845186E+002  0.74498008E+002  0.19071345E+003  0.35735517E+003
  0.00000000E+000  0.00000000E+000  0.00000000E+000  0.00000000E+000  0.89545285E-002  0.14314697E+000  0.35052136E+001  0.29845007E+002  0.74497555E+002  0.19071231E+003  0.35735312E+003
  0.00000000E+000  0.00000000E+000  0.00000000E+000  0.00000000E+000  0.89536706E-002  0.14314747E+000  0.35051698E+001  0.29844831E+002  0.74497104E+002  0.19071117E+003  0.35735109E+003
  0.00000000E+000  0.00000000E+000  0.00000000E+000  0.00000000E+000  0.89528019E-002  0.14314806E+000  0.35051263E+001  0.29844656E+002  0.74496658E+002  0.19071004E+003  0.35734910E+003
  0.00000000E+000  0.00000000E+000  0.00000000E+000  0.00000000E+000  0.89519243E-002  0.14314875E+000  0.35050831E+001  0.29844483E+002  0.74496216E+002  0.19070893E+003  0.35734714E+003
  0.00000000E+000  0.00000000E+000  0.00000000E+000  0.00000000E+000  0.89510397E-002  0.14314954E+000  0.35050405E+001  0.29844313E+002  0.74495780E+002  0.19070783E+003  0.35734522E+003
  0.00000000E+000  0.00000000E+000  0.00000000E+000  0.00000000E+000  0.89501501E-002  0.14315046E+000  0.35049985E+001  0.29844145E+002  0.74495350E+002  0.19070675E+003  0.35734335E+003
  0.00000000E+000  0.00000000E+000  0.00000000E+000  0.00000000E+000  0.89492576E-002  0.14315150E+000  0.35049573E+001  0.29843979E+002  0.74494928E+002  0.19070568E+003  0.35734152E+003
  0.00000000E+000  0.00000000E+000  0.00000000E+000  0.00000000E+000  0.89483643E-002  0.14315269E+000  0.35049170E+001  0.29843817E+002  0.74494513E+002  0.19070463E+003  0.35733973E+003
  0.00000000E+000  0.00000000E+000  0.00000000E+000  0.00000000E+000  0.89474723E-002  0.14315402E+000  0.35048778E+001  0.29843657E+002  0.74494108E+002  0.19070360E+003  0.35733800E+003
  0.00000000E+000  0.00000000E+000  0.00000000E+000  0.00000000E+000  0.89465839E-002  0.14315552E+000  0.35048396E+001  0.29843500E+002  0.74493711E+002  0.19070260E+003  0.35733631E+003
  0.00000000E+000  0.00000000E+000  0.00000000E+000  0.00000000E+000  0.89457010E-002  0.14315718E+000  0.35048025E+001  0.29843347E+002  0.74493325E+002  0.19070161E+003  0.35733468E+003
  0.00000000E+000  0.00000000E+000  0.00000000E+000  0.00000000E+000  0.89448259E-002  0.14315901E+000  0.35047667E+001  0.29843197E+002  0.74492950E+002  0.19070065E+003  0.35733310E+003
  0.00000000E+000  0.00000000E+000  0.00000000E+000  0.00000000E+000  0.89439605E-002  0.14316101E+000  0.35047322E+001  0.29843052E+002  0.74492585E+002  0.19069971E+003  0.35733158E+003
  0.00000000E+000  0.00000000E+000  0.00000000E+000  0.00000000E+000  0.89431070E-002  0.14316319E+000  0.35046990E+001  0.29842910E+002  0.74492233E+002  0.19069880E+003  0.35733011E+003
  0.00000000E+000  0.00000000E+000  0.00000000E+000  0.00000000E+000  0.89422672E-002  0.14316554E+000  0.35046671E+001  0.29842772E+002  0.74491892E+002  0.19069791E+003  0.35732870E+003
  0.00000000E+000  0.00000000E+000  0.00000000E+000  0.00000000E+000  0.89414431E-002  0.14316805E+000  0.35046366E+001  0.29842639E+002  0.74491563E+002  0.19069705E+003  0.35732735E+003
  0.00000000E+000  0.00000000E+000  0.00000000E+000  0.00000000E+000  0.89406365E-002  0.14317073E+000  0.35046075E+001  0.29842510E+002  0.74491246E+002  0.19069622E+003  0.35732606E+003
  0.00000000E+000  0.00000000E+000  0.00000000E+000  0.00000000E+000  0.89398491E-002  0.14317356E+000  0.35045798E+001  0.29842386E+002  0.74490943E+002  0.19069541E+003  0.35732483E+003
  0.00000000E+000  0.00000000E+000  0.00000000E+000  0.00000000E+000  0.89390824E-002  0.14317653E+000  0.35045536E+001  0.29842267E+002  0.74490651E+002  0.19069463E+003  0.35732365E+003
  0.00000000E+000  0.00000000E+000  0.00000000E+000  0.00000000E+000  0.89383379E-002  0.14317963E+000  0.35045289E+001  0.29842153E+002  0.74490373E+002  0.19069388E+003  0.35732254E+003
  0.00000000E+000  0.00000000E+000  0.00000000E+000  0.00000000E+000  0.89376169E-002  0.14318284E+000  0.35045058E+001  0.29842044E+002  0.74490107E+002  0.19069315E+003  0.35732148E+003
  0.00000000E+000  0.00000000E+000  0.00000000E+000  0.00000000E+000  0.89369206E-002  0.14318616E+000  0.35044843E+001  0.29841940E+002  0.74489853E+002  0.19069245E+003  0.35732048E+003
  0.00000000E+000  0.00000000E+000  0.00000000E+000  0.00000000E+000  0.89362498E-002  0.14318955E+000  0.35044644E+001  0.29841841E+002  0.74489612E+002  0.19069178E+003  0.35731954E+003
  0.00000000E+000  0.00000000E+000  0.00000000E+000  0.00000000E+000  0.89356055E-002  0.14319300E+000  0.35044462E+001  0.29841747E+002  0.74489383E+002  0.19069114E+003  0.35731865E+003
  0.00000000E+000  0.00000000E+000  0.00000000E+000  0.00000000E+000  0.89349881E-002  0.14319650E+000  0.35044298E+001  0.29841658E+002  0.74489166E+002  0.19069052E+003  0.35731782E+003
  0.00000000E+000  0.00000000E+000  0.00000000E+000  0.00000000E+000  0.89343982E-002  0.14320002E+000  0.35044151E+001  0.29841574E+002  0.74488960E+002  0.19068993E+003  0.35731704E+003
  0.00000000E+000  0.00000000E+000  0.00000000E+000  0.00000000E+000  0.89338360E-002  0.14320354E+000  0.35044023E+001  0.29841496E+002  0.74488766E+002  0.19068937E+003  0.35731631E+003
  0.00000000E+000  0.00000000E+000  0.00000000E+000  0.00000000E+000  0.89333016E-002  0.14320703E+000  0.35043913E+001  0.29841422E+002  0.74488582E+002  0.19068883E+003  0.35731563E+003
  0.00000000E+000  0.00000000E+000  0.00000000E+000  0.00000000E+000  0.89327948E-002  0.14321048E+000  0.35043822E+001  0.29841353E+002  0.74488409E+002  0.19068832E+003  0.35731500E+003
  0.00000000E+000  0.00000000E+000  0.00000000E+000  0.00000000E+000  0.89323153E-002  0.14321387E+000  0.35043750E+001  0.29841289E+002  0.74488246E+002  0.19068783E+003  0.35731442E+003
  0.00000000E+000  0.00000000E+000  0.00000000E+000  0.00000000E+000  0.89318626E-002  0.14321717E+000  0.35043698E+001  0.29841229E+002  0.74488092E+002  0.19068737E+003  0.35731388E+003
  0.00000000E+000  0.00000000E+000  0.00000000E+000  0.00000000E+000  0.89314363E-002  0.14322037E+000  0.35043665E+001  0.29841174E+002  0.74487948E+002  0.19068692E+003  0.35731338E+003
  0.00000000E+000  0.00000000E+000  0.00000000E+000  0.00000000E+000  0.89310354E-002  0.14322344E+000  0.35043652E+001  0.29841123E+002  0.74487813E+002  0.19068650E+003  0.35731291E+003
  0.00000000E+000  0.00000000E+000  0.00000000E+000  0.00000000E+000  0.89306592E-002  0.14322638E+000  0.35043659E+001  0.29841077E+002  0.74487686E+002  0.19068610E+003  0.35731249E+003
  0.00000000E+000  0.00000000E+000  0.00000000E+000  0.00000000E+000  0.89303067E-002  0.14322916E+000  0.35043686E+001  0.29841034E+002  0.74487567E+002  0.19068571E+003  0.35731209E+003
  0.00000000E+000  0.00000000E+000  0.00000000E+000  0.00000000E+000  0.89299768E-002  0.14323177E+000  0.35043732E+001  0.29840996E+002  0.74487456E+002  0.19068535E+003  0.35731173E+003
  0.00000000E+000  0.00000000E+000  0.00000000E+000  0.00000000E+000  0.89296684E-002  0.14323420E+000  0.35043799E+001  0.29840961E+002  0.74487352E+002  0.19068500E+003  0.35731139E+003
  0.00000000E+000  0.00000000E+000  0.00000000E+000  0.00000000E+000  0.89293804E-002  0.14323644E+000  0.35043884E+001  0.29840930E+002  0.74487255E+002  0.19068466E+003  0.35731107E+003
  0.00000000E+000  0.00000000E+000  0.00000000E+000  0.00000000E+000  0.89291114E-002  0.14323849E+000  0.35043989E+001  0.29840903E+002  0.74487164E+002  0.19068435E+003  0.35731078E+003
  0.00000000E+000  0.00000000E+000  0.00000000E+000  0.00000000E+000  0.89288604E-002  0.14324034E+000  0.35044113E+001  0.29840879E+002  0.74487080E+002  0.19068404E+003  0.35731050E+003
  0.00000000E+000  0.00000000E+000  0.00000000E+000  0.00000000E+000  0.89286261E-002  0.14324199E+000  0.35044256E+001  0.29840858E+002  0.74487001E+002  0.19068374E+003  0.35731024E+003
  0.00000000E+000  0.00000000E+000  0.00000000E+000  0.00000000E+000  0.89284074E-002  0.14324343E+000  0.35044418E+001  0.29840840E+002  0.74486928E+002  0.19068346E+003  0.35730999E+003
  0.00000000E+000  0.00000000E+000  0.00000000E+000  0.00000000E+000  0.89282029E-002  0.14324468E+000  0.35044598E+001  0.29840826E+002  0.74486860E+002  0.19068318E+003  0.35730974E+003
  0.00000000E+000  0.00000000E+000  0.00000000E+000  0.00000000E+000  0.89280116E-002  0.14324573E+000  0.35044795E+001  0.29840814E+002  0.74486796E+002  0.19068292E+003  0.35730950E+003
  0.00000000E+000  0.00000000E+000  0.00000000E+000  0.00000000E+000  0.89278325E-002  0.14324660E+000  0.35045010E+001  0.29840804E+002  0.74486736E+002  0.19068266E+003  0.35730927E+003
  0.00000000E+000  0.00000000E+000  0.00000000E+000  0.00000000E+000  0.89276645E-002  0.14324728E+000  0.35045242E+001  0.29840798E+002  0.74486679E+002  0.19068241E+003  0.35730903E+003
  0.00000000E+000  0.00000000E+000  0.00000000E+000  0.00000000E+000  0.89275066E-002  0.14324779E+000  0.35045489E+001  0.29840793E+002  0.74486626E+002  0.19068216E+003  0.35730879E+003
  0.00000000E+000  0.00000000E+000  0.00000000E+000  0.00000000E+000  0.89273581E-002  0.14324814E+000  0.35045753E+001  0.29840791E+002  0.74486576E+002  0.19068192E+003  0.35730854E+003
  0.00000000E+000  0.00000000E+000  0.00000000E+000  0.00000000E+000  0.89272180E-002  0.14324835E+000  0.35046031E+001  0.29840791E+002  0.74486529E+002  0.19068167E+003  0.35730829E+003
  0.00000000E+000  0.00000000E+000  0.00000000E+000  0.00000000E+000  0.89270858E-002  0.14324841E+000  0.35046323E+001  0.29840793E+002  0.74486483E+002  0.19068144E+003  0.35730803E+003
  0.00000000E+000  0.00000000E+000  0.00000000E+000  0.00000000E+000  0.89269608E-002  0.14324835E+000  0.35046628E+001  0.29840797E+002  0.74486439E+002  0.19068120E+003  0.35730775E+003
  0.00000000E+000  0.00000000E+000  0.00000000E+000  0.00000000E+000  0.89268423E-002  0.14324817E+000  0.35046946E+001  0.29840803E+002  0.74486396E+002  0.19068096E+003  0.35730745E+003
  0.00000000E+000  0.00000000E+000  0.00000000E+000  0.00000000E+000  0.89267300E-002  0.14324789E+000  0.35047274E+001  0.29840810E+002  0.74486355E+002  0.19068072E+003  0.35730714E+003
  0.00000000E+000  0.00000000E+000  0.00000000E+000  0.00000000E+000  0.89266235E-002  0.14324753E+000  0.35047613E+001  0.29840819E+002  0.74486314E+002  0.19068048E+003  0.35730682E+003
  0.00000000E+000  0.00000000E+000  0.00000000E+000  0.00000000E+000  0.89265224E-002  0.14324708E+000  0.35047960E+001  0.29840829E+002  0.74486274E+002  0.19068024E+003  0.35730647E+003
  0.00000000E+000  0.00000000E+000  0.00000000E+000  0.00000000E+000  0.89264264E-002  0.14324658E+000  0.35048316E+001  0.29840840E+002  0.74486235E+002  0.19067999E+003  0.35730609E+003
  0.00000000E+000  0.00000000E+000  0.00000000E+000  0.00000000E+000  0.89263354E-002  0.14324601E+000  0.35048677E+001  0.29840853E+002  0.74486195E+002  0.19067975E+003  0.35730570E+003
  0.00000000E+000  0.00000000E+000  0.00000000E+000  0.00000000E+000  0.89262491E-002  0.14324541E+000  0.35049044E+001  0.29840867E+002  0.74486155E+002  0.19067949E+003  0.35730528E+003
  0.00000000E+000  0.00000000E+000  0.00000000E+000  0.00000000E+000  0.89261675E-002  0.14324477E+000  0.35049415E+001  0.29840883E+002  0.74486115E+002  0.19067924E+003  0.35730484E+003
  0.00000000E+000  0.00000000E+000  0.00000000E+000  0.00000000E+000  0.89260906E-002  0.14324410E+000  0.35049787E+001  0.29840899E+002  0.74486075E+002  0.19067898E+003  0.35730437E+003
  0.00000000E+000  0.00000000E+000  0.00000000E+000  0.00000000E+000  0.89260181E-002  0.14324342E+000  0.35050161E+001  0.29840917E+002  0.74486035E+002  0.19067871E+003  0.35730388E+003
  0.00000000E+000  0.00000000E+000  0.00000000E+000  0.00000000E+000  0.89259502E-002  0.14324272E+000  0.35050534E+001  0.29840936E+002  0.74485994E+002  0.19067844E+003  0.35730335E+003
  0.00000000E+000  0.00000000E+000  0.00000000E+000  0.00000000E+000  0.89258868E-002  0.14324203E+000  0.35050905E+001  0.29840956E+002  0.74485953E+002  0.19067816E+003  0.35730281E+003
  0.00000000E+000  0.00000000E+000  0.00000000E+000  0.00000000E+000  0.89258279E-002  0.14324133E+000  0.35051273E+001  0.29840977E+002  0.74485911E+002  0.19067788E+003  0.35730223E+003
  0.00000000E+000  0.00000000E+000  0.00000000E+000  0.00000000E+000  0.89257735E-002  0.14324065E+000  0.35051636E+001  0.29841000E+002  0.74485869E+002  0.19067760E+003  0.35730163E+003
  0.00000000E+000  0.00000000E+000  0.00000000E+000  0.00000000E+000  0.89257237E-002  0.14323997E+000  0.35051993E+001  0.29841024E+002  0.74485827E+002  0.19067730E+003  0.35730101E+003
  0.00000000E+000  0.00000000E+000  0.00000000E+000  0.00000000E+000  0.89256784E-002  0.14323931E+000  0.35052344E+001  0.29841049E+002  0.74485785E+002  0.19067701E+003  0.35730036E+003
  0.00000000E+000  0.00000000E+000  0.00000000E+000  0.00000000E+000  0.89256377E-002  0.14323867E+000  0.35052686E+001  0.29841075E+002  0.74485743E+002  0.19067671E+003  0.35729969E+003
  0.00000000E+000  0.00000000E+000  0.00000000E+000  0.00000000E+000  0.89256015E-002  0.14323805E+000  0.35053018E+001  0.29841103E+002  0.74485701E+002  0.19067640E+003  0.35729899E+003
  0.00000000E+000  0.00000000E+000  0.00000000E+000  0.00000000E+000  0.89255699E-002  0.14323746E+000  0.35053341E+001  0.29841132E+002  0.74485660E+002  0.19067609E+003  0.35729827E+003
  0.00000000E+000  0.00000000E+000  0.00000000E+000  0.00000000E+000  0.89255428E-002  0.14323689E+000  0.35053652E+001  0.29841162E+002  0.74485619E+002  0.19067578E+003  0.35729753E+003
  0.00000000E+000  0.00000000E+000  0.00000000E+000  0.00000000E+000  0.89255201E-002  0.14323635E+000  0.35053952E+001  0.29841194E+002  0.74485580E+002  0.19067547E+003  0.35729677E+003
  0.00000000E+000  0.00000000E+000  0.00000000E+000  0.00000000E+000  0.89255017E-002  0.14323584E+000  0.35054239E+001  0.29841227E+002  0.74485541E+002  0.19067515E+003  0.35729599E+003
  0.00000000E+000  0.00000000E+000  0.00000000E+000  0.00000000E+000  0.89254877E-002  0.14323536E+000  0.35054513E+001  0.29841262E+002  0.74485504E+002  0.19067483E+003  0.35729520E+003
  0.00000000E+000  0.00000000E+000  0.00000000E+000  0.00000000E+000  0.89254777E-002  0.14323491E+000  0.35054774E+001  0.29841299E+002  0.74485468E+002  0.19067451E+003  0.35729439E+003
  0.00000000E+000  0.00000000E+000  0.00000000E+000  0.00000000E+000  0.89254718E-002  0.14323450E+000  0.35055022E+001  0.29841336E+002  0.74485435E+002  0.19067419E+003  0.35729357E+003
  0.00000000E+000  0.00000000E+000  0.00000000E+000  0.00000000E+000  0.89254697E-002  0.14323411E+000  0.35055256E+001  0.29841376E+002  0.74485404E+002  0.19067388E+003  0.35729274E+003
  0.00000000E+000  0.00000000E+000  0.00000000E+000  0.00000000E+000  0.89254712E-002  0.14323375E+000  0.35055476E+001  0.29841417E+002  0.74485375E+002  0.19067356E+003  0.35729190E+003
  0.00000000E+000  0.00000000E+000  0.00000000E+000  0.00000000E+000  0.89254762E-002  0.14323343E+000  0.35055682E+001  0.29841459E+002  0.74485349E+002  0.19067325E+003  0.35729105E+003
  0.00000000E+000  0.00000000E+000  0.00000000E+000  0.00000000E+000  0.89254845E-002  0.14323314E+000  0.35055875E+001  0.29841503E+002  0.74485326E+002  0.19067294E+003  0.35729020E+003
  0.00000000E+000  0.00000000E+000  0.00000000E+000  0.00000000E+000  0.89254956E-002  0.14323288E+000  0.35056055E+001  0.29841548E+002  0.74485306E+002  0.19067264E+003  0.35728934E+003
  0.00000000E+000  0.00000000E+000  0.00000000E+000  0.00000000E+000  0.89255095E-002  0.14323265E+000  0.35056221E+001  0.29841595E+002  0.74485290E+002  0.19067234E+003  0.35728848E+003
  0.00000000E+000  0.00000000E+000  0.00000000E+000  0.00000000E+000  0.89255258E-002  0.14323245E+000  0.35056375E+001  0.29841643E+002  0.74485278E+002  0.19067204E+003  0.35728763E+003
  0.00000000E+000  0.00000000E+000  0.00000000E+000  0.00000000E+000  0.89255443E-002  0.14323227E+000  0.35056517E+001  0.29841692E+002  0.74485270E+002  0.19067176E+003  0.35728677E+003
  0.00000000E+000  0.00000000E+000  0.00000000E+000  0.00000000E+000  0.89255646E-002  0.14323213E+000  0.35056647E+001  0.29841742E+002  0.74485266E+002  0.19067148E+003  0.35728592E+003
  0.00000000E+000  0.00000000E+000  0.00000000E+000  0.00000000E+000  0.89255864E-002  0.14323201E+000  0.35056766E+001  0.29841794E+002  0.74485266E+002  0.19067121E+003  0.35728508E+003
  0.00000000E+000  0.00000000E+000  0.00000000E+000  0.00000000E+000  0.89256093E-002  0.14323191E+000  0.35056875E+001  0.29841846E+002  0.74485271E+002  0.19067095E+003  0.35728425E+003
  0.00000000E+000  0.00000000E+000  0.00000000E+000  0.00000000E+000  0.89256332E-002  0.14323184E+000  0.35056973E+001  0.29841899E+002  0.74485281E+002  0.19067070E+003  0.35728343E+003
  0.00000000E+000  0.00000000E+000  0.00000000E+000  0.00000000E+000  0.89256576E-002  0.14323180E+000  0.35057062E+001  0.29841954E+002  0.74485295E+002  0.19067046E+003  0.35728262E+003
  0.00000000E+000  0.00000000E+000  0.00000000E+000  0.00000000E+000  0.89256822E-002  0.14323177E+000  0.35057142E+001  0.29842008E+002  0.74485314E+002  0.19067024E+003  0.35728183E+003
  0.00000000E+000  0.00000000E+000  0.00000000E+000  0.00000000E+000  0.89257066E-002  0.14323176E+000  0.35057214E+001  0.29842064E+002  0.74485337E+002  0.19067002E+003  0.35728105E+003
  0.00000000E+000  0.00000000E+000  0.00000000E+000  0.00000000E+000  0.89257306E-002  0.14323177E+000  0.35057278E+001  0.29842119E+002  0.74485366E+002  0.19066982E+003  0.35728029E+003
  0.00000000E+000  0.00000000E+000  0.00000000E+000  0.00000000E+000  0.89257537E-002  0.14323179E+000  0.35057335E+001  0.29842175E+002  0.74485399E+002  0.19066964E+003  0.35727955E+003
  0.00000000E+000  0.00000000E+000  0.00000000E+000  0.00000000E+000  0.89257758E-002  0.14323183E+000  0.35057385E+001  0.29842232E+002  0.74485437E+002  0.19066946E+003  0.35727883E+003
  0.00000000E+000  0.00000000E+000  0.00000000E+000  0.00000000E+000  0.89257964E-002  0.14323188E+000  0.35057430E+001  0.29842288E+002  0.74485480E+002  0.19066931E+003  0.35727813E+003
  0.00000000E+000  0.00000000E+000  0.00000000E+000  0.00000000E+000  0.89258152E-002  0.14323193E+000  0.35057469E+001  0.29842344E+002  0.74485527E+002  0.19066916E+003  0.35727746E+003
  0.00000000E+000  0.00000000E+000  0.00000000E+000  0.00000000E+000  0.89258320E-002  0.14323200E+000  0.35057503E+001  0.29842400E+002  0.74485579E+002  0.19066903E+003  0.35727681E+003
  0.00000000E+000  0.00000000E+000  0.00000000E+000  0.00000000E+000  0.89258464E-002  0.14323207E+000  0.35057533E+001  0.29842455E+002  0.74485635E+002  0.19066892E+003  0.35727618E+003
  0.00000000E+000  0.00000000E+000  0.00000000E+000  0.00000000E+000  0.89258582E-002  0.14323214E+000  0.35057558E+001  0.29842510E+002  0.74485695E+002  0.19066882E+003  0.35727559E+003
  0.00000000E+000  0.00000000E+000  0.00000000E+000  0.00000000E+000  0.89258671E-002  0.14323221E+000  0.35057580E+001  0.29842564E+002  0.74485758E+002  0.19066874E+003  0.35727502E+003
  0.00000000E+000  0.00000000E+000  0.00000000E+000  0.00000000E+000  0.89258727E-002  0.14323228E+000  0.35057599E+001  0.29842617E+002  0.74485826E+002  0.19066868E+003  0.35727448E+003
  0.00000000E+000  0.00000000E+000  0.00000000E+000  0.00000000E+000  0.89258749E-002  0.14323235E+000  0.35057615E+001  0.29842670E+002  0.74485897E+002  0.19066863E+003  0.35727396E+003
  0.00000000E+000  0.00000000E+000  0.00000000E+000  0.00000000E+000  0.89258735E-002  0.14323241E+000  0.35057628E+001  0.29842722E+002  0.74485971E+002  0.19066859E+003  0.35727348E+003
  0.00000000E+000  0.00000000E+000  0.00000000E+000  0.00000000E+000  0.89258681E-002  0.14323246E+000  0.35057639E+001  0.29842772E+002  0.74486047E+002  0.19066857E+003  0.35727303E+003
  0.00000000E+000  0.00000000E+000  0.00000000E+000  0.00000000E+000  0.89258586E-002  0.14323250E+000  0.35057647E+001  0.29842822E+002  0.74486126E+002  0.19066857E+003  0.35727261E+003
  0.00000000E+000  0.00000000E+000  0.00000000E+000  0.00000000E+000  0.89258448E-002  0.14323253E+000  0.35057654E+001  0.29842870E+002  0.74486208E+002  0.19066858E+003  0.35727222E+003
  0.00000000E+000  0.00000000E+000  0.00000000E+000  0.00000000E+000  0.89258264E-002  0.14323254E+000  0.35057658E+001  0.29842916E+002  0.74486291E+002  0.19066860E+003  0.35727185E+003
  0.00000000E+000  0.00000000E+000  0.00000000E+000  0.00000000E+000  0.89258032E-002  0.14323254E+000  0.35057661E+001  0.29842962E+002  0.74486376E+002  0.19066864E+003  0.35727152E+003
  0.00000000E+000  0.00000000E+000  0.00000000E+000  0.00000000E+000  0.89257752E-002  0.14323251E+000  0.35057662E+001  0.29843005E+002  0.74486462E+002  0.19066869E+003  0.35727122E+003
  0.00000000E+000  0.00000000E+000  0.00000000E+000  0.00000000E+000  0.89257421E-002  0.14323247E+000  0.35057662E+001  0.29843048E+002  0.74486550E+002  0.19066875E+003  0.35727095E+003
  0.00000000E+000  0.00000000E+000  0.00000000E+000  0.00000000E+000  0.89257038E-002  0.14323240E+000  0.35057660E+001  0.29843088E+002  0.74486637E+002  0.19066883E+003  0.35727071E+003
  0.00000000E+000  0.00000000E+000  0.00000000E+000  0.00000000E+000  0.89256602E-002  0.14323230E+000  0.35057657E+001  0.29843127E+002  0.74486726E+002  0.19066892E+003  0.35727050E+003
  0.00000000E+000  0.00000000E+000  0.00000000E+000  0.00000000E+000  0.89256110E-002  0.14323218E+000  0.35057652E+001  0.29843165E+002  0.74486814E+002  0.19066902E+003  0.35727032E+003
  0.00000000E+000  0.00000000E+000  0.00000000E+000  0.00000000E+000  0.89255562E-002  0.14323203E+000  0.35057645E+001  0.29843200E+002  0.74486902E+002  0.19066913E+003  0.35727017E+003
  0.00000000E+000  0.00000000E+000  0.00000000E+000  0.00000000E+000  0.89254957E-002  0.14323185E+000  0.35057636E+001  0.29843234E+002  0.74486989E+002  0.19066925E+003  0.35727004E+003
  0.00000000E+000  0.00000000E+000  0.00000000E+000  0.00000000E+000  0.89254294E-002  0.14323163E+000  0.35057626E+001  0.29843266E+002  0.74487075E+002  0.19066938E+003  0.35726995E+003
  0.00000000E+000  0.00000000E+000  0.00000000E+000  0.00000000E+000  0.89253572E-002  0.14323137E+000  0.35057613E+001  0.29843296E+002  0.74487160E+002  0.19066951E+003  0.35726987E+003
  0.00000000E+000  0.00000000E+000  0.00000000E+000  0.00000000E+000  0.89252790E-002  0.14323108E+000  0.35057598E+001  0.29843324E+002  0.74487244E+002  0.19066966E+003  0.35726983E+003
  0.00000000E+000  0.00000000E+000  0.00000000E+000  0.00000000E+000  0.89251949E-002  0.14323075E+000  0.35057581E+001  0.29843350E+002  0.74487326E+002  0.19066981E+003  0.35726981E+003
  0.00000000E+000  0.00000000E+000  0.00000000E+000  0.00000000E+000  0.89251046E-002  0.14323037E+000  0.35057560E+001  0.29843375E+002  0.74487406E+002  0.19066996E+003  0.35726981E+003
  0.00000000E+000  0.00000000E+000  0.00000000E+000  0.00000000E+000  0.89250083E-002  0.14322995E+000  0.35057537E+001  0.29843397E+002  0.74487484E+002  0.19067012E+003  0.35726983E+003
  0.00000000E+000  0.00000000E+000  0.00000000E+000  0.00000000E+000  0.89249060E-002  0.14322948E+000  0.35057509E+001  0.29843418E+002  0.74487559E+002  0.19067029E+003  0.35726988E+003
  0.00000000E+000  0.00000000E+000  0.00000000E+000  0.00000000E+000  0.89247975E-002  0.14322897E+000  0.35057478E+001  0.29843437E+002  0.74487631E+002  0.19067046E+003  0.35726995E+003
  0.00000000E+000  0.00000000E+000  0.00000000E+000  0.00000000E+000  0.89246830E-002  0.14322840E+000  0.35057442E+001  0.29843453E+002  0.74487701E+002  0.19067063E+003  0.35727004E+003
  0.00000000E+000  0.00000000E+000  0.00000000E+000  0.00000000E+000  0.89245625E-002  0.14322778E+000  0.35057401E+001  0.29843468E+002  0.74487767E+002  0.19067080E+003  0.35727014E+003
  0.00000000E+000  0.00000000E+000  0.00000000E+000  0.00000000E+000  0.89244360E-002  0.14322710E+000  0.35057354E+001  0.29843480E+002  0.74487831E+002  0.19067097E+003  0.35727026E+003
  0.00000000E+000  0.00000000E+000  0.00000000E+000  0.00000000E+000  0.89243036E-002  0.14322637E+000  0.35057301E+001  0.29843490E+002  0.74487890E+002  0.19067114E+003  0.35727040E+003
  0.00000000E+000  0.00000000E+000  0.00000000E+000  0.00000000E+000  0.89241652E-002  0.14322558E+000  0.35057241E+001  0.29843498E+002  0.74487945E+002  0.19067132E+003  0.35727056E+003
  0.00000000E+000  0.00000000E+000  0.00000000E+000  0.00000000E+000  0.89240211E-002  0.14322473E+000  0.35057173E+001  0.29843503E+002  0.74487997E+002  0.19067149E+003  0.35727073E+003
  0.00000000E+000  0.00000000E+000  0.00000000E+000  0.00000000E+000  0.89238712E-002  0.14322381E+000  0.35057096E+001  0.29843505E+002  0.74488043E+002  0.19067166E+003  0.35727091E+003
  0.00000000E+000  0.00000000E+000  0.00000000E+000  0.00000000E+000  0.89237155E-002  0.14322284E+000  0.35057010E+001  0.29843505E+002  0.74488085E+002  0.19067182E+003  0.35727110E+003
  0.00000000E+000  0.00000000E+000  0.00000000E+000  0.00000000E+000  0.89235541E-002  0.14322180E+000  0.35056914E+001  0.29843501E+002  0.74488122E+002  0.19067198E+003  0.35727130E+003
  0.00000000E+000  0.00000000E+000  0.00000000E+000  0.00000000E+000  0.89233868E-002  0.14322069E+000  0.35056806E+001  0.29843494E+002  0.74488152E+002  0.19067214E+003  0.35727152E+003
  0.00000000E+000  0.00000000E+000  0.00000000E+000  0.00000000E+000  0.89232132E-002  0.14321952E+000  0.35056686E+001  0.29843482E+002  0.74488177E+002  0.19067228E+003  0.35727174E+003
  0.00000000E+000  0.00000000E+000  0.00000000E+000  0.00000000E+000  0.89230326E-002  0.14321827E+000  0.35056552E+001  0.29843466E+002  0.74488194E+002  0.19067242E+003  0.35727196E+003
  0.00000000E+000  0.00000000E+000  0.00000000E+000  0.00000000E+000  0.89228438E-002  0.14321694E+000  0.35056403E+001  0.29843446E+002  0.74488203E+002  0.19067256E+003  0.35727220E+003
  0.00000000E+000  0.00000000E+000  0.00000000E+000  0.00000000E+000  0.89226451E-002  0.14321552E+000  0.35056237E+001  0.29843419E+002  0.74488202E+002  0.19067267E+003  0.35727243E+003
  0.00000000E+000  0.00000000E+000  0.00000000E+000  0.00000000E+000  0.89224347E-002  0.14321401E+000  0.35056052E+001  0.29843386E+002  0.74488191E+002  0.19067278E+003  0.35727266E+003
  0.00000000E+000  0.00000000E+000  0.00000000E+000  0.00000000E+000  0.89222130E-002  0.14321242E+000  0.35055850E+001  0.29843346E+002  0.74488168E+002  0.19067286E+003  0.35727288E+003
  0.00000000E+000  0.00000000E+000  0.00000000E+000  0.00000000E+000  0.89219833E-002  0.14321078E+000  0.35055636E+001  0.29843298E+002  0.74488132E+002  0.19067293E+003  0.35727310E+003
  0.00000000E+000  0.00000000E+000  0.00000000E+000  0.00000000E+000  0.89217540E-002  0.14320916E+000  0.35055415E+001  0.29843243E+002  0.74488082E+002  0.19067298E+003  0.35727332E+003
  0.00000000E+000  0.00000000E+000  0.00000000E+000  0.00000000E+000  0.89215203E-002  0.14320751E+000  0.35055187E+001  0.29843180E+002  0.74488016E+002  0.19067300E+003  0.35727351E+003
  0.00000000E+000  0.00000000E+000  0.00000000E+000  0.00000000E+000  0.89212445E-002  0.14320564E+000  0.35054900E+001  0.29843097E+002  0.74487908E+002  0.19067292E+003  0.35727352E+003
  0.00000000E+000  0.00000000E+000  0.00000000E+000  0.00000000E+000  0.89209419E-002  0.14320347E+000  0.35054574E+001  0.29842997E+002  0.74487764E+002  0.19067274E+003  0.35727338E+003
