  0.12609251E+001  0.79278544E+000  0.56360174E+001  0.73587930E+002
  0.12597750E+001  0.79242285E+000  0.56358127E+001  0.73591788E+002
  0.12582121E+001  0.78759814E+000  0.56387363E+001  0.73597283E+002
  0.12550224E+001  0.79383037E+000  0.56317939E+001  0.73602998E+002
  0.12555547E+001  0.79201054E+000  0.56326905E+001  0.73604979E+002
  0.12564248E+001  0.79181762E+000  0.56267330E+001  0.73611642E+002
  0.12567854E+001  0.79127868E+000  0.56266369E+001  0.73613120E+002
  0.12568864E+001  0.79296853E+000  0.56245927E+001  0.73614423E+002
  0.12569375E+001  0.79279257E+000  0.56028610E+001  0.73637202E+002
  0.12569045E+001  0.79401123E+000  0.55993488E+001  0.73640343E+002
  0.12534919E+001  0.80118493E+000  0.54924561E+001  0.73744199E+002
  0.12534747E+001  0.80088754E+000  0.54907073E+001  0.73746913E+002
  0.12541504E+001  0.80011755E+000  0.54898966E+001  0.73748406E+002
  0.12539591E+001  0.80300992E+000  0.54862253E+001  0.73749912E+002
  0.12539522E+001  0.80308031E+000  0.54855775E+001  0.73750988E+002
  0.12543910E+001  0.80255441E+000  0.54851939E+001  0.73751912E+002
  0.12543878E+001  0.80277832E+000  0.54845965E+001  0.73752710E+002
  0.12543831E+001  0.80419057E+000  0.54828903E+001  0.73753404E+002
  0.12543769E+001  0.80415783E+000  0.54826952E+001  0.73754010E+002
  0.12543697E+001  0.80412208E+000  0.54825584E+001  0.73754543E+002
  0.12543642E+001  0.80420331E+000  0.54823480E+001  0.73755013E+002
  0.12543555E+001  0.80416387E+000  0.54822699E+001  0.73755462E+002
  0.12543463E+001  0.80412346E+000  0.54821728E+001  0.73755919E+002
  0.12543367E+001  0.80411957E+000  0.54820670E+001  0.73756338E+002
  0.12543269E+001  0.80407845E+000  0.54820218E+001  0.73756727E+002
  0.12543169E+001  0.80403738E+000  0.54819964E+001  0.73757088E+002
  0.12548715E+001  0.80343200E+000  0.54819877E+001  0.73757427E+002
  0.12548547E+001  0.80339840E+000  0.54819928E+001  0.73757748E+002
  0.12548446E+001  0.80335856E+000  0.54820096E+001  0.73758052E+002
  0.12548347E+001  0.80331933E+000  0.54820361E+001  0.73758343E+002
  0.12548250E+001  0.80327616E+000  0.54820748E+001  0.73758624E+002
  0.12548155E+001  0.80323836E+000  0.54821159E+001  0.73758896E+002
  0.12548061E+001  0.80320134E+000  0.54821619E+001  0.73759160E+002
  0.12547970E+001  0.80316515E+000  0.54822120E+001  0.73759419E+002
  0.12547882E+001  0.80312983E+000  0.54822655E+001  0.73759674E+002
  0.12547797E+001  0.80309541E+000  0.54823217E+001  0.73759925E+002
  0.12547714E+001  0.80306192E+000  0.54823800E+001  0.73760173E+002
  0.12547635E+001  0.80302940E+000  0.54824399E+001  0.73760420E+002
  0.12547559E+001  0.80299786E+000  0.54825011E+001  0.73760665E+002
  0.12547486E+001  0.80296735E+000  0.54825631E+001  0.73760910E+002
  0.12547417E+001  0.80293788E+000  0.54826256E+001  0.73761155E+002
  0.12547351E+001  0.80290948E+000  0.54826884E+001  0.73761400E+002
  0.12547288E+001  0.80288217E+000  0.54827511E+001  0.73761645E+002
  0.12547228E+001  0.80285598E+000  0.54828137E+001  0.73761892E+002
  0.12547172E+001  0.80283093E+000  0.54828759E+001  0.73762141E+002
  0.12547119E+001  0.80280704E+000  0.54829375E+001  0.73762391E+002
  0.12547069E+001  0.80278433E+000  0.54829985E+001  0.73762644E+002
  0.12547022E+001  0.80276280E+000  0.54830587E+001  0.73762899E+002
  0.12546978E+001  0.80274247E+000  0.54831179E+001  0.73763158E+002
  0.12546936E+001  0.80272333E+000  0.54831760E+001  0.73763419E+002
  0.12546896E+001  0.80270540E+000  0.54832330E+001  0.73763684E+002
  0.12546859E+001  0.80268866E+000  0.54832886E+001  0.73763954E+002
  0.12546824E+001  0.80267309E+000  0.54833429E+001  0.73764227E+002
  0.12546790E+001  0.80265869E+000  0.54833957E+001  0.73764506E+002
  0.12546758E+001  0.80264542E+000  0.54834470E+001  0.73764789E+002
  0.12546726E+001  0.80263325E+000  0.54834967E+001  0.73765079E+002
  0.12546695E+001  0.80262215E+000  0.54835447E+001  0.73765374E+002
  0.12546664E+001  0.80261207E+000  0.54835911E+001  0.73765675E+002
  0.12546633E+001  0.80260296E+000  0.54836358E+001  0.73765982E+002
  0.12546602E+001  0.80259475E+000  0.54836789E+001  0.73766297E+002
  0.12546570E+001  0.80258737E+000  0.54837203E+001  0.73766618E+002
  0.12546537E+001  0.80258077E+000  0.54837601E+001  0.73766946E+002
  0.12546502E+001  0.80257485E+000  0.54837983E+001  0.73767282E+002
  0.12546466E+001  0.80256954E+000  0.54838351E+001  0.73767625E+002
  0.12546428E+001  0.80256476E+000  0.54838703E+001  0.73767975E+002
  0.12546389E+001  0.80256042E+000  0.54839042E+001  0.73768332E+002
  0.12546347E+001  0.80255644E+000  0.54839368E+001  0.73768696E+002
  0.12546303E+001  0.80255275E+000  0.54839681E+001  0.73769068E+002
  0.12546256E+001  0.80254928E+000  0.54839982E+001  0.73769445E+002
  0.12546208E+001  0.80254597E+000  0.54840272E+001  0.73769830E+002
  0.12546157E+001  0.80254276E+000  0.54840551E+001  0.73770220E+002
  0.12546104E+001  0.80253961E+000  0.54840820E+001  0.73770615E+002
  0.12546049E+001  0.80253648E+000  0.54841078E+001  0.73771016E+002
  0.12545914E+001  0.80254109E+000  0.54841327E+001  0.73771422E+002
  0.12545856E+001  0.80253796E+000  0.54841566E+001  0.73771831E+002
  0.12545796E+001  0.80253481E+000  0.54841795E+001  0.73772244E+002
  0.12545735E+001  0.80253166E+000  0.54842015E+001  0.73772661E+002
  0.12545673E+001  0.80252850E+000  0.54842226E+001  0.73773080E+002
  0.12545610E+001  0.80252536E+000  0.54842427E+001  0.73773500E+002
  0.12545548E+001  0.80252225E+000  0.54842619E+001  0.73773923E+002
  0.12545485E+001  0.80251920E+000  0.54842803E+001  0.73774346E+002
  0.12545423E+001  0.80251621E+000  0.54842978E+001  0.73774771E+002
  0.12545361E+001  0.80251331E+000  0.54843144E+001  0.73775195E+002
  0.12545301E+001  0.80251052E+000  0.54843303E+001  0.73775620E+002
  0.12545242E+001  0.80250785E+000  0.54843454E+001  0.73776044E+002
  0.12545184E+001  0.80250531E+000  0.54843599E+001  0.73776468E+002
  0.12545129E+001  0.80250291E+000  0.54843737E+001  0.73776892E+002
  0.12545075E+001  0.80250066E+000  0.54843870E+001  0.73777314E+002
  0.12545024E+001  0.80249856E+000  0.54843998E+001  0.73777736E+002
  0.12544975E+001  0.80249661E+000  0.54844123E+001  0.73778157E+002
  0.12544929E+001  0.80249480E+000  0.54844244E+001  0.73778578E+002
  0.12544885E+001  0.80249312E+000  0.54844363E+001  0.73778998E+002
  0.12544845E+001  0.80249158E+000  0.54844479E+001  0.73779417E+002
  0.12544807E+001  0.80249016E+000  0.54844595E+001  0.73779836E+002
  0.12544773E+001  0.80248885E+000  0.54844710E+001  0.73780255E+002
  0.12544741E+001  0.80248764E+000  0.54844825E+001  0.73780674E+002
  0.12544713E+001  0.80248652E+000  0.54844941E+001  0.73781093E+002
  0.12544688E+001  0.80248547E+000  0.54845057E+001  0.73781512E+002
  0.12544666E+001  0.80248449E+000  0.54845175E+001  0.73781931E+002
  0.12544647E+001  0.80248356E+000  0.54845295E+001  0.73782351E+002
  0.12544632E+001  0.80248266E+000  0.54845417E+001  0.73782771E+002
  0.12544619E+001  0.80248180E+000  0.54845541E+001  0.73783191E+002
  0.12544609E+001  0.80248095E+000  0.54845667E+001  0.73783613E+002
  0.12544602E+001  0.80248010E+000  0.54845796E+001  0.73784035E+002
  0.12544598E+001  0.80247926E+000  0.54845928E+001  0.73784457E+002
  0.12544597E+001  0.80247840E+000  0.54846062E+001  0.73784881E+002
  0.12544599E+001  0.80247753E+000  0.54846198E+001  0.73785305E+002
  0.12544602E+001  0.80247663E+000  0.54846337E+001  0.73785730E+002
  0.12544609E+001  0.80247570E+000  0.54846478E+001  0.73786155E+002
  0.12544617E+001  0.80247474E+000  0.54846621E+001  0.73786581E+002
  0.12544627E+001  0.80247373E+000  0.54846766E+001  0.73787007E+002
  0.12544640E+001  0.80247269E+000  0.54846913E+001  0.73787434E+002
  0.12544654E+001  0.80247160E+000  0.54847060E+001  0.73787860E+002
  0.12544669E+001  0.80247046E+000  0.54847208E+001  0.73788287E+002
  0.12544686E+001  0.80246928E+000  0.54847356E+001  0.73788715E+002
  0.12544705E+001  0.80246806E+000  0.54847504E+001  0.73789142E+002
  0.12544724E+001  0.80246679E+000  0.54847652E+001  0.73789568E+002
  0.12544744E+001  0.80246547E+000  0.54847798E+001  0.73789995E+002
  0.12544764E+001  0.80246412E+000  0.54847942E+001  0.73790421E+002
  0.12544785E+001  0.80246273E+000  0.54848084E+001  0.73790846E+002
  0.12544806E+001  0.80246131E+000  0.54848223E+001  0.73791270E+002
  0.12544827E+001  0.80245985E+000  0.54848358E+001  0.73791694E+002
  0.12544848E+001  0.80245838E+000  0.54848489E+001  0.73792116E+002
  0.12544869E+001  0.80245688E+000  0.54848616E+001  0.73792537E+002
  0.12544889E+001  0.80245537E+000  0.54848737E+001  0.73792956E+002
  0.12544908E+001  0.80245385E+000  0.54848853E+001  0.73793373E+002
  0.12544926E+001  0.80245233E+000  0.54848962E+001  0.73793788E+002
  0.12544944E+001  0.80245081E+000  0.54849065E+001  0.73794202E+002
  0.12544960E+001  0.80244929E+000  0.54849160E+001  0.73794612E+002
  0.12544975E+001  0.80244779E+000  0.54849248E+001  0.73795021E+002
  0.12544989E+001  0.80244631E+000  0.54849329E+001  0.73795426E+002
  0.12545001E+001  0.80244485E+000  0.54849401E+001  0.73795828E+002
  0.12545011E+001  0.80244341E+000  0.54849464E+001  0.73796227E+002
  0.12545020E+001  0.80244200E+000  0.54849519E+001  0.73796623E+002
  0.12545027E+001  0.80244062E+000  0.54849565E+001  0.73797014E+002
  0.12545033E+001  0.80243928E+000  0.54849603E+001  0.73797402E+002
  0.12545036E+001  0.80243797E+000  0.54849631E+001  0.73797786E+002
  0.12545038E+001  0.80243670E+000  0.54849651E+001  0.73798165E+002
  0.12545038E+001  0.80243547E+000  0.54849661E+001  0.73798539E+002
  0.12545036E+001  0.80243427E+000  0.54849664E+001  0.73798909E+002
  0.12545032E+001  0.80243311E+000  0.54849657E+001  0.73799273E+002
  0.12545027E+001  0.80243199E+000  0.54849643E+001  0.73799632E+002
  0.12545020E+001  0.80243090E+000  0.54849621E+001  0.73799985E+002
  0.12545011E+001  0.80242985E+000  0.54849591E+001  0.73800333E+002
  0.12545001E+001  0.80242882E+000  0.54849553E+001  0.73800675E+002
  0.12544989E+001  0.80242782E+000  0.54849509E+001  0.73801011E+002
  0.12544976E+001  0.80242685E+000  0.54849459E+001  0.73801340E+002
  0.12544962E+001  0.80242589E+000  0.54849402E+001  0.73801662E+002
  0.12544946E+001  0.80242495E+000  0.54849340E+001  0.73801978E+002
  0.12544930E+001  0.80242402E+000  0.54849273E+001  0.73802288E+002
  0.12544912E+001  0.80242311E+000  0.54849201E+001  0.73802590E+002
  0.12544894E+001  0.80242220E+000  0.54849125E+001  0.73802885E+002
  0.12544874E+001  0.80242128E+000  0.54849046E+001  0.73803172E+002
  0.12544854E+001  0.80242037E+000  0.54848963E+001  0.73803452E+002
  0.12544834E+001  0.80241945E+000  0.54848877E+001  0.73803725E+002
  0.12544813E+001  0.80241852E+000  0.54848789E+001  0.73803990E+002
  0.12544792E+001  0.80241757E+000  0.54848698E+001  0.73804248E+002
  0.12544770E+001  0.80241661E+000  0.54848606E+001  0.73804497E+002
  0.12544748E+001  0.80241562E+000  0.54848513E+001  0.73804739E+002
  0.12544726E+001  0.80241460E+000  0.54848419E+001  0.73804973E+002
  0.12544704E+001  0.80241356E+000  0.54848323E+001  0.73805199E+002
  0.12544681E+001  0.80241247E+000  0.54848227E+001  0.73805417E+002
  0.12544659E+001  0.80241135E+000  0.54848131E+001  0.73805627E+002
  0.12544636E+001  0.80241018E+000  0.54848034E+001  0.73805829E+002
  0.12544614E+001  0.80240897E+000  0.54847936E+001  0.73806022E+002
  0.12544591E+001  0.80240769E+000  0.54847838E+001  0.73806208E+002
  0.12544568E+001  0.80240636E+000  0.54847740E+001  0.73806386E+002
  0.12544545E+001  0.80240496E+000  0.54847642E+001  0.73806555E+002
  0.12544522E+001  0.80240349E+000  0.54847542E+001  0.73806717E+002
  0.12544498E+001  0.80240193E+000  0.54847442E+001  0.73806870E+002
  0.12544474E+001  0.80240029E+000  0.54847340E+001  0.73807015E+002
  0.12544450E+001  0.80239854E+000  0.54847237E+001  0.73807152E+002
  0.12544425E+001  0.80239669E+000  0.54847132E+001  0.73807280E+002
  0.12544399E+001  0.80239472E+000  0.54847024E+001  0.73807400E+002
  0.12544372E+001  0.80239261E+000  0.54846912E+001  0.73807511E+002
  0.12544344E+001  0.80239037E+000  0.54846797E+001  0.73807614E+002
  0.12544314E+001  0.80238796E+000  0.54846678E+001  0.73807707E+002
  0.12544283E+001  0.80238538E+000  0.54846552E+001  0.73807792E+002
  0.12544251E+001  0.80238261E+000  0.54846420E+001  0.73807867E+002
  0.12544216E+001  0.80237964E+000  0.54846281E+001  0.73807932E+002
  0.12544178E+001  0.80237644E+000  0.54846132E+001  0.73807987E+002
  0.12544138E+001  0.80237298E+000  0.54845974E+001  0.73808031E+002
  0.12544094E+001  0.80236926E+000  0.54845804E+001  0.73808064E+002
  0.12544047E+001  0.80236525E+000  0.54845621E+001  0.73808085E+002
  0.12543997E+001  0.80236092E+000  0.54845423E+001  0.73808093E+002
  0.12543941E+001  0.80235624E+000  0.54845209E+001  0.73808087E+002
  0.12543881E+001  0.80235119E+000  0.54844977E+001  0.73808066E+002
  0.12543816E+001  0.80234573E+000  0.54844724E+001  0.73808028E+002
  0.12543744E+001  0.80233983E+000  0.54844449E+001  0.73807974E+002
  0.12543666E+001  0.80233347E+000  0.54844149E+001  0.73807899E+002
  0.12543582E+001  0.80232660E+000  0.54843823E+001  0.73807804E+002
  0.12543489E+001  0.80231918E+000  0.54843468E+001  0.73807685E+002
  0.12543388E+001  0.80231117E+000  0.54843081E+001  0.73807541E+002
  0.12543278E+001  0.80230252E+000  0.54842660E+001  0.73807368E+002
  0.12543159E+001  0.80229316E+000  0.54842202E+001  0.73807164E+002
  0.12543029E+001  0.80228309E+000  0.54841707E+001  0.73806927E+002
  0.12542888E+001  0.80227213E+000  0.54841176E+001  0.73806650E+002
  0.12542735E+001  0.80226039E+000  0.54840625E+001  0.73806332E+002
  0.12542564E+001  0.80224651E+000  0.54839971E+001  0.73805965E+002
  0.12542383E+001  0.80223131E+000  0.54839153E+001  0.73805580E+002
