  0.21503135E-001  0.20337940E+000  0.17619700E+001  0.79290806E+002
  0.21408857E-001  0.20323212E+000  0.17612660E+001  0.79293892E+002
  0.21160930E-001  0.20306168E+000  0.17609735E+001  0.79296634E+002
  0.21104881E-001  0.20280636E+000  0.17607589E+001  0.79298975E+002
  0.21063336E-001  0.20261157E+000  0.17606149E+001  0.79300945E+002
  0.21033298E-001  0.20246500E+000  0.17605146E+001  0.79302605E+002
  0.21214469E-001  0.20215461E+000  0.17604478E+001  0.79304005E+002
  0.21215904E-001  0.20206128E+000  0.17604066E+001  0.79305188E+002
  0.21202237E-001  0.20201241E+000  0.17603847E+001  0.79306194E+002
  0.21193114E-001  0.20198116E+000  0.17603787E+001  0.79307055E+002
  0.21187766E-001  0.20196393E+000  0.17603847E+001  0.79307797E+002
  0.21185618E-001  0.20195897E+000  0.17603986E+001  0.79308440E+002
  0.21186318E-001  0.20196734E+000  0.17604146E+001  0.79309003E+002
  0.21189390E-001  0.20198634E+000  0.17604320E+001  0.79309499E+002
  0.21194421E-001  0.20201381E+000  0.17604503E+001  0.79309940E+002
  0.21201044E-001  0.20204590E+000  0.17604714E+001  0.79310333E+002
  0.21208945E-001  0.20208110E+000  0.17604951E+001  0.79310689E+002
  0.21217854E-001  0.20211874E+000  0.17605209E+001  0.79311011E+002
  0.21227541E-001  0.20215829E+000  0.17605483E+001  0.79311307E+002
  0.21237812E-001  0.20219934E+000  0.17605768E+001  0.79311579E+002
  0.21248502E-001  0.20224153E+000  0.17606063E+001  0.79311833E+002
  0.21259473E-001  0.20228457E+000  0.17606363E+001  0.79312071E+002
  0.21270597E-001  0.20232823E+000  0.17606668E+001  0.79312296E+002
  0.21281773E-001  0.20237232E+000  0.17606975E+001  0.79312511E+002
  0.21292921E-001  0.20241668E+000  0.17607283E+001  0.79312716E+002
  0.21303976E-001  0.20246115E+000  0.17607591E+001  0.79312915E+002
  0.21314884E-001  0.20250563E+000  0.17607898E+001  0.79313109E+002
  0.21325601E-001  0.20255000E+000  0.17608203E+001  0.79313298E+002
  0.21336091E-001  0.20259418E+000  0.17608506E+001  0.79313485E+002
  0.21346325E-001  0.20263811E+000  0.17608807E+001  0.79313669E+002
  0.21356281E-001  0.20268171E+000  0.17609106E+001  0.79313852E+002
  0.21365942E-001  0.20272494E+000  0.17609403E+001  0.79314035E+002
  0.21375297E-001  0.20276775E+000  0.17609699E+001  0.79314217E+002
  0.21384339E-001  0.20281009E+000  0.17609993E+001  0.79314400E+002
  0.21393063E-001  0.20285193E+000  0.17610286E+001  0.79314584E+002
  0.21401468E-001  0.20289322E+000  0.17610580E+001  0.79314770E+002
  0.21409554E-001  0.20293392E+000  0.17610873E+001  0.79314957E+002
  0.21417326E-001  0.20297400E+000  0.17611166E+001  0.79315145E+002
  0.21424789E-001  0.20301342E+000  0.17611459E+001  0.79315337E+002
  0.21431948E-001  0.20305214E+000  0.17611754E+001  0.79315530E+002
  0.21438812E-001  0.20309012E+000  0.17612049E+001  0.79315727E+002
  0.21445389E-001  0.20312732E+000  0.17612345E+001  0.79315926E+002
  0.21451687E-001  0.20316372E+000  0.17612641E+001  0.79316129E+002
  0.21457714E-001  0.20319927E+000  0.17612939E+001  0.79316335E+002
  0.21463479E-001  0.20323395E+000  0.17613237E+001  0.79316544E+002
  0.21468990E-001  0.20326773E+000  0.17613536E+001  0.79316758E+002
  0.21474252E-001  0.20330058E+000  0.17613836E+001  0.79316976E+002
  0.21479274E-001  0.20333247E+000  0.17614136E+001  0.79317198E+002
  0.21484060E-001  0.20336338E+000  0.17614437E+001  0.79317425E+002
  0.21488617E-001  0.20339331E+000  0.17614738E+001  0.79317657E+002
  0.21492948E-001  0.20342223E+000  0.17615040E+001  0.79317894E+002
  0.21497059E-001  0.20345014E+000  0.17615343E+001  0.79318136E+002
  0.21500953E-001  0.20347703E+000  0.17615647E+001  0.79318384E+002
  0.21504635E-001  0.20350289E+000  0.17615953E+001  0.79318637E+002
  0.21508108E-001  0.20352774E+000  0.17616260E+001  0.79318896E+002
  0.21511375E-001  0.20355156E+000  0.17616569E+001  0.79319162E+002
  0.21514441E-001  0.20357437E+000  0.17616880E+001  0.79319434E+002
  0.21517310E-001  0.20359616E+000  0.17617195E+001  0.79319712E+002
  0.21519986E-001  0.20361696E+000  0.17617512E+001  0.79319997E+002
  0.21522474E-001  0.20363677E+000  0.17617833E+001  0.79320289E+002
  0.21524778E-001  0.20365560E+000  0.17618159E+001  0.79320587E+002
  0.21526904E-001  0.20367347E+000  0.17618488E+001  0.79320892E+002
  0.21528859E-001  0.20369039E+000  0.17618822E+001  0.79321205E+002
  0.21530647E-001  0.20370638E+000  0.17619161E+001  0.79321523E+002
  0.21532275E-001  0.20372145E+000  0.17619505E+001  0.79321849E+002
  0.21533749E-001  0.20373562E+000  0.17619853E+001  0.79322182E+002
  0.21535077E-001  0.20374891E+000  0.17620205E+001  0.79322520E+002
  0.21536265E-001  0.20376134E+000  0.17620561E+001  0.79322866E+002
  0.21537320E-001  0.20377294E+000  0.17620921E+001  0.79323217E+002
  0.21538248E-001  0.20378372E+000  0.17621283E+001  0.79323574E+002
  0.21539057E-001  0.20379371E+000  0.17621646E+001  0.79323937E+002
  0.21539754E-001  0.20380293E+000  0.17622010E+001  0.79324304E+002
  0.21540344E-001  0.20381142E+000  0.17622373E+001  0.79324677E+002
  0.21540835E-001  0.20381920E+000  0.17622734E+001  0.79325054E+002
  0.21541233E-001  0.20382631E+000  0.17623092E+001  0.79325435E+002
  0.21541544E-001  0.20383276E+000  0.17623445E+001  0.79325820E+002
  0.21541775E-001  0.20383859E+000  0.17623793E+001  0.79326208E+002
  0.21541930E-001  0.20384383E+000  0.17624133E+001  0.79326600E+002
  0.21542016E-001  0.20384742E+000  0.17624476E+001  0.79326993E+002
  0.21542039E-001  0.20384737E+000  0.17624841E+001  0.79327389E+002
  0.21542002E-001  0.20384771E+000  0.17625187E+001  0.79327787E+002
  0.21541912E-001  0.20384838E+000  0.17625513E+001  0.79328186E+002
  0.21541774E-001  0.20384932E+000  0.17625822E+001  0.79328587E+002
  0.21541590E-001  0.20385047E+000  0.17626112E+001  0.79328988E+002
  0.21541367E-001  0.20385179E+000  0.17626385E+001  0.79329391E+002
  0.21541108E-001  0.20385323E+000  0.17626641E+001  0.79329794E+002
  0.21540817E-001  0.20385476E+000  0.17626881E+001  0.79330198E+002
  0.21540496E-001  0.20385632E+000  0.17627107E+001  0.79330603E+002
  0.21540151E-001  0.20385789E+000  0.17627318E+001  0.79331008E+002
  0.21539784E-001  0.20385943E+000  0.17627518E+001  0.79331413E+002
  0.21539397E-001  0.20386092E+000  0.17627705E+001  0.79331820E+002
  0.21538993E-001  0.20386232E+000  0.17627883E+001  0.79332227E+002
  0.21538575E-001  0.20386362E+000  0.17628051E+001  0.79332635E+002
  0.21538146E-001  0.20386478E+000  0.17628211E+001  0.79333043E+002
  0.21537707E-001  0.20386579E+000  0.17628364E+001  0.79333453E+002
  0.21537260E-001  0.20386522E+000  0.17628525E+001  0.79333864E+002
  0.21536808E-001  0.20386342E+000  0.17628691E+001  0.79334276E+002
  0.21536353E-001  0.20386139E+000  0.17628852E+001  0.79334690E+002
  0.21535895E-001  0.20385915E+000  0.17629009E+001  0.79335104E+002
  0.21535437E-001  0.20385671E+000  0.17629161E+001  0.79335521E+002
  0.21534980E-001  0.20385408E+000  0.17629310E+001  0.79335939E+002
  0.21534526E-001  0.20385130E+000  0.17629454E+001  0.79336359E+002
  0.21534076E-001  0.20384836E+000  0.17629595E+001  0.79336780E+002
  0.21533632E-001  0.20384531E+000  0.17629730E+001  0.79337203E+002
  0.21533195E-001  0.20384215E+000  0.17629861E+001  0.79337629E+002
  0.21532765E-001  0.20383891E+000  0.17629986E+001  0.79338056E+002
  0.21532345E-001  0.20383561E+000  0.17630106E+001  0.79338484E+002
  0.21531935E-001  0.20383227E+000  0.17630219E+001  0.79338915E+002
  0.21531536E-001  0.20382891E+000  0.17630326E+001  0.79339347E+002
  0.21531150E-001  0.20382557E+000  0.17630425E+001  0.79339781E+002
  0.21530776E-001  0.20382224E+000  0.17630517E+001  0.79340216E+002
  0.21530415E-001  0.20381896E+000  0.17630600E+001  0.79340653E+002
  0.21530069E-001  0.20381575E+000  0.17630675E+001  0.79341091E+002
  0.21529737E-001  0.20381261E+000  0.17630741E+001  0.79341530E+002
  0.21529421E-001  0.20380957E+000  0.17630797E+001  0.79341970E+002
  0.21529119E-001  0.20380663E+000  0.17630844E+001  0.79342411E+002
  0.21528833E-001  0.20380382E+000  0.17630881E+001  0.79342853E+002
  0.21528563E-001  0.20380114E+000  0.17630908E+001  0.79343295E+002
  0.21528308E-001  0.20379859E+000  0.17630926E+001  0.79343737E+002
  0.21528068E-001  0.20379619E+000  0.17630933E+001  0.79344179E+002
  0.21527843E-001  0.20379394E+000  0.17630931E+001  0.79344620E+002
  0.21527634E-001  0.20379183E+000  0.17630919E+001  0.79345061E+002
  0.21527439E-001  0.20378989E+000  0.17630898E+001  0.79345501E+002
  0.21527258E-001  0.20378809E+000  0.17630869E+001  0.79345940E+002
  0.21527091E-001  0.20378644E+000  0.17630831E+001  0.79346378E+002
  0.21526937E-001  0.20378494E+000  0.17630785E+001  0.79346813E+002
  0.21526796E-001  0.20378358E+000  0.17630731E+001  0.79347247E+002
  0.21526666E-001  0.20378237E+000  0.17630671E+001  0.79347678E+002
  0.21526548E-001  0.20378128E+000  0.17630605E+001  0.79348106E+002
  0.21526441E-001  0.20378032E+000  0.17630533E+001  0.79348531E+002
  0.21526344E-001  0.20377947E+000  0.17630457E+001  0.79348953E+002
  0.21526256E-001  0.20377874E+000  0.17630376E+001  0.79349371E+002
  0.21526177E-001  0.20377811E+000  0.17630292E+001  0.79349785E+002
  0.21526105E-001  0.20377758E+000  0.17630205E+001  0.79350195E+002
  0.21526041E-001  0.20377713E+000  0.17630116E+001  0.79350600E+002
  0.21525984E-001  0.20377677E+000  0.17630026E+001  0.79351000E+002
  0.21525932E-001  0.20377647E+000  0.17629935E+001  0.79351395E+002
  0.21525886E-001  0.20377624E+000  0.17629843E+001  0.79351784E+002
  0.21525844E-001  0.20377607E+000  0.17629752E+001  0.79352168E+002
  0.21525807E-001  0.20377595E+000  0.17629662E+001  0.79352546E+002
  0.21525772E-001  0.20377588E+000  0.17629573E+001  0.79352917E+002
  0.21525741E-001  0.20377584E+000  0.17629486E+001  0.79353282E+002
  0.21525711E-001  0.20377583E+000  0.17629400E+001  0.79353640E+002
  0.21525684E-001  0.20377585E+000  0.17629317E+001  0.79353991E+002
  0.21525657E-001  0.20377560E+000  0.17629240E+001  0.79354335E+002
  0.21525632E-001  0.20377442E+000  0.17629174E+001  0.79354671E+002
  0.21525606E-001  0.20377328E+000  0.17629112E+001  0.79355001E+002
  0.21525580E-001  0.20377220E+000  0.17629052E+001  0.79355323E+002
  0.21525552E-001  0.20377117E+000  0.17628994E+001  0.79355637E+002
  0.21525524E-001  0.20377018E+000  0.17628940E+001  0.79355943E+002
  0.21525493E-001  0.20376922E+000  0.17628888E+001  0.79356241E+002
  0.21525460E-001  0.20376829E+000  0.17628839E+001  0.79356532E+002
  0.21525425E-001  0.20376740E+000  0.17628792E+001  0.79356814E+002
  0.21525385E-001  0.20376652E+000  0.17628749E+001  0.79357088E+002
  0.21525342E-001  0.20376566E+000  0.17628707E+001  0.79357355E+002
  0.21525295E-001  0.20376481E+000  0.17628668E+001  0.79357613E+002
  0.21525242E-001  0.20376396E+000  0.17628632E+001  0.79357862E+002
  0.21525184E-001  0.20376311E+000  0.17628597E+001  0.79358104E+002
  0.21525119E-001  0.20376226E+000  0.17628564E+001  0.79358338E+002
  0.21525048E-001  0.20376139E+000  0.17628533E+001  0.79358563E+002
  0.21524969E-001  0.20376050E+000  0.17628503E+001  0.79358780E+002
  0.21524882E-001  0.20375958E+000  0.17628474E+001  0.79358989E+002
  0.21524787E-001  0.20375863E+000  0.17628446E+001  0.79359190E+002
  0.21524681E-001  0.20375764E+000  0.17628419E+001  0.79359382E+002
  0.21524566E-001  0.20375659E+000  0.17628393E+001  0.79359567E+002
  0.21524440E-001  0.20375549E+000  0.17628366E+001  0.79359743E+002
  0.21524301E-001  0.20375431E+000  0.17628339E+001  0.79359911E+002
  0.21524150E-001  0.20375306E+000  0.17628311E+001  0.79360071E+002
  0.21523985E-001  0.20375172E+000  0.17628283E+001  0.79360223E+002
  0.21523806E-001  0.20375027E+000  0.17628253E+001  0.79360367E+002
  0.21523611E-001  0.20374872E+000  0.17628222E+001  0.79360503E+002
  0.21523400E-001  0.20374704E+000  0.17628189E+001  0.79360630E+002
  0.21523171E-001  0.20374522E+000  0.17628153E+001  0.79360749E+002
  0.21522924E-001  0.20374325E+000  0.17628115E+001  0.79360860E+002
  0.21522658E-001  0.20374112E+000  0.17628073E+001  0.79360962E+002
  0.21522371E-001  0.20373880E+000  0.17628027E+001  0.79361055E+002
  0.21522063E-001  0.20373628E+000  0.17627978E+001  0.79361139E+002
  0.21521733E-001  0.20373355E+000  0.17627923E+001  0.79361214E+002
  0.21521380E-001  0.20373058E+000  0.17627863E+001  0.79361279E+002
  0.21521002E-001  0.20372736E+000  0.17627797E+001  0.79361334E+002
  0.21520600E-001  0.20372387E+000  0.17627725E+001  0.79361378E+002
  0.21520173E-001  0.20372009E+000  0.17627646E+001  0.79361411E+002
  0.21519719E-001  0.20371600E+000  0.17627559E+001  0.79361432E+002
  0.21519239E-001  0.20371158E+000  0.17627463E+001  0.79361440E+002
  0.21518731E-001  0.20370680E+000  0.17627359E+001  0.79361435E+002
  0.21518196E-001  0.20370166E+000  0.17627246E+001  0.79361414E+002
  0.21517634E-001  0.20369612E+000  0.17627122E+001  0.79361377E+002
  0.21517043E-001  0.20369017E+000  0.17626988E+001  0.79361323E+002
  0.21516425E-001  0.20368378E+000  0.17626842E+001  0.79361249E+002
  0.21515780E-001  0.20367692E+000  0.17626686E+001  0.79361154E+002
  0.21515108E-001  0.20366958E+000  0.17626519E+001  0.79361035E+002
  0.21514413E-001  0.20366170E+000  0.17626340E+001  0.79360891E+002
  0.21513697E-001  0.20365325E+000  0.17626151E+001  0.79360718E+002
  0.21512967E-001  0.20364417E+000  0.17625953E+001  0.79360513E+002
  0.21512227E-001  0.20363437E+000  0.17625748E+001  0.79360273E+002
  0.21511491E-001  0.20362381E+000  0.17625536E+001  0.79359995E+002
  0.21510762E-001  0.20361228E+000  0.17625321E+001  0.79359674E+002
  0.21510082E-001  0.20359965E+000  0.17625110E+001  0.79359308E+002
  0.21509591E-001  0.20358414E+000  0.17624934E+001  0.79358879E+002
  0.21509421E-001  0.20356684E+000  0.17624793E+001  0.79358410E+002
