  0.68927426E-001
  0.68847804E-001
  0.68858887E-001
  0.68896095E-001
  0.68937779E-001
  0.68976588E-001
  0.69010612E-001
  0.69039650E-001
  0.69064087E-001
  0.69084409E-001
  0.69101299E-001
  0.69115409E-001
  0.69127262E-001
  0.69137251E-001
  0.69145691E-001
  0.69152829E-001
  0.69158881E-001
  0.69164024E-001
  0.69168408E-001
  0.69172150E-001
  0.69175354E-001
  0.69178095E-001
  0.69180442E-001
  0.69182461E-001
  0.69184185E-001
  0.69185663E-001
  0.69186932E-001
  0.69188023E-001
  0.69188964E-001
  0.69189775E-001
  0.69190480E-001
  0.69191089E-001
  0.69191621E-001
  0.69192086E-001
  0.69192494E-001
  0.69192853E-001
  0.69193170E-001
  0.69193452E-001
  0.69193703E-001
  0.69193930E-001
  0.69194136E-001
  0.69194324E-001
  0.69194499E-001
  0.69194662E-001
  0.69194817E-001
  0.69194966E-001
  0.69195112E-001
  0.69195256E-001
  0.69195401E-001
  0.69195549E-001
  0.69195702E-001
  0.69195861E-001
  0.69196029E-001
  0.69196206E-001
  0.69196395E-001
  0.69196596E-001
  0.69196812E-001
  0.69197042E-001
  0.69197290E-001
  0.69197554E-001
  0.69197837E-001
  0.69198139E-001
  0.69198461E-001
  0.69198802E-001
  0.69199165E-001
  0.69199548E-001
  0.69199951E-001
  0.69200376E-001
  0.69200820E-001
  0.69201284E-001
  0.69201768E-001
  0.69202269E-001
  0.69202786E-001
  0.69203320E-001
  0.69203867E-001
  0.69204426E-001
  0.69204995E-001
  0.69205573E-001
  0.69206157E-001
  0.69206745E-001
  0.69207336E-001
  0.69207927E-001
  0.69208516E-001
  0.69209102E-001
  0.69209683E-001
  0.69210258E-001
  0.69210825E-001
  0.69211383E-001
  0.69211933E-001
  0.69212472E-001
  0.69213002E-001
  0.69213522E-001
  0.69214032E-001
  0.69214533E-001
  0.69215024E-001
  0.69215507E-001
  0.69215983E-001
  0.69216451E-001
  0.69216912E-001
  0.69217368E-001
  0.69217820E-001
  0.69218266E-001
  0.69218710E-001
  0.69219150E-001
  0.69219588E-001
  0.69220023E-001
  0.69220458E-001
  0.69220891E-001
  0.69221324E-001
  0.69221756E-001
  0.69222187E-001
  0.69222619E-001
  0.69223051E-001
  0.69223482E-001
  0.69223915E-001
  0.69224347E-001
  0.69224779E-001
  0.69225212E-001
  0.69225645E-001
  0.69226078E-001
  0.69226511E-001
  0.69226944E-001
  0.69227377E-001
  0.69227809E-001
  0.69228241E-001
  0.69228672E-001
  0.69229102E-001
  0.69229530E-001
  0.69229958E-001
  0.69230383E-001
  0.69230807E-001
  0.69231229E-001
  0.69231648E-001
  0.69232065E-001
  0.69232479E-001
  0.69232890E-001
  0.69233298E-001
  0.69233701E-001
  0.69234101E-001
  0.69234497E-001
  0.69234889E-001
  0.69235276E-001
  0.69235658E-001
  0.69236034E-001
  0.69236406E-001
  0.69236772E-001
  0.69237132E-001
  0.69237486E-001
  0.69237834E-001
  0.69238175E-001
  0.69238510E-001
  0.69238839E-001
  0.69239160E-001
  0.69239474E-001
  0.69239781E-001
  0.69240081E-001
  0.69240374E-001
  0.69240659E-001
  0.69240936E-001
  0.69241205E-001
  0.69241467E-001
  0.69241721E-001
  0.69241967E-001
  0.69242205E-001
  0.69242435E-001
  0.69242657E-001
  0.69242872E-001
  0.69243077E-001
  0.69243275E-001
  0.69243465E-001
  0.69243646E-001
  0.69243820E-001
  0.69243985E-001
  0.69244141E-001
  0.69244290E-001
  0.69244430E-001
  0.69244561E-001
  0.69244684E-001
  0.69244798E-001
  0.69244904E-001
  0.69245001E-001
  0.69245089E-001
  0.69245168E-001
  0.69245238E-001
  0.69245298E-001
  0.69245350E-001
  0.69245393E-001
  0.69245426E-001
  0.69245451E-001
  0.69245467E-001
  0.69245474E-001
  0.69245474E-001
  0.69245465E-001
  0.69245450E-001
  0.69245423E-001
  0.69245399E-001
  0.69245361E-001
  0.69245321E-001
  0.69245149E-001
  0.69245048E-001
