  0.16194813E+001
  0.16243204E+001
  0.16277947E+001
  0.16303836E+001
  0.16323362E+001
  0.16338107E+001
  0.16349181E+001
  0.16357383E+001
  0.16363295E+001
  0.16367373E+001
  0.16369983E+001
  0.16371410E+001
  0.16371878E+001
  0.16371562E+001
  0.16370602E+001
  0.16369116E+001
  0.16367197E+001
  0.16364922E+001
  0.16362355E+001
  0.16359548E+001
  0.16356544E+001
  0.16353381E+001
  0.16350087E+001
  0.16346690E+001
  0.16343209E+001
  0.16339663E+001
  0.16336067E+001
  0.16332433E+001
  0.16328772E+001
  0.16325094E+001
  0.16321405E+001
  0.16317714E+001
  0.16314023E+001
  0.16310340E+001
  0.16306668E+001
  0.16303010E+001
  0.16299372E+001
  0.16295756E+001
  0.16292166E+001
  0.16288605E+001
  0.16285076E+001
  0.16281583E+001
  0.16278127E+001
  0.16274714E+001
  0.16271344E+001
  0.16268023E+001
  0.16264753E+001
  0.16261538E+001
  0.16258379E+001
  0.16255281E+001
  0.16252246E+001
  0.16249277E+001
  0.16246377E+001
  0.16243548E+001
  0.16240792E+001
  0.16238111E+001
  0.16235507E+001
  0.16232982E+001
  0.16230536E+001
  0.16228171E+001
  0.16225888E+001
  0.16223687E+001
  0.16221568E+001
  0.16219531E+001
  0.16217578E+001
  0.16215706E+001
  0.16213917E+001
  0.16212210E+001
  0.16210584E+001
  0.16209040E+001
  0.16207575E+001
  0.16206191E+001
  0.16204885E+001
  0.16203658E+001
  0.16202508E+001
  0.16201433E+001
  0.16200433E+001
  0.16199507E+001
  0.16198651E+001
  0.16197865E+001
  0.16197146E+001
  0.16196491E+001
  0.16195898E+001
  0.16195364E+001
  0.16194885E+001
  0.16194458E+001
  0.16194079E+001
  0.16193746E+001
  0.16193454E+001
  0.16193200E+001
  0.16192980E+001
  0.16192791E+001
  0.16192630E+001
  0.16192493E+001
  0.16192378E+001
  0.16192282E+001
  0.16192201E+001
  0.16192135E+001
  0.16192081E+001
  0.16192037E+001
  0.16192002E+001
  0.16191974E+001
  0.16191951E+001
  0.16191934E+001
  0.16191920E+001
  0.16191909E+001
  0.16191901E+001
  0.16191895E+001
  0.16191891E+001
  0.16191888E+001
  0.16191886E+001
  0.16191885E+001
  0.16191884E+001
  0.16191884E+001
  0.16191885E+001
  0.16191885E+001
  0.16191886E+001
  0.16191888E+001
  0.16191889E+001
  0.16191891E+001
  0.16191892E+001
  0.16191894E+001
  0.16191896E+001
  0.16191898E+001
  0.16191900E+001
  0.16191902E+001
  0.16191904E+001
  0.16191906E+001
  0.16191908E+001
  0.16191910E+001
  0.16191912E+001
  0.16191914E+001
  0.16191916E+001
  0.16191918E+001
  0.16191920E+001
  0.16191922E+001
  0.16191924E+001
  0.16191926E+001
  0.16191928E+001
  0.16191930E+001
  0.16191932E+001
  0.16191933E+001
  0.16191935E+001
  0.16191937E+001
  0.16191938E+001
  0.16191940E+001
  0.16191942E+001
  0.16191943E+001
  0.16191944E+001
  0.16191946E+001
  0.16191947E+001
  0.16191949E+001
  0.16191950E+001
  0.16191952E+001
  0.16191953E+001
  0.16191955E+001
  0.16191956E+001
  0.16191958E+001
  0.16191959E+001
  0.16191961E+001
  0.16191963E+001
  0.16191965E+001
  0.16191967E+001
  0.16191969E+001
  0.16191971E+001
  0.16191974E+001
  0.16191976E+001
  0.16191979E+001
  0.16191982E+001
  0.16191986E+001
  0.16191990E+001
  0.16191994E+001
  0.16191999E+001
  0.16192004E+001
  0.16192009E+001
  0.16192015E+001
  0.16192022E+001
  0.16192030E+001
  0.16192038E+001
  0.16192048E+001
  0.16192058E+001
  0.16192069E+001
  0.16192082E+001
  0.16192095E+001
  0.16192110E+001
  0.16192127E+001
  0.16192144E+001
  0.16192163E+001
  0.16192182E+001
  0.16192203E+001
  0.16192222E+001
  0.16192241E+001
  0.16192256E+001
  0.16192266E+001
  0.16192268E+001
  0.16192260E+001
  0.16192236E+001
  0.16192191E+001
  0.16192067E+001
  0.16191881E+001
