  0.89434900E+000  0.67678424E+000  0.89776130E+000  0.40090310E+001
  0.90167773E+000  0.67590909E+000  0.89766778E+000  0.40220275E+001
  0.93182682E+000  0.64546714E+000  0.90415057E+000  0.40297346E+001
  0.95159661E+000  0.63392817E+000  0.89740265E+000  0.40386077E+001
  0.95605812E+000  0.64067742E+000  0.88969999E+000  0.40429100E+001
  0.96822087E+000  0.63014520E+000  0.88781478E+000  0.40490626E+001
  0.97122176E+000  0.63059034E+000  0.88641773E+000  0.40514429E+001
  0.97319556E+000  0.63298140E+000  0.88368878E+000  0.40530878E+001
  0.97393886E+000  0.63314782E+000  0.88386822E+000  0.40543637E+001
  0.97452683E+000  0.63333388E+000  0.88516766E+000  0.40539212E+001
  0.97495176E+000  0.63438285E+000  0.89726763E+000  0.40413913E+001
  0.97528646E+000  0.63432217E+000  0.89598909E+000  0.40429669E+001
  0.98000530E+000  0.63010059E+000  0.89590442E+000  0.40427413E+001
  0.97994153E+000  0.63118974E+000  0.89510990E+000  0.40423839E+001
  0.98000605E+000  0.63109525E+000  0.89522889E+000  0.40419111E+001
  0.98216011E+000  0.62947345E+000  0.89466447E+000  0.40413488E+001
  0.98211062E+000  0.63141482E+000  0.89263989E+000  0.40407139E+001
  0.98202553E+000  0.63436771E+000  0.88955635E+000  0.40400198E+001
  0.98188932E+000  0.63420025E+000  0.88899001E+000  0.40398629E+001
  0.98171922E+000  0.63402288E+000  0.88921931E+000  0.40388583E+001
  0.98152039E+000  0.63717072E+000  0.88610789E+000  0.40378192E+001
  0.98129708E+000  0.63697923E+000  0.88618385E+000  0.40368926E+001
  0.98105311E+000  0.63678310E+000  0.88601341E+000  0.40361858E+001
  0.98079169E+000  0.63722161E+000  0.88520144E+000  0.40354616E+001
  0.98051553E+000  0.63702045E+000  0.88502460E+000  0.40347235E+001
  0.98022700E+000  0.63681817E+000  0.88484631E+000  0.40339742E+001
  0.98565359E+000  0.63089015E+000  0.88466739E+000  0.40332160E+001
  0.98534057E+000  0.63069355E+000  0.88448859E+000  0.40324509E+001
  0.98502522E+000  0.63049321E+000  0.88431047E+000  0.40316805E+001
  0.98470412E+000  0.63029437E+000  0.88413350E+000  0.40309061E+001
  0.98437841E+000  0.63063944E+000  0.88341604E+000  0.40301288E+001
  0.98404911E+000  0.63044461E+000  0.88324252E+000  0.40293497E+001
  0.98371708E+000  0.63025236E+000  0.88307094E+000  0.40285695E+001
  0.98338313E+000  0.63006295E+000  0.88290140E+000  0.40277890E+001
  0.98304799E+000  0.62987662E+000  0.88273393E+000  0.40270090E+001
  0.98271232E+000  0.62969357E+000  0.88256852E+000  0.40262303E+001
  0.98237675E+000  0.62951398E+000  0.88240514E+000  0.40254535E+001
  0.98204188E+000  0.62933801E+000  0.88224371E+000  0.40246794E+001
  0.98170826E+000  0.62916580E+000  0.88208414E+000  0.40239088E+001
  0.98137645E+000  0.62899747E+000  0.88192630E+000  0.40231424E+001
  0.98104696E+000  0.62883311E+000  0.88177008E+000  0.40223808E+001
  0.98072033E+000  0.62867283E+000  0.88161534E+000  0.40216250E+001
  0.98039705E+000  0.62851670E+000  0.88146195E+000  0.40208757E+001
  0.98007765E+000  0.62836479E+000  0.88130979E+000  0.40201337E+001
  0.97976261E+000  0.62821715E+000  0.88115875E+000  0.40193998E+001
  0.97945242E+000  0.62807386E+000  0.88100873E+000  0.40186748E+001
  0.97914757E+000  0.62793495E+000  0.88085964E+000  0.40179597E+001
  0.97884853E+000  0.62780046E+000  0.88071143E+000  0.40172551E+001
  0.97855573E+000  0.62767043E+000  0.88056403E+000  0.40165619E+001
  0.97826962E+000  0.62754488E+000  0.88041744E+000  0.40158809E+001
  0.97799060E+000  0.62742385E+000  0.88027164E+000  0.40152129E+001
  0.97771904E+000  0.62730734E+000  0.88012664E+000  0.40145584E+001
  0.97745529E+000  0.62719536E+000  0.87998249E+000  0.40139182E+001
  0.97719966E+000  0.62708790E+000  0.87983925E+000  0.40132928E+001
  0.97695243E+000  0.62698496E+000  0.87969700E+000  0.40126828E+001
  0.97671384E+000  0.62688652E+000  0.87955584E+000  0.40120887E+001
  0.97648408E+000  0.62679253E+000  0.87941590E+000  0.40115108E+001
  0.97626333E+000  0.62670294E+000  0.87927733E+000  0.40109496E+001
  0.97605168E+000  0.62661770E+000  0.87914029E+000  0.40104053E+001
  0.97584922E+000  0.62653673E+000  0.87900499E+000  0.40098781E+001
  0.97565599E+000  0.62645994E+000  0.87887162E+000  0.40093681E+001
  0.97547198E+000  0.62638722E+000  0.87874043E+000  0.40088755E+001
  0.97529716E+000  0.62631848E+000  0.87861165E+000  0.40084003E+001
  0.97513145E+000  0.62625358E+000  0.87848554E+000  0.40079425E+001
  0.97497473E+000  0.62619241E+000  0.87836236E+000  0.40075020E+001
  0.97482687E+000  0.62613483E+000  0.87824238E+000  0.40070789E+001
  0.97468770E+000  0.62608072E+000  0.87812588E+000  0.40066731E+001
  0.97455702E+000  0.62602996E+000  0.87801310E+000  0.40062845E+001
  0.97443461E+000  0.62598241E+000  0.87790431E+000  0.40059129E+001
  0.97432024E+000  0.62593795E+000  0.87779974E+000  0.40055584E+001
  0.97421366E+000  0.62589647E+000  0.87769962E+000  0.40052209E+001
  0.97411458E+000  0.62585786E+000  0.87760413E+000  0.40049002E+001
  0.97402274E+000  0.62582200E+000  0.87751343E+000  0.40045964E+001
  0.97393786E+000  0.62578877E+000  0.87742767E+000  0.40043093E+001
  0.97385959E+000  0.62575811E+000  0.87734694E+000  0.40040388E+001
  0.97378766E+000  0.62572989E+000  0.87727131E+000  0.40037849E+001
  0.97372174E+000  0.62570402E+000  0.87720079E+000  0.40035473E+001
  0.97366152E+000  0.62568040E+000  0.87713538E+000  0.40033259E+001
  0.97360668E+000  0.62565891E+000  0.87707503E+000  0.40031205E+001
  0.97355689E+000  0.62563945E+000  0.87701966E+000  0.40029306E+001
  0.97351184E+000  0.62562192E+000  0.87696913E+000  0.40027561E+001
  0.97347120E+000  0.62560620E+000  0.87692331E+000  0.40025964E+001
  0.97343465E+000  0.62559219E+000  0.87688201E+000  0.40024510E+001
  0.97340188E+000  0.62557977E+000  0.87684502E+000  0.40023193E+001
  0.97337258E+000  0.62556883E+000  0.87681213E+000  0.40022009E+001
  0.97334646E+000  0.62555925E+000  0.87678308E+000  0.40020948E+001
  0.97332322E+000  0.62555092E+000  0.87675763E+000  0.40020005E+001
  0.97330259E+000  0.62554373E+000  0.87673551E+000  0.40019170E+001
  0.97328431E+000  0.62553758E+000  0.87671645E+000  0.40018437E+001
  0.97326814E+000  0.62553236E+000  0.87670018E+000  0.40017797E+001
  0.97325384E+000  0.62552796E+000  0.87668644E+000  0.40017242E+001
  0.97324122E+000  0.62552431E+000  0.87667498E+000  0.40016764E+001
  0.97323006E+000  0.62552130E+000  0.87666554E+000  0.40016356E+001
  0.97322020E+000  0.62551885E+000  0.87665789E+000  0.40016008E+001
  0.97321147E+000  0.62551689E+000  0.87665180E+000  0.40015715E+001
  0.97320374E+000  0.62551534E+000  0.87664706E+000  0.40015470E+001
  0.97319687E+000  0.62551415E+000  0.87664349E+000  0.40015266E+001
  0.97319076E+000  0.62551324E+000  0.87664090E+000  0.40015098E+001
  0.97318530E+000  0.62551256E+000  0.87663914E+000  0.40014960E+001
  0.97318041E+000  0.62551208E+000  0.87663806E+000  0.40014849E+001
  0.97317602E+000  0.62551173E+000  0.87663753E+000  0.40014760E+001
  0.97317207E+000  0.62551150E+000  0.87663746E+000  0.40014689E+001
  0.97316850E+000  0.62551134E+000  0.87663773E+000  0.40014634E+001
  0.97316527E+000  0.62551122E+000  0.87663827E+000  0.40014592E+001
  0.97316234E+000  0.62551113E+000  0.87663901E+000  0.40014560E+001
  0.97315969E+000  0.62551103E+000  0.87663988E+000  0.40014536E+001
  0.97315729E+000  0.62551092E+000  0.87664084E+000  0.40014520E+001
  0.97315511E+000  0.62551078E+000  0.87664186E+000  0.40014509E+001
  0.97315315E+000  0.62551060E+000  0.87664289E+000  0.40014503E+001
  0.97315139E+000  0.62551037E+000  0.87664392E+000  0.40014501E+001
  0.97314981E+000  0.62551009E+000  0.87664493E+000  0.40014501E+001
  0.97314841E+000  0.62550975E+000  0.87664590E+000  0.40014504E+001
  0.97314718E+000  0.62550934E+000  0.87664683E+000  0.40014509E+001
  0.97314611E+000  0.62550888E+000  0.87664770E+000  0.40014516E+001
  0.97314519E+000  0.62550835E+000  0.87664853E+000  0.40014523E+001
  0.97314443E+000  0.62550776E+000  0.87664930E+000  0.40014532E+001
  0.97314381E+000  0.62550712E+000  0.87665002E+000  0.40014541E+001
  0.97314332E+000  0.62550642E+000  0.87665069E+000  0.40014551E+001
  0.97314296E+000  0.62550568E+000  0.87665131E+000  0.40014561E+001
  0.97314272E+000  0.62550489E+000  0.87665188E+000  0.40014572E+001
  0.97314260E+000  0.62550406E+000  0.87665242E+000  0.40014583E+001
  0.97314258E+000  0.62550321E+000  0.87665291E+000  0.40014594E+001
  0.97314266E+000  0.62550233E+000  0.87665338E+000  0.40014604E+001
  0.97314284E+000  0.62550143E+000  0.87665381E+000  0.40014615E+001
  0.97314310E+000  0.62550052E+000  0.87665422E+000  0.40014625E+001
  0.97314344E+000  0.62549960E+000  0.87665460E+000  0.40014635E+001
  0.97314384E+000  0.62549868E+000  0.87665497E+000  0.40014645E+001
  0.97314431E+000  0.62549778E+000  0.87665531E+000  0.40014654E+001
  0.97314483E+000  0.62549688E+000  0.87665564E+000  0.40014663E+001
  0.97314540E+000  0.62549601E+000  0.87665596E+000  0.40014671E+001
  0.97314601E+000  0.62549516E+000  0.87665626E+000  0.40014679E+001
  0.97314665E+000  0.62549433E+000  0.87665655E+000  0.40014686E+001
  0.97314732E+000  0.62549354E+000  0.87665683E+000  0.40014693E+001
  0.97314800E+000  0.62549279E+000  0.87665710E+000  0.40014699E+001
  0.97314871E+000  0.62549208E+000  0.87665736E+000  0.40014705E+001
  0.97314942E+000  0.62549140E+000  0.87665761E+000  0.40014710E+001
  0.97315013E+000  0.62549077E+000  0.87665784E+000  0.40014715E+001
  0.97315085E+000  0.62549019E+000  0.87665807E+000  0.40014719E+001
  0.97315156E+000  0.62548965E+000  0.87665829E+000  0.40014722E+001
  0.97315227E+000  0.62548916E+000  0.87665849E+000  0.40014726E+001
  0.97315296E+000  0.62548871E+000  0.87665869E+000  0.40014728E+001
  0.97315365E+000  0.62548831E+000  0.87665887E+000  0.40014731E+001
  0.97315431E+000  0.62548795E+000  0.87665903E+000  0.40014733E+001
  0.97315496E+000  0.62548764E+000  0.87665918E+000  0.40014734E+001
  0.97315559E+000  0.62548737E+000  0.87665931E+000  0.40014736E+001
  0.97315620E+000  0.62548714E+000  0.87665943E+000  0.40014737E+001
  0.97315680E+000  0.62548695E+000  0.87665953E+000  0.40014738E+001
  0.97315737E+000  0.62548679E+000  0.87665961E+000  0.40014739E+001
  0.97315792E+000  0.62548667E+000  0.87665967E+000  0.40014740E+001
  0.97315845E+000  0.62548658E+000  0.87665971E+000  0.40014741E+001
  0.97315896E+000  0.62548652E+000  0.87665972E+000  0.40014742E+001
  0.97315945E+000  0.62548649E+000  0.87665972E+000  0.40014744E+001
  0.97315992E+000  0.62548648E+000  0.87665969E+000  0.40014745E+001
  0.97316037E+000  0.62548650E+000  0.87665963E+000  0.40014746E+001
  0.97316081E+000  0.62548653E+000  0.87665956E+000  0.40014748E+001
  0.97316124E+000  0.62548659E+000  0.87665945E+000  0.40014751E+001
  0.97316165E+000  0.62548666E+000  0.87665932E+000  0.40014753E+001
  0.97316205E+000  0.62548675E+000  0.87665917E+000  0.40014756E+001
  0.97316245E+000  0.62548684E+000  0.87665899E+000  0.40014759E+001
  0.97316284E+000  0.62548696E+000  0.87665878E+000  0.40014763E+001
  0.97316322E+000  0.62548708E+000  0.87665854E+000  0.40014768E+001
  0.97316361E+000  0.62548721E+000  0.87665828E+000  0.40014773E+001
  0.97316400E+000  0.62548735E+000  0.87665799E+000  0.40014778E+001
  0.97316439E+000  0.62548750E+000  0.87665768E+000  0.40014785E+001
  0.97316479E+000  0.62548765E+000  0.87665734E+000  0.40014792E+001
  0.97316521E+000  0.62548782E+000  0.87665697E+000  0.40014799E+001
  0.97316564E+000  0.62548798E+000  0.87665657E+000  0.40014808E+001
  0.97316610E+000  0.62548816E+000  0.87665615E+000  0.40014818E+001
  0.97316658E+000  0.62548834E+000  0.87665570E+000  0.40014828E+001
  0.97316709E+000  0.62548853E+000  0.87665522E+000  0.40014840E+001
  0.97316764E+000  0.62548873E+000  0.87665472E+000  0.40014853E+001
  0.97316823E+000  0.62548893E+000  0.87665418E+000  0.40014867E+001
  0.97316887E+000  0.62548915E+000  0.87665362E+000  0.40014883E+001
  0.97316956E+000  0.62548937E+000  0.87665303E+000  0.40014900E+001
  0.97317032E+000  0.62548961E+000  0.87665240E+000  0.40014918E+001
  0.97317115E+000  0.62548986E+000  0.87665175E+000  0.40014939E+001
  0.97317206E+000  0.62549012E+000  0.87665105E+000  0.40014962E+001
  0.97317306E+000  0.62549040E+000  0.87665032E+000  0.40014987E+001
  0.97317416E+000  0.62549069E+000  0.87664955E+000  0.40015014E+001
  0.97317538E+000  0.62549101E+000  0.87664874E+000  0.40015044E+001
  0.97317671E+000  0.62549135E+000  0.87664787E+000  0.40015077E+001
  0.97317818E+000  0.62549171E+000  0.87664694E+000  0.40015113E+001
  0.97317980E+000  0.62549210E+000  0.87664595E+000  0.40015153E+001
  0.97318158E+000  0.62549251E+000  0.87664488E+000  0.40015197E+001
  0.97318353E+000  0.62549295E+000  0.87664373E+000  0.40015244E+001
  0.97318566E+000  0.62549342E+000  0.87664246E+000  0.40015296E+001
  0.97318798E+000  0.62549392E+000  0.87664107E+000  0.40015352E+001
  0.97319049E+000  0.62549444E+000  0.87663951E+000  0.40015412E+001
  0.97319317E+000  0.62549497E+000  0.87663775E+000  0.40015476E+001
  0.97319600E+000  0.62549551E+000  0.87663574E+000  0.40015543E+001
  0.97319893E+000  0.62549602E+000  0.87663339E+000  0.40015611E+001
  0.97320185E+000  0.62549647E+000  0.87663060E+000  0.40015679E+001
  0.97320460E+000  0.62549677E+000  0.87662722E+000  0.40015744E+001
  0.97320696E+000  0.62549685E+000  0.87662309E+000  0.40015802E+001
  0.97320861E+000  0.62549653E+000  0.87661794E+000  0.40015848E+001
  0.97320923E+000  0.62549575E+000  0.87661162E+000  0.40015878E+001
  0.97320816E+000  0.62549410E+000  0.87660365E+000  0.40015890E+001
  0.97320487E+000  0.62549147E+000  0.87659382E+000  0.40015868E+001
  0.97319444E+000  0.62548356E+000  0.87657856E+000  0.40015707E+001
  0.97317827E+000  0.62547167E+000  0.87655938E+000  0.40015435E+001
