 -0.17162812E+000  0.12896463E+000  0.18736487E+001  0.46469403E+001
 -0.16957249E+000  0.13292775E+000  0.18811305E+001  0.46527965E+001
 -0.16815976E+000  0.13562736E+000  0.18865747E+001  0.46571370E+001
 -0.16733112E+000  0.13764050E+000  0.18907425E+001  0.46604833E+001
 -0.16677386E+000  0.13905281E+000  0.18939346E+001  0.46631320E+001
 -0.16640858E+000  0.14002373E+000  0.18963826E+001  0.46652457E+001
 -0.16639530E+000  0.14088044E+000  0.18982443E+001  0.46669433E+001
 -0.16629779E+000  0.14130820E+000  0.18996369E+001  0.46683063E+001
 -0.16626635E+000  0.14153785E+000  0.19006533E+001  0.46693939E+001
 -0.16629738E+000  0.14163253E+000  0.19013641E+001  0.46702504E+001
 -0.16636802E+000  0.14162229E+000  0.19018266E+001  0.46709127E+001
 -0.16646414E+000  0.14152929E+000  0.19020888E+001  0.46714107E+001
 -0.16657765E+000  0.14136824E+000  0.19021914E+001  0.46717697E+001
 -0.16670356E+000  0.14115425E+000  0.19021639E+001  0.46720106E+001
 -0.16683867E+000  0.14089926E+000  0.19020298E+001  0.46721510E+001
 -0.16698067E+000  0.14061502E+000  0.19018067E+001  0.46722059E+001
 -0.16712771E+000  0.14030928E+000  0.19015102E+001  0.46721875E+001
 -0.16727827E+000  0.13998765E+000  0.19011536E+001  0.46721065E+001
 -0.16743102E+000  0.13965456E+000  0.19007475E+001  0.46719715E+001
 -0.16758482E+000  0.13931360E+000  0.19003008E+001  0.46717901E+001
 -0.16773872E+000  0.13896760E+000  0.18998208E+001  0.46715687E+001
 -0.16789183E+000  0.13861893E+000  0.18993133E+001  0.46713124E+001
 -0.16804345E+000  0.13826948E+000  0.18987836E+001  0.46710259E+001
 -0.16819298E+000  0.13792084E+000  0.18982357E+001  0.46707128E+001
 -0.16833992E+000  0.13757431E+000  0.18976734E+001  0.46703763E+001
 -0.16848389E+000  0.13723090E+000  0.18970998E+001  0.46700190E+001
 -0.16862455E+000  0.13689146E+000  0.18965173E+001  0.46696430E+001
 -0.16876166E+000  0.13655673E+000  0.18959283E+001  0.46692503E+001
 -0.16889502E+000  0.13622730E+000  0.18953348E+001  0.46688425E+001
 -0.16902450E+000  0.13590365E+000  0.18947383E+001  0.46684207E+001
 -0.16914999E+000  0.13558619E+000  0.18941404E+001  0.46679862E+001
 -0.16927143E+000  0.13527526E+000  0.18935423E+001  0.46675399E+001
 -0.16938881E+000  0.13497111E+000  0.18929451E+001  0.46670825E+001
 -0.16950215E+000  0.13467396E+000  0.18923498E+001  0.46666149E+001
 -0.16961145E+000  0.13438402E+000  0.18917573E+001  0.46661377E+001
 -0.16971676E+000  0.13410148E+000  0.18911684E+001  0.46656516E+001
 -0.16981814E+000  0.13382651E+000  0.18905839E+001  0.46651572E+001
 -0.16991566E+000  0.13355926E+000  0.18900044E+001  0.46646551E+001
 -0.17000941E+000  0.13329986E+000  0.18894308E+001  0.46641459E+001
 -0.17009947E+000  0.13304844E+000  0.18888635E+001  0.46636302E+001
 -0.17018594E+000  0.13280511E+000  0.18883031E+001  0.46631088E+001
 -0.17026891E+000  0.13256997E+000  0.18877504E+001  0.46625822E+001
 -0.17034847E+000  0.13234311E+000  0.18872058E+001  0.46620511E+001
 -0.17042473E+000  0.13212462E+000  0.18866699E+001  0.46615162E+001
 -0.17049775E+000  0.13191455E+000  0.18861433E+001  0.46609783E+001
 -0.17056763E+000  0.13171296E+000  0.18856266E+001  0.46604380E+001
 -0.17063445E+000  0.13151989E+000  0.18851204E+001  0.46598961E+001
 -0.17069827E+000  0.13133536E+000  0.18846252E+001  0.46593533E+001
 -0.17075916E+000  0.13115935E+000  0.18841416E+001  0.46588105E+001
 -0.17081719E+000  0.13099187E+000  0.18836701E+001  0.46582682E+001
 -0.17087241E+000  0.13083284E+000  0.18832113E+001  0.46577273E+001
 -0.17092488E+000  0.13068222E+000  0.18827657E+001  0.46571884E+001
 -0.17097465E+000  0.13053991E+000  0.18823337E+001  0.46566524E+001
 -0.17102178E+000  0.13040579E+000  0.18819158E+001  0.46561199E+001
 -0.17106631E+000  0.13027973E+000  0.18815123E+001  0.46555916E+001
 -0.17110832E+000  0.13016157E+000  0.18811235E+001  0.46550683E+001
 -0.17114785E+000  0.13005112E+000  0.18807496E+001  0.46545506E+001
 -0.17118497E+000  0.12994819E+000  0.18803908E+001  0.46540392E+001
 -0.17121974E+000  0.12985255E+000  0.18800473E+001  0.46535349E+001
 -0.17125223E+000  0.12976395E+000  0.18797190E+001  0.46530383E+001
 -0.17128252E+000  0.12968214E+000  0.18794060E+001  0.46525501E+001
 -0.17131069E+000  0.12960685E+000  0.18791081E+001  0.46520710E+001
 -0.17133682E+000  0.12953778E+000  0.18788251E+001  0.46516016E+001
 -0.17136099E+000  0.12947464E+000  0.18785569E+001  0.46511425E+001
 -0.17138329E+000  0.12941713E+000  0.18783033E+001  0.46506945E+001
 -0.17140382E+000  0.12936492E+000  0.18780638E+001  0.46502582E+001
 -0.17142267E+000  0.12931771E+000  0.18778381E+001  0.46498343E+001
 -0.17143993E+000  0.12927518E+000  0.18776260E+001  0.46494234E+001
 -0.17145569E+000  0.12923702E+000  0.18774270E+001  0.46490260E+001
 -0.17147005E+000  0.12920294E+000  0.18772406E+001  0.46486429E+001
 -0.17148310E+000  0.12917262E+000  0.18770666E+001  0.46482746E+001
 -0.17149493E+000  0.12914579E+000  0.18769044E+001  0.46479216E+001
 -0.17150561E+000  0.12912216E+000  0.18767536E+001  0.46475845E+001
 -0.17151524E+000  0.12910147E+000  0.18766138E+001  0.46472636E+001
 -0.17152389E+000  0.12908347E+000  0.18764846E+001  0.46469594E+001
 -0.17153165E+000  0.12906791E+000  0.18763654E+001  0.46466722E+001
 -0.17153857E+000  0.12905458E+000  0.18762559E+001  0.46464021E+001
 -0.17154474E+000  0.12904326E+000  0.18761555E+001  0.46461492E+001
 -0.17155021E+000  0.12903487E+000  0.18760628E+001  0.46459137E+001
 -0.17155505E+000  0.12903124E+000  0.18759752E+001  0.46456953E+001
 -0.17155931E+000  0.12902818E+000  0.18758963E+001  0.46454938E+001
 -0.17156305E+000  0.12902562E+000  0.18758256E+001  0.46453090E+001
 -0.17156632E+000  0.12902351E+000  0.18757624E+001  0.46451403E+001
 -0.17156916E+000  0.12902179E+000  0.18757062E+001  0.46449873E+001
 -0.17157163E+000  0.12902041E+000  0.18756564E+001  0.46448493E+001
 -0.17157376E+000  0.12901933E+000  0.18756126E+001  0.46447255E+001
 -0.17157560E+000  0.12901852E+000  0.18755742E+001  0.46446151E+001
 -0.17157716E+000  0.12901793E+000  0.18755407E+001  0.46445174E+001
 -0.17157850E+000  0.12901754E+000  0.18755117E+001  0.46444314E+001
 -0.17157963E+000  0.12901732E+000  0.18754866E+001  0.46443562E+001
 -0.17158058E+000  0.12901726E+000  0.18754651E+001  0.46442908E+001
 -0.17158138E+000  0.12901732E+000  0.18754468E+001  0.46442343E+001
 -0.17158205E+000  0.12901749E+000  0.18754312E+001  0.46441859E+001
 -0.17158260E+000  0.12901776E+000  0.18754181E+001  0.46441445E+001
 -0.17158305E+000  0.12901812E+000  0.18754072E+001  0.46441095E+001
 -0.17158343E+000  0.12901996E+000  0.18753968E+001  0.46440799E+001
 -0.17158373E+000  0.12902292E+000  0.18753869E+001  0.46440550E+001
 -0.17158398E+000  0.12902597E+000  0.18753785E+001  0.46440343E+001
 -0.17158417E+000  0.12902906E+000  0.18753713E+001  0.46440169E+001
 -0.17158433E+000  0.12903217E+000  0.18753653E+001  0.46440024E+001
 -0.17158446E+000  0.12903527E+000  0.18753604E+001  0.46439902E+001
 -0.17158457E+000  0.12903833E+000  0.18753563E+001  0.46439800E+001
 -0.17158465E+000  0.12904133E+000  0.18753532E+001  0.46439712E+001
 -0.17158473E+000  0.12904423E+000  0.18753509E+001  0.46439636E+001
 -0.17158479E+000  0.12904702E+000  0.18753494E+001  0.46439569E+001
 -0.17158485E+000  0.12904967E+000  0.18753486E+001  0.46439509E+001
 -0.17158490E+000  0.12905217E+000  0.18753486E+001  0.46439453E+001
 -0.17158495E+000  0.12905450E+000  0.18753492E+001  0.46439400E+001
 -0.17158501E+000  0.12905664E+000  0.18753506E+001  0.46439348E+001
 -0.17158506E+000  0.12905858E+000  0.18753527E+001  0.46439296E+001
 -0.17158513E+000  0.12906030E+000  0.18753554E+001  0.46439244E+001
 -0.17158519E+000  0.12906181E+000  0.18753588E+001  0.46439191E+001
 -0.17158526E+000  0.12906309E+000  0.18753629E+001  0.46439136E+001
 -0.17158534E+000  0.12906415E+000  0.18753675E+001  0.46439080E+001
 -0.17158543E+000  0.12906497E+000  0.18753727E+001  0.46439022E+001
 -0.17158552E+000  0.12906556E+000  0.18753785E+001  0.46438962E+001
 -0.17158561E+000  0.12906593E+000  0.18753848E+001  0.46438901E+001
 -0.17158572E+000  0.12906607E+000  0.18753915E+001  0.46438838E+001
 -0.17158583E+000  0.12906599E+000  0.18753987E+001  0.46438773E+001
 -0.17158595E+000  0.12906571E+000  0.18754062E+001  0.46438708E+001
 -0.17158607E+000  0.12906524E+000  0.18754141E+001  0.46438642E+001
 -0.17158620E+000  0.12906457E+000  0.18754222E+001  0.46438576E+001
 -0.17158633E+000  0.12906373E+000  0.18754305E+001  0.46438509E+001
 -0.17158647E+000  0.12906273E+000  0.18754390E+001  0.46438444E+001
 -0.17158661E+000  0.12906159E+000  0.18754475E+001  0.46438379E+001
 -0.17158676E+000  0.12906031E+000  0.18754561E+001  0.46438316E+001
 -0.17158690E+000  0.12905891E+000  0.18754646E+001  0.46438255E+001
 -0.17158705E+000  0.12905741E+000  0.18754730E+001  0.46438195E+001
 -0.17158720E+000  0.12905582E+000  0.18754812E+001  0.46438139E+001
 -0.17158736E+000  0.12905415E+000  0.18754893E+001  0.46438085E+001
 -0.17158751E+000  0.12905242E+000  0.18754970E+001  0.46438035E+001
 -0.17158766E+000  0.12905064E+000  0.18755044E+001  0.46437988E+001
 -0.17158782E+000  0.12904883E+000  0.18755115E+001  0.46437946E+001
 -0.17158797E+000  0.12904699E+000  0.18755182E+001  0.46437907E+001
 -0.17158812E+000  0.12904514E+000  0.18755244E+001  0.46437873E+001
 -0.17158827E+000  0.12904329E+000  0.18755302E+001  0.46437843E+001
 -0.17158842E+000  0.12904144E+000  0.18755355E+001  0.46437818E+001
 -0.17158857E+000  0.12903960E+000  0.18755403E+001  0.46437797E+001
 -0.17158871E+000  0.12903778E+000  0.18755446E+001  0.46437781E+001
 -0.17158885E+000  0.12903600E+000  0.18755484E+001  0.46437770E+001
 -0.17158899E+000  0.12903424E+000  0.18755517E+001  0.46437763E+001
 -0.17158913E+000  0.12903252E+000  0.18755544E+001  0.46437762E+001
 -0.17158926E+000  0.12903085E+000  0.18755566E+001  0.46437764E+001
 -0.17158939E+000  0.12902921E+000  0.18755584E+001  0.46437771E+001
 -0.17158952E+000  0.12902791E+000  0.18755593E+001  0.46437782E+001
 -0.17158964E+000  0.12902763E+000  0.18755588E+001  0.46437798E+001
 -0.17158976E+000  0.12902735E+000  0.18755579E+001  0.46437817E+001
 -0.17158988E+000  0.12902708E+000  0.18755567E+001  0.46437839E+001
 -0.17159000E+000  0.12902681E+000  0.18755550E+001  0.46437865E+001
 -0.17159011E+000  0.12902655E+000  0.18755531E+001  0.46437894E+001
 -0.17159022E+000  0.12902629E+000  0.18755508E+001  0.46437926E+001
 -0.17159033E+000  0.12902605E+000  0.18755483E+001  0.46437961E+001
 -0.17159044E+000  0.12902581E+000  0.18755455E+001  0.46437998E+001
 -0.17159054E+000  0.12902558E+000  0.18755425E+001  0.46438037E+001
 -0.17159064E+000  0.12902535E+000  0.18755393E+001  0.46438078E+001
 -0.17159074E+000  0.12902514E+000  0.18755359E+001  0.46438121E+001
 -0.17159084E+000  0.12902493E+000  0.18755323E+001  0.46438166E+001
 -0.17159094E+000  0.12902473E+000  0.18755286E+001  0.46438212E+001
 -0.17159104E+000  0.12902454E+000  0.18755248E+001  0.46438259E+001
 -0.17159113E+000  0.12902435E+000  0.18755210E+001  0.46438308E+001
 -0.17159123E+000  0.12902417E+000  0.18755170E+001  0.46438357E+001
 -0.17159132E+000  0.12902400E+000  0.18755130E+001  0.46438408E+001
 -0.17159142E+000  0.12902384E+000  0.18755089E+001  0.46438459E+001
 -0.17159152E+000  0.12902368E+000  0.18755048E+001  0.46438511E+001
 -0.17159161E+000  0.12902352E+000  0.18755007E+001  0.46438564E+001
 -0.17159171E+000  0.12902338E+000  0.18754966E+001  0.46438618E+001
 -0.17159181E+000  0.12902323E+000  0.18754924E+001  0.46438672E+001
 -0.17159192E+000  0.12902309E+000  0.18754883E+001  0.46438728E+001
 -0.17159203E+000  0.12902296E+000  0.18754841E+001  0.46438785E+001
 -0.17159214E+000  0.12902283E+000  0.18754799E+001  0.46438844E+001
 -0.17159225E+000  0.12902270E+000  0.18754756E+001  0.46438904E+001
 -0.17159237E+000  0.12902257E+000  0.18754714E+001  0.46438966E+001
 -0.17159250E+000  0.12902244E+000  0.18754670E+001  0.46439030E+001
 -0.17159263E+000  0.12902231E+000  0.18754627E+001  0.46439097E+001
 -0.17159277E+000  0.12902219E+000  0.18754582E+001  0.46439167E+001
 -0.17159292E+000  0.12902206E+000  0.18754536E+001  0.46439240E+001
 -0.17159308E+000  0.12902192E+000  0.18754488E+001  0.46439318E+001
 -0.17159326E+000  0.12902178E+000  0.18754438E+001  0.46439401E+001
 -0.17159344E+000  0.12902164E+000  0.18754387E+001  0.46439490E+001
 -0.17159364E+000  0.12902149E+000  0.18754332E+001  0.46439585E+001
 -0.17159385E+000  0.12902132E+000  0.18754274E+001  0.46439688E+001
 -0.17159408E+000  0.12902115E+000  0.18754212E+001  0.46439800E+001
 -0.17159432E+000  0.12902096E+000  0.18754145E+001  0.46439921E+001
 -0.17159459E+000  0.12902075E+000  0.18754072E+001  0.46440053E+001
 -0.17159488E+000  0.12902052E+000  0.18753993E+001  0.46440198E+001
 -0.17159519E+000  0.12902027E+000  0.18753905E+001  0.46440356E+001
 -0.17159553E+000  0.12901999E+000  0.18753808E+001  0.46440529E+001
 -0.17159591E+000  0.12901966E+000  0.18753700E+001  0.46440719E+001
 -0.17159632E+000  0.12901929E+000  0.18753579E+001  0.46440927E+001
 -0.17159678E+000  0.12901886E+000  0.18753442E+001  0.46441153E+001
 -0.17159731E+000  0.12901834E+000  0.18753285E+001  0.46441400E+001
 -0.17159793E+000  0.12901771E+000  0.18753105E+001  0.46441666E+001
 -0.17159870E+000  0.12901690E+000  0.18752895E+001  0.46441954E+001
 -0.17159967E+000  0.12901583E+000  0.18752649E+001  0.46442261E+001
 -0.17160094E+000  0.12901441E+000  0.18752357E+001  0.46442588E+001
 -0.17160260E+000  0.12901255E+000  0.18752011E+001  0.46442935E+001
 -0.17160483E+000  0.12901003E+000  0.18751593E+001  0.46443305E+001
 -0.17160787E+000  0.12900650E+000  0.18751092E+001  0.46443692E+001
 -0.17161418E+000  0.12899811E+000  0.18750370E+001  0.46444063E+001
 -0.17162387E+000  0.12898472E+000  0.18749502E+001  0.46444418E+001
