 -0.52254128E-001
 -0.51763352E-001
 -0.51408281E-001
 -0.51151044E-001
 -0.50966744E-001
 -0.50837282E-001
 -0.50749554E-001
 -0.50694104E-001
 -0.50664619E-001
 -0.50654721E-001
 -0.50660137E-001
 -0.50677409E-001
 -0.50703800E-001
 -0.50737124E-001
 -0.50775654E-001
 -0.50817996E-001
 -0.50863054E-001
 -0.50909965E-001
 -0.50958047E-001
 -0.51006754E-001
 -0.51055654E-001
 -0.51104384E-001
 -0.51152668E-001
 -0.51200293E-001
 -0.51247067E-001
 -0.51292824E-001
 -0.51337454E-001
 -0.51380870E-001
 -0.51423008E-001
 -0.51463824E-001
 -0.51503289E-001
 -0.51541380E-001
 -0.51578102E-001
 -0.51613459E-001
 -0.51647462E-001
 -0.51680131E-001
 -0.51711490E-001
 -0.51741567E-001
 -0.51770394E-001
 -0.51798006E-001
 -0.51824440E-001
 -0.51849731E-001
 -0.51873917E-001
 -0.51897033E-001
 -0.51919115E-001
 -0.51940195E-001
 -0.51960303E-001
 -0.51979469E-001
 -0.51997719E-001
 -0.52015079E-001
 -0.52031573E-001
 -0.52047224E-001
 -0.52062052E-001
 -0.52076080E-001
 -0.52089329E-001
 -0.52101818E-001
 -0.52113570E-001
 -0.52124605E-001
 -0.52134948E-001
 -0.52144621E-001
 -0.52153649E-001
 -0.52162057E-001
 -0.52169871E-001
 -0.52177119E-001
 -0.52183828E-001
 -0.52190025E-001
 -0.52195739E-001
 -0.52200998E-001
 -0.52205828E-001
 -0.52210257E-001
 -0.52214312E-001
 -0.52218016E-001
 -0.52221394E-001
 -0.52224470E-001
 -0.52227265E-001
 -0.52229801E-001
 -0.52232096E-001
 -0.52234169E-001
 -0.52236037E-001
 -0.52237718E-001
 -0.52239226E-001
 -0.52240575E-001
 -0.52241780E-001
 -0.52242852E-001
 -0.52243805E-001
 -0.52244649E-001
 -0.52245394E-001
 -0.52246051E-001
 -0.52246629E-001
 -0.52247135E-001
 -0.52247578E-001
 -0.52247965E-001
 -0.52248302E-001
 -0.52248594E-001
 -0.52248848E-001
 -0.52249068E-001
 -0.52249259E-001
 -0.52249424E-001
 -0.52249566E-001
 -0.52249689E-001
 -0.52249795E-001
 -0.52249887E-001
 -0.52249966E-001
 -0.52250035E-001
 -0.52250093E-001
 -0.52250144E-001
 -0.52250187E-001
 -0.52250224E-001
 -0.52250255E-001
 -0.52250281E-001
 -0.52250302E-001
 -0.52250319E-001
 -0.52250333E-001
 -0.52250343E-001
 -0.52250349E-001
 -0.52250353E-001
 -0.52250354E-001
 -0.52250353E-001
 -0.52250350E-001
 -0.52250345E-001
 -0.52250338E-001
 -0.52250330E-001
 -0.52250320E-001
 -0.52250309E-001
 -0.52250298E-001
 -0.52250286E-001
 -0.52250273E-001
 -0.52250260E-001
 -0.52250246E-001
 -0.52250233E-001
 -0.52250220E-001
 -0.52250206E-001
 -0.52250194E-001
 -0.52250181E-001
 -0.52250170E-001
 -0.52250159E-001
 -0.52250148E-001
 -0.52250139E-001
 -0.52250130E-001
 -0.52250122E-001
 -0.52250116E-001
 -0.52250110E-001
 -0.52250105E-001
 -0.52250102E-001
 -0.52250099E-001
 -0.52250097E-001
 -0.52250097E-001
 -0.52250097E-001
 -0.52250098E-001
 -0.52250101E-001
 -0.52250104E-001
 -0.52250108E-001
 -0.52250113E-001
 -0.52250118E-001
 -0.52250125E-001
 -0.52250132E-001
 -0.52250139E-001
 -0.52250147E-001
 -0.52250156E-001
 -0.52250165E-001
 -0.52250174E-001
 -0.52250184E-001
 -0.52250194E-001
 -0.52250204E-001
 -0.52250214E-001
 -0.52250224E-001
 -0.52250235E-001
 -0.52250245E-001
 -0.52250255E-001
 -0.52250266E-001
 -0.52250276E-001
 -0.52250285E-001
 -0.52250295E-001
 -0.52250304E-001
 -0.52250313E-001
 -0.52250322E-001
 -0.52250330E-001
 -0.52250338E-001
 -0.52250346E-001
 -0.52250353E-001
 -0.52250359E-001
 -0.52250366E-001
 -0.52250371E-001
 -0.52250377E-001
 -0.52250382E-001
 -0.52250387E-001
 -0.52250393E-001
 -0.52250399E-001
 -0.52250408E-001
 -0.52250422E-001
 -0.52250445E-001
 -0.52250484E-001
 -0.52250554E-001
 -0.52250672E-001
 -0.52250867E-001
 -0.52251163E-001
 -0.52251609E-001
 -0.52252270E-001
 -0.52253927E-001
 -0.52256681E-001
