  0.16717354E+001
  0.16760838E+001
  0.16792030E+001
  0.16815347E+001
  0.16833030E+001
  0.16846480E+001
  0.16856676E+001
  0.16864324E+001
  0.16869941E+001
  0.16873920E+001
  0.16876584E+001
  0.16878184E+001
  0.16878916E+001
  0.16878933E+001
  0.16878359E+001
  0.16877296E+001
  0.16875827E+001
  0.16874022E+001
  0.16871935E+001
  0.16869615E+001
  0.16867101E+001
  0.16864425E+001
  0.16861614E+001
  0.16858693E+001
  0.16855680E+001
  0.16852591E+001
  0.16849441E+001
  0.16846242E+001
  0.16843002E+001
  0.16839732E+001
  0.16836438E+001
  0.16833127E+001
  0.16829804E+001
  0.16826475E+001
  0.16823142E+001
  0.16819812E+001
  0.16816487E+001
  0.16813172E+001
  0.16809870E+001
  0.16806585E+001
  0.16803321E+001
  0.16800080E+001
  0.16796866E+001
  0.16793684E+001
  0.16790536E+001
  0.16787425E+001
  0.16784356E+001
  0.16781332E+001
  0.16778356E+001
  0.16775432E+001
  0.16772562E+001
  0.16769749E+001
  0.16766998E+001
  0.16764309E+001
  0.16761685E+001
  0.16759129E+001
  0.16756643E+001
  0.16754228E+001
  0.16751886E+001
  0.16749618E+001
  0.16747424E+001
  0.16745307E+001
  0.16743266E+001
  0.16741303E+001
  0.16739416E+001
  0.16737607E+001
  0.16735875E+001
  0.16734220E+001
  0.16732643E+001
  0.16731142E+001
  0.16729718E+001
  0.16728371E+001
  0.16727099E+001
  0.16725903E+001
  0.16724780E+001
  0.16723731E+001
  0.16722754E+001
  0.16721849E+001
  0.16721012E+001
  0.16720243E+001
  0.16719538E+001
  0.16718897E+001
  0.16718316E+001
  0.16717792E+001
  0.16717323E+001
  0.16716904E+001
  0.16716533E+001
  0.16716206E+001
  0.16715920E+001
  0.16715671E+001
  0.16715456E+001
  0.16715271E+001
  0.16715113E+001
  0.16714979E+001
  0.16714866E+001
  0.16714772E+001
  0.16714694E+001
  0.16714630E+001
  0.16714577E+001
  0.16714534E+001
  0.16714500E+001
  0.16714473E+001
  0.16714451E+001
  0.16714434E+001
  0.16714421E+001
  0.16714411E+001
  0.16714403E+001
  0.16714398E+001
  0.16714394E+001
  0.16714391E+001
  0.16714389E+001
  0.16714388E+001
  0.16714388E+001
  0.16714388E+001
  0.16714388E+001
  0.16714389E+001
  0.16714390E+001
  0.16714391E+001
  0.16714392E+001
  0.16714394E+001
  0.16714396E+001
  0.16714397E+001
  0.16714399E+001
  0.16714401E+001
  0.16714403E+001
  0.16714405E+001
  0.16714406E+001
  0.16714408E+001
  0.16714410E+001
  0.16714412E+001
  0.16714414E+001
  0.16714416E+001
  0.16714418E+001
  0.16714420E+001
  0.16714422E+001
  0.16714424E+001
  0.16714426E+001
  0.16714428E+001
  0.16714429E+001
  0.16714431E+001
  0.16714433E+001
  0.16714435E+001
  0.16714436E+001
  0.16714438E+001
  0.16714439E+001
  0.16714441E+001
  0.16714442E+001
  0.16714444E+001
  0.16714445E+001
  0.16714447E+001
  0.16714448E+001
  0.16714450E+001
  0.16714451E+001
  0.16714453E+001
  0.16714454E+001
  0.16714456E+001
  0.16714457E+001
  0.16714459E+001
  0.16714461E+001
  0.16714463E+001
  0.16714465E+001
  0.16714467E+001
  0.16714469E+001
  0.16714471E+001
  0.16714473E+001
  0.16714476E+001
  0.16714479E+001
  0.16714482E+001
  0.16714485E+001
  0.16714489E+001
  0.16714492E+001
  0.16714497E+001
  0.16714501E+001
  0.16714507E+001
  0.16714512E+001
  0.16714519E+001
  0.16714526E+001
  0.16714533E+001
  0.16714542E+001
  0.16714551E+001
  0.16714561E+001
  0.16714573E+001
  0.16714585E+001
  0.16714599E+001
  0.16714614E+001
  0.16714630E+001
  0.16714648E+001
  0.16714667E+001
  0.16714687E+001
  0.16714707E+001
  0.16714727E+001
  0.16714746E+001
  0.16714762E+001
  0.16714773E+001
  0.16714777E+001
  0.16714771E+001
  0.16714752E+001
  0.16714714E+001
  0.16714606E+001
  0.16714448E+001
