  0.60007460E+000
  0.59680326E+000
  0.59483077E+000
  0.59364173E+000
  0.59289123E+000
  0.59244196E+000
  0.59219342E+000
  0.59210445E+000
  0.59229492E+000
  0.59254621E+000
  0.59283420E+000
  0.59313434E+000
  0.59342766E+000
  0.59370416E+000
  0.59396014E+000
  0.59419562E+000
  0.59441266E+000
  0.59461385E+000
  0.59480166E+000
  0.59497809E+000
  0.59514473E+000
  0.59530256E+000
  0.59545436E+000
  0.59560423E+000
  0.59574944E+000
  0.59588454E+000
  0.59601118E+000
  0.59613016E+000
  0.59624192E+000
  0.59634669E+000
  0.59644465E+000
  0.59653586E+000
  0.59662057E+000
  0.59669894E+000
  0.59677114E+000
  0.59683738E+000
  0.59689791E+000
  0.59695296E+000
  0.59700282E+000
  0.59704778E+000
  0.59708816E+000
  0.59712427E+000
  0.59715642E+000
  0.59718496E+000
  0.59721020E+000
  0.59723245E+000
  0.59725201E+000
  0.59726916E+000
  0.59728416E+000
  0.59729727E+000
  0.59730870E+000
  0.59731866E+000
  0.59732733E+000
  0.59733489E+000
  0.59734146E+000
  0.59734717E+000
  0.59735213E+000
  0.59735645E+000
  0.59736021E+000
  0.59736348E+000
  0.59736633E+000
  0.59736882E+000
  0.59737100E+000
  0.59737293E+000
  0.59737464E+000
  0.59737617E+000
  0.59737756E+000
  0.59737883E+000
  0.59738001E+000
  0.59738113E+000
  0.59738219E+000
  0.59738322E+000
  0.59738423E+000
  0.59738522E+000
  0.59738620E+000
  0.59738717E+000
  0.59738813E+000
  0.59738908E+000
  0.59739002E+000
  0.59739094E+000
  0.59739183E+000
  0.59739269E+000
  0.59739352E+000
  0.59739431E+000
  0.59739506E+000
  0.59739576E+000
  0.59739641E+000
  0.59739701E+000
  0.59739755E+000
  0.59739804E+000
  0.59739847E+000
  0.59739885E+000
  0.59739919E+000
  0.59739947E+000
  0.59739972E+000
  0.59739992E+000
  0.59740009E+000
  0.59740023E+000
  0.59740034E+000
  0.59740043E+000
  0.59740050E+000
  0.59740056E+000
  0.59740060E+000
  0.59740064E+000
  0.59740067E+000
  0.59740070E+000
  0.59740072E+000
  0.59740075E+000
  0.59740077E+000
  0.59740080E+000
  0.59740083E+000
  0.59740086E+000
  0.59740089E+000
  0.59740092E+000
  0.59740095E+000
  0.59740098E+000
  0.59740102E+000
  0.59740105E+000
  0.59740109E+000
  0.59740112E+000
  0.59740116E+000
  0.59740119E+000
  0.59740122E+000
  0.59740125E+000
  0.59740127E+000
  0.59740130E+000
  0.59740132E+000
  0.59740134E+000
  0.59740135E+000
  0.59740136E+000
  0.59740137E+000
  0.59740138E+000
  0.59740138E+000
  0.59740137E+000
  0.59740137E+000
  0.59740136E+000
  0.59740134E+000
  0.59740133E+000
  0.59740131E+000
  0.59740128E+000
  0.59740126E+000
  0.59740123E+000
  0.59740120E+000
  0.59740116E+000
  0.59740112E+000
  0.59740108E+000
  0.59740104E+000
  0.59740100E+000
  0.59740095E+000
  0.59740091E+000
  0.59740086E+000
  0.59740081E+000
  0.59740075E+000
  0.59740070E+000
  0.59740065E+000
  0.59740059E+000
  0.59740053E+000
  0.59740048E+000
  0.59740042E+000
  0.59740036E+000
  0.59740030E+000
  0.59740023E+000
  0.59740017E+000
  0.59740010E+000
  0.59740003E+000
  0.59739996E+000
  0.59739989E+000
  0.59739982E+000
  0.59739974E+000
  0.59739966E+000
  0.59739957E+000
  0.59739948E+000
  0.59739939E+000
  0.59739930E+000
  0.59739919E+000
  0.59739909E+000
  0.59739897E+000
  0.59739885E+000
  0.59739873E+000
  0.59739859E+000
  0.59739845E+000
  0.59739830E+000
  0.59739814E+000
  0.59739797E+000
  0.59739779E+000
  0.59739760E+000
  0.59739740E+000
  0.59739718E+000
  0.59739695E+000
  0.59739671E+000
  0.59739647E+000
  0.59739623E+000
  0.59739602E+000
  0.59739589E+000
  0.59739588E+000
  0.59739605E+000
  0.59739623E+000
  0.59739657E+000
  0.59740068E+000
  0.59741239E+000
