  0.64786677E+000  0.86638820E+000  0.95636051E+000  0.21363807E+001
  0.64773926E+000  0.86649835E+000  0.95625467E+000  0.21365641E+001
  0.64912176E+000  0.86355784E+000  0.95604945E+000  0.21364962E+001
  0.64998021E+000  0.86175561E+000  0.95516166E+000  0.21364350E+001
  0.64982840E+000  0.86133520E+000  0.95420492E+000  0.21362656E+001
  0.65028289E+000  0.86008645E+000  0.95360727E+000  0.21361690E+001
  0.65018256E+000  0.85957768E+000  0.95305027E+000  0.21360214E+001
  0.65007236E+000  0.85929809E+000  0.95245143E+000  0.21358781E+001
  0.64994936E+000  0.85892736E+000  0.95212840E+000  0.21357166E+001
  0.64984573E+000  0.85862537E+000  0.95182657E+000  0.21355724E+001
  0.64974103E+000  0.85844480E+000  0.95201344E+000  0.21349293E+001
  0.64966347E+000  0.85820267E+000  0.95174886E+000  0.21348713E+001
  0.64987247E+000  0.85773892E+000  0.95153844E+000  0.21347812E+001
  0.64980596E+000  0.85766430E+000  0.95127997E+000  0.21347004E+001
  0.64975073E+000  0.85752169E+000  0.95113436E+000  0.21346266E+001
  0.64979393E+000  0.85734298E+000  0.95097337E+000  0.21345593E+001
  0.64974779E+000  0.85732841E+000  0.95077674E+000  0.21344978E+001
  0.64970536E+000  0.85738415E+000  0.95053879E+000  0.21344412E+001
  0.64966552E+000  0.85730692E+000  0.95044778E+000  0.21343994E+001
  0.64962816E+000  0.85723968E+000  0.95038241E+000  0.21343462E+001
  0.64959249E+000  0.85735655E+000  0.95015096E+000  0.21342963E+001
  0.64955914E+000  0.85730486E+000  0.95009941E+000  0.21342519E+001
  0.64952742E+000  0.85725915E+000  0.95004926E+000  0.21342150E+001
  0.64949712E+000  0.85723816E+000  0.94998502E+000  0.21341801E+001
  0.64946807E+000  0.85720188E+000  0.94994532E+000  0.21341469E+001
  0.64944010E+000  0.85716933E+000  0.94990985E+000  0.21341152E+001
  0.64979929E+000  0.85675373E+000  0.94987799E+000  0.21340847E+001
  0.64977292E+000  0.85672727E+000  0.94984924E+000  0.21340554E+001
  0.64974742E+000  0.85670301E+000  0.94982318E+000  0.21340271E+001
  0.64972256E+000  0.85668075E+000  0.94979945E+000  0.21339997E+001
  0.64969830E+000  0.85669047E+000  0.94974756E+000  0.21339731E+001
  0.64967456E+000  0.85667143E+000  0.94972767E+000  0.21339471E+001
  0.64965129E+000  0.85665370E+000  0.94970935E+000  0.21339218E+001
  0.64962848E+000  0.85663712E+000  0.94969244E+000  0.21338970E+001
  0.64960609E+000  0.85662156E+000  0.94967677E+000  0.21338728E+001
  0.64958411E+000  0.85660692E+000  0.94966221E+000  0.21338491E+001
  0.64956252E+000  0.85659309E+000  0.94964864E+000  0.21338258E+001
  0.64954131E+000  0.85658000E+000  0.94963596E+000  0.21338030E+001
  0.64952049E+000  0.85656758E+000  0.94962408E+000  0.21337806E+001
  0.64950004E+000  0.85655578E+000  0.94961292E+000  0.21337587E+001
  0.64947999E+000  0.85654456E+000  0.94960240E+000  0.21337372E+001
  0.64946032E+000  0.85653388E+000  0.94959247E+000  0.21337161E+001
  0.64944106E+000  0.85652371E+000  0.94958307E+000  0.21336955E+001
  0.64942222E+000  0.85651402E+000  0.94957415E+000  0.21336753E+001
  0.64940380E+000  0.85650479E+000  0.94956566E+000  0.21336556E+001
  0.64938583E+000  0.85649600E+000  0.94955757E+000  0.21336364E+001
  0.64936831E+000  0.85648763E+000  0.94954984E+000  0.21336177E+001
  0.64935126E+000  0.85647966E+000  0.94954243E+000  0.21335994E+001
  0.64933469E+000  0.85647207E+000  0.94953532E+000  0.21335817E+001
  0.64931861E+000  0.85646485E+000  0.94952847E+000  0.21335644E+001
  0.64930305E+000  0.85645798E+000  0.94952187E+000  0.21335477E+001
  0.64928799E+000  0.85645144E+000  0.94951549E+000  0.21335316E+001
  0.64927347E+000  0.85644521E+000  0.94950931E+000  0.21335159E+001
  0.64925947E+000  0.85643930E+000  0.94950331E+000  0.21335009E+001
  0.64924602E+000  0.85643367E+000  0.94949749E+000  0.21334863E+001
  0.64923310E+000  0.85642831E+000  0.94949183E+000  0.21334724E+001
  0.64922073E+000  0.85642322E+000  0.94948632E+000  0.21334589E+001
  0.64920890E+000  0.85641837E+000  0.94948094E+000  0.21334461E+001
  0.64919761E+000  0.85641376E+000  0.94947569E+000  0.21334338E+001
  0.64918686E+000  0.85640937E+000  0.94947058E+000  0.21334220E+001
  0.64917664E+000  0.85640520E+000  0.94946558E+000  0.21334109E+001
  0.64916695E+000  0.85640123E+000  0.94946071E+000  0.21334002E+001
  0.64915777E+000  0.85639745E+000  0.94945595E+000  0.21333901E+001
  0.64914910E+000  0.85639385E+000  0.94945132E+000  0.21333806E+001
  0.64914092E+000  0.85639043E+000  0.94944682E+000  0.21333716E+001
  0.64913322E+000  0.85638718E+000  0.94944245E+000  0.21333631E+001
  0.64912599E+000  0.85638410E+000  0.94943822E+000  0.21333551E+001
  0.64911921E+000  0.85638118E+000  0.94943413E+000  0.21333477E+001
  0.64911287E+000  0.85637841E+000  0.94943018E+000  0.21333407E+001
  0.64910695E+000  0.85637579E+000  0.94942640E+000  0.21333343E+001
  0.64910144E+000  0.85637333E+000  0.94942278E+000  0.21333284E+001
  0.64909632E+000  0.85637101E+000  0.94941933E+000  0.21333230E+001
  0.64909156E+000  0.85636883E+000  0.94941606E+000  0.21333180E+001
  0.64908714E+000  0.85636682E+000  0.94941297E+000  0.21333136E+001
  0.64908308E+000  0.85636492E+000  0.94941007E+000  0.21333097E+001
  0.64907934E+000  0.85636316E+000  0.94940736E+000  0.21333062E+001
  0.64907590E+000  0.85636153E+000  0.94940484E+000  0.21333032E+001
  0.64907275E+000  0.85636003E+000  0.94940251E+000  0.21333007E+001
  0.64906986E+000  0.85635865E+000  0.94940036E+000  0.21332986E+001
  0.64906724E+000  0.85635738E+000  0.94939841E+000  0.21332971E+001
  0.64906484E+000  0.85635623E+000  0.94939664E+000  0.21332959E+001
  0.64906267E+000  0.85635518E+000  0.94939504E+000  0.21332952E+001
  0.64906070E+000  0.85635423E+000  0.94939362E+000  0.21332950E+001
  0.64905892E+000  0.85635338E+000  0.94939236E+000  0.21332951E+001
  0.64905731E+000  0.85635261E+000  0.94939126E+000  0.21332957E+001
  0.64905587E+000  0.85635192E+000  0.94939030E+000  0.21332967E+001
  0.64905456E+000  0.85635131E+000  0.94938949E+000  0.21332980E+001
  0.64905340E+000  0.85635076E+000  0.94938880E+000  0.21332997E+001
  0.64905235E+000  0.85635028E+000  0.94938823E+000  0.21333018E+001
  0.64905141E+000  0.85634985E+000  0.94938776E+000  0.21333041E+001
  0.64905057E+000  0.85634948E+000  0.94938740E+000  0.21333068E+001
  0.64904982E+000  0.85634914E+000  0.94938712E+000  0.21333097E+001
  0.64904914E+000  0.85634886E+000  0.94938692E+000  0.21333129E+001
  0.64904854E+000  0.85634860E+000  0.94938679E+000  0.21333163E+001
  0.64904800E+000  0.85634838E+000  0.94938673E+000  0.21333200E+001
  0.64904751E+000  0.85634819E+000  0.94938671E+000  0.21333238E+001
  0.64904708E+000  0.85634803E+000  0.94938674E+000  0.21333279E+001
  0.64904669E+000  0.85634789E+000  0.94938681E+000  0.21333321E+001
  0.64904634E+000  0.85634777E+000  0.94938691E+000  0.21333364E+001
  0.64904602E+000  0.85634766E+000  0.94938703E+000  0.21333409E+001
  0.64904574E+000  0.85634757E+000  0.94938718E+000  0.21333455E+001
  0.64904549E+000  0.85634750E+000  0.94938735E+000  0.21333502E+001
  0.64904526E+000  0.85634743E+000  0.94938752E+000  0.21333551E+001
  0.64904505E+000  0.85634738E+000  0.94938771E+000  0.21333600E+001
  0.64904487E+000  0.85634733E+000  0.94938790E+000  0.21333650E+001
  0.64904471E+000  0.85634729E+000  0.94938810E+000  0.21333700E+001
  0.64904457E+000  0.85634726E+000  0.94938829E+000  0.21333752E+001
  0.64904445E+000  0.85634723E+000  0.94938849E+000  0.21333804E+001
  0.64904434E+000  0.85634721E+000  0.94938869E+000  0.21333856E+001
  0.64904424E+000  0.85634718E+000  0.94938889E+000  0.21333909E+001
  0.64904417E+000  0.85634716E+000  0.94938909E+000  0.21333962E+001
  0.64904410E+000  0.85634715E+000  0.94938928E+000  0.21334016E+001
  0.64904405E+000  0.85634713E+000  0.94938947E+000  0.21334070E+001
  0.64904401E+000  0.85634711E+000  0.94938965E+000  0.21334125E+001
  0.64904398E+000  0.85634710E+000  0.94938984E+000  0.21334179E+001
  0.64904396E+000  0.85634708E+000  0.94939001E+000  0.21334234E+001
  0.64904396E+000  0.85634706E+000  0.94939019E+000  0.21334289E+001
  0.64904396E+000  0.85634705E+000  0.94939035E+000  0.21334344E+001
  0.64904396E+000  0.85634703E+000  0.94939052E+000  0.21334399E+001
  0.64904398E+000  0.85634701E+000  0.94939068E+000  0.21334455E+001
  0.64904400E+000  0.85634699E+000  0.94939083E+000  0.21334510E+001
  0.64904403E+000  0.85634697E+000  0.94939098E+000  0.21334565E+001
  0.64904407E+000  0.85634694E+000  0.94939113E+000  0.21334620E+001
  0.64904410E+000  0.85634692E+000  0.94939127E+000  0.21334675E+001
  0.64904415E+000  0.85634689E+000  0.94939140E+000  0.21334730E+001
  0.64904419E+000  0.85634687E+000  0.94939153E+000  0.21334785E+001
  0.64904424E+000  0.85634684E+000  0.94939166E+000  0.21334840E+001
  0.64904429E+000  0.85634681E+000  0.94939177E+000  0.21334894E+001
  0.64904434E+000  0.85634678E+000  0.94939189E+000  0.21334949E+001
  0.64904439E+000  0.85634675E+000  0.94939199E+000  0.21335002E+001
  0.64904444E+000  0.85634672E+000  0.94939210E+000  0.21335056E+001
  0.64904449E+000  0.85634669E+000  0.94939219E+000  0.21335109E+001
  0.64904454E+000  0.85634666E+000  0.94939228E+000  0.21335162E+001
  0.64904459E+000  0.85634662E+000  0.94939236E+000  0.21335215E+001
  0.64904464E+000  0.85634659E+000  0.94939244E+000  0.21335267E+001
  0.64904468E+000  0.85634656E+000  0.94939250E+000  0.21335318E+001
  0.64904473E+000  0.85634653E+000  0.94939257E+000  0.21335369E+001
  0.64904477E+000  0.85634650E+000  0.94939262E+000  0.21335420E+001
  0.64904480E+000  0.85634646E+000  0.94939267E+000  0.21335470E+001
  0.64904484E+000  0.85634643E+000  0.94939271E+000  0.21335519E+001
  0.64904487E+000  0.85634640E+000  0.94939274E+000  0.21335568E+001
  0.64904490E+000  0.85634637E+000  0.94939277E+000  0.21335617E+001
  0.64904493E+000  0.85634634E+000  0.94939278E+000  0.21335664E+001
  0.64904495E+000  0.85634631E+000  0.94939279E+000  0.21335711E+001
  0.64904497E+000  0.85634628E+000  0.94939280E+000  0.21335757E+001
  0.64904498E+000  0.85634625E+000  0.94939280E+000  0.21335803E+001
  0.64904500E+000  0.85634622E+000  0.94939279E+000  0.21335848E+001
  0.64904501E+000  0.85634619E+000  0.94939277E+000  0.21335892E+001
  0.64904502E+000  0.85634617E+000  0.94939275E+000  0.21335936E+001
  0.64904502E+000  0.85634614E+000  0.94939272E+000  0.21335978E+001
  0.64904503E+000  0.85634611E+000  0.94939269E+000  0.21336020E+001
  0.64904503E+000  0.85634609E+000  0.94939264E+000  0.21336061E+001
  0.64904503E+000  0.85634606E+000  0.94939260E+000  0.21336101E+001
  0.64904503E+000  0.85634604E+000  0.94939255E+000  0.21336141E+001
  0.64904502E+000  0.85634602E+000  0.94939249E+000  0.21336179E+001
  0.64904502E+000  0.85634600E+000  0.94939243E+000  0.21336217E+001
  0.64904502E+000  0.85634598E+000  0.94939237E+000  0.21336254E+001
  0.64904501E+000  0.85634596E+000  0.94939230E+000  0.21336290E+001
  0.64904500E+000  0.85634594E+000  0.94939223E+000  0.21336325E+001
  0.64904500E+000  0.85634592E+000  0.94939216E+000  0.21336360E+001
  0.64904499E+000  0.85634591E+000  0.94939208E+000  0.21336393E+001
  0.64904498E+000  0.85634589E+000  0.94939200E+000  0.21336426E+001
  0.64904498E+000  0.85634588E+000  0.94939191E+000  0.21336457E+001
  0.64904497E+000  0.85634587E+000  0.94939183E+000  0.21336488E+001
  0.64904497E+000  0.85634586E+000  0.94939174E+000  0.21336518E+001
  0.64904497E+000  0.85634585E+000  0.94939165E+000  0.21336547E+001
  0.64904497E+000  0.85634584E+000  0.94939156E+000  0.21336575E+001
  0.64904497E+000  0.85634583E+000  0.94939147E+000  0.21336603E+001
  0.64904497E+000  0.85634583E+000  0.94939137E+000  0.21336629E+001
  0.64904498E+000  0.85634582E+000  0.94939128E+000  0.21336655E+001
  0.64904498E+000  0.85634582E+000  0.94939118E+000  0.21336679E+001
  0.64904499E+000  0.85634582E+000  0.94939108E+000  0.21336703E+001
  0.64904501E+000  0.85634582E+000  0.94939098E+000  0.21336727E+001
  0.64904502E+000  0.85634582E+000  0.94939088E+000  0.21336749E+001
  0.64904505E+000  0.85634582E+000  0.94939077E+000  0.21336770E+001
  0.64904507E+000  0.85634582E+000  0.94939066E+000  0.21336791E+001
  0.64904510E+000  0.85634583E+000  0.94939055E+000  0.21336811E+001
  0.64904513E+000  0.85634583E+000  0.94939044E+000  0.21336830E+001
  0.64904517E+000  0.85634584E+000  0.94939032E+000  0.21336849E+001
  0.64904521E+000  0.85634584E+000  0.94939020E+000  0.21336867E+001
  0.64904526E+000  0.85634585E+000  0.94939007E+000  0.21336884E+001
  0.64904531E+000  0.85634585E+000  0.94938994E+000  0.21336901E+001
  0.64904537E+000  0.85634586E+000  0.94938980E+000  0.21336917E+001
  0.64904544E+000  0.85634586E+000  0.94938965E+000  0.21336932E+001
  0.64904551E+000  0.85634586E+000  0.94938949E+000  0.21336947E+001
  0.64904559E+000  0.85634587E+000  0.94938932E+000  0.21336961E+001
  0.64904568E+000  0.85634587E+000  0.94938914E+000  0.21336975E+001
  0.64904578E+000  0.85634587E+000  0.94938894E+000  0.21336988E+001
  0.64904589E+000  0.85634586E+000  0.94938873E+000  0.21337001E+001
  0.64904601E+000  0.85634586E+000  0.94938850E+000  0.21337013E+001
  0.64904615E+000  0.85634585E+000  0.94938826E+000  0.21337025E+001
  0.64904630E+000  0.85634585E+000  0.94938801E+000  0.21337037E+001
  0.64904648E+000  0.85634586E+000  0.94938774E+000  0.21337049E+001
  0.64904670E+000  0.85634590E+000  0.94938749E+000  0.21337061E+001
  0.64904697E+000  0.85634599E+000  0.94938725E+000  0.21337073E+001
  0.64904732E+000  0.85634618E+000  0.94938709E+000  0.21337086E+001
  0.64904774E+000  0.85634640E+000  0.94938680E+000  0.21337099E+001
  0.64904852E+000  0.85634688E+000  0.94938704E+000  0.21337117E+001
  0.64904957E+000  0.85634791E+000  0.94938777E+000  0.21337138E+001
  0.64905189E+000  0.85635198E+000  0.94939202E+000  0.21337164E+001
