  0.69687750E+000  0.85620891E+000  0.10158270E+001  0.20380827E+001
  0.69586988E+000  0.85656224E+000  0.10162991E+001  0.20383252E+001
  0.69504348E+000  0.85551156E+000  0.10164807E+001  0.20381895E+001
  0.69430873E+000  0.85454402E+000  0.10165170E+001  0.20379627E+001
  0.69365933E+000  0.85376444E+000  0.10164792E+001  0.20377311E+001
  0.69310067E+000  0.85312518E+000  0.10164033E+001  0.20375164E+001
  0.69276033E+000  0.85243686E+000  0.10163104E+001  0.20373243E+001
  0.69269456E+000  0.85164125E+000  0.10162078E+001  0.20371564E+001
  0.69257638E+000  0.85102931E+000  0.10161039E+001  0.20370122E+001
  0.69241750E+000  0.85056257E+000  0.10160013E+001  0.20368887E+001
  0.69224819E+000  0.85019788E+000  0.10158999E+001  0.20367825E+001
  0.69208546E+000  0.84991028E+000  0.10158000E+001  0.20366905E+001
  0.69193682E+000  0.84968404E+000  0.10157001E+001  0.20366100E+001
  0.69180449E+000  0.84950624E+000  0.10156006E+001  0.20365392E+001
  0.69168804E+000  0.84936729E+000  0.10155012E+001  0.20364768E+001
  0.69158565E+000  0.84925869E+000  0.10154036E+001  0.20364216E+001
  0.69149519E+000  0.84917453E+000  0.10153084E+001  0.20363726E+001
  0.69141469E+000  0.84911035E+000  0.10152155E+001  0.20363290E+001
  0.69134254E+000  0.84906253E+000  0.10151249E+001  0.20362897E+001
  0.69127736E+000  0.84902806E+000  0.10150366E+001  0.20362544E+001
  0.69121819E+000  0.84900455E+000  0.10149509E+001  0.20362226E+001
  0.69116408E+000  0.84898989E+000  0.10148676E+001  0.20361937E+001
  0.69111436E+000  0.84898230E+000  0.10147868E+001  0.20361674E+001
  0.69106846E+000  0.84898027E+000  0.10147083E+001  0.20361433E+001
  0.69102591E+000  0.84898269E+000  0.10146324E+001  0.20361211E+001
  0.69098630E+000  0.84898864E+000  0.10145589E+001  0.20361006E+001
  0.69094930E+000  0.84899725E+000  0.10144879E+001  0.20360813E+001
  0.69091460E+000  0.84900788E+000  0.10144192E+001  0.20360632E+001
  0.69088194E+000  0.84901999E+000  0.10143529E+001  0.20360459E+001
  0.69085109E+000  0.84903317E+000  0.10142888E+001  0.20360294E+001
  0.69082193E+000  0.84904714E+000  0.10142268E+001  0.20360135E+001
  0.69079418E+000  0.84906157E+000  0.10141669E+001  0.20359981E+001
  0.69076780E+000  0.84907632E+000  0.10141088E+001  0.20359832E+001
  0.69074265E+000  0.84909126E+000  0.10140525E+001  0.20359687E+001
  0.69071864E+000  0.84910629E+000  0.10139978E+001  0.20359545E+001
  0.69069569E+000  0.84912132E+000  0.10139445E+001  0.20359408E+001
  0.69067372E+000  0.84913629E+000  0.10138926E+001  0.20359274E+001
  0.69065267E+000  0.84915117E+000  0.10138420E+001  0.20359145E+001
  0.69063249E+000  0.84916590E+000  0.10137924E+001  0.20359019E+001
  0.69061313E+000  0.84918046E+000  0.10137439E+001  0.20358899E+001
  0.69059456E+000  0.84919482E+000  0.10136964E+001  0.20358783E+001
  0.69057673E+000  0.84920895E+000  0.10136499E+001  0.20358673E+001
  0.69055964E+000  0.84922283E+000  0.10136042E+001  0.20358567E+001
  0.69054325E+000  0.84923642E+000  0.10135594E+001  0.20358466E+001
  0.69052755E+000  0.84924971E+000  0.10135156E+001  0.20358370E+001
  0.69051251E+000  0.84926266E+000  0.10134727E+001  0.20358279E+001
  0.69049813E+000  0.84927524E+000  0.10134308E+001  0.20358192E+001
  0.69048440E+000  0.84928743E+000  0.10133900E+001  0.20358109E+001
  0.69047129E+000  0.84929919E+000  0.10133502E+001  0.20358031E+001
  0.69045879E+000  0.84931051E+000  0.10133115E+001  0.20357955E+001
  0.69044691E+000  0.84932135E+000  0.10132741E+001  0.20357883E+001
  0.69043562E+000  0.84933170E+000  0.10132378E+001  0.20357814E+001
  0.69042492E+000  0.84934154E+000  0.10132028E+001  0.20357747E+001
  0.69041479E+000  0.84935085E+000  0.10131691E+001  0.20357682E+001
  0.69040523E+000  0.84935962E+000  0.10131367E+001  0.20357620E+001
  0.69039622E+000  0.84936785E+000  0.10131056E+001  0.20357559E+001
  0.69038775E+000  0.84937553E+000  0.10130758E+001  0.20357501E+001
  0.69037980E+000  0.84938266E+000  0.10130474E+001  0.20357444E+001
  0.69037236E+000  0.84938925E+000  0.10130203E+001  0.20357389E+001
  0.69036542E+000  0.84939530E+000  0.10129945E+001  0.20357336E+001
  0.69035895E+000  0.84940083E+000  0.10129701E+001  0.20357284E+001
  0.69035294E+000  0.84940585E+000  0.10129469E+001  0.20357234E+001
  0.69034736E+000  0.84941038E+000  0.10129249E+001  0.20357186E+001
  0.69034221E+000  0.84941445E+000  0.10129042E+001  0.20357140E+001
  0.69033746E+000  0.84941807E+000  0.10128847E+001  0.20357095E+001
  0.69033309E+000  0.84942128E+000  0.10128663E+001  0.20357052E+001
  0.69032908E+000  0.84942411E+000  0.10128491E+001  0.20357012E+001
  0.69032541E+000  0.84942658E+000  0.10128329E+001  0.20356973E+001
  0.69032206E+000  0.84942872E+000  0.10128178E+001  0.20356936E+001
  0.69031902E+000  0.84943056E+000  0.10128037E+001  0.20356902E+001
  0.69031626E+000  0.84943213E+000  0.10127905E+001  0.20356870E+001
  0.69031376E+000  0.84943347E+000  0.10127783E+001  0.20356841E+001
  0.69031152E+000  0.84943459E+000  0.10127669E+001  0.20356815E+001
  0.69030950E+000  0.84943552E+000  0.10127564E+001  0.20356791E+001
  0.69030770E+000  0.84943629E+000  0.10127468E+001  0.20356770E+001
  0.69030609E+000  0.84943691E+000  0.10127379E+001  0.20356752E+001
  0.69030467E+000  0.84943742E+000  0.10127297E+001  0.20356737E+001
  0.69030341E+000  0.84943782E+000  0.10127222E+001  0.20356725E+001
  0.69030230E+000  0.84943790E+000  0.10127157E+001  0.20356716E+001
  0.69030133E+000  0.84943727E+000  0.10127104E+001  0.20356711E+001
  0.69030048E+000  0.84943675E+000  0.10127055E+001  0.20356709E+001
  0.69029973E+000  0.84943636E+000  0.10127011E+001  0.20356710E+001
  0.69029908E+000  0.84943607E+000  0.10126970E+001  0.20356714E+001
  0.69029851E+000  0.84943588E+000  0.10126932E+001  0.20356722E+001
  0.69029802E+000  0.84943578E+000  0.10126898E+001  0.20356733E+001
  0.69029759E+000  0.84943578E+000  0.10126868E+001  0.20356746E+001
  0.69029721E+000  0.84943585E+000  0.10126840E+001  0.20356763E+001
  0.69029688E+000  0.84943600E+000  0.10126815E+001  0.20356783E+001
  0.69029658E+000  0.84943622E+000  0.10126792E+001  0.20356806E+001
  0.69029631E+000  0.84943650E+000  0.10126772E+001  0.20356831E+001
  0.69029607E+000  0.84943684E+000  0.10126754E+001  0.20356858E+001
  0.69029585E+000  0.84943724E+000  0.10126738E+001  0.20356888E+001
  0.69029565E+000  0.84943768E+000  0.10126724E+001  0.20356921E+001
  0.69029545E+000  0.84943817E+000  0.10126711E+001  0.20356955E+001
  0.69029527E+000  0.84943870E+000  0.10126700E+001  0.20356991E+001
  0.69029509E+000  0.84943898E+000  0.10126693E+001  0.20357028E+001
  0.69029492E+000  0.84943907E+000  0.10126690E+001  0.20357067E+001
  0.69029474E+000  0.84943918E+000  0.10126687E+001  0.20357108E+001
  0.69029457E+000  0.84943931E+000  0.10126686E+001  0.20357149E+001
  0.69029440E+000  0.84943946E+000  0.10126685E+001  0.20357192E+001
  0.69029423E+000  0.84943964E+000  0.10126685E+001  0.20357236E+001
  0.69029406E+000  0.84943984E+000  0.10126686E+001  0.20357280E+001
  0.69029389E+000  0.84944006E+000  0.10126688E+001  0.20357325E+001
  0.69029371E+000  0.84944031E+000  0.10126690E+001  0.20357371E+001
  0.69029354E+000  0.84944057E+000  0.10126692E+001  0.20357417E+001
  0.69029336E+000  0.84944086E+000  0.10126695E+001  0.20357464E+001
  0.69029318E+000  0.84944116E+000  0.10126699E+001  0.20357511E+001
  0.69029300E+000  0.84944148E+000  0.10126702E+001  0.20357558E+001
  0.69029283E+000  0.84944182E+000  0.10126706E+001  0.20357606E+001
  0.69029265E+000  0.84944218E+000  0.10126711E+001  0.20357653E+001
  0.69029247E+000  0.84944254E+000  0.10126715E+001  0.20357701E+001
  0.69029229E+000  0.84944292E+000  0.10126720E+001  0.20357749E+001
  0.69029211E+000  0.84944331E+000  0.10126725E+001  0.20357797E+001
  0.69029193E+000  0.84944370E+000  0.10126731E+001  0.20357845E+001
  0.69029175E+000  0.84944410E+000  0.10126737E+001  0.20357893E+001
  0.69029157E+000  0.84944451E+000  0.10126742E+001  0.20357941E+001
  0.69029139E+000  0.84944491E+000  0.10126749E+001  0.20357989E+001
  0.69029122E+000  0.84944531E+000  0.10126755E+001  0.20358038E+001
  0.69029104E+000  0.84944571E+000  0.10126761E+001  0.20358086E+001
  0.69029087E+000  0.84944611E+000  0.10126767E+001  0.20358134E+001
  0.69029070E+000  0.84944649E+000  0.10126774E+001  0.20358182E+001
  0.69029053E+000  0.84944687E+000  0.10126780E+001  0.20358230E+001
  0.69029036E+000  0.84944724E+000  0.10126787E+001  0.20358279E+001
  0.69029019E+000  0.84944760E+000  0.10126793E+001  0.20358327E+001
  0.69029003E+000  0.84944795E+000  0.10126800E+001  0.20358375E+001
  0.69028987E+000  0.84944829E+000  0.10126806E+001  0.20358424E+001
  0.69028971E+000  0.84944860E+000  0.10126812E+001  0.20358472E+001
  0.69028955E+000  0.84944891E+000  0.10126818E+001  0.20358521E+001
  0.69028939E+000  0.84944920E+000  0.10126823E+001  0.20358569E+001
  0.69028924E+000  0.84944947E+000  0.10126828E+001  0.20358618E+001
  0.69028909E+000  0.84944973E+000  0.10126833E+001  0.20358667E+001
  0.69028894E+000  0.84944997E+000  0.10126838E+001  0.20358716E+001
  0.69028880E+000  0.84945020E+000  0.10126842E+001  0.20358764E+001
  0.69028865E+000  0.84945041E+000  0.10126846E+001  0.20358813E+001
  0.69028852E+000  0.84945060E+000  0.10126850E+001  0.20358862E+001
  0.69028838E+000  0.84945078E+000  0.10126853E+001  0.20358911E+001
  0.69028824E+000  0.84945094E+000  0.10126855E+001  0.20358960E+001
  0.69028811E+000  0.84945109E+000  0.10126858E+001  0.20359009E+001
  0.69028799E+000  0.84945122E+000  0.10126859E+001  0.20359058E+001
  0.69028786E+000  0.84945134E+000  0.10126861E+001  0.20359106E+001
  0.69028774E+000  0.84945145E+000  0.10126861E+001  0.20359155E+001
  0.69028762E+000  0.84945155E+000  0.10126862E+001  0.20359203E+001
  0.69028751E+000  0.84945163E+000  0.10126862E+001  0.20359251E+001
  0.69028740E+000  0.84945171E+000  0.10126861E+001  0.20359299E+001
  0.69028729E+000  0.84945172E+000  0.10126861E+001  0.20359347E+001
  0.69028718E+000  0.84945152E+000  0.10126862E+001  0.20359394E+001
  0.69028708E+000  0.84945132E+000  0.10126863E+001  0.20359441E+001
  0.69028698E+000  0.84945113E+000  0.10126864E+001  0.20359487E+001
  0.69028689E+000  0.84945093E+000  0.10126863E+001  0.20359533E+001
  0.69028680E+000  0.84945074E+000  0.10126863E+001  0.20359579E+001
  0.69028671E+000  0.84945056E+000  0.10126862E+001  0.20359623E+001
  0.69028662E+000  0.84945038E+000  0.10126861E+001  0.20359668E+001
  0.69028654E+000  0.84945020E+000  0.10126860E+001  0.20359711E+001
  0.69028646E+000  0.84945003E+000  0.10126858E+001  0.20359754E+001
  0.69028639E+000  0.84944986E+000  0.10126856E+001  0.20359796E+001
  0.69028631E+000  0.84944970E+000  0.10126854E+001  0.20359838E+001
  0.69028624E+000  0.84944955E+000  0.10126851E+001  0.20359878E+001
  0.69028618E+000  0.84944940E+000  0.10126849E+001  0.20359918E+001
  0.69028611E+000  0.84944925E+000  0.10126846E+001  0.20359957E+001
  0.69028605E+000  0.84944911E+000  0.10126843E+001  0.20359996E+001
  0.69028599E+000  0.84944898E+000  0.10126840E+001  0.20360033E+001
  0.69028594E+000  0.84944885E+000  0.10126837E+001  0.20360069E+001
  0.69028588E+000  0.84944872E+000  0.10126834E+001  0.20360105E+001
  0.69028583E+000  0.84944860E+000  0.10126831E+001  0.20360140E+001
  0.69028578E+000  0.84944848E+000  0.10126828E+001  0.20360173E+001
  0.69028574E+000  0.84944837E+000  0.10126824E+001  0.20360206E+001
  0.69028569E+000  0.84944826E+000  0.10126821E+001  0.20360238E+001
  0.69028564E+000  0.84944815E+000  0.10126818E+001  0.20360269E+001
  0.69028560E+000  0.84944804E+000  0.10126815E+001  0.20360299E+001
  0.69028556E+000  0.84944793E+000  0.10126812E+001  0.20360329E+001
  0.69028552E+000  0.84944783E+000  0.10126809E+001  0.20360357E+001
  0.69028547E+000  0.84944772E+000  0.10126805E+001  0.20360385E+001
  0.69028543E+000  0.84944761E+000  0.10126802E+001  0.20360412E+001
  0.69028538E+000  0.84944750E+000  0.10126799E+001  0.20360438E+001
  0.69028534E+000  0.84944739E+000  0.10126796E+001  0.20360463E+001
  0.69028529E+000  0.84944728E+000  0.10126793E+001  0.20360488E+001
  0.69028523E+000  0.84944716E+000  0.10126789E+001  0.20360513E+001
  0.69028517E+000  0.84944703E+000  0.10126786E+001  0.20360536E+001
  0.69028511E+000  0.84944690E+000  0.10126783E+001  0.20360559E+001
  0.69028504E+000  0.84944676E+000  0.10126779E+001  0.20360582E+001
  0.69028496E+000  0.84944660E+000  0.10126776E+001  0.20360605E+001
  0.69028488E+000  0.84944644E+000  0.10126772E+001  0.20360627E+001
  0.69028478E+000  0.84944627E+000  0.10126768E+001  0.20360649E+001
  0.69028467E+000  0.84944608E+000  0.10126763E+001  0.20360671E+001
  0.69028455E+000  0.84944587E+000  0.10126758E+001  0.20360693E+001
  0.69028442E+000  0.84944565E+000  0.10126753E+001  0.20360715E+001
  0.69028426E+000  0.84944541E+000  0.10126747E+001  0.20360738E+001
  0.69028409E+000  0.84944515E+000  0.10126741E+001  0.20360761E+001
  0.69028389E+000  0.84944486E+000  0.10126734E+001  0.20360784E+001
  0.69028367E+000  0.84944455E+000  0.10126726E+001  0.20360809E+001
  0.69028342E+000  0.84944421E+000  0.10126718E+001  0.20360834E+001
  0.69028313E+000  0.84944386E+000  0.10126708E+001  0.20360861E+001
  0.69028281E+000  0.84944350E+000  0.10126698E+001  0.20360889E+001
  0.69028246E+000  0.84944315E+000  0.10126687E+001  0.20360919E+001
  0.69028208E+000  0.84944284E+000  0.10126674E+001  0.20360951E+001
  0.69028167E+000  0.84944262E+000  0.10126662E+001  0.20360986E+001
  0.69028118E+000  0.84944245E+000  0.10126649E+001  0.20361023E+001
  0.69028056E+000  0.84944266E+000  0.10126641E+001  0.20361068E+001
  0.69028024E+000  0.84944378E+000  0.10126634E+001  0.20361116E+001
  0.69028181E+000  0.84944770E+000  0.10126643E+001  0.20361185E+001
