 -0.28704688E+000
 -0.28677289E+000
 -0.28681937E+000
 -0.28695848E+000
 -0.28711384E+000
 -0.28725941E+000
 -0.28738832E+000
 -0.28749947E+000
 -0.28759402E+000
 -0.28767371E+000
 -0.28774080E+000
 -0.28779755E+000
 -0.28784587E+000
 -0.28788719E+000
 -0.28792269E+000
 -0.28795330E+000
 -0.28797983E+000
 -0.28800295E+000
 -0.28802321E+000
 -0.28804106E+000
 -0.28805688E+000
 -0.28807096E+000
 -0.28808355E+000
 -0.28809489E+000
 -0.28810511E+000
 -0.28811440E+000
 -0.28812289E+000
 -0.28813070E+000
 -0.28813794E+000
 -0.28814467E+000
 -0.28815098E+000
 -0.28815690E+000
 -0.28816252E+000
 -0.28816785E+000
 -0.28817294E+000
 -0.28817780E+000
 -0.28818248E+000
 -0.28818697E+000
 -0.28819130E+000
 -0.28819548E+000
 -0.28819953E+000
 -0.28820344E+000
 -0.28820722E+000
 -0.28821089E+000
 -0.28821444E+000
 -0.28821788E+000
 -0.28822121E+000
 -0.28822443E+000
 -0.28822755E+000
 -0.28823058E+000
 -0.28823351E+000
 -0.28823635E+000
 -0.28823911E+000
 -0.28824178E+000
 -0.28824439E+000
 -0.28824693E+000
 -0.28824941E+000
 -0.28825184E+000
 -0.28825422E+000
 -0.28825657E+000
 -0.28825889E+000
 -0.28826118E+000
 -0.28826347E+000
 -0.28826576E+000
 -0.28826805E+000
 -0.28827035E+000
 -0.28827267E+000
 -0.28827501E+000
 -0.28827738E+000
 -0.28827978E+000
 -0.28828222E+000
 -0.28828469E+000
 -0.28828719E+000
 -0.28828973E+000
 -0.28829230E+000
 -0.28829489E+000
 -0.28829751E+000
 -0.28830014E+000
 -0.28830279E+000
 -0.28830543E+000
 -0.28830808E+000
 -0.28831071E+000
 -0.28831333E+000
 -0.28831592E+000
 -0.28831849E+000
 -0.28832102E+000
 -0.28832351E+000
 -0.28832597E+000
 -0.28832837E+000
 -0.28833074E+000
 -0.28833305E+000
 -0.28833533E+000
 -0.28833755E+000
 -0.28833974E+000
 -0.28834188E+000
 -0.28834399E+000
 -0.28834606E+000
 -0.28834811E+000
 -0.28835012E+000
 -0.28835211E+000
 -0.28835408E+000
 -0.28835602E+000
 -0.28835796E+000
 -0.28835988E+000
 -0.28836179E+000
 -0.28836369E+000
 -0.28836558E+000
 -0.28836747E+000
 -0.28836935E+000
 -0.28837124E+000
 -0.28837312E+000
 -0.28837500E+000
 -0.28837688E+000
 -0.28837876E+000
 -0.28838064E+000
 -0.28838251E+000
 -0.28838439E+000
 -0.28838627E+000
 -0.28838815E+000
 -0.28839003E+000
 -0.28839191E+000
 -0.28839378E+000
 -0.28839565E+000
 -0.28839752E+000
 -0.28839939E+000
 -0.28840125E+000
 -0.28840310E+000
 -0.28840495E+000
 -0.28840679E+000
 -0.28840862E+000
 -0.28841044E+000
 -0.28841225E+000
 -0.28841404E+000
 -0.28841583E+000
 -0.28841760E+000
 -0.28841935E+000
 -0.28842109E+000
 -0.28842282E+000
 -0.28842452E+000
 -0.28842620E+000
 -0.28842787E+000
 -0.28842951E+000
 -0.28843113E+000
 -0.28843273E+000
 -0.28843430E+000
 -0.28843585E+000
 -0.28843737E+000
 -0.28843886E+000
 -0.28844033E+000
 -0.28844177E+000
 -0.28844318E+000
 -0.28844456E+000
 -0.28844591E+000
 -0.28844723E+000
 -0.28844852E+000
 -0.28844978E+000
 -0.28845101E+000
 -0.28845220E+000
 -0.28845337E+000
 -0.28845450E+000
 -0.28845560E+000
 -0.28845666E+000
 -0.28845770E+000
 -0.28845870E+000
 -0.28845967E+000
 -0.28846061E+000
 -0.28846152E+000
 -0.28846240E+000
 -0.28846325E+000
 -0.28846407E+000
 -0.28846485E+000
 -0.28846561E+000
 -0.28846635E+000
 -0.28846705E+000
 -0.28846773E+000
 -0.28846838E+000
 -0.28846901E+000
 -0.28846961E+000
 -0.28847019E+000
 -0.28847075E+000
 -0.28847129E+000
 -0.28847180E+000
 -0.28847230E+000
 -0.28847278E+000
 -0.28847324E+000
 -0.28847368E+000
 -0.28847411E+000
 -0.28847452E+000
 -0.28847491E+000
 -0.28847529E+000
 -0.28847566E+000
 -0.28847600E+000
 -0.28847633E+000
 -0.28847663E+000
 -0.28847689E+000
 -0.28847715E+000
 -0.28847734E+000
 -0.28847750E+000
 -0.28847701E+000
 -0.28847711E+000
