  0.10814862E+001
  0.10738936E+001
  0.10686335E+001
  0.10647044E+001
  0.10616565E+001
  0.10592483E+001
  0.10573219E+001
  0.10557606E+001
  0.10544871E+001
  0.10534483E+001
  0.10525965E+001
  0.10518953E+001
  0.10513167E+001
  0.10508381E+001
  0.10504428E+001
  0.10501162E+001
  0.10498465E+001
  0.10496239E+001
  0.10494411E+001
  0.10492913E+001
  0.10491696E+001
  0.10490715E+001
  0.10489930E+001
  0.10489311E+001
  0.10488831E+001
  0.10488467E+001
  0.10488199E+001
  0.10488011E+001
  0.10487887E+001
  0.10487816E+001
  0.10487789E+001
  0.10487793E+001
  0.10487825E+001
  0.10487879E+001
  0.10487948E+001
  0.10488031E+001
  0.10488123E+001
  0.10488222E+001
  0.10488325E+001
  0.10488431E+001
  0.10488539E+001
  0.10488647E+001
  0.10488755E+001
  0.10488862E+001
  0.10488967E+001
  0.10489071E+001
  0.10489172E+001
  0.10489271E+001
  0.10489366E+001
  0.10489459E+001
  0.10489549E+001
  0.10489636E+001
  0.10489718E+001
  0.10489798E+001
  0.10489873E+001
  0.10489945E+001
  0.10490013E+001
  0.10490076E+001
  0.10490136E+001
  0.10490192E+001
  0.10490244E+001
  0.10490292E+001
  0.10490336E+001
  0.10490377E+001
  0.10490414E+001
  0.10490447E+001
  0.10490478E+001
  0.10490505E+001
  0.10490530E+001
  0.10490553E+001
  0.10490573E+001
  0.10490591E+001
  0.10490607E+001
  0.10490621E+001
  0.10490634E+001
  0.10490646E+001
  0.10490656E+001
  0.10490666E+001
  0.10490674E+001
  0.10490681E+001
  0.10490687E+001
  0.10490692E+001
  0.10490697E+001
  0.10490701E+001
  0.10490703E+001
  0.10490706E+001
  0.10490707E+001
  0.10490709E+001
  0.10490709E+001
  0.10490709E+001
  0.10490709E+001
  0.10490708E+001
  0.10490707E+001
  0.10490706E+001
  0.10490704E+001
  0.10490703E+001
  0.10490701E+001
  0.10490699E+001
  0.10490697E+001
  0.10490696E+001
  0.10490694E+001
  0.10490692E+001
  0.10490690E+001
  0.10490689E+001
  0.10490687E+001
  0.10490686E+001
  0.10490685E+001
  0.10490684E+001
  0.10490683E+001
  0.10490682E+001
  0.10490681E+001
  0.10490680E+001
  0.10490679E+001
  0.10490679E+001
  0.10490678E+001
  0.10490678E+001
  0.10490678E+001
  0.10490677E+001
  0.10490677E+001
  0.10490677E+001
  0.10490676E+001
  0.10490676E+001
  0.10490676E+001
  0.10490675E+001
  0.10490675E+001
  0.10490675E+001
  0.10490675E+001
  0.10490674E+001
  0.10490674E+001
  0.10490674E+001
  0.10490673E+001
  0.10490673E+001
  0.10490672E+001
  0.10490672E+001
  0.10490671E+001
  0.10490671E+001
  0.10490670E+001
  0.10490669E+001
  0.10490669E+001
  0.10490668E+001
  0.10490668E+001
  0.10490667E+001
  0.10490666E+001
  0.10490666E+001
  0.10490665E+001
  0.10490664E+001
  0.10490664E+001
  0.10490663E+001
  0.10490662E+001
  0.10490662E+001
  0.10490661E+001
  0.10490660E+001
  0.10490660E+001
  0.10490659E+001
  0.10490659E+001
  0.10490658E+001
  0.10490658E+001
  0.10490657E+001
  0.10490657E+001
  0.10490656E+001
  0.10490656E+001
  0.10490656E+001
  0.10490655E+001
  0.10490655E+001
  0.10490655E+001
  0.10490655E+001
  0.10490654E+001
  0.10490654E+001
  0.10490654E+001
  0.10490654E+001
  0.10490654E+001
  0.10490654E+001
  0.10490654E+001
  0.10490654E+001
  0.10490654E+001
  0.10490654E+001
  0.10490653E+001
  0.10490653E+001
  0.10490653E+001
  0.10490653E+001
  0.10490653E+001
  0.10490652E+001
  0.10490652E+001
  0.10490652E+001
  0.10490651E+001
  0.10490650E+001
  0.10490650E+001
  0.10490648E+001
  0.10490647E+001
  0.10490646E+001
  0.10490644E+001
  0.10490642E+001
  0.10490639E+001
  0.10490636E+001
  0.10490634E+001
  0.10490631E+001
  0.10490629E+001
  0.10490612E+001
  0.10490605E+001
  0.10490655E+001
