  0.16163898E+001
  0.16088661E+001
  0.16036580E+001
  0.15997691E+001
  0.15967525E+001
  0.15943686E+001
  0.15924611E+001
  0.15909145E+001
  0.15896522E+001
  0.15886219E+001
  0.15877763E+001
  0.15870796E+001
  0.15865040E+001
  0.15860273E+001
  0.15856328E+001
  0.15853063E+001
  0.15850359E+001
  0.15848122E+001
  0.15846278E+001
  0.15844760E+001
  0.15843522E+001
  0.15842515E+001
  0.15841704E+001
  0.15841057E+001
  0.15840548E+001
  0.15840154E+001
  0.15839855E+001
  0.15839636E+001
  0.15839480E+001
  0.15839377E+001
  0.15839319E+001
  0.15839292E+001
  0.15839292E+001
  0.15839314E+001
  0.15839353E+001
  0.15839406E+001
  0.15839468E+001
  0.15839537E+001
  0.15839611E+001
  0.15839689E+001
  0.15839769E+001
  0.15839850E+001
  0.15839931E+001
  0.15840012E+001
  0.15840093E+001
  0.15840172E+001
  0.15840250E+001
  0.15840326E+001
  0.15840400E+001
  0.15840473E+001
  0.15840543E+001
  0.15840611E+001
  0.15840676E+001
  0.15840739E+001
  0.15840799E+001
  0.15840857E+001
  0.15840911E+001
  0.15840963E+001
  0.15841013E+001
  0.15841059E+001
  0.15841103E+001
  0.15841144E+001
  0.15841183E+001
  0.15841219E+001
  0.15841253E+001
  0.15841285E+001
  0.15841315E+001
  0.15841343E+001
  0.15841370E+001
  0.15841396E+001
  0.15841420E+001
  0.15841443E+001
  0.15841466E+001
  0.15841488E+001
  0.15841509E+001
  0.15841530E+001
  0.15841551E+001
  0.15841571E+001
  0.15841591E+001
  0.15841611E+001
  0.15841631E+001
  0.15841651E+001
  0.15841670E+001
  0.15841689E+001
  0.15841709E+001
  0.15841727E+001
  0.15841746E+001
  0.15841765E+001
  0.15841783E+001
  0.15841802E+001
  0.15841820E+001
  0.15841839E+001
  0.15841857E+001
  0.15841875E+001
  0.15841893E+001
  0.15841912E+001
  0.15841930E+001
  0.15841949E+001
  0.15841968E+001
  0.15841987E+001
  0.15842006E+001
  0.15842025E+001
  0.15842044E+001
  0.15842064E+001
  0.15842084E+001
  0.15842104E+001
  0.15842124E+001
  0.15842145E+001
  0.15842165E+001
  0.15842186E+001
  0.15842207E+001
  0.15842228E+001
  0.15842249E+001
  0.15842271E+001
  0.15842292E+001
  0.15842314E+001
  0.15842335E+001
  0.15842357E+001
  0.15842378E+001
  0.15842400E+001
  0.15842421E+001
  0.15842442E+001
  0.15842464E+001
  0.15842485E+001
  0.15842506E+001
  0.15842527E+001
  0.15842548E+001
  0.15842568E+001
  0.15842589E+001
  0.15842609E+001
  0.15842629E+001
  0.15842649E+001
  0.15842669E+001
  0.15842688E+001
  0.15842707E+001
  0.15842726E+001
  0.15842744E+001
  0.15842763E+001
  0.15842781E+001
  0.15842798E+001
  0.15842815E+001
  0.15842832E+001
  0.15842849E+001
  0.15842865E+001
  0.15842881E+001
  0.15842897E+001
  0.15842912E+001
  0.15842927E+001
  0.15842942E+001
  0.15842956E+001
  0.15842970E+001
  0.15842983E+001
  0.15842996E+001
  0.15843009E+001
  0.15843021E+001
  0.15843033E+001
  0.15843045E+001
  0.15843056E+001
  0.15843067E+001
  0.15843078E+001
  0.15843088E+001
  0.15843098E+001
  0.15843107E+001
  0.15843116E+001
  0.15843125E+001
  0.15843134E+001
  0.15843141E+001
  0.15843149E+001
  0.15843156E+001
  0.15843163E+001
  0.15843169E+001
  0.15843175E+001
  0.15843181E+001
  0.15843186E+001
  0.15843191E+001
  0.15843195E+001
  0.15843199E+001
  0.15843202E+001
  0.15843205E+001
  0.15843207E+001
  0.15843208E+001
  0.15843209E+001
  0.15843209E+001
  0.15843209E+001
  0.15843207E+001
  0.15843205E+001
  0.15843202E+001
  0.15843197E+001
  0.15843191E+001
  0.15843184E+001
  0.15843175E+001
  0.15843165E+001
  0.15843152E+001
  0.15843138E+001
  0.15843122E+001
  0.15843104E+001
  0.15843084E+001
  0.15843047E+001
  0.15843015E+001
  0.15843038E+001
