 -0.15012498E+000  0.33234403E+000  0.36356188E+001  0.83937747E+002
 -0.14816363E+000  0.33615987E+000  0.36423965E+001  0.83946689E+002
 -0.14699883E+000  0.33868904E+000  0.36475481E+001  0.83953771E+002
 -0.14622623E+000  0.34044686E+000  0.36515014E+001  0.83959459E+002
 -0.14571052E+000  0.34166438E+000  0.36545494E+001  0.83964077E+002
 -0.14537528E+000  0.34248873E+000  0.36568972E+001  0.83967851E+002
 -0.14518083E+000  0.34303505E+000  0.36586922E+001  0.83970948E+002
 -0.14508189E+000  0.34336948E+000  0.36600435E+001  0.83973494E+002
 -0.14506411E+000  0.34355026E+000  0.36610380E+001  0.83975588E+002
 -0.14510427E+000  0.34361369E+000  0.36617428E+001  0.83977305E+002
 -0.14518025E+000  0.34358622E+000  0.36622113E+001  0.83978709E+002
 -0.14527852E+000  0.34348826E+000  0.36624873E+001  0.83979851E+002
 -0.14539133E+000  0.34333558E+000  0.36626060E+001  0.83980773E+002
 -0.14551417E+000  0.34314059E+000  0.36625959E+001  0.83981510E+002
 -0.14564425E+000  0.34291307E+000  0.36624801E+001  0.83982091E+002
 -0.14577963E+000  0.34266092E+000  0.36622781E+001  0.83982539E+002
 -0.14591877E+000  0.34239038E+000  0.36620053E+001  0.83982876E+002
 -0.14606041E+000  0.34210638E+000  0.36616745E+001  0.83983118E+002
 -0.14620348E+000  0.34181285E+000  0.36612958E+001  0.83983278E+002
 -0.14634701E+000  0.34151294E+000  0.36608777E+001  0.83983370E+002
 -0.14649022E+000  0.34120913E+000  0.36604270E+001  0.83983402E+002
 -0.14663236E+000  0.34090350E+000  0.36599497E+001  0.83983384E+002
 -0.14677286E+000  0.34059771E+000  0.36594504E+001  0.83983322E+002
 -0.14691120E+000  0.34029316E+000  0.36589333E+001  0.83983224E+002
 -0.14704700E+000  0.33999099E+000  0.36584018E+001  0.83983093E+002
 -0.14717991E+000  0.33969205E+000  0.36578589E+001  0.83982934E+002
 -0.14730967E+000  0.33939709E+000  0.36573071E+001  0.83982752E+002
 -0.14743606E+000  0.33910673E+000  0.36567486E+001  0.83982549E+002
 -0.14755893E+000  0.33882148E+000  0.36561854E+001  0.83982327E+002
 -0.14767817E+000  0.33854176E+000  0.36556190E+001  0.83982090E+002
 -0.14779371E+000  0.33826790E+000  0.36550510E+001  0.83981838E+002
 -0.14790549E+000  0.33800021E+000  0.36544826E+001  0.83981575E+002
 -0.14801352E+000  0.33773886E+000  0.36539150E+001  0.83981300E+002
 -0.14811781E+000  0.33748405E+000  0.36533491E+001  0.83981015E+002
 -0.14821838E+000  0.33723595E+000  0.36527859E+001  0.83980722E+002
 -0.14831529E+000  0.33699470E+000  0.36522263E+001  0.83980421E+002
 -0.14840859E+000  0.33676044E+000  0.36516711E+001  0.83980114E+002
 -0.14849834E+000  0.33653326E+000  0.36511210E+001  0.83979801E+002
 -0.14858462E+000  0.33631328E+000  0.36505767E+001  0.83979482E+002
 -0.14866753E+000  0.33610058E+000  0.36500388E+001  0.83979160E+002
 -0.14874713E+000  0.33589522E+000  0.36495080E+001  0.83978835E+002
 -0.14882352E+000  0.33569729E+000  0.36489848E+001  0.83978508E+002
 -0.14889679E+000  0.33550683E+000  0.36484699E+001  0.83978180E+002
 -0.14896701E+000  0.33532389E+000  0.36479638E+001  0.83977851E+002
 -0.14903427E+000  0.33514850E+000  0.36474670E+001  0.83977523E+002
 -0.14909864E+000  0.33498069E+000  0.36469802E+001  0.83977196E+002
 -0.14916020E+000  0.33482047E+000  0.36465040E+001  0.83976872E+002
 -0.14921900E+000  0.33466782E+000  0.36460388E+001  0.83976552E+002
 -0.14927510E+000  0.33452274E+000  0.36455852E+001  0.83976236E+002
 -0.14932857E+000  0.33438518E+000  0.36451439E+001  0.83975925E+002
 -0.14937946E+000  0.33425508E+000  0.36447154E+001  0.83975621E+002
 -0.14942782E+000  0.33413236E+000  0.36443001E+001  0.83975324E+002
 -0.14947369E+000  0.33401694E+000  0.36438985E+001  0.83975036E+002
 -0.14951714E+000  0.33390868E+000  0.36435111E+001  0.83974757E+002
 -0.14955821E+000  0.33380746E+000  0.36431383E+001  0.83974488E+002
 -0.14959694E+000  0.33371312E+000  0.36427804E+001  0.83974230E+002
 -0.14963341E+000  0.33362548E+000  0.36424376E+001  0.83973984E+002
 -0.14966766E+000  0.33354435E+000  0.36421103E+001  0.83973751E+002
 -0.14969975E+000  0.33346951E+000  0.36417985E+001  0.83973532E+002
 -0.14972976E+000  0.33340072E+000  0.36415024E+001  0.83973327E+002
 -0.14975775E+000  0.33333775E+000  0.36412218E+001  0.83973137E+002
 -0.14978379E+000  0.33328032E+000  0.36409569E+001  0.83972963E+002
 -0.14980796E+000  0.33322818E+000  0.36407073E+001  0.83972806E+002
 -0.14983034E+000  0.33318102E+000  0.36404730E+001  0.83972666E+002
 -0.14985102E+000  0.33313857E+000  0.36402537E+001  0.83972544E+002
 -0.14987007E+000  0.33310053E+000  0.36400490E+001  0.83972440E+002
 -0.14988759E+000  0.33306661E+000  0.36398586E+001  0.83972355E+002
 -0.14990366E+000  0.33303652E+000  0.36396821E+001  0.83972289E+002
 -0.14991837E+000  0.33300996E+000  0.36395190E+001  0.83972243E+002
 -0.14993181E+000  0.33298666E+000  0.36393689E+001  0.83972217E+002
 -0.14994404E+000  0.33296633E+000  0.36392312E+001  0.83972211E+002
 -0.14995517E+000  0.33294872E+000  0.36391054E+001  0.83972226E+002
 -0.14996527E+000  0.33293358E+000  0.36389909E+001  0.83972261E+002
 -0.14997441E+000  0.33292067E+000  0.36388872E+001  0.83972318E+002
 -0.14998266E+000  0.33290977E+000  0.36387938E+001  0.83972395E+002
 -0.14999010E+000  0.33290067E+000  0.36387099E+001  0.83972492E+002
 -0.14999680E+000  0.33289317E+000  0.36386352E+001  0.83972610E+002
 -0.15000281E+000  0.33288709E+000  0.36385689E+001  0.83972749E+002
 -0.15000819E+000  0.33288228E+000  0.36385104E+001  0.83972907E+002
 -0.15001301E+000  0.33287861E+000  0.36384593E+001  0.83973084E+002
 -0.15001730E+000  0.33287589E+000  0.36384150E+001  0.83973281E+002
 -0.15002113E+000  0.33287400E+000  0.36383769E+001  0.83973495E+002
 -0.15002454E+000  0.33287283E+000  0.36383445E+001  0.83973727E+002
 -0.15002757E+000  0.33287226E+000  0.36383174E+001  0.83973975E+002
 -0.15003027E+000  0.33287220E+000  0.36382949E+001  0.83974240E+002
 -0.15003266E+000  0.33287257E+000  0.36382767E+001  0.83974520E+002
 -0.15003478E+000  0.33287327E+000  0.36382623E+001  0.83974813E+002
 -0.15003667E+000  0.33287425E+000  0.36382514E+001  0.83975120E+002
 -0.15003835E+000  0.33287543E+000  0.36382435E+001  0.83975439E+002
 -0.15003985E+000  0.33287676E+000  0.36382384E+001  0.83975770E+002
 -0.15004119E+000  0.33287818E+000  0.36382357E+001  0.83976111E+002
 -0.15004239E+000  0.33287964E+000  0.36382351E+001  0.83976461E+002
 -0.15004347E+000  0.33288111E+000  0.36382363E+001  0.83976821E+002
 -0.15004445E+000  0.33288254E+000  0.36382393E+001  0.83977188E+002
 -0.15004535E+000  0.33288390E+000  0.36382436E+001  0.83977563E+002
 -0.15004617E+000  0.33288518E+000  0.36382493E+001  0.83977944E+002
 -0.15004692E+000  0.33288634E+000  0.36382560E+001  0.83978331E+002
 -0.15004762E+000  0.33288736E+000  0.36382637E+001  0.83978724E+002
 -0.15004828E+000  0.33288821E+000  0.36382722E+001  0.83979121E+002
 -0.15004890E+000  0.33288888E+000  0.36382815E+001  0.83979523E+002
 -0.15004948E+000  0.33288936E+000  0.36382913E+001  0.83979929E+002
 -0.15005004E+000  0.33288963E+000  0.36383018E+001  0.83980339E+002
 -0.15005058E+000  0.33288969E+000  0.36383126E+001  0.83980751E+002
 -0.15005109E+000  0.33288954E+000  0.36383239E+001  0.83981167E+002
 -0.15005159E+000  0.33288917E+000  0.36383354E+001  0.83981586E+002
 -0.15005208E+000  0.33288858E+000  0.36383472E+001  0.83982006E+002
 -0.15005255E+000  0.33288778E+000  0.36383591E+001  0.83982430E+002
 -0.15005302E+000  0.33288677E+000  0.36383711E+001  0.83982855E+002
 -0.15005347E+000  0.33288555E+000  0.36383832E+001  0.83983282E+002
 -0.15005391E+000  0.33288414E+000  0.36383952E+001  0.83983710E+002
 -0.15005435E+000  0.33288254E+000  0.36384071E+001  0.83984140E+002
 -0.15005478E+000  0.33288077E+000  0.36384188E+001  0.83984572E+002
 -0.15005519E+000  0.33287884E+000  0.36384304E+001  0.83985004E+002
 -0.15005560E+000  0.33287676E+000  0.36384416E+001  0.83985438E+002
 -0.15005601E+000  0.33287454E+000  0.36384524E+001  0.83985872E+002
 -0.15005640E+000  0.33287219E+000  0.36384629E+001  0.83986307E+002
 -0.15005678E+000  0.33286975E+000  0.36384729E+001  0.83986743E+002
 -0.15005716E+000  0.33286720E+000  0.36384824E+001  0.83987178E+002
 -0.15005752E+000  0.33286459E+000  0.36384913E+001  0.83987614E+002
 -0.15005788E+000  0.33286190E+000  0.36384995E+001  0.83988049E+002
 -0.15005823E+000  0.33285917E+000  0.36385072E+001  0.83988484E+002
 -0.15005856E+000  0.33285641E+000  0.36385141E+001  0.83988919E+002
 -0.15005889E+000  0.33285362E+000  0.36385204E+001  0.83989352E+002
 -0.15005921E+000  0.33285082E+000  0.36385259E+001  0.83989785E+002
 -0.15005952E+000  0.33284803E+000  0.36385306E+001  0.83990216E+002
 -0.15005982E+000  0.33284525E+000  0.36385345E+001  0.83990645E+002
 -0.15006011E+000  0.33284249E+000  0.36385377E+001  0.83991072E+002
 -0.15006039E+000  0.33283977E+000  0.36385401E+001  0.83991497E+002
 -0.15006066E+000  0.33283709E+000  0.36385417E+001  0.83991920E+002
 -0.15006092E+000  0.33283447E+000  0.36385426E+001  0.83992340E+002
 -0.15006117E+000  0.33283189E+000  0.36385427E+001  0.83992757E+002
 -0.15006141E+000  0.33282938E+000  0.36385420E+001  0.83993170E+002
 -0.15006164E+000  0.33282694E+000  0.36385407E+001  0.83993580E+002
 -0.15006187E+000  0.33282457E+000  0.36385387E+001  0.83993986E+002
 -0.15006208E+000  0.33282227E+000  0.36385361E+001  0.83994387E+002
 -0.15006229E+000  0.33282005E+000  0.36385328E+001  0.83994784E+002
 -0.15006249E+000  0.33281791E+000  0.36385290E+001  0.83995177E+002
 -0.15006268E+000  0.33281584E+000  0.36385247E+001  0.83995564E+002
 -0.15006287E+000  0.33281386E+000  0.36385199E+001  0.83995946E+002
 -0.15006305E+000  0.33281195E+000  0.36385146E+001  0.83996323E+002
 -0.15006322E+000  0.33281012E+000  0.36385090E+001  0.83996693E+002
 -0.15006339E+000  0.33280836E+000  0.36385030E+001  0.83997058E+002
 -0.15006355E+000  0.33280667E+000  0.36384966E+001  0.83997416E+002
 -0.15006371E+000  0.33280506E+000  0.36384901E+001  0.83997768E+002
 -0.15006386E+000  0.33280352E+000  0.36384833E+001  0.83998113E+002
 -0.15006401E+000  0.33280205E+000  0.36384763E+001  0.83998451E+002
 -0.15006416E+000  0.33280063E+000  0.36384691E+001  0.83998782E+002
 -0.15006430E+000  0.33279928E+000  0.36384618E+001  0.83999106E+002
 -0.15006445E+000  0.33279798E+000  0.36384545E+001  0.83999423E+002
 -0.15006459E+000  0.33279672E+000  0.36384471E+001  0.83999732E+002
 -0.15006473E+000  0.33279551E+000  0.36384396E+001  0.84000034E+002
 -0.15006487E+000  0.33279434E+000  0.36384322E+001  0.84000328E+002
 -0.15006501E+000  0.33279320E+000  0.36384247E+001  0.84000614E+002
 -0.15006516E+000  0.33279210E+000  0.36384173E+001  0.84000892E+002
 -0.15006530E+000  0.33279101E+000  0.36384100E+001  0.84001162E+002
 -0.15006545E+000  0.33278995E+000  0.36384027E+001  0.84001425E+002
 -0.15006560E+000  0.33278889E+000  0.36383955E+001  0.84001679E+002
 -0.15006576E+000  0.33278784E+000  0.36383883E+001  0.84001925E+002
 -0.15006592E+000  0.33278680E+000  0.36383813E+001  0.84002164E+002
 -0.15006608E+000  0.33278574E+000  0.36383742E+001  0.84002394E+002
 -0.15006626E+000  0.33278467E+000  0.36383673E+001  0.84002616E+002
 -0.15006644E+000  0.33278359E+000  0.36383604E+001  0.84002830E+002
 -0.15006663E+000  0.33278247E+000  0.36383536E+001  0.84003035E+002
 -0.15006683E+000  0.33278132E+000  0.36383468E+001  0.84003233E+002
 -0.15006705E+000  0.33278012E+000  0.36383400E+001  0.84003423E+002
 -0.15006727E+000  0.33277886E+000  0.36383332E+001  0.84003605E+002
 -0.15006751E+000  0.33277755E+000  0.36383263E+001  0.84003778E+002
 -0.15006777E+000  0.33277615E+000  0.36383194E+001  0.84003944E+002
 -0.15006804E+000  0.33277468E+000  0.36383124E+001  0.84004102E+002
 -0.15006833E+000  0.33277310E+000  0.36383052E+001  0.84004251E+002
 -0.15006864E+000  0.33277142E+000  0.36382978E+001  0.84004393E+002
 -0.15006897E+000  0.33276961E+000  0.36382903E+001  0.84004527E+002
 -0.15006933E+000  0.33276766E+000  0.36382824E+001  0.84004652E+002
 -0.15006971E+000  0.33276557E+000  0.36382741E+001  0.84004770E+002
 -0.15007012E+000  0.33276330E+000  0.36382655E+001  0.84004879E+002
 -0.15007055E+000  0.33276085E+000  0.36382563E+001  0.84004979E+002
 -0.15007102E+000  0.33275820E+000  0.36382466E+001  0.84005071E+002
 -0.15007152E+000  0.33275533E+000  0.36382361E+001  0.84005154E+002
 -0.15007206E+000  0.33275222E+000  0.36382250E+001  0.84005228E+002
 -0.15007263E+000  0.33274885E+000  0.36382129E+001  0.84005293E+002
 -0.15007325E+000  0.33274519E+000  0.36381999E+001  0.84005347E+002
 -0.15007390E+000  0.33274124E+000  0.36381858E+001  0.84005391E+002
 -0.15007460E+000  0.33273696E+000  0.36381704E+001  0.84005424E+002
 -0.15007535E+000  0.33273233E+000  0.36381536E+001  0.84005446E+002
 -0.15007615E+000  0.33272733E+000  0.36381352E+001  0.84005454E+002
 -0.15007700E+000  0.33272193E+000  0.36381151E+001  0.84005450E+002
 -0.15007790E+000  0.33271611E+000  0.36380930E+001  0.84005430E+002
 -0.15007887E+000  0.33270983E+000  0.36380688E+001  0.84005395E+002
 -0.15007990E+000  0.33270307E+000  0.36380421E+001  0.84005342E+002
 -0.15008100E+000  0.33269578E+000  0.36380128E+001  0.84005269E+002
 -0.15008220E+000  0.33268792E+000  0.36379804E+001  0.84005175E+002
 -0.15008352E+000  0.33267941E+000  0.36379445E+001  0.84005057E+002
 -0.15008500E+000  0.33267015E+000  0.36379047E+001  0.84004913E+002
 -0.15008670E+000  0.33266000E+000  0.36378603E+001  0.84004739E+002
 -0.15008871E+000  0.33264878E+000  0.36378104E+001  0.84004532E+002
 -0.15009111E+000  0.33263637E+000  0.36377547E+001  0.84004289E+002
 -0.15009407E+000  0.33262231E+000  0.36376915E+001  0.84004004E+002
 -0.15009779E+000  0.33260615E+000  0.36376201E+001  0.84003678E+002
 -0.15010459E+000  0.33258226E+000  0.36375304E+001  0.84003285E+002
 -0.15011445E+000  0.33255156E+000  0.36374295E+001  0.84002852E+002
