  0.21938893E+002
  0.21944268E+002
  0.21948250E+002
  0.21951293E+002
  0.21953643E+002
  0.21955463E+002
  0.21956871E+002
  0.21957954E+002
  0.21958775E+002
  0.21959387E+002
  0.21959829E+002
  0.21960134E+002
  0.21960328E+002
  0.21960430E+002
  0.21960457E+002
  0.21960422E+002
  0.21960336E+002
  0.21960207E+002
  0.21960043E+002
  0.21959851E+002
  0.21959634E+002
  0.21959399E+002
  0.21959147E+002
  0.21958882E+002
  0.21958607E+002
  0.21958324E+002
  0.21958034E+002
  0.21957739E+002
  0.21957441E+002
  0.21957140E+002
  0.21956838E+002
  0.21956535E+002
  0.21956232E+002
  0.21955930E+002
  0.21955629E+002
  0.21955329E+002
  0.21955032E+002
  0.21954737E+002
  0.21954444E+002
  0.21954155E+002
  0.21953870E+002
  0.21953589E+002
  0.21953312E+002
  0.21953040E+002
  0.21952773E+002
  0.21952512E+002
  0.21952257E+002
  0.21952007E+002
  0.21951765E+002
  0.21951529E+002
  0.21951300E+002
  0.21951080E+002
  0.21950867E+002
  0.21950662E+002
  0.21950466E+002
  0.21950279E+002
  0.21950101E+002
  0.21949932E+002
  0.21949772E+002
  0.21949623E+002
  0.21949482E+002
  0.21949352E+002
  0.21949231E+002
  0.21949120E+002
  0.21949019E+002
  0.21948927E+002
  0.21948846E+002
  0.21948773E+002
  0.21948711E+002
  0.21948658E+002
  0.21948614E+002
  0.21948579E+002
  0.21948553E+002
  0.21948535E+002
  0.21948526E+002
  0.21948526E+002
  0.21948533E+002
  0.21948548E+002
  0.21948570E+002
  0.21948600E+002
  0.21948636E+002
  0.21948679E+002
  0.21948727E+002
  0.21948782E+002
  0.21948842E+002
  0.21948906E+002
  0.21948976E+002
  0.21949050E+002
  0.21949127E+002
  0.21949209E+002
  0.21949293E+002
  0.21949381E+002
  0.21949471E+002
  0.21949564E+002
  0.21949659E+002
  0.21949755E+002
  0.21949854E+002
  0.21949954E+002
  0.21950056E+002
  0.21950159E+002
  0.21950263E+002
  0.21950367E+002
  0.21950473E+002
  0.21950580E+002
  0.21950687E+002
  0.21950795E+002
  0.21950903E+002
  0.21951012E+002
  0.21951122E+002
  0.21951231E+002
  0.21951341E+002
  0.21951452E+002
  0.21951562E+002
  0.21951673E+002
  0.21951783E+002
  0.21951894E+002
  0.21952005E+002
  0.21952115E+002
  0.21952225E+002
  0.21952336E+002
  0.21952446E+002
  0.21952555E+002
  0.21952664E+002
  0.21952773E+002
  0.21952881E+002
  0.21952989E+002
  0.21953096E+002
  0.21953202E+002
  0.21953307E+002
  0.21953411E+002
  0.21953515E+002
  0.21953617E+002
  0.21953719E+002
  0.21953819E+002
  0.21953918E+002
  0.21954016E+002
  0.21954113E+002
  0.21954208E+002
  0.21954302E+002
  0.21954394E+002
  0.21954485E+002
  0.21954574E+002
  0.21954661E+002
  0.21954747E+002
  0.21954831E+002
  0.21954914E+002
  0.21954994E+002
  0.21955073E+002
  0.21955150E+002
  0.21955225E+002
  0.21955298E+002
  0.21955370E+002
  0.21955439E+002
  0.21955507E+002
  0.21955572E+002
  0.21955635E+002
  0.21955697E+002
  0.21955756E+002
  0.21955814E+002
  0.21955869E+002
  0.21955923E+002
  0.21955974E+002
  0.21956024E+002
  0.21956071E+002
  0.21956116E+002
  0.21956160E+002
  0.21956201E+002
  0.21956240E+002
  0.21956278E+002
  0.21956313E+002
  0.21956346E+002
  0.21956377E+002
  0.21956406E+002
  0.21956432E+002
  0.21956457E+002
  0.21956479E+002
  0.21956499E+002
  0.21956516E+002
  0.21956531E+002
  0.21956543E+002
  0.21956552E+002
  0.21956558E+002
  0.21956562E+002
  0.21956561E+002
  0.21956558E+002
  0.21956550E+002
  0.21956538E+002
  0.21956521E+002
  0.21956499E+002
  0.21956472E+002
  0.21956438E+002
  0.21956397E+002
  0.21956348E+002
  0.21956291E+002
  0.21956223E+002
  0.21956145E+002
  0.21956053E+002
  0.21955949E+002
  0.21955821E+002
  0.21955677E+002
