  0.28914969E+000
  0.13536315E+000
  0.10522367E+000
  0.10497959E+000
  0.11904778E+000
  0.14159262E+000
  0.16754128E+000
  0.19195825E+000
  0.21343970E+000
  0.23215193E+000
  0.24706387E+000
  0.25821634E+000
  0.26622959E+000
  0.27184473E+000
  0.27572678E+000
  0.27841633E+000
  0.28030648E+000
  0.28166952E+000
  0.28268822E+000
  0.28348223E+000
  0.28413318E+000
  0.28469247E+000
  0.28518047E+000
  0.28559491E+000
  0.28594719E+000
  0.28627748E+000
  0.28658588E+000
  0.28686938E+000
  0.28712617E+000
  0.28735599E+000
  0.28755980E+000
  0.28773766E+000
  0.28789322E+000
  0.28802803E+000
  0.28814428E+000
  0.28824426E+000
  0.28833013E+000
  0.28840391E+000
  0.28846750E+000
  0.28852266E+000
  0.28857082E+000
  0.28861316E+000
  0.28865080E+000
  0.28868462E+000
  0.28871533E+000
  0.28874341E+000
  0.28876943E+000
  0.28879358E+000
  0.28881619E+000
  0.28883747E+000
  0.28885752E+000
  0.28887649E+000
  0.28889437E+000
  0.28891135E+000
  0.28892738E+000
  0.28894249E+000
  0.28895675E+000
  0.28897012E+000
  0.28898272E+000
  0.28899450E+000
  0.28900553E+000
  0.28901581E+000
  0.28902541E+000
  0.28903435E+000
  0.28904263E+000
  0.28905036E+000
  0.28905750E+000
  0.28906409E+000
  0.28907019E+000
  0.28907580E+000
  0.28908097E+000
  0.28908569E+000
  0.28909001E+000
  0.28909391E+000
  0.28909745E+000
  0.28910062E+000
  0.28910345E+000
  0.28910594E+000
  0.28910811E+000
  0.28911001E+000
  0.28911162E+000
  0.28911297E+000
  0.28911411E+000
  0.28911501E+000
  0.28911574E+000
  0.28911630E+000
  0.28911671E+000
  0.28911698E+000
  0.28911716E+000
  0.28911723E+000
  0.28911723E+000
  0.28911716E+000
  0.28911703E+000
  0.28911688E+000
  0.28911668E+000
  0.28911646E+000
  0.28911623E+000
  0.28911598E+000
  0.28911573E+000
  0.28911548E+000
  0.28911523E+000
  0.28911498E+000
  0.28911474E+000
  0.28911452E+000
  0.28911430E+000
  0.28911409E+000
  0.28911390E+000
  0.28911371E+000
  0.28911354E+000
  0.28911339E+000
  0.28911324E+000
  0.28911311E+000
  0.28911298E+000
  0.28911288E+000
  0.28911278E+000
  0.28911269E+000
  0.28911262E+000
  0.28911256E+000
  0.28911251E+000
  0.28911247E+000
  0.28911244E+000
  0.28911242E+000
  0.28911241E+000
  0.28911241E+000
  0.28911242E+000
  0.28911243E+000
  0.28911246E+000
  0.28911249E+000
  0.28911253E+000
  0.28911257E+000
  0.28911262E+000
  0.28911268E+000
  0.28911274E+000
  0.28911280E+000
  0.28911287E+000
  0.28911294E+000
  0.28911301E+000
  0.28911309E+000
  0.28911317E+000
  0.28911325E+000
  0.28911333E+000
  0.28911342E+000
  0.28911350E+000
  0.28911359E+000
  0.28911368E+000
  0.28911378E+000
  0.28911387E+000
  0.28911397E+000
  0.28911407E+000
  0.28911417E+000
  0.28911427E+000
  0.28911438E+000
  0.28911449E+000
  0.28911460E+000
  0.28911472E+000
  0.28911484E+000
  0.28911497E+000
  0.28911510E+000
  0.28911523E+000
  0.28911537E+000
  0.28911552E+000
  0.28911568E+000
  0.28911584E+000
  0.28911602E+000
  0.28911620E+000
  0.28911639E+000
  0.28911660E+000
  0.28911681E+000
  0.28911704E+000
  0.28911729E+000
  0.28911755E+000
  0.28911782E+000
  0.28911812E+000
  0.28911843E+000
  0.28911877E+000
  0.28911912E+000
  0.28911950E+000
  0.28911989E+000
  0.28912032E+000
  0.28912076E+000
  0.28912123E+000
  0.28912173E+000
  0.28912225E+000
  0.28912279E+000
  0.28912336E+000
  0.28912395E+000
  0.28912456E+000
  0.28912519E+000
  0.28912584E+000
  0.28912649E+000
  0.28912717E+000
  0.28912788E+000
  0.28912869E+000
  0.28912972E+000
  0.28913109E+000
  0.28913281E+000
  0.28913417E+000
  0.28913224E+000
  0.28914288E+000
  0.28918017E+000
