  0.11721876E-004
  0.62645356E-005
  0.53384694E-005
  0.54076573E-005
  0.57504308E-005
  0.61694242E-005
  0.66706963E-005
  0.73059658E-005
  0.80653176E-005
  0.89493929E-005
  0.97519740E-005
  0.10388398E-004
  0.10850555E-004
  0.11165881E-004
  0.11371351E-004
  0.11500614E-004
  0.11579776E-004
  0.11627265E-004
  0.11655302E-004
  0.11671630E-004
  0.11681011E-004
  0.11686281E-004
  0.11689122E-004
  0.11690514E-004
  0.11691032E-004
  0.11691012E-004
  0.11690657E-004
  0.11690093E-004
  0.11689403E-004
  0.11688643E-004
  0.11687857E-004
  0.11687064E-004
  0.11686298E-004
  0.11685573E-004
  0.11684902E-004
  0.11684293E-004
  0.11683753E-004
  0.11683288E-004
  0.11682901E-004
  0.11682593E-004
  0.11682364E-004
  0.11682215E-004
  0.11682142E-004
  0.11682145E-004
  0.11682220E-004
  0.11682362E-004
  0.11682570E-004
  0.11682838E-004
  0.11683162E-004
  0.11683540E-004
  0.11683966E-004
  0.11684436E-004
  0.11684947E-004
  0.11685495E-004
  0.11686076E-004
  0.11686686E-004
  0.11687322E-004
  0.11687980E-004
  0.11688657E-004
  0.11689349E-004
  0.11690053E-004
  0.11690767E-004
  0.11691486E-004
  0.11692207E-004
  0.11692929E-004
  0.11693647E-004
  0.11694360E-004
  0.11695064E-004
  0.11695758E-004
  0.11696440E-004
  0.11697106E-004
  0.11697757E-004
  0.11698389E-004
  0.11699002E-004
  0.11699595E-004
  0.11700167E-004
  0.11700716E-004
  0.11701243E-004
  0.11701746E-004
  0.11702227E-004
  0.11702684E-004
  0.11703117E-004
  0.11703528E-004
  0.11703916E-004
  0.11704283E-004
  0.11704627E-004
  0.11704951E-004
  0.11705254E-004
  0.11705538E-004
  0.11705803E-004
  0.11706050E-004
  0.11706280E-004
  0.11706495E-004
  0.11706694E-004
  0.11706879E-004
  0.11707051E-004
  0.11707210E-004
  0.11707357E-004
  0.11707494E-004
  0.11707620E-004
  0.11707737E-004
  0.11707845E-004
  0.11707945E-004
  0.11708038E-004
  0.11708124E-004
  0.11708203E-004
  0.11708277E-004
  0.11708345E-004
  0.11708408E-004
  0.11708467E-004
  0.11708521E-004
  0.11708571E-004
  0.11708618E-004
  0.11708661E-004
  0.11708701E-004
  0.11708739E-004
  0.11708773E-004
  0.11708806E-004
  0.11708836E-004
  0.11708864E-004
  0.11708890E-004
  0.11708914E-004
  0.11708937E-004
  0.11708959E-004
  0.11708979E-004
  0.11708998E-004
  0.11709016E-004
  0.11709033E-004
  0.11709049E-004
  0.11709064E-004
  0.11709079E-004
  0.11709093E-004
  0.11709107E-004
  0.11709121E-004
  0.11709135E-004
  0.11709148E-004
  0.11709162E-004
  0.11709176E-004
  0.11709190E-004
  0.11709204E-004
  0.11709219E-004
  0.11709235E-004
  0.11709251E-004
  0.11709268E-004
  0.11709286E-004
  0.11709305E-004
  0.11709326E-004
  0.11709348E-004
  0.11709372E-004
  0.11709397E-004
  0.11709425E-004
  0.11709454E-004
  0.11709486E-004
  0.11709521E-004
  0.11709559E-004
  0.11709600E-004
  0.11709644E-004
  0.11709692E-004
  0.11709744E-004
  0.11709800E-004
  0.11709861E-004
  0.11709927E-004
  0.11709999E-004
  0.11710077E-004
  0.11710160E-004
  0.11710251E-004
  0.11710348E-004
  0.11710454E-004
  0.11710567E-004
  0.11710689E-004
  0.11710819E-004
  0.11710960E-004
  0.11711110E-004
  0.11711270E-004
  0.11711442E-004
  0.11711625E-004
  0.11711819E-004
  0.11712025E-004
  0.11712244E-004
  0.11712476E-004
  0.11712720E-004
  0.11712978E-004
  0.11713249E-004
  0.11713533E-004
  0.11713832E-004
  0.11714144E-004
  0.11714470E-004
  0.11714810E-004
  0.11715163E-004
  0.11715531E-004
  0.11715913E-004
  0.11716309E-004
  0.11716721E-004
  0.11717145E-004
  0.11717587E-004
  0.11718037E-004
  0.11718510E-004
  0.11718955E-004
  0.11719473E-004
  0.11719962E-004
