  0.10274328E+000
  0.54909210E-001
  0.46792158E-001
  0.47398595E-001
  0.50403036E-001
  0.54075550E-001
  0.58469244E-001
  0.64037438E-001
  0.70693224E-001
  0.78442222E-001
  0.85476916E-001
  0.91055232E-001
  0.95106074E-001
  0.97869932E-001
  0.99670898E-001
  0.10080391E+000
  0.10149776E+000
  0.10191401E+000
  0.10215976E+000
  0.10230287E+000
  0.10238510E+000
  0.10243129E+000
  0.10245619E+000
  0.10246839E+000
  0.10247293E+000
  0.10247275E+000
  0.10246964E+000
  0.10246470E+000
  0.10245865E+000
  0.10245199E+000
  0.10244510E+000
  0.10243815E+000
  0.10243144E+000
  0.10242509E+000
  0.10241920E+000
  0.10241386E+000
  0.10240913E+000
  0.10240506E+000
  0.10240166E+000
  0.10239896E+000
  0.10239696E+000
  0.10239565E+000
  0.10239501E+000
  0.10239504E+000
  0.10239569E+000
  0.10239694E+000
  0.10239876E+000
  0.10240111E+000
  0.10240395E+000
  0.10240726E+000
  0.10241099E+000
  0.10241512E+000
  0.10241959E+000
  0.10242440E+000
  0.10242949E+000
  0.10243484E+000
  0.10244041E+000
  0.10244618E+000
  0.10245211E+000
  0.10245818E+000
  0.10246435E+000
  0.10247061E+000
  0.10247691E+000
  0.10248323E+000
  0.10248956E+000
  0.10249585E+000
  0.10250210E+000
  0.10250828E+000
  0.10251436E+000
  0.10252033E+000
  0.10252617E+000
  0.10253187E+000
  0.10253742E+000
  0.10254279E+000
  0.10254799E+000
  0.10255300E+000
  0.10255781E+000
  0.10256243E+000
  0.10256684E+000
  0.10257105E+000
  0.10257506E+000
  0.10257886E+000
  0.10258246E+000
  0.10258587E+000
  0.10258907E+000
  0.10259209E+000
  0.10259493E+000
  0.10259759E+000
  0.10260007E+000
  0.10260240E+000
  0.10260457E+000
  0.10260659E+000
  0.10260846E+000
  0.10261021E+000
  0.10261183E+000
  0.10261334E+000
  0.10261473E+000
  0.10261602E+000
  0.10261722E+000
  0.10261833E+000
  0.10261935E+000
  0.10262030E+000
  0.10262118E+000
  0.10262199E+000
  0.10262274E+000
  0.10262344E+000
  0.10262408E+000
  0.10262468E+000
  0.10262523E+000
  0.10262575E+000
  0.10262622E+000
  0.10262666E+000
  0.10262707E+000
  0.10262745E+000
  0.10262780E+000
  0.10262813E+000
  0.10262844E+000
  0.10262872E+000
  0.10262898E+000
  0.10262923E+000
  0.10262946E+000
  0.10262967E+000
  0.10262987E+000
  0.10263006E+000
  0.10263024E+000
  0.10263040E+000
  0.10263056E+000
  0.10263071E+000
  0.10263085E+000
  0.10263098E+000
  0.10263112E+000
  0.10263124E+000
  0.10263136E+000
  0.10263148E+000
  0.10263160E+000
  0.10263172E+000
  0.10263184E+000
  0.10263196E+000
  0.10263209E+000
  0.10263221E+000
  0.10263234E+000
  0.10263248E+000
  0.10263262E+000
  0.10263277E+000
  0.10263293E+000
  0.10263310E+000
  0.10263328E+000
  0.10263347E+000
  0.10263368E+000
  0.10263390E+000
  0.10263414E+000
  0.10263440E+000
  0.10263469E+000
  0.10263499E+000
  0.10263532E+000
  0.10263568E+000
  0.10263607E+000
  0.10263649E+000
  0.10263694E+000
  0.10263744E+000
  0.10263797E+000
  0.10263855E+000
  0.10263918E+000
  0.10263986E+000
  0.10264059E+000
  0.10264139E+000
  0.10264224E+000
  0.10264316E+000
  0.10264416E+000
  0.10264522E+000
  0.10264637E+000
  0.10264760E+000
  0.10264892E+000
  0.10265032E+000
  0.10265183E+000
  0.10265343E+000
  0.10265513E+000
  0.10265694E+000
  0.10265886E+000
  0.10266089E+000
  0.10266303E+000
  0.10266529E+000
  0.10266766E+000
  0.10267016E+000
  0.10267277E+000
  0.10267551E+000
  0.10267837E+000
  0.10268134E+000
  0.10268445E+000
  0.10268767E+000
  0.10269102E+000
  0.10269449E+000
  0.10269809E+000
  0.10270181E+000
  0.10270569E+000
  0.10270963E+000
  0.10271377E+000
  0.10271768E+000
  0.10272222E+000
  0.10272650E+000
