  0.14607529E+000
  0.14304994E+000
  0.14128068E+000
  0.14025785E+000
  0.13966537E+000
  0.13935683E+000
  0.13923121E+000
  0.13923638E+000
  0.13942364E+000
  0.13966685E+000
  0.13995437E+000
  0.14026764E+000
  0.14058855E+000
  0.14090689E+000
  0.14121647E+000
  0.14151250E+000
  0.14179311E+000
  0.14205798E+000
  0.14230764E+000
  0.14254285E+000
  0.14276457E+000
  0.14297353E+000
  0.14317138E+000
  0.14336055E+000
  0.14354066E+000
  0.14370961E+000
  0.14386838E+000
  0.14401771E+000
  0.14415814E+000
  0.14429016E+000
  0.14441423E+000
  0.14453065E+000
  0.14463993E+000
  0.14474241E+000
  0.14483841E+000
  0.14492826E+000
  0.14501227E+000
  0.14509071E+000
  0.14516389E+000
  0.14523209E+000
  0.14529559E+000
  0.14535466E+000
  0.14540955E+000
  0.14546052E+000
  0.14550784E+000
  0.14555172E+000
  0.14559240E+000
  0.14563010E+000
  0.14566502E+000
  0.14569736E+000
  0.14572729E+000
  0.14575498E+000
  0.14578060E+000
  0.14580428E+000
  0.14582617E+000
  0.14584638E+000
  0.14586503E+000
  0.14588222E+000
  0.14589808E+000
  0.14591267E+000
  0.14592611E+000
  0.14593847E+000
  0.14594984E+000
  0.14596030E+000
  0.14596991E+000
  0.14597876E+000
  0.14598690E+000
  0.14599439E+000
  0.14600129E+000
  0.14600765E+000
  0.14601351E+000
  0.14601892E+000
  0.14602390E+000
  0.14602850E+000
  0.14603273E+000
  0.14603663E+000
  0.14604021E+000
  0.14604350E+000
  0.14604651E+000
  0.14604926E+000
  0.14605177E+000
  0.14605405E+000
  0.14605612E+000
  0.14605799E+000
  0.14605968E+000
  0.14606119E+000
  0.14606255E+000
  0.14606376E+000
  0.14606485E+000
  0.14606581E+000
  0.14606666E+000
  0.14606741E+000
  0.14606808E+000
  0.14606867E+000
  0.14606919E+000
  0.14606964E+000
  0.14607004E+000
  0.14607040E+000
  0.14607071E+000
  0.14607098E+000
  0.14607122E+000
  0.14607144E+000
  0.14607162E+000
  0.14607179E+000
  0.14607193E+000
  0.14607206E+000
  0.14607218E+000
  0.14607228E+000
  0.14607236E+000
  0.14607244E+000
  0.14607250E+000
  0.14607255E+000
  0.14607260E+000
  0.14607263E+000
  0.14607266E+000
  0.14607267E+000
  0.14607268E+000
  0.14607269E+000
  0.14607268E+000
  0.14607267E+000
  0.14607266E+000
  0.14607264E+000
  0.14607261E+000
  0.14607258E+000
  0.14607255E+000
  0.14607251E+000
  0.14607247E+000
  0.14607243E+000
  0.14607239E+000
  0.14607234E+000
  0.14607229E+000
  0.14607225E+000
  0.14607220E+000
  0.14607215E+000
  0.14607210E+000
  0.14607206E+000
  0.14607201E+000
  0.14607197E+000
  0.14607193E+000
  0.14607189E+000
  0.14607185E+000
  0.14607182E+000
  0.14607178E+000
  0.14607175E+000
  0.14607172E+000
  0.14607170E+000
  0.14607167E+000
  0.14607165E+000
  0.14607163E+000
  0.14607161E+000
  0.14607160E+000
  0.14607159E+000
  0.14607158E+000
  0.14607157E+000
  0.14607156E+000
  0.14607155E+000
  0.14607154E+000
  0.14607154E+000
  0.14607153E+000
  0.14607153E+000
  0.14607152E+000
  0.14607152E+000
  0.14607151E+000
  0.14607150E+000
  0.14607150E+000
  0.14607149E+000
  0.14607147E+000
  0.14607146E+000
  0.14607144E+000
  0.14607142E+000
  0.14607140E+000
  0.14607137E+000
  0.14607134E+000
  0.14607131E+000
  0.14607127E+000
  0.14607122E+000
  0.14607117E+000
  0.14607112E+000
  0.14607106E+000
  0.14607099E+000
  0.14607092E+000
  0.14607084E+000
  0.14607076E+000
  0.14607067E+000
  0.14607057E+000
  0.14607046E+000
  0.14607035E+000
  0.14607023E+000
  0.14607010E+000
  0.14606998E+000
  0.14606985E+000
  0.14606975E+000
  0.14606969E+000
  0.14606973E+000
  0.14606994E+000
  0.14607033E+000
  0.14607085E+000
  0.14607107E+000
  0.14607532E+000
  0.14608677E+000
