  0.30929629E+000
  0.30936996E+000
  0.30960941E+000
  0.30983329E+000
  0.31002148E+000
  0.31018233E+000
  0.31031893E+000
  0.31043430E+000
  0.31053300E+000
  0.31061765E+000
  0.31068920E+000
  0.31074938E+000
  0.31080068E+000
  0.31084473E+000
  0.31088182E+000
  0.31091394E+000
  0.31094141E+000
  0.31096587E+000
  0.31098624E+000
  0.31100412E+000
  0.31102015E+000
  0.31103300E+000
  0.31104498E+000
  0.31105584E+000
  0.31106509E+000
  0.31107339E+000
  0.31108159E+000
  0.31108785E+000
  0.31109372E+000
  0.31109912E+000
  0.31110403E+000
  0.31110847E+000
  0.31111250E+000
  0.31111613E+000
  0.31111972E+000
  0.31112280E+000
  0.31112558E+000
  0.31112822E+000
  0.31113049E+000
  0.31113268E+000
  0.31113468E+000
  0.31113651E+000
  0.31113817E+000
  0.31113971E+000
  0.31114113E+000
  0.31114237E+000
  0.31114365E+000
  0.31114473E+000
  0.31114574E+000
  0.31114665E+000
  0.31114744E+000
  0.31114819E+000
  0.31114887E+000
  0.31114946E+000
  0.31114995E+000
  0.31115046E+000
  0.31115088E+000
  0.31115131E+000
  0.31115168E+000
  0.31115208E+000
  0.31115239E+000
  0.31115268E+000
  0.31115294E+000
  0.31115327E+000
  0.31115353E+000
  0.31115373E+000
  0.31115399E+000
  0.31115422E+000
  0.31115445E+000
  0.31115465E+000
  0.31115487E+000
  0.31115510E+000
  0.31115535E+000
  0.31115559E+000
  0.31115588E+000
  0.31115616E+000
  0.31115644E+000
  0.31115673E+000
  0.31115703E+000
  0.31115736E+000
  0.31115771E+000
  0.31115809E+000
  0.31115845E+000
  0.31115890E+000
  0.31115933E+000
  0.31115978E+000
  0.31116026E+000
  0.31116075E+000
  0.31116127E+000
  0.31116181E+000
  0.31116236E+000
  0.31116294E+000
  0.31116353E+000
  0.31116416E+000
  0.31116479E+000
  0.31116544E+000
  0.31116609E+000
  0.31116677E+000
  0.31116745E+000
  0.31116814E+000
  0.31116884E+000
  0.31116955E+000
  0.31117027E+000
  0.31117099E+000
  0.31117172E+000
  0.31117245E+000
  0.31117317E+000
  0.31117392E+000
  0.31117467E+000
  0.31117542E+000
  0.31117618E+000
  0.31117694E+000
  0.31117770E+000
  0.31117847E+000
  0.31117924E+000
  0.31118001E+000
  0.31118078E+000
  0.31118155E+000
  0.31118233E+000
  0.31118311E+000
  0.31118389E+000
  0.31118467E+000
  0.31118544E+000
  0.31118623E+000
  0.31118700E+000
  0.31118780E+000
  0.31118858E+000
  0.31118936E+000
  0.31119013E+000
  0.31119090E+000
  0.31119167E+000
  0.31119244E+000
  0.31119320E+000
  0.31119396E+000
  0.31119471E+000
  0.31119546E+000
  0.31119621E+000
  0.31119695E+000
  0.31119768E+000
  0.31119841E+000
  0.31119912E+000
  0.31119983E+000
  0.31120054E+000
  0.31120123E+000
  0.31120192E+000
  0.31120260E+000
  0.31120327E+000
  0.31120393E+000
  0.31120458E+000
  0.31120522E+000
  0.31120584E+000
  0.31120646E+000
  0.31120707E+000
  0.31120766E+000
  0.31120822E+000
  0.31120879E+000
  0.31120934E+000
  0.31120989E+000
  0.31121042E+000
  0.31121094E+000
  0.31121145E+000
  0.31121194E+000
  0.31121242E+000
  0.31121288E+000
  0.31121334E+000
  0.31121378E+000
  0.31121420E+000
  0.31121461E+000
  0.31121501E+000
  0.31121540E+000
  0.31121576E+000
  0.31121612E+000
  0.31121647E+000
  0.31121681E+000
  0.31121714E+000
  0.31121743E+000
  0.31121773E+000
  0.31121803E+000
  0.31121834E+000
  0.31121861E+000
  0.31121887E+000
  0.31121912E+000
  0.31121937E+000
  0.31121958E+000
  0.31121981E+000
  0.31122004E+000
  0.31122024E+000
  0.31122042E+000
  0.31122061E+000
  0.31122080E+000
  0.31122099E+000
  0.31122118E+000
  0.31122127E+000
  0.31122140E+000
  0.31122154E+000
  0.31122167E+000
  0.31122173E+000
  0.31122185E+000
  0.31122157E+000
  0.31122076E+000
