  0.89166095E+000
  0.89151127E+000
  0.89140724E+000
  0.89133185E+000
  0.89127678E+000
  0.89123678E+000
  0.89120812E+000
  0.89118811E+000
  0.89117492E+000
  0.89116705E+000
  0.89116330E+000
  0.89116277E+000
  0.89116479E+000
  0.89116883E+000
  0.89117449E+000
  0.89118146E+000
  0.89118945E+000
  0.89119827E+000
  0.89120772E+000
  0.89121768E+000
  0.89122803E+000
  0.89123866E+000
  0.89124950E+000
  0.89126047E+000
  0.89127152E+000
  0.89128260E+000
  0.89129368E+000
  0.89130471E+000
  0.89131568E+000
  0.89132656E+000
  0.89133733E+000
  0.89134797E+000
  0.89135847E+000
  0.89136883E+000
  0.89137903E+000
  0.89138905E+000
  0.89139891E+000
  0.89140858E+000
  0.89141806E+000
  0.89142735E+000
  0.89143644E+000
  0.89144533E+000
  0.89145400E+000
  0.89146247E+000
  0.89147071E+000
  0.89147873E+000
  0.89148653E+000
  0.89149409E+000
  0.89150141E+000
  0.89150850E+000
  0.89151533E+000
  0.89152193E+000
  0.89152827E+000
  0.89153436E+000
  0.89154020E+000
  0.89154579E+000
  0.89155112E+000
  0.89155620E+000
  0.89156104E+000
  0.89156563E+000
  0.89156997E+000
  0.89157408E+000
  0.89157796E+000
  0.89158161E+000
  0.89158504E+000
  0.89158826E+000
  0.89159127E+000
  0.89159409E+000
  0.89159671E+000
  0.89159916E+000
  0.89160143E+000
  0.89160354E+000
  0.89160550E+000
  0.89160731E+000
  0.89160898E+000
  0.89161052E+000
  0.89161194E+000
  0.89161324E+000
  0.89161444E+000
  0.89161554E+000
  0.89161655E+000
  0.89161748E+000
  0.89161833E+000
  0.89161911E+000
  0.89161983E+000
  0.89162049E+000
  0.89162110E+000
  0.89162167E+000
  0.89162220E+000
  0.89162270E+000
  0.89162316E+000
  0.89162361E+000
  0.89162403E+000
  0.89162443E+000
  0.89162482E+000
  0.89162519E+000
  0.89162556E+000
  0.89162592E+000
  0.89162628E+000
  0.89162663E+000
  0.89162698E+000
  0.89162733E+000
  0.89162768E+000
  0.89162803E+000
  0.89162839E+000
  0.89162874E+000
  0.89162910E+000
  0.89162946E+000
  0.89162982E+000
  0.89163019E+000
  0.89163056E+000
  0.89163093E+000
  0.89163130E+000
  0.89163168E+000
  0.89163207E+000
  0.89163246E+000
  0.89163285E+000
  0.89163324E+000
  0.89163364E+000
  0.89163404E+000
  0.89163444E+000
  0.89163485E+000
  0.89163526E+000
  0.89163567E+000
  0.89163609E+000
  0.89163651E+000
  0.89163693E+000
  0.89163735E+000
  0.89163778E+000
  0.89163820E+000
  0.89163863E+000
  0.89163906E+000
  0.89163949E+000
  0.89163993E+000
  0.89164036E+000
  0.89164079E+000
  0.89164122E+000
  0.89164166E+000
  0.89164209E+000
  0.89164252E+000
  0.89164294E+000
  0.89164337E+000
  0.89164379E+000
  0.89164422E+000
  0.89164463E+000
  0.89164505E+000
  0.89164546E+000
  0.89164587E+000
  0.89164627E+000
  0.89164667E+000
  0.89164707E+000
  0.89164746E+000
  0.89164784E+000
  0.89164822E+000
  0.89164859E+000
  0.89164896E+000
  0.89164932E+000
  0.89164968E+000
  0.89165003E+000
  0.89165038E+000
  0.89165072E+000
  0.89165105E+000
  0.89165138E+000
  0.89165170E+000
  0.89165202E+000
  0.89165233E+000
  0.89165264E+000
  0.89165295E+000
  0.89165325E+000
  0.89165355E+000
  0.89165384E+000
  0.89165414E+000
  0.89165443E+000
  0.89165473E+000
  0.89165502E+000
  0.89165532E+000
  0.89165563E+000
  0.89165593E+000
  0.89165625E+000
  0.89165657E+000
  0.89165690E+000
  0.89165725E+000
  0.89165760E+000
  0.89165798E+000
  0.89165837E+000
  0.89165879E+000
  0.89165923E+000
  0.89165970E+000
  0.89166020E+000
  0.89166074E+000
  0.89166132E+000
  0.89166195E+000
  0.89166264E+000
  0.89166340E+000
  0.89166424E+000
  0.89166517E+000
  0.89166622E+000
  0.89166740E+000
  0.89166893E+000
  0.89167072E+000
