  0.86221427E+000
  0.86068212E+000
  0.85973620E+000
  0.85912382E+000
  0.85872740E+000
  0.85847813E+000
  0.85832830E+000
  0.85824520E+000
  0.85821195E+000
  0.85821538E+000
  0.85824537E+000
  0.85829529E+000
  0.85836061E+000
  0.85843792E+000
  0.85852458E+000
  0.85861837E+000
  0.85871751E+000
  0.85882055E+000
  0.85892629E+000
  0.85903376E+000
  0.85914214E+000
  0.85925077E+000
  0.85935908E+000
  0.85946661E+000
  0.85957298E+000
  0.85967787E+000
  0.85978104E+000
  0.85988226E+000
  0.85998138E+000
  0.86007827E+000
  0.86017282E+000
  0.86026496E+000
  0.86035464E+000
  0.86044183E+000
  0.86052651E+000
  0.86060866E+000
  0.86068827E+000
  0.86076535E+000
  0.86083992E+000
  0.86091198E+000
  0.86098155E+000
  0.86104866E+000
  0.86111332E+000
  0.86117557E+000
  0.86123543E+000
  0.86129292E+000
  0.86134807E+000
  0.86140090E+000
  0.86145144E+000
  0.86149973E+000
  0.86154579E+000
  0.86158966E+000
  0.86163138E+000
  0.86167099E+000
  0.86170853E+000
  0.86174406E+000
  0.86177763E+000
  0.86180930E+000
  0.86183913E+000
  0.86186719E+000
  0.86189356E+000
  0.86191830E+000
  0.86194151E+000
  0.86196325E+000
  0.86198361E+000
  0.86200267E+000
  0.86202050E+000
  0.86203718E+000
  0.86205280E+000
  0.86206740E+000
  0.86208106E+000
  0.86209384E+000
  0.86210579E+000
  0.86211696E+000
  0.86212739E+000
  0.86213711E+000
  0.86214617E+000
  0.86215459E+000
  0.86216239E+000
  0.86216961E+000
  0.86217627E+000
  0.86218238E+000
  0.86218798E+000
  0.86219308E+000
  0.86219770E+000
  0.86220188E+000
  0.86220562E+000
  0.86220897E+000
  0.86221194E+000
  0.86221457E+000
  0.86221687E+000
  0.86221888E+000
  0.86222062E+000
  0.86222212E+000
  0.86222341E+000
  0.86222450E+000
  0.86222543E+000
  0.86222620E+000
  0.86222685E+000
  0.86222739E+000
  0.86222783E+000
  0.86222819E+000
  0.86222849E+000
  0.86222873E+000
  0.86222892E+000
  0.86222907E+000
  0.86222919E+000
  0.86222928E+000
  0.86222936E+000
  0.86222941E+000
  0.86222945E+000
  0.86222948E+000
  0.86222949E+000
  0.86222950E+000
  0.86222950E+000
  0.86222950E+000
  0.86222949E+000
  0.86222947E+000
  0.86222945E+000
  0.86222943E+000
  0.86222941E+000
  0.86222938E+000
  0.86222935E+000
  0.86222932E+000
  0.86222929E+000
  0.86222925E+000
  0.86222921E+000
  0.86222918E+000
  0.86222914E+000
  0.86222910E+000
  0.86222906E+000
  0.86222902E+000
  0.86222898E+000
  0.86222894E+000
  0.86222890E+000
  0.86222886E+000
  0.86222882E+000
  0.86222879E+000
  0.86222875E+000
  0.86222871E+000
  0.86222868E+000
  0.86222864E+000
  0.86222861E+000
  0.86222857E+000
  0.86222854E+000
  0.86222851E+000
  0.86222848E+000
  0.86222846E+000
  0.86222843E+000
  0.86222840E+000
  0.86222838E+000
  0.86222836E+000
  0.86222833E+000
  0.86222831E+000
  0.86222829E+000
  0.86222827E+000
  0.86222825E+000
  0.86222823E+000
  0.86222821E+000
  0.86222820E+000
  0.86222818E+000
  0.86222816E+000
  0.86222814E+000
  0.86222813E+000
  0.86222811E+000
  0.86222809E+000
  0.86222807E+000
  0.86222805E+000
  0.86222803E+000
  0.86222801E+000
  0.86222799E+000
  0.86222796E+000
  0.86222794E+000
  0.86222791E+000
  0.86222788E+000
  0.86222784E+000
  0.86222781E+000
  0.86222777E+000
  0.86222773E+000
  0.86222769E+000
  0.86222764E+000
  0.86222759E+000
  0.86222753E+000
  0.86222747E+000
  0.86222741E+000
  0.86222734E+000
  0.86222728E+000
  0.86222721E+000
  0.86222715E+000
  0.86222711E+000
  0.86222708E+000
  0.86222711E+000
  0.86222722E+000
  0.86222745E+000
  0.86222789E+000
  0.86222858E+000
  0.86222966E+000
  0.86223128E+000
  0.86223530E+000
  0.86224170E+000
