  0.41169888E+000
  0.41246666E+000
  0.41291269E+000
  0.41323600E+000
  0.41348439E+000
  0.41368332E+000
  0.41383778E+000
  0.41396465E+000
  0.41406849E+000
  0.41414956E+000
  0.41421597E+000
  0.41427121E+000
  0.41431507E+000
  0.41435157E+000
  0.41438378E+000
  0.41440919E+000
  0.41442893E+000
  0.41444590E+000
  0.41445941E+000
  0.41447028E+000
  0.41447836E+000
  0.41448646E+000
  0.41449137E+000
  0.41449561E+000
  0.41449802E+000
  0.41449926E+000
  0.41450075E+000
  0.41450147E+000
  0.41450170E+000
  0.41450160E+000
  0.41450096E+000
  0.41450015E+000
  0.41449924E+000
  0.41449811E+000
  0.41449689E+000
  0.41449592E+000
  0.41449464E+000
  0.41449354E+000
  0.41449218E+000
  0.41449075E+000
  0.41448949E+000
  0.41448822E+000
  0.41448695E+000
  0.41448574E+000
  0.41448466E+000
  0.41448369E+000
  0.41448269E+000
  0.41448171E+000
  0.41448080E+000
  0.41448003E+000
  0.41447929E+000
  0.41447865E+000
  0.41447805E+000
  0.41447749E+000
  0.41447705E+000
  0.41447662E+000
  0.41447625E+000
  0.41447590E+000
  0.41447562E+000
  0.41447546E+000
  0.41447543E+000
  0.41447532E+000
  0.41447524E+000
  0.41447537E+000
  0.41447542E+000
  0.41447547E+000
  0.41447563E+000
  0.41447567E+000
  0.41447591E+000
  0.41447617E+000
  0.41447645E+000
  0.41447678E+000
  0.41447707E+000
  0.41447779E+000
  0.41447818E+000
  0.41447861E+000
  0.41447902E+000
  0.41447947E+000
  0.41447992E+000
  0.41448038E+000
  0.41448092E+000
  0.41448140E+000
  0.41448188E+000
  0.41448240E+000
  0.41448292E+000
  0.41448345E+000
  0.41448395E+000
  0.41448447E+000
  0.41448501E+000
  0.41448556E+000
  0.41448608E+000
  0.41448662E+000
  0.41448722E+000
  0.41448778E+000
  0.41448837E+000
  0.41448884E+000
  0.41448943E+000
  0.41449003E+000
  0.41449062E+000
  0.41449119E+000
  0.41449180E+000
  0.41449242E+000
  0.41449305E+000
  0.41449369E+000
  0.41449432E+000
  0.41449497E+000
  0.41449562E+000
  0.41449627E+000
  0.41449693E+000
  0.41449759E+000
  0.41449826E+000
  0.41449893E+000
  0.41449961E+000
  0.41450029E+000
  0.41450098E+000
  0.41450167E+000
  0.41450236E+000
  0.41450305E+000
  0.41450375E+000
  0.41450445E+000
  0.41450514E+000
  0.41450584E+000
  0.41450654E+000
  0.41450724E+000
  0.41450794E+000
  0.41450863E+000
  0.41450933E+000
  0.41451002E+000
  0.41451071E+000
  0.41451140E+000
  0.41451208E+000
  0.41451276E+000
  0.41451344E+000
  0.41451412E+000
  0.41451478E+000
  0.41451545E+000
  0.41451610E+000
  0.41451675E+000
  0.41451739E+000
  0.41451803E+000
  0.41451866E+000
  0.41451928E+000
  0.41451989E+000
  0.41452049E+000
  0.41452108E+000
  0.41452167E+000
  0.41452224E+000
  0.41452281E+000
  0.41452336E+000
  0.41452390E+000
  0.41452444E+000
  0.41452496E+000
  0.41452547E+000
  0.41452596E+000
  0.41452645E+000
  0.41452693E+000
  0.41452739E+000
  0.41452784E+000
  0.41452827E+000
  0.41452870E+000
  0.41452911E+000
  0.41452951E+000
  0.41452991E+000
  0.41453028E+000
  0.41453065E+000
  0.41453100E+000
  0.41453134E+000
  0.41453167E+000
  0.41453198E+000
  0.41453229E+000
  0.41453258E+000
  0.41453286E+000
  0.41453313E+000
  0.41453337E+000
  0.41453362E+000
  0.41453385E+000
  0.41453408E+000
  0.41453429E+000
  0.41453448E+000
  0.41453468E+000
  0.41453485E+000
  0.41453501E+000
  0.41453515E+000
  0.41453526E+000
  0.41453539E+000
  0.41453551E+000
  0.41453562E+000
  0.41453569E+000
  0.41453568E+000
  0.41453568E+000
  0.41453571E+000
  0.41453576E+000
  0.41453579E+000
  0.41453579E+000
  0.41453575E+000
  0.41453568E+000
  0.41453563E+000
  0.41453563E+000
  0.41453585E+000
  0.41453560E+000
