  0.81993219E+000
  0.81992930E+000
  0.81992655E+000
  0.81992406E+000
  0.81992184E+000
  0.81991987E+000
  0.81991813E+000
  0.81991658E+000
  0.81991520E+000
  0.81991396E+000
  0.81991284E+000
  0.81991182E+000
  0.81991088E+000
  0.81991001E+000
  0.81990919E+000
  0.81990843E+000
  0.81990772E+000
  0.81990704E+000
  0.81990639E+000
  0.81990577E+000
  0.81990518E+000
  0.81990461E+000
  0.81990406E+000
  0.81990352E+000
  0.81990300E+000
  0.81990250E+000
  0.81990200E+000
  0.81990152E+000
  0.81990104E+000
  0.81990058E+000
  0.81990012E+000
  0.81989968E+000
  0.81989924E+000
  0.81989880E+000
  0.81989838E+000
  0.81989796E+000
  0.81989755E+000
  0.81989715E+000
  0.81989675E+000
  0.81989636E+000
  0.81989598E+000
  0.81989561E+000
  0.81989525E+000
  0.81989489E+000
  0.81989455E+000
  0.81989421E+000
  0.81989389E+000
  0.81989357E+000
  0.81989326E+000
  0.81989297E+000
  0.81989268E+000
  0.81989241E+000
  0.81989214E+000
  0.81989189E+000
  0.81989165E+000
  0.81989141E+000
  0.81989119E+000
  0.81989098E+000
  0.81989078E+000
  0.81989059E+000
  0.81989041E+000
  0.81989024E+000
  0.81989008E+000
  0.81988994E+000
  0.81988980E+000
  0.81988967E+000
  0.81988956E+000
  0.81988945E+000
  0.81988936E+000
  0.81988928E+000
  0.81988921E+000
  0.81988915E+000
  0.81988911E+000
  0.81988907E+000
  0.81988906E+000
  0.81988905E+000
  0.81988907E+000
  0.81988909E+000
  0.81988913E+000
  0.81988919E+000
  0.81988926E+000
  0.81988934E+000
  0.81988945E+000
  0.81988956E+000
  0.81988969E+000
  0.81988984E+000
  0.81988999E+000
  0.81989017E+000
  0.81989035E+000
  0.81989055E+000
  0.81989075E+000
  0.81989097E+000
  0.81989120E+000
  0.81989145E+000
  0.81989169E+000
  0.81989195E+000
  0.81989222E+000
  0.81989250E+000
  0.81989278E+000
  0.81989307E+000
  0.81989336E+000
  0.81989367E+000
  0.81989397E+000
  0.81989429E+000
  0.81989461E+000
  0.81989493E+000
  0.81989526E+000
  0.81989559E+000
  0.81989593E+000
  0.81989628E+000
  0.81989662E+000
  0.81989697E+000
  0.81989733E+000
  0.81989769E+000
  0.81989805E+000
  0.81989842E+000
  0.81989879E+000
  0.81989916E+000
  0.81989954E+000
  0.81989992E+000
  0.81990031E+000
  0.81990069E+000
  0.81990109E+000
  0.81990148E+000
  0.81990187E+000
  0.81990227E+000
  0.81990267E+000
  0.81990308E+000
  0.81990348E+000
  0.81990389E+000
  0.81990430E+000
  0.81990471E+000
  0.81990512E+000
  0.81990553E+000
  0.81990595E+000
  0.81990636E+000
  0.81990677E+000
  0.81990718E+000
  0.81990760E+000
  0.81990801E+000
  0.81990842E+000
  0.81990882E+000
  0.81990923E+000
  0.81990963E+000
  0.81991004E+000
  0.81991043E+000
  0.81991083E+000
  0.81991122E+000
  0.81991161E+000
  0.81991199E+000
  0.81991237E+000
  0.81991275E+000
  0.81991312E+000
  0.81991349E+000
  0.81991385E+000
  0.81991420E+000
  0.81991456E+000
  0.81991490E+000
  0.81991524E+000
  0.81991558E+000
  0.81991591E+000
  0.81991624E+000
  0.81991656E+000
  0.81991688E+000
  0.81991719E+000
  0.81991750E+000
  0.81991780E+000
  0.81991810E+000
  0.81991840E+000
  0.81991870E+000
  0.81991900E+000
  0.81991929E+000
  0.81991959E+000
  0.81991988E+000
  0.81992018E+000
  0.81992049E+000
  0.81992080E+000
  0.81992111E+000
  0.81992143E+000
  0.81992177E+000
  0.81992211E+000
  0.81992247E+000
  0.81992284E+000
  0.81992323E+000
  0.81992365E+000
  0.81992409E+000
  0.81992455E+000
  0.81992505E+000
  0.81992558E+000
  0.81992615E+000
  0.81992676E+000
  0.81992741E+000
  0.81992812E+000
  0.81992887E+000
  0.81992969E+000
  0.81993056E+000
  0.81993151E+000
  0.81993251E+000
  0.81993361E+000
  0.81993475E+000
