 -0.86061505E+000 -0.71419507E+000 -0.34402679E+000 -0.10753133E-001  0.25196834E-001  0.10672595E+001  0.81094639E+001  0.43449398E+002  0.79490320E+002  0.21963295E+003  0.43290761E+003
 -0.86060301E+000 -0.71401382E+000 -0.34070744E+000 -0.95834316E-002  0.25425956E-001  0.10700396E+001  0.81157359E+001  0.43454778E+002  0.79503165E+002  0.21963360E+003  0.43290886E+003
 -0.86059491E+000 -0.71388138E+000 -0.33813716E+000 -0.30815279E-002  0.26274363E-001  0.10708843E+001  0.81207720E+001  0.43459294E+002  0.79513233E+002  0.21963383E+003  0.43290928E+003
 -0.86058952E+000 -0.71378515E+000 -0.33613623E+000 -0.86817632E-004  0.26282217E-001  0.10715132E+001  0.81248292E+001  0.43463028E+002  0.79521019E+002  0.21963383E+003  0.43290929E+003
 -0.86058599E+000 -0.71282830E+000 -0.33463476E+000 -0.86217082E-004  0.26281793E-001  0.10719892E+001  0.81280952E+001  0.43466111E+002  0.79527059E+002  0.21963375E+003  0.43290914E+003
 -0.86058375E+000 -0.71213128E+000 -0.33352391E+000 -0.85937407E-004  0.26264996E-001  0.10723463E+001  0.81307297E+001  0.43468658E+002  0.79531776E+002  0.21963364E+003  0.43290894E+003
 -0.86058241E+000 -0.71165096E+000 -0.33272115E+000 -0.85861986E-004  0.25347951E-001  0.10726100E+001  0.81328423E+001  0.43470765E+002  0.79535479E+002  0.21963354E+003  0.43290873E+003
 -0.86058171E+000 -0.71133713E+000 -0.33216471E+000 -0.85942641E-004  0.25239031E-001  0.10728000E+001  0.81345193E+001  0.43472511E+002  0.79538390E+002  0.21963345E+003  0.43290855E+003
 -0.86058146E+000 -0.71115423E+000 -0.33180622E+000 -0.86231022E-004  0.25229265E-001  0.10729312E+001  0.81358311E+001  0.43473959E+002  0.79540674E+002  0.21963337E+003  0.43290840E+003
 -0.86058154E+000 -0.71107286E+000 -0.33160720E+000 -0.86524225E-004  0.25223576E-001  0.10730156E+001  0.81368360E+001  0.43475161E+002  0.79542451E+002  0.21963331E+003  0.43290827E+003
 -0.86058185E+000 -0.71106993E+000 -0.33153623E+000 -0.86780879E-004  0.25220074E-001  0.10730623E+001  0.81375837E+001  0.43476158E+002  0.79543819E+002  0.21963325E+003  0.43290816E+003
 -0.86058233E+000 -0.71112698E+000 -0.33156707E+000 -0.86997408E-004  0.25217772E-001  0.10730774E+001  0.81381157E+001  0.43476984E+002  0.79544854E+002  0.21963321E+003  0.43290807E+003
 -0.86058293E+000 -0.71122949E+000 -0.33167885E+000 -0.87181254E-004  0.25216140E-001  0.10730644E+001  0.81384676E+001  0.43477667E+002  0.79545617E+002  0.21963317E+003  0.43290800E+003
 -0.86058362E+000 -0.71136638E+000 -0.33185464E+000 -0.87340601E-004  0.25214886E-001  0.10730287E+001  0.81386695E+001  0.43478230E+002  0.79546157E+002  0.21963314E+003  0.43290794E+003
 -0.86058436E+000 -0.71152862E+000 -0.33208064E+000 -0.87482076E-004  0.25213853E-001  0.10729746E+001  0.81387473E+001  0.43478692E+002  0.79546515E+002  0.21963311E+003  0.43290789E+003
 -0.86058514E+000 -0.71170893E+000 -0.33234555E+000 -0.87610501E-004  0.25212954E-001  0.10729076E+001  0.81387227E+001  0.43479071E+002  0.79546722E+002  0.21963309E+003  0.43290785E+003
 -0.86058595E+000 -0.71190176E+000 -0.33264016E+000 -0.20368368E-002  0.25212143E-001  0.10728307E+001  0.81386138E+001  0.43479378E+002  0.79546805E+002  0.21963307E+003  0.43290782E+003
 -0.86058676E+000 -0.71210270E+000 -0.33295703E+000 -0.48190841E-002  0.25211393E-001  0.10727460E+001  0.81384357E+001  0.43479626E+002  0.79546787E+002  0.21963305E+003  0.43290779E+003
 -0.86058758E+000 -0.71230849E+000 -0.33329008E+000 -0.74609731E-002  0.25210692E-001  0.10726554E+001  0.81382005E+001  0.43479823E+002  0.79546684E+002  0.21963304E+003  0.43290777E+003
 -0.86058840E+000 -0.71251666E+000 -0.33363434E+000 -0.89843285E-002  0.25210031E-001  0.10725603E+001  0.81379182E+001  0.43479978E+002  0.79546512E+002  0.21963303E+003  0.43290775E+003
 -0.86058921E+000 -0.71272539E+000 -0.33398578E+000 -0.90774767E-002  0.25209405E-001  0.10724618E+001  0.81375965E+001  0.43480096E+002  0.79546283E+002  0.21963302E+003  0.43290773E+003
 -0.86059001E+000 -0.71293326E+000 -0.33434104E+000 -0.91670023E-002  0.25208811E-001  0.10723611E+001  0.81372419E+001  0.43480184E+002  0.79546009E+002  0.21963302E+003  0.43290772E+003
 -0.86059080E+000 -0.71313927E+000 -0.33469738E+000 -0.92532372E-002  0.25208246E-001  0.10722589E+001  0.81368591E+001  0.43480247E+002  0.79545699E+002  0.21963301E+003  0.43290771E+003
 -0.86059157E+000 -0.71334272E+000 -0.33505258E+000 -0.93363637E-002  0.25207708E-001  0.10721559E+001  0.81364520E+001  0.43480286E+002  0.79545361E+002  0.21963300E+003  0.43290770E+003
 -0.86059233E+000 -0.71354307E+000 -0.33540483E+000 -0.94164689E-002  0.25207196E-001  0.10720526E+001  0.81360237E+001  0.43480308E+002  0.79545001E+002  0.21963300E+003  0.43290769E+003
 -0.86059308E+000 -0.71374009E+000 -0.33575265E+000 -0.94935844E-002  0.25206709E-001  0.10719495E+001  0.81355764E+001  0.43480314E+002  0.79544626E+002  0.21963300E+003  0.43290769E+003
 -0.86059381E+000 -0.71379406E+000 -0.33609487E+000 -0.95677098E-002  0.25206244E-001  0.10718469E+001  0.81351121E+001  0.43480307E+002  0.79544241E+002  0.21963299E+003  0.43290768E+003
 -0.86059452E+000 -0.71380768E+000 -0.33643055E+000 -0.96388356E-002  0.25205802E-001  0.10717452E+001  0.81346325E+001  0.43480290E+002  0.79543852E+002  0.21963299E+003  0.43290768E+003
 -0.86059522E+000 -0.71382105E+000 -0.33675897E+000 -0.97069506E-002  0.25205380E-001  0.10716444E+001  0.81341389E+001  0.43480263E+002  0.79543461E+002  0.21963299E+003  0.43290768E+003
 -0.86059591E+000 -0.71383417E+000 -0.33707959E+000 -0.97720548E-002  0.25204979E-001  0.10715449E+001  0.81336328E+001  0.43480229E+002  0.79543073E+002  0.21963299E+003  0.43290768E+003
 -0.86059658E+000 -0.71384704E+000 -0.33739204E+000 -0.98341610E-002  0.25204597E-001  0.10714467E+001  0.81331155E+001  0.43480189E+002  0.79542690E+002  0.21963299E+003  0.43290768E+003
 -0.86059724E+000 -0.71385967E+000 -0.33769602E+000 -0.98932682E-002  0.25204233E-001  0.10713500E+001  0.81325887E+001  0.43480143E+002  0.79542317E+002  0.21963298E+003  0.43290767E+003
 -0.86059789E+000 -0.71387207E+000 -0.33799142E+000 -0.99494318E-002  0.25203887E-001  0.10712547E+001  0.81320538E+001  0.43480093E+002  0.79541956E+002  0.21963298E+003  0.43290767E+003
 -0.86059853E+000 -0.71388425E+000 -0.33827816E+000 -0.10002690E-001  0.25203559E-001  0.10711610E+001  0.81315123E+001  0.43480038E+002  0.79541608E+002  0.21963298E+003  0.43290767E+003
 -0.86059915E+000 -0.71389620E+000 -0.33855621E+000 -0.10053093E-001  0.25203247E-001  0.10710689E+001  0.81309661E+001  0.43479980E+002  0.79541276E+002  0.21963298E+003  0.43290767E+003
 -0.86059977E+000 -0.71390795E+000 -0.33882562E+000 -0.10100702E-001  0.25202951E-001  0.10709785E+001  0.81304171E+001  0.43479918E+002  0.79540962E+002  0.21963298E+003  0.43290768E+003
 -0.86060037E+000 -0.71391948E+000 -0.33908645E+000 -0.10145586E-001  0.25202671E-001  0.10708898E+001  0.81298672E+001  0.43479852E+002  0.79540666E+002  0.21963298E+003  0.43290768E+003
 -0.86060097E+000 -0.71393082E+000 -0.33933881E+000 -0.10187824E-001  0.25202406E-001  0.10708028E+001  0.81293183E+001  0.43479782E+002  0.79540392E+002  0.21963298E+003  0.43290768E+003
 -0.86060155E+000 -0.71394195E+000 -0.33958280E+000 -0.10227505E-001  0.25202155E-001  0.10707176E+001  0.81287721E+001  0.43479707E+002  0.79540139E+002  0.21963298E+003  0.43290768E+003
 -0.86060212E+000 -0.71395288E+000 -0.33981856E+000 -0.10264726E-001  0.25201919E-001  0.10706343E+001  0.81282304E+001  0.43479628E+002  0.79539908E+002  0.21963298E+003  0.43290768E+003
 -0.86060268E+000 -0.71396361E+000 -0.34004622E+000 -0.10299588E-001  0.25201695E-001  0.10705529E+001  0.81276946E+001  0.43479543E+002  0.79539700E+002  0.21963298E+003  0.43290768E+003
 -0.86060323E+000 -0.71397413E+000 -0.34026589E+000 -0.10332197E-001  0.25201485E-001  0.10704734E+001  0.81271658E+001  0.43479452E+002  0.79539516E+002  0.21963298E+003  0.43290768E+003
 -0.86060378E+000 -0.71398445E+000 -0.34047768E+000 -0.10362663E-001  0.25201286E-001  0.10703960E+001  0.81266451E+001  0.43479353E+002  0.79539357E+002  0.21963298E+003  0.43290768E+003
 -0.86060431E+000 -0.71399455E+000 -0.34068172E+000 -0.10391095E-001  0.25201100E-001  0.10703207E+001  0.81261331E+001  0.43479246E+002  0.79539221E+002  0.21963298E+003  0.43290769E+003
 -0.86060483E+000 -0.71400443E+000 -0.34087807E+000 -0.10417604E-001  0.25200924E-001  0.10702475E+001  0.81256305E+001  0.43479130E+002  0.79539109E+002  0.21963298E+003  0.43290769E+003
 -0.86060534E+000 -0.71401409E+000 -0.34106684E+000 -0.10442296E-001  0.25200759E-001  0.10701765E+001  0.81251375E+001  0.43479004E+002  0.79539022E+002  0.21963298E+003  0.43290769E+003
 -0.86060584E+000 -0.71402351E+000 -0.34124808E+000 -0.10465278E-001  0.25200604E-001  0.10701079E+001  0.81246543E+001  0.43478867E+002  0.79538959E+002  0.21963298E+003  0.43290769E+003
 -0.86060632E+000 -0.71403268E+000 -0.34142185E+000 -0.10486650E-001  0.25200459E-001  0.10700416E+001  0.81241809E+001  0.43478719E+002  0.79538920E+002  0.21963298E+003  0.43290770E+003
 -0.86060680E+000 -0.71404161E+000 -0.34158820E+000 -0.10506509E-001  0.25200323E-001  0.10699777E+001  0.81237174E+001  0.43478559E+002  0.79538905E+002  0.21963298E+003  0.43290770E+003
 -0.86060726E+000 -0.71405026E+000 -0.34174720E+000 -0.10524947E-001  0.25200195E-001  0.10699163E+001  0.81232636E+001  0.43478387E+002  0.79538912E+002  0.21963298E+003  0.43290770E+003
 -0.86060770E+000 -0.71405865E+000 -0.34189889E+000 -0.10542050E-001  0.25200075E-001  0.10698574E+001  0.81228195E+001  0.43478203E+002  0.79538943E+002  0.21963298E+003  0.43290770E+003
 -0.86060814E+000 -0.71406675E+000 -0.34204333E+000 -0.10557902E-001  0.25199962E-001  0.10698011E+001  0.81223850E+001  0.43478007E+002  0.79538996E+002  0.21963298E+003  0.43290771E+003
 -0.86060855E+000 -0.71407457E+000 -0.34218058E+000 -0.10572576E-001  0.25199857E-001  0.10697473E+001  0.81219603E+001  0.43477801E+002  0.79539070E+002  0.21963298E+003  0.43290771E+003
 -0.86060896E+000 -0.71408209E+000 -0.34231072E+000 -0.10586148E-001  0.25199758E-001  0.10696962E+001  0.81215453E+001  0.43477585E+002  0.79539166E+002  0.21963299E+003  0.43290771E+003
 -0.86060934E+000 -0.71408930E+000 -0.34243383E+000 -0.10598682E-001  0.25199665E-001  0.10696476E+001  0.81211402E+001  0.43477360E+002  0.79539281E+002  0.21963299E+003  0.43290772E+003
 -0.86060971E+000 -0.71409620E+000 -0.34255001E+000 -0.10610244E-001  0.25199577E-001  0.10696018E+001  0.81207451E+001  0.43477129E+002  0.79539416E+002  0.21963299E+003  0.43290772E+003
 -0.86061007E+000 -0.71410279E+000 -0.34265937E+000 -0.10620892E-001  0.25199495E-001  0.10695585E+001  0.81203603E+001  0.43476892E+002  0.79539570E+002  0.21963299E+003  0.43290772E+003
 -0.86061040E+000 -0.71410906E+000 -0.34276206E+000 -0.10630684E-001  0.25199417E-001  0.10695178E+001  0.81199860E+001  0.43476653E+002  0.79539740E+002  0.21963299E+003  0.43290773E+003
 -0.86061072E+000 -0.71411501E+000 -0.34285822E+000 -0.10639676E-001  0.25199344E-001  0.10694797E+001  0.81196224E+001  0.43476412E+002  0.79539926E+002  0.21963299E+003  0.43290773E+003
 -0.86061102E+000 -0.71412064E+000 -0.34294803E+000 -0.10647919E-001  0.25199274E-001  0.10694441E+001  0.81192698E+001  0.43476171E+002  0.79540127E+002  0.21963299E+003  0.43290773E+003
 -0.86061130E+000 -0.71412595E+000 -0.34303168E+000 -0.10655463E-001  0.25199208E-001  0.10694109E+001  0.81189285E+001  0.43475934E+002  0.79540340E+002  0.21963299E+003  0.43290774E+003
 -0.86061157E+000 -0.71413095E+000 -0.34310938E+000 -0.10662357E-001  0.25199146E-001  0.10693802E+001  0.81185987E+001  0.43475700E+002  0.79540565E+002  0.21963299E+003  0.43290774E+003
 -0.86061182E+000 -0.71413564E+000 -0.34318134E+000 -0.10668648E-001  0.25199086E-001  0.10693518E+001  0.81182807E+001  0.43475472E+002  0.79540799E+002  0.21963299E+003  0.43290775E+003
 -0.86061205E+000 -0.71414003E+000 -0.34324781E+000 -0.10674380E-001  0.25199029E-001  0.10693257E+001  0.81179746E+001  0.43475252E+002  0.79541041E+002  0.21963299E+003  0.43290775E+003
 -0.86061226E+000 -0.71414412E+000 -0.34330904E+000 -0.10679596E-001  0.25198974E-001  0.10693018E+001  0.81176806E+001  0.43475039E+002  0.79541289E+002  0.21963299E+003  0.43290776E+003
 -0.86061246E+000 -0.71414792E+000 -0.34336529E+000 -0.10684338E-001  0.25198921E-001  0.10692800E+001  0.81173989E+001  0.43474836E+002  0.79541543E+002  0.21963299E+003  0.43290776E+003
 -0.86061265E+000 -0.71415144E+000 -0.34341682E+000 -0.10688642E-001  0.25198870E-001  0.10692601E+001  0.81171296E+001  0.43474642E+002  0.79541799E+002  0.21963300E+003  0.43290777E+003
 -0.86061281E+000 -0.71415470E+000 -0.34346390E+000 -0.10692546E-001  0.25198821E-001  0.10692422E+001  0.81168727E+001  0.43474459E+002  0.79542058E+002  0.21963300E+003  0.43290777E+003
 -0.86061297E+000 -0.71415770E+000 -0.34350680E+000 -0.10696083E-001  0.25198773E-001  0.10692260E+001  0.81166284E+001  0.43474287E+002  0.79542318E+002  0.21963300E+003  0.43290778E+003
 -0.86061311E+000 -0.71416045E+000 -0.34354579E+000 -0.10699286E-001  0.25198727E-001  0.10692115E+001  0.81163967E+001  0.43474125E+002  0.79542578E+002  0.21963300E+003  0.43290778E+003
 -0.86061324E+000 -0.71416298E+000 -0.34358114E+000 -0.10702182E-001  0.25198681E-001  0.10691986E+001  0.81161774E+001  0.43473975E+002  0.79542838E+002  0.21963300E+003  0.43290779E+003
 -0.86061336E+000 -0.71416528E+000 -0.34361310E+000 -0.10704799E-001  0.25198637E-001  0.10691871E+001  0.81159707E+001  0.43473836E+002  0.79543097E+002  0.21963300E+003  0.43290779E+003
 -0.86061346E+000 -0.71416738E+000 -0.34364192E+000 -0.10707161E-001  0.25198595E-001  0.10691770E+001  0.81157763E+001  0.43473709E+002  0.79543355E+002  0.21963300E+003  0.43290780E+003
 -0.86061356E+000 -0.71416929E+000 -0.34366784E+000 -0.10709290E-001  0.25198553E-001  0.10691682E+001  0.81155942E+001  0.43473592E+002  0.79543613E+002  0.21963300E+003  0.43290781E+003
 -0.86061365E+000 -0.71417101E+000 -0.34369109E+000 -0.10711208E-001  0.25198512E-001  0.10691605E+001  0.81154242E+001  0.43473486E+002  0.79543870E+002  0.21963300E+003  0.43290781E+003
 -0.86061372E+000 -0.71417258E+000 -0.34371189E+000 -0.10712932E-001  0.25198472E-001  0.10691539E+001  0.81152661E+001  0.43473390E+002  0.79544127E+002  0.21963301E+003  0.43290782E+003
 -0.86061379E+000 -0.71417398E+000 -0.34373045E+000 -0.10714479E-001  0.25198433E-001  0.10691483E+001  0.81151197E+001  0.43473303E+002  0.79544384E+002  0.21963301E+003  0.43290783E+003
 -0.86061386E+000 -0.71417525E+000 -0.34374696E+000 -0.10715865E-001  0.25198396E-001  0.10691436E+001  0.81149846E+001  0.43473227E+002  0.79544643E+002  0.21963301E+003  0.43290783E+003
 -0.86061392E+000 -0.71417638E+000 -0.34376160E+000 -0.10717104E-001  0.25198359E-001  0.10691342E+001  0.81148605E+001  0.43473159E+002  0.79544903E+002  0.21963301E+003  0.43290784E+003
 -0.86061397E+000 -0.71417740E+000 -0.34377456E+000 -0.10718209E-001  0.25198324E-001  0.10691097E+001  0.81147471E+001  0.43473099E+002  0.79545165E+002  0.21963301E+003  0.43290785E+003
 -0.86061401E+000 -0.71417830E+000 -0.34378598E+000 -0.10719194E-001  0.25198290E-001  0.10690904E+001  0.81146440E+001  0.43473046E+002  0.79545429E+002  0.21963301E+003  0.43290786E+003
 -0.86061405E+000 -0.71417911E+000 -0.34379602E+000 -0.10720068E-001  0.25198256E-001  0.10690758E+001  0.81145507E+001  0.43473001E+002  0.79545697E+002  0.21963301E+003  0.43290786E+003
 -0.86061409E+000 -0.71417983E+000 -0.34380483E+000 -0.10720844E-001  0.25198224E-001  0.10690653E+001  0.81144666E+001  0.43472961E+002  0.79545969E+002  0.21963301E+003  0.43290787E+003
 -0.86061412E+000 -0.71418047E+000 -0.34381253E+000 -0.10721531E-001  0.25198194E-001  0.10690586E+001  0.81143914E+001  0.43472927E+002  0.79546246E+002  0.21963302E+003  0.43290788E+003
 -0.86061415E+000 -0.71418104E+000 -0.34381924E+000 -0.10722138E-001  0.25198164E-001  0.10690553E+001  0.81143245E+001  0.43472897E+002  0.79546526E+002  0.21963302E+003  0.43290789E+003
 -0.86061418E+000 -0.71418154E+000 -0.34382507E+000 -0.10722674E-001  0.25198136E-001  0.10690548E+001  0.81142654E+001  0.43472871E+002  0.79546812E+002  0.21963302E+003  0.43290790E+003
 -0.86061421E+000 -0.71418199E+000 -0.34383013E+000 -0.10723147E-001  0.25198109E-001  0.10690570E+001  0.81142134E+001  0.43472848E+002  0.79547102E+002  0.21963302E+003  0.43290791E+003
 -0.86061423E+000 -0.71418238E+000 -0.34383451E+000 -0.10723564E-001  0.25198083E-001  0.10690615E+001  0.81141680E+001  0.43472827E+002  0.79547396E+002  0.21963302E+003  0.43290792E+003
 -0.86061425E+000 -0.71418274E+000 -0.34383830E+000 -0.10723933E-001  0.25198058E-001  0.10690679E+001  0.81141288E+001  0.43472808E+002  0.79547694E+002  0.21963302E+003  0.43290793E+003
 -0.86061427E+000 -0.71418305E+000 -0.34384158E+000 -0.10724259E-001  0.25198035E-001  0.10690761E+001  0.81140951E+001  0.43472789E+002  0.79547995E+002  0.21963302E+003  0.43290794E+003
 -0.86061428E+000 -0.71418333E+000 -0.34384441E+000 -0.10724549E-001  0.25198012E-001  0.10690857E+001  0.81140665E+001  0.43472771E+002  0.79548300E+002  0.21963303E+003  0.43290795E+003
 -0.86061430E+000 -0.71418358E+000 -0.34384686E+000 -0.10724807E-001  0.25197991E-001  0.10690966E+001  0.81140424E+001  0.43472753E+002  0.79548606E+002  0.21963303E+003  0.43290796E+003
 -0.86061431E+000 -0.71418381E+000 -0.34384899E+000 -0.10725038E-001  0.25197971E-001  0.10691085E+001  0.81140224E+001  0.43472735E+002  0.79548913E+002  0.21963303E+003  0.43290797E+003
 -0.86061433E+000 -0.71418401E+000 -0.34385085E+000 -0.10725246E-001  0.25197952E-001  0.10691213E+001  0.81140060E+001  0.43472715E+002  0.79549221E+002  0.21963303E+003  0.43290798E+003
 -0.86061434E+000 -0.71418420E+000 -0.34385248E+000 -0.10725435E-001  0.25197934E-001  0.10691348E+001  0.81139929E+001  0.43472694E+002  0.79549528E+002  0.21963303E+003  0.43290799E+003
 -0.86061435E+000 -0.71418437E+000 -0.34385392E+000 -0.10725609E-001  0.25197918E-001  0.10691416E+001  0.81139827E+001  0.43472671E+002  0.79549832E+002  0.21963303E+003  0.43290800E+003
 -0.86061436E+000 -0.71418452E+000 -0.34385521E+000 -0.10725769E-001  0.25197902E-001  0.10691435E+001  0.81139751E+001  0.43472647E+002  0.79550134E+002  0.21963304E+003  0.43290801E+003
 -0.86061437E+000 -0.71418466E+000 -0.34385638E+000 -0.10725920E-001  0.25197887E-001  0.10691453E+001  0.81139698E+001  0.43472621E+002  0.79550432E+002  0.21963304E+003  0.43290802E+003
 -0.86061438E+000 -0.71418479E+000 -0.34385745E+000 -0.10726062E-001  0.25197873E-001  0.10691472E+001  0.81139665E+001  0.43472592E+002  0.79550724E+002  0.21963304E+003  0.43290803E+003
 -0.86061439E+000 -0.71418492E+000 -0.34385844E+000 -0.10726199E-001  0.25197860E-001  0.10691491E+001  0.81139650E+001  0.43472562E+002  0.79551011E+002  0.21963304E+003  0.43290805E+003
 -0.86061440E+000 -0.71418503E+000 -0.34385938E+000 -0.10726331E-001  0.25197848E-001  0.10691509E+001  0.81139652E+001  0.43472530E+002  0.79551291E+002  0.21963304E+003  0.43290806E+003
 -0.86061441E+000 -0.71418514E+000 -0.34386029E+000 -0.10726460E-001  0.25197836E-001  0.10691527E+001  0.81139669E+001  0.43472496E+002  0.79551563E+002  0.21963304E+003  0.43290807E+003
 -0.86061442E+000 -0.71418524E+000 -0.34386116E+000 -0.10726586E-001  0.25197825E-001  0.10691544E+001  0.81139699E+001  0.43472460E+002  0.79551826E+002  0.21963305E+003  0.43290808E+003
 -0.86061443E+000 -0.71418534E+000 -0.34386202E+000 -0.10726712E-001  0.25197815E-001  0.10691560E+001  0.81139741E+001  0.43472422E+002  0.79552081E+002  0.21963305E+003  0.43290810E+003
 -0.86061443E+000 -0.71418544E+000 -0.34386287E+000 -0.10726838E-001  0.25197806E-001  0.10691576E+001  0.81139795E+001  0.43472383E+002  0.79552326E+002  0.21963305E+003  0.43290811E+003
 -0.86061444E+000 -0.71418553E+000 -0.34386372E+000 -0.10726964E-001  0.25197797E-001  0.10691591E+001  0.81139859E+001  0.43472342E+002  0.79552560E+002  0.21963305E+003  0.43290812E+003
 -0.86061445E+000 -0.71418561E+000 -0.34386458E+000 -0.10727091E-001  0.25197789E-001  0.10691604E+001  0.81139934E+001  0.43472301E+002  0.79552785E+002  0.21963305E+003  0.43290814E+003
 -0.86061446E+000 -0.71418569E+000 -0.34386543E+000 -0.10727218E-001  0.25197781E-001  0.10691616E+001  0.81140017E+001  0.43472258E+002  0.79552998E+002  0.21963305E+003  0.43290815E+003
 -0.86061446E+000 -0.71418577E+000 -0.34386630E+000 -0.10727346E-001  0.25197774E-001  0.10691628E+001  0.81140109E+001  0.43472215E+002  0.79553201E+002  0.21963306E+003  0.43290816E+003
 -0.86061447E+000 -0.71418585E+000 -0.34386717E+000 -0.10727476E-001  0.25197767E-001  0.10691637E+001  0.81140209E+001  0.43472171E+002  0.79553393E+002  0.21963306E+003  0.43290818E+003
 -0.86061447E+000 -0.71418593E+000 -0.34386805E+000 -0.10727607E-001  0.25197761E-001  0.10691646E+001  0.81140316E+001  0.43472127E+002  0.79553573E+002  0.21963306E+003  0.43290819E+003
 -0.86061448E+000 -0.71418600E+000 -0.34386893E+000 -0.10727738E-001  0.25197755E-001  0.10691653E+001  0.81140431E+001  0.43472083E+002  0.79553743E+002  0.21963306E+003  0.43290821E+003
 -0.86061449E+000 -0.71418607E+000 -0.34386982E+000 -0.10727871E-001  0.25197749E-001  0.10691658E+001  0.81140552E+001  0.43472039E+002  0.79553901E+002  0.21963306E+003  0.43290822E+003
 -0.86061449E+000 -0.71418614E+000 -0.34387071E+000 -0.10728004E-001  0.25197744E-001  0.10691663E+001  0.81140679E+001  0.43471995E+002  0.79554049E+002  0.21963306E+003  0.43290823E+003
 -0.86061450E+000 -0.71418620E+000 -0.34387160E+000 -0.10728137E-001  0.25197739E-001  0.10691665E+001  0.81140811E+001  0.43471953E+002  0.79554186E+002  0.21963307E+003  0.43290825E+003
 -0.86061450E+000 -0.71418626E+000 -0.34387249E+000 -0.10728271E-001  0.25197735E-001  0.10691667E+001  0.81140948E+001  0.43471911E+002  0.79554312E+002  0.21963307E+003  0.43290826E+003
 -0.86061450E+000 -0.71418632E+000 -0.34387338E+000 -0.10728404E-001  0.25197730E-001  0.10691667E+001  0.81141088E+001  0.43471870E+002  0.79554428E+002  0.21963307E+003  0.43290828E+003
 -0.86061451E+000 -0.71418638E+000 -0.34387426E+000 -0.10728537E-001  0.25197726E-001  0.10691665E+001  0.81141232E+001  0.43471831E+002  0.79554534E+002  0.21963307E+003  0.43290829E+003
 -0.86061451E+000 -0.71418644E+000 -0.34387514E+000 -0.10728670E-001  0.25197723E-001  0.10691663E+001  0.81141378E+001  0.43471793E+002  0.79554630E+002  0.21963307E+003  0.43290831E+003
 -0.86061452E+000 -0.71418649E+000 -0.34387600E+000 -0.10728801E-001  0.25197719E-001  0.10691659E+001  0.81141525E+001  0.43471757E+002  0.79554717E+002  0.21963307E+003  0.43290832E+003
 -0.86061452E+000 -0.71418654E+000 -0.34387685E+000 -0.10728931E-001  0.25197716E-001  0.10691654E+001  0.81141673E+001  0.43471723E+002  0.79554795E+002  0.21963307E+003  0.43290833E+003
 -0.86061452E+000 -0.71418659E+000 -0.34387768E+000 -0.10729060E-001  0.25197712E-001  0.10691648E+001  0.81141821E+001  0.43471691E+002  0.79554865E+002  0.21963308E+003  0.43290835E+003
 -0.86061453E+000 -0.71418664E+000 -0.34387850E+000 -0.10729187E-001  0.25197709E-001  0.10691641E+001  0.81141967E+001  0.43471661E+002  0.79554926E+002  0.21963308E+003  0.43290836E+003
 -0.86061453E+000 -0.71418668E+000 -0.34387931E+000 -0.10729312E-001  0.25197707E-001  0.10691633E+001  0.81142110E+001  0.43471633E+002  0.79554980E+002  0.21963308E+003  0.43290838E+003
 -0.86061453E+000 -0.71418673E+000 -0.34388009E+000 -0.10729435E-001  0.25197704E-001  0.10691624E+001  0.81142251E+001  0.43471607E+002  0.79555026E+002  0.21963308E+003  0.43290839E+003
 -0.86061454E+000 -0.71418677E+000 -0.34388085E+000 -0.10729555E-001  0.25197701E-001  0.10691615E+001  0.81142388E+001  0.43471584E+002  0.79555066E+002  0.21963308E+003  0.43290841E+003
 -0.86061454E+000 -0.71418681E+000 -0.34388159E+000 -0.10729673E-001  0.25197699E-001  0.10691605E+001  0.81142520E+001  0.43471563E+002  0.79555100E+002  0.21963308E+003  0.43290842E+003
 -0.86061454E+000 -0.71418684E+000 -0.34388231E+000 -0.10729788E-001  0.25197697E-001  0.10691594E+001  0.81142646E+001  0.43471545E+002  0.79555127E+002  0.21963308E+003  0.43290843E+003
 -0.86061454E+000 -0.71418688E+000 -0.34388301E+000 -0.10729900E-001  0.25197694E-001  0.10691583E+001  0.81142765E+001  0.43471529E+002  0.79555149E+002  0.21963308E+003  0.43290845E+003
 -0.86061455E+000 -0.71418691E+000 -0.34388369E+000 -0.10730009E-001  0.25197692E-001  0.10691572E+001  0.81142877E+001  0.43471516E+002  0.79555166E+002  0.21963309E+003  0.43290846E+003
 -0.86061455E+000 -0.71418694E+000 -0.34388434E+000 -0.10730116E-001  0.25197690E-001  0.10691560E+001  0.81142981E+001  0.43471505E+002  0.79555179E+002  0.21963309E+003  0.43290847E+003
 -0.86061455E+000 -0.71418697E+000 -0.34388497E+000 -0.10730218E-001  0.25197689E-001  0.10691549E+001  0.81143077E+001  0.43471497E+002  0.79555188E+002  0.21963309E+003  0.43290849E+003
 -0.86061455E+000 -0.71418700E+000 -0.34388557E+000 -0.10730318E-001  0.25197687E-001  0.10691537E+001  0.81143164E+001  0.43471491E+002  0.79555193E+002  0.21963309E+003  0.43290850E+003
 -0.86061455E+000 -0.71418703E+000 -0.34388616E+000 -0.10730415E-001  0.25197685E-001  0.10691525E+001  0.81143241E+001  0.43471487E+002  0.79555195E+002  0.21963309E+003  0.43290851E+003
 -0.86061455E+000 -0.71418706E+000 -0.34388672E+000 -0.10730508E-001  0.25197683E-001  0.10691513E+001  0.81143309E+001  0.43471485E+002  0.79555195E+002  0.21963309E+003  0.43290853E+003
 -0.86061456E+000 -0.71418708E+000 -0.34388725E+000 -0.10730598E-001  0.25197682E-001  0.10691501E+001  0.81143367E+001  0.43471486E+002  0.79555192E+002  0.21963309E+003  0.43290854E+003
 -0.86061456E+000 -0.71418711E+000 -0.34388777E+000 -0.10730685E-001  0.25197680E-001  0.10691489E+001  0.81143414E+001  0.43471488E+002  0.79555187E+002  0.21963309E+003  0.43290855E+003
 -0.86061456E+000 -0.71418713E+000 -0.34388827E+000 -0.10730769E-001  0.25197679E-001  0.10691478E+001  0.81143452E+001  0.43471492E+002  0.79555181E+002  0.21963309E+003  0.43290856E+003
 -0.86061456E+000 -0.71418715E+000 -0.34388875E+000 -0.10730850E-001  0.25197677E-001  0.10691466E+001  0.81143479E+001  0.43471498E+002  0.79555173E+002  0.21963309E+003  0.43290857E+003
 -0.86061456E+000 -0.71418717E+000 -0.34388921E+000 -0.10730928E-001  0.25197676E-001  0.10691455E+001  0.81143496E+001  0.43471505E+002  0.79555165E+002  0.21963309E+003  0.43290859E+003
 -0.86061456E+000 -0.71418719E+000 -0.34388965E+000 -0.10731003E-001  0.25197675E-001  0.10691444E+001  0.81143503E+001  0.43471514E+002  0.79555156E+002  0.21963309E+003  0.43290860E+003
 -0.86061456E+000 -0.71418721E+000 -0.34389008E+000 -0.10731075E-001  0.25197673E-001  0.10691434E+001  0.81143501E+001  0.43471524E+002  0.79555147E+002  0.21963310E+003  0.43290861E+003
 -0.86061456E+000 -0.71418723E+000 -0.34389049E+000 -0.10731145E-001  0.25197672E-001  0.10691423E+001  0.81143489E+001  0.43471534E+002  0.79555137E+002  0.21963310E+003  0.43290862E+003
 -0.86061457E+000 -0.71418725E+000 -0.34389088E+000 -0.10731212E-001  0.25197670E-001  0.10691413E+001  0.81143468E+001  0.43471546E+002  0.79555128E+002  0.21963310E+003  0.43290863E+003
 -0.86061457E+000 -0.71418727E+000 -0.34389127E+000 -0.10731277E-001  0.25197669E-001  0.10691389E+001  0.81143439E+001  0.43471557E+002  0.79555119E+002  0.21963310E+003  0.43290864E+003
 -0.86061457E+000 -0.71418728E+000 -0.34389164E+000 -0.10731340E-001  0.25197668E-001  0.10691317E+001  0.81143402E+001  0.43471570E+002  0.79555111E+002  0.21963310E+003  0.43290865E+003
 -0.86061457E+000 -0.71418730E+000 -0.34389200E+000 -0.10731401E-001  0.25197666E-001  0.10691247E+001  0.81143357E+001  0.43471582E+002  0.79555102E+002  0.21963310E+003  0.43290866E+003
 -0.86061457E+000 -0.71418732E+000 -0.34389235E+000 -0.10731459E-001  0.25197665E-001  0.10691179E+001  0.81143304E+001  0.43471595E+002  0.79555095E+002  0.21963310E+003  0.43290867E+003
 -0.86061457E+000 -0.71418734E+000 -0.34389269E+000 -0.10731516E-001  0.25197663E-001  0.10691115E+001  0.81143246E+001  0.43471607E+002  0.79555088E+002  0.21963310E+003  0.43290867E+003
 -0.86061457E+000 -0.71418735E+000 -0.34389303E+000 -0.10731572E-001  0.25197662E-001  0.10691052E+001  0.81143181E+001  0.43471619E+002  0.79555083E+002  0.21963310E+003  0.43290868E+003
 -0.86061457E+000 -0.71418737E+000 -0.34389336E+000 -0.10731626E-001  0.25197660E-001  0.10690992E+001  0.81143110E+001  0.43471630E+002  0.79555077E+002  0.21963310E+003  0.43290869E+003
 -0.86061457E+000 -0.71418739E+000 -0.34389369E+000 -0.10731679E-001  0.25197658E-001  0.10690935E+001  0.81143035E+001  0.43471641E+002  0.79555073E+002  0.21963310E+003  0.43290870E+003
 -0.86061457E+000 -0.71418740E+000 -0.34389401E+000 -0.10731730E-001  0.25197657E-001  0.10690879E+001  0.81142955E+001  0.43471651E+002  0.79555069E+002  0.21963310E+003  0.43290871E+003
 -0.86061457E+000 -0.71418742E+000 -0.34389433E+000 -0.10731782E-001  0.25197655E-001  0.10690826E+001  0.81142871E+001  0.43471660E+002  0.79555066E+002  0.21963310E+003  0.43290871E+003
 -0.86061458E+000 -0.71418744E+000 -0.34389465E+000 -0.10731832E-001  0.25197653E-001  0.10690774E+001  0.81142784E+001  0.43471668E+002  0.79555064E+002  0.21963310E+003  0.43290872E+003
 -0.86061458E+000 -0.71418746E+000 -0.34389497E+000 -0.10731882E-001  0.25197651E-001  0.10690724E+001  0.81142694E+001  0.43471675E+002  0.79555062E+002  0.21963310E+003  0.43290873E+003
 -0.86061458E+000 -0.71418748E+000 -0.34389530E+000 -0.10731932E-001  0.25197648E-001  0.10690676E+001  0.81142601E+001  0.43471681E+002  0.79555060E+002  0.21963310E+003  0.43290873E+003
 -0.86061458E+000 -0.71418750E+000 -0.34389563E+000 -0.10731982E-001  0.25197646E-001  0.10690629E+001  0.81142506E+001  0.43471685E+002  0.79555059E+002  0.21963310E+003  0.43290874E+003
 -0.86061458E+000 -0.71418752E+000 -0.34389596E+000 -0.10732032E-001  0.25197643E-001  0.10690583E+001  0.81142408E+001  0.43471688E+002  0.79555058E+002  0.21963310E+003  0.43290874E+003
 -0.86061458E+000 -0.71418754E+000 -0.34389631E+000 -0.10732083E-001  0.25197640E-001  0.10690538E+001  0.81142310E+001  0.43471689E+002  0.79555057E+002  0.21963310E+003  0.43290875E+003
 -0.86061458E+000 -0.71418756E+000 -0.34389666E+000 -0.10732134E-001  0.25197637E-001  0.10690494E+001  0.81142210E+001  0.43471689E+002  0.79555055E+002  0.21963310E+003  0.43290875E+003
 -0.86061458E+000 -0.71418758E+000 -0.34389702E+000 -0.10732187E-001  0.25197634E-001  0.10690450E+001  0.81142108E+001  0.43471687E+002  0.79555053E+002  0.21963310E+003  0.43290876E+003
 -0.86061459E+000 -0.71418761E+000 -0.34389740E+000 -0.10732241E-001  0.25197631E-001  0.10690407E+001  0.81142006E+001  0.43471683E+002  0.79555051E+002  0.21963310E+003  0.43290876E+003
 -0.86061459E+000 -0.71418764E+000 -0.34389779E+000 -0.10732297E-001  0.25197627E-001  0.10690364E+001  0.81141903E+001  0.43471678E+002  0.79555047E+002  0.21963310E+003  0.43290877E+003
 -0.86061459E+000 -0.71418766E+000 -0.34389820E+000 -0.10732355E-001  0.25197623E-001  0.10690320E+001  0.81141799E+001  0.43471671E+002  0.79555043E+002  0.21963310E+003  0.43290877E+003
 -0.86061459E+000 -0.71418769E+000 -0.34389863E+000 -0.10732416E-001  0.25197618E-001  0.10690275E+001  0.81141694E+001  0.43471663E+002  0.79555038E+002  0.21963310E+003  0.43290878E+003
 -0.86061459E+000 -0.71418773E+000 -0.34389908E+000 -0.10732479E-001  0.25197614E-001  0.10690230E+001  0.81141587E+001  0.43471652E+002  0.79555031E+002  0.21963310E+003  0.43290878E+003
 -0.86061460E+000 -0.71418776E+000 -0.34389956E+000 -0.10732545E-001  0.25197608E-001  0.10690183E+001  0.81141480E+001  0.43471640E+002  0.79555022E+002  0.21963310E+003  0.43290878E+003
 -0.86061460E+000 -0.71418779E+000 -0.34390007E+000 -0.10732616E-001  0.25197603E-001  0.10690135E+001  0.81141370E+001  0.43471626E+002  0.79555012E+002  0.21963310E+003  0.43290879E+003
 -0.86061460E+000 -0.71418783E+000 -0.34390061E+000 -0.10732690E-001  0.25197597E-001  0.10690084E+001  0.81141259E+001  0.43471610E+002  0.79554999E+002  0.21963310E+003  0.43290879E+003
 -0.86061460E+000 -0.71418787E+000 -0.34390118E+000 -0.10732769E-001  0.25197590E-001  0.10690031E+001  0.81141146E+001  0.43471592E+002  0.79554984E+002  0.21963310E+003  0.43290879E+003
 -0.86061461E+000 -0.71418792E+000 -0.34390179E+000 -0.10732854E-001  0.25197583E-001  0.10689975E+001  0.81141029E+001  0.43471573E+002  0.79554966E+002  0.21963310E+003  0.43290879E+003
 -0.86061461E+000 -0.71418797E+000 -0.34390244E+000 -0.10732944E-001  0.25197576E-001  0.10689915E+001  0.81140909E+001  0.43471551E+002  0.79554945E+002  0.21963310E+003  0.43290880E+003
 -0.86061461E+000 -0.71418802E+000 -0.34390313E+000 -0.10733041E-001  0.25197568E-001  0.10689852E+001  0.81140785E+001  0.43471527E+002  0.79554921E+002  0.21963310E+003  0.43290880E+003
 -0.86061462E+000 -0.71418807E+000 -0.34390388E+000 -0.10733145E-001  0.25197559E-001  0.10689783E+001  0.81140656E+001  0.43471500E+002  0.79554892E+002  0.21963310E+003  0.43290880E+003
 -0.86061462E+000 -0.71418813E+000 -0.34390468E+000 -0.10733257E-001  0.25197550E-001  0.10689710E+001  0.81140520E+001  0.43471472E+002  0.79554860E+002  0.21963310E+003  0.43290880E+003
 -0.86061462E+000 -0.71418819E+000 -0.34390553E+000 -0.10733378E-001  0.25197540E-001  0.10689630E+001  0.81140378E+001  0.43471440E+002  0.79554822E+002  0.21963310E+003  0.43290880E+003
 -0.86061463E+000 -0.71418826E+000 -0.34390645E+000 -0.10733507E-001  0.25197529E-001  0.10689545E+001  0.81140227E+001  0.43471406E+002  0.79554780E+002  0.21963310E+003  0.43290881E+003
 -0.86061463E+000 -0.71418833E+000 -0.34390743E+000 -0.10733647E-001  0.25197518E-001  0.10689451E+001  0.81140066E+001  0.43471368E+002  0.79554731E+002  0.21963310E+003  0.43290881E+003
 -0.86061464E+000 -0.71418840E+000 -0.34390849E+000 -0.10733798E-001  0.25197506E-001  0.10689350E+001  0.81139894E+001  0.43471327E+002  0.79554676E+002  0.21963310E+003  0.43290881E+003
 -0.86061464E+000 -0.71418848E+000 -0.34390962E+000 -0.10733961E-001  0.25197493E-001  0.10689240E+001  0.81139709E+001  0.43471282E+002  0.79554613E+002  0.21963310E+003  0.43290881E+003
 -0.86061465E+000 -0.71418857E+000 -0.34391083E+000 -0.10734137E-001  0.25197479E-001  0.10689119E+001  0.81139509E+001  0.43471232E+002  0.79554541E+002  0.21963310E+003  0.43290881E+003
 -0.86061465E+000 -0.71418866E+000 -0.34391213E+000 -0.10734327E-001  0.25197465E-001  0.10688988E+001  0.81139291E+001  0.43471178E+002  0.79554460E+002  0.21963310E+003  0.43290881E+003
 -0.86061466E+000 -0.71418876E+000 -0.34391352E+000 -0.10734531E-001  0.25197450E-001  0.10688846E+001  0.81139053E+001  0.43471117E+002  0.79554369E+002  0.21963310E+003  0.43290881E+003
 -0.86061467E+000 -0.71418886E+000 -0.34391501E+000 -0.10734751E-001  0.25197433E-001  0.10688690E+001  0.81138793E+001  0.43471051E+002  0.79554265E+002  0.21963310E+003  0.43290881E+003
 -0.86061468E+000 -0.71418897E+000 -0.34391661E+000 -0.10734988E-001  0.25197416E-001  0.10688520E+001  0.81138508E+001  0.43470976E+002  0.79554147E+002  0.21963310E+003  0.43290881E+003
 -0.86061468E+000 -0.71418909E+000 -0.34391833E+000 -0.10735244E-001  0.25197398E-001  0.10688335E+001  0.81138194E+001  0.43470894E+002  0.79554013E+002  0.21963310E+003  0.43290881E+003
 -0.86061469E+000 -0.71418922E+000 -0.34392017E+000 -0.10735519E-001  0.25197379E-001  0.10688134E+001  0.81137846E+001  0.43470802E+002  0.79553860E+002  0.21963310E+003  0.43290881E+003
 -0.86061470E+000 -0.71418935E+000 -0.34392216E+000 -0.10735815E-001  0.25197360E-001  0.10687914E+001  0.81137462E+001  0.43470699E+002  0.79553688E+002  0.21963310E+003  0.43290881E+003
 -0.86061471E+000 -0.71418950E+000 -0.34392433E+000 -0.10736137E-001  0.25197339E-001  0.10687675E+001  0.81137036E+001  0.43470584E+002  0.79553491E+002  0.21963310E+003  0.43290882E+003
 -0.86061472E+000 -0.71418965E+000 -0.34392672E+000 -0.10736488E-001  0.25197317E-001  0.10687413E+001  0.81136561E+001  0.43470455E+002  0.79553267E+002  0.21963310E+003  0.43290881E+003
 -0.86061473E+000 -0.71418983E+000 -0.34392941E+000 -0.10736877E-001  0.25197294E-001  0.10687127E+001  0.81136033E+001  0.43470310E+002  0.79553011E+002  0.21963310E+003  0.43290881E+003
 -0.86061474E+000 -0.71419003E+000 -0.34393253E+000 -0.10737319E-001  0.25197270E-001  0.10686811E+001  0.81135441E+001  0.43470146E+002  0.79552720E+002  0.21963310E+003  0.43290881E+003
 -0.86061476E+000 -0.71419026E+000 -0.34393625E+000 -0.10737835E-001  0.25197245E-001  0.10686461E+001  0.81134779E+001  0.43469962E+002  0.79552388E+002  0.21963310E+003  0.43290881E+003
 -0.86061477E+000 -0.71419054E+000 -0.34394083E+000 -0.10738456E-001  0.25197218E-001  0.10686070E+001  0.81134035E+001  0.43469754E+002  0.79552008E+002  0.21963310E+003  0.43290881E+003
 -0.86061479E+000 -0.71419089E+000 -0.34394652E+000 -0.10739201E-001  0.25197190E-001  0.10685632E+001  0.81133202E+001  0.43469521E+002  0.79551577E+002  0.21963310E+003  0.43290881E+003
 -0.86061482E+000 -0.71419132E+000 -0.34395385E+000 -0.10740086E-001  0.25197160E-001  0.10685131E+001  0.81132263E+001  0.43469257E+002  0.79551084E+002  0.21963310E+003  0.43290881E+003
 -0.86061485E+000 -0.71419191E+000 -0.34396357E+000 -0.10741067E-001  0.25197129E-001  0.10684548E+001  0.81131218E+001  0.43468962E+002  0.79550528E+002  0.21963310E+003  0.43290881E+003
 -0.86061490E+000 -0.71419291E+000 -0.34398151E+000 -0.10743559E-001  0.25197086E-001  0.10683734E+001  0.81129952E+001  0.43468617E+002  0.79549873E+002  0.21963310E+003  0.43290881E+003
 -0.86061498E+000 -0.71419431E+000 -0.34400698E+000 -0.10748231E-001  0.25197032E-001  0.10682747E+001  0.81128561E+001  0.43468245E+002  0.79549153E+002  0.21963310E+003  0.43290881E+003
