  0.31380135E+000  0.33940616E+000  0.45000311E+000  0.60421682E+000  0.78251922E+000  0.87462659E+000  0.11756557E+001  0.17270672E+001  0.23601349E+001  0.35286696E+001  0.54009038E+001
  0.31286985E+000  0.33939333E+000  0.44861446E+000  0.60369879E+000  0.78207739E+000  0.87345641E+000  0.11752239E+001  0.17289631E+001  0.23597482E+001  0.35280496E+001  0.54008581E+001
  0.31216153E+000  0.33939331E+000  0.44851358E+000  0.60223617E+000  0.78169717E+000  0.87253702E+000  0.11748790E+001  0.17293750E+001  0.23595085E+001  0.35275172E+001  0.54008213E+001
  0.31161483E+000  0.33941423E+000  0.44846010E+000  0.60110248E+000  0.78141513E+000  0.87181152E+000  0.11745840E+001  0.17290863E+001  0.23592916E+001  0.35281827E+001  0.54007913E+001
  0.31118285E+000  0.33933186E+000  0.44935325E+000  0.60020666E+000  0.78116385E+000  0.87123192E+000  0.11743532E+001  0.17290276E+001  0.23591060E+001  0.35277925E+001  0.54007667E+001
  0.31083640E+000  0.33930454E+000  0.44932187E+000  0.59937301E+000  0.78094978E+000  0.87075613E+000  0.11741546E+001  0.17286552E+001  0.23589909E+001  0.35276109E+001  0.54007465E+001
  0.31055493E+000  0.33928191E+000  0.44925583E+000  0.59890443E+000  0.78085761E+000  0.87036573E+000  0.11739894E+001  0.17285283E+001  0.23589133E+001  0.35277986E+001  0.54009352E+001
  0.31032440E+000  0.33926303E+000  0.44921289E+000  0.59842633E+000  0.78069367E+000  0.87004248E+000  0.11738517E+001  0.17283984E+001  0.23587976E+001  0.35278176E+001  0.54007492E+001
  0.31013442E+000  0.33924717E+000  0.44917873E+000  0.59803231E+000  0.78082720E+000  0.86977570E+000  0.11737366E+001  0.17282285E+001  0.23586685E+001  0.35281973E+001  0.54007041E+001
  0.30997753E+000  0.33923372E+000  0.44915103E+000  0.59770600E+000  0.78061373E+000  0.86955373E+000  0.11736400E+001  0.17281284E+001  0.23586584E+001  0.35281523E+001  0.54006944E+001
  0.30956655E+000  0.33922220E+000  0.44912817E+000  0.59743699E+000  0.78058298E+000  0.86937133E+000  0.11735607E+001  0.17280445E+001  0.23585171E+001  0.35281161E+001  0.54006863E+001
  0.30973914E+000  0.33921223E+000  0.44910895E+000  0.59721249E+000  0.78052064E+000  0.86921777E+000  0.11734905E+001  0.17279521E+001  0.23584769E+001  0.35280861E+001  0.54006795E+001
  0.30964897E+000  0.33920353E+000  0.44913940E+000  0.59702547E+000  0.78021727E+000  0.86909018E+000  0.11734328E+001  0.17278405E+001  0.23584499E+001  0.35280604E+001  0.54006738E+001
  0.30957369E+000  0.33919584E+000  0.44905403E+000  0.59686932E+000  0.78015958E+000  0.86898263E+000  0.11733840E+001  0.17278220E+001  0.23584269E+001  0.35280376E+001  0.54006690E+001
  0.30951082E+000  0.33918899E+000  0.44903562E+000  0.59673892E+000  0.78010526E+000  0.86889275E+000  0.11733426E+001  0.17276789E+001  0.23584073E+001  0.35280171E+001  0.54006650E+001
  0.30945824E+000  0.33918281E+000  0.44902335E+000  0.59662988E+000  0.78004814E+000  0.86881826E+000  0.11733076E+001  0.17276621E+001  0.23583905E+001  0.35279982E+001  0.54006615E+001
  0.30941422E+000  0.33917721E+000  0.44901225E+000  0.59653856E+000  0.78003262E+000  0.86875452E+000  0.11732778E+001  0.17276481E+001  0.23583763E+001  0.35279806E+001  0.54006587E+001
  0.30926521E+000  0.33917208E+000  0.44900207E+000  0.59646201E+000  0.77990804E+000  0.86869864E+000  0.11732525E+001  0.17276365E+001  0.23583642E+001  0.35279639E+001  0.54006562E+001
  0.30924508E+000  0.33916735E+000  0.44899264E+000  0.59639785E+000  0.77988464E+000  0.86865712E+000  0.11732309E+001  0.17276267E+001  0.23583538E+001  0.35279481E+001  0.54006542E+001
  0.30922816E+000  0.33916328E+000  0.44898381E+000  0.59634403E+000  0.77985994E+000  0.86861544E+000  0.11732125E+001  0.17276186E+001  0.23583450E+001  0.35279329E+001  0.54006524E+001
  0.30921399E+000  0.33915966E+000  0.44897547E+000  0.59622880E+000  0.77984505E+000  0.86858687E+000  0.11731967E+001  0.17276088E+001  0.23583375E+001  0.35279184E+001  0.54006510E+001
  0.30928063E+000  0.33915627E+000  0.44896753E+000  0.59626147E+000  0.77983404E+000  0.86855551E+000  0.11731899E+001  0.17274344E+001  0.23582364E+001  0.35279043E+001  0.54006497E+001
  0.30926550E+000  0.33915308E+000  0.44895990E+000  0.59623011E+000  0.77980366E+000  0.86853578E+000  0.11731715E+001  0.17274196E+001  0.23583162E+001  0.35278907E+001  0.54006487E+001
  0.30925291E+000  0.33915007E+000  0.44895254E+000  0.59620399E+000  0.77977920E+000  0.86851972E+000  0.11731609E+001  0.17274073E+001  0.23582950E+001  0.35278776E+001  0.54006478E+001
  0.30924245E+000  0.33914722E+000  0.44894539E+000  0.59618228E+000  0.77976213E+000  0.86850670E+000  0.11731558E+001  0.17273971E+001  0.23582771E+001  0.35278648E+001  0.54006470E+001
  0.30923378E+000  0.33914450E+000  0.44893841E+000  0.59616430E+000  0.77974583E+000  0.86848136E+000  0.11731355E+001  0.17273886E+001  0.23582620E+001  0.35278523E+001  0.54006464E+001
  0.30922661E+000  0.33914191E+000  0.44893158E+000  0.59606800E+000  0.77973237E+000  0.86847178E+000  0.11731274E+001  0.17273816E+001  0.23582492E+001  0.35278401E+001  0.54006458E+001
  0.30922068E+000  0.33913943E+000  0.44847156E+000  0.59613714E+000  0.77972170E+000  0.86846389E+000  0.11731227E+001  0.17273757E+001  0.23582383E+001  0.35278283E+001  0.54006453E+001
  0.30921579E+000  0.33913705E+000  0.44846394E+000  0.59612700E+000  0.77971244E+000  0.86845737E+000  0.11731186E+001  0.17273707E+001  0.23582290E+001  0.35278166E+001  0.54006449E+001
  0.30921175E+000  0.33913476E+000  0.44845763E+000  0.59611861E+000  0.77970500E+000  0.86845199E+000  0.11731152E+001  0.17273666E+001  0.23582210E+001  0.35278053E+001  0.54006446E+001
  0.30920843E+000  0.33913257E+000  0.44845246E+000  0.59611173E+000  0.77969826E+000  0.86844749E+000  0.11731121E+001  0.17273630E+001  0.23582141E+001  0.35277941E+001  0.54006442E+001
  0.30920565E+000  0.33913045E+000  0.44844813E+000  0.59610597E+000  0.77969214E+000  0.86844374E+000  0.11731095E+001  0.17273600E+001  0.23582080E+001  0.35277832E+001  0.54006440E+001
  0.30920335E+000  0.33912841E+000  0.44844454E+000  0.59610119E+000  0.77968656E+000  0.86844059E+000  0.11731072E+001  0.17273574E+001  0.23582027E+001  0.35277724E+001  0.54006437E+001
  0.30920144E+000  0.33912645E+000  0.44842691E+000  0.59609722E+000  0.77968145E+000  0.86843793E+000  0.11731051E+001  0.17273552E+001  0.23581980E+001  0.35277618E+001  0.54006435E+001
  0.30919984E+000  0.33912456E+000  0.44819173E+000  0.59609391E+000  0.77967675E+000  0.86843566E+000  0.11731033E+001  0.17273532E+001  0.23581938E+001  0.35277514E+001  0.54006433E+001
  0.30919850E+000  0.33912273E+000  0.44813058E+000  0.59609112E+000  0.77967241E+000  0.86843372E+000  0.11731017E+001  0.17273514E+001  0.23581900E+001  0.35277411E+001  0.54006431E+001
  0.30919736E+000  0.33912097E+000  0.44813005E+000  0.59608877E+000  0.77966839E+000  0.86843203E+000  0.11731001E+001  0.17273499E+001  0.23581877E+001  0.35277213E+001  0.54006429E+001
  0.30919640E+000  0.33911928E+000  0.44812955E+000  0.59608676E+000  0.77966465E+000  0.86843055E+000  0.11730936E+001  0.17273485E+001  0.23581859E+001  0.35276691E+001  0.54006428E+001
  0.30919556E+000  0.33910957E+000  0.44812907E+000  0.59608503E+000  0.77965997E+000  0.86842924E+000  0.11730901E+001  0.17273472E+001  0.23581840E+001  0.35276176E+001  0.54006426E+001
  0.30919483E+000  0.33910230E+000  0.44812862E+000  0.59608352E+000  0.77965548E+000  0.86842807E+000  0.11730869E+001  0.17273460E+001  0.23581657E+001  0.35275668E+001  0.54006425E+001
  0.30919419E+000  0.33909528E+000  0.44812818E+000  0.59608220E+000  0.77965125E+000  0.86842701E+000  0.11730839E+001  0.17273448E+001  0.23581641E+001  0.35275166E+001  0.54006423E+001
  0.30919363E+000  0.33908849E+000  0.44812776E+000  0.59608102E+000  0.77964726E+000  0.86842605E+000  0.11730813E+001  0.17273438E+001  0.23581625E+001  0.35274670E+001  0.54006422E+001
  0.30919311E+000  0.33908194E+000  0.44812736E+000  0.59607996E+000  0.77964349E+000  0.86842517E+000  0.11730788E+001  0.17273428E+001  0.23581609E+001  0.35274179E+001  0.54006421E+001
  0.30919265E+000  0.33907561E+000  0.44812697E+000  0.59607900E+000  0.77963992E+000  0.86842436E+000  0.11730765E+001  0.17273418E+001  0.23581594E+001  0.35273691E+001  0.54006420E+001
  0.30919223E+000  0.33906949E+000  0.44812659E+000  0.59607813E+000  0.77963654E+000  0.86842361E+000  0.11730744E+001  0.17273409E+001  0.23581579E+001  0.35273208E+001  0.54006418E+001
  0.30919184E+000  0.33906358E+000  0.44812622E+000  0.59607732E+000  0.77963332E+000  0.86842290E+000  0.11730725E+001  0.17273400E+001  0.23581564E+001  0.35259202E+001  0.54006417E+001
  0.30913926E+000  0.33905788E+000  0.44812585E+000  0.59607657E+000  0.77963026E+000  0.86842224E+000  0.11730707E+001  0.17273391E+001  0.23581549E+001  0.35257987E+001  0.54006416E+001
  0.30913882E+000  0.33905237E+000  0.44812549E+000  0.59607588E+000  0.77962734E+000  0.86842161E+000  0.11730690E+001  0.17273382E+001  0.23581534E+001  0.35256776E+001  0.54006415E+001
  0.30913840E+000  0.33904705E+000  0.44812514E+000  0.59607522E+000  0.77962455E+000  0.86842102E+000  0.11730673E+001  0.17273374E+001  0.23581519E+001  0.35255568E+001  0.54006414E+001
  0.30913798E+000  0.33904191E+000  0.44812479E+000  0.59607459E+000  0.77962188E+000  0.86842044E+000  0.11730658E+001  0.17273365E+001  0.23581505E+001  0.35254362E+001  0.54006413E+001
  0.30913758E+000  0.33903696E+000  0.44812444E+000  0.59607399E+000  0.77961932E+000  0.86841989E+000  0.11730645E+001  0.17273357E+001  0.23581490E+001  0.35248282E+001  0.54006412E+001
  0.30913719E+000  0.33903219E+000  0.44812409E+000  0.59607341E+000  0.77961687E+000  0.86841935E+000  0.11730635E+001  0.17273349E+001  0.23581476E+001  0.35247684E+001  0.54006411E+001
  0.30913680E+000  0.33902759E+000  0.44812374E+000  0.59607284E+000  0.77961450E+000  0.86841883E+000  0.11730626E+001  0.17273340E+001  0.23581461E+001  0.35247085E+001  0.54006410E+001
  0.30913642E+000  0.33902317E+000  0.44812340E+000  0.59607228E+000  0.77961223E+000  0.86841832E+000  0.11730618E+001  0.17273332E+001  0.23581447E+001  0.35246488E+001  0.54006409E+001
  0.30918915E+000  0.33901892E+000  0.44812305E+000  0.59607173E+000  0.77961004E+000  0.86841781E+000  0.11730464E+001  0.17273324E+001  0.23581432E+001  0.35245896E+001  0.54006408E+001
  0.30918888E+000  0.33901485E+000  0.44812270E+000  0.59607117E+000  0.77960792E+000  0.86841731E+000  0.11730416E+001  0.17273315E+001  0.23581418E+001  0.35245310E+001  0.54006407E+001
  0.30918861E+000  0.33901095E+000  0.44812235E+000  0.59607061E+000  0.77960587E+000  0.86841681E+000  0.11730405E+001  0.17273307E+001  0.23581403E+001  0.35244737E+001  0.54006406E+001
  0.30918833E+000  0.33900722E+000  0.44812200E+000  0.59607004E+000  0.77960389E+000  0.86841631E+000  0.11730394E+001  0.17273299E+001  0.23581389E+001  0.35244179E+001  0.54006406E+001
  0.30918805E+000  0.33900366E+000  0.44812164E+000  0.59606946E+000  0.77960197E+000  0.86841581E+000  0.11730383E+001  0.17273291E+001  0.23581375E+001  0.35243716E+001  0.54006405E+001
  0.30918777E+000  0.33900026E+000  0.44812129E+000  0.59606887E+000  0.77960011E+000  0.86841531E+000  0.11730373E+001  0.17273282E+001  0.23581360E+001  0.35243679E+001  0.54006404E+001
  0.30918748E+000  0.33899704E+000  0.44812094E+000  0.59606827E+000  0.77959830E+000  0.86841482E+000  0.11730363E+001  0.17273274E+001  0.23581346E+001  0.35243642E+001  0.54006403E+001
  0.30918718E+000  0.33899398E+000  0.44812058E+000  0.59606765E+000  0.77959655E+000  0.86841432E+000  0.11730353E+001  0.17273266E+001  0.23581332E+001  0.35243606E+001  0.54006403E+001
  0.30918687E+000  0.33899108E+000  0.44812023E+000  0.59606701E+000  0.77959486E+000  0.86841382E+000  0.11730343E+001  0.17273258E+001  0.23581319E+001  0.35243572E+001  0.54006402E+001
  0.30918656E+000  0.33898834E+000  0.44811989E+000  0.59606637E+000  0.77959322E+000  0.86841332E+000  0.11730334E+001  0.17273250E+001  0.23581305E+001  0.35243538E+001  0.54006402E+001
  0.30918625E+000  0.33898576E+000  0.44811954E+000  0.59606572E+000  0.77959163E+000  0.86841283E+000  0.11730320E+001  0.17273242E+001  0.23581292E+001  0.35243506E+001  0.54006401E+001
  0.30918593E+000  0.33898333E+000  0.44811921E+000  0.59606506E+000  0.77959010E+000  0.86841234E+000  0.11730310E+001  0.17273235E+001  0.23581279E+001  0.35243476E+001  0.54006401E+001
  0.30918561E+000  0.33898104E+000  0.44811888E+000  0.59606439E+000  0.77958863E+000  0.86841186E+000  0.11730302E+001  0.17273228E+001  0.23581267E+001  0.35243447E+001  0.54006400E+001
  0.30918529E+000  0.33897890E+000  0.44811856E+000  0.59606373E+000  0.77958721E+000  0.86841139E+000  0.11730293E+001  0.17273220E+001  0.23581255E+001  0.35243420E+001  0.54006400E+001
  0.30918497E+000  0.33897690E+000  0.44811824E+000  0.59606307E+000  0.77958638E+000  0.86841092E+000  0.11730245E+001  0.17273214E+001  0.23581244E+001  0.35243395E+001  0.54006400E+001
  0.30918466E+000  0.33897503E+000  0.44811794E+000  0.59606241E+000  0.77958564E+000  0.86841048E+000  0.11730235E+001  0.17273207E+001  0.23581233E+001  0.35243372E+001  0.54006399E+001
  0.30918435E+000  0.33897330E+000  0.44811766E+000  0.59606177E+000  0.77958492E+000  0.86841005E+000  0.11730226E+001  0.17273201E+001  0.23581222E+001  0.35243350E+001  0.54006399E+001
  0.30918405E+000  0.33897168E+000  0.44811738E+000  0.59606115E+000  0.77958312E+000  0.86840963E+000  0.11730218E+001  0.17273195E+001  0.23581212E+001  0.35243330E+001  0.54006399E+001
  0.30918376E+000  0.33897018E+000  0.44811712E+000  0.59606055E+000  0.77958221E+000  0.86840923E+000  0.11730210E+001  0.17273188E+001  0.23581203E+001  0.35243311E+001  0.54006399E+001
  0.30918347E+000  0.33896963E+000  0.44811687E+000  0.59605996E+000  0.77958135E+000  0.86840886E+000  0.11730202E+001  0.17273084E+001  0.23581194E+001  0.35243294E+001  0.54006399E+001
  0.30918321E+000  0.33896942E+000  0.44811663E+000  0.59605941E+000  0.77958054E+000  0.86840850E+000  0.11730195E+001  0.17272986E+001  0.23581185E+001  0.35243279E+001  0.54006400E+001
  0.30918295E+000  0.33896922E+000  0.44811641E+000  0.59605888E+000  0.77957979E+000  0.86840816E+000  0.11730189E+001  0.17272895E+001  0.23581178E+001  0.35243265E+001  0.54006400E+001
  0.30918271E+000  0.33896903E+000  0.44811620E+000  0.59605837E+000  0.77957908E+000  0.86840784E+000  0.11730182E+001  0.17272810E+001  0.23581170E+001  0.35243252E+001  0.54006400E+001
  0.30918248E+000  0.33896885E+000  0.44811601E+000  0.59605790E+000  0.77957843E+000  0.86840754E+000  0.11730177E+001  0.17272732E+001  0.23581163E+001  0.35243241E+001  0.54006401E+001
  0.30918227E+000  0.33896869E+000  0.44811582E+000  0.59605746E+000  0.77957782E+000  0.86840727E+000  0.11730172E+001  0.17272660E+001  0.23581157E+001  0.35243231E+001  0.54006401E+001
  0.30918207E+000  0.33896854E+000  0.44811565E+000  0.59605704E+000  0.77957726E+000  0.86837062E+000  0.11730167E+001  0.17272594E+001  0.23581151E+001  0.35243223E+001  0.54006402E+001
  0.30918188E+000  0.33896839E+000  0.44811549E+000  0.59605666E+000  0.77957675E+000  0.86837019E+000  0.11730162E+001  0.17266999E+001  0.23581145E+001  0.35243215E+001  0.54006402E+001
  0.30918171E+000  0.33896826E+000  0.44811534E+000  0.59605630E+000  0.77957627E+000  0.86836980E+000  0.11730158E+001  0.17264941E+001  0.23581140E+001  0.35243209E+001  0.54006403E+001
  0.30918155E+000  0.33896814E+000  0.44811521E+000  0.59605596E+000  0.77957583E+000  0.86836943E+000  0.11730154E+001  0.17264354E+001  0.23581135E+001  0.35243203E+001  0.54006404E+001
  0.30918140E+000  0.33896803E+000  0.44811508E+000  0.59605565E+000  0.77957543E+000  0.86836909E+000  0.11730151E+001  0.17264256E+001  0.23581131E+001  0.35243199E+001  0.54006404E+001
  0.30918126E+000  0.33896793E+000  0.44811496E+000  0.59605536E+000  0.77957506E+000  0.86836878E+000  0.11730147E+001  0.17264171E+001  0.23581127E+001  0.35243195E+001  0.54006405E+001
  0.30918113E+000  0.33896783E+000  0.44811485E+000  0.59605510E+000  0.77957472E+000  0.86836849E+000  0.11730144E+001  0.17264098E+001  0.23581123E+001  0.35243192E+001  0.54006406E+001
  0.30918101E+000  0.33896774E+000  0.44811474E+000  0.59605485E+000  0.77957441E+000  0.86836822E+000  0.11730142E+001  0.17264037E+001  0.23581119E+001  0.35243190E+001  0.54006407E+001
  0.30918090E+000  0.33896766E+000  0.44811465E+000  0.59605463E+000  0.77957412E+000  0.86836798E+000  0.11730139E+001  0.17263986E+001  0.23581116E+001  0.35243189E+001  0.54006408E+001
  0.30918080E+000  0.33896758E+000  0.44811456E+000  0.59605442E+000  0.77957386E+000  0.86836775E+000  0.11730137E+001  0.17263944E+001  0.23581113E+001  0.35243188E+001  0.54006410E+001
  0.30918071E+000  0.33896751E+000  0.44811448E+000  0.59605422E+000  0.77957363E+000  0.86836755E+000  0.11730135E+001  0.17263912E+001  0.23581111E+001  0.35243188E+001  0.54006411E+001
  0.30918062E+000  0.33896745E+000  0.44811441E+000  0.59605404E+000  0.77957341E+000  0.86836736E+000  0.11730133E+001  0.17263887E+001  0.23581108E+001  0.35243189E+001  0.54006412E+001
  0.30918054E+000  0.33896739E+000  0.44811434E+000  0.59605388E+000  0.77957322E+000  0.86836719E+000  0.11730131E+001  0.17263869E+001  0.23581106E+001  0.35243190E+001  0.54006413E+001
  0.30918047E+000  0.33896734E+000  0.44811428E+000  0.59605373E+000  0.77957304E+000  0.86836703E+000  0.11730130E+001  0.17263857E+001  0.23581104E+001  0.35243192E+001  0.54006415E+001
  0.30918040E+000  0.33896729E+000  0.44811422E+000  0.59605359E+000  0.77957288E+000  0.86836689E+000  0.11730128E+001  0.17263851E+001  0.23581102E+001  0.35243194E+001  0.54006416E+001
  0.30918034E+000  0.33896725E+000  0.44811417E+000  0.59605346E+000  0.77957273E+000  0.86836676E+000  0.11730127E+001  0.17263850E+001  0.23581100E+001  0.35243197E+001  0.54006418E+001
  0.30918028E+000  0.33896721E+000  0.44811413E+000  0.59605335E+000  0.77957260E+000  0.86836665E+000  0.11730126E+001  0.17263852E+001  0.23581099E+001  0.35243201E+001  0.54006419E+001
  0.30918023E+000  0.33896717E+000  0.44811408E+000  0.59605324E+000  0.77957249E+000  0.86836655E+000  0.11730125E+001  0.17263858E+001  0.23581098E+001  0.35243204E+001  0.54006421E+001
  0.30918019E+000  0.33896714E+000  0.44811405E+000  0.59605315E+000  0.77957238E+000  0.86836645E+000  0.11730124E+001  0.17263867E+001  0.23581097E+001  0.35243209E+001  0.54006422E+001
  0.30918015E+000  0.33896711E+000  0.44811402E+000  0.59605306E+000  0.77957229E+000  0.86836637E+000  0.11730123E+001  0.17263878E+001  0.23581096E+001  0.35243381E+001  0.54006424E+001
  0.30918011E+000  0.33896709E+000  0.44811399E+000  0.59605298E+000  0.77957221E+000  0.86836630E+000  0.11730122E+001  0.17263891E+001  0.23581095E+001  0.35243616E+001  0.54006426E+001
  0.30918008E+000  0.33896707E+000  0.44811396E+000  0.59605291E+000  0.77957214E+000  0.86836624E+000  0.11730122E+001  0.17263905E+001  0.23581094E+001  0.35243853E+001  0.54006428E+001
  0.30918005E+000  0.33896705E+000  0.44811394E+000  0.59605285E+000  0.77957208E+000  0.86836619E+000  0.11730121E+001  0.17263921E+001  0.23581094E+001  0.35244093E+001  0.54006429E+001
  0.30918002E+000  0.33896703E+000  0.44811393E+000  0.59605280E+000  0.77957203E+000  0.86836615E+000  0.11730121E+001  0.17263937E+001  0.23581093E+001  0.35244334E+001  0.54006431E+001
  0.30918000E+000  0.33896702E+000  0.44811391E+000  0.59605275E+000  0.77957198E+000  0.86836612E+000  0.11730120E+001  0.17263953E+001  0.23581093E+001  0.35244578E+001  0.54006433E+001
  0.30917998E+000  0.33896701E+000  0.44811391E+000  0.59605272E+000  0.77957195E+000  0.86836609E+000  0.11730120E+001  0.17263970E+001  0.23581093E+001  0.35244823E+001  0.54006435E+001
  0.30917996E+000  0.33896701E+000  0.44811390E+000  0.59605268E+000  0.77957192E+000  0.86836607E+000  0.11730120E+001  0.17263987E+001  0.23581115E+001  0.35245068E+001  0.54006437E+001
  0.30917995E+000  0.33896700E+000  0.44811389E+000  0.59605266E+000  0.77957190E+000  0.86836606E+000  0.11730120E+001  0.17264004E+001  0.23581115E+001  0.35245315E+001  0.54006439E+001
  0.30917994E+000  0.33896700E+000  0.44811389E+000  0.59605264E+000  0.77957189E+000  0.86836605E+000  0.11730120E+001  0.17264020E+001  0.23581115E+001  0.35245561E+001  0.54006441E+001
  0.30917994E+000  0.33896700E+000  0.44811389E+000  0.59605262E+000  0.77957188E+000  0.86836605E+000  0.11730120E+001  0.17264036E+001  0.23581115E+001  0.35245808E+001  0.54006443E+001
  0.30917993E+000  0.33896700E+000  0.44811390E+000  0.59605261E+000  0.77957188E+000  0.86836606E+000  0.11730120E+001  0.17264052E+001  0.23581115E+001  0.35246055E+001  0.54006445E+001
  0.30917993E+000  0.33896700E+000  0.44811390E+000  0.59605261E+000  0.77957188E+000  0.86836607E+000  0.11730120E+001  0.17264067E+001  0.23581115E+001  0.35246300E+001  0.54006447E+001
  0.30917993E+000  0.33896701E+000  0.44811391E+000  0.59605261E+000  0.77957189E+000  0.86836608E+000  0.11730120E+001  0.17264081E+001  0.23581116E+001  0.35246545E+001  0.54006449E+001
  0.30917993E+000  0.33896701E+000  0.44811391E+000  0.59605261E+000  0.77957190E+000  0.86836610E+000  0.11730120E+001  0.17264095E+001  0.23581116E+001  0.35246789E+001  0.54006452E+001
  0.30917993E+000  0.33896702E+000  0.44811392E+000  0.59605262E+000  0.77957192E+000  0.86836612E+000  0.11730121E+001  0.17264108E+001  0.23581116E+001  0.35247031E+001  0.54006454E+001
  0.30917994E+000  0.33896702E+000  0.44811393E+000  0.59605262E+000  0.77957193E+000  0.86836614E+000  0.11730121E+001  0.17264121E+001  0.23581117E+001  0.35247271E+001  0.54006456E+001
  0.30917994E+000  0.33896703E+000  0.44811394E+000  0.59605264E+000  0.77957195E+000  0.86836616E+000  0.11730121E+001  0.17264133E+001  0.23581117E+001  0.35247509E+001  0.54006458E+001
  0.30917995E+000  0.33896704E+000  0.44811395E+000  0.59605265E+000  0.77957197E+000  0.86836618E+000  0.11730121E+001  0.17264144E+001  0.23581118E+001  0.35247744E+001  0.54006460E+001
  0.30917996E+000  0.33896704E+000  0.44811396E+000  0.59605266E+000  0.77957200E+000  0.86836621E+000  0.11730122E+001  0.17264155E+001  0.23581118E+001  0.35247977E+001  0.54006462E+001
  0.30917996E+000  0.33896705E+000  0.44811397E+000  0.59605268E+000  0.77957202E+000  0.86836624E+000  0.11730122E+001  0.17264165E+001  0.23581119E+001  0.35253020E+001  0.54006464E+001
  0.30917997E+000  0.33896706E+000  0.44811398E+000  0.59605270E+000  0.77957204E+000  0.86836626E+000  0.11730122E+001  0.17264174E+001  0.23581119E+001  0.35253423E+001  0.54006467E+001
  0.30917998E+000  0.33896707E+000  0.44811399E+000  0.59605271E+000  0.77957207E+000  0.86836629E+000  0.11730122E+001  0.17264182E+001  0.23581120E+001  0.35253819E+001  0.54006469E+001
  0.30917999E+000  0.33896707E+000  0.44811400E+000  0.59605273E+000  0.77957209E+000  0.86836631E+000  0.11730122E+001  0.17264190E+001  0.23581120E+001  0.35254209E+001  0.54006471E+001
  0.30918000E+000  0.33896708E+000  0.44811401E+000  0.59605275E+000  0.77957212E+000  0.86836634E+000  0.11730123E+001  0.17264198E+001  0.23581120E+001  0.35254591E+001  0.54006473E+001
  0.30918000E+000  0.33896709E+000  0.44811402E+000  0.59605277E+000  0.77957214E+000  0.86836636E+000  0.11730123E+001  0.17264205E+001  0.23581121E+001  0.35254966E+001  0.54006475E+001
  0.30918001E+000  0.33896709E+000  0.44811403E+000  0.59605278E+000  0.77957216E+000  0.86836638E+000  0.11730123E+001  0.17264211E+001  0.23581121E+001  0.35255334E+001  0.54006477E+001
  0.30918002E+000  0.33896710E+000  0.44811403E+000  0.59605280E+000  0.77957218E+000  0.86836640E+000  0.11730123E+001  0.17264217E+001  0.23581121E+001  0.35255693E+001  0.54006479E+001
  0.30918003E+000  0.33896710E+000  0.44811404E+000  0.59605281E+000  0.77957220E+000  0.86836642E+000  0.11730123E+001  0.17264222E+001  0.23581121E+001  0.35256044E+001  0.54006482E+001
  0.30918003E+000  0.33896711E+000  0.44811404E+000  0.59605283E+000  0.77957222E+000  0.86836644E+000  0.11730123E+001  0.17264226E+001  0.23581122E+001  0.35256386E+001  0.54006484E+001
  0.30918004E+000  0.33896711E+000  0.44811405E+000  0.59605284E+000  0.77957223E+000  0.86836645E+000  0.11730124E+001  0.17264231E+001  0.23581122E+001  0.35256719E+001  0.54006486E+001
  0.30918004E+000  0.33896711E+000  0.44811405E+000  0.59605285E+000  0.77957225E+000  0.86836646E+000  0.11730124E+001  0.17264234E+001  0.23581122E+001  0.35257043E+001  0.54006488E+001
  0.30918005E+000  0.33896711E+000  0.44811405E+000  0.59605286E+000  0.77957226E+000  0.86836647E+000  0.11730124E+001  0.17264238E+001  0.23581122E+001  0.35257357E+001  0.54006490E+001
  0.30918005E+000  0.33896711E+000  0.44811405E+000  0.59605287E+000  0.77957227E+000  0.86836648E+000  0.11730124E+001  0.17264241E+001  0.23581122E+001  0.35257662E+001  0.54006492E+001
  0.30918006E+000  0.33896711E+000  0.44811405E+000  0.59605287E+000  0.77957227E+000  0.86836648E+000  0.11730124E+001  0.17264243E+001  0.23581122E+001  0.35257958E+001  0.54006494E+001
  0.30918006E+000  0.33896711E+000  0.44811405E+000  0.59605287E+000  0.77957228E+000  0.86836648E+000  0.11730124E+001  0.17264246E+001  0.23581122E+001  0.35258243E+001  0.54006495E+001
  0.30918006E+000  0.33896711E+000  0.44811405E+000  0.59605288E+000  0.77957228E+000  0.86836648E+000  0.11730124E+001  0.17264248E+001  0.23581122E+001  0.35258519E+001  0.54006497E+001
  0.30918006E+000  0.33896711E+000  0.44811405E+000  0.59605288E+000  0.77957228E+000  0.86836648E+000  0.11730124E+001  0.17264249E+001  0.23581121E+001  0.35258784E+001  0.54006499E+001
  0.30918006E+000  0.33896711E+000  0.44811404E+000  0.59605288E+000  0.77957228E+000  0.86836648E+000  0.11730124E+001  0.17264251E+001  0.23581121E+001  0.35259040E+001  0.54006501E+001
  0.30918006E+000  0.33896710E+000  0.44811404E+000  0.59605287E+000  0.77957228E+000  0.86836647E+000  0.11730123E+001  0.17264252E+001  0.23581121E+001  0.35259286E+001  0.54006503E+001
  0.30918005E+000  0.33896710E+000  0.44811403E+000  0.59605287E+000  0.77957227E+000  0.86836646E+000  0.11730123E+001  0.17264253E+001  0.23581120E+001  0.35272891E+001  0.54006504E+001
  0.30918005E+000  0.33896709E+000  0.44811403E+000  0.59605286E+000  0.77957226E+000  0.86836645E+000  0.11730123E+001  0.17264254E+001  0.23581100E+001  0.35272979E+001  0.54006506E+001
  0.30918005E+000  0.33896709E+000  0.44811402E+000  0.59605286E+000  0.77957225E+000  0.86836644E+000  0.11730123E+001  0.17264255E+001  0.23581099E+001  0.35273063E+001  0.54006508E+001
  0.30918004E+000  0.33896708E+000  0.44811401E+000  0.59605285E+000  0.77957224E+000  0.86836642E+000  0.11730123E+001  0.17264255E+001  0.23581099E+001  0.35273143E+001  0.54006509E+001
  0.30918004E+000  0.33896708E+000  0.44811401E+000  0.59605284E+000  0.77957223E+000  0.86836641E+000  0.11730123E+001  0.17264256E+001  0.23581099E+001  0.35273220E+001  0.54006511E+001
  0.30918003E+000  0.33896707E+000  0.44811400E+000  0.59605283E+000  0.77957221E+000  0.86836639E+000  0.11730122E+001  0.17264256E+001  0.23581098E+001  0.35273293E+001  0.54006512E+001
  0.30918003E+000  0.33896706E+000  0.44811399E+000  0.59605281E+000  0.77957220E+000  0.86836637E+000  0.11730122E+001  0.17264256E+001  0.23581098E+001  0.35273362E+001  0.54006514E+001
  0.30918002E+000  0.33896706E+000  0.44811398E+000  0.59605280E+000  0.77957218E+000  0.86836636E+000  0.11730122E+001  0.17264257E+001  0.23581098E+001  0.35273428E+001  0.54006515E+001
  0.30918001E+000  0.33896705E+000  0.44811397E+000  0.59605279E+000  0.77957216E+000  0.86836634E+000  0.11730122E+001  0.17264257E+001  0.23581097E+001  0.35273490E+001  0.54006517E+001
  0.30918001E+000  0.33896704E+000  0.44811396E+000  0.59605277E+000  0.77957215E+000  0.86836632E+000  0.11730122E+001  0.17264257E+001  0.23581097E+001  0.35273550E+001  0.54006518E+001
  0.30918000E+000  0.33896703E+000  0.44811395E+000  0.59605276E+000  0.77957213E+000  0.86836630E+000  0.11730122E+001  0.17264257E+001  0.23581097E+001  0.35273606E+001  0.54006520E+001
  0.30917999E+000  0.33896702E+000  0.44811394E+000  0.59605274E+000  0.77957211E+000  0.86836628E+000  0.11730121E+001  0.17264257E+001  0.23581096E+001  0.35273658E+001  0.54006521E+001
  0.30917999E+000  0.33896702E+000  0.44811394E+000  0.59605273E+000  0.77957209E+000  0.86836626E+000  0.11730121E+001  0.17264257E+001  0.23581096E+001  0.35273708E+001  0.54006522E+001
  0.30917998E+000  0.33896701E+000  0.44811393E+000  0.59605271E+000  0.77957207E+000  0.86836624E+000  0.11730121E+001  0.17264257E+001  0.23581096E+001  0.35273755E+001  0.54006523E+001
  0.30917997E+000  0.33896700E+000  0.44811392E+000  0.59605269E+000  0.77957205E+000  0.86836622E+000  0.11730121E+001  0.17264256E+001  0.23581096E+001  0.35273799E+001  0.54006525E+001
  0.30917996E+000  0.33896700E+000  0.44811391E+000  0.59605268E+000  0.77957203E+000  0.86836620E+000  0.11730121E+001  0.17264256E+001  0.23581095E+001  0.35273840E+001  0.54006526E+001
  0.30917996E+000  0.33896699E+000  0.44811390E+000  0.59605266E+000  0.77957201E+000  0.86836618E+000  0.11730121E+001  0.17264256E+001  0.23581095E+001  0.35273879E+001  0.54006527E+001
  0.30917995E+000  0.33896698E+000  0.44811390E+000  0.59605265E+000  0.77957199E+000  0.86836617E+000  0.11730120E+001  0.17264256E+001  0.23581095E+001  0.35273915E+001  0.54006528E+001
  0.30917994E+000  0.33896698E+000  0.44811389E+000  0.59605263E+000  0.77957198E+000  0.86836615E+000  0.11730120E+001  0.17264256E+001  0.23581095E+001  0.35273949E+001  0.54006529E+001
  0.30917993E+000  0.33896697E+000  0.44811388E+000  0.59605262E+000  0.77957196E+000  0.86836614E+000  0.11730120E+001  0.17264256E+001  0.23581095E+001  0.35273980E+001  0.54006531E+001
  0.30917993E+000  0.33896696E+000  0.44811388E+000  0.59605261E+000  0.77957194E+000  0.86836613E+000  0.11730120E+001  0.17264256E+001  0.23581114E+001  0.35274010E+001  0.54006532E+001
  0.30917992E+000  0.33896696E+000  0.44811388E+000  0.59605259E+000  0.77957193E+000  0.86836612E+000  0.11730120E+001  0.17264255E+001  0.23581114E+001  0.35274037E+001  0.54006533E+001
  0.30917992E+000  0.33896696E+000  0.44811387E+000  0.59605258E+000  0.77957191E+000  0.86836611E+000  0.11730120E+001  0.17264255E+001  0.23581115E+001  0.35274062E+001  0.54006534E+001
  0.30917991E+000  0.33896695E+000  0.44811387E+000  0.59605257E+000  0.77957190E+000  0.86836610E+000  0.11730120E+001  0.17264255E+001  0.23581115E+001  0.35274086E+001  0.54006535E+001
  0.30917990E+000  0.33896695E+000  0.44811387E+000  0.59605256E+000  0.77957189E+000  0.86836610E+000  0.11730120E+001  0.17264255E+001  0.23581115E+001  0.35274108E+001  0.54006536E+001
  0.30917990E+000  0.33896694E+000  0.44811387E+000  0.59605255E+000  0.77957188E+000  0.86836609E+000  0.11730121E+001  0.17264254E+001  0.23581116E+001  0.35274128E+001  0.54006538E+001
  0.30917990E+000  0.33896694E+000  0.44811387E+000  0.59605254E+000  0.77957187E+000  0.86836609E+000  0.11730121E+001  0.17264254E+001  0.23581116E+001  0.35274147E+001  0.54006539E+001
  0.30917989E+000  0.33896694E+000  0.44811387E+000  0.59605253E+000  0.77957186E+000  0.86836610E+000  0.11730121E+001  0.17264254E+001  0.23581117E+001  0.35274164E+001  0.54006540E+001
  0.30917989E+000  0.33896694E+000  0.44811387E+000  0.59605253E+000  0.77957185E+000  0.86836610E+000  0.11730121E+001  0.17264253E+001  0.23581118E+001  0.35274180E+001  0.54006541E+001
  0.30917989E+000  0.33896694E+000  0.44811387E+000  0.59605252E+000  0.77957185E+000  0.86836611E+000  0.11730122E+001  0.17264253E+001  0.23581119E+001  0.35274195E+001  0.54006543E+001
  0.30917988E+000  0.33896694E+000  0.44811388E+000  0.59605252E+000  0.77957184E+000  0.86836612E+000  0.11730122E+001  0.17264252E+001  0.23581120E+001  0.35274208E+001  0.54006544E+001
  0.30917988E+000  0.33896694E+000  0.44811388E+000  0.59605251E+000  0.77957184E+000  0.86836614E+000  0.11730122E+001  0.17264252E+001  0.23581122E+001  0.35274220E+001  0.54006546E+001
  0.30917988E+000  0.33896694E+000  0.44811389E+000  0.59605251E+000  0.77957184E+000  0.86836616E+000  0.11730123E+001  0.17264251E+001  0.23581123E+001  0.35274232E+001  0.54006547E+001
  0.30917988E+000  0.33896694E+000  0.44811390E+000  0.59605251E+000  0.77957184E+000  0.86836618E+000  0.11730123E+001  0.17264250E+001  0.23581125E+001  0.35274242E+001  0.54006549E+001
  0.30917988E+000  0.33896694E+000  0.44811390E+000  0.59605251E+000  0.77957184E+000  0.86836621E+000  0.11730124E+001  0.17264250E+001  0.23581127E+001  0.35274252E+001  0.54006551E+001
  0.30917988E+000  0.33896694E+000  0.44811391E+000  0.59605250E+000  0.77957184E+000  0.86836624E+000  0.11730124E+001  0.17264249E+001  0.23581130E+001  0.35274260E+001  0.54006553E+001
  0.30917988E+000  0.33896694E+000  0.44811392E+000  0.59605250E+000  0.77957185E+000  0.86836628E+000  0.11730125E+001  0.17264248E+001  0.23581133E+001  0.35274268E+001  0.54006555E+001
  0.30917988E+000  0.33896695E+000  0.44811393E+000  0.59605251E+000  0.77957185E+000  0.86836633E+000  0.11730126E+001  0.17264247E+001  0.23581136E+001  0.35274275E+001  0.54006557E+001
  0.30917988E+000  0.33896695E+000  0.44811395E+000  0.59605251E+000  0.77957186E+000  0.86836638E+000  0.11730127E+001  0.17264246E+001  0.23581140E+001  0.35274282E+001  0.54006560E+001
  0.30917988E+000  0.33896695E+000  0.44811396E+000  0.59605251E+000  0.77957187E+000  0.86836643E+000  0.11730127E+001  0.17264245E+001  0.23581144E+001  0.35274287E+001  0.54006563E+001
  0.30917988E+000  0.33896695E+000  0.44811397E+000  0.59605251E+000  0.77957187E+000  0.86836650E+000  0.11730128E+001  0.17264244E+001  0.23581149E+001  0.35274293E+001  0.54006566E+001
  0.30917988E+000  0.33896695E+000  0.44811398E+000  0.59605251E+000  0.77957188E+000  0.86836657E+000  0.11730129E+001  0.17264243E+001  0.23581154E+001  0.35274297E+001  0.54006569E+001
  0.30917988E+000  0.33896696E+000  0.44811400E+000  0.59605251E+000  0.77957189E+000  0.86836665E+000  0.11730131E+001  0.17264242E+001  0.23581161E+001  0.35274302E+001  0.54006573E+001
  0.30917988E+000  0.33896696E+000  0.44811401E+000  0.59605251E+000  0.77957190E+000  0.86836675E+000  0.11730132E+001  0.17264241E+001  0.23581168E+001  0.35274305E+001  0.54006576E+001
  0.30917988E+000  0.33896696E+000  0.44811403E+000  0.59605251E+000  0.77957190E+000  0.86836685E+000  0.11730133E+001  0.17264240E+001  0.23581176E+001  0.35274309E+001  0.54006581E+001
  0.30917988E+000  0.33896696E+000  0.44811404E+000  0.59605251E+000  0.77957191E+000  0.86836697E+000  0.11730135E+001  0.17264238E+001  0.23581186E+001  0.35274312E+001  0.54006585E+001
  0.30917988E+000  0.33896696E+000  0.44811406E+000  0.59605251E+000  0.77957192E+000  0.86836711E+000  0.11730137E+001  0.17264237E+001  0.23581196E+001  0.35274315E+001  0.54006591E+001
  0.30917988E+000  0.33896696E+000  0.44811407E+000  0.59605251E+000  0.77957193E+000  0.86836726E+000  0.11730139E+001  0.17264236E+001  0.23581209E+001  0.35274317E+001  0.54006596E+001
  0.30917988E+000  0.33896696E+000  0.44811409E+000  0.59605250E+000  0.77957194E+000  0.86836743E+000  0.11730141E+001  0.17264235E+001  0.23581222E+001  0.35274320E+001  0.54006603E+001
  0.30917987E+000  0.33896696E+000  0.44811411E+000  0.59605249E+000  0.77957194E+000  0.86836763E+000  0.11730144E+001  0.17264234E+001  0.23581238E+001  0.35274322E+001  0.54006610E+001
  0.30917987E+000  0.33896697E+000  0.44811414E+000  0.59605248E+000  0.77957195E+000  0.86836785E+000  0.11730147E+001  0.17264232E+001  0.23581256E+001  0.35274325E+001  0.54006617E+001
  0.30917986E+000  0.33896698E+000  0.44811418E+000  0.59605246E+000  0.77957196E+000  0.86836811E+000  0.11730151E+001  0.17264231E+001  0.23581275E+001  0.35274328E+001  0.54006626E+001
  0.30917985E+000  0.33896700E+000  0.44811424E+000  0.59605244E+000  0.77957197E+000  0.86836840E+000  0.11730156E+001  0.17264229E+001  0.23581298E+001  0.35274332E+001  0.54006636E+001
  0.30917984E+000  0.33896705E+000  0.44811433E+000  0.59605242E+000  0.77957199E+000  0.86836876E+000  0.11730162E+001  0.17264226E+001  0.23581323E+001  0.35274336E+001  0.54006647E+001
  0.30917982E+000  0.33896714E+000  0.44811447E+000  0.59605239E+000  0.77957203E+000  0.86836920E+000  0.11730163E+001  0.17264222E+001  0.23581351E+001  0.35274341E+001  0.54006659E+001
  0.30917981E+000  0.33896728E+000  0.44811470E+000  0.59605236E+000  0.77957212E+000  0.86836976E+000  0.11730171E+001  0.17264216E+001  0.23581384E+001  0.35274346E+001  0.54006673E+001
  0.30917981E+000  0.33896752E+000  0.44811506E+000  0.59605236E+000  0.77957227E+000  0.86837046E+000  0.11729620E+001  0.17264206E+001  0.23581420E+001  0.35274352E+001  0.54006689E+001
  0.30917983E+000  0.33896789E+000  0.44811560E+000  0.59605239E+000  0.77957250E+000  0.86837143E+000  0.11729633E+001  0.17264190E+001  0.23581460E+001  0.35274354E+001  0.54006706E+001
  0.30917984E+000  0.33896843E+000  0.44811651E+000  0.59605243E+000  0.77957269E+000  0.86837245E+000  0.11729655E+001  0.17264165E+001  0.23581506E+001  0.35274353E+001  0.54006724E+001
  0.30917973E+000  0.33896937E+000  0.44811800E+000  0.59605220E+000  0.77957377E+000  0.86837462E+000  0.11729685E+001  0.17263069E+001  0.23581563E+001  0.35274336E+001  0.54006743E+001
  0.30917980E+000  0.33897067E+000  0.44808271E+000  0.59605234E+000  0.77957682E+000  0.86841687E+000  0.11730285E+001  0.17262964E+001  0.23581635E+001  0.35274277E+001  0.54006745E+001
  0.30918086E+000  0.33897249E+000  0.44812164E+000  0.59605455E+000  0.77958444E+000  0.86842302E+000  0.11730336E+001  0.17262803E+001  0.23581694E+001  0.35274170E+001  0.54006748E+001
