  0.16951581E+000  0.21437454E+000  0.40032359E+000  0.59969410E+000  0.93271535E+000  0.10705590E+001  0.15468234E+001  0.27325806E+001  0.47186240E+001  0.68988369E+001  0.97730741E+001
  0.16821705E+000  0.21307922E+000  0.39881838E+000  0.59642474E+000  0.92823046E+000  0.10650276E+001  0.15365648E+001  0.27252231E+001  0.47166013E+001  0.68531156E+001  0.97395530E+001
  0.16742340E+000  0.21229873E+000  0.39769060E+000  0.59378854E+000  0.92535287E+000  0.10597131E+001  0.15296340E+001  0.27224822E+001  0.47152225E+001  0.68185720E+001  0.97136459E+001
  0.16682254E+000  0.21153344E+000  0.39661388E+000  0.59183515E+000  0.92328060E+000  0.10570772E+001  0.15240004E+001  0.27200646E+001  0.47141598E+001  0.67919868E+001  0.96948422E+001
  0.16634260E+000  0.21091970E+000  0.39563632E+000  0.59030740E+000  0.92165575E+000  0.10547772E+001  0.15195858E+001  0.27179719E+001  0.47130211E+001  0.67711568E+001  0.96790473E+001
  0.16596244E+000  0.21048646E+000  0.39477008E+000  0.58919324E+000  0.92034201E+000  0.10529631E+001  0.15160025E+001  0.27164911E+001  0.47123612E+001  0.67544038E+001  0.96665403E+001
  0.16564844E+000  0.21017035E+000  0.39428040E+000  0.58851543E+000  0.91927578E+000  0.10521429E+001  0.15130542E+001  0.27149750E+001  0.47117615E+001  0.67408594E+001  0.96563761E+001
  0.16539788E+000  0.20994957E+000  0.39380095E+000  0.58804908E+000  0.91839414E+000  0.10514841E+001  0.15106140E+001  0.27143623E+001  0.47112841E+001  0.67297408E+001  0.96480495E+001
  0.16518079E+000  0.20976381E+000  0.39334346E+000  0.58767796E+000  0.91767135E+000  0.10508813E+001  0.15089558E+001  0.27135090E+001  0.47107824E+001  0.67205914E+001  0.96411857E+001
  0.16500260E+000  0.20955017E+000  0.39311956E+000  0.58706543E+000  0.91707885E+000  0.10502954E+001  0.15082754E+001  0.27125603E+001  0.47100578E+001  0.67130473E+001  0.96355167E+001
  0.16483869E+000  0.20937233E+000  0.39283083E+000  0.58657003E+000  0.91659203E+000  0.10497457E+001  0.15077515E+001  0.27121173E+001  0.47094300E+001  0.67068067E+001  0.96310441E+001
  0.16470485E+000  0.20921079E+000  0.39258901E+000  0.58613154E+000  0.91617912E+000  0.10492630E+001  0.15067826E+001  0.27117956E+001  0.47091760E+001  0.67016182E+001  0.96269007E+001
  0.16461647E+000  0.20910224E+000  0.39249850E+000  0.58580348E+000  0.91583642E+000  0.10488794E+001  0.15060230E+001  0.27113128E+001  0.47087566E+001  0.66973141E+001  0.96236412E+001
  0.16452301E+000  0.20900264E+000  0.39234035E+000  0.58541119E+000  0.91555382E+000  0.10485560E+001  0.15052925E+001  0.27109112E+001  0.47074149E+001  0.66937280E+001  0.96209197E+001
  0.16444602E+000  0.20892494E+000  0.39219211E+000  0.58532330E+000  0.91531780E+000  0.10482896E+001  0.15047967E+001  0.27105766E+001  0.47063170E+001  0.66907395E+001  0.96186470E+001
  0.16438300E+000  0.20885167E+000  0.39206824E+000  0.58499638E+000  0.91511790E+000  0.10480234E+001  0.15043834E+001  0.27104115E+001  0.47053727E+001  0.66882454E+001  0.96167465E+001
  0.16433203E+000  0.20879706E+000  0.39195995E+000  0.58494948E+000  0.91494200E+000  0.10478845E+001  0.15040322E+001  0.27102750E+001  0.47045598E+001  0.66861607E+001  0.96151551E+001
  0.16428995E+000  0.20875094E+000  0.39187497E+000  0.58474170E+000  0.91480957E+000  0.10477361E+001  0.15037333E+001  0.27101604E+001  0.47038901E+001  0.66844160E+001  0.96138210E+001
  0.16425430E+000  0.20874509E+000  0.39180108E+000  0.58465541E+000  0.91469044E+000  0.10475415E+001  0.15034768E+001  0.27100641E+001  0.47033378E+001  0.66829562E+001  0.96127029E+001
  0.16422392E+000  0.20873914E+000  0.39174136E+000  0.58453927E+000  0.91459054E+000  0.10473847E+001  0.15032799E+001  0.27099576E+001  0.47028773E+001  0.66817333E+001  0.96117650E+001
  0.16419764E+000  0.20872725E+000  0.39170972E+000  0.58449423E+000  0.91451362E+000  0.10473946E+001  0.15031384E+001  0.27098528E+001  0.47024885E+001  0.66807136E+001  0.96109814E+001
  0.16417515E+000  0.20871417E+000  0.39164941E+000  0.58440157E+000  0.91443940E+000  0.10472775E+001  0.15030299E+001  0.27097653E+001  0.47021638E+001  0.66798626E+001  0.96103264E+001
  0.16415658E+000  0.20869408E+000  0.39161516E+000  0.58438831E+000  0.91437923E+000  0.10472454E+001  0.15029275E+001  0.27096923E+001  0.47019460E+001  0.66791537E+001  0.96097798E+001
  0.16414124E+000  0.20868551E+000  0.39159084E+000  0.58430071E+000  0.91433083E+000  0.10471932E+001  0.15028423E+001  0.27096690E+001  0.47018372E+001  0.66785648E+001  0.96093246E+001
  0.16413034E+000  0.20868271E+000  0.39157746E+000  0.58428815E+000  0.91429193E+000  0.10471377E+001  0.15027717E+001  0.27095812E+001  0.47017257E+001  0.66780766E+001  0.96089463E+001
  0.16411974E+000  0.20868012E+000  0.39155117E+000  0.58425309E+000  0.91426302E+000  0.10470919E+001  0.15027135E+001  0.27095394E+001  0.47016260E+001  0.66777281E+001  0.96086686E+001
  0.16411107E+000  0.20867745E+000  0.39154390E+000  0.58420085E+000  0.91423923E+000  0.10470541E+001  0.15026657E+001  0.27095049E+001  0.47015881E+001  0.66773408E+001  0.96086257E+001
  0.16410391E+000  0.20867480E+000  0.39152013E+000  0.58419377E+000  0.91421507E+000  0.10470230E+001  0.15026267E+001  0.27095151E+001  0.47015172E+001  0.66770674E+001  0.96085903E+001
  0.16409803E+000  0.20867223E+000  0.39151353E+000  0.58418787E+000  0.91419515E+000  0.10469974E+001  0.15025950E+001  0.27094738E+001  0.47014041E+001  0.66768426E+001  0.96079821E+001
  0.16409321E+000  0.20866977E+000  0.39150719E+000  0.58418295E+000  0.91417870E+000  0.10469764E+001  0.15025694E+001  0.27094397E+001  0.47013229E+001  0.66766578E+001  0.96078356E+001
  0.16409132E+000  0.20866754E+000  0.39150119E+000  0.58406976E+000  0.91416523E+000  0.10470058E+001  0.15025490E+001  0.27094257E+001  0.47012763E+001  0.66765073E+001  0.96077154E+001
  0.16408625E+000  0.20871288E+000  0.39149380E+000  0.58406644E+000  0.91415398E+000  0.10469884E+001  0.15025325E+001  0.27094171E+001  0.47012502E+001  0.66763821E+001  0.96076147E+001
  0.16408369E+000  0.20871244E+000  0.39148916E+000  0.58406373E+000  0.91414467E+000  0.10469741E+001  0.15025196E+001  0.27094101E+001  0.47012198E+001  0.66762793E+001  0.96075311E+001
  0.16408160E+000  0.20871200E+000  0.39149619E+000  0.58406150E+000  0.91413695E+000  0.10469623E+001  0.15025095E+001  0.27094042E+001  0.47011919E+001  0.66761947E+001  0.96074615E+001
  0.16407989E+000  0.20871157E+000  0.39153657E+000  0.58405968E+000  0.91413130E+000  0.10469525E+001  0.15025018E+001  0.27093993E+001  0.47011896E+001  0.66761248E+001  0.96074033E+001
  0.16407849E+000  0.20870405E+000  0.39153741E+000  0.58405819E+000  0.91412686E+000  0.10469443E+001  0.15024960E+001  0.27093952E+001  0.47011421E+001  0.66760670E+001  0.96073543E+001
  0.16407735E+000  0.20870378E+000  0.39153801E+000  0.58405696E+000  0.91412310E+000  0.10469375E+001  0.15024919E+001  0.27093918E+001  0.47011205E+001  0.66760189E+001  0.96073128E+001
  0.16407641E+000  0.20870353E+000  0.39153843E+000  0.58405595E+000  0.91411990E+000  0.10469318E+001  0.15024891E+001  0.27093888E+001  0.47011006E+001  0.66759786E+001  0.96072773E+001
  0.16407562E+000  0.20870328E+000  0.39153871E+000  0.58405511E+000  0.91411713E+000  0.10469268E+001  0.15024873E+001  0.27094211E+001  0.47010819E+001  0.66759444E+001  0.96072466E+001
  0.16407496E+000  0.20870306E+000  0.39153887E+000  0.58405441E+000  0.91411472E+000  0.10469226E+001  0.15024864E+001  0.27094152E+001  0.47010357E+001  0.66759152E+001  0.96072198E+001
  0.16407441E+000  0.20870284E+000  0.39153894E+000  0.58405382E+000  0.91411260E+000  0.10469190E+001  0.15024863E+001  0.27094100E+001  0.47010346E+001  0.66758902E+001  0.96071962E+001
  0.16407394E+000  0.20870264E+000  0.39153894E+000  0.58405331E+000  0.91411072E+000  0.10469157E+001  0.15024867E+001  0.27094055E+001  0.47010261E+001  0.66775344E+001  0.96071751E+001
  0.16407354E+000  0.20870244E+000  0.39153888E+000  0.58405289E+000  0.91410902E+000  0.10469129E+001  0.15024877E+001  0.27094014E+001  0.47010166E+001  0.66775692E+001  0.96071561E+001
  0.16407319E+000  0.20870225E+000  0.39153877E+000  0.58405252E+000  0.91410749E+000  0.10469104E+001  0.15024890E+001  0.27093978E+001  0.47010111E+001  0.66776010E+001  0.96071388E+001
  0.16407292E+000  0.20870207E+000  0.39153861E+000  0.58405220E+000  0.91410609E+000  0.10469081E+001  0.15024907E+001  0.27093945E+001  0.47010091E+001  0.66776302E+001  0.96071230E+001
  0.16407274E+000  0.20870190E+000  0.39153841E+000  0.58405192E+000  0.91410480E+000  0.10469060E+001  0.15024927E+001  0.27093915E+001  0.47010101E+001  0.66776574E+001  0.96071084E+001
  0.16407261E+000  0.20869578E+000  0.39153819E+000  0.58405168E+000  0.91410361E+000  0.10469041E+001  0.15024949E+001  0.27093887E+001  0.47011827E+001  0.66776828E+001  0.96070948E+001
  0.16407250E+000  0.20869571E+000  0.39153793E+000  0.58405146E+000  0.91410249E+000  0.10469024E+001  0.15024972E+001  0.27093861E+001  0.47012023E+001  0.66777068E+001  0.96070821E+001
  0.16407241E+000  0.20869563E+000  0.39153765E+000  0.58405127E+000  0.91410143E+000  0.10469008E+001  0.15024997E+001  0.27093837E+001  0.47012198E+001  0.66777296E+001  0.96070700E+001
  0.16407234E+000  0.20869556E+000  0.39153992E+000  0.58405109E+000  0.91410043E+000  0.10468992E+001  0.15025024E+001  0.27093815E+001  0.47012351E+001  0.66777513E+001  0.96070586E+001
  0.16407228E+000  0.20869549E+000  0.39154405E+000  0.58405092E+000  0.91409946E+000  0.10468978E+001  0.15025050E+001  0.27093793E+001  0.47012352E+001  0.66777720E+001  0.96070476E+001
  0.16407223E+000  0.20869541E+000  0.39154800E+000  0.58405076E+000  0.91409853E+000  0.10468964E+001  0.15025077E+001  0.27093773E+001  0.47012318E+001  0.66777919E+001  0.96070369E+001
  0.16407219E+000  0.20869533E+000  0.39155174E+000  0.58405060E+000  0.91409761E+000  0.10468951E+001  0.15025104E+001  0.27093752E+001  0.47012287E+001  0.66778109E+001  0.96070265E+001
  0.16407215E+000  0.20869525E+000  0.39155529E+000  0.58405044E+000  0.91409671E+000  0.10468938E+001  0.15025130E+001  0.27093733E+001  0.47012259E+001  0.66778291E+001  0.96070163E+001
  0.16407211E+000  0.20869516E+000  0.39155865E+000  0.58405028E+000  0.91409581E+000  0.10468925E+001  0.15025156E+001  0.27093713E+001  0.47012232E+001  0.66778466E+001  0.96070062E+001
  0.16407207E+000  0.20869507E+000  0.39156181E+000  0.58405011E+000  0.91409491E+000  0.10468912E+001  0.15025180E+001  0.27093694E+001  0.47012208E+001  0.66778631E+001  0.96069961E+001
  0.16407202E+000  0.20869497E+000  0.39156477E+000  0.58404993E+000  0.91409401E+000  0.10468900E+001  0.15025203E+001  0.27093674E+001  0.47012185E+001  0.66778789E+001  0.96069861E+001
  0.16407197E+000  0.20869487E+000  0.39156754E+000  0.58404974E+000  0.91409309E+000  0.10468886E+001  0.15025225E+001  0.27093655E+001  0.47012164E+001  0.66778936E+001  0.96069759E+001
  0.16407191E+000  0.20869476E+000  0.39157012E+000  0.58404954E+000  0.91409215E+000  0.10468873E+001  0.15025245E+001  0.27093648E+001  0.47012144E+001  0.66782984E+001  0.96069657E+001
  0.16407183E+000  0.20869464E+000  0.39157251E+000  0.58404931E+000  0.91409120E+000  0.10468859E+001  0.15025263E+001  0.27093640E+001  0.47012125E+001  0.66782928E+001  0.96069554E+001
  0.16407175E+000  0.20869451E+000  0.39157487E+000  0.58404907E+000  0.91409022E+000  0.10468845E+001  0.15025279E+001  0.27093632E+001  0.47012108E+001  0.66782871E+001  0.96069449E+001
  0.16407164E+000  0.20869438E+000  0.39157707E+000  0.58404882E+000  0.91408922E+000  0.10468831E+001  0.15025292E+001  0.27093623E+001  0.47012093E+001  0.66782812E+001  0.96069342E+001
  0.16407153E+000  0.20869424E+000  0.39157907E+000  0.58404854E+000  0.91408819E+000  0.10468816E+001  0.15025304E+001  0.27093615E+001  0.47012079E+001  0.66782751E+001  0.96069235E+001
  0.16407140E+000  0.20869409E+000  0.39158088E+000  0.58404825E+000  0.91408715E+000  0.10468800E+001  0.15025313E+001  0.27093606E+001  0.47012067E+001  0.66782689E+001  0.96069126E+001
  0.16407126E+000  0.20869393E+000  0.39158252E+000  0.58404794E+000  0.91408609E+000  0.10468784E+001  0.15025320E+001  0.27093597E+001  0.47012079E+001  0.66782625E+001  0.96069017E+001
  0.16407111E+000  0.20869377E+000  0.39158399E+000  0.58404762E+000  0.91408502E+000  0.10468768E+001  0.15025325E+001  0.27093588E+001  0.47012102E+001  0.66782560E+001  0.96068909E+001
  0.16407095E+000  0.20869361E+000  0.39158530E+000  0.58404729E+000  0.91408394E+000  0.10468752E+001  0.15025327E+001  0.27093579E+001  0.47012123E+001  0.66782494E+001  0.96068801E+001
  0.16407078E+000  0.20869344E+000  0.39158646E+000  0.58404695E+000  0.91408286E+000  0.10468736E+001  0.15025328E+001  0.27093570E+001  0.47012145E+001  0.66782428E+001  0.96068694E+001
  0.16407060E+000  0.20869327E+000  0.39158748E+000  0.58404660E+000  0.91408179E+000  0.10468719E+001  0.15025328E+001  0.27093561E+001  0.47012165E+001  0.66782362E+001  0.96068590E+001
  0.16407042E+000  0.20869310E+000  0.39158837E+000  0.58404625E+000  0.91408073E+000  0.10468703E+001  0.15025325E+001  0.27093552E+001  0.47012185E+001  0.66782296E+001  0.96068488E+001
  0.16407393E+000  0.20869293E+000  0.39158915E+000  0.58404590E+000  0.91407969E+000  0.10468687E+001  0.15025322E+001  0.27093543E+001  0.47012204E+001  0.66782231E+001  0.96068391E+001
  0.16407378E+000  0.20869277E+000  0.39158982E+000  0.58404556E+000  0.91407867E+000  0.10468671E+001  0.15025317E+001  0.27093534E+001  0.47012223E+001  0.66782167E+001  0.96068298E+001
  0.16407362E+000  0.20869260E+000  0.39159039E+000  0.58404522E+000  0.91407769E+000  0.10468656E+001  0.15025312E+001  0.27093526E+001  0.47012544E+001  0.66782106E+001  0.96068210E+001
  0.16407346E+000  0.20869245E+000  0.39159087E+000  0.58404489E+000  0.91406675E+000  0.10468642E+001  0.15025305E+001  0.27093518E+001  0.47012491E+001  0.66782046E+001  0.96068127E+001
  0.16407330E+000  0.20869229E+000  0.39159127E+000  0.58404457E+000  0.91406571E+000  0.10468627E+001  0.15025299E+001  0.27093510E+001  0.47012445E+001  0.66781989E+001  0.96068051E+001
  0.16407314E+000  0.20869215E+000  0.39159159E+000  0.58404427E+000  0.91406471E+000  0.10468614E+001  0.15025292E+001  0.27093503E+001  0.47012406E+001  0.66781934E+001  0.96067982E+001
  0.16407299E+000  0.20869201E+000  0.39159185E+000  0.58404398E+000  0.91406377E+000  0.10468601E+001  0.15025285E+001  0.27093496E+001  0.47012374E+001  0.66781883E+001  0.96067919E+001
  0.16407284E+000  0.20869188E+000  0.39159206E+000  0.58404370E+000  0.91406288E+000  0.10468589E+001  0.15025278E+001  0.27093489E+001  0.47012347E+001  0.66781834E+001  0.96067863E+001
  0.16407268E+000  0.20867673E+000  0.39159220E+000  0.58404344E+000  0.91406204E+000  0.10468578E+001  0.15025271E+001  0.27093483E+001  0.47012327E+001  0.66795582E+001  0.96067814E+001
  0.16407249E+000  0.20867664E+000  0.39159230E+000  0.58404320E+000  0.91406126E+000  0.10468568E+001  0.15025264E+001  0.27093478E+001  0.47012312E+001  0.66795653E+001  0.96067772E+001
  0.16407230E+000  0.20867656E+000  0.39159235E+000  0.58404297E+000  0.91406053E+000  0.10468558E+001  0.15025257E+001  0.27093472E+001  0.47012302E+001  0.66795729E+001  0.96067737E+001
  0.16407213E+000  0.20867648E+000  0.39159236E+000  0.58404276E+000  0.91405985E+000  0.10468549E+001  0.15025251E+001  0.27093467E+001  0.47012296E+001  0.66795810E+001  0.96067709E+001
  0.16407197E+000  0.20867641E+000  0.39159234E+000  0.58404256E+000  0.91405922E+000  0.10468540E+001  0.15025244E+001  0.27093463E+001  0.47012295E+001  0.66795898E+001  0.96067687E+001
  0.16407182E+000  0.20867634E+000  0.39159228E+000  0.58404237E+000  0.91405864E+000  0.10468532E+001  0.15025238E+001  0.27093458E+001  0.47012297E+001  0.66795991E+001  0.96067670E+001
  0.16407169E+000  0.20867628E+000  0.39159219E+000  0.58404220E+000  0.91405810E+000  0.10468525E+001  0.15025233E+001  0.27093454E+001  0.47012303E+001  0.66796090E+001  0.96067660E+001
  0.16407156E+000  0.20867622E+000  0.39159207E+000  0.58404204E+000  0.91405760E+000  0.10468518E+001  0.15025227E+001  0.27093451E+001  0.47012312E+001  0.66796196E+001  0.96067656E+001
  0.16407145E+000  0.20867617E+000  0.39159193E+000  0.58404189E+000  0.91405714E+000  0.10468512E+001  0.15025222E+001  0.27093447E+001  0.47012323E+001  0.66796307E+001  0.96067656E+001
  0.16407134E+000  0.20867612E+000  0.39159177E+000  0.58404175E+000  0.91405671E+000  0.10468507E+001  0.15025218E+001  0.27093444E+001  0.47012382E+001  0.66796425E+001  0.96067662E+001
  0.16407124E+000  0.20867608E+000  0.39159159E+000  0.58404162E+000  0.91405631E+000  0.10468501E+001  0.15025213E+001  0.27093441E+001  0.47012816E+001  0.66796549E+001  0.96067673E+001
  0.16407115E+000  0.20867604E+000  0.39159140E+000  0.58404150E+000  0.91405595E+000  0.10468496E+001  0.15025209E+001  0.27093439E+001  0.47013240E+001  0.66796678E+001  0.96067688E+001
  0.16407106E+000  0.20867601E+000  0.39159119E+000  0.58404139E+000  0.91405561E+000  0.10468492E+001  0.15025205E+001  0.27093436E+001  0.47013659E+001  0.66796814E+001  0.96067708E+001
  0.16407099E+000  0.20867598E+000  0.39159099E+000  0.58404128E+000  0.91405530E+000  0.10468488E+001  0.15025201E+001  0.27093434E+001  0.47014074E+001  0.66796955E+001  0.96067732E+001
  0.16407092E+000  0.20867595E+000  0.39159077E+000  0.58404119E+000  0.91405502E+000  0.10468484E+001  0.15025197E+001  0.27093432E+001  0.47014485E+001  0.66797101E+001  0.96067760E+001
  0.16407085E+000  0.20867593E+000  0.39159056E+000  0.58404110E+000  0.91405476E+000  0.10468480E+001  0.15025194E+001  0.27093430E+001  0.47014894E+001  0.66797253E+001  0.96067793E+001
  0.16407079E+000  0.20867591E+000  0.39159035E+000  0.58404101E+000  0.91405452E+000  0.10468477E+001  0.15025191E+001  0.27093428E+001  0.47015301E+001  0.66797411E+001  0.96067828E+001
  0.16407074E+000  0.20867589E+000  0.39159014E+000  0.58404094E+000  0.91405430E+000  0.10468474E+001  0.15025188E+001  0.27093427E+001  0.47015500E+001  0.66797573E+001  0.96067868E+001
  0.16407069E+000  0.20867588E+000  0.39158993E+000  0.58404087E+000  0.91405410E+000  0.10468471E+001  0.15025186E+001  0.27093425E+001  0.47015519E+001  0.66797740E+001  0.96067910E+001
  0.16407064E+000  0.20867586E+000  0.39158974E+000  0.58404080E+000  0.91405392E+000  0.10468469E+001  0.15025183E+001  0.27093424E+001  0.47015695E+001  0.66797912E+001  0.96067956E+001
  0.16407060E+000  0.20867586E+000  0.39158955E+000  0.58404074E+000  0.91405375E+000  0.10468466E+001  0.15025181E+001  0.27093423E+001  0.47015954E+001  0.66798088E+001  0.96068006E+001
  0.16407056E+000  0.20867585E+000  0.39158938E+000  0.58404069E+000  0.91405361E+000  0.10468464E+001  0.15025179E+001  0.27093422E+001  0.47016213E+001  0.66798269E+001  0.96068058E+001
  0.16407053E+000  0.20867585E+000  0.39158921E+000  0.58404064E+000  0.91405348E+000  0.10468462E+001  0.15025177E+001  0.27093421E+001  0.47016474E+001  0.66798453E+001  0.96068114E+001
  0.16407050E+000  0.20867585E+000  0.39158906E+000  0.58404060E+000  0.91405336E+000  0.10468461E+001  0.15025175E+001  0.27093420E+001  0.47016735E+001  0.66798641E+001  0.96068172E+001
  0.16407047E+000  0.20867585E+000  0.39158892E+000  0.58404056E+000  0.91405326E+000  0.10468459E+001  0.15025174E+001  0.27093419E+001  0.47016997E+001  0.66798833E+001  0.96068233E+001
  0.16407045E+000  0.20867585E+000  0.39158880E+000  0.58404052E+000  0.91405317E+000  0.10468458E+001  0.15025172E+001  0.27093419E+001  0.47017259E+001  0.66799027E+001  0.96068297E+001
  0.16407043E+000  0.20867585E+000  0.39158869E+000  0.58404049E+000  0.91405310E+000  0.10468457E+001  0.15025171E+001  0.27093418E+001  0.47017522E+001  0.66799225E+001  0.96068364E+001
  0.16407042E+000  0.20867586E+000  0.39158860E+000  0.58404047E+000  0.91405303E+000  0.10468456E+001  0.15025170E+001  0.27093418E+001  0.47017785E+001  0.66799425E+001  0.96068433E+001
  0.16407040E+000  0.20867587E+000  0.39158852E+000  0.58404044E+000  0.91405298E+000  0.10468455E+001  0.15025169E+001  0.27093417E+001  0.47017980E+001  0.66799628E+001  0.96068504E+001
  0.16407039E+000  0.20867588E+000  0.39158845E+000  0.58404042E+000  0.91405295E+000  0.10468454E+001  0.15025168E+001  0.27093417E+001  0.47017986E+001  0.66799833E+001  0.96068578E+001
  0.16407038E+000  0.20867589E+000  0.39158840E+000  0.58404041E+000  0.91405292E+000  0.10468454E+001  0.15025168E+001  0.27093417E+001  0.47017992E+001  0.66800040E+001  0.96068654E+001
  0.16407038E+000  0.20867590E+000  0.39158836E+000  0.58404040E+000  0.91405290E+000  0.10468454E+001  0.15025167E+001  0.27093417E+001  0.47017998E+001  0.66800249E+001  0.96068732E+001
  0.16407037E+000  0.20867591E+000  0.39158834E+000  0.58404039E+000  0.91405289E+000  0.10468453E+001  0.15025167E+001  0.27093417E+001  0.47018005E+001  0.66800459E+001  0.96068812E+001
  0.16407037E+000  0.20867592E+000  0.39158833E+000  0.58404038E+000  0.91405288E+000  0.10468453E+001  0.15025166E+001  0.27093417E+001  0.47018012E+001  0.66800670E+001  0.96068894E+001
  0.16407037E+000  0.20867593E+000  0.39158834E+000  0.58404038E+000  0.91405289E+000  0.10468453E+001  0.15025166E+001  0.27093417E+001  0.47018019E+001  0.66800881E+001  0.96068977E+001
  0.16407037E+000  0.20867594E+000  0.39158835E+000  0.58404038E+000  0.91405290E+000  0.10468453E+001  0.15025166E+001  0.27093417E+001  0.47018026E+001  0.66801093E+001  0.96069062E+001
  0.16407038E+000  0.20867595E+000  0.39158838E+000  0.58404038E+000  0.91405291E+000  0.10468453E+001  0.15025166E+001  0.27093417E+001  0.47018034E+001  0.66801306E+001  0.96069148E+001
  0.16407038E+000  0.20867596E+000  0.39158842E+000  0.58404039E+000  0.91405293E+000  0.10468453E+001  0.15025166E+001  0.27093417E+001  0.47018041E+001  0.66801518E+001  0.96069235E+001
  0.16407039E+000  0.20867597E+000  0.39158847E+000  0.58404039E+000  0.91405296E+000  0.10468454E+001  0.15025166E+001  0.27093418E+001  0.47018049E+001  0.66801729E+001  0.96069324E+001
  0.16407039E+000  0.20867598E+000  0.39158853E+000  0.58404040E+000  0.91405298E+000  0.10468454E+001  0.15025166E+001  0.27093418E+001  0.47018057E+001  0.66801940E+001  0.96069413E+001
  0.16407040E+000  0.20867599E+000  0.39158860E+000  0.58404041E+000  0.91405301E+000  0.10468454E+001  0.15025167E+001  0.27093418E+001  0.47018065E+001  0.66802150E+001  0.96069503E+001
  0.16407041E+000  0.20867600E+000  0.39158867E+000  0.58404041E+000  0.91405304E+000  0.10468455E+001  0.15025167E+001  0.27093419E+001  0.47018072E+001  0.66802358E+001  0.96069594E+001
  0.16407041E+000  0.20867601E+000  0.39158876E+000  0.58404042E+000  0.91405307E+000  0.10468455E+001  0.15025167E+001  0.27093419E+001  0.47018080E+001  0.66802565E+001  0.96069685E+001
  0.16407042E+000  0.20867601E+000  0.39158885E+000  0.58404043E+000  0.91405311E+000  0.10468455E+001  0.15025168E+001  0.27093419E+001  0.47018087E+001  0.66802994E+001  0.96069776E+001
  0.16407043E+000  0.20867602E+000  0.39158894E+000  0.58404044E+000  0.91405314E+000  0.10468456E+001  0.15025168E+001  0.27093419E+001  0.47018095E+001  0.66803850E+001  0.96069868E+001
  0.16407044E+000  0.20867602E+000  0.39158904E+000  0.58404046E+000  0.91405317E+000  0.10468456E+001  0.15025168E+001  0.27093420E+001  0.47018102E+001  0.66804696E+001  0.96069959E+001
  0.16407044E+000  0.20867603E+000  0.39158914E+000  0.58404047E+000  0.91405320E+000  0.10468457E+001  0.15025169E+001  0.27093420E+001  0.47018180E+001  0.66805530E+001  0.96070051E+001
  0.16407045E+000  0.20867603E+000  0.39158925E+000  0.58404048E+000  0.91405323E+000  0.10468457E+001  0.15025169E+001  0.27093420E+001  0.47018258E+001  0.66806352E+001  0.96070142E+001
  0.16407046E+000  0.20867603E+000  0.39158935E+000  0.58404049E+000  0.91405326E+000  0.10468457E+001  0.15025169E+001  0.27093421E+001  0.47018334E+001  0.66807161E+001  0.96070233E+001
  0.16407046E+000  0.20867603E+000  0.39158946E+000  0.58404050E+000  0.91405328E+000  0.10468458E+001  0.15025170E+001  0.27093421E+001  0.47018408E+001  0.66807955E+001  0.96070323E+001
  0.16407047E+000  0.20867603E+000  0.39158957E+000  0.58404050E+000  0.91405330E+000  0.10468458E+001  0.15025170E+001  0.27093421E+001  0.47018480E+001  0.66808735E+001  0.96070412E+001
  0.16407047E+000  0.20867603E+000  0.39158967E+000  0.58404051E+000  0.91405332E+000  0.10468458E+001  0.15025170E+001  0.27093421E+001  0.47018549E+001  0.66809499E+001  0.96070501E+001
  0.16407048E+000  0.20867603E+000  0.39158977E+000  0.58404052E+000  0.91405334E+000  0.10468458E+001  0.15025171E+001  0.27093421E+001  0.47018616E+001  0.66810247E+001  0.96070589E+001
  0.16407048E+000  0.20867603E+000  0.39158987E+000  0.58404053E+000  0.91405335E+000  0.10468459E+001  0.15025171E+001  0.27093422E+001  0.47019429E+001  0.66810978E+001  0.96070676E+001
  0.16407048E+000  0.20867602E+000  0.39158997E+000  0.58404053E+000  0.91405337E+000  0.10468459E+001  0.15025171E+001  0.27093422E+001  0.47019539E+001  0.66811692E+001  0.96070762E+001
  0.16407049E+000  0.20867602E+000  0.39159006E+000  0.58404054E+000  0.91405337E+000  0.10468459E+001  0.15025171E+001  0.27093422E+001  0.47019646E+001  0.66812388E+001  0.96070847E+001
  0.16407049E+000  0.20867601E+000  0.39159014E+000  0.58404054E+000  0.91405338E+000  0.10468459E+001  0.15025172E+001  0.27093422E+001  0.47019747E+001  0.66813065E+001  0.96070930E+001
  0.16407049E+000  0.20867601E+000  0.39159022E+000  0.58404055E+000  0.91405338E+000  0.10468459E+001  0.15025172E+001  0.27093422E+001  0.47019845E+001  0.66813724E+001  0.96071012E+001
  0.16407049E+000  0.20867600E+000  0.39159029E+000  0.58404055E+000  0.91405338E+000  0.10468459E+001  0.15025172E+001  0.27093422E+001  0.47019938E+001  0.66814363E+001  0.96071092E+001
  0.16407049E+000  0.20867599E+000  0.39159035E+000  0.58404055E+000  0.91405337E+000  0.10468459E+001  0.15025172E+001  0.27093422E+001  0.47020027E+001  0.66814983E+001  0.96071171E+001
  0.16407049E+000  0.20867598E+000  0.39159041E+000  0.58404055E+000  0.91405337E+000  0.10468459E+001  0.15025172E+001  0.27093422E+001  0.47020111E+001  0.66815584E+001  0.96071249E+001
  0.16407048E+000  0.20867598E+000  0.39159046E+000  0.58404055E+000  0.91405335E+000  0.10468459E+001  0.15025172E+001  0.27093422E+001  0.47020191E+001  0.66816165E+001  0.96071325E+001
  0.16407048E+000  0.20867597E+000  0.39159050E+000  0.58404055E+000  0.91405334E+000  0.10468459E+001  0.15025172E+001  0.27093422E+001  0.47020267E+001  0.66816726E+001  0.96071399E+001
  0.16407048E+000  0.20867596E+000  0.39159053E+000  0.58404055E+000  0.91405333E+000  0.10468459E+001  0.15025172E+001  0.27093422E+001  0.47020339E+001  0.66893390E+001  0.96071471E+001
  0.16407047E+000  0.20867595E+000  0.39159055E+000  0.58404054E+000  0.91405331E+000  0.10468458E+001  0.15025171E+001  0.27093421E+001  0.47020407E+001  0.66893830E+001  0.96071541E+001
  0.16407047E+000  0.20867594E+000  0.39159056E+000  0.58404054E+000  0.91405329E+000  0.10468458E+001  0.15025171E+001  0.27093421E+001  0.47020471E+001  0.66894254E+001  0.96084782E+001
  0.16407046E+000  0.20867592E+000  0.39159057E+000  0.58404053E+000  0.91405326E+000  0.10468458E+001  0.15025171E+001  0.27093421E+001  0.47020531E+001  0.66894660E+001  0.96086529E+001
  0.16407046E+000  0.20867591E+000  0.39159056E+000  0.58404053E+000  0.91405324E+000  0.10468458E+001  0.15025171E+001  0.27093421E+001  0.47020588E+001  0.66895050E+001  0.96088232E+001
  0.16407045E+000  0.20867590E+000  0.39159055E+000  0.58404052E+000  0.91405322E+000  0.10468457E+001  0.15025170E+001  0.27093421E+001  0.47020625E+001  0.66895423E+001  0.96089890E+001
  0.16407044E+000  0.20867589E+000  0.39159053E+000  0.58404051E+000  0.91405319E+000  0.10468457E+001  0.15025170E+001  0.27093421E+001  0.47020654E+001  0.66895781E+001  0.96091501E+001
  0.16407044E+000  0.20867588E+000  0.39159050E+000  0.58404051E+000  0.91405316E+000  0.10468457E+001  0.15025170E+001  0.27093420E+001  0.47020681E+001  0.66896122E+001  0.96093067E+001
  0.16407043E+000  0.20867587E+000  0.39159047E+000  0.58404050E+000  0.91405313E+000  0.10468456E+001  0.15025169E+001  0.27093420E+001  0.47020706E+001  0.66896447E+001  0.96094585E+001
  0.16407042E+000  0.20867586E+000  0.39159042E+000  0.58404049E+000  0.91405310E+000  0.10468456E+001  0.15025169E+001  0.27093420E+001  0.47020729E+001  0.66896757E+001  0.96096055E+001
  0.16407041E+000  0.20867584E+000  0.39159037E+000  0.58404048E+000  0.91405307E+000  0.10468456E+001  0.15025168E+001  0.27093420E+001  0.47020751E+001  0.66897051E+001  0.96097478E+001
  0.16407041E+000  0.20867583E+000  0.39159031E+000  0.58404047E+000  0.91405304E+000  0.10468455E+001  0.15025168E+001  0.27093419E+001  0.47020771E+001  0.66897331E+001  0.96098852E+001
  0.16407040E+000  0.20867582E+000  0.39159025E+000  0.58404046E+000  0.91405301E+000  0.10468455E+001  0.15025167E+001  0.27093419E+001  0.47020789E+001  0.66897596E+001  0.96100178E+001
  0.16407039E+000  0.20867581E+000  0.39159018E+000  0.58404045E+000  0.91405299E+000  0.10468454E+001  0.15025167E+001  0.27093419E+001  0.47020806E+001  0.66897847E+001  0.96101456E+001
  0.16407039E+000  0.20867580E+000  0.39159010E+000  0.58404044E+000  0.91405296E+000  0.10468454E+001  0.15025166E+001  0.27093419E+001  0.47020822E+001  0.66898084E+001  0.96102685E+001
  0.16407038E+000  0.20867579E+000  0.39159002E+000  0.58404043E+000  0.91405293E+000  0.10468454E+001  0.15025166E+001  0.27093418E+001  0.47020836E+001  0.66898308E+001  0.96103867E+001
  0.16407037E+000  0.20867578E+000  0.39158994E+000  0.58404042E+000  0.91405290E+000  0.10468453E+001  0.15025165E+001  0.27093418E+001  0.47020849E+001  0.66898518E+001  0.96105001E+001
  0.16407036E+000  0.20867577E+000  0.39158985E+000  0.58404041E+000  0.91405288E+000  0.10468453E+001  0.15025165E+001  0.27093418E+001  0.47020861E+001  0.66898717E+001  0.96106088E+001
  0.16407036E+000  0.20867576E+000  0.39158975E+000  0.58404040E+000  0.91405285E+000  0.10468452E+001  0.15025164E+001  0.27093418E+001  0.47020872E+001  0.66898903E+001  0.96107128E+001
  0.16407035E+000  0.20867575E+000  0.39158966E+000  0.58404039E+000  0.91405283E+000  0.10468452E+001  0.15025164E+001  0.27093418E+001  0.47020882E+001  0.66899077E+001  0.96108123E+001
  0.16407034E+000  0.20867574E+000  0.39158955E+000  0.58404038E+000  0.91405281E+000  0.10468452E+001  0.15025163E+001  0.27093417E+001  0.47020891E+001  0.66899241E+001  0.96109072E+001
  0.16407034E+000  0.20867573E+000  0.39158945E+000  0.58404037E+000  0.91405279E+000  0.10468451E+001  0.15025162E+001  0.27093417E+001  0.47020899E+001  0.66899393E+001  0.96109978E+001
  0.16407033E+000  0.20867572E+000  0.39158934E+000  0.58404036E+000  0.91405277E+000  0.10468451E+001  0.15025162E+001  0.27093417E+001  0.47020906E+001  0.66899536E+001  0.96110839E+001
  0.16407033E+000  0.20867571E+000  0.39158923E+000  0.58404035E+000  0.91405275E+000  0.10468451E+001  0.15025161E+001  0.27093417E+001  0.47020912E+001  0.66899668E+001  0.96111659E+001
  0.16407032E+000  0.20867570E+000  0.39158911E+000  0.58404034E+000  0.91405273E+000  0.10468450E+001  0.15025160E+001  0.27093416E+001  0.47020918E+001  0.66899791E+001  0.96112436E+001
  0.16407032E+000  0.20867569E+000  0.39158899E+000  0.58404032E+000  0.91405272E+000  0.10468450E+001  0.15025160E+001  0.27093416E+001  0.47020922E+001  0.66899905E+001  0.96113173E+001
  0.16407031E+000  0.20867568E+000  0.39158887E+000  0.58404031E+000  0.91405271E+000  0.10468450E+001  0.15025159E+001  0.27093416E+001  0.47020927E+001  0.66900010E+001  0.96113871E+001
  0.16407031E+000  0.20867567E+000  0.39158874E+000  0.58404030E+000  0.91405270E+000  0.10468449E+001  0.15025158E+001  0.27093416E+001  0.47020930E+001  0.66900106E+001  0.96114530E+001
  0.16407031E+000  0.20867566E+000  0.39158860E+000  0.58404029E+000  0.91405269E+000  0.10468449E+001  0.15025157E+001  0.27093415E+001  0.47020933E+001  0.66900195E+001  0.96115151E+001
  0.16407030E+000  0.20867565E+000  0.39158847E+000  0.58404028E+000  0.91405268E+000  0.10468449E+001  0.15025157E+001  0.27093415E+001  0.47020935E+001  0.66900276E+001  0.96115736E+001
  0.16407030E+000  0.20867564E+000  0.39158832E+000  0.58404027E+000  0.91405268E+000  0.10468448E+001  0.15025156E+001  0.27093415E+001  0.47020936E+001  0.66900350E+001  0.96116286E+001
  0.16407030E+000  0.20867563E+000  0.39158817E+000  0.58404026E+000  0.91405267E+000  0.10468448E+001  0.15025155E+001  0.27093414E+001  0.47020937E+001  0.66900416E+001  0.96116801E+001
  0.16407030E+000  0.20867562E+000  0.39158801E+000  0.58404025E+000  0.91405267E+000  0.10468448E+001  0.15025154E+001  0.27093414E+001  0.47020937E+001  0.66900475E+001  0.96117283E+001
  0.16407029E+000  0.20867561E+000  0.39158784E+000  0.58404023E+000  0.91405267E+000  0.10468447E+001  0.15025153E+001  0.27093414E+001  0.47020936E+001  0.66900528E+001  0.96117732E+001
  0.16407029E+000  0.20867560E+000  0.39158767E+000  0.58404022E+000  0.91405266E+000  0.10468447E+001  0.15025152E+001  0.27093413E+001  0.47020935E+001  0.66900574E+001  0.96118150E+001
  0.16407029E+000  0.20867558E+000  0.39158748E+000  0.58404020E+000  0.91405266E+000  0.10468447E+001  0.15025150E+001  0.27093413E+001  0.47020932E+001  0.66900614E+001  0.96118538E+001
  0.16407029E+000  0.20867557E+000  0.39158728E+000  0.58404018E+000  0.91405266E+000  0.10468446E+001  0.15025149E+001  0.27093412E+001  0.47020929E+001  0.66900647E+001  0.96118896E+001
  0.16407029E+000  0.20867556E+000  0.39158706E+000  0.58404016E+000  0.91405266E+000  0.10468446E+001  0.15025148E+001  0.27093411E+001  0.47020925E+001  0.66900673E+001  0.96119224E+001
  0.16407028E+000  0.20867554E+000  0.39158683E+000  0.58404014E+000  0.91405266E+000  0.10468445E+001  0.15025146E+001  0.27093411E+001  0.47020919E+001  0.66900693E+001  0.96119524E+001
  0.16407028E+000  0.20867553E+000  0.39158658E+000  0.58404011E+000  0.91405266E+000  0.10468445E+001  0.15025144E+001  0.27093410E+001  0.47020913E+001  0.66900706E+001  0.96119796E+001
  0.16407028E+000  0.20867551E+000  0.39158631E+000  0.58404008E+000  0.91405266E+000  0.10468444E+001  0.15025142E+001  0.27093409E+001  0.47020905E+001  0.66900712E+001  0.96120041E+001
  0.16407028E+000  0.20867549E+000  0.39158602E+000  0.58404005E+000  0.91405265E+000  0.10468444E+001  0.15025139E+001  0.27093407E+001  0.47020895E+001  0.66900712E+001  0.96120258E+001
  0.16407027E+000  0.20867547E+000  0.39158570E+000  0.58404001E+000  0.91405265E+000  0.10468443E+001  0.15025137E+001  0.27093406E+001  0.47020884E+001  0.66900703E+001  0.96120448E+001
  0.16407027E+000  0.20867545E+000  0.39158535E+000  0.58403996E+000  0.91405264E+000  0.10468442E+001  0.15025134E+001  0.27093404E+001  0.47020871E+001  0.66900687E+001  0.96120611E+001
  0.16407026E+000  0.20867542E+000  0.39158497E+000  0.58403991E+000  0.91405263E+000  0.10468441E+001  0.15025130E+001  0.27093402E+001  0.47020855E+001  0.66900662E+001  0.96120747E+001
  0.16407026E+000  0.20867539E+000  0.39158455E+000  0.58403984E+000  0.91405261E+000  0.10468440E+001  0.15025126E+001  0.27093400E+001  0.47020838E+001  0.66900628E+001  0.96120855E+001
  0.16407025E+000  0.20867536E+000  0.39158409E+000  0.58403977E+000  0.91405259E+000  0.10468439E+001  0.15025122E+001  0.27093397E+001  0.47020818E+001  0.66900584E+001  0.96120934E+001
  0.16407024E+000  0.20867533E+000  0.39158359E+000  0.58403968E+000  0.91405255E+000  0.10468438E+001  0.15025116E+001  0.27093394E+001  0.47020795E+001  0.66900530E+001  0.96120984E+001
  0.16407022E+000  0.20867529E+000  0.39158303E+000  0.58403958E+000  0.91405251E+000  0.10468436E+001  0.15025110E+001  0.27093390E+001  0.47020769E+001  0.66900463E+001  0.96121003E+001
  0.16407020E+000  0.20867524E+000  0.39158240E+000  0.58403945E+000  0.91405245E+000  0.10468433E+001  0.15025102E+001  0.27093386E+001  0.47020740E+001  0.66900384E+001  0.96120990E+001
  0.16407018E+000  0.20867519E+000  0.39158171E+000  0.58403930E+000  0.91405238E+000  0.10468430E+001  0.15025093E+001  0.27093381E+001  0.47020708E+001  0.66900291E+001  0.96120943E+001
  0.16407014E+000  0.20867513E+000  0.39158094E+000  0.58403911E+000  0.91405229E+000  0.10468425E+001  0.15025081E+001  0.27093375E+001  0.47020675E+001  0.66900182E+001  0.96120861E+001
  0.16407010E+000  0.20867507E+000  0.39158008E+000  0.58403888E+000  0.91405219E+000  0.10468419E+001  0.15025068E+001  0.27093369E+001  0.47020642E+001  0.66900058E+001  0.96120741E+001
  0.16407005E+000  0.20867500E+000  0.39157915E+000  0.58403862E+000  0.91405211E+000  0.10468412E+001  0.15025051E+001  0.27093361E+001  0.47020613E+001  0.66899917E+001  0.96120584E+001
  0.16407000E+000  0.20867493E+000  0.39157813E+000  0.58403831E+000  0.91405207E+000  0.10468404E+001  0.15025032E+001  0.27093354E+001  0.47020592E+001  0.66899760E+001  0.96120390E+001
  0.16406992E+000  0.20867484E+000  0.39157692E+000  0.58403786E+000  0.91405201E+000  0.10468392E+001  0.15025006E+001  0.27093345E+001  0.47020577E+001  0.66899582E+001  0.96120146E+001
  0.16406945E+000  0.20867456E+000  0.39157514E+000  0.58403701E+000  0.91405128E+000  0.10468378E+001  0.15024955E+001  0.27093329E+001  0.47020531E+001  0.66899348E+001  0.96119803E+001
  0.16406881E+000  0.20867419E+000  0.39157344E+000  0.58403612E+000  0.91405126E+000  0.10468379E+001  0.15024912E+001  0.27093319E+001  0.47020310E+001  0.66899136E+001  0.96119459E+001
  0.16406886E+000  0.20867427E+000  0.39157394E+000  0.58403692E+000  0.91405507E+000  0.10468392E+001  0.15024954E+001  0.27093327E+001  0.47020472E+001  0.66899092E+001  0.96119391E+001
