  0.00000000E+000  0.00000000E+000  0.00000000E+000  0.00000000E+000  0.89217519E-002  0.14320018E+000  0.35052330E+001  0.29841560E+002  0.74484169E+002  0.19066032E+003  0.35724372E+003
  0.00000000E+000  0.00000000E+000  0.00000000E+000  0.00000000E+000  0.89368086E-002  0.14321538E+000  0.35055693E+001  0.29843541E+002  0.74487185E+002  0.19066405E+003  0.35724686E+003
  0.00000000E+000  0.00000000E+000  0.00000000E+000  0.00000000E+000  0.89514842E-002  0.14323022E+000  0.35058867E+001  0.29845451E+002  0.74490040E+002  0.19066757E+003  0.35724979E+003
  0.00000000E+000  0.00000000E+000  0.00000000E+000  0.00000000E+000  0.89652538E-002  0.14324457E+000  0.35061765E+001  0.29847161E+002  0.74492551E+002  0.19067073E+003  0.35725243E+003
  0.00000000E+000  0.00000000E+000  0.00000000E+000  0.00000000E+000  0.89780362E-002  0.14325839E+000  0.35064377E+001  0.29848650E+002  0.74494710E+002  0.19067350E+003  0.35725478E+003
  0.00000000E+000  0.00000000E+000  0.00000000E+000  0.00000000E+000  0.89897964E-002  0.14327166E+000  0.35066727E+001  0.29849933E+002  0.74496560E+002  0.19067592E+003  0.35725685E+003
  0.00000000E+000  0.00000000E+000  0.00000000E+000  0.00000000E+000  0.90002744E-002  0.14328439E+000  0.35068850E+001  0.29851038E+002  0.74498149E+002  0.19067803E+003  0.35725868E+003
  0.00000000E+000  0.00000000E+000  0.00000000E+000  0.00000000E+000  0.90093650E-002  0.14329657E+000  0.35070775E+001  0.29851992E+002  0.74499522E+002  0.19067988E+003  0.35726030E+003
  0.00000000E+000  0.00000000E+000  0.00000000E+000  0.00000000E+000  0.90170846E-002  0.14330826E+000  0.35072534E+001  0.29852816E+002  0.74500715E+002  0.19068151E+003  0.35726174E+003
  0.00000000E+000  0.00000000E+000  0.00000000E+000  0.00000000E+000  0.90235101E-002  0.14331945E+000  0.35074157E+001  0.29853535E+002  0.74501758E+002  0.19068296E+003  0.35726303E+003
  0.00000000E+000  0.00000000E+000  0.00000000E+000  0.00000000E+000  0.90288311E-002  0.14333020E+000  0.35075666E+001  0.29854165E+002  0.74502675E+002  0.19068425E+003  0.35726420E+003
  0.00000000E+000  0.00000000E+000  0.00000000E+000  0.00000000E+000  0.90332624E-002  0.14334052E+000  0.35077079E+001  0.29854721E+002  0.74503488E+002  0.19068540E+003  0.35726525E+003
  0.00000000E+000  0.00000000E+000  0.00000000E+000  0.00000000E+000  0.90369978E-002  0.14335044E+000  0.35078408E+001  0.29855216E+002  0.74504214E+002  0.19068645E+003  0.35726622E+003
  0.00000000E+000  0.00000000E+000  0.00000000E+000  0.00000000E+000  0.90401935E-002  0.14336000E+000  0.35079666E+001  0.29855659E+002  0.74504867E+002  0.19068741E+003  0.35726711E+003
  0.00000000E+000  0.00000000E+000  0.00000000E+000  0.00000000E+000  0.90429677E-002  0.14336923E+000  0.35080861E+001  0.29856058E+002  0.74505459E+002  0.19068828E+003  0.35726794E+003
  0.00000000E+000  0.00000000E+000  0.00000000E+000  0.00000000E+000  0.90454068E-002  0.14337816E+000  0.35082003E+001  0.29856421E+002  0.74506000E+002  0.19068909E+003  0.35726871E+003
  0.00000000E+000  0.00000000E+000  0.00000000E+000  0.00000000E+000  0.90475728E-002  0.14338680E+000  0.35083099E+001  0.29856752E+002  0.74506497E+002  0.19068985E+003  0.35726943E+003
  0.00000000E+000  0.00000000E+000  0.00000000E+000  0.00000000E+000  0.90495110E-002  0.14339517E+000  0.35084154E+001  0.29857057E+002  0.74506959E+002  0.19069056E+003  0.35727012E+003
  0.00000000E+000  0.00000000E+000  0.00000000E+000  0.00000000E+000  0.90512540E-002  0.14340328E+000  0.35085173E+001  0.29857340E+002  0.74507390E+002  0.19069122E+003  0.35727078E+003
  0.00000000E+000  0.00000000E+000  0.00000000E+000  0.00000000E+000  0.90528266E-002  0.14341116E+000  0.35086162E+001  0.29857603E+002  0.74507794E+002  0.19069186E+003  0.35727141E+003
  0.00000000E+000  0.00000000E+000  0.00000000E+000  0.00000000E+000  0.90542473E-002  0.14341879E+000  0.35087123E+001  0.29857851E+002  0.74508177E+002  0.19069246E+003  0.35727201E+003
  0.00000000E+000  0.00000000E+000  0.00000000E+000  0.00000000E+000  0.90555309E-002  0.14342619E+000  0.35088060E+001  0.29858085E+002  0.74508540E+002  0.19069304E+003  0.35727261E+003
  0.00000000E+000  0.00000000E+000  0.00000000E+000  0.00000000E+000  0.90566890E-002  0.14343336E+000  0.35088975E+001  0.29858307E+002  0.74508889E+002  0.19069360E+003  0.35727318E+003
  0.00000000E+000  0.00000000E+000  0.00000000E+000  0.00000000E+000  0.90577308E-002  0.14344031E+000  0.35089870E+001  0.29858519E+002  0.74509224E+002  0.19069414E+003  0.35727375E+003
  0.00000000E+000  0.00000000E+000  0.00000000E+000  0.00000000E+000  0.90586639E-002  0.14344704E+000  0.35090747E+001  0.29858723E+002  0.74509548E+002  0.19069467E+003  0.35727432E+003
  0.00000000E+000  0.00000000E+000  0.00000000E+000  0.00000000E+000  0.90594946E-002  0.14345355E+000  0.35091606E+001  0.29858920E+002  0.74509862E+002  0.19069518E+003  0.35727488E+003
  0.00000000E+000  0.00000000E+000  0.00000000E+000  0.00000000E+000  0.90602278E-002  0.14345985E+000  0.35092450E+001  0.29859111E+002  0.74510170E+002  0.19069569E+003  0.35727544E+003
  0.00000000E+000  0.00000000E+000  0.00000000E+000  0.00000000E+000  0.90608677E-002  0.14346593E+000  0.35093278E+001  0.29859298E+002  0.74510471E+002  0.19069620E+003  0.35727600E+003
  0.00000000E+000  0.00000000E+000  0.00000000E+000  0.00000000E+000  0.90614176E-002  0.14347181E+000  0.35094091E+001  0.29859481E+002  0.74510767E+002  0.19069669E+003  0.35727656E+003
  0.00000000E+000  0.00000000E+000  0.00000000E+000  0.00000000E+000  0.90618802E-002  0.14347750E+000  0.35094889E+001  0.29859662E+002  0.74511060E+002  0.19069719E+003  0.35727713E+003
  0.00000000E+000  0.00000000E+000  0.00000000E+000  0.00000000E+000  0.90622575E-002  0.14348299E+000  0.35095671E+001  0.29859840E+002  0.74511349E+002  0.19069769E+003  0.35727771E+003
  0.00000000E+000  0.00000000E+000  0.00000000E+000  0.00000000E+000  0.90625511E-002  0.14348832E+000  0.35096439E+001  0.29860017E+002  0.74511637E+002  0.19069818E+003  0.35727830E+003
  0.00000000E+000  0.00000000E+000  0.00000000E+000  0.00000000E+000  0.90627623E-002  0.14349348E+000  0.35097191E+001  0.29860193E+002  0.74511923E+002  0.19069868E+003  0.35727889E+003
  0.00000000E+000  0.00000000E+000  0.00000000E+000  0.00000000E+000  0.90628920E-002  0.14349849E+000  0.35097928E+001  0.29860368E+002  0.74512209E+002  0.19069918E+003  0.35727951E+003
  0.00000000E+000  0.00000000E+000  0.00000000E+000  0.00000000E+000  0.90629408E-002  0.14350337E+000  0.35098648E+001  0.29860543E+002  0.74512494E+002  0.19069969E+003  0.35728013E+003
  0.00000000E+000  0.00000000E+000  0.00000000E+000  0.00000000E+000  0.90629093E-002  0.14350813E+000  0.35099353E+001  0.29860719E+002  0.74512780E+002  0.19070020E+003  0.35728077E+003
  0.00000000E+000  0.00000000E+000  0.00000000E+000  0.00000000E+000  0.90627977E-002  0.14351277E+000  0.35100042E+001  0.29860895E+002  0.74513067E+002  0.19070072E+003  0.35728143E+003
  0.00000000E+000  0.00000000E+000  0.00000000E+000  0.00000000E+000  0.90626062E-002  0.14351733E+000  0.35100716E+001  0.29861072E+002  0.74513355E+002  0.19070125E+003  0.35728211E+003
  0.00000000E+000  0.00000000E+000  0.00000000E+000  0.00000000E+000  0.90623348E-002  0.14352179E+000  0.35101373E+001  0.29861249E+002  0.74513645E+002  0.19070179E+003  0.35728281E+003
  0.00000000E+000  0.00000000E+000  0.00000000E+000  0.00000000E+000  0.90619836E-002  0.14352618E+000  0.35102015E+001  0.29861429E+002  0.74513937E+002  0.19070234E+003  0.35728353E+003
  0.00000000E+000  0.00000000E+000  0.00000000E+000  0.00000000E+000  0.90615527E-002  0.14353049E+000  0.35102642E+001  0.29861609E+002  0.74514232E+002  0.19070290E+003  0.35728428E+003
  0.00000000E+000  0.00000000E+000  0.00000000E+000  0.00000000E+000  0.90610419E-002  0.14353474E+000  0.35103253E+001  0.29861791E+002  0.74514531E+002  0.19070347E+003  0.35728504E+003
  0.00000000E+000  0.00000000E+000  0.00000000E+000  0.00000000E+000  0.90604514E-002  0.14353891E+000  0.35103851E+001  0.29861976E+002  0.74514833E+002  0.19070406E+003  0.35728584E+003
  0.00000000E+000  0.00000000E+000  0.00000000E+000  0.00000000E+000  0.90597813E-002  0.14354302E+000  0.35104433E+001  0.29862162E+002  0.74515140E+002  0.19070466E+003  0.35728666E+003
  0.00000000E+000  0.00000000E+000  0.00000000E+000  0.00000000E+000  0.90590319E-002  0.14354705E+000  0.35105002E+001  0.29862350E+002  0.74515451E+002  0.19070528E+003  0.35728751E+003
  0.00000000E+000  0.00000000E+000  0.00000000E+000  0.00000000E+000  0.90582034E-002  0.14355101E+000  0.35105557E+001  0.29862540E+002  0.74515768E+002  0.19070591E+003  0.35728840E+003
  0.00000000E+000  0.00000000E+000  0.00000000E+000  0.00000000E+000  0.90572964E-002  0.14355488E+000  0.35106098E+001  0.29862732E+002  0.74516091E+002  0.19070657E+003  0.35728931E+003
  0.00000000E+000  0.00000000E+000  0.00000000E+000  0.00000000E+000  0.90563116E-002  0.14355866E+000  0.35106625E+001  0.29862927E+002  0.74516420E+002  0.19070724E+003  0.35729026E+003
  0.00000000E+000  0.00000000E+000  0.00000000E+000  0.00000000E+000  0.90552499E-002  0.14356235E+000  0.35107137E+001  0.29863125E+002  0.74516756E+002  0.19070792E+003  0.35729124E+003
  0.00000000E+000  0.00000000E+000  0.00000000E+000  0.00000000E+000  0.90541124E-002  0.14356593E+000  0.35107635E+001  0.29863324E+002  0.74517100E+002  0.19070863E+003  0.35729226E+003
  0.00000000E+000  0.00000000E+000  0.00000000E+000  0.00000000E+000  0.90529004E-002  0.14356941E+000  0.35108119E+001  0.29863526E+002  0.74517453E+002  0.19070937E+003  0.35729331E+003
  0.00000000E+000  0.00000000E+000  0.00000000E+000  0.00000000E+000  0.90516157E-002  0.14357278E+000  0.35108587E+001  0.29863731E+002  0.74517814E+002  0.19071012E+003  0.35729441E+003
  0.00000000E+000  0.00000000E+000  0.00000000E+000  0.00000000E+000  0.90502600E-002  0.14357603E+000  0.35109039E+001  0.29863938E+002  0.74518185E+002  0.19071089E+003  0.35729554E+003
  0.00000000E+000  0.00000000E+000  0.00000000E+000  0.00000000E+000  0.90488357E-002  0.14357918E+000  0.35109476E+001  0.29864147E+002  0.74518567E+002  0.19071169E+003  0.35729672E+003
  0.00000000E+000  0.00000000E+000  0.00000000E+000  0.00000000E+000  0.90473452E-002  0.14358222E+000  0.35109897E+001  0.29864358E+002  0.74518959E+002  0.19071252E+003  0.35729794E+003
  0.00000000E+000  0.00000000E+000  0.00000000E+000  0.00000000E+000  0.90457914E-002  0.14358517E+000  0.35110302E+001  0.29864571E+002  0.74519362E+002  0.19071337E+003  0.35729920E+003
  0.00000000E+000  0.00000000E+000  0.00000000E+000  0.00000000E+000  0.90441772E-002  0.14358803E+000  0.35110691E+001  0.29864786E+002  0.74519778E+002  0.19071424E+003  0.35730052E+003
  0.00000000E+000  0.00000000E+000  0.00000000E+000  0.00000000E+000  0.90425062E-002  0.14359082E+000  0.35111064E+001  0.29865003E+002  0.74520205E+002  0.19071514E+003  0.35730188E+003
  0.00000000E+000  0.00000000E+000  0.00000000E+000  0.00000000E+000  0.90407818E-002  0.14359357E+000  0.35111421E+001  0.29865221E+002  0.74520646E+002  0.19071608E+003  0.35730329E+003
  0.00000000E+000  0.00000000E+000  0.00000000E+000  0.00000000E+000  0.90390082E-002  0.14359629E+000  0.35111764E+001  0.29865440E+002  0.74521099E+002  0.19071704E+003  0.35730475E+003
  0.00000000E+000  0.00000000E+000  0.00000000E+000  0.00000000E+000  0.90371894E-002  0.14359900E+000  0.35112091E+001  0.29865661E+002  0.74521566E+002  0.19071802E+003  0.35730626E+003
  0.00000000E+000  0.00000000E+000  0.00000000E+000  0.00000000E+000  0.90353298E-002  0.14360173E+000  0.35112404E+001  0.29865881E+002  0.74522045E+002  0.19071904E+003  0.35730783E+003
  0.00000000E+000  0.00000000E+000  0.00000000E+000  0.00000000E+000  0.90334341E-002  0.14360450E+000  0.35112703E+001  0.29866102E+002  0.74522538E+002  0.19072010E+003  0.35730945E+003
  0.00000000E+000  0.00000000E+000  0.00000000E+000  0.00000000E+000  0.90315070E-002  0.14360734E+000  0.35112988E+001  0.29866323E+002  0.74523044E+002  0.19072118E+003  0.35731113E+003
  0.00000000E+000  0.00000000E+000  0.00000000E+000  0.00000000E+000  0.90295535E-002  0.14361026E+000  0.35113259E+001  0.29866544E+002  0.74523562E+002  0.19072229E+003  0.35731286E+003
  0.00000000E+000  0.00000000E+000  0.00000000E+000  0.00000000E+000  0.90275787E-002  0.14361331E+000  0.35113516E+001  0.29866763E+002  0.74524093E+002  0.19072344E+003  0.35731466E+003
  0.00000000E+000  0.00000000E+000  0.00000000E+000  0.00000000E+000  0.90255876E-002  0.14361648E+000  0.35113760E+001  0.29866981E+002  0.74524634E+002  0.19072463E+003  0.35731651E+003
  0.00000000E+000  0.00000000E+000  0.00000000E+000  0.00000000E+000  0.90235857E-002  0.14361980E+000  0.35113989E+001  0.29867197E+002  0.74525187E+002  0.19072585E+003  0.35731843E+003
  0.00000000E+000  0.00000000E+000  0.00000000E+000  0.00000000E+000  0.90215781E-002  0.14362329E+000  0.35114205E+001  0.29867411E+002  0.74525748E+002  0.19072710E+003  0.35732042E+003
  0.00000000E+000  0.00000000E+000  0.00000000E+000  0.00000000E+000  0.90195702E-002  0.14362694E+000  0.35114407E+001  0.29867622E+002  0.74526319E+002  0.19072839E+003  0.35732246E+003
  0.00000000E+000  0.00000000E+000  0.00000000E+000  0.00000000E+000  0.90175673E-002  0.14363076E+000  0.35114594E+001  0.29867830E+002  0.74526896E+002  0.19072972E+003  0.35732458E+003
  0.00000000E+000  0.00000000E+000  0.00000000E+000  0.00000000E+000  0.90155744E-002  0.14363476E+000  0.35114768E+001  0.29868033E+002  0.74527480E+002  0.19073108E+003  0.35732676E+003
  0.00000000E+000  0.00000000E+000  0.00000000E+000  0.00000000E+000  0.90135969E-002  0.14363892E+000  0.35114928E+001  0.29868231E+002  0.74528067E+002  0.19073249E+003  0.35732901E+003
  0.00000000E+000  0.00000000E+000  0.00000000E+000  0.00000000E+000  0.90116395E-002  0.14364325E+000  0.35115076E+001  0.29868424E+002  0.74528658E+002  0.19073393E+003  0.35733134E+003
  0.00000000E+000  0.00000000E+000  0.00000000E+000  0.00000000E+000  0.90097071E-002  0.14364771E+000  0.35115210E+001  0.29868611E+002  0.74529250E+002  0.19073540E+003  0.35733374E+003
  0.00000000E+000  0.00000000E+000  0.00000000E+000  0.00000000E+000  0.90078044E-002  0.14365231E+000  0.35115334E+001  0.29868791E+002  0.74529841E+002  0.19073692E+003  0.35733621E+003
  0.00000000E+000  0.00000000E+000  0.00000000E+000  0.00000000E+000  0.90059355E-002  0.14365700E+000  0.35115447E+001  0.29868964E+002  0.74530430E+002  0.19073847E+003  0.35733875E+003
  0.00000000E+000  0.00000000E+000  0.00000000E+000  0.00000000E+000  0.90041046E-002  0.14366177E+000  0.35115550E+001  0.29869128E+002  0.74531015E+002  0.19074006E+003  0.35734138E+003
  0.00000000E+000  0.00000000E+000  0.00000000E+000  0.00000000E+000  0.90023154E-002  0.14366658E+000  0.35115646E+001  0.29869284E+002  0.74531595E+002  0.19074169E+003  0.35734408E+003
  0.00000000E+000  0.00000000E+000  0.00000000E+000  0.00000000E+000  0.90005714E-002  0.14367140E+000  0.35115735E+001  0.29869430E+002  0.74532168E+002  0.19074335E+003  0.35734686E+003
  0.00000000E+000  0.00000000E+000  0.00000000E+000  0.00000000E+000  0.89988755E-002  0.14367619E+000  0.35115818E+001  0.29869566E+002  0.74532733E+002  0.19074505E+003  0.35734973E+003
  0.00000000E+000  0.00000000E+000  0.00000000E+000  0.00000000E+000  0.89972305E-002  0.14368091E+000  0.35115899E+001  0.29869692E+002  0.74533288E+002  0.19074679E+003  0.35735267E+003
  0.00000000E+000  0.00000000E+000  0.00000000E+000  0.00000000E+000  0.89956386E-002  0.14368553E+000  0.35115977E+001  0.29869808E+002  0.74533832E+002  0.19074856E+003  0.35735570E+003
  0.00000000E+000  0.00000000E+000  0.00000000E+000  0.00000000E+000  0.89941017E-002  0.14369001E+000  0.35116055E+001  0.29869912E+002  0.74534365E+002  0.19075036E+003  0.35735882E+003
  0.00000000E+000  0.00000000E+000  0.00000000E+000  0.00000000E+000  0.89926215E-002  0.14369430E+000  0.35116135E+001  0.29870006E+002  0.74534884E+002  0.19075219E+003  0.35736202E+003
  0.00000000E+000  0.00000000E+000  0.00000000E+000  0.00000000E+000  0.89911989E-002  0.14369835E+000  0.35116216E+001  0.29870088E+002  0.74535390E+002  0.19075405E+003  0.35736531E+003
  0.00000000E+000  0.00000000E+000  0.00000000E+000  0.00000000E+000  0.89898348E-002  0.14370215E+000  0.35116302E+001  0.29870160E+002  0.74535882E+002  0.19075594E+003  0.35736868E+003
  0.00000000E+000  0.00000000E+000  0.00000000E+000  0.00000000E+000  0.89885295E-002  0.14370564E+000  0.35116393E+001  0.29870221E+002  0.74536359E+002  0.19075785E+003  0.35737215E+003
  0.00000000E+000  0.00000000E+000  0.00000000E+000  0.00000000E+000  0.89872830E-002  0.14370879E+000  0.35116490E+001  0.29870271E+002  0.74536821E+002  0.19075979E+003  0.35737570E+003
  0.00000000E+000  0.00000000E+000  0.00000000E+000  0.00000000E+000  0.89860951E-002  0.14371158E+000  0.35116594E+001  0.29870312E+002  0.74537268E+002  0.19076176E+003  0.35737934E+003
  0.00000000E+000  0.00000000E+000  0.00000000E+000  0.00000000E+000  0.89849652E-002  0.14371398E+000  0.35116706E+001  0.29870342E+002  0.74537699E+002  0.19076374E+003  0.35738307E+003
  0.00000000E+000  0.00000000E+000  0.00000000E+000  0.00000000E+000  0.89838924E-002  0.14371595E+000  0.35116827E+001  0.29870363E+002  0.74538115E+002  0.19076574E+003  0.35738689E+003
  0.00000000E+000  0.00000000E+000  0.00000000E+000  0.00000000E+000  0.89828757E-002  0.14371750E+000  0.35116958E+001  0.29870375E+002  0.74538516E+002  0.19076777E+003  0.35739080E+003
  0.00000000E+000  0.00000000E+000  0.00000000E+000  0.00000000E+000  0.89819137E-002  0.14371860E+000  0.35117099E+001  0.29870379E+002  0.74538901E+002  0.19076980E+003  0.35739479E+003
  0.00000000E+000  0.00000000E+000  0.00000000E+000  0.00000000E+000  0.89810048E-002  0.14371924E+000  0.35117251E+001  0.29870375E+002  0.74539271E+002  0.19077186E+003  0.35739888E+003
  0.00000000E+000  0.00000000E+000  0.00000000E+000  0.00000000E+000  0.89801475E-002  0.14371944E+000  0.35117414E+001  0.29870363E+002  0.74539627E+002  0.19077392E+003  0.35740305E+003
  0.00000000E+000  0.00000000E+000  0.00000000E+000  0.00000000E+000  0.89793399E-002  0.14371918E+000  0.35117588E+001  0.29870345E+002  0.74539967E+002  0.19077599E+003  0.35740730E+003
  0.00000000E+000  0.00000000E+000  0.00000000E+000  0.00000000E+000  0.89785802E-002  0.14371847E+000  0.35117774E+001  0.29870321E+002  0.74540293E+002  0.19077807E+003  0.35741164E+003
  0.00000000E+000  0.00000000E+000  0.00000000E+000  0.00000000E+000  0.89778664E-002  0.14371734E+000  0.35117972E+001  0.29870292E+002  0.74540605E+002  0.19078016E+003  0.35741607E+003
  0.00000000E+000  0.00000000E+000  0.00000000E+000  0.00000000E+000  0.89771964E-002  0.14371579E+000  0.35118181E+001  0.29870257E+002  0.74540903E+002  0.19078225E+003  0.35742057E+003
  0.00000000E+000  0.00000000E+000  0.00000000E+000  0.00000000E+000  0.89765682E-002  0.14371385E+000  0.35118402E+001  0.29870219E+002  0.74541187E+002  0.19078434E+003  0.35742515E+003
  0.00000000E+000  0.00000000E+000  0.00000000E+000  0.00000000E+000  0.89759799E-002  0.14371155E+000  0.35118634E+001  0.29870176E+002  0.74541457E+002  0.19078643E+003  0.35742981E+003
  0.00000000E+000  0.00000000E+000  0.00000000E+000  0.00000000E+000  0.89754292E-002  0.14370891E+000  0.35118877E+001  0.29870130E+002  0.74541714E+002  0.19078851E+003  0.35743455E+003
  0.00000000E+000  0.00000000E+000  0.00000000E+000  0.00000000E+000  0.89749143E-002  0.14370596E+000  0.35119132E+001  0.29870081E+002  0.74541957E+002  0.19079060E+003  0.35743935E+003
  0.00000000E+000  0.00000000E+000  0.00000000E+000  0.00000000E+000  0.89744332E-002  0.14370273E+000  0.35119396E+001  0.29870030E+002  0.74542188E+002  0.19079267E+003  0.35744423E+003
  0.00000000E+000  0.00000000E+000  0.00000000E+000  0.00000000E+000  0.89739840E-002  0.14369926E+000  0.35119669E+001  0.29869977E+002  0.74542406E+002  0.19079474E+003  0.35744917E+003
  0.00000000E+000  0.00000000E+000  0.00000000E+000  0.00000000E+000  0.89735647E-002  0.14369558E+000  0.35119952E+001  0.29869922E+002  0.74542611E+002  0.19079679E+003  0.35745417E+003
  0.00000000E+000  0.00000000E+000  0.00000000E+000  0.00000000E+000  0.89731736E-002  0.14369172E+000  0.35120242E+001  0.29869867E+002  0.74542804E+002  0.19079883E+003  0.35745923E+003
  0.00000000E+000  0.00000000E+000  0.00000000E+000  0.00000000E+000  0.89728091E-002  0.14368772E+000  0.35120538E+001  0.29869810E+002  0.74542985E+002  0.19080086E+003  0.35746434E+003
  0.00000000E+000  0.00000000E+000  0.00000000E+000  0.00000000E+000  0.89724694E-002  0.14368362E+000  0.35120840E+001  0.29869754E+002  0.74543153E+002  0.19080287E+003  0.35746951E+003
  0.00000000E+000  0.00000000E+000  0.00000000E+000  0.00000000E+000  0.89721529E-002  0.14367944E+000  0.35121146E+001  0.29869698E+002  0.74543311E+002  0.19080485E+003  0.35747472E+003
  0.00000000E+000  0.00000000E+000  0.00000000E+000  0.00000000E+000  0.89718583E-002  0.14367521E+000  0.35121454E+001  0.29869642E+002  0.74543457E+002  0.19080682E+003  0.35747997E+003
  0.00000000E+000  0.00000000E+000  0.00000000E+000  0.00000000E+000  0.89715841E-002  0.14367096E+000  0.35121764E+001  0.29869587E+002  0.74543591E+002  0.19080876E+003  0.35748526E+003
  0.00000000E+000  0.00000000E+000  0.00000000E+000  0.00000000E+000  0.89713290E-002  0.14366672E+000  0.35122072E+001  0.29869533E+002  0.74543716E+002  0.19081067E+003  0.35749058E+003
  0.00000000E+000  0.00000000E+000  0.00000000E+000  0.00000000E+000  0.89710917E-002  0.14366251E+000  0.35122379E+001  0.29869480E+002  0.74543829E+002  0.19081256E+003  0.35749593E+003
  0.00000000E+000  0.00000000E+000  0.00000000E+000  0.00000000E+000  0.89708709E-002  0.14365836E+000  0.35122681E+001  0.29869429E+002  0.74543933E+002  0.19081442E+003  0.35750129E+003
  0.00000000E+000  0.00000000E+000  0.00000000E+000  0.00000000E+000  0.89706657E-002  0.14365427E+000  0.35122977E+001  0.29869380E+002  0.74544026E+002  0.19081624E+003  0.35750668E+003
  0.00000000E+000  0.00000000E+000  0.00000000E+000  0.00000000E+000  0.89704748E-002  0.14365028E+000  0.35123266E+001  0.29869334E+002  0.74544111E+002  0.19081804E+003  0.35751207E+003
  0.00000000E+000  0.00000000E+000  0.00000000E+000  0.00000000E+000  0.89702974E-002  0.14364639E+000  0.35123545E+001  0.29869289E+002  0.74544186E+002  0.19081979E+003  0.35751747E+003
  0.00000000E+000  0.00000000E+000  0.00000000E+000  0.00000000E+000  0.89701324E-002  0.14364261E+000  0.35123813E+001  0.29869248E+002  0.74544253E+002  0.19082151E+003  0.35752287E+003
  0.00000000E+000  0.00000000E+000  0.00000000E+000  0.00000000E+000  0.89699790E-002  0.14363896E+000  0.35124068E+001  0.29869209E+002  0.74544312E+002  0.19082320E+003  0.35752826E+003
  0.00000000E+000  0.00000000E+000  0.00000000E+000  0.00000000E+000  0.89698363E-002  0.14363545E+000  0.35124309E+001  0.29869173E+002  0.74544362E+002  0.19082484E+003  0.35753364E+003
  0.00000000E+000  0.00000000E+000  0.00000000E+000  0.00000000E+000  0.89697035E-002  0.14363207E+000  0.35124535E+001  0.29869140E+002  0.74544406E+002  0.19082644E+003  0.35753900E+003
  0.00000000E+000  0.00000000E+000  0.00000000E+000  0.00000000E+000  0.89695799E-002  0.14362884E+000  0.35124743E+001  0.29869110E+002  0.74544443E+002  0.19082801E+003  0.35754434E+003
  0.00000000E+000  0.00000000E+000  0.00000000E+000  0.00000000E+000  0.89694647E-002  0.14362575E+000  0.35124934E+001  0.29869084E+002  0.74544473E+002  0.19082953E+003  0.35754965E+003
  0.00000000E+000  0.00000000E+000  0.00000000E+000  0.00000000E+000  0.89693572E-002  0.14362281E+000  0.35125105E+001  0.29869060E+002  0.74544497E+002  0.19083100E+003  0.35755492E+003
  0.00000000E+000  0.00000000E+000  0.00000000E+000  0.00000000E+000  0.89692568E-002  0.14362001E+000  0.35125257E+001  0.29869040E+002  0.74544516E+002  0.19083243E+003  0.35756015E+003
  0.00000000E+000  0.00000000E+000  0.00000000E+000  0.00000000E+000  0.89691629E-002  0.14361736E+000  0.35125389E+001  0.29869024E+002  0.74544530E+002  0.19083382E+003  0.35756533E+003
  0.00000000E+000  0.00000000E+000  0.00000000E+000  0.00000000E+000  0.89690749E-002  0.14361486E+000  0.35125500E+001  0.29869011E+002  0.74544540E+002  0.19083516E+003  0.35757045E+003
  0.00000000E+000  0.00000000E+000  0.00000000E+000  0.00000000E+000  0.89689921E-002  0.14361249E+000  0.35125590E+001  0.29869000E+002  0.74544545E+002  0.19083646E+003  0.35757552E+003
  0.00000000E+000  0.00000000E+000  0.00000000E+000  0.00000000E+000  0.89689141E-002  0.14361026E+000  0.35125659E+001  0.29868993E+002  0.74544547E+002  0.19083771E+003  0.35758053E+003
  0.00000000E+000  0.00000000E+000  0.00000000E+000  0.00000000E+000  0.89688403E-002  0.14360816E+000  0.35125708E+001  0.29868990E+002  0.74544546E+002  0.19083891E+003  0.35758546E+003
  0.00000000E+000  0.00000000E+000  0.00000000E+000  0.00000000E+000  0.89687702E-002  0.14360618E+000  0.35125737E+001  0.29868989E+002  0.74544542E+002  0.19084007E+003  0.35759032E+003
  0.00000000E+000  0.00000000E+000  0.00000000E+000  0.00000000E+000  0.89687032E-002  0.14360433E+000  0.35125745E+001  0.29868990E+002  0.74544535E+002  0.19084118E+003  0.35759511E+003
  0.00000000E+000  0.00000000E+000  0.00000000E+000  0.00000000E+000  0.89686390E-002  0.14360259E+000  0.35125734E+001  0.29868995E+002  0.74544527E+002  0.19084225E+003  0.35759981E+003
  0.00000000E+000  0.00000000E+000  0.00000000E+000  0.00000000E+000  0.89685769E-002  0.14360096E+000  0.35125706E+001  0.29869002E+002  0.74544517E+002  0.19084327E+003  0.35760442E+003
  0.00000000E+000  0.00000000E+000  0.00000000E+000  0.00000000E+000  0.89685167E-002  0.14359943E+000  0.35125659E+001  0.29869011E+002  0.74544506E+002  0.19084424E+003  0.35760894E+003
  0.00000000E+000  0.00000000E+000  0.00000000E+000  0.00000000E+000  0.89684577E-002  0.14359800E+000  0.35125596E+001  0.29869022E+002  0.74544495E+002  0.19084517E+003  0.35761336E+003
  0.00000000E+000  0.00000000E+000  0.00000000E+000  0.00000000E+000  0.89683995E-002  0.14359666E+000  0.35125518E+001  0.29869035E+002  0.74544482E+002  0.19084606E+003  0.35761769E+003
  0.00000000E+000  0.00000000E+000  0.00000000E+000  0.00000000E+000  0.89683417E-002  0.14359541E+000  0.35125425E+001  0.29869049E+002  0.74544470E+002  0.19084690E+003  0.35762191E+003
  0.00000000E+000  0.00000000E+000  0.00000000E+000  0.00000000E+000  0.89682838E-002  0.14359423E+000  0.35125319E+001  0.29869065E+002  0.74544458E+002  0.19084771E+003  0.35762603E+003
  0.00000000E+000  0.00000000E+000  0.00000000E+000  0.00000000E+000  0.89682253E-002  0.14359313E+000  0.35125201E+001  0.29869082E+002  0.74544445E+002  0.19084847E+003  0.35763004E+003
  0.00000000E+000  0.00000000E+000  0.00000000E+000  0.00000000E+000  0.89681658E-002  0.14359209E+000  0.35125072E+001  0.29869099E+002  0.74544434E+002  0.19084919E+003  0.35763394E+003
  0.00000000E+000  0.00000000E+000  0.00000000E+000  0.00000000E+000  0.89681047E-002  0.14359111E+000  0.35124934E+001  0.29869118E+002  0.74544423E+002  0.19084987E+003  0.35763773E+003
  0.00000000E+000  0.00000000E+000  0.00000000E+000  0.00000000E+000  0.89680416E-002  0.14359019E+000  0.35124788E+001  0.29869136E+002  0.74544412E+002  0.19085051E+003  0.35764141E+003
  0.00000000E+000  0.00000000E+000  0.00000000E+000  0.00000000E+000  0.89679760E-002  0.14358931E+000  0.35124635E+001  0.29869155E+002  0.74544403E+002  0.19085112E+003  0.35764497E+003
  0.00000000E+000  0.00000000E+000  0.00000000E+000  0.00000000E+000  0.89679073E-002  0.14358848E+000  0.35124475E+001  0.29869173E+002  0.74544394E+002  0.19085169E+003  0.35764841E+003
  0.00000000E+000  0.00000000E+000  0.00000000E+000  0.00000000E+000  0.89678350E-002  0.14358769E+000  0.35124310E+001  0.29869191E+002  0.74544387E+002  0.19085223E+003  0.35765174E+003
  0.00000000E+000  0.00000000E+000  0.00000000E+000  0.00000000E+000  0.89677585E-002  0.14358693E+000  0.35124142E+001  0.29869208E+002  0.74544380E+002  0.19085273E+003  0.35765496E+003
  0.00000000E+000  0.00000000E+000  0.00000000E+000  0.00000000E+000  0.89676771E-002  0.14358619E+000  0.35123971E+001  0.29869225E+002  0.74544375E+002  0.19085320E+003  0.35765805E+003
  0.00000000E+000  0.00000000E+000  0.00000000E+000  0.00000000E+000  0.89675902E-002  0.14358548E+000  0.35123797E+001  0.29869240E+002  0.74544371E+002  0.19085364E+003  0.35766104E+003
  0.00000000E+000  0.00000000E+000  0.00000000E+000  0.00000000E+000  0.89674972E-002  0.14358478E+000  0.35123622E+001  0.29869254E+002  0.74544367E+002  0.19085405E+003  0.35766390E+003
  0.00000000E+000  0.00000000E+000  0.00000000E+000  0.00000000E+000  0.89673973E-002  0.14358410E+000  0.35123446E+001  0.29869267E+002  0.74544365E+002  0.19085444E+003  0.35766665E+003
  0.00000000E+000  0.00000000E+000  0.00000000E+000  0.00000000E+000  0.89672898E-002  0.14358342E+000  0.35123271E+001  0.29869279E+002  0.74544363E+002  0.19085479E+003  0.35766929E+003
  0.00000000E+000  0.00000000E+000  0.00000000E+000  0.00000000E+000  0.89671737E-002  0.14358273E+000  0.35123095E+001  0.29869288E+002  0.74544362E+002  0.19085513E+003  0.35767181E+003
  0.00000000E+000  0.00000000E+000  0.00000000E+000  0.00000000E+000  0.89670484E-002  0.14358205E+000  0.35122921E+001  0.29869296E+002  0.74544362E+002  0.19085543E+003  0.35767422E+003
  0.00000000E+000  0.00000000E+000  0.00000000E+000  0.00000000E+000  0.89669127E-002  0.14358135E+000  0.35122748E+001  0.29869302E+002  0.74544362E+002  0.19085572E+003  0.35767653E+003
  0.00000000E+000  0.00000000E+000  0.00000000E+000  0.00000000E+000  0.89667658E-002  0.14358063E+000  0.35122576E+001  0.29869307E+002  0.74544363E+002  0.19085598E+003  0.35767873E+003
  0.00000000E+000  0.00000000E+000  0.00000000E+000  0.00000000E+000  0.89666065E-002  0.14357989E+000  0.35122406E+001  0.29869309E+002  0.74544363E+002  0.19085623E+003  0.35768082E+003
  0.00000000E+000  0.00000000E+000  0.00000000E+000  0.00000000E+000  0.89664338E-002  0.14357911E+000  0.35122238E+001  0.29869309E+002  0.74544364E+002  0.19085645E+003  0.35768281E+003
  0.00000000E+000  0.00000000E+000  0.00000000E+000  0.00000000E+000  0.89662465E-002  0.14357830E+000  0.35122072E+001  0.29869307E+002  0.74544365E+002  0.19085666E+003  0.35768470E+003
  0.00000000E+000  0.00000000E+000  0.00000000E+000  0.00000000E+000  0.89660434E-002  0.14357744E+000  0.35121907E+001  0.29869303E+002  0.74544365E+002  0.19085685E+003  0.35768649E+003
  0.00000000E+000  0.00000000E+000  0.00000000E+000  0.00000000E+000  0.89658230E-002  0.14357653E+000  0.35121743E+001  0.29869297E+002  0.74544365E+002  0.19085702E+003  0.35768818E+003
  0.00000000E+000  0.00000000E+000  0.00000000E+000  0.00000000E+000  0.89655840E-002  0.14357555E+000  0.35121580E+001  0.29869288E+002  0.74544364E+002  0.19085718E+003  0.35768979E+003
  0.00000000E+000  0.00000000E+000  0.00000000E+000  0.00000000E+000  0.89653251E-002  0.14357451E+000  0.35121418E+001  0.29869278E+002  0.74544362E+002  0.19085733E+003  0.35769130E+003
  0.00000000E+000  0.00000000E+000  0.00000000E+000  0.00000000E+000  0.89650445E-002  0.14357338E+000  0.35121256E+001  0.29869265E+002  0.74544358E+002  0.19085746E+003  0.35769273E+003
  0.00000000E+000  0.00000000E+000  0.00000000E+000  0.00000000E+000  0.89647408E-002  0.14357216E+000  0.35121093E+001  0.29869250E+002  0.74544354E+002  0.19085757E+003  0.35769407E+003
  0.00000000E+000  0.00000000E+000  0.00000000E+000  0.00000000E+000  0.89644122E-002  0.14357084E+000  0.35120929E+001  0.29869233E+002  0.74544348E+002  0.19085768E+003  0.35769534E+003
  0.00000000E+000  0.00000000E+000  0.00000000E+000  0.00000000E+000  0.89640571E-002  0.14356940E+000  0.35120763E+001  0.29869214E+002  0.74544340E+002  0.19085777E+003  0.35769652E+003
  0.00000000E+000  0.00000000E+000  0.00000000E+000  0.00000000E+000  0.89636737E-002  0.14356783E+000  0.35120594E+001  0.29869192E+002  0.74544330E+002  0.19085786E+003  0.35769763E+003
  0.00000000E+000  0.00000000E+000  0.00000000E+000  0.00000000E+000  0.89632603E-002  0.14356613E+000  0.35120420E+001  0.29869168E+002  0.74544318E+002  0.19085793E+003  0.35769867E+003
  0.00000000E+000  0.00000000E+000  0.00000000E+000  0.00000000E+000  0.89628149E-002  0.14356427E+000  0.35120240E+001  0.29869142E+002  0.74544303E+002  0.19085799E+003  0.35769964E+003
  0.00000000E+000  0.00000000E+000  0.00000000E+000  0.00000000E+000  0.89623358E-002  0.14356224E+000  0.35120054E+001  0.29869113E+002  0.74544285E+002  0.19085805E+003  0.35770055E+003
  0.00000000E+000  0.00000000E+000  0.00000000E+000  0.00000000E+000  0.89618210E-002  0.14356002E+000  0.35119859E+001  0.29869082E+002  0.74544264E+002  0.19085809E+003  0.35770139E+003
  0.00000000E+000  0.00000000E+000  0.00000000E+000  0.00000000E+000  0.89612688E-002  0.14355760E+000  0.35119653E+001  0.29869048E+002  0.74544240E+002  0.19085812E+003  0.35770216E+003
  0.00000000E+000  0.00000000E+000  0.00000000E+000  0.00000000E+000  0.89606774E-002  0.14355496E+000  0.35119435E+001  0.29869011E+002  0.74544212E+002  0.19085814E+003  0.35770288E+003
  0.00000000E+000  0.00000000E+000  0.00000000E+000  0.00000000E+000  0.89600449E-002  0.14355208E+000  0.35119201E+001  0.29868971E+002  0.74544180E+002  0.19085816E+003  0.35770355E+003
  0.00000000E+000  0.00000000E+000  0.00000000E+000  0.00000000E+000  0.89593697E-002  0.14354893E+000  0.35118951E+001  0.29868928E+002  0.74544142E+002  0.19085816E+003  0.35770416E+003
  0.00000000E+000  0.00000000E+000  0.00000000E+000  0.00000000E+000  0.89586501E-002  0.14354551E+000  0.35118681E+001  0.29868881E+002  0.74544100E+002  0.19085815E+003  0.35770471E+003
  0.00000000E+000  0.00000000E+000  0.00000000E+000  0.00000000E+000  0.89578847E-002  0.14354179E+000  0.35118387E+001  0.29868830E+002  0.74544052E+002  0.19085813E+003  0.35770522E+003
  0.00000000E+000  0.00000000E+000  0.00000000E+000  0.00000000E+000  0.89570720E-002  0.14353774E+000  0.35118068E+001  0.29868774E+002  0.74543997E+002  0.19085810E+003  0.35770567E+003
  0.00000000E+000  0.00000000E+000  0.00000000E+000  0.00000000E+000  0.89562109E-002  0.14353336E+000  0.35117718E+001  0.29868713E+002  0.74543935E+002  0.19085805E+003  0.35770608E+003
  0.00000000E+000  0.00000000E+000  0.00000000E+000  0.00000000E+000  0.89553000E-002  0.14352860E+000  0.35117336E+001  0.29868647E+002  0.74543865E+002  0.19085799E+003  0.35770644E+003
  0.00000000E+000  0.00000000E+000  0.00000000E+000  0.00000000E+000  0.89543387E-002  0.14352346E+000  0.35116915E+001  0.29868573E+002  0.74543785E+002  0.19085791E+003  0.35770675E+003
  0.00000000E+000  0.00000000E+000  0.00000000E+000  0.00000000E+000  0.89533259E-002  0.14351792E+000  0.35116452E+001  0.29868493E+002  0.74543695E+002  0.19085782E+003  0.35770701E+003
  0.00000000E+000  0.00000000E+000  0.00000000E+000  0.00000000E+000  0.89522613E-002  0.14351194E+000  0.35115942E+001  0.29868403E+002  0.74543593E+002  0.19085771E+003  0.35770723E+003
  0.00000000E+000  0.00000000E+000  0.00000000E+000  0.00000000E+000  0.89511442E-002  0.14350553E+000  0.35115380E+001  0.29868304E+002  0.74543478E+002  0.19085757E+003  0.35770740E+003
  0.00000000E+000  0.00000000E+000  0.00000000E+000  0.00000000E+000  0.89499744E-002  0.14349865E+000  0.35114760E+001  0.29868194E+002  0.74543346E+002  0.19085741E+003  0.35770752E+003
  0.00000000E+000  0.00000000E+000  0.00000000E+000  0.00000000E+000  0.89487518E-002  0.14349129E+000  0.35114079E+001  0.29868070E+002  0.74543198E+002  0.19085722E+003  0.35770758E+003
  0.00000000E+000  0.00000000E+000  0.00000000E+000  0.00000000E+000  0.89474763E-002  0.14348344E+000  0.35113329E+001  0.29867933E+002  0.74543028E+002  0.19085699E+003  0.35770759E+003
  0.00000000E+000  0.00000000E+000  0.00000000E+000  0.00000000E+000  0.89461474E-002  0.14347509E+000  0.35112505E+001  0.29867778E+002  0.74542836E+002  0.19085673E+003  0.35770755E+003
  0.00000000E+000  0.00000000E+000  0.00000000E+000  0.00000000E+000  0.89447664E-002  0.14346623E+000  0.35111603E+001  0.29867604E+002  0.74542617E+002  0.19085643E+003  0.35770744E+003
  0.00000000E+000  0.00000000E+000  0.00000000E+000  0.00000000E+000  0.89433310E-002  0.14345686E+000  0.35110616E+001  0.29867408E+002  0.74542367E+002  0.19085608E+003  0.35770726E+003
  0.00000000E+000  0.00000000E+000  0.00000000E+000  0.00000000E+000  0.89418460E-002  0.14344698E+000  0.35109540E+001  0.29867188E+002  0.74542081E+002  0.19085567E+003  0.35770701E+003
  0.00000000E+000  0.00000000E+000  0.00000000E+000  0.00000000E+000  0.89403042E-002  0.14343659E+000  0.35108369E+001  0.29866939E+002  0.74541755E+002  0.19085520E+003  0.35770667E+003
  0.00000000E+000  0.00000000E+000  0.00000000E+000  0.00000000E+000  0.89387233E-002  0.14342573E+000  0.35107101E+001  0.29866659E+002  0.74541383E+002  0.19085465E+003  0.35770623E+003
  0.00000000E+000  0.00000000E+000  0.00000000E+000  0.00000000E+000  0.89370721E-002  0.14341437E+000  0.35105727E+001  0.29866342E+002  0.74540956E+002  0.19085402E+003  0.35770569E+003
  0.00000000E+000  0.00000000E+000  0.00000000E+000  0.00000000E+000  0.89354059E-002  0.14340265E+000  0.35104253E+001  0.29865989E+002  0.74540474E+002  0.19085329E+003  0.35770504E+003
  0.00000000E+000  0.00000000E+000  0.00000000E+000  0.00000000E+000  0.89336168E-002  0.14339035E+000  0.35102647E+001  0.29865580E+002  0.74539906E+002  0.19085244E+003  0.35770423E+003
  0.00000000E+000  0.00000000E+000  0.00000000E+000  0.00000000E+000  0.89320271E-002  0.14337820E+000  0.35100982E+001  0.29865142E+002  0.74539288E+002  0.19085149E+003  0.35770329E+003
