  0.21503135E-001  0.20337940E+000  0.17619700E+001  0.79290806E+002
  0.21569040E-001  0.20271184E+000  0.17631763E+001  0.79288191E+002
  0.21619950E-001  0.20221907E+000  0.17640643E+001  0.79285906E+002
  0.21658362E-001  0.20185450E+000  0.17647182E+001  0.79283991E+002
  0.21686931E-001  0.20158350E+000  0.17651948E+001  0.79282412E+002
  0.21707671E-001  0.20138268E+000  0.17655250E+001  0.79281127E+002
  0.21722176E-001  0.20123586E+000  0.17656951E+001  0.79280131E+002
  0.21731724E-001  0.20113149E+000  0.17658073E+001  0.79279303E+002
  0.21737348E-001  0.20106096E+000  0.17658749E+001  0.79278611E+002
  0.21739878E-001  0.20102820E+000  0.17658974E+001  0.79278032E+002
  0.21739982E-001  0.20102825E+000  0.17658822E+001  0.79277546E+002
  0.21738192E-001  0.20102905E+000  0.17658630E+001  0.79277136E+002
  0.21734928E-001  0.20103043E+000  0.17658413E+001  0.79276789E+002
  0.21730528E-001  0.20103225E+000  0.17658179E+001  0.79276496E+002
  0.21725257E-001  0.20105793E+000  0.17657699E+001  0.79276248E+002
  0.21719329E-001  0.20109724E+000  0.17657078E+001  0.79276037E+002
  0.21712915E-001  0.20114243E+000  0.17656397E+001  0.79275858E+002
  0.21706151E-001  0.20119220E+000  0.17655669E+001  0.79275706E+002
  0.21699145E-001  0.20124546E+000  0.17654907E+001  0.79275578E+002
  0.21691985E-001  0.20130132E+000  0.17654122E+001  0.79275470E+002
  0.21684741E-001  0.20135904E+000  0.17653320E+001  0.79275379E+002
  0.21677474E-001  0.20141800E+000  0.17652510E+001  0.79275303E+002
  0.21670229E-001  0.20147770E+000  0.17651697E+001  0.79275239E+002
  0.21663045E-001  0.20153775E+000  0.17650885E+001  0.79275187E+002
  0.21655955E-001  0.20159782E+000  0.17650079E+001  0.79275145E+002
  0.21648983E-001  0.20165766E+000  0.17649282E+001  0.79275112E+002
  0.21642153E-001  0.20171708E+000  0.17648496E+001  0.79275086E+002
  0.21635480E-001  0.20177592E+000  0.17647723E+001  0.79275067E+002
  0.21628979E-001  0.20183407E+000  0.17646964E+001  0.79275054E+002
  0.21622660E-001  0.20189146E+000  0.17646220E+001  0.79275046E+002
  0.21616531E-001  0.20194801E+000  0.17645492E+001  0.79275044E+002
  0.21610599E-001  0.20200370E+000  0.17644780E+001  0.79275047E+002
  0.21604866E-001  0.20205850E+000  0.17644084E+001  0.79275055E+002
  0.21599335E-001  0.20211239E+000  0.17643273E+001  0.79275080E+002
  0.21594007E-001  0.20216535E+000  0.17642375E+001  0.79275119E+002
  0.21588880E-001  0.20221737E+000  0.17641491E+001  0.79275163E+002
  0.21583955E-001  0.20226844E+000  0.17640622E+001  0.79275212E+002
  0.21579227E-001  0.20231855E+000  0.17639767E+001  0.79275265E+002
  0.21574696E-001  0.20236766E+000  0.17638928E+001  0.79275322E+002
  0.21570356E-001  0.20241576E+000  0.17638105E+001  0.79275383E+002
  0.21566203E-001  0.20246283E+000  0.17637298E+001  0.79275449E+002
  0.21562235E-001  0.20250882E+000  0.17636508E+001  0.79275520E+002
  0.21558446E-001  0.20255372E+000  0.17635735E+001  0.79275595E+002
  0.21554832E-001  0.20259748E+000  0.17634980E+001  0.79275674E+002
  0.21551390E-001  0.20264007E+000  0.17634245E+001  0.79275758E+002
  0.21548115E-001  0.20268143E+000  0.17633529E+001  0.79275847E+002
  0.21545004E-001  0.20272155E+000  0.17632834E+001  0.79275941E+002
  0.21542054E-001  0.20276036E+000  0.17632160E+001  0.79276039E+002
  0.21539262E-001  0.20279785E+000  0.17631508E+001  0.79276142E+002
  0.21536625E-001  0.20283396E+000  0.17630878E+001  0.79276250E+002
  0.21534141E-001  0.20286867E+000  0.17630271E+001  0.79276363E+002
  0.21531807E-001  0.20290196E+000  0.17629687E+001  0.79276481E+002
  0.21529621E-001  0.20293380E+000  0.17629127E+001  0.79276604E+002
  0.21527580E-001  0.20296418E+000  0.17628591E+001  0.79276732E+002
  0.21525682E-001  0.20299309E+000  0.17628079E+001  0.79276866E+002
  0.21523924E-001  0.20302053E+000  0.17627591E+001  0.79277005E+002
  0.21522305E-001  0.20304651E+000  0.17627126E+001  0.79277149E+002
  0.21520820E-001  0.20307106E+000  0.17626685E+001  0.79277299E+002
  0.21519467E-001  0.20309418E+000  0.17626267E+001  0.79277454E+002
  0.21518242E-001  0.20311592E+000  0.17625872E+001  0.79277615E+002
  0.21517142E-001  0.20313631E+000  0.17625498E+001  0.79277782E+002
  0.21516162E-001  0.20315541E+000  0.17625147E+001  0.79277955E+002
  0.21515299E-001  0.20317328E+000  0.17624816E+001  0.79278134E+002
  0.21514548E-001  0.20318996E+000  0.17624506E+001  0.79278319E+002
  0.21513904E-001  0.20320554E+000  0.17624216E+001  0.79278511E+002
  0.21513362E-001  0.20322008E+000  0.17623944E+001  0.79278710E+002
  0.21512918E-001  0.20323365E+000  0.17623691E+001  0.79278915E+002
  0.21512567E-001  0.20324634E+000  0.17623456E+001  0.79279128E+002
  0.21512302E-001  0.20325821E+000  0.17623239E+001  0.79279348E+002
  0.21512120E-001  0.20326936E+000  0.17623038E+001  0.79279576E+002
  0.21512014E-001  0.20327984E+000  0.17622853E+001  0.79279811E+002
  0.21511980E-001  0.20328975E+000  0.17622685E+001  0.79280055E+002
  0.21512013E-001  0.20329914E+000  0.17622532E+001  0.79280307E+002
  0.21512107E-001  0.20330809E+000  0.17622395E+001  0.79280567E+002
  0.21512257E-001  0.20331665E+000  0.17622273E+001  0.79280837E+002
  0.21512460E-001  0.20332490E+000  0.17622166E+001  0.79281115E+002
  0.21512708E-001  0.20333288E+000  0.17622074E+001  0.79281403E+002
  0.21512999E-001  0.20334063E+000  0.17621997E+001  0.79281701E+002
  0.21513328E-001  0.20334822E+000  0.17621934E+001  0.79282008E+002
  0.21513690E-001  0.20335568E+000  0.17621886E+001  0.79282326E+002
  0.21514080E-001  0.20336303E+000  0.17621851E+001  0.79282653E+002
  0.21514496E-001  0.20337032E+000  0.17621830E+001  0.79282990E+002
  0.21514933E-001  0.20337758E+000  0.17621823E+001  0.79283338E+002
  0.21515388E-001  0.20338482E+000  0.17621828E+001  0.79283696E+002
  0.21515856E-001  0.20339207E+000  0.17621846E+001  0.79284065E+002
  0.21516335E-001  0.20339934E+000  0.17621876E+001  0.79284444E+002
  0.21516822E-001  0.20340665E+000  0.17621916E+001  0.79284833E+002
  0.21517313E-001  0.20341400E+000  0.17621967E+001  0.79285233E+002
  0.21517807E-001  0.20342141E+000  0.17622029E+001  0.79285642E+002
  0.21518300E-001  0.20342887E+000  0.17622099E+001  0.79286062E+002
  0.21518791E-001  0.20343641E+000  0.17622178E+001  0.79286493E+002
  0.21519277E-001  0.20344400E+000  0.17622264E+001  0.79286932E+002
  0.21519757E-001  0.20345166E+000  0.17622358E+001  0.79287382E+002
  0.21520228E-001  0.20345938E+000  0.17622458E+001  0.79287841E+002
  0.21520690E-001  0.20346715E+000  0.17622564E+001  0.79288310E+002
  0.21521140E-001  0.20347498E+000  0.17622676E+001  0.79288788E+002
  0.21521578E-001  0.20348285E+000  0.17622793E+001  0.79289275E+002
  0.21522003E-001  0.20349075E+000  0.17622913E+001  0.79289771E+002
  0.21522413E-001  0.20349868E+000  0.17623038E+001  0.79290276E+002
  0.21522808E-001  0.20350662E+000  0.17623167E+001  0.79290789E+002
  0.21523187E-001  0.20351457E+000  0.17623299E+001  0.79291311E+002
  0.21523549E-001  0.20352251E+000  0.17623434E+001  0.79291840E+002
  0.21523895E-001  0.20353043E+000  0.17623572E+001  0.79292378E+002
  0.21524223E-001  0.20353832E+000  0.17623713E+001  0.79292923E+002
  0.21524533E-001  0.20354616E+000  0.17623856E+001  0.79293476E+002
  0.21524826E-001  0.20355394E+000  0.17624001E+001  0.79294036E+002
  0.21525101E-001  0.20356166E+000  0.17624149E+001  0.79294604E+002
  0.21525358E-001  0.20356928E+000  0.17624298E+001  0.79295179E+002
  0.21525597E-001  0.20357681E+000  0.17624449E+001  0.79295760E+002
  0.21525819E-001  0.20358423E+000  0.17624601E+001  0.79296349E+002
  0.21526023E-001  0.20359152E+000  0.17624755E+001  0.79296943E+002
  0.21526210E-001  0.20359869E+000  0.17624910E+001  0.79297545E+002
  0.21526381E-001  0.20360570E+000  0.17625065E+001  0.79298152E+002
  0.21526535E-001  0.20361257E+000  0.17625221E+001  0.79298766E+002
  0.21526674E-001  0.20361927E+000  0.17625378E+001  0.79299385E+002
  0.21526798E-001  0.20362579E+000  0.17625534E+001  0.79300010E+002
  0.21526907E-001  0.20363214E+000  0.17625690E+001  0.79300641E+002
  0.21527003E-001  0.20363830E+000  0.17625845E+001  0.79301277E+002
  0.21527085E-001  0.20364427E+000  0.17625999E+001  0.79301919E+002
  0.21527154E-001  0.20365004E+000  0.17626152E+001  0.79302565E+002
  0.21527211E-001  0.20365562E+000  0.17626303E+001  0.79303217E+002
  0.21527258E-001  0.20366099E+000  0.17626452E+001  0.79303873E+002
  0.21527293E-001  0.20366616E+000  0.17626599E+001  0.79304533E+002
  0.21527319E-001  0.20367112E+000  0.17626742E+001  0.79305198E+002
  0.21527336E-001  0.20367588E+000  0.17626883E+001  0.79305868E+002
  0.21527344E-001  0.20368043E+000  0.17627020E+001  0.79306541E+002
  0.21527344E-001  0.20368478E+000  0.17627153E+001  0.79307218E+002
  0.21527337E-001  0.20368894E+000  0.17627281E+001  0.79307898E+002
  0.21527323E-001  0.20369289E+000  0.17627406E+001  0.79308582E+002
  0.21527304E-001  0.20369665E+000  0.17627525E+001  0.79309269E+002
  0.21527279E-001  0.20370022E+000  0.17627640E+001  0.79309959E+002
  0.21527249E-001  0.20370360E+000  0.17627749E+001  0.79310651E+002
  0.21527215E-001  0.20370681E+000  0.17627853E+001  0.79311346E+002
  0.21527177E-001  0.20370983E+000  0.17627952E+001  0.79312043E+002
  0.21527135E-001  0.20371269E+000  0.17628045E+001  0.79312742E+002
  0.21527090E-001  0.20371538E+000  0.17628132E+001  0.79313443E+002
  0.21527043E-001  0.20371791E+000  0.17628214E+001  0.79314145E+002
  0.21526992E-001  0.20372028E+000  0.17628290E+001  0.79314848E+002
  0.21526940E-001  0.20372251E+000  0.17628360E+001  0.79315552E+002
  0.21526885E-001  0.20372459E+000  0.17628425E+001  0.79316256E+002
  0.21526829E-001  0.20372653E+000  0.17628484E+001  0.79316961E+002
  0.21526771E-001  0.20372834E+000  0.17628538E+001  0.79317666E+002
  0.21526711E-001  0.20373002E+000  0.17628587E+001  0.79318370E+002
  0.21526649E-001  0.20373158E+000  0.17628630E+001  0.79319074E+002
  0.21526586E-001  0.20373302E+000  0.17628668E+001  0.79319777E+002
  0.21526521E-001  0.20373435E+000  0.17628702E+001  0.79320479E+002
  0.21526455E-001  0.20373557E+000  0.17628731E+001  0.79321180E+002
  0.21526386E-001  0.20373668E+000  0.17628755E+001  0.79321878E+002
  0.21526316E-001  0.20373769E+000  0.17628776E+001  0.79322575E+002
  0.21526243E-001  0.20373860E+000  0.17628792E+001  0.79323269E+002
  0.21526169E-001  0.20373942E+000  0.17628804E+001  0.79323960E+002
  0.21526091E-001  0.20374014E+000  0.17628813E+001  0.79324649E+002
  0.21526010E-001  0.20374076E+000  0.17628819E+001  0.79325334E+002
  0.21525926E-001  0.20374130E+000  0.17628821E+001  0.79326016E+002
  0.21525839E-001  0.20374175E+000  0.17628820E+001  0.79326694E+002
  0.21525747E-001  0.20374211E+000  0.17628816E+001  0.79327368E+002
  0.21525650E-001  0.20374238E+000  0.17628810E+001  0.79328037E+002
  0.21525549E-001  0.20374256E+000  0.17628801E+001  0.79328702E+002
  0.21525441E-001  0.20374265E+000  0.17628789E+001  0.79329361E+002
  0.21525327E-001  0.20374265E+000  0.17628775E+001  0.79330016E+002
  0.21525207E-001  0.20374256E+000  0.17628759E+001  0.79330664E+002
  0.21525078E-001  0.20374236E+000  0.17628740E+001  0.79331307E+002
  0.21524941E-001  0.20374207E+000  0.17628719E+001  0.79331944E+002
  0.21524795E-001  0.20374167E+000  0.17628696E+001  0.79332574E+002
  0.21524639E-001  0.20374115E+000  0.17628671E+001  0.79333197E+002
  0.21524472E-001  0.20374053E+000  0.17628643E+001  0.79333814E+002
  0.21524294E-001  0.20373977E+000  0.17628613E+001  0.79334423E+002
  0.21524103E-001  0.20373889E+000  0.17628581E+001  0.79335024E+002
  0.21523898E-001  0.20373786E+000  0.17628545E+001  0.79335617E+002
  0.21523678E-001  0.20373669E+000  0.17628507E+001  0.79336202E+002
  0.21523443E-001  0.20373536E+000  0.17628466E+001  0.79336778E+002
  0.21523192E-001  0.20373385E+000  0.17628422E+001  0.79337344E+002
  0.21522923E-001  0.20373216E+000  0.17628374E+001  0.79337901E+002
  0.21522635E-001  0.20373028E+000  0.17628322E+001  0.79338449E+002
  0.21522327E-001  0.20372819E+000  0.17628266E+001  0.79338985E+002
  0.21522000E-001  0.20372587E+000  0.17628206E+001  0.79339511E+002
  0.21521650E-001  0.20372331E+000  0.17628140E+001  0.79340024E+002
  0.21521278E-001  0.20372049E+000  0.17628069E+001  0.79340526E+002
  0.21520883E-001  0.20371740E+000  0.17627991E+001  0.79341014E+002
  0.21520464E-001  0.20371401E+000  0.17627907E+001  0.79341489E+002
  0.21520020E-001  0.20371032E+000  0.17627817E+001  0.79341949E+002
  0.21519551E-001  0.20370629E+000  0.17627718E+001  0.79342394E+002
  0.21519055E-001  0.20370192E+000  0.17627611E+001  0.79342822E+002
  0.21518534E-001  0.20369717E+000  0.17627496E+001  0.79343232E+002
  0.21517985E-001  0.20369204E+000  0.17627371E+001  0.79343623E+002
  0.21517410E-001  0.20368649E+000  0.17627237E+001  0.79343993E+002
  0.21516809E-001  0.20368051E+000  0.17627092E+001  0.79344341E+002
  0.21516180E-001  0.20367408E+000  0.17626936E+001  0.79344665E+002
  0.21515526E-001  0.20366718E+000  0.17626770E+001  0.79344963E+002
  0.21514847E-001  0.20365978E+000  0.17626593E+001  0.79345232E+002
  0.21514143E-001  0.20365185E+000  0.17626404E+001  0.79345471E+002
  0.21513418E-001  0.20364336E+000  0.17626206E+001  0.79345675E+002
  0.21512675E-001  0.20363426E+000  0.17625998E+001  0.79345843E+002
  0.21511921E-001  0.20362449E+000  0.17625782E+001  0.79345970E+002
  0.21511163E-001  0.20361391E+000  0.17625561E+001  0.79346053E+002
  0.21510430E-001  0.20360237E+000  0.17625340E+001  0.79346087E+002
  0.21509751E-001  0.20358937E+000  0.17625128E+001  0.79346066E+002
  0.21509198E-001  0.20357476E+000  0.17624933E+001  0.79345989E+002
  0.21508852E-001  0.20355672E+000  0.17624788E+001  0.79345839E+002
  0.21508794E-001  0.20353752E+000  0.17624665E+001  0.79345639E+002
