  0.69450590E-001
  0.69544061E-001
  0.69519368E-001
  0.69473134E-001
  0.69426912E-001
  0.69385939E-001
  0.69351097E-001
  0.69321891E-001
  0.69297605E-001
  0.69277294E-001
  0.69260293E-001
  0.69246037E-001
  0.69234063E-001
  0.69223991E-001
  0.69215503E-001
  0.69208343E-001
  0.69202287E-001
  0.69197160E-001
  0.69192814E-001
  0.69189130E-001
  0.69186002E-001
  0.69183351E-001
  0.69181103E-001
  0.69179199E-001
  0.69177589E-001
  0.69176228E-001
  0.69175081E-001
  0.69174116E-001
  0.69173306E-001
  0.69172630E-001
  0.69172064E-001
  0.69171596E-001
  0.69171209E-001
  0.69170891E-001
  0.69170634E-001
  0.69170428E-001
  0.69170267E-001
  0.69170144E-001
  0.69170054E-001
  0.69169993E-001
  0.69169957E-001
  0.69169944E-001
  0.69169949E-001
  0.69169972E-001
  0.69170010E-001
  0.69170061E-001
  0.69170125E-001
  0.69170198E-001
  0.69170281E-001
  0.69170371E-001
  0.69170468E-001
  0.69170571E-001
  0.69170679E-001
  0.69170790E-001
  0.69170904E-001
  0.69171020E-001
  0.69171138E-001
  0.69171257E-001
  0.69171375E-001
  0.69171494E-001
  0.69171612E-001
  0.69171729E-001
  0.69171844E-001
  0.69171958E-001
  0.69172071E-001
  0.69172182E-001
  0.69172292E-001
  0.69172402E-001
  0.69172511E-001
  0.69172620E-001
  0.69172730E-001
  0.69172841E-001
  0.69172954E-001
  0.69173071E-001
  0.69173192E-001
  0.69173317E-001
  0.69173449E-001
  0.69173589E-001
  0.69173736E-001
  0.69173893E-001
  0.69174060E-001
  0.69174238E-001
  0.69174428E-001
  0.69174631E-001
  0.69174847E-001
  0.69175077E-001
  0.69175322E-001
  0.69175581E-001
  0.69175854E-001
  0.69176143E-001
  0.69176446E-001
  0.69176764E-001
  0.69177096E-001
  0.69177443E-001
  0.69177802E-001
  0.69178175E-001
  0.69178560E-001
  0.69178958E-001
  0.69179367E-001
  0.69179787E-001
  0.69180218E-001
  0.69180659E-001
  0.69181109E-001
  0.69181569E-001
  0.69182037E-001
  0.69182514E-001
  0.69182999E-001
  0.69183491E-001
  0.69183991E-001
  0.69184498E-001
  0.69185011E-001
  0.69185531E-001
  0.69186057E-001
  0.69186589E-001
  0.69187128E-001
  0.69187671E-001
  0.69188220E-001
  0.69188774E-001
  0.69189333E-001
  0.69189897E-001
  0.69190466E-001
  0.69191039E-001
  0.69191616E-001
  0.69192198E-001
  0.69192783E-001
  0.69193372E-001
  0.69193965E-001
  0.69194561E-001
  0.69195160E-001
  0.69195763E-001
  0.69196368E-001
  0.69196976E-001
  0.69197587E-001
  0.69198200E-001
  0.69198815E-001
  0.69199432E-001
  0.69200050E-001
  0.69200671E-001
  0.69201292E-001
  0.69201915E-001
  0.69202539E-001
  0.69203163E-001
  0.69203789E-001
  0.69204414E-001
  0.69205040E-001
  0.69205665E-001
  0.69206290E-001
  0.69206915E-001
  0.69207539E-001
  0.69208161E-001
  0.69208783E-001
  0.69209403E-001
  0.69210022E-001
  0.69210638E-001
  0.69211252E-001
  0.69211864E-001
  0.69212473E-001
  0.69213080E-001
  0.69213683E-001
  0.69214283E-001
  0.69214879E-001
  0.69215472E-001
  0.69216060E-001
  0.69216644E-001
  0.69217223E-001
  0.69217798E-001
  0.69218367E-001
  0.69218931E-001
  0.69219489E-001
  0.69220041E-001
  0.69220587E-001
  0.69221127E-001
  0.69221660E-001
  0.69222185E-001
  0.69222703E-001
  0.69223213E-001
  0.69223715E-001
  0.69224209E-001
  0.69224693E-001
  0.69225169E-001
  0.69225635E-001
  0.69226091E-001
  0.69226536E-001
  0.69226972E-001
  0.69227396E-001
  0.69227810E-001
  0.69228213E-001
  0.69228604E-001
  0.69228985E-001
  0.69229354E-001
  0.69229713E-001
  0.69230063E-001
  0.69230401E-001
  0.69230734E-001
  0.69231055E-001
  0.69231376E-001
  0.69231660E-001
  0.69232000E-001
  0.69232263E-001
  0.69231849E-001
