  0.16194813E+001
  0.16166751E+001
  0.16146246E+001
  0.16130830E+001
  0.16119114E+001
  0.16110206E+001
  0.16103474E+001
  0.16098474E+001
  0.16094864E+001
  0.16092371E+001
  0.16090779E+001
  0.16089920E+001
  0.16089657E+001
  0.16089879E+001
  0.16090498E+001
  0.16091439E+001
  0.16092643E+001
  0.16094062E+001
  0.16095656E+001
  0.16097391E+001
  0.16099242E+001
  0.16101187E+001
  0.16103206E+001
  0.16105284E+001
  0.16107409E+001
  0.16109570E+001
  0.16111758E+001
  0.16113966E+001
  0.16116187E+001
  0.16118416E+001
  0.16120648E+001
  0.16122880E+001
  0.16125109E+001
  0.16127330E+001
  0.16129543E+001
  0.16131744E+001
  0.16133930E+001
  0.16136101E+001
  0.16138253E+001
  0.16140384E+001
  0.16142494E+001
  0.16144579E+001
  0.16146637E+001
  0.16148667E+001
  0.16150666E+001
  0.16152633E+001
  0.16154565E+001
  0.16156460E+001
  0.16158317E+001
  0.16160132E+001
  0.16161905E+001
  0.16163633E+001
  0.16165315E+001
  0.16166949E+001
  0.16168534E+001
  0.16170069E+001
  0.16171552E+001
  0.16172982E+001
  0.16174359E+001
  0.16175682E+001
  0.16176951E+001
  0.16178165E+001
  0.16179325E+001
  0.16180430E+001
  0.16181481E+001
  0.16182479E+001
  0.16183423E+001
  0.16184315E+001
  0.16185155E+001
  0.16185943E+001
  0.16186682E+001
  0.16187371E+001
  0.16188012E+001
  0.16188606E+001
  0.16189154E+001
  0.16189657E+001
  0.16190118E+001
  0.16190537E+001
  0.16190916E+001
  0.16191257E+001
  0.16191561E+001
  0.16191831E+001
  0.16192069E+001
  0.16192276E+001
  0.16192455E+001
  0.16192607E+001
  0.16192736E+001
  0.16192843E+001
  0.16192930E+001
  0.16192999E+001
  0.16193053E+001
  0.16193093E+001
  0.16193120E+001
  0.16193137E+001
  0.16193145E+001
  0.16193146E+001
  0.16193140E+001
  0.16193128E+001
  0.16193113E+001
  0.16193094E+001
  0.16193073E+001
  0.16193049E+001
  0.16193025E+001
  0.16192999E+001
  0.16192972E+001
  0.16192945E+001
  0.16192918E+001
  0.16192891E+001
  0.16192865E+001
  0.16192838E+001
  0.16192813E+001
  0.16192787E+001
  0.16192762E+001
  0.16192738E+001
  0.16192714E+001
  0.16192690E+001
  0.16192667E+001
  0.16192644E+001
  0.16192622E+001
  0.16192600E+001
  0.16192579E+001
  0.16192558E+001
  0.16192537E+001
  0.16192517E+001
  0.16192497E+001
  0.16192478E+001
  0.16192458E+001
  0.16192439E+001
  0.16192421E+001
  0.16192402E+001
  0.16192384E+001
  0.16192366E+001
  0.16192348E+001
  0.16192331E+001
  0.16192314E+001
  0.16192297E+001
  0.16192280E+001
  0.16192264E+001
  0.16192248E+001
  0.16192232E+001
  0.16192216E+001
  0.16192201E+001
  0.16192186E+001
  0.16192171E+001
  0.16192156E+001
  0.16192142E+001
  0.16192128E+001
  0.16192114E+001
  0.16192101E+001
  0.16192088E+001
  0.16192075E+001
  0.16192063E+001
  0.16192051E+001
  0.16192039E+001
  0.16192027E+001
  0.16192016E+001
  0.16192006E+001
  0.16191995E+001
  0.16191986E+001
  0.16191976E+001
  0.16191967E+001
  0.16191958E+001
  0.16191950E+001
  0.16191942E+001
  0.16191935E+001
  0.16191928E+001
  0.16191922E+001
  0.16191916E+001
  0.16191911E+001
  0.16191906E+001
  0.16191903E+001
  0.16191899E+001
  0.16191897E+001
  0.16191895E+001
  0.16191894E+001
  0.16191894E+001
  0.16191894E+001
  0.16191896E+001
  0.16191899E+001
  0.16191903E+001
  0.16191908E+001
  0.16191914E+001
  0.16191922E+001
  0.16191930E+001
  0.16191940E+001
  0.16191951E+001
  0.16191963E+001
  0.16191976E+001
  0.16191989E+001
  0.16192001E+001
  0.16192011E+001
  0.16192017E+001
  0.16192017E+001
  0.16192008E+001
  0.16191984E+001
  0.16191936E+001
  0.16191846E+001
  0.16191705E+001
  0.16191469E+001
  0.16191179E+001
