  0.10734220E+001  0.56719647E+000  0.83806708E+000  0.39992400E+001
  0.10399864E+001  0.58992712E+000  0.84332891E+000  0.39934585E+001
  0.10302201E+001  0.58693937E+000  0.85167340E+000  0.39896662E+001
  0.10236183E+001  0.58269300E+000  0.85950875E+000  0.39865122E+001
  0.10224968E+001  0.57963702E+000  0.86123886E+000  0.39842734E+001
  0.10144425E+001  0.58418149E+000  0.86287227E+000  0.39825865E+001
  0.10129745E+001  0.58232423E+000  0.86468194E+000  0.39814093E+001
  0.10096112E+001  0.58187937E+000  0.86740252E+000  0.39804971E+001
  0.99589943E+000  0.59465138E+000  0.86756057E+000  0.39798346E+001
  0.99398586E+000  0.59578822E+000  0.86557565E+000  0.39815991E+001
  0.99194031E+000  0.59748407E+000  0.86543105E+000  0.39814568E+001
  0.98635969E+000  0.60257559E+000  0.86559887E+000  0.39814343E+001
  0.98619891E+000  0.60261750E+000  0.86554614E+000  0.39815006E+001
  0.98314620E+000  0.60551698E+000  0.86564588E+000  0.39816431E+001
  0.97935260E+000  0.60635787E+000  0.86864325E+000  0.39818459E+001
  0.97937658E+000  0.60600619E+000  0.86909694E+000  0.39820965E+001
  0.97943568E+000  0.60608269E+000  0.86915468E+000  0.39823848E+001
  0.97444666E+000  0.61079854E+000  0.86967693E+000  0.39827032E+001
  0.97456347E+000  0.61089083E+000  0.86976298E+000  0.39830455E+001
  0.97469823E+000  0.61099310E+000  0.86985904E+000  0.39834066E+001
  0.96897800E+000  0.61697363E+000  0.86996306E+000  0.39837828E+001
  0.96899314E+000  0.61675003E+000  0.87056130E+000  0.39841707E+001
  0.96917234E+000  0.61686615E+000  0.87067644E+000  0.39845678E+001
  0.96935715E+000  0.61698963E+000  0.87079527E+000  0.39849720E+001
  0.96955583E+000  0.61713968E+000  0.87088691E+000  0.39853816E+001
  0.96524085E+000  0.62178188E+000  0.87101043E+000  0.39857953E+001
  0.96545162E+000  0.62190495E+000  0.87113526E+000  0.39862119E+001
  0.96566737E+000  0.62202811E+000  0.87126088E+000  0.39866304E+001
  0.96588713E+000  0.62215100E+000  0.87138688E+000  0.39870502E+001
  0.96611006E+000  0.62227331E+000  0.87151293E+000  0.39874705E+001
  0.96633541E+000  0.62239478E+000  0.87163875E+000  0.39878908E+001
  0.96656252E+000  0.62251517E+000  0.87176416E+000  0.39883107E+001
  0.96679082E+000  0.62263430E+000  0.87188901E+000  0.39887298E+001
  0.96701977E+000  0.62275200E+000  0.87201319E+000  0.39891476E+001
  0.96724891E+000  0.62286811E+000  0.87213663E+000  0.39895640E+001
  0.96747776E+000  0.62298248E+000  0.87225928E+000  0.39899784E+001
  0.96770592E+000  0.62309500E+000  0.87238113E+000  0.39903905E+001
  0.96793297E+000  0.62320555E+000  0.87250215E+000  0.39908001E+001
  0.96815852E+000  0.62331401E+000  0.87262235E+000  0.39912067E+001
  0.96838221E+000  0.62342031E+000  0.87274173E+000  0.39916101E+001
  0.96860365E+000  0.62352433E+000  0.87286029E+000  0.39920097E+001
  0.96882249E+000  0.62362601E+000  0.87297806E+000  0.39924054E+001
  0.96903838E+000  0.62372526E+000  0.87309127E+000  0.39928005E+001
  0.96925095E+000  0.62382200E+000  0.87319077E+000  0.39932036E+001
  0.96945986E+000  0.62391617E+000  0.87328943E+000  0.39936016E+001
  0.96966477E+000  0.62400770E+000  0.87338726E+000  0.39939940E+001
  0.96986535E+000  0.62409653E+000  0.87348427E+000  0.39943804E+001
  0.97006128E+000  0.62418259E+000  0.87358046E+000  0.39947603E+001
  0.97025224E+000  0.62426583E+000  0.87367582E+000  0.39951333E+001
  0.97043796E+000  0.62434619E+000  0.87377033E+000  0.39954989E+001
  0.97061816E+000  0.62442364E+000  0.87386397E+000  0.39958567E+001
  0.97079259E+000  0.62449812E+000  0.87395669E+000  0.39962064E+001
  0.97096103E+000  0.62456961E+000  0.87404843E+000  0.39965475E+001
  0.97112329E+000  0.62463809E+000  0.87413914E+000  0.39968798E+001
  0.97127920E+000  0.62470352E+000  0.87422873E+000  0.39972028E+001
  0.97142862E+000  0.62476591E+000  0.87431714E+000  0.39975164E+001
  0.97157146E+000  0.62482526E+000  0.87440427E+000  0.39978202E+001
  0.97170763E+000  0.62488158E+000  0.87449001E+000  0.39981140E+001
  0.97183710E+000  0.62493489E+000  0.87457426E+000  0.39983978E+001
  0.97195986E+000  0.62498524E+000  0.87465690E+000  0.39986713E+001
  0.97207595E+000  0.62503267E+000  0.87473782E+000  0.39989343E+001
  0.97218541E+000  0.62507725E+000  0.87481688E+000  0.39991870E+001
  0.97228833E+000  0.62511904E+000  0.87489396E+000  0.39994291E+001
  0.97238483E+000  0.62515811E+000  0.87496894E+000  0.39996607E+001
  0.97247503E+000  0.62519456E+000  0.87504168E+000  0.39998818E+001
  0.97255909E+000  0.62522848E+000  0.87511205E+000  0.40000924E+001
  0.97263720E+000  0.62525996E+000  0.87517995E+000  0.40002927E+001
  0.97270955E+000  0.62528910E+000  0.87524526E+000  0.40004825E+001
  0.97277634E+000  0.62531600E+000  0.87530788E+000  0.40006621E+001
  0.97283780E+000  0.62534076E+000  0.87536771E+000  0.40008315E+001
  0.97289415E+000  0.62536349E+000  0.87542470E+000  0.40009908E+001
  0.97294563E+000  0.62538428E+000  0.87547878E+000  0.40011401E+001
  0.97299248E+000  0.62540324E+000  0.87552992E+000  0.40012795E+001
  0.97303494E+000  0.62542045E+000  0.87557809E+000  0.40014093E+001
  0.97307326E+000  0.62543602E+000  0.87562329E+000  0.40015294E+001
  0.97310767E+000  0.62545005E+000  0.87566555E+000  0.40016402E+001
  0.97313842E+000  0.62546261E+000  0.87570490E+000  0.40017417E+001
  0.97316576E+000  0.62547381E+000  0.87574140E+000  0.40018343E+001
  0.97318990E+000  0.62548373E+000  0.87577513E+000  0.40019181E+001
  0.97321110E+000  0.62549246E+000  0.87580618E+000  0.40019935E+001
  0.97322958E+000  0.62550009E+000  0.87583466E+000  0.40020607E+001
  0.97324555E+000  0.62550670E+000  0.87586070E+000  0.40021200E+001
  0.97325923E+000  0.62551238E+000  0.87588444E+000  0.40021719E+001
  0.97327082E+000  0.62551721E+000  0.87590601E+000  0.40022168E+001
  0.97328053E+000  0.62552126E+000  0.87592556E+000  0.40022550E+001
  0.97328854E+000  0.62552463E+000  0.87594327E+000  0.40022870E+001
  0.97329503E+000  0.62552736E+000  0.87595928E+000  0.40023133E+001
  0.97330015E+000  0.62552955E+000  0.87597375E+000  0.40023342E+001
  0.97330408E+000  0.62553125E+000  0.87598685E+000  0.40023503E+001
  0.97330695E+000  0.62553253E+000  0.87599873E+000  0.40023620E+001
  0.97330889E+000  0.62553344E+000  0.87600953E+000  0.40023698E+001
  0.97331001E+000  0.62553404E+000  0.87601941E+000  0.40023740E+001
  0.97331044E+000  0.62553437E+000  0.87602849E+000  0.40023752E+001
  0.97331026E+000  0.62553449E+000  0.87603690E+000  0.40023737E+001
  0.97330956E+000  0.62553443E+000  0.87604476E+000  0.40023698E+001
  0.97330841E+000  0.62553423E+000  0.87605216E+000  0.40023639E+001
  0.97330689E+000  0.62553391E+000  0.87605922E+000  0.40023563E+001
  0.97330505E+000  0.62553352E+000  0.87606601E+000  0.40023473E+001
  0.97330295E+000  0.62553306E+000  0.87607261E+000  0.40023371E+001
  0.97330062E+000  0.62553257E+000  0.87607908E+000  0.40023259E+001
  0.97329810E+000  0.62553206E+000  0.87608549E+000  0.40023140E+001
  0.97329543E+000  0.62553154E+000  0.87609187E+000  0.40023014E+001
  0.97329263E+000  0.62553102E+000  0.87609826E+000  0.40022884E+001
  0.97328972E+000  0.62553051E+000  0.87610471E+000  0.40022750E+001
  0.97328673E+000  0.62553003E+000  0.87611122E+000  0.40022614E+001
  0.97328367E+000  0.62552956E+000  0.87611783E+000  0.40022475E+001
  0.97328056E+000  0.62552912E+000  0.87612454E+000  0.40022336E+001
  0.97327740E+000  0.62552871E+000  0.87613137E+000  0.40022196E+001
  0.97327420E+000  0.62552832E+000  0.87613831E+000  0.40022056E+001
  0.97327098E+000  0.62552795E+000  0.87614537E+000  0.40021916E+001
  0.97326774E+000  0.62552760E+000  0.87615255E+000  0.40021776E+001
  0.97326448E+000  0.62552728E+000  0.87615984E+000  0.40021637E+001
  0.97326123E+000  0.62552696E+000  0.87616724E+000  0.40021499E+001
  0.97325797E+000  0.62552666E+000  0.87617474E+000  0.40021361E+001
  0.97325471E+000  0.62552636E+000  0.87618234E+000  0.40021225E+001
  0.97325147E+000  0.62552607E+000  0.87619001E+000  0.40021089E+001
  0.97324824E+000  0.62552577E+000  0.87619777E+000  0.40020955E+001
  0.97324503E+000  0.62552546E+000  0.87620558E+000  0.40020821E+001
  0.97324184E+000  0.62552515E+000  0.87621345E+000  0.40020689E+001
  0.97323869E+000  0.62552481E+000  0.87622136E+000  0.40020558E+001
  0.97323556E+000  0.62552446E+000  0.87622931E+000  0.40020428E+001
  0.97323248E+000  0.62552409E+000  0.87623728E+000  0.40020299E+001
  0.97322943E+000  0.62552370E+000  0.87624527E+000  0.40020171E+001
  0.97322643E+000  0.62552327E+000  0.87625327E+000  0.40020044E+001
  0.97322348E+000  0.62552282E+000  0.87626126E+000  0.40019918E+001
  0.97322058E+000  0.62552234E+000  0.87626924E+000  0.40019794E+001
  0.97321774E+000  0.62552182E+000  0.87627721E+000  0.40019671E+001
  0.97321495E+000  0.62552127E+000  0.87628515E+000  0.40019548E+001
  0.97321223E+000  0.62552069E+000  0.87629305E+000  0.40019428E+001
  0.97320957E+000  0.62552008E+000  0.87630092E+000  0.40019308E+001
  0.97320697E+000  0.62551943E+000  0.87630874E+000  0.40019189E+001
  0.97320444E+000  0.62551876E+000  0.87631651E+000  0.40019072E+001
  0.97320198E+000  0.62551805E+000  0.87632422E+000  0.40018956E+001
  0.97319959E+000  0.62551732E+000  0.87633186E+000  0.40018841E+001
  0.97319726E+000  0.62551656E+000  0.87633944E+000  0.40018728E+001
  0.97319501E+000  0.62551577E+000  0.87634694E+000  0.40018615E+001
  0.97319283E+000  0.62551496E+000  0.87635436E+000  0.40018504E+001
  0.97319072E+000  0.62551414E+000  0.87636170E+000  0.40018395E+001
  0.97318869E+000  0.62551329E+000  0.87636896E+000  0.40018286E+001
  0.97318672E+000  0.62551243E+000  0.87637612E+000  0.40018179E+001
  0.97318483E+000  0.62551157E+000  0.87638319E+000  0.40018074E+001
  0.97318300E+000  0.62551069E+000  0.87639016E+000  0.40017969E+001
  0.97318125E+000  0.62550981E+000  0.87639703E+000  0.40017867E+001
  0.97317956E+000  0.62550892E+000  0.87640379E+000  0.40017765E+001
  0.97317794E+000  0.62550804E+000  0.87641045E+000  0.40017666E+001
  0.97317639E+000  0.62550716E+000  0.87641700E+000  0.40017567E+001
  0.97317491E+000  0.62550628E+000  0.87642343E+000  0.40017471E+001
  0.97317349E+000  0.62550541E+000  0.87642975E+000  0.40017376E+001
  0.97317213E+000  0.62550456E+000  0.87643596E+000  0.40017282E+001
  0.97317084E+000  0.62550371E+000  0.87644205E+000  0.40017190E+001
  0.97316960E+000  0.62550288E+000  0.87644801E+000  0.40017100E+001
  0.97316843E+000  0.62550207E+000  0.87645386E+000  0.40017012E+001
  0.97316732E+000  0.62550128E+000  0.87645958E+000  0.40016926E+001
  0.97316627E+000  0.62550050E+000  0.87646518E+000  0.40016841E+001
  0.97316528E+000  0.62549975E+000  0.87647065E+000  0.40016758E+001
  0.97316435E+000  0.62549902E+000  0.87647599E+000  0.40016677E+001
  0.97316347E+000  0.62549831E+000  0.87648120E+000  0.40016598E+001
  0.97316265E+000  0.62549763E+000  0.87648628E+000  0.40016521E+001
  0.97316188E+000  0.62549698E+000  0.87649124E+000  0.40016446E+001
  0.97316117E+000  0.62549635E+000  0.87649606E+000  0.40016373E+001
  0.97316052E+000  0.62549575E+000  0.87650075E+000  0.40016303E+001
  0.97315993E+000  0.62549517E+000  0.87650530E+000  0.40016234E+001
  0.97315939E+000  0.62549463E+000  0.87650972E+000  0.40016168E+001
  0.97315892E+000  0.62549411E+000  0.87651401E+000  0.40016104E+001
  0.97315850E+000  0.62549362E+000  0.87651816E+000  0.40016042E+001
  0.97315815E+000  0.62549316E+000  0.87652218E+000  0.40015983E+001
  0.97315785E+000  0.62549273E+000  0.87652606E+000  0.40015926E+001
  0.97315763E+000  0.62549233E+000  0.87652980E+000  0.40015872E+001
  0.97315747E+000  0.62549196E+000  0.87653341E+000  0.40015821E+001
  0.97315739E+000  0.62549162E+000  0.87653688E+000  0.40015772E+001
  0.97315738E+000  0.62549132E+000  0.87654021E+000  0.40015726E+001
  0.97315745E+000  0.62549104E+000  0.87654340E+000  0.40015683E+001
  0.97315760E+000  0.62549079E+000  0.87654645E+000  0.40015643E+001
  0.97315785E+000  0.62549058E+000  0.87654935E+000  0.40015606E+001
  0.97315820E+000  0.62549040E+000  0.87655212E+000  0.40015573E+001
  0.97315864E+000  0.62549026E+000  0.87655473E+000  0.40015543E+001
  0.97315920E+000  0.62549014E+000  0.87655720E+000  0.40015517E+001
  0.97315988E+000  0.62549007E+000  0.87655952E+000  0.40015494E+001
  0.97316069E+000  0.62549003E+000  0.87656168E+000  0.40015476E+001
  0.97316164E+000  0.62549003E+000  0.87656369E+000  0.40015462E+001
  0.97316274E+000  0.62549006E+000  0.87656552E+000  0.40015453E+001
  0.97316400E+000  0.62549014E+000  0.87656718E+000  0.40015448E+001
  0.97316542E+000  0.62549025E+000  0.87656866E+000  0.40015448E+001
  0.97316703E+000  0.62549041E+000  0.87656994E+000  0.40015453E+001
  0.97316882E+000  0.62549060E+000  0.87657100E+000  0.40015462E+001
  0.97317080E+000  0.62549082E+000  0.87657182E+000  0.40015476E+001
  0.97317296E+000  0.62549107E+000  0.87657237E+000  0.40015495E+001
  0.97317531E+000  0.62549135E+000  0.87657260E+000  0.40015516E+001
  0.97317780E+000  0.62549163E+000  0.87657247E+000  0.40015541E+001
  0.97318039E+000  0.62549189E+000  0.87657189E+000  0.40015565E+001
  0.97318300E+000  0.62549211E+000  0.87657077E+000  0.40015588E+001
  0.97318552E+000  0.62549224E+000  0.87656897E+000  0.40015606E+001
  0.97318772E+000  0.62549219E+000  0.87656632E+000  0.40015613E+001
  0.97318930E+000  0.62549186E+000  0.87656257E+000  0.40015601E+001
  0.97318966E+000  0.62549098E+000  0.87655731E+000  0.40015561E+001
  0.97318807E+000  0.62548928E+000  0.87655008E+000  0.40015473E+001
  0.97318262E+000  0.62548560E+000  0.87653975E+000  0.40015311E+001
  0.97317276E+000  0.62547989E+000  0.87652597E+000  0.40015038E+001
  0.97315295E+000  0.62546735E+000  0.87650509E+000  0.40014628E+001
  0.97312963E+000  0.62545466E+000  0.87648115E+000  0.40014065E+001
