 -0.17162812E+000  0.12896463E+000  0.18736487E+001  0.46469403E+001
 -0.17261875E+000  0.12777522E+000  0.18682953E+001  0.46432492E+001
 -0.17330346E+000  0.12693813E+000  0.18642663E+001  0.46405981E+001
 -0.17379354E+000  0.12633602E+000  0.18612031E+001  0.46385868E+001
 -0.17413945E+000  0.12590090E+000  0.18588727E+001  0.46370120E+001
 -0.17437847E+000  0.12559076E+000  0.18571229E+001  0.46357477E+001
 -0.17453856E+000  0.12537531E+000  0.18558784E+001  0.46346749E+001
 -0.17463859E+000  0.12523680E+000  0.18549641E+001  0.46338280E+001
 -0.17469233E+000  0.12515939E+000  0.18543127E+001  0.46331663E+001
 -0.17471010E+000  0.12511889E+000  0.18538821E+001  0.46326580E+001
 -0.17469982E+000  0.12510391E+000  0.18536312E+001  0.46322770E+001
 -0.17466774E+000  0.12513298E+000  0.18535007E+001  0.46320026E+001
 -0.17461882E+000  0.12519691E+000  0.18534675E+001  0.46318176E+001
 -0.17455702E+000  0.12528825E+000  0.18535134E+001  0.46317076E+001
 -0.17448546E+000  0.12537828E+000  0.18536461E+001  0.46316608E+001
 -0.17440669E+000  0.12547179E+000  0.18538440E+001  0.46316671E+001
 -0.17432271E+000  0.12557222E+000  0.18540902E+001  0.46317182E+001
 -0.17423511E+000  0.12567761E+000  0.18543757E+001  0.46318072E+001
 -0.17414517E+000  0.12578647E+000  0.18546932E+001  0.46319283E+001
 -0.17405391E+000  0.12589759E+000  0.18550366E+001  0.46320768E+001
 -0.17396214E+000  0.12601003E+000  0.18554012E+001  0.46322485E+001
 -0.17387052E+000  0.12612302E+000  0.18557826E+001  0.46324401E+001
 -0.17377959E+000  0.12623595E+000  0.18561775E+001  0.46326489E+001
 -0.17368976E+000  0.12634833E+000  0.18565830E+001  0.46328726E+001
 -0.17360136E+000  0.12645976E+000  0.18569967E+001  0.46331091E+001
 -0.17351467E+000  0.12656989E+000  0.18574164E+001  0.46333569E+001
 -0.17342990E+000  0.12667845E+000  0.18578406E+001  0.46336146E+001
 -0.17334720E+000  0.12678519E+000  0.18582678E+001  0.46338811E+001
 -0.17326671E+000  0.12688991E+000  0.18586966E+001  0.46341554E+001
 -0.17318850E+000  0.12699242E+000  0.18591262E+001  0.46344368E+001
 -0.17311263E+000  0.12709257E+000  0.18595554E+001  0.46347245E+001
 -0.17303915E+000  0.12719023E+000  0.18599837E+001  0.46350179E+001
 -0.17296805E+000  0.12728528E+000  0.18604103E+001  0.46353165E+001
 -0.17289935E+000  0.12737763E+000  0.18608483E+001  0.46356061E+001
 -0.17283301E+000  0.12746719E+000  0.18612943E+001  0.46358892E+001
 -0.17276903E+000  0.12755387E+000  0.18617371E+001  0.46361761E+001
 -0.17270737E+000  0.12763762E+000  0.18621761E+001  0.46364663E+001
 -0.17264799E+000  0.12771838E+000  0.18626109E+001  0.46367596E+001
 -0.17259084E+000  0.12779612E+000  0.18630410E+001  0.46370554E+001
 -0.17253587E+000  0.12787080E+000  0.18634658E+001  0.46373536E+001
 -0.17248304E+000  0.12794242E+000  0.18638851E+001  0.46376537E+001
 -0.17243230E+000  0.12801097E+000  0.18642981E+001  0.46379552E+001
 -0.17238358E+000  0.12807645E+000  0.18647047E+001  0.46382579E+001
 -0.17233685E+000  0.12813887E+000  0.18651041E+001  0.46385613E+001
 -0.17229206E+000  0.12819827E+000  0.18654961E+001  0.46388649E+001
 -0.17224917E+000  0.12825468E+000  0.18658800E+001  0.46391683E+001
 -0.17220813E+000  0.12830813E+000  0.18662555E+001  0.46394711E+001
 -0.17216892E+000  0.12835867E+000  0.18666221E+001  0.46397728E+001
 -0.17213149E+000  0.12840636E+000  0.18669794E+001  0.46400730E+001
 -0.17209581E+000  0.12845127E+000  0.18673269E+001  0.46403711E+001
 -0.17206186E+000  0.12849345E+000  0.18676642E+001  0.46406668E+001
 -0.17202960E+000  0.12853298E+000  0.18679909E+001  0.46409596E+001
 -0.17199901E+000  0.12856994E+000  0.18683068E+001  0.46412490E+001
 -0.17197006E+000  0.12860442E+000  0.18686115E+001  0.46415345E+001
 -0.17194271E+000  0.12863650E+000  0.18689048E+001  0.46418158E+001
 -0.17191694E+000  0.12866627E+000  0.18691864E+001  0.46420924E+001
 -0.17189271E+000  0.12869382E+000  0.18694564E+001  0.46423638E+001
 -0.17186999E+000  0.12871925E+000  0.18697145E+001  0.46426296E+001
 -0.17184874E+000  0.12874265E+000  0.18699607E+001  0.46428895E+001
 -0.17182891E+000  0.12876413E+000  0.18701952E+001  0.46431429E+001
 -0.17181045E+000  0.12878379E+000  0.18704179E+001  0.46433896E+001
 -0.17179333E+000  0.12880171E+000  0.18706291E+001  0.46436291E+001
 -0.17177748E+000  0.12881802E+000  0.18708289E+001  0.46438611E+001
 -0.17176286E+000  0.12883280E+000  0.18710176E+001  0.46440852E+001
 -0.17174940E+000  0.12884615E+000  0.18711954E+001  0.46443010E+001
 -0.17173704E+000  0.12885818E+000  0.18713627E+001  0.46445083E+001
 -0.17172573E+000  0.12886898E+000  0.18715199E+001  0.46447067E+001
 -0.17171541E+000  0.12887864E+000  0.18716673E+001  0.46448960E+001
 -0.17170601E+000  0.12888725E+000  0.18718053E+001  0.46450759E+001
 -0.17169748E+000  0.12889491E+000  0.18719343E+001  0.46452461E+001
 -0.17168974E+000  0.12890169E+000  0.18720548E+001  0.46454064E+001
 -0.17168276E+000  0.12890768E+000  0.18721672E+001  0.46455568E+001
 -0.17167646E+000  0.12891296E+000  0.18722719E+001  0.46456969E+001
 -0.17167079E+000  0.12891759E+000  0.18723693E+001  0.46458267E+001
 -0.17166570E+000  0.12892165E+000  0.18724599E+001  0.46459462E+001
 -0.17166115E+000  0.12892521E+000  0.18725442E+001  0.46460553E+001
 -0.17165707E+000  0.12892831E+000  0.18726224E+001  0.46461541E+001
 -0.17165343E+000  0.12893101E+000  0.18726951E+001  0.46462426E+001
 -0.17165018E+000  0.12893337E+000  0.18727626E+001  0.46463211E+001
 -0.17164728E+000  0.12893544E+000  0.18728254E+001  0.46463898E+001
 -0.17164470E+000  0.12893725E+000  0.18728837E+001  0.46464488E+001
 -0.17164240E+000  0.12893884E+000  0.18729381E+001  0.46464986E+001
 -0.17164034E+000  0.12894025E+000  0.18729888E+001  0.46465394E+001
 -0.17163850E+000  0.12894151E+000  0.18730362E+001  0.46465717E+001
 -0.17163686E+000  0.12894265E+000  0.18730806E+001  0.46465960E+001
 -0.17163537E+000  0.12894369E+000  0.18731225E+001  0.46466127E+001
 -0.17163403E+000  0.12894466E+000  0.18731620E+001  0.46466224E+001
 -0.17163280E+000  0.12894557E+000  0.18731995E+001  0.46466255E+001
 -0.17163168E+000  0.12894643E+000  0.18732352E+001  0.46466226E+001
 -0.17163065E+000  0.12894727E+000  0.18732694E+001  0.46466142E+001
 -0.17162969E+000  0.12894810E+000  0.18733024E+001  0.46466009E+001
 -0.17162879E+000  0.12894892E+000  0.18733343E+001  0.46465832E+001
 -0.17162793E+000  0.12894974E+000  0.18733652E+001  0.46465615E+001
 -0.17162712E+000  0.12895058E+000  0.18733955E+001  0.46465364E+001
 -0.17162633E+000  0.12895142E+000  0.18734252E+001  0.46465083E+001
 -0.17162557E+000  0.12895229E+000  0.18734545E+001  0.46464775E+001
 -0.17162483E+000  0.12895318E+000  0.18734835E+001  0.46464446E+001
 -0.17162410E+000  0.12895410E+000  0.18735122E+001  0.46464097E+001
 -0.17162338E+000  0.12895504E+000  0.18735408E+001  0.46463734E+001
 -0.17162267E+000  0.12895602E+000  0.18735693E+001  0.46463357E+001
 -0.17162196E+000  0.12895702E+000  0.18735977E+001  0.46462969E+001
 -0.17162126E+000  0.12895806E+000  0.18736261E+001  0.46462574E+001
 -0.17162055E+000  0.12895912E+000  0.18736546E+001  0.46462172E+001
 -0.17161985E+000  0.12896022E+000  0.18736831E+001  0.46461765E+001
 -0.17161914E+000  0.12896135E+000  0.18737117E+001  0.46461355E+001
 -0.17161843E+000  0.12896251E+000  0.18737404E+001  0.46460942E+001
 -0.17161772E+000  0.12896370E+000  0.18737692E+001  0.46460528E+001
 -0.17161701E+000  0.12896491E+000  0.18737980E+001  0.46460113E+001
 -0.17161630E+000  0.12896615E+000  0.18738269E+001  0.46459697E+001
 -0.17161559E+000  0.12896742E+000  0.18738559E+001  0.46459282E+001
 -0.17161488E+000  0.12896870E+000  0.18738850E+001  0.46458868E+001
 -0.17161418E+000  0.12897001E+000  0.18739141E+001  0.46458454E+001
 -0.17161347E+000  0.12897133E+000  0.18739434E+001  0.46458042E+001
 -0.17161277E+000  0.12897267E+000  0.18739726E+001  0.46457631E+001
 -0.17161208E+000  0.12897403E+000  0.18740019E+001  0.46457221E+001
 -0.17161139E+000  0.12897539E+000  0.18740313E+001  0.46456813E+001
 -0.17161071E+000  0.12897676E+000  0.18740607E+001  0.46456406E+001
 -0.17161004E+000  0.12897813E+000  0.18740901E+001  0.46456001E+001
 -0.17160937E+000  0.12897951E+000  0.18741195E+001  0.46455598E+001
 -0.17160872E+000  0.12898088E+000  0.18741490E+001  0.46455196E+001
 -0.17160807E+000  0.12898225E+000  0.18741784E+001  0.46454796E+001
 -0.17160744E+000  0.12898361E+000  0.18742078E+001  0.46454398E+001
 -0.17160682E+000  0.12898496E+000  0.18742372E+001  0.46454002E+001
 -0.17160622E+000  0.12898630E+000  0.18742666E+001  0.46453608E+001
 -0.17160562E+000  0.12898762E+000  0.18742958E+001  0.46453216E+001
 -0.17160505E+000  0.12898893E+000  0.18743251E+001  0.46452827E+001
 -0.17160448E+000  0.12899021E+000  0.18743542E+001  0.46452440E+001
 -0.17160393E+000  0.12899147E+000  0.18743832E+001  0.46452055E+001
 -0.17160340E+000  0.12899271E+000  0.18744121E+001  0.46451674E+001
 -0.17160289E+000  0.12899392E+000  0.18744408E+001  0.46451296E+001
 -0.17160239E+000  0.12899510E+000  0.18744694E+001  0.46450920E+001
 -0.17160190E+000  0.12899625E+000  0.18744978E+001  0.46450549E+001
 -0.17160144E+000  0.12899736E+000  0.18745259E+001  0.46450181E+001
 -0.17160099E+000  0.12899845E+000  0.18745538E+001  0.46449817E+001
 -0.17160056E+000  0.12899950E+000  0.18745814E+001  0.46449457E+001
 -0.17160014E+000  0.12900052E+000  0.18746087E+001  0.46449102E+001
 -0.17159974E+000  0.12900150E+000  0.18746357E+001  0.46448752E+001
 -0.17159936E+000  0.12900244E+000  0.18746623E+001  0.46448407E+001
 -0.17159900E+000  0.12900335E+000  0.18746885E+001  0.46448068E+001
 -0.17159865E+000  0.12900423E+000  0.18747143E+001  0.46447734E+001
 -0.17159832E+000  0.12900507E+000  0.18747396E+001  0.46447406E+001
 -0.17159800E+000  0.12900587E+000  0.18747645E+001  0.46447085E+001
 -0.17159770E+000  0.12900663E+000  0.18747889E+001  0.46446770E+001
 -0.17159742E+000  0.12900737E+000  0.18748128E+001  0.46446462E+001
 -0.17159715E+000  0.12900806E+000  0.18748361E+001  0.46446161E+001
 -0.17159689E+000  0.12900873E+000  0.18748589E+001  0.46445867E+001
 -0.17159665E+000  0.12900936E+000  0.18748810E+001  0.46445580E+001
 -0.17159642E+000  0.12900996E+000  0.18749026E+001  0.46445301E+001
 -0.17159621E+000  0.12901052E+000  0.18749236E+001  0.46445030E+001
 -0.17159601E+000  0.12901106E+000  0.18749440E+001  0.46444767E+001
 -0.17159582E+000  0.12901157E+000  0.18749637E+001  0.46444512E+001
 -0.17159565E+000  0.12901205E+000  0.18749828E+001  0.46444265E+001
 -0.17159548E+000  0.12901250E+000  0.18750012E+001  0.46444026E+001
 -0.17159533E+000  0.12901293E+000  0.18750190E+001  0.46443796E+001
 -0.17159519E+000  0.12901332E+000  0.18750361E+001  0.46443574E+001
 -0.17159506E+000  0.12901370E+000  0.18750525E+001  0.46443360E+001
 -0.17159495E+000  0.12901405E+000  0.18750683E+001  0.46443155E+001
 -0.17159484E+000  0.12901438E+000  0.18750834E+001  0.46442958E+001
 -0.17159474E+000  0.12901469E+000  0.18750979E+001  0.46442770E+001
 -0.17159466E+000  0.12901497E+000  0.18751117E+001  0.46442590E+001
 -0.17159458E+000  0.12901524E+000  0.18751249E+001  0.46442418E+001
 -0.17159452E+000  0.12901549E+000  0.18751374E+001  0.46442255E+001
 -0.17159446E+000  0.12901571E+000  0.18751493E+001  0.46442101E+001
 -0.17159442E+000  0.12901593E+000  0.18751605E+001  0.46441955E+001
 -0.17159438E+000  0.12901612E+000  0.18751712E+001  0.46441817E+001
 -0.17159436E+000  0.12901630E+000  0.18751812E+001  0.46441688E+001
 -0.17159434E+000  0.12901646E+000  0.18751906E+001  0.46441567E+001
 -0.17159434E+000  0.12901660E+000  0.18751993E+001  0.46441455E+001
 -0.17159435E+000  0.12901673E+000  0.18752075E+001  0.46441351E+001
 -0.17159437E+000  0.12901685E+000  0.18752151E+001  0.46441256E+001
 -0.17159440E+000  0.12901695E+000  0.18752220E+001  0.46441170E+001
 -0.17159445E+000  0.12901703E+000  0.18752284E+001  0.46441093E+001
 -0.17159451E+000  0.12901710E+000  0.18752341E+001  0.46441025E+001
 -0.17159458E+000  0.12901715E+000  0.18752392E+001  0.46440967E+001
 -0.17159466E+000  0.12901719E+000  0.18752437E+001  0.46440918E+001
 -0.17159477E+000  0.12901721E+000  0.18752475E+001  0.46440880E+001
 -0.17159489E+000  0.12901722E+000  0.18752507E+001  0.46440853E+001
 -0.17159503E+000  0.12901720E+000  0.18752531E+001  0.46440837E+001
 -0.17159518E+000  0.12901716E+000  0.18752548E+001  0.46440833E+001
 -0.17159536E+000  0.12901711E+000  0.18752557E+001  0.46440842E+001
 -0.17159556E+000  0.12901703E+000  0.18752558E+001  0.46440864E+001
 -0.17159578E+000  0.12901692E+000  0.18752550E+001  0.46440900E+001
 -0.17159603E+000  0.12901678E+000  0.18752532E+001  0.46440952E+001
 -0.17159631E+000  0.12901662E+000  0.18752504E+001  0.46441020E+001
 -0.17159662E+000  0.12901641E+000  0.18752464E+001  0.46441105E+001
 -0.17159696E+000  0.12901616E+000  0.18752410E+001  0.46441209E+001
 -0.17159734E+000  0.12901586E+000  0.18752342E+001  0.46441332E+001
 -0.17159777E+000  0.12901551E+000  0.18752257E+001  0.46441475E+001
 -0.17159825E+000  0.12901508E+000  0.18752154E+001  0.46441638E+001
 -0.17159879E+000  0.12901456E+000  0.18752028E+001  0.46441822E+001
 -0.17159942E+000  0.12901393E+000  0.18751876E+001  0.46442027E+001
 -0.17160015E+000  0.12901316E+000  0.18751693E+001  0.46442251E+001
 -0.17160105E+000  0.12901219E+000  0.18751472E+001  0.46442492E+001
 -0.17160217E+000  0.12901095E+000  0.18751205E+001  0.46442747E+001
 -0.17160368E+000  0.12900928E+000  0.18750874E+001  0.46443011E+001
 -0.17160580E+000  0.12900688E+000  0.18750463E+001  0.46443274E+001
 -0.17160911E+000  0.12900302E+000  0.18749927E+001  0.46443525E+001
 -0.17161411E+000  0.12899697E+000  0.18749247E+001  0.46443749E+001
 -0.17162244E+000  0.12898583E+000  0.18748301E+001  0.46443947E+001
 -0.17163365E+000  0.12897153E+000  0.18747236E+001  0.46444106E+001
