  0.16717354E+001
  0.16692620E+001
  0.16674383E+001
  0.16660554E+001
  0.16649941E+001
  0.16641781E+001
  0.16635534E+001
  0.16630821E+001
  0.16627344E+001
  0.16624868E+001
  0.16623206E+001
  0.16622207E+001
  0.16621753E+001
  0.16621747E+001
  0.16622109E+001
  0.16622774E+001
  0.16623688E+001
  0.16624807E+001
  0.16626097E+001
  0.16627527E+001
  0.16629073E+001
  0.16630714E+001
  0.16632435E+001
  0.16634219E+001
  0.16636057E+001
  0.16637937E+001
  0.16639852E+001
  0.16641795E+001
  0.16643758E+001
  0.16645738E+001
  0.16647730E+001
  0.16649730E+001
  0.16651734E+001
  0.16653740E+001
  0.16655745E+001
  0.16657747E+001
  0.16659742E+001
  0.16661729E+001
  0.16663705E+001
  0.16665667E+001
  0.16667615E+001
  0.16669545E+001
  0.16671455E+001
  0.16673343E+001
  0.16675207E+001
  0.16677044E+001
  0.16678852E+001
  0.16680629E+001
  0.16682373E+001
  0.16684082E+001
  0.16685754E+001
  0.16687386E+001
  0.16688976E+001
  0.16690525E+001
  0.16692028E+001
  0.16693486E+001
  0.16694897E+001
  0.16696260E+001
  0.16697574E+001
  0.16698838E+001
  0.16700052E+001
  0.16701216E+001
  0.16702329E+001
  0.16703391E+001
  0.16704402E+001
  0.16705363E+001
  0.16706274E+001
  0.16707135E+001
  0.16707946E+001
  0.16708709E+001
  0.16709425E+001
  0.16710093E+001
  0.16710715E+001
  0.16711292E+001
  0.16711825E+001
  0.16712314E+001
  0.16712763E+001
  0.16713171E+001
  0.16713540E+001
  0.16713872E+001
  0.16714169E+001
  0.16714432E+001
  0.16714664E+001
  0.16714866E+001
  0.16715040E+001
  0.16715188E+001
  0.16715314E+001
  0.16715417E+001
  0.16715502E+001
  0.16715569E+001
  0.16715620E+001
  0.16715658E+001
  0.16715684E+001
  0.16715699E+001
  0.16715706E+001
  0.16715705E+001
  0.16715698E+001
  0.16715686E+001
  0.16715670E+001
  0.16715650E+001
  0.16715628E+001
  0.16715604E+001
  0.16715578E+001
  0.16715552E+001
  0.16715524E+001
  0.16715497E+001
  0.16715469E+001
  0.16715441E+001
  0.16715414E+001
  0.16715387E+001
  0.16715360E+001
  0.16715334E+001
  0.16715308E+001
  0.16715283E+001
  0.16715258E+001
  0.16715234E+001
  0.16715210E+001
  0.16715187E+001
  0.16715164E+001
  0.16715141E+001
  0.16715119E+001
  0.16715097E+001
  0.16715076E+001
  0.16715055E+001
  0.16715034E+001
  0.16715013E+001
  0.16714993E+001
  0.16714974E+001
  0.16714954E+001
  0.16714935E+001
  0.16714916E+001
  0.16714897E+001
  0.16714879E+001
  0.16714860E+001
  0.16714842E+001
  0.16714825E+001
  0.16714807E+001
  0.16714790E+001
  0.16714773E+001
  0.16714757E+001
  0.16714740E+001
  0.16714724E+001
  0.16714709E+001
  0.16714693E+001
  0.16714678E+001
  0.16714663E+001
  0.16714648E+001
  0.16714634E+001
  0.16714620E+001
  0.16714607E+001
  0.16714593E+001
  0.16714580E+001
  0.16714568E+001
  0.16714555E+001
  0.16714544E+001
  0.16714532E+001
  0.16714521E+001
  0.16714510E+001
  0.16714500E+001
  0.16714490E+001
  0.16714481E+001
  0.16714472E+001
  0.16714463E+001
  0.16714455E+001
  0.16714447E+001
  0.16714440E+001
  0.16714434E+001
  0.16714428E+001
  0.16714422E+001
  0.16714417E+001
  0.16714413E+001
  0.16714410E+001
  0.16714407E+001
  0.16714405E+001
  0.16714404E+001
  0.16714403E+001
  0.16714404E+001
  0.16714405E+001
  0.16714408E+001
  0.16714412E+001
  0.16714417E+001
  0.16714423E+001
  0.16714430E+001
  0.16714439E+001
  0.16714449E+001
  0.16714460E+001
  0.16714472E+001
  0.16714485E+001
  0.16714497E+001
  0.16714509E+001
  0.16714520E+001
  0.16714527E+001
  0.16714528E+001
  0.16714521E+001
  0.16714498E+001
  0.16714454E+001
  0.16714372E+001
  0.16714243E+001
  0.16714030E+001
  0.16713770E+001
