  0.11435672E+001
  0.11438548E+001
  0.11442558E+001
  0.11446081E+001
  0.11449005E+001
  0.11451440E+001
  0.11453452E+001
  0.11455135E+001
  0.11456560E+001
  0.11457769E+001
  0.11458802E+001
  0.11459687E+001
  0.11460451E+001
  0.11461113E+001
  0.11461691E+001
  0.11462198E+001
  0.11462645E+001
  0.11463042E+001
  0.11463396E+001
  0.11463713E+001
  0.11463999E+001
  0.11464258E+001
  0.11464495E+001
  0.11464711E+001
  0.11464910E+001
  0.11465094E+001
  0.11465265E+001
  0.11465426E+001
  0.11465576E+001
  0.11465718E+001
  0.11465853E+001
  0.11465982E+001
  0.11466105E+001
  0.11466222E+001
  0.11466335E+001
  0.11466444E+001
  0.11466550E+001
  0.11466651E+001
  0.11466750E+001
  0.11466845E+001
  0.11466937E+001
  0.11467027E+001
  0.11467114E+001
  0.11467198E+001
  0.11467279E+001
  0.11467359E+001
  0.11467435E+001
  0.11467509E+001
  0.11467581E+001
  0.11467650E+001
  0.11467717E+001
  0.11467782E+001
  0.11467844E+001
  0.11467904E+001
  0.11467962E+001
  0.11468018E+001
  0.11468071E+001
  0.11468122E+001
  0.11468172E+001
  0.11468219E+001
  0.11468264E+001
  0.11468307E+001
  0.11468349E+001
  0.11468388E+001
  0.11468426E+001
  0.11468462E+001
  0.11468497E+001
  0.11468530E+001
  0.11468561E+001
  0.11468591E+001
  0.11468619E+001
  0.11468646E+001
  0.11468672E+001
  0.11468696E+001
  0.11468719E+001
  0.11468741E+001
  0.11468762E+001
  0.11468782E+001
  0.11468801E+001
  0.11468818E+001
  0.11468835E+001
  0.11468852E+001
  0.11468867E+001
  0.11468882E+001
  0.11468896E+001
  0.11468910E+001
  0.11468923E+001
  0.11468936E+001
  0.11468948E+001
  0.11468961E+001
  0.11468973E+001
  0.11468985E+001
  0.11468996E+001
  0.11469008E+001
  0.11469020E+001
  0.11469031E+001
  0.11469043E+001
  0.11469055E+001
  0.11469067E+001
  0.11469079E+001
  0.11469091E+001
  0.11469104E+001
  0.11469116E+001
  0.11469129E+001
  0.11469142E+001
  0.11469156E+001
  0.11469169E+001
  0.11469183E+001
  0.11469197E+001
  0.11469211E+001
  0.11469226E+001
  0.11469240E+001
  0.11469255E+001
  0.11469270E+001
  0.11469285E+001
  0.11469301E+001
  0.11469316E+001
  0.11469332E+001
  0.11469348E+001
  0.11469364E+001
  0.11469380E+001
  0.11469397E+001
  0.11469413E+001
  0.11469430E+001
  0.11469447E+001
  0.11469464E+001
  0.11469481E+001
  0.11469498E+001
  0.11469516E+001
  0.11469533E+001
  0.11469551E+001
  0.11469569E+001
  0.11469586E+001
  0.11469604E+001
  0.11469622E+001
  0.11469640E+001
  0.11469658E+001
  0.11469676E+001
  0.11469694E+001
  0.11469713E+001
  0.11469731E+001
  0.11469749E+001
  0.11469768E+001
  0.11469786E+001
  0.11469804E+001
  0.11469823E+001
  0.11469841E+001
  0.11469860E+001
  0.11469878E+001
  0.11469897E+001
  0.11469915E+001
  0.11469933E+001
  0.11469952E+001
  0.11469970E+001
  0.11469988E+001
  0.11470007E+001
  0.11470025E+001
  0.11470043E+001
  0.11470061E+001
  0.11470079E+001
  0.11470097E+001
  0.11470115E+001
  0.11470133E+001
  0.11470150E+001
  0.11470168E+001
  0.11470186E+001
  0.11470203E+001
  0.11470220E+001
  0.11470238E+001
  0.11470255E+001
  0.11470272E+001
  0.11470288E+001
  0.11470305E+001
  0.11470322E+001
  0.11470338E+001
  0.11470354E+001
  0.11470370E+001
  0.11470386E+001
  0.11470402E+001
  0.11470418E+001
  0.11470433E+001
  0.11470449E+001
  0.11470464E+001
  0.11470479E+001
  0.11470494E+001
  0.11470508E+001
  0.11470523E+001
  0.11470537E+001
  0.11470552E+001
  0.11470566E+001
  0.11470580E+001
  0.11470594E+001
  0.11470609E+001
  0.11470623E+001
  0.11470638E+001
  0.11470654E+001
  0.11470672E+001
  0.11470696E+001
  0.11470714E+001
  0.11470805E+001
