  0.59585647E+000
  0.59826048E+000
  0.59951209E+000
  0.60006145E+000
  0.60025313E+000
  0.60024947E+000
  0.60017526E+000
  0.60007134E+000
  0.59995372E+000
  0.59983541E+000
  0.59971187E+000
  0.59958917E+000
  0.59946933E+000
  0.59935216E+000
  0.59923627E+000
  0.59912045E+000
  0.59900986E+000
  0.59890401E+000
  0.59880256E+000
  0.59870539E+000
  0.59861239E+000
  0.59852356E+000
  0.59843885E+000
  0.59835825E+000
  0.59828170E+000
  0.59820916E+000
  0.59814059E+000
  0.59807594E+000
  0.59801515E+000
  0.59795815E+000
  0.59790484E+000
  0.59785519E+000
  0.59780906E+000
  0.59776634E+000
  0.59772694E+000
  0.59769075E+000
  0.59765764E+000
  0.59762747E+000
  0.59760011E+000
  0.59757540E+000
  0.59755317E+000
  0.59753327E+000
  0.59751551E+000
  0.59749973E+000
  0.59748575E+000
  0.59747341E+000
  0.59746254E+000
  0.59745298E+000
  0.59744460E+000
  0.59743726E+000
  0.59743083E+000
  0.59742520E+000
  0.59742028E+000
  0.59741596E+000
  0.59741218E+000
  0.59740887E+000
  0.59740596E+000
  0.59740341E+000
  0.59740117E+000
  0.59739919E+000
  0.59739745E+000
  0.59739592E+000
  0.59739456E+000
  0.59739335E+000
  0.59739227E+000
  0.59739130E+000
  0.59739043E+000
  0.59738964E+000
  0.59738891E+000
  0.59738825E+000
  0.59738762E+000
  0.59738704E+000
  0.59738649E+000
  0.59738597E+000
  0.59738548E+000
  0.59738502E+000
  0.59738457E+000
  0.59738416E+000
  0.59738377E+000
  0.59738340E+000
  0.59738307E+000
  0.59738276E+000
  0.59738249E+000
  0.59738225E+000
  0.59738204E+000
  0.59738187E+000
  0.59738174E+000
  0.59738164E+000
  0.59738157E+000
  0.59738154E+000
  0.59738154E+000
  0.59738158E+000
  0.59738164E+000
  0.59738173E+000
  0.59738185E+000
  0.59738198E+000
  0.59738214E+000
  0.59738232E+000
  0.59738251E+000
  0.59738271E+000
  0.59738292E+000
  0.59738314E+000
  0.59738337E+000
  0.59738360E+000
  0.59738383E+000
  0.59738407E+000
  0.59738430E+000
  0.59738454E+000
  0.59738477E+000
  0.59738500E+000
  0.59738523E+000
  0.59738546E+000
  0.59738568E+000
  0.59738590E+000
  0.59738612E+000
  0.59738633E+000
  0.59738654E+000
  0.59738675E+000
  0.59738695E+000
  0.59738715E+000
  0.59738735E+000
  0.59738755E+000
  0.59738773E+000
  0.59738792E+000
  0.59738810E+000
  0.59738828E+000
  0.59738846E+000
  0.59738863E+000
  0.59738879E+000
  0.59738896E+000
  0.59738912E+000
  0.59738927E+000
  0.59738942E+000
  0.59738957E+000
  0.59738971E+000
  0.59738985E+000
  0.59738998E+000
  0.59739011E+000
  0.59739023E+000
  0.59739035E+000
  0.59739047E+000
  0.59739058E+000
  0.59739068E+000
  0.59739078E+000
  0.59739088E+000
  0.59739097E+000
  0.59739105E+000
  0.59739113E+000
  0.59739121E+000
  0.59739127E+000
  0.59739134E+000
  0.59739140E+000
  0.59739145E+000
  0.59739150E+000
  0.59739154E+000
  0.59739158E+000
  0.59739161E+000
  0.59739164E+000
  0.59739165E+000
  0.59739167E+000
  0.59739168E+000
  0.59739168E+000
  0.59739168E+000
  0.59739167E+000
  0.59739165E+000
  0.59739163E+000
  0.59739160E+000
  0.59739156E+000
  0.59739152E+000
  0.59739147E+000
  0.59739141E+000
  0.59739135E+000
  0.59739128E+000
  0.59739120E+000
  0.59739111E+000
  0.59739101E+000
  0.59739091E+000
  0.59739080E+000
  0.59739068E+000
  0.59739055E+000
  0.59739042E+000
  0.59739027E+000
  0.59739011E+000
  0.59738995E+000
  0.59738978E+000
  0.59738960E+000
  0.59738941E+000
  0.59738921E+000
  0.59738902E+000
  0.59738882E+000
  0.59738862E+000
  0.59738844E+000
  0.59738828E+000
  0.59738816E+000
  0.59738811E+000
  0.59738828E+000
  0.59738899E+000
  0.59739104E+000
  0.59739430E+000
  0.59740629E+000
