  0.18707048E+001
  0.19825566E+001
  0.19910439E+001
  0.19805688E+001
  0.19673802E+001
  0.19541237E+001
  0.19415074E+001
  0.19303838E+001
  0.19211435E+001
  0.19135102E+001
  0.19073976E+001
  0.19024750E+001
  0.18985160E+001
  0.18953400E+001
  0.18927940E+001
  0.18907299E+001
  0.18889824E+001
  0.18874976E+001
  0.18862293E+001
  0.18851416E+001
  0.18842023E+001
  0.18833907E+001
  0.18826856E+001
  0.18820704E+001
  0.18815316E+001
  0.18810576E+001
  0.18806394E+001
  0.18802689E+001
  0.18799395E+001
  0.18796451E+001
  0.18793803E+001
  0.18791432E+001
  0.18789271E+001
  0.18787301E+001
  0.18785498E+001
  0.18783842E+001
  0.18782314E+001
  0.18780899E+001
  0.18779584E+001
  0.18778356E+001
  0.18777206E+001
  0.18776126E+001
  0.18775110E+001
  0.18774151E+001
  0.18773246E+001
  0.18772391E+001
  0.18771582E+001
  0.18770820E+001
  0.18770101E+001
  0.18769423E+001
  0.18768786E+001
  0.18768187E+001
  0.18767628E+001
  0.18767104E+001
  0.18766616E+001
  0.18766164E+001
  0.18765744E+001
  0.18765358E+001
  0.18765002E+001
  0.18764676E+001
  0.18764379E+001
  0.18764108E+001
  0.18763863E+001
  0.18763642E+001
  0.18763443E+001
  0.18763265E+001
  0.18763106E+001
  0.18762965E+001
  0.18762840E+001
  0.18762731E+001
  0.18762635E+001
  0.18762552E+001
  0.18762480E+001
  0.18762420E+001
  0.18762369E+001
  0.18762326E+001
  0.18762292E+001
  0.18762265E+001
  0.18762244E+001
  0.18762229E+001
  0.18762219E+001
  0.18762213E+001
  0.18762211E+001
  0.18762212E+001
  0.18762216E+001
  0.18762222E+001
  0.18762229E+001
  0.18762238E+001
  0.18762247E+001
  0.18762258E+001
  0.18762268E+001
  0.18762278E+001
  0.18762289E+001
  0.18762299E+001
  0.18762309E+001
  0.18762318E+001
  0.18762327E+001
  0.18762335E+001
  0.18762343E+001
  0.18762351E+001
  0.18762358E+001
  0.18762364E+001
  0.18762370E+001
  0.18762375E+001
  0.18762380E+001
  0.18762384E+001
  0.18762388E+001
  0.18762392E+001
  0.18762396E+001
  0.18762399E+001
  0.18762403E+001
  0.18762406E+001
  0.18762409E+001
  0.18762413E+001
  0.18762416E+001
  0.18762419E+001
  0.18762423E+001
  0.18762427E+001
  0.18762431E+001
  0.18762435E+001
  0.18762439E+001
  0.18762444E+001
  0.18762450E+001
  0.18762455E+001
  0.18762462E+001
  0.18762468E+001
  0.18762475E+001
  0.18762483E+001
  0.18762491E+001
  0.18762500E+001
  0.18762509E+001
  0.18762519E+001
  0.18762530E+001
  0.18762541E+001
  0.18762553E+001
  0.18762565E+001
  0.18762578E+001
  0.18762592E+001
  0.18762606E+001
  0.18762621E+001
  0.18762637E+001
  0.18762653E+001
  0.18762670E+001
  0.18762688E+001
  0.18762706E+001
  0.18762725E+001
  0.18762744E+001
  0.18762764E+001
  0.18762784E+001
  0.18762805E+001
  0.18762827E+001
  0.18762849E+001
  0.18762871E+001
  0.18762895E+001
  0.18762918E+001
  0.18762942E+001
  0.18762967E+001
  0.18762992E+001
  0.18763018E+001
  0.18763044E+001
  0.18763071E+001
  0.18763098E+001
  0.18763126E+001
  0.18763154E+001
  0.18763182E+001
  0.18763212E+001
  0.18763241E+001
  0.18763272E+001
  0.18763302E+001
  0.18763334E+001
  0.18763366E+001
  0.18763399E+001
  0.18763432E+001
  0.18763466E+001
  0.18763501E+001
  0.18763536E+001
  0.18763573E+001
  0.18763609E+001
  0.18763647E+001
  0.18763686E+001
  0.18763725E+001
  0.18763765E+001
  0.18763806E+001
  0.18763848E+001
  0.18763891E+001
  0.18763934E+001
  0.18763978E+001
  0.18764023E+001
  0.18764070E+001
  0.18764117E+001
  0.18764166E+001
  0.18764217E+001
  0.18764271E+001
  0.18764326E+001
  0.18764386E+001
  0.18764459E+001
  0.18764581E+001
  0.18764838E+001
  0.18765129E+001
  0.18765370E+001
