  0.65439840E+000  0.84616356E+000  0.94309028E+000  0.21306169E+001
  0.65197828E+000  0.84918672E+000  0.94368670E+000  0.21305677E+001
  0.65162452E+000  0.84989755E+000  0.94469938E+000  0.21308020E+001
  0.65144881E+000  0.85035146E+000  0.94568295E+000  0.21309495E+001
  0.65157733E+000  0.85067639E+000  0.94622780E+000  0.21311207E+001
  0.65115453E+000  0.85145819E+000  0.94669250E+000  0.21312711E+001
  0.65119686E+000  0.85170552E+000  0.94708401E+000  0.21313946E+001
  0.65113385E+000  0.85192595E+000  0.94749698E+000  0.21314976E+001
  0.65029882E+000  0.85302771E+000  0.94770897E+000  0.21315888E+001
  0.65024385E+000  0.85329354E+000  0.94778423E+000  0.21317864E+001
  0.65016519E+000  0.85356172E+000  0.94793277E+000  0.21318614E+001
  0.64984476E+000  0.85403204E+000  0.94807162E+000  0.21319268E+001
  0.64987874E+000  0.85414354E+000  0.94817416E+000  0.21319842E+001
  0.64969593E+000  0.85444914E+000  0.94826525E+000  0.21320353E+001
  0.64945102E+000  0.85463704E+000  0.94850755E+000  0.21320811E+001
  0.64948297E+000  0.85467805E+000  0.94859623E+000  0.21321223E+001
  0.64951248E+000  0.85473332E+000  0.94865313E+000  0.21321595E+001
  0.64916465E+000  0.85513129E+000  0.94872785E+000  0.21321933E+001
  0.64919039E+000  0.85517259E+000  0.94877140E+000  0.21322243E+001
  0.64921438E+000  0.85520874E+000  0.94880974E+000  0.21322528E+001
  0.64880330E+000  0.85567402E+000  0.94884360E+000  0.21322791E+001
  0.64882043E+000  0.85567883E+000  0.94890085E+000  0.21323035E+001
  0.64884077E+000  0.85570335E+000  0.94892758E+000  0.21323264E+001
  0.64885817E+000  0.85572711E+000  0.94895147E+000  0.21323478E+001
  0.64887681E+000  0.85574706E+000  0.94897227E+000  0.21323680E+001
  0.64856118E+000  0.85609794E+000  0.94899156E+000  0.21323872E+001
  0.64857845E+000  0.85611356E+000  0.94900900E+000  0.21324054E+001
  0.64859518E+000  0.85612769E+000  0.94902483E+000  0.21324228E+001
  0.64861144E+000  0.85614053E+000  0.94903926E+000  0.21324395E+001
  0.64862728E+000  0.85615229E+000  0.94905247E+000  0.21324556E+001
  0.64864274E+000  0.85616308E+000  0.94906461E+000  0.21324711E+001
  0.64865787E+000  0.85617309E+000  0.94907582E+000  0.21324862E+001
  0.64867268E+000  0.85618238E+000  0.94908620E+000  0.21325008E+001
  0.64868719E+000  0.85619105E+000  0.94909585E+000  0.21325151E+001
  0.64870142E+000  0.85619918E+000  0.94910484E+000  0.21325290E+001
  0.64871539E+000  0.85620681E+000  0.94911326E+000  0.21325426E+001
  0.64872909E+000  0.85621401E+000  0.94912115E+000  0.21325558E+001
  0.64874254E+000  0.85622081E+000  0.94912858E+000  0.21325688E+001
  0.64875573E+000  0.85622725E+000  0.94913559E+000  0.21325815E+001
  0.64876865E+000  0.85623335E+000  0.94914222E+000  0.21325940E+001
  0.64878132E+000  0.85623914E+000  0.94914851E+000  0.21326062E+001
  0.64879370E+000  0.85624464E+000  0.94915448E+000  0.21326181E+001
  0.64880581E+000  0.85624987E+000  0.94916003E+000  0.21326300E+001
  0.64881763E+000  0.85625483E+000  0.94916480E+000  0.21326421E+001
  0.64882915E+000  0.85625953E+000  0.94916934E+000  0.21326540E+001
  0.64884036E+000  0.85626399E+000  0.94917366E+000  0.21326656E+001
  0.64885125E+000  0.85626822E+000  0.94917778E+000  0.21326771E+001
  0.64886181E+000  0.85627222E+000  0.94918173E+000  0.21326882E+001
  0.64887204E+000  0.85627601E+000  0.94918551E+000  0.21326991E+001
  0.64888191E+000  0.85627958E+000  0.94918914E+000  0.21327098E+001
  0.64889142E+000  0.85628295E+000  0.94919264E+000  0.21327202E+001
  0.64890057E+000  0.85628613E+000  0.94919602E+000  0.21327303E+001
  0.64890935E+000  0.85628913E+000  0.94919929E+000  0.21327402E+001
  0.64891776E+000  0.85629194E+000  0.94920245E+000  0.21327498E+001
  0.64892578E+000  0.85629458E+000  0.94920552E+000  0.21327592E+001
  0.64893343E+000  0.85629706E+000  0.94920851E+000  0.21327683E+001
  0.64894070E+000  0.85629939E+000  0.94921141E+000  0.21327772E+001
  0.64894759E+000  0.85630156E+000  0.94921425E+000  0.21327859E+001
  0.64895410E+000  0.85630359E+000  0.94921701E+000  0.21327942E+001
  0.64896025E+000  0.85630549E+000  0.94921971E+000  0.21328024E+001
  0.64896603E+000  0.85630726E+000  0.94922234E+000  0.21328103E+001
  0.64897145E+000  0.85630891E+000  0.94922492E+000  0.21328179E+001
  0.64897652E+000  0.85631045E+000  0.94922743E+000  0.21328254E+001
  0.64898126E+000  0.85631187E+000  0.94922989E+000  0.21328326E+001
  0.64898567E+000  0.85631320E+000  0.94923229E+000  0.21328396E+001
  0.64898976E+000  0.85631442E+000  0.94923463E+000  0.21328464E+001
  0.64899355E+000  0.85631556E+000  0.94923691E+000  0.21328530E+001
  0.64899706E+000  0.85631660E+000  0.94923913E+000  0.21328593E+001
  0.64900028E+000  0.85631757E+000  0.94924128E+000  0.21328655E+001
  0.64900324E+000  0.85631845E+000  0.94924337E+000  0.21328715E+001
  0.64900595E+000  0.85631926E+000  0.94924539E+000  0.21328773E+001
  0.64900843E+000  0.85632000E+000  0.94924735E+000  0.21328829E+001
  0.64901069E+000  0.85632067E+000  0.94924924E+000  0.21328883E+001
  0.64901274E+000  0.85632128E+000  0.94925105E+000  0.21328936E+001
  0.64901459E+000  0.85632182E+000  0.94925280E+000  0.21328987E+001
  0.64901627E+000  0.85632231E+000  0.94925448E+000  0.21329036E+001
  0.64901777E+000  0.85632275E+000  0.94925609E+000  0.21329084E+001
  0.64901912E+000  0.85632314E+000  0.94925763E+000  0.21329131E+001
  0.64902033E+000  0.85632348E+000  0.94925911E+000  0.21329176E+001
  0.64902140E+000  0.85632378E+000  0.94926053E+000  0.21329219E+001
  0.64902236E+000  0.85632404E+000  0.94926189E+000  0.21329262E+001
  0.64902320E+000  0.85632427E+000  0.94926320E+000  0.21329303E+001
  0.64902395E+000  0.85632447E+000  0.94926445E+000  0.21329342E+001
  0.64902461E+000  0.85632465E+000  0.94926567E+000  0.21329381E+001
  0.64902518E+000  0.85632480E+000  0.94926684E+000  0.21329419E+001
  0.64902569E+000  0.85632493E+000  0.94926797E+000  0.21329456E+001
  0.64902613E+000  0.85632504E+000  0.94926908E+000  0.21329493E+001
  0.64902651E+000  0.85632515E+000  0.94927016E+000  0.21329528E+001
  0.64902685E+000  0.85632524E+000  0.94927122E+000  0.21329563E+001
  0.64902714E+000  0.85632532E+000  0.94927226E+000  0.21329598E+001
  0.64902740E+000  0.85632539E+000  0.94927330E+000  0.21329632E+001
  0.64902762E+000  0.85632547E+000  0.94927433E+000  0.21329666E+001
  0.64902782E+000  0.85632554E+000  0.94927536E+000  0.21329700E+001
  0.64902799E+000  0.85632561E+000  0.94927639E+000  0.21329734E+001
  0.64902815E+000  0.85632568E+000  0.94927743E+000  0.21329768E+001
  0.64902829E+000  0.85632575E+000  0.94927847E+000  0.21329803E+001
  0.64902841E+000  0.85632583E+000  0.94927953E+000  0.21329837E+001
  0.64902853E+000  0.85632591E+000  0.94928060E+000  0.21329872E+001
  0.64902863E+000  0.85632599E+000  0.94928169E+000  0.21329907E+001
  0.64902873E+000  0.85632608E+000  0.94928280E+000  0.21329942E+001
  0.64902883E+000  0.85632617E+000  0.94928393E+000  0.21329978E+001
  0.64902892E+000  0.85632627E+000  0.94928508E+000  0.21330015E+001
  0.64902900E+000  0.85632638E+000  0.94928624E+000  0.21330052E+001
  0.64902908E+000  0.85632649E+000  0.94928743E+000  0.21330090E+001
  0.64902917E+000  0.85632660E+000  0.94928864E+000  0.21330128E+001
  0.64902924E+000  0.85632672E+000  0.94928987E+000  0.21330167E+001
  0.64902932E+000  0.85632685E+000  0.94929112E+000  0.21330207E+001
  0.64902940E+000  0.85632697E+000  0.94929239E+000  0.21330247E+001
  0.64902948E+000  0.85632711E+000  0.94929367E+000  0.21330288E+001
  0.64902955E+000  0.85632724E+000  0.94929498E+000  0.21330329E+001
  0.64902963E+000  0.85632738E+000  0.94929629E+000  0.21330372E+001
  0.64902970E+000  0.85632752E+000  0.94929762E+000  0.21330415E+001
  0.64902978E+000  0.85632766E+000  0.94929897E+000  0.21330458E+001
  0.64902985E+000  0.85632780E+000  0.94930032E+000  0.21330503E+001
  0.64902993E+000  0.85632795E+000  0.94930169E+000  0.21330548E+001
  0.64903000E+000  0.85632809E+000  0.94930306E+000  0.21330594E+001
  0.64903008E+000  0.85632823E+000  0.94930444E+000  0.21330640E+001
  0.64903015E+000  0.85632838E+000  0.94930583E+000  0.21330687E+001
  0.64903023E+000  0.85632852E+000  0.94930722E+000  0.21330735E+001
  0.64903030E+000  0.85632866E+000  0.94930862E+000  0.21330783E+001
  0.64903038E+000  0.85632880E+000  0.94931001E+000  0.21330832E+001
  0.64903046E+000  0.85632894E+000  0.94931141E+000  0.21330882E+001
  0.64903053E+000  0.85632907E+000  0.94931280E+000  0.21330932E+001
  0.64903061E+000  0.85632920E+000  0.94931419E+000  0.21330983E+001
  0.64903069E+000  0.85632933E+000  0.94931558E+000  0.21331035E+001
  0.64903077E+000  0.85632945E+000  0.94931696E+000  0.21331087E+001
  0.64903085E+000  0.85632958E+000  0.94931834E+000  0.21331140E+001
  0.64903092E+000  0.85632969E+000  0.94931971E+000  0.21331193E+001
  0.64903100E+000  0.85632981E+000  0.94932107E+000  0.21331247E+001
  0.64903108E+000  0.85632992E+000  0.94932242E+000  0.21331301E+001
  0.64903117E+000  0.85633002E+000  0.94932376E+000  0.21331356E+001
  0.64903125E+000  0.85633013E+000  0.94932509E+000  0.21331412E+001
  0.64903133E+000  0.85633022E+000  0.94932641E+000  0.21331468E+001
  0.64903141E+000  0.85633032E+000  0.94932772E+000  0.21331525E+001
  0.64903149E+000  0.85633041E+000  0.94932901E+000  0.21331582E+001
  0.64903158E+000  0.85633049E+000  0.94933029E+000  0.21331639E+001
  0.64903166E+000  0.85633058E+000  0.94933155E+000  0.21331697E+001
  0.64903174E+000  0.85633066E+000  0.94933279E+000  0.21331756E+001
  0.64903182E+000  0.85633073E+000  0.94933402E+000  0.21331814E+001
  0.64903191E+000  0.85633080E+000  0.94933523E+000  0.21331874E+001
  0.64903199E+000  0.85633087E+000  0.94933643E+000  0.21331933E+001
  0.64903207E+000  0.85633094E+000  0.94933760E+000  0.21331993E+001
  0.64903215E+000  0.85633100E+000  0.94933876E+000  0.21332054E+001
  0.64903224E+000  0.85633106E+000  0.94933989E+000  0.21332115E+001
  0.64903232E+000  0.85633112E+000  0.94934101E+000  0.21332176E+001
  0.64903240E+000  0.85633118E+000  0.94934210E+000  0.21332237E+001
  0.64903248E+000  0.85633123E+000  0.94934318E+000  0.21332299E+001
  0.64903256E+000  0.85633128E+000  0.94934423E+000  0.21332361E+001
  0.64903264E+000  0.85633133E+000  0.94934526E+000  0.21332423E+001
  0.64903271E+000  0.85633137E+000  0.94934627E+000  0.21332485E+001
  0.64903279E+000  0.85633142E+000  0.94934725E+000  0.21332548E+001
  0.64903286E+000  0.85633146E+000  0.94934821E+000  0.21332610E+001
  0.64903294E+000  0.85633150E+000  0.94934915E+000  0.21332673E+001
  0.64903301E+000  0.85633154E+000  0.94935007E+000  0.21332737E+001
  0.64903308E+000  0.85633158E+000  0.94935096E+000  0.21332800E+001
  0.64903316E+000  0.85633162E+000  0.94935183E+000  0.21332863E+001
  0.64903323E+000  0.85633166E+000  0.94935268E+000  0.21332926E+001
  0.64903330E+000  0.85633169E+000  0.94935350E+000  0.21332990E+001
  0.64903336E+000  0.85633173E+000  0.94935430E+000  0.21333053E+001
  0.64903343E+000  0.85633176E+000  0.94935508E+000  0.21333116E+001
  0.64903350E+000  0.85633179E+000  0.94935583E+000  0.21333180E+001
  0.64903356E+000  0.85633183E+000  0.94935656E+000  0.21333243E+001
  0.64903363E+000  0.85633186E+000  0.94935726E+000  0.21333306E+001
  0.64903369E+000  0.85633189E+000  0.94935794E+000  0.21333369E+001
  0.64903375E+000  0.85633192E+000  0.94935860E+000  0.21333432E+001
  0.64903382E+000  0.85633195E+000  0.94935923E+000  0.21333495E+001
  0.64903388E+000  0.85633198E+000  0.94935985E+000  0.21333558E+001
  0.64903394E+000  0.85633201E+000  0.94936043E+000  0.21333620E+001
  0.64903400E+000  0.85633203E+000  0.94936100E+000  0.21333682E+001
  0.64903407E+000  0.85633206E+000  0.94936154E+000  0.21333744E+001
  0.64903413E+000  0.85633209E+000  0.94936206E+000  0.21333806E+001
  0.64903420E+000  0.85633212E+000  0.94936256E+000  0.21333868E+001
  0.64903426E+000  0.85633214E+000  0.94936303E+000  0.21333929E+001
  0.64903433E+000  0.85633217E+000  0.94936349E+000  0.21333989E+001
  0.64903440E+000  0.85633220E+000  0.94936392E+000  0.21334050E+001
  0.64903447E+000  0.85633222E+000  0.94936432E+000  0.21334110E+001
  0.64903454E+000  0.85633225E+000  0.94936471E+000  0.21334169E+001
  0.64903462E+000  0.85633228E+000  0.94936507E+000  0.21334228E+001
  0.64903470E+000  0.85633230E+000  0.94936541E+000  0.21334287E+001
  0.64903479E+000  0.85633233E+000  0.94936573E+000  0.21334346E+001
  0.64903488E+000  0.85633235E+000  0.94936602E+000  0.21334403E+001
  0.64903497E+000  0.85633238E+000  0.94936630E+000  0.21334461E+001
  0.64903507E+000  0.85633241E+000  0.94936654E+000  0.21334518E+001
  0.64903518E+000  0.85633243E+000  0.94936677E+000  0.21334574E+001
  0.64903529E+000  0.85633246E+000  0.94936696E+000  0.21334631E+001
  0.64903542E+000  0.85633249E+000  0.94936714E+000  0.21334686E+001
  0.64903555E+000  0.85633252E+000  0.94936729E+000  0.21334741E+001
  0.64903570E+000  0.85633255E+000  0.94936741E+000  0.21334796E+001
  0.64903586E+000  0.85633258E+000  0.94936751E+000  0.21334850E+001
  0.64903603E+000  0.85633262E+000  0.94936758E+000  0.21334904E+001
  0.64903622E+000  0.85633267E+000  0.94936763E+000  0.21334958E+001
  0.64903644E+000  0.85633273E+000  0.94936767E+000  0.21335012E+001
  0.64903669E+000  0.85633280E+000  0.94936768E+000  0.21335066E+001
  0.64903699E+000  0.85633291E+000  0.94936770E+000  0.21335120E+001
  0.64903734E+000  0.85633304E+000  0.94936770E+000  0.21335174E+001
  0.64903784E+000  0.85633331E+000  0.94936782E+000  0.21335231E+001
  0.64903843E+000  0.85633366E+000  0.94936795E+000  0.21335290E+001
  0.64903957E+000  0.85633483E+000  0.94936876E+000  0.21335354E+001
  0.64904052E+000  0.85633520E+000  0.94936856E+000  0.21335417E+001
  0.64904570E+000  0.85634195E+000  0.94937938E+000  0.21335554E+001
