  0.10526209E+001
  0.10522461E+001
  0.10518000E+001
  0.10514211E+001
  0.10511113E+001
  0.10508551E+001
  0.10506445E+001
  0.10504688E+001
  0.10503201E+001
  0.10501941E+001
  0.10500866E+001
  0.10499945E+001
  0.10499152E+001
  0.10498465E+001
  0.10497866E+001
  0.10497341E+001
  0.10496878E+001
  0.10496469E+001
  0.10496104E+001
  0.10495778E+001
  0.10495485E+001
  0.10495220E+001
  0.10494979E+001
  0.10494759E+001
  0.10494557E+001
  0.10494371E+001
  0.10494199E+001
  0.10494039E+001
  0.10493888E+001
  0.10493747E+001
  0.10493614E+001
  0.10493487E+001
  0.10493367E+001
  0.10493252E+001
  0.10493142E+001
  0.10493037E+001
  0.10492935E+001
  0.10492838E+001
  0.10492744E+001
  0.10492654E+001
  0.10492566E+001
  0.10492482E+001
  0.10492400E+001
  0.10492322E+001
  0.10492246E+001
  0.10492173E+001
  0.10492103E+001
  0.10492035E+001
  0.10491970E+001
  0.10491907E+001
  0.10491847E+001
  0.10491789E+001
  0.10491734E+001
  0.10491681E+001
  0.10491630E+001
  0.10491582E+001
  0.10491536E+001
  0.10491492E+001
  0.10491450E+001
  0.10491410E+001
  0.10491372E+001
  0.10491336E+001
  0.10491302E+001
  0.10491270E+001
  0.10491240E+001
  0.10491211E+001
  0.10491184E+001
  0.10491158E+001
  0.10491134E+001
  0.10491112E+001
  0.10491091E+001
  0.10491071E+001
  0.10491052E+001
  0.10491035E+001
  0.10491019E+001
  0.10491004E+001
  0.10490990E+001
  0.10490977E+001
  0.10490965E+001
  0.10490954E+001
  0.10490944E+001
  0.10490934E+001
  0.10490925E+001
  0.10490917E+001
  0.10490909E+001
  0.10490902E+001
  0.10490895E+001
  0.10490889E+001
  0.10490883E+001
  0.10490878E+001
  0.10490872E+001
  0.10490867E+001
  0.10490862E+001
  0.10490857E+001
  0.10490852E+001
  0.10490848E+001
  0.10490843E+001
  0.10490838E+001
  0.10490834E+001
  0.10490829E+001
  0.10490824E+001
  0.10490819E+001
  0.10490815E+001
  0.10490810E+001
  0.10490805E+001
  0.10490800E+001
  0.10490795E+001
  0.10490790E+001
  0.10490785E+001
  0.10490779E+001
  0.10490774E+001
  0.10490769E+001
  0.10490764E+001
  0.10490758E+001
  0.10490753E+001
  0.10490747E+001
  0.10490742E+001
  0.10490736E+001
  0.10490731E+001
  0.10490725E+001
  0.10490720E+001
  0.10490715E+001
  0.10490709E+001
  0.10490704E+001
  0.10490698E+001
  0.10490693E+001
  0.10490687E+001
  0.10490682E+001
  0.10490677E+001
  0.10490671E+001
  0.10490666E+001
  0.10490661E+001
  0.10490656E+001
  0.10490650E+001
  0.10490645E+001
  0.10490640E+001
  0.10490635E+001
  0.10490630E+001
  0.10490625E+001
  0.10490620E+001
  0.10490616E+001
  0.10490611E+001
  0.10490606E+001
  0.10490602E+001
  0.10490597E+001
  0.10490593E+001
  0.10490588E+001
  0.10490584E+001
  0.10490580E+001
  0.10490575E+001
  0.10490571E+001
  0.10490567E+001
  0.10490563E+001
  0.10490559E+001
  0.10490556E+001
  0.10490552E+001
  0.10490548E+001
  0.10490544E+001
  0.10490541E+001
  0.10490537E+001
  0.10490534E+001
  0.10490531E+001
  0.10490527E+001
  0.10490524E+001
  0.10490521E+001
  0.10490518E+001
  0.10490515E+001
  0.10490512E+001
  0.10490509E+001
  0.10490506E+001
  0.10490504E+001
  0.10490501E+001
  0.10490498E+001
  0.10490496E+001
  0.10490493E+001
  0.10490490E+001
  0.10490488E+001
  0.10490485E+001
  0.10490483E+001
  0.10490480E+001
  0.10490478E+001
  0.10490476E+001
  0.10490473E+001
  0.10490471E+001
  0.10490468E+001
  0.10490466E+001
  0.10490463E+001
  0.10490460E+001
  0.10490457E+001
  0.10490454E+001
  0.10490451E+001
  0.10490448E+001
  0.10490444E+001
  0.10490440E+001
  0.10490435E+001
  0.10490428E+001
  0.10490420E+001
  0.10490405E+001
  0.10490397E+001
  0.10490313E+001
