  0.54298056E+000
  0.54273731E+000
  0.54245027E+000
  0.54220723E+000
  0.54200899E+000
  0.54184546E+000
  0.54171082E+000
  0.54159859E+000
  0.54150395E+000
  0.54142398E+000
  0.54135592E+000
  0.54129773E+000
  0.54124774E+000
  0.54120452E+000
  0.54116699E+000
  0.54113420E+000
  0.54110541E+000
  0.54108000E+000
  0.54105746E+000
  0.54103737E+000
  0.54101938E+000
  0.54100319E+000
  0.54098854E+000
  0.54097523E+000
  0.54096307E+000
  0.54095190E+000
  0.54094159E+000
  0.54093203E+000
  0.54092312E+000
  0.54091477E+000
  0.54090692E+000
  0.54089950E+000
  0.54089246E+000
  0.54088577E+000
  0.54087938E+000
  0.54087328E+000
  0.54086743E+000
  0.54086182E+000
  0.54085643E+000
  0.54085125E+000
  0.54084626E+000
  0.54084146E+000
  0.54083684E+000
  0.54083239E+000
  0.54082811E+000
  0.54082400E+000
  0.54082004E+000
  0.54081624E+000
  0.54081259E+000
  0.54080910E+000
  0.54080575E+000
  0.54080254E+000
  0.54079948E+000
  0.54079656E+000
  0.54079377E+000
  0.54079112E+000
  0.54078859E+000
  0.54078619E+000
  0.54078392E+000
  0.54078176E+000
  0.54077971E+000
  0.54077778E+000
  0.54077596E+000
  0.54077423E+000
  0.54077261E+000
  0.54077108E+000
  0.54076964E+000
  0.54076829E+000
  0.54076703E+000
  0.54076584E+000
  0.54076473E+000
  0.54076370E+000
  0.54076273E+000
  0.54076183E+000
  0.54076099E+000
  0.54076021E+000
  0.54075949E+000
  0.54075882E+000
  0.54075819E+000
  0.54075762E+000
  0.54075708E+000
  0.54075658E+000
  0.54075612E+000
  0.54075569E+000
  0.54075529E+000
  0.54075491E+000
  0.54075456E+000
  0.54075422E+000
  0.54075391E+000
  0.54075360E+000
  0.54075331E+000
  0.54075303E+000
  0.54075276E+000
  0.54075249E+000
  0.54075222E+000
  0.54075196E+000
  0.54075170E+000
  0.54075144E+000
  0.54075117E+000
  0.54075091E+000
  0.54075064E+000
  0.54075037E+000
  0.54075010E+000
  0.54074982E+000
  0.54074954E+000
  0.54074925E+000
  0.54074896E+000
  0.54074867E+000
  0.54074838E+000
  0.54074808E+000
  0.54074777E+000
  0.54074747E+000
  0.54074716E+000
  0.54074685E+000
  0.54074653E+000
  0.54074622E+000
  0.54074590E+000
  0.54074558E+000
  0.54074526E+000
  0.54074494E+000
  0.54074462E+000
  0.54074430E+000
  0.54074398E+000
  0.54074366E+000
  0.54074334E+000
  0.54074303E+000
  0.54074271E+000
  0.54074239E+000
  0.54074208E+000
  0.54074177E+000
  0.54074146E+000
  0.54074115E+000
  0.54074084E+000
  0.54074054E+000
  0.54074024E+000
  0.54073994E+000
  0.54073965E+000
  0.54073936E+000
  0.54073907E+000
  0.54073879E+000
  0.54073851E+000
  0.54073823E+000
  0.54073796E+000
  0.54073769E+000
  0.54073743E+000
  0.54073717E+000
  0.54073691E+000
  0.54073666E+000
  0.54073641E+000
  0.54073617E+000
  0.54073593E+000
  0.54073569E+000
  0.54073546E+000
  0.54073524E+000
  0.54073502E+000
  0.54073480E+000
  0.54073459E+000
  0.54073438E+000
  0.54073418E+000
  0.54073398E+000
  0.54073379E+000
  0.54073360E+000
  0.54073342E+000
  0.54073324E+000
  0.54073306E+000
  0.54073289E+000
  0.54073272E+000
  0.54073256E+000
  0.54073240E+000
  0.54073224E+000
  0.54073209E+000
  0.54073194E+000
  0.54073180E+000
  0.54073166E+000
  0.54073152E+000
  0.54073139E+000
  0.54073126E+000
  0.54073113E+000
  0.54073101E+000
  0.54073089E+000
  0.54073077E+000
  0.54073065E+000
  0.54073054E+000
  0.54073043E+000
  0.54073031E+000
  0.54073021E+000
  0.54073010E+000
  0.54072999E+000
  0.54072988E+000
  0.54072976E+000
  0.54072965E+000
  0.54072952E+000
  0.54072938E+000
  0.54072923E+000
  0.54072905E+000
  0.54072878E+000
  0.54072847E+000
  0.54072775E+000
  0.54072742E+000
  0.54072268E+000
