 -0.15012498E+000  0.33234403E+000  0.36356188E+001  0.83937747E+002
 -0.15104971E+000  0.33048706E+000  0.36314716E+001  0.83931440E+002
 -0.15168351E+000  0.32915720E+000  0.36283306E+001  0.83926504E+002
 -0.15213518E+000  0.32819051E+000  0.36259213E+001  0.83922578E+002
 -0.15245252E+000  0.32748440E+000  0.36240675E+001  0.83919424E+002
 -0.15267080E+000  0.32697344E+000  0.36226479E+001  0.83916875E+002
 -0.15281639E+000  0.32661117E+000  0.36215735E+001  0.83914806E+002
 -0.15290686E+000  0.32636829E+000  0.36207714E+001  0.83913131E+002
 -0.15295498E+000  0.32622035E+000  0.36201876E+001  0.83911778E+002
 -0.15297022E+000  0.32614709E+000  0.36197795E+001  0.83910690E+002
 -0.15295984E+000  0.32613215E+000  0.36195134E+001  0.83909823E+002
 -0.15292955E+000  0.32616203E+000  0.36193637E+001  0.83909138E+002
 -0.15288389E+000  0.32622734E+000  0.36193088E+001  0.83908607E+002
 -0.15282649E+000  0.32632050E+000  0.36193312E+001  0.83908204E+002
 -0.15276021E+000  0.32643621E+000  0.36194160E+001  0.83907909E+002
 -0.15268736E+000  0.32656903E+000  0.36195519E+001  0.83907704E+002
 -0.15260979E+000  0.32671465E+000  0.36197299E+001  0.83907576E+002
 -0.15252896E+000  0.32686981E+000  0.36199426E+001  0.83907514E+002
 -0.15244603E+000  0.32703193E+000  0.36201839E+001  0.83907507E+002
 -0.15236193E+000  0.32719891E+000  0.36204488E+001  0.83907547E+002
 -0.15227740E+000  0.32736907E+000  0.36207332E+001  0.83907627E+002
 -0.15219305E+000  0.32754101E+000  0.36210336E+001  0.83907743E+002
 -0.15210936E+000  0.32771365E+000  0.36213472E+001  0.83907888E+002
 -0.15202671E+000  0.32788608E+000  0.36216715E+001  0.83908060E+002
 -0.15194541E+000  0.32805757E+000  0.36220046E+001  0.83908254E+002
 -0.15186569E+000  0.32822755E+000  0.36223446E+001  0.83908469E+002
 -0.15178775E+000  0.32839553E+000  0.36226902E+001  0.83908700E+002
 -0.15171172E+000  0.32856111E+000  0.36230401E+001  0.83908948E+002
 -0.15163773E+000  0.32872398E+000  0.36233930E+001  0.83909209E+002
 -0.15156584E+000  0.32888387E+000  0.36237482E+001  0.83909483E+002
 -0.15149610E+000  0.32904059E+000  0.36241047E+001  0.83909769E+002
 -0.15142855E+000  0.32919393E+000  0.36244617E+001  0.83910065E+002
 -0.15136319E+000  0.32934378E+000  0.36248186E+001  0.83910371E+002
 -0.15130001E+000  0.32949002E+000  0.36251756E+001  0.83910686E+002
 -0.15123901E+000  0.32963254E+000  0.36255318E+001  0.83911008E+002
 -0.15118015E+000  0.32977124E+000  0.36258862E+001  0.83911339E+002
 -0.15112342E+000  0.32990606E+000  0.36262383E+001  0.83911678E+002
 -0.15106876E+000  0.33003693E+000  0.36265876E+001  0.83912024E+002
 -0.15101614E+000  0.33016378E+000  0.36269338E+001  0.83912377E+002
 -0.15096552E+000  0.33028656E+000  0.36272763E+001  0.83912737E+002
 -0.15091684E+000  0.33040525E+000  0.36276148E+001  0.83913103E+002
 -0.15087006E+000  0.33051979E+000  0.36279489E+001  0.83913475E+002
 -0.15082514E+000  0.33063017E+000  0.36282782E+001  0.83913853E+002
 -0.15078202E+000  0.33073636E+000  0.36286022E+001  0.83914236E+002
 -0.15074067E+000  0.33083834E+000  0.36289206E+001  0.83914623E+002
 -0.15070106E+000  0.33093611E+000  0.36292330E+001  0.83915015E+002
 -0.15066313E+000  0.33102968E+000  0.36295389E+001  0.83915412E+002
 -0.15062686E+000  0.33111904E+000  0.36298381E+001  0.83915812E+002
 -0.15059223E+000  0.33120421E+000  0.36301302E+001  0.83916215E+002
 -0.15055919E+000  0.33128523E+000  0.36304147E+001  0.83916621E+002
 -0.15052772E+000  0.33136212E+000  0.36306913E+001  0.83917030E+002
 -0.15049779E+000  0.33143494E+000  0.36309596E+001  0.83917441E+002
 -0.15046939E+000  0.33150374E+000  0.36312195E+001  0.83917853E+002
 -0.15044248E+000  0.33156860E+000  0.36314706E+001  0.83918267E+002
 -0.15041703E+000  0.33162959E+000  0.36317127E+001  0.83918682E+002
 -0.15039302E+000  0.33168680E+000  0.36319455E+001  0.83919097E+002
 -0.15037041E+000  0.33174033E+000  0.36321690E+001  0.83919513E+002
 -0.15034917E+000  0.33179030E+000  0.36323830E+001  0.83919928E+002
 -0.15032927E+000  0.33183683E+000  0.36325874E+001  0.83920344E+002
 -0.15031066E+000  0.33188005E+000  0.36327823E+001  0.83920758E+002
 -0.15029331E+000  0.33192010E+000  0.36329678E+001  0.83921172E+002
 -0.15027717E+000  0.33195713E+000  0.36331438E+001  0.83921584E+002
 -0.15026218E+000  0.33199129E+000  0.36333105E+001  0.83921995E+002
 -0.15024831E+000  0.33202276E+000  0.36334682E+001  0.83922405E+002
 -0.15023549E+000  0.33205169E+000  0.36336170E+001  0.83922812E+002
 -0.15022368E+000  0.33207826E+000  0.36337572E+001  0.83923218E+002
 -0.15021282E+000  0.33210263E+000  0.36338890E+001  0.83923622E+002
 -0.15020284E+000  0.33212497E+000  0.36340129E+001  0.83924024E+002
 -0.15019371E+000  0.33214546E+000  0.36341291E+001  0.83924424E+002
 -0.15018536E+000  0.33216426E+000  0.36342381E+001  0.83924822E+002
 -0.15017773E+000  0.33218154E+000  0.36343401E+001  0.83925217E+002
 -0.15017078E+000  0.33219743E+000  0.36344357E+001  0.83925611E+002
 -0.15016444E+000  0.33221210E+000  0.36345251E+001  0.83926004E+002
 -0.15015868E+000  0.33222568E+000  0.36346088E+001  0.83926394E+002
 -0.15015345E+000  0.33223831E+000  0.36346872E+001  0.83926783E+002
 -0.15014869E+000  0.33225010E+000  0.36347608E+001  0.83927171E+002
 -0.15014436E+000  0.33226118E+000  0.36348298E+001  0.83927558E+002
 -0.15014043E+000  0.33227165E+000  0.36348948E+001  0.83927944E+002
 -0.15013685E+000  0.33228159E+000  0.36349560E+001  0.83928330E+002
 -0.15013359E+000  0.33229111E+000  0.36350139E+001  0.83928715E+002
 -0.15013062E+000  0.33230028E+000  0.36350688E+001  0.83929102E+002
 -0.15012790E+000  0.33230916E+000  0.36351211E+001  0.83929489E+002
 -0.15012541E+000  0.33231783E+000  0.36351711E+001  0.83929878E+002
 -0.15012312E+000  0.33232633E+000  0.36352190E+001  0.83930268E+002
 -0.15012100E+000  0.33233472E+000  0.36352653E+001  0.83930661E+002
 -0.15011904E+000  0.33234303E+000  0.36353100E+001  0.83931057E+002
 -0.15011720E+000  0.33235130E+000  0.36353536E+001  0.83931455E+002
 -0.15011549E+000  0.33235956E+000  0.36353962E+001  0.83931858E+002
 -0.15011388E+000  0.33236784E+000  0.36354381E+001  0.83932265E+002
 -0.15011235E+000  0.33237615E+000  0.36354793E+001  0.83932677E+002
 -0.15011090E+000  0.33238451E+000  0.36355201E+001  0.83933093E+002
 -0.15010951E+000  0.33239292E+000  0.36355607E+001  0.83933516E+002
 -0.15010818E+000  0.33240140E+000  0.36356010E+001  0.83933944E+002
 -0.15010689E+000  0.33240995E+000  0.36356414E+001  0.83934378E+002
 -0.15010564E+000  0.33241858E+000  0.36356817E+001  0.83934819E+002
 -0.15010443E+000  0.33242727E+000  0.36357221E+001  0.83935266E+002
 -0.15010325E+000  0.33243603E+000  0.36357627E+001  0.83935720E+002
 -0.15010210E+000  0.33244485E+000  0.36358036E+001  0.83936181E+002
 -0.15010097E+000  0.33245372E+000  0.36358446E+001  0.83936649E+002
 -0.15009986E+000  0.33246264E+000  0.36358860E+001  0.83937125E+002
 -0.15009878E+000  0.33247159E+000  0.36359276E+001  0.83937608E+002
 -0.15009771E+000  0.33248057E+000  0.36359696E+001  0.83938098E+002
 -0.15009666E+000  0.33248955E+000  0.36360119E+001  0.83938595E+002
 -0.15009562E+000  0.33249854E+000  0.36360544E+001  0.83939100E+002
 -0.15009460E+000  0.33250751E+000  0.36360973E+001  0.83939612E+002
 -0.15009360E+000  0.33251645E+000  0.36361405E+001  0.83940131E+002
 -0.15009262E+000  0.33252535E+000  0.36361840E+001  0.83940657E+002
 -0.15009165E+000  0.33253419E+000  0.36362278E+001  0.83941190E+002
 -0.15009070E+000  0.33254296E+000  0.36362718E+001  0.83941730E+002
 -0.15008977E+000  0.33255164E+000  0.36363161E+001  0.83942277E+002
 -0.15008886E+000  0.33256023E+000  0.36363605E+001  0.83942830E+002
 -0.15008797E+000  0.33256870E+000  0.36364051E+001  0.83943390E+002
 -0.15008709E+000  0.33257704E+000  0.36364499E+001  0.83943956E+002
 -0.15008624E+000  0.33258524E+000  0.36364948E+001  0.83944529E+002
 -0.15008541E+000  0.33259329E+000  0.36365397E+001  0.83945107E+002
 -0.15008459E+000  0.33260118E+000  0.36365847E+001  0.83945691E+002
 -0.15008380E+000  0.33260890E+000  0.36366297E+001  0.83946282E+002
 -0.15008303E+000  0.33261643E+000  0.36366746E+001  0.83946877E+002
 -0.15008229E+000  0.33262378E+000  0.36367195E+001  0.83947478E+002
 -0.15008156E+000  0.33263092E+000  0.36367642E+001  0.83948085E+002
 -0.15008086E+000  0.33263787E+000  0.36368087E+001  0.83948696E+002
 -0.15008019E+000  0.33264460E+000  0.36368530E+001  0.83949312E+002
 -0.15007953E+000  0.33265112E+000  0.36368971E+001  0.83949934E+002
 -0.15007890E+000  0.33265742E+000  0.36369408E+001  0.83950559E+002
 -0.15007829E+000  0.33266350E+000  0.36369841E+001  0.83951189E+002
 -0.15007770E+000  0.33266936E+000  0.36370270E+001  0.83951823E+002
 -0.15007714E+000  0.33267500E+000  0.36370694E+001  0.83952462E+002
 -0.15007660E+000  0.33268041E+000  0.36371113E+001  0.83953104E+002
 -0.15007608E+000  0.33268560E+000  0.36371527E+001  0.83953749E+002
 -0.15007558E+000  0.33269057E+000  0.36371934E+001  0.83954398E+002
 -0.15007511E+000  0.33269532E+000  0.36372334E+001  0.83955051E+002
 -0.15007466E+000  0.33269985E+000  0.36372727E+001  0.83955706E+002
 -0.15007422E+000  0.33270417E+000  0.36373112E+001  0.83956364E+002
 -0.15007381E+000  0.33270828E+000  0.36373490E+001  0.83957025E+002
 -0.15007342E+000  0.33271219E+000  0.36373859E+001  0.83957688E+002
 -0.15007305E+000  0.33271590E+000  0.36374219E+001  0.83958353E+002
 -0.15007270E+000  0.33271941E+000  0.36374571E+001  0.83959020E+002
 -0.15007237E+000  0.33272273E+000  0.36374913E+001  0.83959689E+002
 -0.15007206E+000  0.33272586E+000  0.36375245E+001  0.83960359E+002
 -0.15007177E+000  0.33272882E+000  0.36375568E+001  0.83961030E+002
 -0.15007149E+000  0.33273160E+000  0.36375881E+001  0.83961702E+002
 -0.15007123E+000  0.33273421E+000  0.36376183E+001  0.83962374E+002
 -0.15007099E+000  0.33273666E+000  0.36376476E+001  0.83963047E+002
 -0.15007077E+000  0.33273895E+000  0.36376758E+001  0.83963721E+002
 -0.15007056E+000  0.33274109E+000  0.36377029E+001  0.83964393E+002
 -0.15007037E+000  0.33274308E+000  0.36377291E+001  0.83965066E+002
 -0.15007020E+000  0.33274493E+000  0.36377541E+001  0.83965738E+002
 -0.15007004E+000  0.33274664E+000  0.36377782E+001  0.83966408E+002
 -0.15006989E+000  0.33274822E+000  0.36378012E+001  0.83967078E+002
 -0.15006977E+000  0.33274966E+000  0.36378232E+001  0.83967746E+002
 -0.15006965E+000  0.33275099E+000  0.36378441E+001  0.83968412E+002
 -0.15006956E+000  0.33275218E+000  0.36378641E+001  0.83969076E+002
 -0.15006947E+000  0.33275326E+000  0.36378831E+001  0.83969737E+002
 -0.15006941E+000  0.33275423E+000  0.36379010E+001  0.83970396E+002
 -0.15006935E+000  0.33275508E+000  0.36379181E+001  0.83971051E+002
 -0.15006932E+000  0.33275581E+000  0.36379341E+001  0.83971704E+002
 -0.15006930E+000  0.33275643E+000  0.36379493E+001  0.83972353E+002
 -0.15006929E+000  0.33275694E+000  0.36379635E+001  0.83972998E+002
 -0.15006930E+000  0.33275734E+000  0.36379768E+001  0.83973638E+002
 -0.15006933E+000  0.33275763E+000  0.36379892E+001  0.83974275E+002
 -0.15006938E+000  0.33275780E+000  0.36380007E+001  0.83974906E+002
 -0.15006944E+000  0.33275785E+000  0.36380114E+001  0.83975533E+002
 -0.15006952E+000  0.33275778E+000  0.36380212E+001  0.83976154E+002
 -0.15006962E+000  0.33275759E+000  0.36380302E+001  0.83976769E+002
 -0.15006974E+000  0.33275727E+000  0.36380382E+001  0.83977379E+002
 -0.15006989E+000  0.33275682E+000  0.36380455E+001  0.83977982E+002
 -0.15007005E+000  0.33275623E+000  0.36380519E+001  0.83978579E+002
 -0.15007024E+000  0.33275549E+000  0.36380574E+001  0.83979169E+002
 -0.15007045E+000  0.33275460E+000  0.36380621E+001  0.83979752E+002
 -0.15007069E+000  0.33275354E+000  0.36380658E+001  0.83980327E+002
 -0.15007096E+000  0.33275230E+000  0.36380687E+001  0.83980895E+002
 -0.15007126E+000  0.33275088E+000  0.36380706E+001  0.83981454E+002
 -0.15007158E+000  0.33274927E+000  0.36380715E+001  0.83982004E+002
 -0.15007194E+000  0.33274744E+000  0.36380715E+001  0.83982545E+002
 -0.15007234E+000  0.33274538E+000  0.36380703E+001  0.83983077E+002
 -0.15007277E+000  0.33274308E+000  0.36380681E+001  0.83983599E+002
 -0.15007324E+000  0.33274052E+000  0.36380647E+001  0.83984110E+002
 -0.15007375E+000  0.33273769E+000  0.36380600E+001  0.83984610E+002
 -0.15007430E+000  0.33273456E+000  0.36380540E+001  0.83985098E+002
 -0.15007490E+000  0.33273112E+000  0.36380465E+001  0.83985573E+002
 -0.15007554E+000  0.33272734E+000  0.36380375E+001  0.83986036E+002
 -0.15007623E+000  0.33272321E+000  0.36380268E+001  0.83986484E+002
 -0.15007698E+000  0.33271870E+000  0.36380144E+001  0.83986917E+002
 -0.15007778E+000  0.33271379E+000  0.36380000E+001  0.83987334E+002
 -0.15007863E+000  0.33270845E+000  0.36379835E+001  0.83987734E+002
 -0.15007955E+000  0.33270265E+000  0.36379647E+001  0.83988114E+002
 -0.15008053E+000  0.33269638E+000  0.36379434E+001  0.83988475E+002
 -0.15008159E+000  0.33268959E+000  0.36379194E+001  0.83988813E+002
 -0.15008272E+000  0.33268226E+000  0.36378924E+001  0.83989127E+002
 -0.15008394E+000  0.33267434E+000  0.36378620E+001  0.83989415E+002
 -0.15008527E+000  0.33266578E+000  0.36378280E+001  0.83989673E+002
 -0.15008674E+000  0.33265651E+000  0.36377899E+001  0.83989900E+002
 -0.15008837E+000  0.33264645E+000  0.36377470E+001  0.83990092E+002
 -0.15009025E+000  0.33263544E+000  0.36376987E+001  0.83990245E+002
 -0.15009251E+000  0.33262319E+000  0.36376436E+001  0.83990354E+002
 -0.15009537E+000  0.33260926E+000  0.36375803E+001  0.83990415E+002
 -0.15009936E+000  0.33259239E+000  0.36375054E+001  0.83990419E+002
 -0.15010491E+000  0.33257173E+000  0.36374180E+001  0.83990364E+002
 -0.15011358E+000  0.33254255E+000  0.36373089E+001  0.83990234E+002
 -0.15012486E+000  0.33250905E+000  0.36371901E+001  0.83990049E+002
