  0.60347119E+000  0.98855057E+000  0.11633400E+001  0.35008259E+001
  0.60604031E+000  0.99177967E+000  0.11676778E+001  0.35089335E+001
  0.60786618E+000  0.99413711E+000  0.11705040E+001  0.35148577E+001
  0.60923997E+000  0.99591238E+000  0.11725754E+001  0.35193359E+001
  0.61030675E+000  0.99729062E+000  0.11741718E+001  0.35228189E+001
  0.61114563E+000  0.99838194E+000  0.11754284E+001  0.35255738E+001
  0.61181713E+000  0.99925756E+000  0.11764326E+001  0.35277977E+001
  0.61236046E+000  0.99996646E+000  0.11772422E+001  0.35296044E+001
  0.61280220E+000  0.10005445E+001  0.11778997E+001  0.35310801E+001
  0.61316220E+000  0.10010175E+001  0.11784347E+001  0.35322890E+001
  0.61345737E+000  0.10014055E+001  0.11788727E+001  0.35332839E+001
  0.61369983E+000  0.10017247E+001  0.11792320E+001  0.35341053E+001
  0.61389930E+000  0.10019874E+001  0.11795271E+001  0.35347842E+001
  0.61406360E+000  0.10022038E+001  0.11797697E+001  0.35353458E+001
  0.61419882E+000  0.10023818E+001  0.11799690E+001  0.35358101E+001
  0.61430996E+000  0.10025281E+001  0.11801324E+001  0.35361943E+001
  0.61440136E+000  0.10026483E+001  0.11802664E+001  0.35365123E+001
  0.61447638E+000  0.10027470E+001  0.11803759E+001  0.35367752E+001
  0.61453781E+000  0.10028275E+001  0.11804651E+001  0.35369922E+001
  0.61458798E+000  0.10028930E+001  0.11805375E+001  0.35371709E+001
  0.61462853E+000  0.10029457E+001  0.11805955E+001  0.35373171E+001
  0.61466113E+000  0.10029879E+001  0.11806417E+001  0.35374363E+001
  0.61468709E+000  0.10030212E+001  0.11806781E+001  0.35375328E+001
  0.61470748E+000  0.10030471E+001  0.11807062E+001  0.35376103E+001
  0.61472322E+000  0.10030668E+001  0.11807275E+001  0.35376718E+001
  0.61473506E+000  0.10030813E+001  0.11807431E+001  0.35377201E+001
  0.61474368E+000  0.10030915E+001  0.11807541E+001  0.35377572E+001
  0.61474963E+000  0.10030983E+001  0.11807613E+001  0.35377852E+001
  0.61475342E+000  0.10031021E+001  0.11807655E+001  0.35378056E+001
  0.61475545E+000  0.10031037E+001  0.11807672E+001  0.35378199E+001
  0.61475599E+000  0.10031033E+001  0.11807669E+001  0.35378291E+001
  0.61475545E+000  0.10031015E+001  0.11807653E+001  0.35378344E+001
  0.61475399E+000  0.10030986E+001  0.11807624E+001  0.35378364E+001
  0.61475179E+000  0.10030947E+001  0.11807586E+001  0.35378358E+001
  0.61474903E+000  0.10030900E+001  0.11807542E+001  0.35378332E+001
  0.61474582E+000  0.10030849E+001  0.11807493E+001  0.35378288E+001
  0.61474228E+000  0.10030794E+001  0.11807441E+001  0.35378233E+001
  0.61473851E+000  0.10030736E+001  0.11807387E+001  0.35378168E+001
  0.61473456E+000  0.10030676E+001  0.11807331E+001  0.35378096E+001
  0.61473051E+000  0.10030616E+001  0.11807276E+001  0.35378018E+001
  0.61472640E+000  0.10030555E+001  0.11807221E+001  0.35377938E+001
  0.61472226E+000  0.10030494E+001  0.11807166E+001  0.35377855E+001
  0.61471812E+000  0.10030434E+001  0.11807112E+001  0.35377771E+001
  0.61471402E+000  0.10030375E+001  0.11807059E+001  0.35377686E+001
  0.61470996E+000  0.10030317E+001  0.11807008E+001  0.35377602E+001
  0.61470596E+000  0.10030260E+001  0.11806958E+001  0.35377518E+001
  0.61470204E+000  0.10030204E+001  0.11806909E+001  0.35377436E+001
  0.61469821E+000  0.10030150E+001  0.11806861E+001  0.35377355E+001
  0.61469448E+000  0.10030097E+001  0.11806815E+001  0.35377275E+001
  0.61469085E+000  0.10030047E+001  0.11806770E+001  0.35377198E+001
  0.61468735E+000  0.10029998E+001  0.11806727E+001  0.35377124E+001
  0.61468396E+000  0.10029950E+001  0.11806686E+001  0.35377052E+001
  0.61468072E+000  0.10029905E+001  0.11806646E+001  0.35376983E+001
  0.61467761E+000  0.10029862E+001  0.11806607E+001  0.35376916E+001
  0.61467464E+000  0.10029820E+001  0.11806570E+001  0.35376854E+001
  0.61467182E+000  0.10029781E+001  0.11806535E+001  0.35376794E+001
  0.61466915E+000  0.10029744E+001  0.11806502E+001  0.35376738E+001
  0.61466664E+000  0.10029708E+001  0.11806470E+001  0.35376686E+001
  0.61466428E+000  0.10029675E+001  0.11806440E+001  0.35376638E+001
  0.61466208E+000  0.10029644E+001  0.11806412E+001  0.35376593E+001
  0.61466003E+000  0.10029615E+001  0.11806386E+001  0.35376552E+001
  0.61465814E+000  0.10029588E+001  0.11806362E+001  0.35376516E+001
  0.61465640E+000  0.10029563E+001  0.11806339E+001  0.35376483E+001
  0.61465481E+000  0.10029541E+001  0.11806318E+001  0.35376454E+001
  0.61465336E+000  0.10029519E+001  0.11806299E+001  0.35376430E+001
  0.61465205E+000  0.10029500E+001  0.11806281E+001  0.35376409E+001
  0.61465087E+000  0.10029483E+001  0.11806265E+001  0.35376391E+001
  0.61464981E+000  0.10029467E+001  0.11806251E+001  0.35376378E+001
  0.61464887E+000  0.10029452E+001  0.11806238E+001  0.35376368E+001
  0.61464803E+000  0.10029439E+001  0.11806227E+001  0.35376361E+001
  0.61464730E+000  0.10029428E+001  0.11806217E+001  0.35376358E+001
  0.61464666E+000  0.10029417E+001  0.11806208E+001  0.35376357E+001
  0.61464611E+000  0.10029408E+001  0.11806200E+001  0.35376360E+001
  0.61464564E+000  0.10029399E+001  0.11806194E+001  0.35376366E+001
  0.61464524E+000  0.10029392E+001  0.11806189E+001  0.35376375E+001
  0.61464490E+000  0.10029385E+001  0.11806184E+001  0.35376386E+001
  0.61464464E+000  0.10029380E+001  0.11806181E+001  0.35376401E+001
  0.61464442E+000  0.10029374E+001  0.11806178E+001  0.35376418E+001
  0.61464427E+000  0.10029370E+001  0.11806177E+001  0.35376437E+001
  0.61464416E+000  0.10029366E+001  0.11806176E+001  0.35376459E+001
  0.61464410E+000  0.10029363E+001  0.11806177E+001  0.35376484E+001
  0.61464409E+000  0.10029360E+001  0.11806178E+001  0.35376512E+001
  0.61464412E+000  0.10029358E+001  0.11806180E+001  0.35376542E+001
  0.61464418E+000  0.10029356E+001  0.11806183E+001  0.35376574E+001
  0.61464429E+000  0.10029354E+001  0.11806187E+001  0.35376609E+001
  0.61464443E+000  0.10029353E+001  0.11806192E+001  0.35376647E+001
  0.61464459E+000  0.10029352E+001  0.11806197E+001  0.35376686E+001
  0.61464479E+000  0.10029352E+001  0.11806204E+001  0.35376729E+001
  0.61464502E+000  0.10029352E+001  0.11806211E+001  0.35376773E+001
  0.61464527E+000  0.10029352E+001  0.11806218E+001  0.35376819E+001
  0.61464555E+000  0.10029352E+001  0.11806227E+001  0.35376868E+001
  0.61464585E+000  0.10029353E+001  0.11806236E+001  0.35376918E+001
  0.61464617E+000  0.10029354E+001  0.11806245E+001  0.35376971E+001
  0.61464651E+000  0.10029355E+001  0.11806256E+001  0.35377025E+001
  0.61464686E+000  0.10029356E+001  0.11806267E+001  0.35377081E+001
  0.61464723E+000  0.10029358E+001  0.11806278E+001  0.35377139E+001
  0.61464761E+000  0.10029360E+001  0.11806290E+001  0.35377198E+001
  0.61464801E+000  0.10029362E+001  0.11806303E+001  0.35377259E+001
  0.61464841E+000  0.10029364E+001  0.11806316E+001  0.35377322E+001
  0.61464883E+000  0.10029366E+001  0.11806329E+001  0.35377386E+001
  0.61464926E+000  0.10029368E+001  0.11806343E+001  0.35377451E+001
  0.61464969E+000  0.10029370E+001  0.11806357E+001  0.35377518E+001
  0.61465013E+000  0.10029373E+001  0.11806371E+001  0.35377586E+001
  0.61465058E+000  0.10029376E+001  0.11806386E+001  0.35377655E+001
  0.61465104E+000  0.10029378E+001  0.11806401E+001  0.35377726E+001
  0.61465150E+000  0.10029381E+001  0.11806416E+001  0.35377797E+001
  0.61465196E+000  0.10029384E+001  0.11806431E+001  0.35377870E+001
  0.61465242E+000  0.10029387E+001  0.11806447E+001  0.35377944E+001
  0.61465289E+000  0.10029390E+001  0.11806463E+001  0.35378020E+001
  0.61465336E+000  0.10029393E+001  0.11806479E+001  0.35378096E+001
  0.61465384E+000  0.10029396E+001  0.11806495E+001  0.35378174E+001
  0.61465431E+000  0.10029400E+001  0.11806512E+001  0.35378252E+001
  0.61465478E+000  0.10029403E+001  0.11806528E+001  0.35378332E+001
  0.61465526E+000  0.10029406E+001  0.11806544E+001  0.35378413E+001
  0.61465573E+000  0.10029409E+001  0.11806561E+001  0.35378494E+001
  0.61465620E+000  0.10029412E+001  0.11806577E+001  0.35378577E+001
  0.61465667E+000  0.10029416E+001  0.11806594E+001  0.35378661E+001
  0.61465714E+000  0.10029419E+001  0.11806611E+001  0.35378746E+001
  0.61465761E+000  0.10029422E+001  0.11806627E+001  0.35378832E+001
  0.61465807E+000  0.10029426E+001  0.11806644E+001  0.35378919E+001
  0.61465853E+000  0.10029429E+001  0.11806660E+001  0.35379007E+001
  0.61465899E+000  0.10029432E+001  0.11806677E+001  0.35379096E+001
  0.61465945E+000  0.10029435E+001  0.11806693E+001  0.35379186E+001
  0.61465990E+000  0.10029439E+001  0.11806710E+001  0.35379276E+001
  0.61466035E+000  0.10029442E+001  0.11806726E+001  0.35379368E+001
  0.61466079E+000  0.10029445E+001  0.11806742E+001  0.35379460E+001
  0.61466123E+000  0.10029448E+001  0.11806758E+001  0.35379554E+001
  0.61466166E+000  0.10029451E+001  0.11806774E+001  0.35379648E+001
  0.61466209E+000  0.10029454E+001  0.11806790E+001  0.35379743E+001
  0.61466251E+000  0.10029457E+001  0.11806805E+001  0.35379839E+001
  0.61466292E+000  0.10029460E+001  0.11806821E+001  0.35379935E+001
  0.61466334E+000  0.10029463E+001  0.11806836E+001  0.35380032E+001
  0.61466374E+000  0.10029466E+001  0.11806851E+001  0.35380130E+001
  0.61466414E+000  0.10029468E+001  0.11806866E+001  0.35380229E+001
  0.61466453E+000  0.10029471E+001  0.11806880E+001  0.35380328E+001
  0.61466491E+000  0.10029473E+001  0.11806895E+001  0.35380428E+001
  0.61466529E+000  0.10029476E+001  0.11806909E+001  0.35380528E+001
  0.61466566E+000  0.10029478E+001  0.11806923E+001  0.35380629E+001
  0.61466602E+000  0.10029481E+001  0.11806937E+001  0.35380731E+001
  0.61466638E+000  0.10029483E+001  0.11806950E+001  0.35380833E+001
  0.61466673E+000  0.10029485E+001  0.11806963E+001  0.35380936E+001
  0.61466707E+000  0.10029488E+001  0.11806976E+001  0.35381038E+001
  0.61466740E+000  0.10029490E+001  0.11806989E+001  0.35381142E+001
  0.61466773E+000  0.10029492E+001  0.11807001E+001  0.35381245E+001
  0.61466805E+000  0.10029494E+001  0.11807014E+001  0.35381349E+001
  0.61466836E+000  0.10029496E+001  0.11807025E+001  0.35381453E+001
  0.61466866E+000  0.10029497E+001  0.11807037E+001  0.35381558E+001
  0.61466895E+000  0.10029499E+001  0.11807048E+001  0.35381663E+001
  0.61466924E+000  0.10029501E+001  0.11807059E+001  0.35381767E+001
  0.61466952E+000  0.10029502E+001  0.11807070E+001  0.35381872E+001
  0.61466979E+000  0.10029504E+001  0.11807080E+001  0.35381977E+001
  0.61467005E+000  0.10029506E+001  0.11807091E+001  0.35382082E+001
  0.61467030E+000  0.10029507E+001  0.11807100E+001  0.35382187E+001
  0.61467055E+000  0.10029508E+001  0.11807110E+001  0.35382292E+001
  0.61467079E+000  0.10029510E+001  0.11807119E+001  0.35382397E+001
  0.61467102E+000  0.10029511E+001  0.11807128E+001  0.35382501E+001
  0.61467124E+000  0.10029512E+001  0.11807137E+001  0.35382605E+001
  0.61467145E+000  0.10029513E+001  0.11807145E+001  0.35382709E+001
  0.61467166E+000  0.10029514E+001  0.11807153E+001  0.35382813E+001
  0.61467185E+000  0.10029515E+001  0.11807161E+001  0.35382917E+001
  0.61467204E+000  0.10029516E+001  0.11807168E+001  0.35383020E+001
  0.61467222E+000  0.10029517E+001  0.11807175E+001  0.35383122E+001
  0.61467240E+000  0.10029518E+001  0.11807182E+001  0.35383224E+001
  0.61467256E+000  0.10029519E+001  0.11807188E+001  0.35383325E+001
  0.61467272E+000  0.10029520E+001  0.11807195E+001  0.35383426E+001
  0.61467286E+000  0.10029520E+001  0.11807200E+001  0.35383526E+001
  0.61467300E+000  0.10029521E+001  0.11807206E+001  0.35383625E+001
  0.61467313E+000  0.10029521E+001  0.11807211E+001  0.35383724E+001
  0.61467325E+000  0.10029522E+001  0.11807216E+001  0.35383821E+001
  0.61467336E+000  0.10029522E+001  0.11807221E+001  0.35383918E+001
  0.61467346E+000  0.10029523E+001  0.11807225E+001  0.35384013E+001
  0.61467356E+000  0.10029523E+001  0.11807229E+001  0.35384107E+001
  0.61467364E+000  0.10029523E+001  0.11807232E+001  0.35384200E+001
  0.61467371E+000  0.10029523E+001  0.11807235E+001  0.35384292E+001
  0.61467377E+000  0.10029523E+001  0.11807238E+001  0.35384382E+001
  0.61467382E+000  0.10029524E+001  0.11807240E+001  0.35384471E+001
  0.61467386E+000  0.10029523E+001  0.11807242E+001  0.35384558E+001
  0.61467389E+000  0.10029523E+001  0.11807244E+001  0.35384644E+001
  0.61467390E+000  0.10029523E+001  0.11807245E+001  0.35384727E+001
  0.61467390E+000  0.10029523E+001  0.11807245E+001  0.35384809E+001
  0.61467388E+000  0.10029522E+001  0.11807245E+001  0.35384888E+001
  0.61467384E+000  0.10029522E+001  0.11807244E+001  0.35384965E+001
  0.61467379E+000  0.10029521E+001  0.11807243E+001  0.35385039E+001
  0.61467372E+000  0.10029520E+001  0.11807241E+001  0.35385111E+001
  0.61467363E+000  0.10029519E+001  0.11807238E+001  0.35385180E+001
  0.61467352E+000  0.10029518E+001  0.11807235E+001  0.35385245E+001
  0.61467338E+000  0.10029517E+001  0.11807230E+001  0.35385307E+001
  0.61467321E+000  0.10029515E+001  0.11807225E+001  0.35385364E+001
  0.61467301E+000  0.10029514E+001  0.11807218E+001  0.35385418E+001
  0.61467277E+000  0.10029512E+001  0.11807210E+001  0.35385467E+001
  0.61467249E+000  0.10029510E+001  0.11807201E+001  0.35385510E+001
  0.61467216E+000  0.10029507E+001  0.11807191E+001  0.35385548E+001
  0.61467177E+000  0.10029505E+001  0.11807178E+001  0.35385579E+001
  0.61467128E+000  0.10029501E+001  0.11807164E+001  0.35385603E+001
  0.61467067E+000  0.10029497E+001  0.11807147E+001  0.35385617E+001
  0.61466982E+000  0.10029491E+001  0.11807126E+001  0.35385619E+001
  0.61466881E+000  0.10029485E+001  0.11807102E+001  0.35385610E+001
  0.61466758E+000  0.10029476E+001  0.11807076E+001  0.35385594E+001
  0.61466622E+000  0.10029471E+001  0.11807050E+001  0.35385563E+001
  0.61465898E+000  0.10029376E+001  0.11806879E+001  0.35385387E+001
