  0.15640468E+001
  0.15686077E+001
  0.15718411E+001
  0.15742658E+001
  0.15761469E+001
  0.15776323E+001
  0.15788261E+001
  0.15797933E+001
  0.15805815E+001
  0.15812257E+001
  0.15817548E+001
  0.15821904E+001
  0.15825494E+001
  0.15828456E+001
  0.15830898E+001
  0.15832911E+001
  0.15834570E+001
  0.15835935E+001
  0.15837055E+001
  0.15837972E+001
  0.15838716E+001
  0.15839316E+001
  0.15839797E+001
  0.15840176E+001
  0.15840472E+001
  0.15840698E+001
  0.15840865E+001
  0.15840985E+001
  0.15841066E+001
  0.15841115E+001
  0.15841137E+001
  0.15841140E+001
  0.15841127E+001
  0.15841101E+001
  0.15841065E+001
  0.15841021E+001
  0.15840971E+001
  0.15840918E+001
  0.15840861E+001
  0.15840803E+001
  0.15840743E+001
  0.15840683E+001
  0.15840623E+001
  0.15840564E+001
  0.15840505E+001
  0.15840448E+001
  0.15840391E+001
  0.15840336E+001
  0.15840282E+001
  0.15840230E+001
  0.15840179E+001
  0.15840131E+001
  0.15840084E+001
  0.15840039E+001
  0.15839997E+001
  0.15839956E+001
  0.15839918E+001
  0.15839882E+001
  0.15839848E+001
  0.15839816E+001
  0.15839787E+001
  0.15839761E+001
  0.15839736E+001
  0.15839714E+001
  0.15839694E+001
  0.15839677E+001
  0.15839661E+001
  0.15839647E+001
  0.15839636E+001
  0.15839626E+001
  0.15839618E+001
  0.15839611E+001
  0.15839606E+001
  0.15839603E+001
  0.15839601E+001
  0.15839600E+001
  0.15839601E+001
  0.15839603E+001
  0.15839606E+001
  0.15839610E+001
  0.15839615E+001
  0.15839622E+001
  0.15839629E+001
  0.15839638E+001
  0.15839647E+001
  0.15839658E+001
  0.15839669E+001
  0.15839682E+001
  0.15839695E+001
  0.15839709E+001
  0.15839724E+001
  0.15839740E+001
  0.15839757E+001
  0.15839774E+001
  0.15839792E+001
  0.15839811E+001
  0.15839830E+001
  0.15839850E+001
  0.15839870E+001
  0.15839891E+001
  0.15839912E+001
  0.15839934E+001
  0.15839957E+001
  0.15839979E+001
  0.15840003E+001
  0.15840026E+001
  0.15840050E+001
  0.15840075E+001
  0.15840099E+001
  0.15840124E+001
  0.15840150E+001
  0.15840175E+001
  0.15840201E+001
  0.15840228E+001
  0.15840254E+001
  0.15840281E+001
  0.15840308E+001
  0.15840336E+001
  0.15840363E+001
  0.15840391E+001
  0.15840419E+001
  0.15840448E+001
  0.15840476E+001
  0.15840505E+001
  0.15840534E+001
  0.15840563E+001
  0.15840592E+001
  0.15840621E+001
  0.15840651E+001
  0.15840680E+001
  0.15840710E+001
  0.15840740E+001
  0.15840770E+001
  0.15840800E+001
  0.15840830E+001
  0.15840860E+001
  0.15840891E+001
  0.15840921E+001
  0.15840951E+001
  0.15840981E+001
  0.15841012E+001
  0.15841042E+001
  0.15841073E+001
  0.15841103E+001
  0.15841133E+001
  0.15841163E+001
  0.15841194E+001
  0.15841224E+001
  0.15841254E+001
  0.15841284E+001
  0.15841314E+001
  0.15841344E+001
  0.15841373E+001
  0.15841403E+001
  0.15841432E+001
  0.15841461E+001
  0.15841491E+001
  0.15841519E+001
  0.15841548E+001
  0.15841577E+001
  0.15841605E+001
  0.15841633E+001
  0.15841661E+001
  0.15841688E+001
  0.15841716E+001
  0.15841743E+001
  0.15841769E+001
  0.15841796E+001
  0.15841822E+001
  0.15841847E+001
  0.15841873E+001
  0.15841898E+001
  0.15841922E+001
  0.15841946E+001
  0.15841969E+001
  0.15841992E+001
  0.15842015E+001
  0.15842036E+001
  0.15842057E+001
  0.15842078E+001
  0.15842097E+001
  0.15842116E+001
  0.15842134E+001
  0.15842151E+001
  0.15842167E+001
  0.15842182E+001
  0.15842196E+001
  0.15842208E+001
  0.15842219E+001
  0.15842228E+001
  0.15842235E+001
  0.15842241E+001
  0.15842244E+001
  0.15842244E+001
  0.15842241E+001
  0.15842233E+001
  0.15842220E+001
  0.15842204E+001
  0.15842185E+001
  0.15842057E+001
