  0.58017314E+000
  0.57996654E+000
  0.57972067E+000
  0.57951185E+000
  0.57934110E+000
  0.57919987E+000
  0.57908382E+000
  0.57898693E+000
  0.57890502E+000
  0.57883556E+000
  0.57877631E+000
  0.57872557E+000
  0.57868185E+000
  0.57864395E+000
  0.57861093E+000
  0.57858200E+000
  0.57855652E+000
  0.57853394E+000
  0.57851385E+000
  0.57849587E+000
  0.57847970E+000
  0.57846509E+000
  0.57845182E+000
  0.57843971E+000
  0.57842859E+000
  0.57841835E+000
  0.57840885E+000
  0.57840000E+000
  0.57839172E+000
  0.57838394E+000
  0.57837659E+000
  0.57836961E+000
  0.57836298E+000
  0.57835665E+000
  0.57835059E+000
  0.57834478E+000
  0.57833919E+000
  0.57833382E+000
  0.57832865E+000
  0.57832366E+000
  0.57831884E+000
  0.57831419E+000
  0.57830971E+000
  0.57830538E+000
  0.57830120E+000
  0.57829718E+000
  0.57829330E+000
  0.57828956E+000
  0.57828597E+000
  0.57828252E+000
  0.57827920E+000
  0.57827602E+000
  0.57827296E+000
  0.57827004E+000
  0.57826725E+000
  0.57826459E+000
  0.57826204E+000
  0.57825962E+000
  0.57825731E+000
  0.57825511E+000
  0.57825303E+000
  0.57825105E+000
  0.57824918E+000
  0.57824740E+000
  0.57824573E+000
  0.57824414E+000
  0.57824265E+000
  0.57824125E+000
  0.57823992E+000
  0.57823868E+000
  0.57823752E+000
  0.57823643E+000
  0.57823541E+000
  0.57823446E+000
  0.57823357E+000
  0.57823274E+000
  0.57823198E+000
  0.57823126E+000
  0.57823060E+000
  0.57822999E+000
  0.57822942E+000
  0.57822889E+000
  0.57822840E+000
  0.57822795E+000
  0.57822752E+000
  0.57822713E+000
  0.57822676E+000
  0.57822641E+000
  0.57822608E+000
  0.57822577E+000
  0.57822547E+000
  0.57822519E+000
  0.57822491E+000
  0.57822464E+000
  0.57822438E+000
  0.57822412E+000
  0.57822386E+000
  0.57822360E+000
  0.57822334E+000
  0.57822309E+000
  0.57822283E+000
  0.57822256E+000
  0.57822230E+000
  0.57822203E+000
  0.57822176E+000
  0.57822149E+000
  0.57822121E+000
  0.57822093E+000
  0.57822065E+000
  0.57822036E+000
  0.57822007E+000
  0.57821978E+000
  0.57821948E+000
  0.57821919E+000
  0.57821889E+000
  0.57821859E+000
  0.57821829E+000
  0.57821799E+000
  0.57821769E+000
  0.57821739E+000
  0.57821709E+000
  0.57821679E+000
  0.57821648E+000
  0.57821618E+000
  0.57821588E+000
  0.57821558E+000
  0.57821529E+000
  0.57821499E+000
  0.57821469E+000
  0.57821440E+000
  0.57821411E+000
  0.57821382E+000
  0.57821353E+000
  0.57821325E+000
  0.57821297E+000
  0.57821269E+000
  0.57821241E+000
  0.57821214E+000
  0.57821187E+000
  0.57821160E+000
  0.57821134E+000
  0.57821107E+000
  0.57821082E+000
  0.57821056E+000
  0.57821031E+000
  0.57821007E+000
  0.57820982E+000
  0.57820958E+000
  0.57820935E+000
  0.57820912E+000
  0.57820889E+000
  0.57820867E+000
  0.57820845E+000
  0.57820823E+000
  0.57820802E+000
  0.57820781E+000
  0.57820761E+000
  0.57820741E+000
  0.57820721E+000
  0.57820702E+000
  0.57820683E+000
  0.57820665E+000
  0.57820647E+000
  0.57820629E+000
  0.57820612E+000
  0.57820595E+000
  0.57820579E+000
  0.57820562E+000
  0.57820546E+000
  0.57820531E+000
  0.57820516E+000
  0.57820501E+000
  0.57820486E+000
  0.57820471E+000
  0.57820457E+000
  0.57820443E+000
  0.57820429E+000
  0.57820415E+000
  0.57820402E+000
  0.57820388E+000
  0.57820375E+000
  0.57820361E+000
  0.57820348E+000
  0.57820334E+000
  0.57820320E+000
  0.57820306E+000
  0.57820292E+000
  0.57820277E+000
  0.57820261E+000
  0.57820245E+000
  0.57820227E+000
  0.57820208E+000
  0.57820188E+000
  0.57820164E+000
  0.57820137E+000
  0.57820100E+000
  0.57820057E+000
  0.57819975E+000
  0.57819929E+000
  0.57819466E+000
