  0.21938893E+002
  0.21935585E+002
  0.21933074E+002
  0.21931136E+002
  0.21929628E+002
  0.21928454E+002
  0.21927541E+002
  0.21926838E+002
  0.21926305E+002
  0.21925909E+002
  0.21925625E+002
  0.21925431E+002
  0.21925312E+002
  0.21925255E+002
  0.21925248E+002
  0.21925282E+002
  0.21925350E+002
  0.21925447E+002
  0.21925566E+002
  0.21925706E+002
  0.21925860E+002
  0.21926029E+002
  0.21926207E+002
  0.21926395E+002
  0.21926590E+002
  0.21926791E+002
  0.21926997E+002
  0.21927207E+002
  0.21927420E+002
  0.21927635E+002
  0.21927852E+002
  0.21928070E+002
  0.21928290E+002
  0.21928510E+002
  0.21928731E+002
  0.21928952E+002
  0.21929172E+002
  0.21929392E+002
  0.21929612E+002
  0.21929831E+002
  0.21930049E+002
  0.21930266E+002
  0.21930481E+002
  0.21930695E+002
  0.21930908E+002
  0.21931118E+002
  0.21931327E+002
  0.21931533E+002
  0.21931737E+002
  0.21931938E+002
  0.21932136E+002
  0.21932332E+002
  0.21932524E+002
  0.21932713E+002
  0.21932899E+002
  0.21933082E+002
  0.21933260E+002
  0.21933436E+002
  0.21933607E+002
  0.21933775E+002
  0.21933939E+002
  0.21934099E+002
  0.21934256E+002
  0.21934409E+002
  0.21934559E+002
  0.21934705E+002
  0.21934848E+002
  0.21934987E+002
  0.21935124E+002
  0.21935257E+002
  0.21935388E+002
  0.21935516E+002
  0.21935641E+002
  0.21935765E+002
  0.21935886E+002
  0.21936006E+002
  0.21936123E+002
  0.21936240E+002
  0.21936355E+002
  0.21936469E+002
  0.21936582E+002
  0.21936695E+002
  0.21936808E+002
  0.21936920E+002
  0.21937032E+002
  0.21937145E+002
  0.21937258E+002
  0.21937372E+002
  0.21937487E+002
  0.21937602E+002
  0.21937719E+002
  0.21937837E+002
  0.21937957E+002
  0.21938078E+002
  0.21938201E+002
  0.21938325E+002
  0.21938451E+002
  0.21938579E+002
  0.21938709E+002
  0.21938841E+002
  0.21938974E+002
  0.21939110E+002
  0.21939247E+002
  0.21939387E+002
  0.21939528E+002
  0.21939671E+002
  0.21939816E+002
  0.21939962E+002
  0.21940111E+002
  0.21940261E+002
  0.21940413E+002
  0.21940566E+002
  0.21940721E+002
  0.21940878E+002
  0.21941036E+002
  0.21941196E+002
  0.21941357E+002
  0.21941519E+002
  0.21941682E+002
  0.21941847E+002
  0.21942013E+002
  0.21942180E+002
  0.21942348E+002
  0.21942517E+002
  0.21942687E+002
  0.21942858E+002
  0.21943030E+002
  0.21943202E+002
  0.21943375E+002
  0.21943549E+002
  0.21943723E+002
  0.21943898E+002
  0.21944074E+002
  0.21944249E+002
  0.21944426E+002
  0.21944602E+002
  0.21944778E+002
  0.21944955E+002
  0.21945132E+002
  0.21945308E+002
  0.21945485E+002
  0.21945661E+002
  0.21945838E+002
  0.21946014E+002
  0.21946189E+002
  0.21946364E+002
  0.21946539E+002
  0.21946713E+002
  0.21946887E+002
  0.21947060E+002
  0.21947232E+002
  0.21947403E+002
  0.21947573E+002
  0.21947743E+002
  0.21947911E+002
  0.21948079E+002
  0.21948245E+002
  0.21948410E+002
  0.21948573E+002
  0.21948735E+002
  0.21948896E+002
  0.21949056E+002
  0.21949213E+002
  0.21949369E+002
  0.21949524E+002
  0.21949676E+002
  0.21949827E+002
  0.21949975E+002
  0.21950122E+002
  0.21950266E+002
  0.21950409E+002
  0.21950548E+002
  0.21950686E+002
  0.21950820E+002
  0.21950952E+002
  0.21951082E+002
  0.21951208E+002
  0.21951331E+002
  0.21951450E+002
  0.21951566E+002
  0.21951679E+002
  0.21951787E+002
  0.21951891E+002
  0.21951990E+002
  0.21952084E+002
  0.21952173E+002
  0.21952256E+002
  0.21952332E+002
  0.21952402E+002
  0.21952464E+002
  0.21952518E+002
  0.21952562E+002
  0.21952597E+002
  0.21952620E+002
  0.21952629E+002
  0.21952625E+002
  0.21952602E+002
  0.21952560E+002
  0.21952490E+002
  0.21952403E+002
