  0.28914969E+000
  0.31755751E+000
  0.31836291E+000
  0.31489497E+000
  0.31110585E+000
  0.30748821E+000
  0.30412708E+000
  0.30121309E+000
  0.29883496E+000
  0.29690242E+000
  0.29539112E+000
  0.29420545E+000
  0.29328060E+000
  0.29256547E+000
  0.29201734E+000
  0.29159230E+000
  0.29124209E+000
  0.29095295E+000
  0.29071319E+000
  0.29051379E+000
  0.29034676E+000
  0.29020722E+000
  0.29009003E+000
  0.28999124E+000
  0.28990770E+000
  0.28983681E+000
  0.28977650E+000
  0.28972496E+000
  0.28968077E+000
  0.28964258E+000
  0.28960916E+000
  0.28958028E+000
  0.28955433E+000
  0.28953100E+000
  0.28950985E+000
  0.28949046E+000
  0.28947251E+000
  0.28945571E+000
  0.28943984E+000
  0.28942466E+000
  0.28941004E+000
  0.28939590E+000
  0.28938215E+000
  0.28936872E+000
  0.28935558E+000
  0.28934279E+000
  0.28933026E+000
  0.28931811E+000
  0.28930631E+000
  0.28929488E+000
  0.28928387E+000
  0.28927329E+000
  0.28926319E+000
  0.28925353E+000
  0.28924437E+000
  0.28923573E+000
  0.28922759E+000
  0.28921998E+000
  0.28921285E+000
  0.28920624E+000
  0.28920012E+000
  0.28919448E+000
  0.28918929E+000
  0.28918453E+000
  0.28918021E+000
  0.28917626E+000
  0.28917270E+000
  0.28916949E+000
  0.28916661E+000
  0.28916403E+000
  0.28916173E+000
  0.28915970E+000
  0.28915792E+000
  0.28915636E+000
  0.28915501E+000
  0.28915385E+000
  0.28915286E+000
  0.28915203E+000
  0.28915134E+000
  0.28915077E+000
  0.28915032E+000
  0.28914996E+000
  0.28914966E+000
  0.28914945E+000
  0.28914927E+000
  0.28914913E+000
  0.28914902E+000
  0.28914893E+000
  0.28914884E+000
  0.28914875E+000
  0.28914865E+000
  0.28914855E+000
  0.28914842E+000
  0.28914827E+000
  0.28914810E+000
  0.28914790E+000
  0.28914767E+000
  0.28914742E+000
  0.28914714E+000
  0.28914682E+000
  0.28914649E+000
  0.28914612E+000
  0.28914572E+000
  0.28914530E+000
  0.28914486E+000
  0.28914439E+000
  0.28914390E+000
  0.28914339E+000
  0.28914286E+000
  0.28914232E+000
  0.28914176E+000
  0.28914119E+000
  0.28914061E+000
  0.28914002E+000
  0.28913942E+000
  0.28913882E+000
  0.28913821E+000
  0.28913760E+000
  0.28913699E+000
  0.28913637E+000
  0.28913576E+000
  0.28913516E+000
  0.28913455E+000
  0.28913395E+000
  0.28913336E+000
  0.28913278E+000
  0.28913220E+000
  0.28913164E+000
  0.28913108E+000
  0.28913054E+000
  0.28913001E+000
  0.28912949E+000
  0.28912898E+000
  0.28912849E+000
  0.28912801E+000
  0.28912754E+000
  0.28912709E+000
  0.28912666E+000
  0.28912624E+000
  0.28912584E+000
  0.28912545E+000
  0.28912507E+000
  0.28912472E+000
  0.28912438E+000
  0.28912405E+000
  0.28912374E+000
  0.28912344E+000
  0.28912316E+000
  0.28912290E+000
  0.28912265E+000
  0.28912242E+000
  0.28912220E+000
  0.28912200E+000
  0.28912181E+000
  0.28912164E+000
  0.28912149E+000
  0.28912135E+000
  0.28912122E+000
  0.28912111E+000
  0.28912102E+000
  0.28912095E+000
  0.28912090E+000
  0.28912086E+000
  0.28912084E+000
  0.28912084E+000
  0.28912086E+000
  0.28912090E+000
  0.28912097E+000
  0.28912105E+000
  0.28912116E+000
  0.28912130E+000
  0.28912146E+000
  0.28912165E+000
  0.28912186E+000
  0.28912211E+000
  0.28912238E+000
  0.28912269E+000
  0.28912302E+000
  0.28912339E+000
  0.28912380E+000
  0.28912423E+000
  0.28912470E+000
  0.28912521E+000
  0.28912574E+000
  0.28912631E+000
  0.28912691E+000
  0.28912755E+000
  0.28912821E+000
  0.28912891E+000
  0.28912966E+000
  0.28913044E+000
  0.28913126E+000
  0.28913212E+000
  0.28913300E+000
  0.28913391E+000
  0.28913498E+000
  0.28913707E+000
  0.28914212E+000
  0.28914738E+000
  0.28914730E+000
