  0.14607529E+000
  0.15107032E+000
  0.15300662E+000
  0.15377646E+000
  0.15391126E+000
  0.15371419E+000
  0.15335296E+000
  0.15290647E+000
  0.15242521E+000
  0.15194585E+000
  0.15148064E+000
  0.15103989E+000
  0.15062816E+000
  0.15024647E+000
  0.14989374E+000
  0.14957139E+000
  0.14927968E+000
  0.14901546E+000
  0.14877583E+000
  0.14855818E+000
  0.14836015E+000
  0.14817973E+000
  0.14801505E+000
  0.14786447E+000
  0.14772656E+000
  0.14760003E+000
  0.14748377E+000
  0.14737679E+000
  0.14727822E+000
  0.14718728E+000
  0.14710327E+000
  0.14702564E+000
  0.14695379E+000
  0.14688726E+000
  0.14682562E+000
  0.14676850E+000
  0.14671556E+000
  0.14666651E+000
  0.14662106E+000
  0.14657896E+000
  0.14653996E+000
  0.14650385E+000
  0.14647042E+000
  0.14643947E+000
  0.14641084E+000
  0.14638434E+000
  0.14635982E+000
  0.14633715E+000
  0.14631617E+000
  0.14629678E+000
  0.14627885E+000
  0.14626228E+000
  0.14624697E+000
  0.14623283E+000
  0.14621979E+000
  0.14620777E+000
  0.14619670E+000
  0.14618651E+000
  0.14617715E+000
  0.14616855E+000
  0.14616067E+000
  0.14615346E+000
  0.14614685E+000
  0.14614082E+000
  0.14613531E+000
  0.14613029E+000
  0.14612570E+000
  0.14612153E+000
  0.14611773E+000
  0.14611427E+000
  0.14611112E+000
  0.14610825E+000
  0.14610565E+000
  0.14610329E+000
  0.14610115E+000
  0.14609922E+000
  0.14609747E+000
  0.14609589E+000
  0.14609447E+000
  0.14609319E+000
  0.14609205E+000
  0.14609103E+000
  0.14609012E+000
  0.14608931E+000
  0.14608860E+000
  0.14608796E+000
  0.14608740E+000
  0.14608691E+000
  0.14608647E+000
  0.14608609E+000
  0.14608575E+000
  0.14608545E+000
  0.14608519E+000
  0.14608495E+000
  0.14608474E+000
  0.14608454E+000
  0.14608437E+000
  0.14608421E+000
  0.14608406E+000
  0.14608391E+000
  0.14608378E+000
  0.14608364E+000
  0.14608351E+000
  0.14608339E+000
  0.14608326E+000
  0.14608313E+000
  0.14608300E+000
  0.14608287E+000
  0.14608274E+000
  0.14608261E+000
  0.14608248E+000
  0.14608234E+000
  0.14608220E+000
  0.14608206E+000
  0.14608192E+000
  0.14608177E+000
  0.14608162E+000
  0.14608148E+000
  0.14608133E+000
  0.14608117E+000
  0.14608102E+000
  0.14608087E+000
  0.14608071E+000
  0.14608055E+000
  0.14608039E+000
  0.14608023E+000
  0.14608007E+000
  0.14607991E+000
  0.14607975E+000
  0.14607959E+000
  0.14607943E+000
  0.14607927E+000
  0.14607910E+000
  0.14607894E+000
  0.14607878E+000
  0.14607862E+000
  0.14607846E+000
  0.14607830E+000
  0.14607814E+000
  0.14607799E+000
  0.14607783E+000
  0.14607768E+000
  0.14607752E+000
  0.14607737E+000
  0.14607722E+000
  0.14607708E+000
  0.14607693E+000
  0.14607678E+000
  0.14607664E+000
  0.14607650E+000
  0.14607636E+000
  0.14607623E+000
  0.14607609E+000
  0.14607596E+000
  0.14607583E+000
  0.14607570E+000
  0.14607558E+000
  0.14607545E+000
  0.14607533E+000
  0.14607521E+000
  0.14607509E+000
  0.14607497E+000
  0.14607486E+000
  0.14607474E+000
  0.14607463E+000
  0.14607451E+000
  0.14607440E+000
  0.14607428E+000
  0.14607417E+000
  0.14607406E+000
  0.14607394E+000
  0.14607383E+000
  0.14607371E+000
  0.14607360E+000
  0.14607348E+000
  0.14607336E+000
  0.14607324E+000
  0.14607312E+000
  0.14607299E+000
  0.14607287E+000
  0.14607274E+000
  0.14607261E+000
  0.14607247E+000
  0.14607234E+000
  0.14607220E+000
  0.14607206E+000
  0.14607193E+000
  0.14607179E+000
  0.14607166E+000
  0.14607153E+000
  0.14607143E+000
  0.14607134E+000
  0.14607130E+000
  0.14607131E+000
  0.14607145E+000
  0.14607183E+000
  0.14607288E+000
  0.14607521E+000
  0.14607925E+000
  0.14608425E+000
