  0.18640641E+000
  0.21398856E+000
  0.21421771E+000
  0.21062131E+000
  0.20726161E+000
  0.20417643E+000
  0.20125108E+000
  0.19863312E+000
  0.19643134E+000
  0.19459025E+000
  0.19311552E+000
  0.19193345E+000
  0.19099353E+000
  0.19025344E+000
  0.18967574E+000
  0.18921951E+000
  0.18883822E+000
  0.18851905E+000
  0.18825083E+000
  0.18802474E+000
  0.18783290E+000
  0.18767033E+000
  0.18753182E+000
  0.18741333E+000
  0.18731160E+000
  0.18722391E+000
  0.18714810E+000
  0.18708227E+000
  0.18702490E+000
  0.18697459E+000
  0.18693005E+000
  0.18689097E+000
  0.18685574E+000
  0.18682399E+000
  0.18679524E+000
  0.18676903E+000
  0.18674501E+000
  0.18672287E+000
  0.18670234E+000
  0.18668317E+000
  0.18666520E+000
  0.18664831E+000
  0.18663237E+000
  0.18661729E+000
  0.18660302E+000
  0.18658955E+000
  0.18657681E+000
  0.18656483E+000
  0.18655359E+000
  0.18654306E+000
  0.18653327E+000
  0.18652419E+000
  0.18651585E+000
  0.18650818E+000
  0.18650123E+000
  0.18649498E+000
  0.18648939E+000
  0.18648447E+000
  0.18648016E+000
  0.18647646E+000
  0.18647334E+000
  0.18647077E+000
  0.18646869E+000
  0.18646710E+000
  0.18646595E+000
  0.18646518E+000
  0.18646479E+000
  0.18646473E+000
  0.18646496E+000
  0.18646546E+000
  0.18646619E+000
  0.18646713E+000
  0.18646824E+000
  0.18646950E+000
  0.18647089E+000
  0.18647238E+000
  0.18647395E+000
  0.18647559E+000
  0.18647728E+000
  0.18647898E+000
  0.18648070E+000
  0.18648242E+000
  0.18648411E+000
  0.18648578E+000
  0.18648739E+000
  0.18648896E+000
  0.18649045E+000
  0.18649188E+000
  0.18649322E+000
  0.18649449E+000
  0.18649567E+000
  0.18649676E+000
  0.18649776E+000
  0.18649867E+000
  0.18649950E+000
  0.18650024E+000
  0.18650089E+000
  0.18650146E+000
  0.18650196E+000
  0.18650238E+000
  0.18650272E+000
  0.18650300E+000
  0.18650321E+000
  0.18650335E+000
  0.18650344E+000
  0.18650348E+000
  0.18650346E+000
  0.18650339E+000
  0.18650328E+000
  0.18650313E+000
  0.18650295E+000
  0.18650272E+000
  0.18650247E+000
  0.18650219E+000
  0.18650188E+000
  0.18650154E+000
  0.18650119E+000
  0.18650082E+000
  0.18650043E+000
  0.18650003E+000
  0.18649961E+000
  0.18649918E+000
  0.18649875E+000
  0.18649830E+000
  0.18649785E+000
  0.18649740E+000
  0.18649694E+000
  0.18649649E+000
  0.18649603E+000
  0.18649557E+000
  0.18649511E+000
  0.18649465E+000
  0.18649420E+000
  0.18649375E+000
  0.18649330E+000
  0.18649285E+000
  0.18649241E+000
  0.18649197E+000
  0.18649154E+000
  0.18649111E+000
  0.18649068E+000
  0.18649025E+000
  0.18648982E+000
  0.18648940E+000
  0.18648897E+000
  0.18648855E+000
  0.18648812E+000
  0.18648768E+000
  0.18648725E+000
  0.18648680E+000
  0.18648635E+000
  0.18648589E+000
  0.18648542E+000
  0.18648493E+000
  0.18648443E+000
  0.18648391E+000
  0.18648337E+000
  0.18648281E+000
  0.18648223E+000
  0.18648161E+000
  0.18648097E+000
  0.18648030E+000
  0.18647958E+000
  0.18647883E+000
  0.18647804E+000
  0.18647721E+000
  0.18647632E+000
  0.18647538E+000
  0.18647439E+000
  0.18647335E+000
  0.18647224E+000
  0.18647107E+000
  0.18646983E+000
  0.18646852E+000
  0.18646714E+000
  0.18646569E+000
  0.18646416E+000
  0.18646256E+000
  0.18646087E+000
  0.18645910E+000
  0.18645725E+000
  0.18645532E+000
  0.18645330E+000
  0.18645120E+000
  0.18644900E+000
  0.18644672E+000
  0.18644436E+000
  0.18644190E+000
  0.18643936E+000
  0.18643675E+000
  0.18643405E+000
  0.18643127E+000
  0.18642840E+000
  0.18642544E+000
  0.18642235E+000
  0.18641938E+000
  0.18641722E+000
  0.18641810E+000
  0.18641913E+000
  0.18641616E+000
