  0.10274328E+000
  0.10356895E+000
  0.10414521E+000
  0.10427365E+000
  0.10384424E+000
  0.10331178E+000
  0.10287600E+000
  0.10257996E+000
  0.10240362E+000
  0.10231217E+000
  0.10227560E+000
  0.10227200E+000
  0.10228707E+000
  0.10231203E+000
  0.10234160E+000
  0.10237279E+000
  0.10240387E+000
  0.10243390E+000
  0.10246236E+000
  0.10248904E+000
  0.10251386E+000
  0.10253689E+000
  0.10255821E+000
  0.10257791E+000
  0.10259610E+000
  0.10261290E+000
  0.10262840E+000
  0.10264270E+000
  0.10265587E+000
  0.10266799E+000
  0.10267911E+000
  0.10268930E+000
  0.10269859E+000
  0.10270701E+000
  0.10271462E+000
  0.10272143E+000
  0.10272750E+000
  0.10273284E+000
  0.10273750E+000
  0.10274149E+000
  0.10274484E+000
  0.10274760E+000
  0.10274978E+000
  0.10275143E+000
  0.10275256E+000
  0.10275323E+000
  0.10275346E+000
  0.10275328E+000
  0.10275272E+000
  0.10275182E+000
  0.10275060E+000
  0.10274910E+000
  0.10274734E+000
  0.10274534E+000
  0.10274314E+000
  0.10274075E+000
  0.10273820E+000
  0.10273551E+000
  0.10273270E+000
  0.10272978E+000
  0.10272678E+000
  0.10272371E+000
  0.10272059E+000
  0.10271744E+000
  0.10271426E+000
  0.10271108E+000
  0.10270791E+000
  0.10270476E+000
  0.10270164E+000
  0.10269857E+000
  0.10269554E+000
  0.10269258E+000
  0.10268968E+000
  0.10268686E+000
  0.10268412E+000
  0.10268147E+000
  0.10267891E+000
  0.10267644E+000
  0.10267407E+000
  0.10267179E+000
  0.10266961E+000
  0.10266753E+000
  0.10266555E+000
  0.10266367E+000
  0.10266188E+000
  0.10266018E+000
  0.10265857E+000
  0.10265705E+000
  0.10265562E+000
  0.10265426E+000
  0.10265299E+000
  0.10265179E+000
  0.10265066E+000
  0.10264960E+000
  0.10264860E+000
  0.10264766E+000
  0.10264678E+000
  0.10264595E+000
  0.10264518E+000
  0.10264445E+000
  0.10264376E+000
  0.10264312E+000
  0.10264251E+000
  0.10264195E+000
  0.10264141E+000
  0.10264091E+000
  0.10264044E+000
  0.10263999E+000
  0.10263958E+000
  0.10263918E+000
  0.10263881E+000
  0.10263847E+000
  0.10263814E+000
  0.10263783E+000
  0.10263754E+000
  0.10263727E+000
  0.10263702E+000
  0.10263678E+000
  0.10263656E+000
  0.10263635E+000
  0.10263616E+000
  0.10263597E+000
  0.10263581E+000
  0.10263565E+000
  0.10263551E+000
  0.10263538E+000
  0.10263526E+000
  0.10263515E+000
  0.10263506E+000
  0.10263497E+000
  0.10263490E+000
  0.10263483E+000
  0.10263478E+000
  0.10263474E+000
  0.10263471E+000
  0.10263469E+000
  0.10263468E+000
  0.10263468E+000
  0.10263470E+000
  0.10263473E+000
  0.10263477E+000
  0.10263482E+000
  0.10263489E+000
  0.10263498E+000
  0.10263508E+000
  0.10263519E+000
  0.10263533E+000
  0.10263548E+000
  0.10263566E+000
  0.10263585E+000
  0.10263607E+000
  0.10263631E+000
  0.10263658E+000
  0.10263688E+000
  0.10263721E+000
  0.10263757E+000
  0.10263797E+000
  0.10263841E+000
  0.10263889E+000
  0.10263941E+000
  0.10263998E+000
  0.10264060E+000
  0.10264127E+000
  0.10264200E+000
  0.10264280E+000
  0.10264366E+000
  0.10264458E+000
  0.10264558E+000
  0.10264666E+000
  0.10264782E+000
  0.10264906E+000
  0.10265039E+000
  0.10265182E+000
  0.10265334E+000
  0.10265496E+000
  0.10265669E+000
  0.10265852E+000
  0.10266047E+000
  0.10266252E+000
  0.10266469E+000
  0.10266698E+000
  0.10266938E+000
  0.10267190E+000
  0.10267455E+000
  0.10267731E+000
  0.10268019E+000
  0.10268319E+000
  0.10268631E+000
  0.10268955E+000
  0.10269291E+000
  0.10269639E+000
  0.10269999E+000
  0.10270372E+000
  0.10270756E+000
  0.10271155E+000
  0.10271560E+000
  0.10271985E+000
  0.10272402E+000
  0.10272825E+000
  0.10273114E+000
