  0.41618711E+000
  0.41576420E+000
  0.41546997E+000
  0.41525340E+000
  0.41508702E+000
  0.41495658E+000
  0.41484998E+000
  0.41476702E+000
  0.41469965E+000
  0.41464569E+000
  0.41459976E+000
  0.41456428E+000
  0.41453368E+000
  0.41450999E+000
  0.41448999E+000
  0.41447540E+000
  0.41446149E+000
  0.41445170E+000
  0.41444322E+000
  0.41443622E+000
  0.41443040E+000
  0.41442664E+000
  0.41442380E+000
  0.41442212E+000
  0.41442013E+000
  0.41441959E+000
  0.41441921E+000
  0.41441956E+000
  0.41441969E+000
  0.41441996E+000
  0.41442071E+000
  0.41442153E+000
  0.41442255E+000
  0.41442360E+000
  0.41442465E+000
  0.41442592E+000
  0.41442720E+000
  0.41442842E+000
  0.41442970E+000
  0.41443096E+000
  0.41443221E+000
  0.41443336E+000
  0.41443450E+000
  0.41443564E+000
  0.41443675E+000
  0.41443777E+000
  0.41443885E+000
  0.41443988E+000
  0.41444087E+000
  0.41444174E+000
  0.41444264E+000
  0.41444351E+000
  0.41444426E+000
  0.41444507E+000
  0.41444587E+000
  0.41444665E+000
  0.41444737E+000
  0.41444807E+000
  0.41444873E+000
  0.41444934E+000
  0.41444991E+000
  0.41445044E+000
  0.41445097E+000
  0.41445147E+000
  0.41445193E+000
  0.41445236E+000
  0.41445275E+000
  0.41445313E+000
  0.41445347E+000
  0.41445383E+000
  0.41445416E+000
  0.41445446E+000
  0.41445477E+000
  0.41445505E+000
  0.41445531E+000
  0.41445559E+000
  0.41445580E+000
  0.41445605E+000
  0.41445633E+000
  0.41445658E+000
  0.41445682E+000
  0.41445706E+000
  0.41445731E+000
  0.41445755E+000
  0.41445780E+000
  0.41445804E+000
  0.41445829E+000
  0.41445843E+000
  0.41445869E+000
  0.41445894E+000
  0.41445920E+000
  0.41445947E+000
  0.41445974E+000
  0.41446002E+000
  0.41446029E+000
  0.41446057E+000
  0.41446086E+000
  0.41446115E+000
  0.41446145E+000
  0.41446173E+000
  0.41446204E+000
  0.41446236E+000
  0.41446268E+000
  0.41446300E+000
  0.41446333E+000
  0.41446367E+000
  0.41446401E+000
  0.41446437E+000
  0.41446472E+000
  0.41446509E+000
  0.41446546E+000
  0.41446584E+000
  0.41446622E+000
  0.41446662E+000
  0.41446702E+000
  0.41446743E+000
  0.41446785E+000
  0.41446827E+000
  0.41446871E+000
  0.41446915E+000
  0.41446962E+000
  0.41447009E+000
  0.41447056E+000
  0.41447104E+000
  0.41447153E+000
  0.41447202E+000
  0.41447253E+000
  0.41447305E+000
  0.41447357E+000
  0.41447411E+000
  0.41447465E+000
  0.41447521E+000
  0.41447577E+000
  0.41447634E+000
  0.41447692E+000
  0.41447751E+000
  0.41447811E+000
  0.41447872E+000
  0.41447934E+000
  0.41447996E+000
  0.41448059E+000
  0.41448123E+000
  0.41448188E+000
  0.41448254E+000
  0.41448320E+000
  0.41448387E+000
  0.41448455E+000
  0.41448523E+000
  0.41448592E+000
  0.41448661E+000
  0.41448731E+000
  0.41448802E+000
  0.41448873E+000
  0.41448945E+000
  0.41449016E+000
  0.41449089E+000
  0.41449161E+000
  0.41449234E+000
  0.41449307E+000
  0.41449380E+000
  0.41449452E+000
  0.41449525E+000
  0.41449599E+000
  0.41449673E+000
  0.41449747E+000
  0.41449820E+000
  0.41449894E+000
  0.41449967E+000
  0.41450040E+000
  0.41450114E+000
  0.41450186E+000
  0.41450257E+000
  0.41450330E+000
  0.41450401E+000
  0.41450472E+000
  0.41450544E+000
  0.41450614E+000
  0.41450683E+000
  0.41450750E+000
  0.41450817E+000
  0.41450884E+000
  0.41450950E+000
  0.41451030E+000
  0.41451091E+000
  0.41451154E+000
  0.41451212E+000
  0.41451271E+000
  0.41451320E+000
  0.41451377E+000
  0.41451432E+000
  0.41451483E+000
  0.41451538E+000
  0.41451587E+000
  0.41451634E+000
  0.41451680E+000
  0.41451718E+000
  0.41451759E+000
  0.41451818E+000
  0.41451867E+000
  0.41452057E+000
