  0.00000000E+000  0.00000000E+000  0.00000000E+000  0.00000000E+000  0.89217519E-002  0.14320018E+000  0.35052330E+001  0.29841560E+002  0.74484169E+002  0.19066032E+003  0.35724372E+003
  0.00000000E+000  0.00000000E+000  0.00000000E+000  0.00000000E+000  0.89162930E-002  0.14319388E+000  0.35050342E+001  0.29839948E+002  0.74481362E+002  0.19065546E+003  0.35723789E+003
  0.00000000E+000  0.00000000E+000  0.00000000E+000  0.00000000E+000  0.89113602E-002  0.14318784E+000  0.35048506E+001  0.29838534E+002  0.74478762E+002  0.19065094E+003  0.35723250E+003
  0.00000000E+000  0.00000000E+000  0.00000000E+000  0.00000000E+000  0.89069821E-002  0.14318211E+000  0.35046888E+001  0.29837353E+002  0.74476536E+002  0.19064698E+003  0.35722775E+003
  0.00000000E+000  0.00000000E+000  0.00000000E+000  0.00000000E+000  0.89031762E-002  0.14317667E+000  0.35045472E+001  0.29836367E+002  0.74474672E+002  0.19064359E+003  0.35722368E+003
  0.00000000E+000  0.00000000E+000  0.00000000E+000  0.00000000E+000  0.88999469E-002  0.14317152E+000  0.35044228E+001  0.29835541E+002  0.74473117E+002  0.19064072E+003  0.35722022E+003
  0.00000000E+000  0.00000000E+000  0.00000000E+000  0.00000000E+000  0.88972375E-002  0.14316665E+000  0.35043128E+001  0.29834844E+002  0.74471817E+002  0.19063830E+003  0.35721732E+003
  0.00000000E+000  0.00000000E+000  0.00000000E+000  0.00000000E+000  0.88949698E-002  0.14316203E+000  0.35042150E+001  0.29834252E+002  0.74470724E+002  0.19063626E+003  0.35721488E+003
  0.00000000E+000  0.00000000E+000  0.00000000E+000  0.00000000E+000  0.88930676E-002  0.14315765E+000  0.35041273E+001  0.29833746E+002  0.74469802E+002  0.19063454E+003  0.35721285E+003
  0.00000000E+000  0.00000000E+000  0.00000000E+000  0.00000000E+000  0.88914658E-002  0.14315350E+000  0.35040485E+001  0.29833312E+002  0.74469021E+002  0.19063309E+003  0.35721115E+003
  0.00000000E+000  0.00000000E+000  0.00000000E+000  0.00000000E+000  0.88901126E-002  0.14314956E+000  0.35039770E+001  0.29832938E+002  0.74468355E+002  0.19063186E+003  0.35720973E+003
  0.00000000E+000  0.00000000E+000  0.00000000E+000  0.00000000E+000  0.88889676E-002  0.14314583E+000  0.35039120E+001  0.29832614E+002  0.74467786E+002  0.19063082E+003  0.35720855E+003
  0.00000000E+000  0.00000000E+000  0.00000000E+000  0.00000000E+000  0.88879996E-002  0.14314229E+000  0.35038525E+001  0.29832334E+002  0.74467297E+002  0.19062993E+003  0.35720758E+003
  0.00000000E+000  0.00000000E+000  0.00000000E+000  0.00000000E+000  0.88871839E-002  0.14313893E+000  0.35037978E+001  0.29832089E+002  0.74466877E+002  0.19062918E+003  0.35720676E+003
  0.00000000E+000  0.00000000E+000  0.00000000E+000  0.00000000E+000  0.88865014E-002  0.14313573E+000  0.35037473E+001  0.29831875E+002  0.74466513E+002  0.19062853E+003  0.35720610E+003
  0.00000000E+000  0.00000000E+000  0.00000000E+000  0.00000000E+000  0.88859365E-002  0.14313269E+000  0.35037004E+001  0.29831687E+002  0.74466197E+002  0.19062798E+003  0.35720555E+003
  0.00000000E+000  0.00000000E+000  0.00000000E+000  0.00000000E+000  0.88854766E-002  0.14312979E+000  0.35036567E+001  0.29831522E+002  0.74465923E+002  0.19062752E+003  0.35720510E+003
  0.00000000E+000  0.00000000E+000  0.00000000E+000  0.00000000E+000  0.88851114E-002  0.14312704E+000  0.35036159E+001  0.29831375E+002  0.74465683E+002  0.19062712E+003  0.35720474E+003
  0.00000000E+000  0.00000000E+000  0.00000000E+000  0.00000000E+000  0.88848323E-002  0.14312443E+000  0.35035776E+001  0.29831244E+002  0.74465473E+002  0.19062677E+003  0.35720446E+003
  0.00000000E+000  0.00000000E+000  0.00000000E+000  0.00000000E+000  0.88846324E-002  0.14312195E+000  0.35035416E+001  0.29831128E+002  0.74465289E+002  0.19062648E+003  0.35720424E+003
  0.00000000E+000  0.00000000E+000  0.00000000E+000  0.00000000E+000  0.88845055E-002  0.14311960E+000  0.35035076E+001  0.29831024E+002  0.74465127E+002  0.19062624E+003  0.35720407E+003
  0.00000000E+000  0.00000000E+000  0.00000000E+000  0.00000000E+000  0.88844468E-002  0.14311738E+000  0.35034756E+001  0.29830931E+002  0.74464985E+002  0.19062603E+003  0.35720395E+003
  0.00000000E+000  0.00000000E+000  0.00000000E+000  0.00000000E+000  0.88844522E-002  0.14311530E+000  0.35034453E+001  0.29830847E+002  0.74464859E+002  0.19062585E+003  0.35720387E+003
  0.00000000E+000  0.00000000E+000  0.00000000E+000  0.00000000E+000  0.88845182E-002  0.14311334E+000  0.35034166E+001  0.29830772E+002  0.74464748E+002  0.19062571E+003  0.35720383E+003
  0.00000000E+000  0.00000000E+000  0.00000000E+000  0.00000000E+000  0.88846419E-002  0.14311152E+000  0.35033895E+001  0.29830703E+002  0.74464651E+002  0.19062559E+003  0.35720382E+003
  0.00000000E+000  0.00000000E+000  0.00000000E+000  0.00000000E+000  0.88848209E-002  0.14310982E+000  0.35033640E+001  0.29830641E+002  0.74464564E+002  0.19062549E+003  0.35720384E+003
  0.00000000E+000  0.00000000E+000  0.00000000E+000  0.00000000E+000  0.88850534E-002  0.14310826E+000  0.35033398E+001  0.29830585E+002  0.74464488E+002  0.19062541E+003  0.35720388E+003
  0.00000000E+000  0.00000000E+000  0.00000000E+000  0.00000000E+000  0.88853376E-002  0.14310682E+000  0.35033172E+001  0.29830534E+002  0.74464421E+002  0.19062535E+003  0.35720394E+003
  0.00000000E+000  0.00000000E+000  0.00000000E+000  0.00000000E+000  0.88856722E-002  0.14310552E+000  0.35032959E+001  0.29830487E+002  0.74464363E+002  0.19062531E+003  0.35720403E+003
  0.00000000E+000  0.00000000E+000  0.00000000E+000  0.00000000E+000  0.88860562E-002  0.14310435E+000  0.35032761E+001  0.29830445E+002  0.74464312E+002  0.19062528E+003  0.35720413E+003
  0.00000000E+000  0.00000000E+000  0.00000000E+000  0.00000000E+000  0.88864886E-002  0.14310330E+000  0.35032577E+001  0.29830407E+002  0.74464268E+002  0.19062526E+003  0.35720425E+003
  0.00000000E+000  0.00000000E+000  0.00000000E+000  0.00000000E+000  0.88869688E-002  0.14310238E+000  0.35032408E+001  0.29830372E+002  0.74464230E+002  0.19062525E+003  0.35720438E+003
  0.00000000E+000  0.00000000E+000  0.00000000E+000  0.00000000E+000  0.88874962E-002  0.14310159E+000  0.35032253E+001  0.29830341E+002  0.74464199E+002  0.19062526E+003  0.35720452E+003
  0.00000000E+000  0.00000000E+000  0.00000000E+000  0.00000000E+000  0.88880701E-002  0.14310092E+000  0.35032114E+001  0.29830313E+002  0.74464173E+002  0.19062528E+003  0.35720468E+003
  0.00000000E+000  0.00000000E+000  0.00000000E+000  0.00000000E+000  0.88886902E-002  0.14310036E+000  0.35031991E+001  0.29830288E+002  0.74464153E+002  0.19062531E+003  0.35720486E+003
  0.00000000E+000  0.00000000E+000  0.00000000E+000  0.00000000E+000  0.88893559E-002  0.14309993E+000  0.35031883E+001  0.29830266E+002  0.74464137E+002  0.19062534E+003  0.35720504E+003
  0.00000000E+000  0.00000000E+000  0.00000000E+000  0.00000000E+000  0.88900669E-002  0.14309960E+000  0.35031792E+001  0.29830248E+002  0.74464128E+002  0.19062539E+003  0.35720524E+003
  0.00000000E+000  0.00000000E+000  0.00000000E+000  0.00000000E+000  0.88908228E-002  0.14309940E+000  0.35031717E+001  0.29830232E+002  0.74464122E+002  0.19062544E+003  0.35720545E+003
  0.00000000E+000  0.00000000E+000  0.00000000E+000  0.00000000E+000  0.88916230E-002  0.14309930E+000  0.35031658E+001  0.29830219E+002  0.74464122E+002  0.19062550E+003  0.35720566E+003
  0.00000000E+000  0.00000000E+000  0.00000000E+000  0.00000000E+000  0.88924670E-002  0.14309933E+000  0.35031617E+001  0.29830210E+002  0.74464127E+002  0.19062557E+003  0.35720590E+003
  0.00000000E+000  0.00000000E+000  0.00000000E+000  0.00000000E+000  0.88933544E-002  0.14309946E+000  0.35031593E+001  0.29830203E+002  0.74464136E+002  0.19062565E+003  0.35720614E+003
  0.00000000E+000  0.00000000E+000  0.00000000E+000  0.00000000E+000  0.88942845E-002  0.14309972E+000  0.35031586E+001  0.29830199E+002  0.74464150E+002  0.19062574E+003  0.35720639E+003
  0.00000000E+000  0.00000000E+000  0.00000000E+000  0.00000000E+000  0.88952565E-002  0.14310010E+000  0.35031597E+001  0.29830199E+002  0.74464168E+002  0.19062583E+003  0.35720665E+003
  0.00000000E+000  0.00000000E+000  0.00000000E+000  0.00000000E+000  0.88962698E-002  0.14310061E+000  0.35031626E+001  0.29830201E+002  0.74464191E+002  0.19062593E+003  0.35720693E+003
  0.00000000E+000  0.00000000E+000  0.00000000E+000  0.00000000E+000  0.88973233E-002  0.14310125E+000  0.35031674E+001  0.29830207E+002  0.74464218E+002  0.19062604E+003  0.35720722E+003
  0.00000000E+000  0.00000000E+000  0.00000000E+000  0.00000000E+000  0.88984161E-002  0.14310204E+000  0.35031740E+001  0.29830216E+002  0.74464249E+002  0.19062616E+003  0.35720752E+003
  0.00000000E+000  0.00000000E+000  0.00000000E+000  0.00000000E+000  0.88995471E-002  0.14310297E+000  0.35031825E+001  0.29830229E+002  0.74464285E+002  0.19062628E+003  0.35720783E+003
  0.00000000E+000  0.00000000E+000  0.00000000E+000  0.00000000E+000  0.89007150E-002  0.14310405E+000  0.35031929E+001  0.29830245E+002  0.74464325E+002  0.19062642E+003  0.35720815E+003
  0.00000000E+000  0.00000000E+000  0.00000000E+000  0.00000000E+000  0.89019184E-002  0.14310531E+000  0.35032053E+001  0.29830265E+002  0.74464369E+002  0.19062656E+003  0.35720849E+003
  0.00000000E+000  0.00000000E+000  0.00000000E+000  0.00000000E+000  0.89031558E-002  0.14310673E+000  0.35032198E+001  0.29830288E+002  0.74464416E+002  0.19062670E+003  0.35720884E+003
  0.00000000E+000  0.00000000E+000  0.00000000E+000  0.00000000E+000  0.89044255E-002  0.14310833E+000  0.35032363E+001  0.29830315E+002  0.74464468E+002  0.19062686E+003  0.35720920E+003
  0.00000000E+000  0.00000000E+000  0.00000000E+000  0.00000000E+000  0.89057258E-002  0.14311011E+000  0.35032549E+001  0.29830346E+002  0.74464524E+002  0.19062702E+003  0.35720958E+003
  0.00000000E+000  0.00000000E+000  0.00000000E+000  0.00000000E+000  0.89070547E-002  0.14311208E+000  0.35032757E+001  0.29830381E+002  0.74464583E+002  0.19062719E+003  0.35720996E+003
  0.00000000E+000  0.00000000E+000  0.00000000E+000  0.00000000E+000  0.89084101E-002  0.14311424E+000  0.35032986E+001  0.29830421E+002  0.74464646E+002  0.19062737E+003  0.35721037E+003
  0.00000000E+000  0.00000000E+000  0.00000000E+000  0.00000000E+000  0.89097899E-002  0.14311659E+000  0.35033237E+001  0.29830464E+002  0.74464713E+002  0.19062756E+003  0.35721078E+003
  0.00000000E+000  0.00000000E+000  0.00000000E+000  0.00000000E+000  0.89111917E-002  0.14311913E+000  0.35033511E+001  0.29830513E+002  0.74464783E+002  0.19062776E+003  0.35721121E+003
  0.00000000E+000  0.00000000E+000  0.00000000E+000  0.00000000E+000  0.89126131E-002  0.14312185E+000  0.35033807E+001  0.29830566E+002  0.74464858E+002  0.19062796E+003  0.35721165E+003
  0.00000000E+000  0.00000000E+000  0.00000000E+000  0.00000000E+000  0.89140515E-002  0.14312476E+000  0.35034125E+001  0.29830623E+002  0.74464936E+002  0.19062817E+003  0.35721211E+003
  0.00000000E+000  0.00000000E+000  0.00000000E+000  0.00000000E+000  0.89155045E-002  0.14312785E+000  0.35034466E+001  0.29830686E+002  0.74465017E+002  0.19062840E+003  0.35721258E+003
  0.00000000E+000  0.00000000E+000  0.00000000E+000  0.00000000E+000  0.89169692E-002  0.14313111E+000  0.35034829E+001  0.29830754E+002  0.74465103E+002  0.19062863E+003  0.35721307E+003
  0.00000000E+000  0.00000000E+000  0.00000000E+000  0.00000000E+000  0.89184429E-002  0.14313454E+000  0.35035214E+001  0.29830828E+002  0.74465194E+002  0.19062887E+003  0.35721358E+003
  0.00000000E+000  0.00000000E+000  0.00000000E+000  0.00000000E+000  0.89199229E-002  0.14313812E+000  0.35035621E+001  0.29830907E+002  0.74465288E+002  0.19062912E+003  0.35721409E+003
  0.00000000E+000  0.00000000E+000  0.00000000E+000  0.00000000E+000  0.89214064E-002  0.14314185E+000  0.35036051E+001  0.29830993E+002  0.74465388E+002  0.19062938E+003  0.35721463E+003
  0.00000000E+000  0.00000000E+000  0.00000000E+000  0.00000000E+000  0.89228906E-002  0.14314572E+000  0.35036502E+001  0.29831084E+002  0.74465493E+002  0.19062964E+003  0.35721518E+003
  0.00000000E+000  0.00000000E+000  0.00000000E+000  0.00000000E+000  0.89243726E-002  0.14314972E+000  0.35036976E+001  0.29831182E+002  0.74465603E+002  0.19062992E+003  0.35721575E+003
  0.00000000E+000  0.00000000E+000  0.00000000E+000  0.00000000E+000  0.89258498E-002  0.14315385E+000  0.35037472E+001  0.29831286E+002  0.74465720E+002  0.19063021E+003  0.35721633E+003
  0.00000000E+000  0.00000000E+000  0.00000000E+000  0.00000000E+000  0.89273192E-002  0.14315810E+000  0.35037990E+001  0.29831398E+002  0.74465844E+002  0.19063051E+003  0.35721694E+003
  0.00000000E+000  0.00000000E+000  0.00000000E+000  0.00000000E+000  0.89287784E-002  0.14316246E+000  0.35038530E+001  0.29831516E+002  0.74465975E+002  0.19063082E+003  0.35721756E+003
  0.00000000E+000  0.00000000E+000  0.00000000E+000  0.00000000E+000  0.89302245E-002  0.14316694E+000  0.35039091E+001  0.29831642E+002  0.74466114E+002  0.19063114E+003  0.35721819E+003
  0.00000000E+000  0.00000000E+000  0.00000000E+000  0.00000000E+000  0.89316551E-002  0.14317152E+000  0.35039675E+001  0.29831776E+002  0.74466262E+002  0.19063147E+003  0.35721885E+003
  0.00000000E+000  0.00000000E+000  0.00000000E+000  0.00000000E+000  0.89330677E-002  0.14317622E+000  0.35040281E+001  0.29831918E+002  0.74466420E+002  0.19063182E+003  0.35721952E+003
  0.00000000E+000  0.00000000E+000  0.00000000E+000  0.00000000E+000  0.89344599E-002  0.14318103E+000  0.35040908E+001  0.29832068E+002  0.74466588E+002  0.19063217E+003  0.35722022E+003
  0.00000000E+000  0.00000000E+000  0.00000000E+000  0.00000000E+000  0.89358295E-002  0.14318595E+000  0.35041556E+001  0.29832227E+002  0.74466767E+002  0.19063254E+003  0.35722093E+003
  0.00000000E+000  0.00000000E+000  0.00000000E+000  0.00000000E+000  0.89371743E-002  0.14319099E+000  0.35042225E+001  0.29832395E+002  0.74466959E+002  0.19063292E+003  0.35722166E+003
  0.00000000E+000  0.00000000E+000  0.00000000E+000  0.00000000E+000  0.89384924E-002  0.14319616E+000  0.35042914E+001  0.29832573E+002  0.74467164E+002  0.19063331E+003  0.35722241E+003
  0.00000000E+000  0.00000000E+000  0.00000000E+000  0.00000000E+000  0.89397818E-002  0.14320145E+000  0.35043622E+001  0.29832760E+002  0.74467382E+002  0.19063372E+003  0.35722319E+003
  0.00000000E+000  0.00000000E+000  0.00000000E+000  0.00000000E+000  0.89410409E-002  0.14320688E+000  0.35044349E+001  0.29832956E+002  0.74467615E+002  0.19063414E+003  0.35722398E+003
  0.00000000E+000  0.00000000E+000  0.00000000E+000  0.00000000E+000  0.89422682E-002  0.14321245E+000  0.35045094E+001  0.29833163E+002  0.74467863E+002  0.19063458E+003  0.35722479E+003
  0.00000000E+000  0.00000000E+000  0.00000000E+000  0.00000000E+000  0.89434623E-002  0.14321816E+000  0.35045856E+001  0.29833380E+002  0.74468127E+002  0.19063503E+003  0.35722562E+003
  0.00000000E+000  0.00000000E+000  0.00000000E+000  0.00000000E+000  0.89446221E-002  0.14322403E+000  0.35046635E+001  0.29833608E+002  0.74468407E+002  0.19063550E+003  0.35722648E+003
  0.00000000E+000  0.00000000E+000  0.00000000E+000  0.00000000E+000  0.89457464E-002  0.14323006E+000  0.35047428E+001  0.29833846E+002  0.74468705E+002  0.19063598E+003  0.35722735E+003
  0.00000000E+000  0.00000000E+000  0.00000000E+000  0.00000000E+000  0.89468346E-002  0.14323625E+000  0.35048235E+001  0.29834094E+002  0.74469020E+002  0.19063648E+003  0.35722825E+003
  0.00000000E+000  0.00000000E+000  0.00000000E+000  0.00000000E+000  0.89478859E-002  0.14324260E+000  0.35049056E+001  0.29834354E+002  0.74469354E+002  0.19063700E+003  0.35722917E+003
  0.00000000E+000  0.00000000E+000  0.00000000E+000  0.00000000E+000  0.89488999E-002  0.14324912E+000  0.35049889E+001  0.29834624E+002  0.74469705E+002  0.19063754E+003  0.35723011E+003
  0.00000000E+000  0.00000000E+000  0.00000000E+000  0.00000000E+000  0.89498764E-002  0.14325581E+000  0.35050733E+001  0.29834904E+002  0.74470075E+002  0.19063810E+003  0.35723107E+003
  0.00000000E+000  0.00000000E+000  0.00000000E+000  0.00000000E+000  0.89508152E-002  0.14326267E+000  0.35051588E+001  0.29835195E+002  0.74470464E+002  0.19063869E+003  0.35723206E+003
  0.00000000E+000  0.00000000E+000  0.00000000E+000  0.00000000E+000  0.89517164E-002  0.14326970E+000  0.35052453E+001  0.29835496E+002  0.74470871E+002  0.19063929E+003  0.35723307E+003
  0.00000000E+000  0.00000000E+000  0.00000000E+000  0.00000000E+000  0.89525802E-002  0.14327688E+000  0.35053327E+001  0.29835807E+002  0.74471297E+002  0.19063992E+003  0.35723411E+003
  0.00000000E+000  0.00000000E+000  0.00000000E+000  0.00000000E+000  0.89534070E-002  0.14328422E+000  0.35054210E+001  0.29836127E+002  0.74471742E+002  0.19064057E+003  0.35723517E+003
  0.00000000E+000  0.00000000E+000  0.00000000E+000  0.00000000E+000  0.89541972E-002  0.14329171E+000  0.35055100E+001  0.29836457E+002  0.74472205E+002  0.19064124E+003  0.35723626E+003
  0.00000000E+000  0.00000000E+000  0.00000000E+000  0.00000000E+000  0.89549515E-002  0.14329933E+000  0.35055998E+001  0.29836796E+002  0.74472686E+002  0.19064195E+003  0.35723737E+003
  0.00000000E+000  0.00000000E+000  0.00000000E+000  0.00000000E+000  0.89556706E-002  0.14330708E+000  0.35056902E+001  0.29837143E+002  0.74473185E+002  0.19064268E+003  0.35723851E+003
  0.00000000E+000  0.00000000E+000  0.00000000E+000  0.00000000E+000  0.89563554E-002  0.14331495E+000  0.35057814E+001  0.29837498E+002  0.74473701E+002  0.19064343E+003  0.35723968E+003
  0.00000000E+000  0.00000000E+000  0.00000000E+000  0.00000000E+000  0.89570066E-002  0.14332291E+000  0.35058732E+001  0.29837860E+002  0.74474235E+002  0.19064422E+003  0.35724088E+003
  0.00000000E+000  0.00000000E+000  0.00000000E+000  0.00000000E+000  0.89576255E-002  0.14333095E+000  0.35059655E+001  0.29838230E+002  0.74474786E+002  0.19064503E+003  0.35724210E+003
  0.00000000E+000  0.00000000E+000  0.00000000E+000  0.00000000E+000  0.89582128E-002  0.14333906E+000  0.35060585E+001  0.29838607E+002  0.74475353E+002  0.19064588E+003  0.35724336E+003
  0.00000000E+000  0.00000000E+000  0.00000000E+000  0.00000000E+000  0.89587698E-002  0.14334721E+000  0.35061520E+001  0.29838989E+002  0.74475935E+002  0.19064676E+003  0.35724466E+003
  0.00000000E+000  0.00000000E+000  0.00000000E+000  0.00000000E+000  0.89592976E-002  0.14335538E+000  0.35062460E+001  0.29839378E+002  0.74476534E+002  0.19064767E+003  0.35724598E+003
  0.00000000E+000  0.00000000E+000  0.00000000E+000  0.00000000E+000  0.89597973E-002  0.14336357E+000  0.35063406E+001  0.29839771E+002  0.74477148E+002  0.19064861E+003  0.35724734E+003
  0.00000000E+000  0.00000000E+000  0.00000000E+000  0.00000000E+000  0.89602700E-002  0.14337173E+000  0.35064356E+001  0.29840170E+002  0.74477776E+002  0.19064958E+003  0.35724874E+003
  0.00000000E+000  0.00000000E+000  0.00000000E+000  0.00000000E+000  0.89607169E-002  0.14337986E+000  0.35065312E+001  0.29840572E+002  0.74478419E+002  0.19065059E+003  0.35725017E+003
  0.00000000E+000  0.00000000E+000  0.00000000E+000  0.00000000E+000  0.89611392E-002  0.14338793E+000  0.35066272E+001  0.29840979E+002  0.74479075E+002  0.19065163E+003  0.35725164E+003
  0.00000000E+000  0.00000000E+000  0.00000000E+000  0.00000000E+000  0.89615380E-002  0.14339592E+000  0.35067237E+001  0.29841389E+002  0.74479745E+002  0.19065271E+003  0.35725316E+003
  0.00000000E+000  0.00000000E+000  0.00000000E+000  0.00000000E+000  0.89619143E-002  0.14340382E+000  0.35068207E+001  0.29841803E+002  0.74480428E+002  0.19065382E+003  0.35725471E+003
  0.00000000E+000  0.00000000E+000  0.00000000E+000  0.00000000E+000  0.89622694E-002  0.14341160E+000  0.35069181E+001  0.29842218E+002  0.74481123E+002  0.19065497E+003  0.35725631E+003
  0.00000000E+000  0.00000000E+000  0.00000000E+000  0.00000000E+000  0.89626042E-002  0.14341924E+000  0.35070160E+001  0.29842637E+002  0.74481830E+002  0.19065616E+003  0.35725795E+003
  0.00000000E+000  0.00000000E+000  0.00000000E+000  0.00000000E+000  0.89629197E-002  0.14342674E+000  0.35071143E+001  0.29843056E+002  0.74482548E+002  0.19065738E+003  0.35725964E+003
  0.00000000E+000  0.00000000E+000  0.00000000E+000  0.00000000E+000  0.89632170E-002  0.14343407E+000  0.35072130E+001  0.29843478E+002  0.74483277E+002  0.19065864E+003  0.35726138E+003
  0.00000000E+000  0.00000000E+000  0.00000000E+000  0.00000000E+000  0.89634970E-002  0.14344122E+000  0.35073121E+001  0.29843900E+002  0.74484017E+002  0.19065994E+003  0.35726317E+003
  0.00000000E+000  0.00000000E+000  0.00000000E+000  0.00000000E+000  0.89637606E-002  0.14344817E+000  0.35074116E+001  0.29844324E+002  0.74484766E+002  0.19066128E+003  0.35726501E+003
  0.00000000E+000  0.00000000E+000  0.00000000E+000  0.00000000E+000  0.89640086E-002  0.14345492E+000  0.35075115E+001  0.29844747E+002  0.74485525E+002  0.19066265E+003  0.35726691E+003
  0.00000000E+000  0.00000000E+000  0.00000000E+000  0.00000000E+000  0.89642418E-002  0.14346146E+000  0.35076116E+001  0.29845171E+002  0.74486293E+002  0.19066407E+003  0.35726886E+003
  0.00000000E+000  0.00000000E+000  0.00000000E+000  0.00000000E+000  0.89644611E-002  0.14346778E+000  0.35077121E+001  0.29845595E+002  0.74487069E+002  0.19066552E+003  0.35727086E+003
  0.00000000E+000  0.00000000E+000  0.00000000E+000  0.00000000E+000  0.89646672E-002  0.14347388E+000  0.35078129E+001  0.29846018E+002  0.74487853E+002  0.19066701E+003  0.35727293E+003
  0.00000000E+000  0.00000000E+000  0.00000000E+000  0.00000000E+000  0.89648607E-002  0.14347974E+000  0.35079139E+001  0.29846440E+002  0.74488643E+002  0.19066854E+003  0.35727506E+003
  0.00000000E+000  0.00000000E+000  0.00000000E+000  0.00000000E+000  0.89650424E-002  0.14348537E+000  0.35080150E+001  0.29846861E+002  0.74489441E+002  0.19067010E+003  0.35727724E+003
  0.00000000E+000  0.00000000E+000  0.00000000E+000  0.00000000E+000  0.89652128E-002  0.14349076E+000  0.35081163E+001  0.29847281E+002  0.74490244E+002  0.19067171E+003  0.35727950E+003
  0.00000000E+000  0.00000000E+000  0.00000000E+000  0.00000000E+000  0.89653725E-002  0.14349592E+000  0.35082177E+001  0.29847699E+002  0.74491053E+002  0.19067335E+003  0.35728182E+003
  0.00000000E+000  0.00000000E+000  0.00000000E+000  0.00000000E+000  0.89655220E-002  0.14350084E+000  0.35083191E+001  0.29848115E+002  0.74491867E+002  0.19067503E+003  0.35728420E+003
  0.00000000E+000  0.00000000E+000  0.00000000E+000  0.00000000E+000  0.89656619E-002  0.14350553E+000  0.35084204E+001  0.29848530E+002  0.74492685E+002  0.19067674E+003  0.35728665E+003
  0.00000000E+000  0.00000000E+000  0.00000000E+000  0.00000000E+000  0.89657926E-002  0.14350999E+000  0.35085215E+001  0.29848942E+002  0.74493507E+002  0.19067850E+003  0.35728918E+003
  0.00000000E+000  0.00000000E+000  0.00000000E+000  0.00000000E+000  0.89659146E-002  0.14351423E+000  0.35086224E+001  0.29849351E+002  0.74494332E+002  0.19068028E+003  0.35729177E+003
  0.00000000E+000  0.00000000E+000  0.00000000E+000  0.00000000E+000  0.89660283E-002  0.14351824E+000  0.35087230E+001  0.29849758E+002  0.74495159E+002  0.19068211E+003  0.35729444E+003
  0.00000000E+000  0.00000000E+000  0.00000000E+000  0.00000000E+000  0.89661340E-002  0.14352204E+000  0.35088231E+001  0.29850162E+002  0.74495989E+002  0.19068397E+003  0.35729718E+003
  0.00000000E+000  0.00000000E+000  0.00000000E+000  0.00000000E+000  0.89662322E-002  0.14352563E+000  0.35089227E+001  0.29850563E+002  0.74496819E+002  0.19068586E+003  0.35730000E+003
  0.00000000E+000  0.00000000E+000  0.00000000E+000  0.00000000E+000  0.89663230E-002  0.14352902E+000  0.35090217E+001  0.29850962E+002  0.74497650E+002  0.19068778E+003  0.35730289E+003
  0.00000000E+000  0.00000000E+000  0.00000000E+000  0.00000000E+000  0.89664070E-002  0.14353222E+000  0.35091199E+001  0.29851356E+002  0.74498482E+002  0.19068974E+003  0.35730585E+003
  0.00000000E+000  0.00000000E+000  0.00000000E+000  0.00000000E+000  0.89664842E-002  0.14353522E+000  0.35092172E+001  0.29851748E+002  0.74499313E+002  0.19069173E+003  0.35730890E+003
  0.00000000E+000  0.00000000E+000  0.00000000E+000  0.00000000E+000  0.89665550E-002  0.14353805E+000  0.35093136E+001  0.29852136E+002  0.74500143E+002  0.19069374E+003  0.35731202E+003
  0.00000000E+000  0.00000000E+000  0.00000000E+000  0.00000000E+000  0.89666195E-002  0.14354070E+000  0.35094088E+001  0.29852520E+002  0.74500971E+002  0.19069579E+003  0.35731522E+003
  0.00000000E+000  0.00000000E+000  0.00000000E+000  0.00000000E+000  0.89666780E-002  0.14354318E+000  0.35095028E+001  0.29852901E+002  0.74501797E+002  0.19069786E+003  0.35731850E+003
  0.00000000E+000  0.00000000E+000  0.00000000E+000  0.00000000E+000  0.89667307E-002  0.14354551E+000  0.35095955E+001  0.29853278E+002  0.74502621E+002  0.19069996E+003  0.35732185E+003
  0.00000000E+000  0.00000000E+000  0.00000000E+000  0.00000000E+000  0.89667776E-002  0.14354768E+000  0.35096866E+001  0.29853651E+002  0.74503442E+002  0.19070208E+003  0.35732528E+003
  0.00000000E+000  0.00000000E+000  0.00000000E+000  0.00000000E+000  0.89668189E-002  0.14354971E+000  0.35097763E+001  0.29854021E+002  0.74504259E+002  0.19070423E+003  0.35732879E+003
  0.00000000E+000  0.00000000E+000  0.00000000E+000  0.00000000E+000  0.89668547E-002  0.14355160E+000  0.35098642E+001  0.29854386E+002  0.74505071E+002  0.19070639E+003  0.35733238E+003
  0.00000000E+000  0.00000000E+000  0.00000000E+000  0.00000000E+000  0.89668851E-002  0.14355336E+000  0.35099503E+001  0.29854747E+002  0.74505880E+002  0.19070858E+003  0.35733604E+003
  0.00000000E+000  0.00000000E+000  0.00000000E+000  0.00000000E+000  0.89669100E-002  0.14355500E+000  0.35100346E+001  0.29855104E+002  0.74506683E+002  0.19071079E+003  0.35733978E+003
  0.00000000E+000  0.00000000E+000  0.00000000E+000  0.00000000E+000  0.89669296E-002  0.14355651E+000  0.35101169E+001  0.29855457E+002  0.74507481E+002  0.19071301E+003  0.35734359E+003
  0.00000000E+000  0.00000000E+000  0.00000000E+000  0.00000000E+000  0.89669437E-002  0.14355792E+000  0.35101971E+001  0.29855805E+002  0.74508273E+002  0.19071525E+003  0.35734747E+003
  0.00000000E+000  0.00000000E+000  0.00000000E+000  0.00000000E+000  0.89669523E-002  0.14355922E+000  0.35102753E+001  0.29856149E+002  0.74509059E+002  0.19071750E+003  0.35735142E+003
  0.00000000E+000  0.00000000E+000  0.00000000E+000  0.00000000E+000  0.89669554E-002  0.14356041E+000  0.35103512E+001  0.29856489E+002  0.74509838E+002  0.19071976E+003  0.35735545E+003
  0.00000000E+000  0.00000000E+000  0.00000000E+000  0.00000000E+000  0.89669527E-002  0.14356151E+000  0.35104248E+001  0.29856824E+002  0.74510610E+002  0.19072204E+003  0.35735954E+003
  0.00000000E+000  0.00000000E+000  0.00000000E+000  0.00000000E+000  0.89669443E-002  0.14356251E+000  0.35104961E+001  0.29857155E+002  0.74511375E+002  0.19072432E+003  0.35736369E+003
  0.00000000E+000  0.00000000E+000  0.00000000E+000  0.00000000E+000  0.89669298E-002  0.14356343E+000  0.35105651E+001  0.29857481E+002  0.74512132E+002  0.19072661E+003  0.35736791E+003
  0.00000000E+000  0.00000000E+000  0.00000000E+000  0.00000000E+000  0.89669091E-002  0.14356426E+000  0.35106317E+001  0.29857802E+002  0.74512881E+002  0.19072890E+003  0.35737219E+003
  0.00000000E+000  0.00000000E+000  0.00000000E+000  0.00000000E+000  0.89668818E-002  0.14356501E+000  0.35106959E+001  0.29858118E+002  0.74513622E+002  0.19073120E+003  0.35737653E+003
  0.00000000E+000  0.00000000E+000  0.00000000E+000  0.00000000E+000  0.89668477E-002  0.14356568E+000  0.35107577E+001  0.29858429E+002  0.74514354E+002  0.19073350E+003  0.35738092E+003
  0.00000000E+000  0.00000000E+000  0.00000000E+000  0.00000000E+000  0.89668064E-002  0.14356627E+000  0.35108170E+001  0.29858736E+002  0.74515078E+002  0.19073580E+003  0.35738537E+003
  0.00000000E+000  0.00000000E+000  0.00000000E+000  0.00000000E+000  0.89667575E-002  0.14356679E+000  0.35108739E+001  0.29859037E+002  0.74515793E+002  0.19073810E+003  0.35738986E+003
  0.00000000E+000  0.00000000E+000  0.00000000E+000  0.00000000E+000  0.89667005E-002  0.14356724E+000  0.35109284E+001  0.29859333E+002  0.74516498E+002  0.19074040E+003  0.35739441E+003
  0.00000000E+000  0.00000000E+000  0.00000000E+000  0.00000000E+000  0.89666349E-002  0.14356761E+000  0.35109804E+001  0.29859624E+002  0.74517194E+002  0.19074269E+003  0.35739899E+003
  0.00000000E+000  0.00000000E+000  0.00000000E+000  0.00000000E+000  0.89665601E-002  0.14356792E+000  0.35110301E+001  0.29859909E+002  0.74517880E+002  0.19074497E+003  0.35740362E+003
  0.00000000E+000  0.00000000E+000  0.00000000E+000  0.00000000E+000  0.89664756E-002  0.14356815E+000  0.35110773E+001  0.29860189E+002  0.74518556E+002  0.19074725E+003  0.35740829E+003
  0.00000000E+000  0.00000000E+000  0.00000000E+000  0.00000000E+000  0.89663805E-002  0.14356831E+000  0.35111222E+001  0.29860463E+002  0.74519222E+002  0.19074952E+003  0.35741298E+003
  0.00000000E+000  0.00000000E+000  0.00000000E+000  0.00000000E+000  0.89662742E-002  0.14356840E+000  0.35111648E+001  0.29860731E+002  0.74519878E+002  0.19075177E+003  0.35741771E+003
  0.00000000E+000  0.00000000E+000  0.00000000E+000  0.00000000E+000  0.89661559E-002  0.14356842E+000  0.35112050E+001  0.29860994E+002  0.74520524E+002  0.19075402E+003  0.35742247E+003
  0.00000000E+000  0.00000000E+000  0.00000000E+000  0.00000000E+000  0.89660245E-002  0.14356837E+000  0.35112430E+001  0.29861251E+002  0.74521158E+002  0.19075625E+003  0.35742724E+003
  0.00000000E+000  0.00000000E+000  0.00000000E+000  0.00000000E+000  0.89658792E-002  0.14356823E+000  0.35112788E+001  0.29861501E+002  0.74521782E+002  0.19075846E+003  0.35743204E+003
  0.00000000E+000  0.00000000E+000  0.00000000E+000  0.00000000E+000  0.89657188E-002  0.14356802E+000  0.35113123E+001  0.29861746E+002  0.74522396E+002  0.19076066E+003  0.35743685E+003
  0.00000000E+000  0.00000000E+000  0.00000000E+000  0.00000000E+000  0.89655424E-002  0.14356772E+000  0.35113437E+001  0.29861984E+002  0.74522998E+002  0.19076284E+003  0.35744167E+003
  0.00000000E+000  0.00000000E+000  0.00000000E+000  0.00000000E+000  0.89653487E-002  0.14356734E+000  0.35113730E+001  0.29862217E+002  0.74523588E+002  0.19076500E+003  0.35744650E+003
  0.00000000E+000  0.00000000E+000  0.00000000E+000  0.00000000E+000  0.89651363E-002  0.14356686E+000  0.35114001E+001  0.29862442E+002  0.74524168E+002  0.19076714E+003  0.35745134E+003
  0.00000000E+000  0.00000000E+000  0.00000000E+000  0.00000000E+000  0.89649041E-002  0.14356628E+000  0.35114251E+001  0.29862662E+002  0.74524736E+002  0.19076925E+003  0.35745617E+003
  0.00000000E+000  0.00000000E+000  0.00000000E+000  0.00000000E+000  0.89646505E-002  0.14356560E+000  0.35114480E+001  0.29862874E+002  0.74525292E+002  0.19077135E+003  0.35746100E+003
  0.00000000E+000  0.00000000E+000  0.00000000E+000  0.00000000E+000  0.89643740E-002  0.14356480E+000  0.35114688E+001  0.29863080E+002  0.74525836E+002  0.19077342E+003  0.35746583E+003
  0.00000000E+000  0.00000000E+000  0.00000000E+000  0.00000000E+000  0.89640731E-002  0.14356389E+000  0.35114876E+001  0.29863279E+002  0.74526368E+002  0.19077547E+003  0.35747064E+003
  0.00000000E+000  0.00000000E+000  0.00000000E+000  0.00000000E+000  0.89637462E-002  0.14356284E+000  0.35115043E+001  0.29863472E+002  0.74526888E+002  0.19077749E+003  0.35747544E+003
  0.00000000E+000  0.00000000E+000  0.00000000E+000  0.00000000E+000  0.89633916E-002  0.14356165E+000  0.35115189E+001  0.29863657E+002  0.74527396E+002  0.19077948E+003  0.35748023E+003
  0.00000000E+000  0.00000000E+000  0.00000000E+000  0.00000000E+000  0.89630076E-002  0.14356031E+000  0.35115314E+001  0.29863835E+002  0.74527891E+002  0.19078145E+003  0.35748499E+003
  0.00000000E+000  0.00000000E+000  0.00000000E+000  0.00000000E+000  0.89625924E-002  0.14355880E+000  0.35115417E+001  0.29864007E+002  0.74528374E+002  0.19078338E+003  0.35748972E+003
  0.00000000E+000  0.00000000E+000  0.00000000E+000  0.00000000E+000  0.89621441E-002  0.14355712E+000  0.35115497E+001  0.29864170E+002  0.74528843E+002  0.19078529E+003  0.35749443E+003
  0.00000000E+000  0.00000000E+000  0.00000000E+000  0.00000000E+000  0.89616611E-002  0.14355525E+000  0.35115555E+001  0.29864327E+002  0.74529300E+002  0.19078716E+003  0.35749910E+003
  0.00000000E+000  0.00000000E+000  0.00000000E+000  0.00000000E+000  0.89611414E-002  0.14355317E+000  0.35115588E+001  0.29864475E+002  0.74529743E+002  0.19078901E+003  0.35750374E+003
  0.00000000E+000  0.00000000E+000  0.00000000E+000  0.00000000E+000  0.89605833E-002  0.14355087E+000  0.35115596E+001  0.29864616E+002  0.74530172E+002  0.19079082E+003  0.35750835E+003
  0.00000000E+000  0.00000000E+000  0.00000000E+000  0.00000000E+000  0.89599850E-002  0.14354833E+000  0.35115578E+001  0.29864749E+002  0.74530587E+002  0.19079259E+003  0.35751291E+003
  0.00000000E+000  0.00000000E+000  0.00000000E+000  0.00000000E+000  0.89593448E-002  0.14354553E+000  0.35115532E+001  0.29864874E+002  0.74530988E+002  0.19079433E+003  0.35751742E+003
  0.00000000E+000  0.00000000E+000  0.00000000E+000  0.00000000E+000  0.89586611E-002  0.14354246E+000  0.35115457E+001  0.29864990E+002  0.74531374E+002  0.19079604E+003  0.35752189E+003
  0.00000000E+000  0.00000000E+000  0.00000000E+000  0.00000000E+000  0.89579322E-002  0.14353909E+000  0.35115349E+001  0.29865097E+002  0.74531744E+002  0.19079770E+003  0.35752630E+003
  0.00000000E+000  0.00000000E+000  0.00000000E+000  0.00000000E+000  0.89571569E-002  0.14353540E+000  0.35115207E+001  0.29865194E+002  0.74532099E+002  0.19079933E+003  0.35753066E+003
  0.00000000E+000  0.00000000E+000  0.00000000E+000  0.00000000E+000  0.89563337E-002  0.14353138E+000  0.35115028E+001  0.29865282E+002  0.74532437E+002  0.19080092E+003  0.35753497E+003
  0.00000000E+000  0.00000000E+000  0.00000000E+000  0.00000000E+000  0.89554616E-002  0.14352700E+000  0.35114809E+001  0.29865360E+002  0.74532758E+002  0.19080247E+003  0.35753921E+003
  0.00000000E+000  0.00000000E+000  0.00000000E+000  0.00000000E+000  0.89545395E-002  0.14352225E+000  0.35114547E+001  0.29865427E+002  0.74533060E+002  0.19080397E+003  0.35754338E+003
  0.00000000E+000  0.00000000E+000  0.00000000E+000  0.00000000E+000  0.89535666E-002  0.14351709E+000  0.35114238E+001  0.29865482E+002  0.74533344E+002  0.19080543E+003  0.35754749E+003
  0.00000000E+000  0.00000000E+000  0.00000000E+000  0.00000000E+000  0.89525423E-002  0.14351152E+000  0.35113878E+001  0.29865525E+002  0.74533607E+002  0.19080685E+003  0.35755153E+003
  0.00000000E+000  0.00000000E+000  0.00000000E+000  0.00000000E+000  0.89514661E-002  0.14350551E+000  0.35113463E+001  0.29865554E+002  0.74533848E+002  0.19080821E+003  0.35755549E+003
  0.00000000E+000  0.00000000E+000  0.00000000E+000  0.00000000E+000  0.89503379E-002  0.14349905E+000  0.35112989E+001  0.29865569E+002  0.74534067E+002  0.19080952E+003  0.35755937E+003
  0.00000000E+000  0.00000000E+000  0.00000000E+000  0.00000000E+000  0.89491575E-002  0.14349211E+000  0.35112450E+001  0.29865567E+002  0.74534260E+002  0.19081078E+003  0.35756316E+003
  0.00000000E+000  0.00000000E+000  0.00000000E+000  0.00000000E+000  0.89479250E-002  0.14348469E+000  0.35111842E+001  0.29865549E+002  0.74534426E+002  0.19081198E+003  0.35756687E+003
  0.00000000E+000  0.00000000E+000  0.00000000E+000  0.00000000E+000  0.89466406E-002  0.14347677E+000  0.35111160E+001  0.29865511E+002  0.74534563E+002  0.19081312E+003  0.35757048E+003
  0.00000000E+000  0.00000000E+000  0.00000000E+000  0.00000000E+000  0.89453047E-002  0.14346835E+000  0.35110399E+001  0.29865452E+002  0.74534667E+002  0.19081419E+003  0.35757399E+003
  0.00000000E+000  0.00000000E+000  0.00000000E+000  0.00000000E+000  0.89439172E-002  0.14345942E+000  0.35109554E+001  0.29865370E+002  0.74534736E+002  0.19081519E+003  0.35757739E+003
  0.00000000E+000  0.00000000E+000  0.00000000E+000  0.00000000E+000  0.89424794E-002  0.14344998E+000  0.35108621E+001  0.29865262E+002  0.74534765E+002  0.19081612E+003  0.35758068E+003
  0.00000000E+000  0.00000000E+000  0.00000000E+000  0.00000000E+000  0.89409895E-002  0.14344002E+000  0.35107593E+001  0.29865126E+002  0.74534751E+002  0.19081695E+003  0.35758384E+003
  0.00000000E+000  0.00000000E+000  0.00000000E+000  0.00000000E+000  0.89394516E-002  0.14342958E+000  0.35106469E+001  0.29864959E+002  0.74534688E+002  0.19081770E+003  0.35758687E+003
  0.00000000E+000  0.00000000E+000  0.00000000E+000  0.00000000E+000  0.89378573E-002  0.14341864E+000  0.35105242E+001  0.29864755E+002  0.74534570E+002  0.19081834E+003  0.35758976E+003
  0.00000000E+000  0.00000000E+000  0.00000000E+000  0.00000000E+000  0.89362230E-002  0.14340725E+000  0.35103912E+001  0.29864514E+002  0.74534391E+002  0.19081887E+003  0.35759249E+003
  0.00000000E+000  0.00000000E+000  0.00000000E+000  0.00000000E+000  0.89345185E-002  0.14339541E+000  0.35102470E+001  0.29864226E+002  0.74534140E+002  0.19081927E+003  0.35759504E+003
  0.00000000E+000  0.00000000E+000  0.00000000E+000  0.00000000E+000  0.89328146E-002  0.14338328E+000  0.35100926E+001  0.29863894E+002  0.74533817E+002  0.19081954E+003  0.35759741E+003
  0.00000000E+000  0.00000000E+000  0.00000000E+000  0.00000000E+000  0.89309977E-002  0.14337073E+000  0.35099252E+001  0.29863500E+002  0.74533394E+002  0.19081964E+003  0.35759955E+003
  0.00000000E+000  0.00000000E+000  0.00000000E+000  0.00000000E+000  0.89292872E-002  0.14335830E+000  0.35097512E+001  0.29863069E+002  0.74532905E+002  0.19081960E+003  0.35760151E+003
