  0.30715158E+000  0.33866537E+000  0.44766828E+000  0.59108163E+000  0.77777824E+000  0.86603542E+000  0.11713770E+001  0.17236279E+001  0.23570447E+001  0.35220407E+001  0.53992225E+001
  0.30696212E+000  0.33868076E+000  0.44766821E+000  0.59141373E+000  0.77808547E+000  0.86564751E+000  0.11704281E+001  0.17239104E+001  0.23572228E+001  0.35224230E+001  0.53993226E+001
  0.30729010E+000  0.33869018E+000  0.44771224E+000  0.59231432E+000  0.77836995E+000  0.86606332E+000  0.11703628E+001  0.17240411E+001  0.23573840E+001  0.35227594E+001  0.53994000E+001
  0.30766756E+000  0.33867844E+000  0.44767059E+000  0.59260627E+000  0.77855859E+000  0.86648572E+000  0.11691715E+001  0.17243253E+001  0.23574872E+001  0.35229892E+001  0.53995768E+001
  0.30792202E+000  0.33870048E+000  0.44770063E+000  0.59284551E+000  0.77876008E+000  0.86681328E+000  0.11688983E+001  0.17244849E+001  0.23576122E+001  0.35232511E+001  0.54001886E+001
  0.30817615E+000  0.33871740E+000  0.44773197E+000  0.59332958E+000  0.77885256E+000  0.86708509E+000  0.11689357E+001  0.17246000E+001  0.23576804E+001  0.35233481E+001  0.54002659E+001
  0.30835393E+000  0.33873074E+000  0.44766255E+000  0.59402580E+000  0.77844696E+000  0.86731695E+000  0.11688171E+001  0.17247042E+001  0.23577358E+001  0.35234919E+001  0.54003294E+001
  0.30849794E+000  0.33876246E+000  0.44768011E+000  0.59412229E+000  0.77820922E+000  0.86750380E+000  0.11688614E+001  0.17250139E+001  0.23577811E+001  0.35236113E+001  0.54003819E+001
  0.30861597E+000  0.33877362E+000  0.44769687E+000  0.59420724E+000  0.77819888E+000  0.86760732E+000  0.11689292E+001  0.17255024E+001  0.23578711E+001  0.35237108E+001  0.54004253E+001
  0.30871296E+000  0.33878274E+000  0.44772287E+000  0.59440415E+000  0.77823201E+000  0.86777990E+000  0.11689843E+001  0.17255304E+001  0.23579027E+001  0.35237938E+001  0.54004613E+001
  0.30879307E+000  0.33879028E+000  0.44777284E+000  0.59508644E+000  0.77830194E+000  0.86788660E+000  0.11690189E+001  0.17255715E+001  0.23579289E+001  0.35238632E+001  0.54004913E+001
  0.30877263E+000  0.33879657E+000  0.44777965E+000  0.59526968E+000  0.77835315E+000  0.86796506E+000  0.11690527E+001  0.17255707E+001  0.23579506E+001  0.35239214E+001  0.54005163E+001
  0.30891448E+000  0.33880188E+000  0.44778771E+000  0.59533365E+000  0.77845029E+000  0.86800767E+000  0.11690892E+001  0.17255855E+001  0.23579687E+001  0.35239702E+001  0.54005371E+001
  0.30891637E+000  0.33880639E+000  0.44779587E+000  0.59549224E+000  0.77854172E+000  0.86809641E+000  0.11691214E+001  0.17255979E+001  0.23579838E+001  0.35240111E+001  0.54005545E+001
  0.30893577E+000  0.33881026E+000  0.44780403E+000  0.59556754E+000  0.77874013E+000  0.86812260E+000  0.11691496E+001  0.17256082E+001  0.23579964E+001  0.35240456E+001  0.54005690E+001
  0.30903009E+000  0.33881361E+000  0.44781212E+000  0.59562937E+000  0.77923128E+000  0.86814416E+000  0.11691730E+001  0.17256169E+001  0.23580069E+001  0.35240746E+001  0.54005812E+001
  0.30896554E+000  0.33881653E+000  0.44782014E+000  0.59568094E+000  0.77949077E+000  0.86816329E+000  0.11691850E+001  0.17256242E+001  0.23580157E+001  0.35240990E+001  0.54005913E+001
  0.30906975E+000  0.33881909E+000  0.44782807E+000  0.59579661E+000  0.77949352E+000  0.86817982E+000  0.11691978E+001  0.17256304E+001  0.23580231E+001  0.35241195E+001  0.54005998E+001
  0.30907916E+000  0.33882135E+000  0.44783594E+000  0.59580747E+000  0.77949668E+000  0.86827805E+000  0.11692166E+001  0.17256356E+001  0.23580292E+001  0.35241369E+001  0.54006068E+001
  0.30908703E+000  0.33882335E+000  0.44784375E+000  0.59582661E+000  0.77950012E+000  0.86831050E+000  0.11692259E+001  0.17256401E+001  0.23580343E+001  0.35241514E+001  0.54006127E+001
  0.30909360E+000  0.33882515E+000  0.44785152E+000  0.59589668E+000  0.77950372E+000  0.86831774E+000  0.11694239E+001  0.17256439E+001  0.23580385E+001  0.35241637E+001  0.54006175E+001
  0.30909906E+000  0.33882676E+000  0.44785928E+000  0.59587565E+000  0.77950739E+000  0.86832396E+000  0.11696509E+001  0.17256471E+001  0.23580502E+001  0.35241740E+001  0.54006215E+001
  0.30914451E+000  0.33882821E+000  0.44786704E+000  0.59598297E+000  0.77951104E+000  0.86832928E+000  0.11696672E+001  0.17256498E+001  0.23580618E+001  0.35241826E+001  0.54006248E+001
  0.30915173E+000  0.33882953E+000  0.44787480E+000  0.59599706E+000  0.77951461E+000  0.86833382E+000  0.11697997E+001  0.17256522E+001  0.23580712E+001  0.35241899E+001  0.54006275E+001
  0.30915767E+000  0.33883074E+000  0.44788258E+000  0.59600863E+000  0.77951806E+000  0.86833768E+000  0.11702856E+001  0.17256542E+001  0.23580789E+001  0.35241960E+001  0.54006297E+001
  0.30916252E+000  0.33883184E+000  0.44789038E+000  0.59601808E+000  0.77952136E+000  0.86834096E+000  0.11707707E+001  0.17256559E+001  0.23580851E+001  0.35242011E+001  0.54006315E+001
  0.30916647E+000  0.33883285E+000  0.44793004E+000  0.59602578E+000  0.77952448E+000  0.86834374E+000  0.11708299E+001  0.17256575E+001  0.23580900E+001  0.35242054E+001  0.54006329E+001
  0.30916966E+000  0.33883378E+000  0.44793648E+000  0.59603200E+000  0.77952741E+000  0.86834608E+000  0.11711684E+001  0.17256588E+001  0.23580939E+001  0.35242091E+001  0.54006340E+001
  0.30917223E+000  0.33883465E+000  0.44794288E+000  0.59603411E+000  0.77953014E+000  0.86834806E+000  0.11711911E+001  0.17256599E+001  0.23580969E+001  0.35242121E+001  0.54006349E+001
  0.30917429E+000  0.33883545E+000  0.44794923E+000  0.59603793E+000  0.77953269E+000  0.86834973E+000  0.11712130E+001  0.17256610E+001  0.23580546E+001  0.35242147E+001  0.54006356E+001
  0.30917592E+000  0.33883620E+000  0.44795554E+000  0.59603994E+000  0.77953504E+000  0.86835114E+000  0.11712340E+001  0.17256619E+001  0.23580551E+001  0.35242168E+001  0.54006362E+001
  0.30917722E+000  0.33883690E+000  0.44796182E+000  0.59604166E+000  0.77953721E+000  0.86835231E+000  0.11713491E+001  0.17256627E+001  0.23580554E+001  0.35242186E+001  0.54006366E+001
  0.30917823E+000  0.33896256E+000  0.44796804E+000  0.59604871E+000  0.77953921E+000  0.86835330E+000  0.11713893E+001  0.17256635E+001  0.23580557E+001  0.35242202E+001  0.54006369E+001
  0.30917901E+000  0.33896273E+000  0.44797421E+000  0.59605023E+000  0.77954104E+000  0.86835412E+000  0.11714030E+001  0.17256642E+001  0.23580559E+001  0.35242215E+001  0.54006370E+001
  0.30917961E+000  0.33896287E+000  0.44798031E+000  0.59605139E+000  0.77954272E+000  0.86835481E+000  0.11714157E+001  0.17256649E+001  0.23580560E+001  0.35242226E+001  0.54006372E+001
  0.30918005E+000  0.33896299E+000  0.44798634E+000  0.59605225E+000  0.77954425E+000  0.86835538E+000  0.11714276E+001  0.17256655E+001  0.23580560E+001  0.35242235E+001  0.54006372E+001
  0.30918036E+000  0.33896310E+000  0.44799228E+000  0.59605287E+000  0.77954565E+000  0.86835584E+000  0.11714385E+001  0.17256661E+001  0.23580561E+001  0.35242243E+001  0.54006372E+001
  0.30918058E+000  0.33896318E+000  0.44799811E+000  0.59605329E+000  0.77954693E+000  0.86835623E+000  0.11714487E+001  0.17256667E+001  0.23580560E+001  0.35242249E+001  0.54006372E+001
  0.30918072E+000  0.33896326E+000  0.44800382E+000  0.59605356E+000  0.77954809E+000  0.86835653E+000  0.11714580E+001  0.17256673E+001  0.23580559E+001  0.35242255E+001  0.54006371E+001
  0.30918080E+000  0.33896332E+000  0.44811307E+000  0.59605371E+000  0.77954915E+000  0.86835678E+000  0.11714666E+001  0.17256679E+001  0.23580559E+001  0.35242259E+001  0.54006370E+001
  0.30918082E+000  0.33896336E+000  0.44811295E+000  0.59605375E+000  0.77955011E+000  0.86835697E+000  0.11714949E+001  0.17256684E+001  0.23580557E+001  0.35242263E+001  0.54006369E+001
  0.30918080E+000  0.33896340E+000  0.44811282E+000  0.59605372E+000  0.77955098E+000  0.86835711E+000  0.11716710E+001  0.17256690E+001  0.23580556E+001  0.35242267E+001  0.54006368E+001
  0.30918074E+000  0.33896342E+000  0.44811268E+000  0.59605361E+000  0.77955177E+000  0.86835721E+000  0.11720510E+001  0.17256696E+001  0.23580554E+001  0.35242269E+001  0.54006366E+001
  0.30918066E+000  0.33896344E+000  0.44811254E+000  0.59605345E+000  0.77955248E+000  0.86835727E+000  0.11720647E+001  0.17256701E+001  0.23580553E+001  0.35242272E+001  0.54006365E+001
  0.30918056E+000  0.33896344E+000  0.44811238E+000  0.59605324E+000  0.77955311E+000  0.86835729E+000  0.11720773E+001  0.17256707E+001  0.23580551E+001  0.35242274E+001  0.54006363E+001
  0.30918043E+000  0.33896344E+000  0.44811222E+000  0.59605300E+000  0.77955368E+000  0.86835728E+000  0.11724683E+001  0.17256713E+001  0.23580549E+001  0.35242275E+001  0.54006361E+001
  0.30918029E+000  0.33896343E+000  0.44811206E+000  0.59605272E+000  0.77955419E+000  0.86835724E+000  0.11730034E+001  0.17256719E+001  0.23580547E+001  0.35242277E+001  0.54006359E+001
  0.30918013E+000  0.33896342E+000  0.44811189E+000  0.59605241E+000  0.77955464E+000  0.86835718E+000  0.11730034E+001  0.17256725E+001  0.23580546E+001  0.35242278E+001  0.54006357E+001
  0.30917996E+000  0.33896340E+000  0.44811172E+000  0.59605208E+000  0.77955504E+000  0.86835710E+000  0.11730033E+001  0.17256732E+001  0.23580544E+001  0.35242279E+001  0.54006355E+001
  0.30917978E+000  0.33896338E+000  0.44811155E+000  0.59605174E+000  0.77955540E+000  0.86835700E+000  0.11730031E+001  0.17256738E+001  0.23580542E+001  0.35242280E+001  0.54006353E+001
  0.30917960E+000  0.33896335E+000  0.44811138E+000  0.59605138E+000  0.77955570E+000  0.86835688E+000  0.11730030E+001  0.17256745E+001  0.23580540E+001  0.35242281E+001  0.54006351E+001
  0.30917941E+000  0.33896332E+000  0.44811121E+000  0.59605101E+000  0.77955597E+000  0.86835675E+000  0.11730028E+001  0.17256751E+001  0.23580538E+001  0.35242282E+001  0.54006349E+001
  0.30917922E+000  0.33896329E+000  0.44811105E+000  0.59605064E+000  0.77955621E+000  0.86835661E+000  0.11730027E+001  0.17256758E+001  0.23580537E+001  0.35242284E+001  0.54006347E+001
  0.30917903E+000  0.33896325E+000  0.44811089E+000  0.59605026E+000  0.77955641E+000  0.86835647E+000  0.11730025E+001  0.17256765E+001  0.23580535E+001  0.35242285E+001  0.54006345E+001
  0.30917883E+000  0.33896322E+000  0.44811073E+000  0.59604989E+000  0.77955659E+000  0.86835631E+000  0.11730023E+001  0.17256772E+001  0.23580534E+001  0.35242286E+001  0.54006343E+001
  0.30917864E+000  0.33896318E+000  0.44811058E+000  0.59604952E+000  0.77955674E+000  0.86835616E+000  0.11730021E+001  0.17256779E+001  0.23580532E+001  0.35242287E+001  0.54006341E+001
  0.30917846E+000  0.33896315E+000  0.44811043E+000  0.59604915E+000  0.77955687E+000  0.86835600E+000  0.11730019E+001  0.17256786E+001  0.23580531E+001  0.35242289E+001  0.54006339E+001
  0.30917828E+000  0.33896311E+000  0.44811029E+000  0.59604880E+000  0.77955699E+000  0.86835584E+000  0.11730017E+001  0.17256794E+001  0.23580530E+001  0.35242290E+001  0.54006337E+001
  0.30917810E+000  0.33896308E+000  0.44811016E+000  0.59604846E+000  0.77955708E+000  0.86835569E+000  0.11730015E+001  0.17256801E+001  0.23580529E+001  0.35242292E+001  0.54006336E+001
  0.30917793E+000  0.33896305E+000  0.44811003E+000  0.59604813E+000  0.77955717E+000  0.86835554E+000  0.11730013E+001  0.17256808E+001  0.23580528E+001  0.35242293E+001  0.54006334E+001
  0.30917777E+000  0.33896301E+000  0.44810991E+000  0.59604781E+000  0.77955725E+000  0.86835540E+000  0.11730011E+001  0.17256815E+001  0.23580527E+001  0.35242294E+001  0.54006333E+001
  0.30917762E+000  0.33896298E+000  0.44810979E+000  0.59604752E+000  0.77955731E+000  0.86835526E+000  0.11730009E+001  0.17256823E+001  0.23580526E+001  0.35242296E+001  0.54006331E+001
  0.30917748E+000  0.33896295E+000  0.44810968E+000  0.59604724E+000  0.77955737E+000  0.86835513E+000  0.11730007E+001  0.17256830E+001  0.23580526E+001  0.35242297E+001  0.54006330E+001
  0.30917734E+000  0.33896292E+000  0.44810958E+000  0.59604698E+000  0.77955742E+000  0.86835501E+000  0.11730005E+001  0.17256837E+001  0.23580525E+001  0.35242297E+001  0.54006329E+001
  0.30917722E+000  0.33896290E+000  0.44810948E+000  0.59604674E+000  0.77955747E+000  0.86835489E+000  0.11729993E+001  0.17256844E+001  0.23580525E+001  0.35242298E+001  0.54006327E+001
  0.30917710E+000  0.33896287E+000  0.44810939E+000  0.59604651E+000  0.77955751E+000  0.86835478E+000  0.11729992E+001  0.17256851E+001  0.23580524E+001  0.35242298E+001  0.54006326E+001
  0.30917699E+000  0.33896284E+000  0.44810931E+000  0.59604630E+000  0.77955754E+000  0.86835467E+000  0.11729990E+001  0.17256857E+001  0.23580523E+001  0.35242299E+001  0.54006325E+001
  0.30917690E+000  0.33896282E+000  0.44810922E+000  0.59604611E+000  0.77955757E+000  0.86835457E+000  0.11729989E+001  0.17256864E+001  0.23580523E+001  0.35242299E+001  0.54006324E+001
  0.30917680E+000  0.33896279E+000  0.44810914E+000  0.59604593E+000  0.77955760E+000  0.86835447E+000  0.11729988E+001  0.17256870E+001  0.23580522E+001  0.35242298E+001  0.54006323E+001
  0.30917672E+000  0.33896276E+000  0.44810907E+000  0.59604576E+000  0.77955761E+000  0.86835437E+000  0.11729986E+001  0.17256877E+001  0.23580521E+001  0.35242298E+001  0.54006323E+001
  0.30917664E+000  0.33896274E+000  0.44810899E+000  0.59604561E+000  0.77955763E+000  0.86835428E+000  0.11729985E+001  0.17256883E+001  0.23580521E+001  0.35242297E+001  0.54006322E+001
  0.30917656E+000  0.33896271E+000  0.44810892E+000  0.59604546E+000  0.77955763E+000  0.86835418E+000  0.11729984E+001  0.17256888E+001  0.23580520E+001  0.35242297E+001  0.54006321E+001
  0.30917649E+000  0.33896269E+000  0.44810886E+000  0.59604532E+000  0.77955764E+000  0.86835409E+000  0.11729982E+001  0.17256894E+001  0.23580519E+001  0.35242296E+001  0.54006320E+001
  0.30917643E+000  0.33896266E+000  0.44810879E+000  0.59604519E+000  0.77955763E+000  0.86835400E+000  0.11729981E+001  0.17256899E+001  0.23580518E+001  0.35242295E+001  0.54006320E+001
  0.30917636E+000  0.33896264E+000  0.44810873E+000  0.59604507E+000  0.77955762E+000  0.86835391E+000  0.11729980E+001  0.17256904E+001  0.23580518E+001  0.35242294E+001  0.54006319E+001
  0.30917630E+000  0.33896261E+000  0.44810867E+000  0.59604495E+000  0.77955761E+000  0.86835382E+000  0.11728959E+001  0.17256909E+001  0.23580517E+001  0.35242293E+001  0.54006319E+001
  0.30917624E+000  0.33896258E+000  0.44810861E+000  0.59604483E+000  0.77955759E+000  0.86835373E+000  0.11728965E+001  0.17256913E+001  0.23580516E+001  0.35242292E+001  0.54006318E+001
  0.30917618E+000  0.33896256E+000  0.44810855E+000  0.59604472E+000  0.77955757E+000  0.86835364E+000  0.11728970E+001  0.17256918E+001  0.23580515E+001  0.35242291E+001  0.54006318E+001
  0.30917613E+000  0.33896253E+000  0.44810850E+000  0.59604462E+000  0.77955755E+000  0.86835355E+000  0.11728976E+001  0.17256922E+001  0.23580514E+001  0.35242290E+001  0.54006317E+001
  0.30917608E+000  0.33896251E+000  0.44810845E+000  0.59604451E+000  0.77955752E+000  0.86835347E+000  0.11728981E+001  0.17256926E+001  0.23580513E+001  0.35242289E+001  0.54006317E+001
  0.30917603E+000  0.33896248E+000  0.44810840E+000  0.59604441E+000  0.77955749E+000  0.86835339E+000  0.11728986E+001  0.17256929E+001  0.23580512E+001  0.35242288E+001  0.54006317E+001
  0.30917598E+000  0.33896246E+000  0.44810835E+000  0.59604432E+000  0.77955747E+000  0.86835331E+000  0.11728991E+001  0.17256933E+001  0.23580511E+001  0.35242288E+001  0.54006316E+001
  0.30917593E+000  0.33896244E+000  0.44810830E+000  0.59604423E+000  0.77955744E+000  0.86835323E+000  0.11728995E+001  0.17256936E+001  0.23580511E+001  0.35242288E+001  0.54006316E+001
  0.30917588E+000  0.33896241E+000  0.44810826E+000  0.59604414E+000  0.77955741E+000  0.86835316E+000  0.11728999E+001  0.17256939E+001  0.23580510E+001  0.35242287E+001  0.54006316E+001
  0.30917584E+000  0.33896239E+000  0.44810822E+000  0.59604406E+000  0.77955738E+000  0.86835309E+000  0.11729003E+001  0.17256942E+001  0.23580510E+001  0.35242287E+001  0.54006316E+001
  0.30917580E+000  0.33896238E+000  0.44810819E+000  0.59604398E+000  0.77955736E+000  0.86835302E+000  0.11729007E+001  0.17256945E+001  0.23580509E+001  0.35242287E+001  0.54006316E+001
  0.30917576E+000  0.33896236E+000  0.44810815E+000  0.59604390E+000  0.77955734E+000  0.86835296E+000  0.11729011E+001  0.17256948E+001  0.23580509E+001  0.35242288E+001  0.54006316E+001
  0.30917573E+000  0.33896234E+000  0.44810812E+000  0.59604384E+000  0.77955732E+000  0.86835290E+000  0.11729015E+001  0.17256950E+001  0.23580508E+001  0.35242288E+001  0.54006316E+001
  0.30917570E+000  0.33896233E+000  0.44810809E+000  0.59604377E+000  0.77955730E+000  0.86835285E+000  0.11729018E+001  0.17256953E+001  0.23580508E+001  0.35242289E+001  0.54006316E+001
  0.30917567E+000  0.33896232E+000  0.44810807E+000  0.59604371E+000  0.77955729E+000  0.86835281E+000  0.11729022E+001  0.17256955E+001  0.23580508E+001  0.35242290E+001  0.54006316E+001
  0.30917564E+000  0.33896231E+000  0.44810805E+000  0.59604366E+000  0.77955728E+000  0.86835276E+000  0.11729025E+001  0.17256958E+001  0.23580508E+001  0.35242291E+001  0.54006316E+001
  0.30917561E+000  0.33896230E+000  0.44810803E+000  0.59604361E+000  0.77955727E+000  0.86835273E+000  0.11729029E+001  0.17256960E+001  0.23580508E+001  0.35242292E+001  0.54006317E+001
  0.30917559E+000  0.33896229E+000  0.44810801E+000  0.59604357E+000  0.77955727E+000  0.86835270E+000  0.11729032E+001  0.17256962E+001  0.23580508E+001  0.35242294E+001  0.54006317E+001
  0.30917557E+000  0.33896228E+000  0.44810799E+000  0.59604353E+000  0.77955728E+000  0.86835267E+000  0.11729036E+001  0.17256965E+001  0.23580509E+001  0.35242296E+001  0.54006317E+001
  0.30917555E+000  0.33896228E+000  0.44810798E+000  0.59604349E+000  0.77955728E+000  0.86835265E+000  0.11729039E+001  0.17256967E+001  0.23580509E+001  0.35242298E+001  0.54006318E+001
  0.30917554E+000  0.33896228E+000  0.44810797E+000  0.59604346E+000  0.77955729E+000  0.86835263E+000  0.11729042E+001  0.17256970E+001  0.23580509E+001  0.35242300E+001  0.54006318E+001
  0.30917552E+000  0.33896227E+000  0.44810796E+000  0.59604343E+000  0.77955731E+000  0.86835262E+000  0.11729046E+001  0.17256972E+001  0.23580510E+001  0.35242303E+001  0.54006319E+001
  0.30917551E+000  0.33896227E+000  0.44810796E+000  0.59604341E+000  0.77955733E+000  0.86835261E+000  0.11729049E+001  0.17256975E+001  0.23580511E+001  0.35242305E+001  0.54006319E+001
  0.30917550E+000  0.33896227E+000  0.44810795E+000  0.59604339E+000  0.77955735E+000  0.86835260E+000  0.11729053E+001  0.17256977E+001  0.23580511E+001  0.35242308E+001  0.54006320E+001
  0.30917549E+000  0.33896228E+000  0.44810795E+000  0.59604337E+000  0.77955738E+000  0.86835260E+000  0.11729057E+001  0.17256980E+001  0.23580512E+001  0.35242311E+001  0.54006320E+001
  0.30917548E+000  0.33896228E+000  0.44810795E+000  0.59604336E+000  0.77955741E+000  0.86835261E+000  0.11729060E+001  0.17256982E+001  0.23580513E+001  0.35242314E+001  0.54006321E+001
  0.30917548E+000  0.33896228E+000  0.44810795E+000  0.59604335E+000  0.77955745E+000  0.86835261E+000  0.11729064E+001  0.17256985E+001  0.23580514E+001  0.35242318E+001  0.54006322E+001
  0.30917548E+000  0.33896229E+000  0.44810795E+000  0.59604334E+000  0.77955748E+000  0.86835262E+000  0.11729068E+001  0.17256988E+001  0.23580515E+001  0.35242321E+001  0.54006322E+001
  0.30917547E+000  0.33896230E+000  0.44810795E+000  0.59604334E+000  0.77955752E+000  0.86835263E+000  0.11729072E+001  0.17256991E+001  0.23580516E+001  0.35242325E+001  0.54006323E+001
  0.30917547E+000  0.33896230E+000  0.44810795E+000  0.59604334E+000  0.77955757E+000  0.86835265E+000  0.11729076E+001  0.17256994E+001  0.23580517E+001  0.35242329E+001  0.54006324E+001
  0.30917547E+000  0.33896231E+000  0.44810796E+000  0.59604334E+000  0.77955761E+000  0.86835267E+000  0.11729080E+001  0.17256997E+001  0.23580518E+001  0.35242333E+001  0.54006325E+001
  0.30917547E+000  0.33896232E+000  0.44810796E+000  0.59604334E+000  0.77955766E+000  0.86835269E+000  0.11729084E+001  0.17257000E+001  0.23580519E+001  0.35242338E+001  0.54006326E+001
  0.30917548E+000  0.33896233E+000  0.44810797E+000  0.59604334E+000  0.77955771E+000  0.86835271E+000  0.11729088E+001  0.17257003E+001  0.23580521E+001  0.35242342E+001  0.54006326E+001
  0.30917548E+000  0.33896234E+000  0.44810798E+000  0.59604335E+000  0.77955776E+000  0.86835273E+000  0.11729092E+001  0.17257006E+001  0.23580522E+001  0.35242347E+001  0.54006327E+001
  0.30917548E+000  0.33896235E+000  0.44810798E+000  0.59604336E+000  0.77955781E+000  0.86835276E+000  0.11729097E+001  0.17257009E+001  0.23580523E+001  0.35242351E+001  0.54006328E+001
  0.30917549E+000  0.33896236E+000  0.44810799E+000  0.59604336E+000  0.77955787E+000  0.86835278E+000  0.11729101E+001  0.17259044E+001  0.23580525E+001  0.35242356E+001  0.54006329E+001
  0.30917549E+000  0.33896237E+000  0.44810800E+000  0.59604337E+000  0.77955792E+000  0.86835281E+000  0.11729105E+001  0.17259052E+001  0.23580526E+001  0.35242361E+001  0.54006330E+001
  0.30917550E+000  0.33896238E+000  0.44810801E+000  0.59604338E+000  0.77955798E+000  0.86835284E+000  0.11729110E+001  0.17259060E+001  0.23580527E+001  0.35242366E+001  0.54006331E+001
  0.30917550E+000  0.33896239E+000  0.44810802E+000  0.59604339E+000  0.77955804E+000  0.86835287E+000  0.11729114E+001  0.17259067E+001  0.23580529E+001  0.35242371E+001  0.54006332E+001
  0.30917551E+000  0.33896240E+000  0.44810803E+000  0.59604341E+000  0.77955810E+000  0.86835290E+000  0.11729119E+001  0.17259075E+001  0.23580530E+001  0.35242377E+001  0.54006333E+001
  0.30917551E+000  0.33896241E+000  0.44810803E+000  0.59604342E+000  0.77955816E+000  0.86835293E+000  0.11729123E+001  0.17259083E+001  0.23580532E+001  0.35242382E+001  0.54006334E+001
  0.30917552E+000  0.33896242E+000  0.44810804E+000  0.59604343E+000  0.77955822E+000  0.86835296E+000  0.11729128E+001  0.17259091E+001  0.23580533E+001  0.35242388E+001  0.54006335E+001
  0.30917553E+000  0.33896243E+000  0.44810805E+000  0.59604344E+000  0.77955828E+000  0.86835299E+000  0.11729133E+001  0.17259099E+001  0.23580535E+001  0.35242394E+001  0.54006336E+001
  0.30917553E+000  0.33896244E+000  0.44810806E+000  0.59604346E+000  0.77955834E+000  0.86835302E+000  0.11729137E+001  0.17259108E+001  0.23580536E+001  0.35242400E+001  0.54006338E+001
  0.30917554E+000  0.33896245E+000  0.44810807E+000  0.59604347E+000  0.77955839E+000  0.86835306E+000  0.11729142E+001  0.17259116E+001  0.23580538E+001  0.35242406E+001  0.54006339E+001
  0.30917555E+000  0.33896246E+000  0.44810808E+000  0.59604348E+000  0.77955845E+000  0.86835309E+000  0.11729146E+001  0.17259124E+001  0.23580539E+001  0.35242412E+001  0.54006340E+001
  0.30917555E+000  0.33896247E+000  0.44810809E+000  0.59604349E+000  0.77955851E+000  0.86835312E+000  0.11729151E+001  0.17259132E+001  0.23580541E+001  0.35242418E+001  0.54006341E+001
  0.30917556E+000  0.33896248E+000  0.44810809E+000  0.59604351E+000  0.77955857E+000  0.86835315E+000  0.11729156E+001  0.17259140E+001  0.23580542E+001  0.35242424E+001  0.54006342E+001
  0.30917557E+000  0.33896249E+000  0.44810810E+000  0.59604352E+000  0.77955863E+000  0.86835318E+000  0.11729160E+001  0.17259149E+001  0.23580544E+001  0.35242430E+001  0.54006343E+001
  0.30917557E+000  0.33896250E+000  0.44810811E+000  0.59604353E+000  0.77955869E+000  0.86835321E+000  0.11729165E+001  0.17259157E+001  0.23580545E+001  0.35242437E+001  0.54006345E+001
  0.30917558E+000  0.33896251E+000  0.44810812E+000  0.59604354E+000  0.77955874E+000  0.86835324E+000  0.11729169E+001  0.17259165E+001  0.23580547E+001  0.35242443E+001  0.54006346E+001
  0.30917558E+000  0.33896252E+000  0.44810812E+000  0.59604355E+000  0.77955880E+000  0.86835326E+000  0.11729174E+001  0.17259173E+001  0.23580548E+001  0.35242450E+001  0.54006347E+001
  0.30917559E+000  0.33896252E+000  0.44810813E+000  0.59604356E+000  0.77955885E+000  0.86835329E+000  0.11729178E+001  0.17259182E+001  0.23580550E+001  0.35242457E+001  0.54006348E+001
  0.30917559E+000  0.33896253E+000  0.44810813E+000  0.59604357E+000  0.77955891E+000  0.86835332E+000  0.11729183E+001  0.17259190E+001  0.23580551E+001  0.35242463E+001  0.54006350E+001
  0.30917560E+000  0.33896254E+000  0.44810814E+000  0.59604358E+000  0.77955896E+000  0.86835334E+000  0.11729187E+001  0.17259198E+001  0.23580553E+001  0.35242470E+001  0.54006351E+001
  0.30917560E+000  0.33896254E+000  0.44810814E+000  0.59604359E+000  0.77955901E+000  0.86835336E+000  0.11729192E+001  0.17259206E+001  0.23580554E+001  0.35242477E+001  0.54006352E+001
  0.30917561E+000  0.33896255E+000  0.44810815E+000  0.59604360E+000  0.77955906E+000  0.86835339E+000  0.11729196E+001  0.17259214E+001  0.23580555E+001  0.35242484E+001  0.54006354E+001
  0.30917561E+000  0.33896256E+000  0.44810815E+000  0.59604361E+000  0.77955911E+000  0.86835341E+000  0.11729200E+001  0.17259222E+001  0.23580557E+001  0.35242491E+001  0.54006355E+001
  0.30917561E+000  0.33896256E+000  0.44810815E+000  0.59604361E+000  0.77955915E+000  0.86835343E+000  0.11729205E+001  0.17259231E+001  0.23580558E+001  0.35242498E+001  0.54006357E+001
  0.30917562E+000  0.33896257E+000  0.44810816E+000  0.59604362E+000  0.77955920E+000  0.86835345E+000  0.11729209E+001  0.17259239E+001  0.23580560E+001  0.35242505E+001  0.54006358E+001
  0.30917562E+000  0.33896257E+000  0.44810816E+000  0.59604362E+000  0.77955924E+000  0.86835347E+000  0.11729213E+001  0.17259247E+001  0.23580561E+001  0.35242513E+001  0.54006360E+001
  0.30917562E+000  0.33896258E+000  0.44810816E+000  0.59604363E+000  0.77955929E+000  0.86835349E+000  0.11729217E+001  0.17259254E+001  0.23580562E+001  0.35242520E+001  0.54006361E+001
  0.30917562E+000  0.33896258E+000  0.44810816E+000  0.59604363E+000  0.77955933E+000  0.86835350E+000  0.11729221E+001  0.17259262E+001  0.23580564E+001  0.35242527E+001  0.54006363E+001
  0.30917563E+000  0.33896258E+000  0.44810816E+000  0.59604363E+000  0.77955937E+000  0.86835352E+000  0.11729225E+001  0.17259270E+001  0.23580565E+001  0.35242535E+001  0.54006364E+001
  0.30917563E+000  0.33896258E+000  0.44810816E+000  0.59604363E+000  0.77955941E+000  0.86835353E+000  0.11729229E+001  0.17259278E+001  0.23580566E+001  0.35242542E+001  0.54006366E+001
  0.30917563E+000  0.33896259E+000  0.44810816E+000  0.59604364E+000  0.77955945E+000  0.86835355E+000  0.11729233E+001  0.17259285E+001  0.23580568E+001  0.35242549E+001  0.54006367E+001
  0.30917563E+000  0.33896259E+000  0.44810816E+000  0.59604364E+000  0.77955948E+000  0.86835356E+000  0.11729237E+001  0.17259293E+001  0.23580569E+001  0.35242557E+001  0.54006369E+001
  0.30917563E+000  0.33896259E+000  0.44810816E+000  0.59604364E+000  0.77955952E+000  0.86835357E+000  0.11729240E+001  0.17259301E+001  0.23580570E+001  0.35242564E+001  0.54006371E+001
  0.30917563E+000  0.33896259E+000  0.44810816E+000  0.59604364E+000  0.77955955E+000  0.86835358E+000  0.11729244E+001  0.17259308E+001  0.23580571E+001  0.35242572E+001  0.54006372E+001
  0.30917563E+000  0.33896259E+000  0.44810816E+000  0.59604364E+000  0.77955959E+000  0.86835359E+000  0.11729248E+001  0.17259315E+001  0.23580573E+001  0.35242580E+001  0.54006374E+001
  0.30917563E+000  0.33896259E+000  0.44810816E+000  0.59604363E+000  0.77955962E+000  0.86835360E+000  0.11729251E+001  0.17259323E+001  0.23580574E+001  0.35242587E+001  0.54006376E+001
  0.30917562E+000  0.33896259E+000  0.44810816E+000  0.59604363E+000  0.77955965E+000  0.86835361E+000  0.11729255E+001  0.17259330E+001  0.23580575E+001  0.35242595E+001  0.54006378E+001
  0.30917562E+000  0.33896260E+000  0.44810815E+000  0.59604363E+000  0.77955968E+000  0.86835362E+000  0.11729258E+001  0.17259337E+001  0.23580576E+001  0.35242602E+001  0.54006379E+001
  0.30917562E+000  0.33896260E+000  0.44810815E+000  0.59604363E+000  0.77955971E+000  0.86835362E+000  0.11729262E+001  0.17259344E+001  0.23580578E+001  0.35242610E+001  0.54006381E+001
  0.30917562E+000  0.33896260E+000  0.44810815E+000  0.59604362E+000  0.77955973E+000  0.86835363E+000  0.11729265E+001  0.17259351E+001  0.23580579E+001  0.35242618E+001  0.54006383E+001
  0.30917562E+000  0.33896259E+000  0.44810815E+000  0.59604362E+000  0.77955976E+000  0.86835364E+000  0.11729269E+001  0.17259358E+001  0.23580580E+001  0.35242625E+001  0.54006385E+001
  0.30917562E+000  0.33896259E+000  0.44810815E+000  0.59604362E+000  0.77955979E+000  0.86835364E+000  0.11729272E+001  0.17259364E+001  0.23580581E+001  0.35242633E+001  0.54006387E+001
  0.30917561E+000  0.33896259E+000  0.44810815E+000  0.59604361E+000  0.77955981E+000  0.86835365E+000  0.11729275E+001  0.17259371E+001  0.23580583E+001  0.35242641E+001  0.54006389E+001
  0.30917561E+000  0.33896259E+000  0.44810814E+000  0.59604361E+000  0.77955983E+000  0.86835366E+000  0.11729278E+001  0.17259378E+001  0.23580584E+001  0.35242649E+001  0.54006391E+001
  0.30917561E+000  0.33896259E+000  0.44810814E+000  0.59604360E+000  0.77955986E+000  0.86835366E+000  0.11729281E+001  0.17259384E+001  0.23580585E+001  0.35242656E+001  0.54006393E+001
  0.30917561E+000  0.33896259E+000  0.44810814E+000  0.59604360E+000  0.77955988E+000  0.86835367E+000  0.11729284E+001  0.17259390E+001  0.23580587E+001  0.35242664E+001  0.54006395E+001
  0.30917560E+000  0.33896259E+000  0.44810814E+000  0.59604359E+000  0.77955990E+000  0.86835367E+000  0.11729287E+001  0.17259397E+001  0.23580588E+001  0.35242672E+001  0.54006397E+001
  0.30917560E+000  0.33896259E+000  0.44810814E+000  0.59604359E+000  0.77955992E+000  0.86835368E+000  0.11729290E+001  0.17259403E+001  0.23580589E+001  0.35242680E+001  0.54006399E+001
  0.30917560E+000  0.33896259E+000  0.44810814E+000  0.59604358E+000  0.77955994E+000  0.86835369E+000  0.11729293E+001  0.17259409E+001  0.23580591E+001  0.35242688E+001  0.54006401E+001
  0.30917560E+000  0.33896259E+000  0.44810814E+000  0.59604358E+000  0.77955996E+000  0.86835369E+000  0.11729296E+001  0.17259415E+001  0.23580592E+001  0.35242695E+001  0.54006404E+001
  0.30917559E+000  0.33896259E+000  0.44810814E+000  0.59604357E+000  0.77955998E+000  0.86835370E+000  0.11729299E+001  0.17259421E+001  0.23580594E+001  0.35242703E+001  0.54006406E+001
  0.30917559E+000  0.33896259E+000  0.44810814E+000  0.59604357E+000  0.77956000E+000  0.86835371E+000  0.11729301E+001  0.17259427E+001  0.23580596E+001  0.35242711E+001  0.54006408E+001
  0.30917559E+000  0.33896259E+000  0.44810814E+000  0.59604356E+000  0.77956002E+000  0.86835372E+000  0.11729304E+001  0.17259433E+001  0.23580597E+001  0.35242719E+001  0.54006411E+001
  0.30917559E+000  0.33896259E+000  0.44810814E+000  0.59604356E+000  0.77956004E+000  0.86835373E+000  0.11729307E+001  0.17259439E+001  0.23580599E+001  0.35242728E+001  0.54006413E+001
  0.30917559E+000  0.33896259E+000  0.44810814E+000  0.59604355E+000  0.77956006E+000  0.86835375E+000  0.11729309E+001  0.17259444E+001  0.23580601E+001  0.35242736E+001  0.54006416E+001
  0.30917558E+000  0.33896259E+000  0.44810814E+000  0.59604355E+000  0.77956007E+000  0.86835376E+000  0.11729312E+001  0.17259450E+001  0.23580603E+001  0.35242995E+001  0.54006419E+001
  0.30917558E+000  0.33896259E+000  0.44810815E+000  0.59604355E+000  0.77956009E+000  0.86835378E+000  0.11729315E+001  0.17259455E+001  0.23580606E+001  0.35243255E+001  0.54006422E+001
  0.30917558E+000  0.33896259E+000  0.44810815E+000  0.59604354E+000  0.77956011E+000  0.86835379E+000  0.11729317E+001  0.17259461E+001  0.23580608E+001  0.35243511E+001  0.54006424E+001
  0.30917558E+000  0.33896259E+000  0.44810815E+000  0.59604354E+000  0.77956013E+000  0.86835382E+000  0.11729320E+001  0.17259466E+001  0.23580611E+001  0.35243765E+001  0.54006427E+001
  0.30917558E+000  0.33896259E+000  0.44810816E+000  0.59604354E+000  0.77956014E+000  0.86835384E+000  0.11729322E+001  0.17259472E+001  0.23580614E+001  0.35244016E+001  0.54006431E+001
  0.30917557E+000  0.33896259E+000  0.44810816E+000  0.59604353E+000  0.77956016E+000  0.86835387E+000  0.11729325E+001  0.17259477E+001  0.23580617E+001  0.35244263E+001  0.54006434E+001
  0.30917557E+000  0.33896259E+000  0.44810817E+000  0.59604353E+000  0.77956018E+000  0.86835390E+000  0.11729327E+001  0.17259483E+001  0.23580621E+001  0.35244507E+001  0.54006437E+001
  0.30917557E+000  0.33896259E+000  0.44810818E+000  0.59604353E+000  0.77956020E+000  0.86835393E+000  0.11729330E+001  0.17259488E+001  0.23580624E+001  0.35244747E+001  0.54006441E+001
  0.30917557E+000  0.33896259E+000  0.44810818E+000  0.59604352E+000  0.77956021E+000  0.86835397E+000  0.11729332E+001  0.17259493E+001  0.23580629E+001  0.35244984E+001  0.54006445E+001
  0.30917557E+000  0.33896259E+000  0.44810819E+000  0.59604352E+000  0.77956023E+000  0.86835402E+000  0.11729335E+001  0.17259499E+001  0.23580634E+001  0.35245217E+001  0.54006449E+001
  0.30917557E+000  0.33896259E+000  0.44810820E+000  0.59604352E+000  0.77956025E+000  0.86835407E+000  0.11729338E+001  0.17259504E+001  0.23580639E+001  0.35245445E+001  0.54006453E+001
  0.30917557E+000  0.33896259E+000  0.44810821E+000  0.59604352E+000  0.77956027E+000  0.86835413E+000  0.11729340E+001  0.17259510E+001  0.23580645E+001  0.35245670E+001  0.54006457E+001
  0.30917556E+000  0.33896260E+000  0.44810823E+000  0.59604351E+000  0.77956029E+000  0.86835419E+000  0.11729343E+001  0.17259516E+001  0.23580652E+001  0.35245890E+001  0.54006462E+001
  0.30917556E+000  0.33896260E+000  0.44810824E+000  0.59604351E+000  0.77956031E+000  0.86835427E+000  0.11729346E+001  0.17259522E+001  0.23580659E+001  0.35246107E+001  0.54006467E+001
  0.30917556E+000  0.33896260E+000  0.44810825E+000  0.59604351E+000  0.77956033E+000  0.86835435E+000  0.11729349E+001  0.17259528E+001  0.23580668E+001  0.35246318E+001  0.54006473E+001
  0.30917556E+000  0.33896260E+000  0.44810827E+000  0.59604351E+000  0.77956035E+000  0.86835445E+000  0.11729352E+001  0.17259534E+001  0.23580677E+001  0.35246525E+001  0.54006478E+001
  0.30917556E+000  0.33896261E+000  0.44810829E+000  0.59604351E+000  0.77956037E+000  0.86835456E+000  0.11729355E+001  0.17259541E+001  0.23580688E+001  0.35246727E+001  0.54006485E+001
  0.30917556E+000  0.33896261E+000  0.44810830E+000  0.59604351E+000  0.77956040E+000  0.86835469E+000  0.11729359E+001  0.17259548E+001  0.23580700E+001  0.35246924E+001  0.54006491E+001
  0.30917556E+000  0.33896261E+000  0.44810833E+000  0.59604351E+000  0.77956042E+000  0.86835484E+000  0.11729362E+001  0.17259555E+001  0.23580714E+001  0.35247115E+001  0.54006498E+001
  0.30917556E+000  0.33896262E+000  0.44810835E+000  0.59604350E+000  0.77956045E+000  0.86835500E+000  0.11729366E+001  0.17259563E+001  0.23580729E+001  0.35247301E+001  0.54006506E+001
  0.30917556E+000  0.33896262E+000  0.44810838E+000  0.59604350E+000  0.77956048E+000  0.86835519E+000  0.11729370E+001  0.17259572E+001  0.23580747E+001  0.35247482E+001  0.54006514E+001
  0.30917556E+000  0.33896263E+000  0.44810841E+000  0.59604350E+000  0.77956052E+000  0.86835541E+000  0.11729375E+001  0.17260850E+001  0.23580767E+001  0.35247656E+001  0.54006523E+001
  0.30917556E+000  0.33896265E+000  0.44810845E+000  0.59604350E+000  0.77956056E+000  0.86835566E+000  0.11729380E+001  0.17261103E+001  0.23580790E+001  0.35247824E+001  0.54006533E+001
  0.30917556E+000  0.33896267E+000  0.44810850E+000  0.59604350E+000  0.77956061E+000  0.86835594E+000  0.11729386E+001  0.17261283E+001  0.23580974E+001  0.35247986E+001  0.54006543E+001
  0.30917556E+000  0.33896271E+000  0.44810857E+000  0.59604350E+000  0.77956066E+000  0.86835628E+000  0.11729393E+001  0.17261382E+001  0.23580999E+001  0.35252819E+001  0.54006555E+001
  0.30917556E+000  0.33896276E+000  0.44810866E+000  0.59604350E+000  0.77956073E+000  0.86835667E+000  0.11729400E+001  0.17261390E+001  0.23581029E+001  0.35253062E+001  0.54006567E+001
  0.30917556E+000  0.33896284E+000  0.44810880E+000  0.59604350E+000  0.77956082E+000  0.86835713E+000  0.11729409E+001  0.17261296E+001  0.23581062E+001  0.35253293E+001  0.54006581E+001
  0.30917556E+000  0.33896298E+000  0.44810901E+000  0.59604350E+000  0.77956092E+000  0.86835767E+000  0.11729419E+001  0.17261083E+001  0.23581101E+001  0.35253512E+001  0.54006596E+001
  0.30917556E+000  0.33896321E+000  0.44810935E+000  0.59604350E+000  0.77956105E+000  0.86835835E+000  0.11729431E+001  0.17260439E+001  0.23581145E+001  0.35253719E+001  0.54006613E+001
  0.30917555E+000  0.33896357E+000  0.44807234E+000  0.59604349E+000  0.77956123E+000  0.86835917E+000  0.11729448E+001  0.17259733E+001  0.23581196E+001  0.35253913E+001  0.54006631E+001
  0.30917554E+000  0.33896416E+000  0.44807316E+000  0.59604346E+000  0.77956157E+000  0.86836042E+000  0.11729468E+001  0.17259769E+001  0.23581256E+001  0.35254092E+001  0.54006652E+001
  0.30917553E+000  0.33896507E+000  0.44807453E+000  0.59604344E+000  0.77956219E+000  0.86836203E+000  0.11729501E+001  0.17259808E+001  0.23581328E+001  0.35254259E+001  0.54006673E+001
  0.30917561E+000  0.33896658E+000  0.44807640E+000  0.59604359E+000  0.77956380E+000  0.86836517E+000  0.11729539E+001  0.17259860E+001  0.23581416E+001  0.35254394E+001  0.54006694E+001
  0.30917563E+000  0.33896837E+000  0.44808032E+000  0.59604363E+000  0.77956540E+000  0.86836745E+000  0.11729624E+001  0.17259898E+001  0.23581518E+001  0.35254639E+001  0.54006695E+001
  0.30917525E+000  0.33897245E+000  0.44812163E+000  0.59604291E+000  0.77958412E+000  0.86842300E+000  0.11730333E+001  0.17259990E+001  0.23581692E+001  0.35254662E+001  0.54006704E+001
