 -0.86061505E+000 -0.71419507E+000 -0.34402679E+000 -0.10753133E-001  0.25196834E-001  0.10672595E+001  0.81094639E+001  0.43449398E+002  0.79490320E+002  0.21963295E+003  0.43290761E+003
 -0.86062285E+000 -0.71429847E+000 -0.34609907E+000 -0.11552754E-001  0.25190838E-001  0.10618899E+001  0.81053595E+001  0.43445913E+002  0.79480695E+002  0.21963205E+003  0.43290466E+003
 -0.86062813E+000 -0.71437641E+000 -0.34762785E+000 -0.11840023E-001  0.25188124E-001  0.10579366E+001  0.81021271E+001  0.43443054E+002  0.79473105E+002  0.21963178E+003  0.43290387E+003
 -0.86063163E+000 -0.71443477E+000 -0.34876035E+000 -0.12016523E-001  0.25186591E-001  0.10550211E+001  0.80995672E+001  0.43440730E+002  0.79467245E+002  0.21963177E+003  0.43290386E+003
 -0.86063392E+000 -0.71447654E+000 -0.34959806E+000 -0.12132310E-001  0.25185681E-001  0.10528601E+001  0.80975480E+001  0.43438827E+002  0.79462736E+002  0.21963187E+003  0.43290415E+003
 -0.86063537E+000 -0.71450576E+000 -0.35021097E+000 -0.12205763E-001  0.25185294E-001  0.10512619E+001  0.80961111E+001  0.43437259E+002  0.79459267E+002  0.21963200E+003  0.43290454E+003
 -0.86063623E+000 -0.71452544E+000 -0.35064951E+000 -0.12247969E-001  0.25185365E-001  0.10500947E+001  0.80955830E+001  0.43435972E+002  0.79456600E+002  0.21963212E+003  0.43290495E+003
 -0.86063667E+000 -0.71453787E+000 -0.35095083E+000 -0.12266231E-001  0.25185665E-001  0.10492648E+001  0.80951690E+001  0.43434918E+002  0.79454560E+002  0.21963224E+003  0.43290532E+003
 -0.86063682E+000 -0.71454482E+000 -0.35114327E+000 -0.12265815E-001  0.25186057E-001  0.10487025E+001  0.80948498E+001  0.43434053E+002  0.79453014E+002  0.21963235E+003  0.43290565E+003
 -0.86063676E+000 -0.71454759E+000 -0.35124881E+000 -0.12250744E-001  0.25186467E-001  0.10484157E+001  0.80946099E+001  0.43433344E+002  0.79451860E+002  0.21963244E+003  0.43290594E+003
 -0.86063655E+000 -0.71454718E+000 -0.35128498E+000 -0.12224278E-001  0.25186864E-001  0.10483641E+001  0.80944360E+001  0.43432765E+002  0.79451021E+002  0.21963252E+003  0.43290618E+003
 -0.86063623E+000 -0.71454441E+000 -0.35126569E+000 -0.12189041E-001  0.25187241E-001  0.10483535E+001  0.80943171E+001  0.43432295E+002  0.79450435E+002  0.21963258E+003  0.43290639E+003
 -0.86063583E+000 -0.71453987E+000 -0.35120213E+000 -0.12147191E-001  0.25187599E-001  0.10483764E+001  0.80942441E+001  0.43431914E+002  0.79450053E+002  0.21963264E+003  0.43290657E+003
 -0.86063538E+000 -0.71453402E+000 -0.35110339E+000 -0.12100504E-001  0.25187943E-001  0.10484263E+001  0.80942090E+001  0.43431610E+002  0.79449836E+002  0.21963268E+003  0.43290672E+003
 -0.86063489E+000 -0.71452722E+000 -0.35097682E+000 -0.12050427E-001  0.25188278E-001  0.10486334E+001  0.80942052E+001  0.43431369E+002  0.79449754E+002  0.21963272E+003  0.43290684E+003
 -0.86063439E+000 -0.71451974E+000 -0.35082849E+000 -0.11998146E-001  0.25188605E-001  0.10489349E+001  0.80942272E+001  0.43431182E+002  0.79449780E+002  0.21963275E+003  0.43290694E+003
 -0.86063387E+000 -0.71451179E+000 -0.35066332E+000 -0.11944607E-001  0.25188928E-001  0.10492832E+001  0.80942704E+001  0.43431039E+002  0.79449895E+002  0.21963278E+003  0.43290703E+003
 -0.86063334E+000 -0.71450353E+000 -0.35048534E+000 -0.11890559E-001  0.25189246E-001  0.10496681E+001  0.80943310E+001  0.43430935E+002  0.79450081E+002  0.21963280E+003  0.43290711E+003
 -0.86063282E+000 -0.71449507E+000 -0.35029781E+000 -0.11836584E-001  0.25189559E-001  0.10500813E+001  0.80944059E+001  0.43430864E+002  0.79450324E+002  0.21963282E+003  0.43290717E+003
 -0.86063229E+000 -0.71448650E+000 -0.35010346E+000 -0.11783136E-001  0.25189867E-001  0.10505160E+001  0.80944927E+001  0.43430820E+002  0.79450615E+002  0.21963283E+003  0.43290722E+003
 -0.86063177E+000 -0.71447791E+000 -0.34990448E+000 -0.11730559E-001  0.25190169E-001  0.10509665E+001  0.80945894E+001  0.43430799E+002  0.79450942E+002  0.21963285E+003  0.43290726E+003
 -0.86063126E+000 -0.71446934E+000 -0.34970273E+000 -0.11679128E-001  0.25190465E-001  0.10514280E+001  0.80946944E+001  0.43430799E+002  0.79451299E+002  0.21963286E+003  0.43290730E+003
 -0.86063075E+000 -0.71446082E+000 -0.34949971E+000 -0.11629043E-001  0.25190754E-001  0.10518967E+001  0.80948065E+001  0.43430817E+002  0.79451679E+002  0.21963287E+003  0.43290733E+003
 -0.86063026E+000 -0.71445240E+000 -0.34929665E+000 -0.11580452E-001  0.25191036E-001  0.10523694E+001  0.80949247E+001  0.43430849E+002  0.79452076E+002  0.21963287E+003  0.43290735E+003
 -0.86062977E+000 -0.71444408E+000 -0.34909457E+000 -0.11533462E-001  0.25191311E-001  0.10528437E+001  0.80950482E+001  0.43430895E+002  0.79452486E+002  0.21963288E+003  0.43290737E+003
 -0.86062929E+000 -0.71443588E+000 -0.34889430E+000 -0.11488149E-001  0.25191577E-001  0.10533176E+001  0.80951764E+001  0.43430951E+002  0.79452905E+002  0.21963289E+003  0.43290739E+003
 -0.86062881E+000 -0.71442781E+000 -0.34869652E+000 -0.11444565E-001  0.25191835E-001  0.10537894E+001  0.80953087E+001  0.43431018E+002  0.79453330E+002  0.21963289E+003  0.43290741E+003
 -0.86062835E+000 -0.71441987E+000 -0.34850177E+000 -0.11402741E-001  0.25192085E-001  0.10542580E+001  0.80954447E+001  0.43431094E+002  0.79453758E+002  0.21963290E+003  0.43290742E+003
 -0.86062789E+000 -0.71441207E+000 -0.34831047E+000 -0.11362694E-001  0.25192327E-001  0.10547223E+001  0.80955840E+001  0.43431177E+002  0.79454186E+002  0.21963290E+003  0.43290743E+003
 -0.86062745E+000 -0.71440440E+000 -0.34812296E+000 -0.11324423E-001  0.25192559E-001  0.10551816E+001  0.80957261E+001  0.43431268E+002  0.79454613E+002  0.21963290E+003  0.43290744E+003
 -0.86062700E+000 -0.71439686E+000 -0.34793949E+000 -0.11287919E-001  0.25192784E-001  0.10556355E+001  0.80958708E+001  0.43431365E+002  0.79455038E+002  0.21963290E+003  0.43290744E+003
 -0.86062657E+000 -0.71438945E+000 -0.34776027E+000 -0.11253172E-001  0.25192999E-001  0.10560836E+001  0.80960175E+001  0.43431467E+002  0.79455458E+002  0.21963291E+003  0.43290745E+003
 -0.86062615E+000 -0.71438216E+000 -0.34758541E+000 -0.11220147E-001  0.25193207E-001  0.10565254E+001  0.80961660E+001  0.43431576E+002  0.79455873E+002  0.21963291E+003  0.43290746E+003
 -0.86062573E+000 -0.71437499E+000 -0.34741501E+000 -0.11188814E-001  0.25193406E-001  0.10569609E+001  0.80964350E+001  0.43431689E+002  0.79456282E+002  0.21963291E+003  0.43290746E+003
 -0.86062531E+000 -0.71436793E+000 -0.34724912E+000 -0.11159139E-001  0.25193596E-001  0.10573898E+001  0.80967985E+001  0.43431808E+002  0.79456685E+002  0.21963291E+003  0.43290746E+003
 -0.86062490E+000 -0.71436098E+000 -0.34708777E+000 -0.11131083E-001  0.25193779E-001  0.10578120E+001  0.80971631E+001  0.43431932E+002  0.79457080E+002  0.21963291E+003  0.43290747E+003
 -0.86062450E+000 -0.71435413E+000 -0.34693100E+000 -0.11104600E-001  0.25193954E-001  0.10582272E+001  0.80975277E+001  0.43432062E+002  0.79457468E+002  0.21963291E+003  0.43290747E+003
 -0.86062410E+000 -0.71434739E+000 -0.34677879E+000 -0.11079643E-001  0.25194121E-001  0.10586353E+001  0.80978913E+001  0.43432196E+002  0.79457848E+002  0.21963291E+003  0.43290747E+003
 -0.86062371E+000 -0.71434076E+000 -0.34663113E+000 -0.11056159E-001  0.25194280E-001  0.10590360E+001  0.80982532E+001  0.43432336E+002  0.79458220E+002  0.21963291E+003  0.43290747E+003
 -0.86062333E+000 -0.71433423E+000 -0.34648801E+000 -0.11034094E-001  0.25194432E-001  0.10594290E+001  0.80986123E+001  0.43432482E+002  0.79458585E+002  0.21963291E+003  0.43290747E+003
 -0.86062295E+000 -0.71432780E+000 -0.34634942E+000 -0.11013390E-001  0.25194577E-001  0.10598142E+001  0.80989681E+001  0.43432634E+002  0.79458942E+002  0.21963291E+003  0.43290747E+003
 -0.86062257E+000 -0.71432148E+000 -0.34621534E+000 -0.10993986E-001  0.25194715E-001  0.10601912E+001  0.80993199E+001  0.43432792E+002  0.79459291E+002  0.21963291E+003  0.43290748E+003
 -0.86062221E+000 -0.71431527E+000 -0.34608575E+000 -0.10975822E-001  0.25194847E-001  0.10605596E+001  0.80996672E+001  0.43432957E+002  0.79459633E+002  0.21963291E+003  0.43290748E+003
 -0.86062184E+000 -0.71430918E+000 -0.34596066E+000 -0.10958836E-001  0.25194972E-001  0.10609192E+001  0.81000097E+001  0.43433130E+002  0.79459969E+002  0.21963291E+003  0.43290748E+003
 -0.86062149E+000 -0.71430320E+000 -0.34584004E+000 -0.10942967E-001  0.25195091E-001  0.10612695E+001  0.81003470E+001  0.43433309E+002  0.79460297E+002  0.21963291E+003  0.43290748E+003
 -0.86062114E+000 -0.71429734E+000 -0.34572391E+000 -0.10928155E-001  0.25195205E-001  0.10616101E+001  0.81006790E+001  0.43433497E+002  0.79460620E+002  0.21963291E+003  0.43290748E+003
 -0.86062079E+000 -0.71429162E+000 -0.34561226E+000 -0.10914340E-001  0.25195313E-001  0.10619407E+001  0.81010054E+001  0.43433692E+002  0.79460936E+002  0.21963291E+003  0.43290748E+003
 -0.86062046E+000 -0.71428603E+000 -0.34550510E+000 -0.10901467E-001  0.25195415E-001  0.10622609E+001  0.81013263E+001  0.43433896E+002  0.79461248E+002  0.21963292E+003  0.43290748E+003
 -0.86062013E+000 -0.71428058E+000 -0.34540244E+000 -0.10889482E-001  0.25195513E-001  0.10625702E+001  0.81016414E+001  0.43434108E+002  0.79461554E+002  0.21963292E+003  0.43290748E+003
 -0.86061981E+000 -0.71427529E+000 -0.34530426E+000 -0.10878331E-001  0.25195605E-001  0.10628684E+001  0.81019507E+001  0.43434328E+002  0.79461856E+002  0.21963292E+003  0.43290749E+003
 -0.86061950E+000 -0.71427015E+000 -0.34521058E+000 -0.10867967E-001  0.25195693E-001  0.10631552E+001  0.81022542E+001  0.43434556E+002  0.79462155E+002  0.21963292E+003  0.43290749E+003
 -0.86061920E+000 -0.71426517E+000 -0.34512138E+000 -0.10858344E-001  0.25195777E-001  0.10634303E+001  0.81025517E+001  0.43434792E+002  0.79462450E+002  0.21963292E+003  0.43290749E+003
 -0.86061891E+000 -0.71426037E+000 -0.34503663E+000 -0.10849417E-001  0.25195856E-001  0.10636935E+001  0.81028432E+001  0.43435035E+002  0.79462742E+002  0.21963292E+003  0.43290749E+003
 -0.86061863E+000 -0.71425575E+000 -0.34495632E+000 -0.10841145E-001  0.25195931E-001  0.10639445E+001  0.81031284E+001  0.43435286E+002  0.79463032E+002  0.21963292E+003  0.43290749E+003
 -0.86061836E+000 -0.71425131E+000 -0.34488040E+000 -0.10833489E-001  0.25196003E-001  0.10641834E+001  0.81034074E+001  0.43435543E+002  0.79463322E+002  0.21963292E+003  0.43290749E+003
 -0.86061811E+000 -0.71424705E+000 -0.34480881E+000 -0.10826415E-001  0.25196071E-001  0.10644099E+001  0.81036799E+001  0.43435805E+002  0.79463610E+002  0.21963292E+003  0.43290749E+003
 -0.86061786E+000 -0.71424299E+000 -0.34474150E+000 -0.10819885E-001  0.25196136E-001  0.10646243E+001  0.81039458E+001  0.43436072E+002  0.79463899E+002  0.21963292E+003  0.43290749E+003
 -0.86061763E+000 -0.71423912E+000 -0.34467837E+000 -0.10813868E-001  0.25196198E-001  0.10648265E+001  0.81042049E+001  0.43436343E+002  0.79464188E+002  0.21963292E+003  0.43290749E+003
 -0.86061741E+000 -0.71423545E+000 -0.34461935E+000 -0.10808331E-001  0.25196257E-001  0.10650166E+001  0.81044571E+001  0.43436617E+002  0.79464479E+002  0.21963292E+003  0.43290750E+003
 -0.86061720E+000 -0.71423197E+000 -0.34456431E+000 -0.10803243E-001  0.25196313E-001  0.10651949E+001  0.81047023E+001  0.43436894E+002  0.79464774E+002  0.21963292E+003  0.43290750E+003
 -0.86061700E+000 -0.71422869E+000 -0.34451314E+000 -0.10798576E-001  0.25196366E-001  0.10653617E+001  0.81049403E+001  0.43437172E+002  0.79465072E+002  0.21963292E+003  0.43290750E+003
 -0.86061682E+000 -0.71422561E+000 -0.34446570E+000 -0.10794299E-001  0.25196417E-001  0.10655172E+001  0.81051711E+001  0.43437450E+002  0.79465374E+002  0.21963292E+003  0.43290750E+003
 -0.86061664E+000 -0.71422272E+000 -0.34442185E+000 -0.10790387E-001  0.25196466E-001  0.10656618E+001  0.81053946E+001  0.43437729E+002  0.79465682E+002  0.21963292E+003  0.43290750E+003
 -0.86061648E+000 -0.71422002E+000 -0.34438143E+000 -0.10786811E-001  0.25196513E-001  0.10657960E+001  0.81056108E+001  0.43438008E+002  0.79465997E+002  0.21963292E+003  0.43290750E+003
 -0.86061634E+000 -0.71421751E+000 -0.34434427E+000 -0.10783547E-001  0.25196558E-001  0.10659202E+001  0.81058195E+001  0.43438286E+002  0.79466320E+002  0.21963292E+003  0.43290750E+003
 -0.86061620E+000 -0.71421517E+000 -0.34431021E+000 -0.10780569E-001  0.25196601E-001  0.10660349E+001  0.81060209E+001  0.43438563E+002  0.79466650E+002  0.21963292E+003  0.43290751E+003
 -0.86061607E+000 -0.71421301E+000 -0.34427907E+000 -0.10777855E-001  0.25196642E-001  0.10661406E+001  0.81062149E+001  0.43438838E+002  0.79466990E+002  0.21963292E+003  0.43290751E+003
 -0.86061596E+000 -0.71421102E+000 -0.34425068E+000 -0.10775381E-001  0.25196682E-001  0.10662378E+001  0.81064016E+001  0.43439112E+002  0.79467339E+002  0.21963292E+003  0.43290751E+003
 -0.86061585E+000 -0.71420918E+000 -0.34422485E+000 -0.10773128E-001  0.25196721E-001  0.10663271E+001  0.81065810E+001  0.43439384E+002  0.79467698E+002  0.21963292E+003  0.43290751E+003
 -0.86061575E+000 -0.71420749E+000 -0.34420141E+000 -0.10771075E-001  0.25196758E-001  0.10664091E+001  0.81067533E+001  0.43439655E+002  0.79468068E+002  0.21963292E+003  0.43290751E+003
 -0.86061566E+000 -0.71420595E+000 -0.34418018E+000 -0.10769204E-001  0.25196793E-001  0.10664843E+001  0.81069186E+001  0.43439924E+002  0.79468448E+002  0.21963292E+003  0.43290751E+003
 -0.86061558E+000 -0.71420455E+000 -0.34416099E+000 -0.10767498E-001  0.25196828E-001  0.10665532E+001  0.81070769E+001  0.43440192E+002  0.79468840E+002  0.21963292E+003  0.43290752E+003
 -0.86061551E+000 -0.71420327E+000 -0.34414367E+000 -0.10765941E-001  0.25196861E-001  0.10666165E+001  0.81072285E+001  0.43440458E+002  0.79469242E+002  0.21963292E+003  0.43290752E+003
 -0.86061544E+000 -0.71420210E+000 -0.34412808E+000 -0.10764519E-001  0.25196894E-001  0.10666746E+001  0.81073736E+001  0.43440722E+002  0.79469655E+002  0.21963292E+003  0.43290752E+003
 -0.86061538E+000 -0.71420105E+000 -0.34411404E+000 -0.10763219E-001  0.25196925E-001  0.10667281E+001  0.81075123E+001  0.43440986E+002  0.79470080E+002  0.21963292E+003  0.43290752E+003
 -0.86061533E+000 -0.71420010E+000 -0.34410142E+000 -0.10762027E-001  0.25196955E-001  0.10667774E+001  0.81076448E+001  0.43441249E+002  0.79470515E+002  0.21963292E+003  0.43290752E+003
 -0.86061528E+000 -0.71419924E+000 -0.34409009E+000 -0.10760934E-001  0.25196984E-001  0.10668229E+001  0.81077715E+001  0.43441511E+002  0.79470960E+002  0.21963292E+003  0.43290752E+003
 -0.86061524E+000 -0.71419846E+000 -0.34407991E+000 -0.10759928E-001  0.25197013E-001  0.10668653E+001  0.81078925E+001  0.43441773E+002  0.79471416E+002  0.21963292E+003  0.43290753E+003
 -0.86061520E+000 -0.71419776E+000 -0.34407076E+000 -0.10759000E-001  0.25197040E-001  0.10669048E+001  0.81080082E+001  0.43442035E+002  0.79471881E+002  0.21963292E+003  0.43290753E+003
 -0.86061516E+000 -0.71419713E+000 -0.34406253E+000 -0.10758142E-001  0.25197066E-001  0.10669418E+001  0.81081188E+001  0.43442297E+002  0.79472357E+002  0.21963292E+003  0.43290753E+003
 -0.86061513E+000 -0.71419656E+000 -0.34405513E+000 -0.10757345E-001  0.25197092E-001  0.10669767E+001  0.81082246E+001  0.43442559E+002  0.79472841E+002  0.21963292E+003  0.43290753E+003
 -0.86061510E+000 -0.71419605E+000 -0.34404844E+000 -0.10756603E-001  0.25197117E-001  0.10670099E+001  0.81083260E+001  0.43442823E+002  0.79473335E+002  0.21963292E+003  0.43290754E+003
 -0.86061507E+000 -0.71419559E+000 -0.34404239E+000 -0.10755908E-001  0.25197140E-001  0.10670416E+001  0.81084232E+001  0.43443088E+002  0.79473838E+002  0.21963292E+003  0.43290754E+003
 -0.86061504E+000 -0.71419518E+000 -0.34403690E+000 -0.10755254E-001  0.25197163E-001  0.10670721E+001  0.81085167E+001  0.43443354E+002  0.79474350E+002  0.21963293E+003  0.43290754E+003
 -0.86061502E+000 -0.71419480E+000 -0.34403189E+000 -0.10754637E-001  0.25197185E-001  0.10671016E+001  0.81086067E+001  0.43443622E+002  0.79474871E+002  0.21963293E+003  0.43290754E+003
 -0.86061500E+000 -0.71419446E+000 -0.34402730E+000 -0.10754050E-001  0.25197206E-001  0.10671305E+001  0.81086935E+001  0.43443892E+002  0.79475400E+002  0.21963293E+003  0.43290755E+003
 -0.86061498E+000 -0.71419414E+000 -0.34402307E+000 -0.10753490E-001  0.25197226E-001  0.10671588E+001  0.81087776E+001  0.43444165E+002  0.79475939E+002  0.21963293E+003  0.43290755E+003
 -0.86061496E+000 -0.71419386E+000 -0.34401914E+000 -0.10752953E-001  0.25197246E-001  0.10671868E+001  0.81088592E+001  0.43444441E+002  0.79476486E+002  0.21963293E+003  0.43290755E+003
 -0.86061495E+000 -0.71419359E+000 -0.34401547E+000 -0.10752435E-001  0.25197264E-001  0.10672146E+001  0.81089386E+001  0.43444719E+002  0.79477043E+002  0.21963293E+003  0.43290755E+003
 -0.86061493E+000 -0.71419335E+000 -0.34401202E+000 -0.10751933E-001  0.25197282E-001  0.10672423E+001  0.81090161E+001  0.43445001E+002  0.79477609E+002  0.21963293E+003  0.43290756E+003
 -0.86061491E+000 -0.71419312E+000 -0.34400875E+000 -0.10751444E-001  0.25197299E-001  0.10672701E+001  0.81090921E+001  0.43445286E+002  0.79478184E+002  0.21963293E+003  0.43290756E+003
 -0.86061490E+000 -0.71419291E+000 -0.34400563E+000 -0.10750967E-001  0.25197316E-001  0.10672981E+001  0.81091667E+001  0.43445575E+002  0.79478770E+002  0.21963293E+003  0.43290756E+003
 -0.86061489E+000 -0.71419271E+000 -0.34400264E+000 -0.10750498E-001  0.25197332E-001  0.10673263E+001  0.81092401E+001  0.43445867E+002  0.79479366E+002  0.21963293E+003  0.43290757E+003
 -0.86061487E+000 -0.71419252E+000 -0.34399974E+000 -0.10750038E-001  0.25197347E-001  0.10673548E+001  0.81093127E+001  0.43446163E+002  0.79479972E+002  0.21963293E+003  0.43290757E+003
 -0.86061486E+000 -0.71419234E+000 -0.34399693E+000 -0.10749584E-001  0.25197361E-001  0.10673836E+001  0.81093846E+001  0.43446463E+002  0.79480589E+002  0.21963293E+003  0.43290757E+003
 -0.86061485E+000 -0.71419217E+000 -0.34399419E+000 -0.10749135E-001  0.25197375E-001  0.10674129E+001  0.81094559E+001  0.43446766E+002  0.79481217E+002  0.21963293E+003  0.43290758E+003
 -0.86061484E+000 -0.71419201E+000 -0.34399151E+000 -0.10748690E-001  0.25197388E-001  0.10674426E+001  0.81095269E+001  0.43447073E+002  0.79481856E+002  0.21963293E+003  0.43290758E+003
 -0.86061483E+000 -0.71419185E+000 -0.34398886E+000 -0.10748250E-001  0.25197400E-001  0.10674728E+001  0.81095976E+001  0.43447384E+002  0.79482508E+002  0.21963293E+003  0.43290758E+003
 -0.86061482E+000 -0.71419169E+000 -0.34398625E+000 -0.10747813E-001  0.25197412E-001  0.10675034E+001  0.81096681E+001  0.43447697E+002  0.79483170E+002  0.21963293E+003  0.43290759E+003
 -0.86061481E+000 -0.71419155E+000 -0.34398367E+000 -0.10747379E-001  0.25197424E-001  0.10675346E+001  0.81097385E+001  0.43448015E+002  0.79483845E+002  0.21963293E+003  0.43290759E+003
 -0.86061480E+000 -0.71419140E+000 -0.34398112E+000 -0.10746948E-001  0.25197435E-001  0.10675662E+001  0.81098089E+001  0.43448335E+002  0.79484532E+002  0.21963294E+003  0.43290759E+003
 -0.86061479E+000 -0.71419126E+000 -0.34397859E+000 -0.10746520E-001  0.25197445E-001  0.10675983E+001  0.81098793E+001  0.43448658E+002  0.79485231E+002  0.21963294E+003  0.43290760E+003
 -0.86061478E+000 -0.71419112E+000 -0.34397608E+000 -0.10746095E-001  0.25197455E-001  0.10676308E+001  0.81099498E+001  0.43448984E+002  0.79485942E+002  0.21963294E+003  0.43290760E+003
 -0.86061477E+000 -0.71419099E+000 -0.34397359E+000 -0.10745673E-001  0.25197465E-001  0.10676638E+001  0.81100204E+001  0.43449313E+002  0.79486665E+002  0.21963294E+003  0.43290761E+003
 -0.86061476E+000 -0.71419086E+000 -0.34397111E+000 -0.10745254E-001  0.25197474E-001  0.10676971E+001  0.81100911E+001  0.43449643E+002  0.79487399E+002  0.21963294E+003  0.43290761E+003
 -0.86061475E+000 -0.71419073E+000 -0.34396866E+000 -0.10744839E-001  0.25197483E-001  0.10677308E+001  0.81101619E+001  0.43449976E+002  0.79488145E+002  0.21963294E+003  0.43290761E+003
 -0.86061474E+000 -0.71419060E+000 -0.34396624E+000 -0.10744429E-001  0.25197491E-001  0.10677649E+001  0.81102328E+001  0.43450310E+002  0.79488903E+002  0.21963294E+003  0.43290762E+003
 -0.86061474E+000 -0.71419048E+000 -0.34396383E+000 -0.10744022E-001  0.25197499E-001  0.10677992E+001  0.81103039E+001  0.43450646E+002  0.79489671E+002  0.21963294E+003  0.43290762E+003
 -0.86061473E+000 -0.71419036E+000 -0.34396146E+000 -0.10743621E-001  0.25197506E-001  0.10678337E+001  0.81103751E+001  0.43450983E+002  0.79490450E+002  0.21963294E+003  0.43290763E+003
 -0.86061472E+000 -0.71419025E+000 -0.34395912E+000 -0.10743224E-001  0.25197514E-001  0.10678684E+001  0.81104463E+001  0.43451321E+002  0.79491240E+002  0.21963294E+003  0.43290763E+003
 -0.86061472E+000 -0.71419013E+000 -0.34395680E+000 -0.10742834E-001  0.25197521E-001  0.10679033E+001  0.81105177E+001  0.43451660E+002  0.79492039E+002  0.21963295E+003  0.43290764E+003
 -0.86061471E+000 -0.71419002E+000 -0.34395453E+000 -0.10742449E-001  0.25197527E-001  0.10679381E+001  0.81105891E+001  0.43451999E+002  0.79492848E+002  0.21963295E+003  0.43290764E+003
 -0.86061470E+000 -0.71418991E+000 -0.34395229E+000 -0.10742071E-001  0.25197534E-001  0.10679730E+001  0.81106605E+001  0.43452339E+002  0.79493666E+002  0.21963295E+003  0.43290765E+003
 -0.86061470E+000 -0.71418981E+000 -0.34395009E+000 -0.10741700E-001  0.25197540E-001  0.10680078E+001  0.81107320E+001  0.43452678E+002  0.79494492E+002  0.21963295E+003  0.43290765E+003
 -0.86061469E+000 -0.71418971E+000 -0.34394794E+000 -0.10741336E-001  0.25197546E-001  0.10680425E+001  0.81108035E+001  0.43453017E+002  0.79495326E+002  0.21963295E+003  0.43290766E+003
 -0.86061468E+000 -0.71418961E+000 -0.34394584E+000 -0.10740979E-001  0.25197551E-001  0.10680769E+001  0.81108749E+001  0.43453356E+002  0.79496167E+002  0.21963295E+003  0.43290767E+003
 -0.86061468E+000 -0.71418951E+000 -0.34394378E+000 -0.10740631E-001  0.25197556E-001  0.10681111E+001  0.81109463E+001  0.43453693E+002  0.79497015E+002  0.21963295E+003  0.43290767E+003
 -0.86061467E+000 -0.71418942E+000 -0.34394177E+000 -0.10740291E-001  0.25197561E-001  0.10681449E+001  0.81110177E+001  0.43454030E+002  0.79497870E+002  0.21963295E+003  0.43290768E+003
 -0.86061467E+000 -0.71418933E+000 -0.34393982E+000 -0.10739959E-001  0.25197566E-001  0.10681784E+001  0.81110889E+001  0.43454365E+002  0.79498729E+002  0.21963296E+003  0.43290768E+003
 -0.86061466E+000 -0.71418925E+000 -0.34393792E+000 -0.10739636E-001  0.25197571E-001  0.10682114E+001  0.81111600E+001  0.43454699E+002  0.79499594E+002  0.21963296E+003  0.43290769E+003
 -0.86061466E+000 -0.71418916E+000 -0.34393607E+000 -0.10739322E-001  0.25197575E-001  0.10682439E+001  0.81112309E+001  0.43455032E+002  0.79500463E+002  0.21963296E+003  0.43290770E+003
 -0.86061465E+000 -0.71418908E+000 -0.34393428E+000 -0.10739018E-001  0.25197579E-001  0.10682758E+001  0.81113016E+001  0.43455363E+002  0.79501336E+002  0.21963296E+003  0.43290770E+003
 -0.86061465E+000 -0.71418901E+000 -0.34393255E+000 -0.10738722E-001  0.25197583E-001  0.10683071E+001  0.81113722E+001  0.43455691E+002  0.79502211E+002  0.21963296E+003  0.43290771E+003
 -0.86061465E+000 -0.71418893E+000 -0.34393088E+000 -0.10738436E-001  0.25197587E-001  0.10683377E+001  0.81114424E+001  0.43456018E+002  0.79503090E+002  0.21963296E+003  0.43290772E+003
 -0.86061464E+000 -0.71418886E+000 -0.34392926E+000 -0.10738159E-001  0.25197591E-001  0.10683677E+001  0.81115123E+001  0.43456342E+002  0.79503970E+002  0.21963296E+003  0.43290773E+003
 -0.86061464E+000 -0.71418879E+000 -0.34392771E+000 -0.10737892E-001  0.25197594E-001  0.10683968E+001  0.81115819E+001  0.43456664E+002  0.79504851E+002  0.21963297E+003  0.43290773E+003
 -0.86061464E+000 -0.71418873E+000 -0.34392621E+000 -0.10737635E-001  0.25197597E-001  0.10684252E+001  0.81116511E+001  0.43456984E+002  0.79505733E+002  0.21963297E+003  0.43290774E+003
 -0.86061463E+000 -0.71418867E+000 -0.34392477E+000 -0.10737387E-001  0.25197600E-001  0.10684528E+001  0.81117198E+001  0.43457301E+002  0.79506614E+002  0.21963297E+003  0.43290775E+003
 -0.86061463E+000 -0.71418861E+000 -0.34392338E+000 -0.10737148E-001  0.25197603E-001  0.10684795E+001  0.81117880E+001  0.43457615E+002  0.79507496E+002  0.21963297E+003  0.43290776E+003
 -0.86061463E+000 -0.71418855E+000 -0.34392206E+000 -0.10736919E-001  0.25197606E-001  0.10685053E+001  0.81118557E+001  0.43457926E+002  0.79508375E+002  0.21963297E+003  0.43290777E+003
 -0.86061462E+000 -0.71418850E+000 -0.34392079E+000 -0.10736699E-001  0.25197608E-001  0.10685303E+001  0.81119227E+001  0.43458234E+002  0.79509254E+002  0.21963297E+003  0.43290778E+003
 -0.86061462E+000 -0.71418844E+000 -0.34391958E+000 -0.10736489E-001  0.25197611E-001  0.10685543E+001  0.81119891E+001  0.43458539E+002  0.79510129E+002  0.21963298E+003  0.43290778E+003
 -0.86061462E+000 -0.71418840E+000 -0.34391842E+000 -0.10736288E-001  0.25197613E-001  0.10685775E+001  0.81120548E+001  0.43458842E+002  0.79511002E+002  0.21963298E+003  0.43290779E+003
 -0.86061462E+000 -0.71418835E+000 -0.34391732E+000 -0.10736096E-001  0.25197615E-001  0.10685997E+001  0.81121196E+001  0.43459140E+002  0.79511871E+002  0.21963298E+003  0.43290780E+003
 -0.86061461E+000 -0.71418831E+000 -0.34391627E+000 -0.10735912E-001  0.25197617E-001  0.10686210E+001  0.81121837E+001  0.43459436E+002  0.79512736E+002  0.21963298E+003  0.43290781E+003
 -0.86061461E+000 -0.71418826E+000 -0.34391528E+000 -0.10735738E-001  0.25197619E-001  0.10686414E+001  0.81122468E+001  0.43459729E+002  0.79513597E+002  0.21963298E+003  0.43290782E+003
 -0.86061461E+000 -0.71418823E+000 -0.34391433E+000 -0.10735572E-001  0.25197620E-001  0.10686609E+001  0.81123090E+001  0.43460018E+002  0.79514453E+002  0.21963298E+003  0.43290783E+003
 -0.86061461E+000 -0.71418819E+000 -0.34391344E+000 -0.10735414E-001  0.25197622E-001  0.10686795E+001  0.81123701E+001  0.43460303E+002  0.79515303E+002  0.21963299E+003  0.43290784E+003
 -0.86061461E+000 -0.71418815E+000 -0.34391259E+000 -0.10735265E-001  0.25197623E-001  0.10686973E+001  0.81124301E+001  0.43460585E+002  0.79516147E+002  0.21963299E+003  0.43290785E+003
 -0.86061460E+000 -0.71418812E+000 -0.34391179E+000 -0.10735124E-001  0.25197625E-001  0.10687141E+001  0.81124891E+001  0.43460864E+002  0.79516985E+002  0.21963299E+003  0.43290786E+003
 -0.86061460E+000 -0.71418809E+000 -0.34391104E+000 -0.10734990E-001  0.25197626E-001  0.10687301E+001  0.81125468E+001  0.43461139E+002  0.79517816E+002  0.21963299E+003  0.43290787E+003
 -0.86061460E+000 -0.71418806E+000 -0.34391033E+000 -0.10734864E-001  0.25197627E-001  0.10687453E+001  0.81126033E+001  0.43461410E+002  0.79518640E+002  0.21963299E+003  0.43290788E+003
 -0.86061460E+000 -0.71418804E+000 -0.34390967E+000 -0.10734745E-001  0.25197627E-001  0.10687597E+001  0.81126585E+001  0.43461677E+002  0.79519457E+002  0.21963299E+003  0.43290790E+003
 -0.86061460E+000 -0.71418801E+000 -0.34390905E+000 -0.10734633E-001  0.25197628E-001  0.10687733E+001  0.81127123E+001  0.43461941E+002  0.79520265E+002  0.21963300E+003  0.43290791E+003
 -0.86061460E+000 -0.71418799E+000 -0.34390847E+000 -0.10734529E-001  0.25197629E-001  0.10687861E+001  0.81127648E+001  0.43462201E+002  0.79521065E+002  0.21963300E+003  0.43290792E+003
 -0.86061460E+000 -0.71418797E+000 -0.34390794E+000 -0.10734431E-001  0.25197629E-001  0.10687981E+001  0.81128159E+001  0.43462457E+002  0.79521857E+002  0.21963300E+003  0.43290793E+003
 -0.86061460E+000 -0.71418795E+000 -0.34390744E+000 -0.10734339E-001  0.25197629E-001  0.10688094E+001  0.81128655E+001  0.43462709E+002  0.79522639E+002  0.21963300E+003  0.43290794E+003
 -0.86061460E+000 -0.71418794E+000 -0.34390698E+000 -0.10734254E-001  0.25197629E-001  0.10688200E+001  0.81129137E+001  0.43462957E+002  0.79523412E+002  0.21963300E+003  0.43290795E+003
 -0.86061460E+000 -0.71418792E+000 -0.34390656E+000 -0.10734175E-001  0.25197629E-001  0.10688300E+001  0.81129603E+001  0.43463201E+002  0.79524176E+002  0.21963301E+003  0.43290797E+003
 -0.86061459E+000 -0.71418791E+000 -0.34390617E+000 -0.10734103E-001  0.25197629E-001  0.10688393E+001  0.81130055E+001  0.43463440E+002  0.79524930E+002  0.21963301E+003  0.43290798E+003
 -0.86061459E+000 -0.71418790E+000 -0.34390582E+000 -0.10734036E-001  0.25197629E-001  0.10688479E+001  0.81130490E+001  0.43463676E+002  0.79525674E+002  0.21963301E+003  0.43290799E+003
 -0.86061459E+000 -0.71418789E+000 -0.34390551E+000 -0.10733975E-001  0.25197628E-001  0.10688560E+001  0.81130911E+001  0.43463907E+002  0.79526408E+002  0.21963301E+003  0.43290800E+003
 -0.86061459E+000 -0.71418788E+000 -0.34390523E+000 -0.10733919E-001  0.25197627E-001  0.10688634E+001  0.81131315E+001  0.43464134E+002  0.79527132E+002  0.21963301E+003  0.43290802E+003
 -0.86061459E+000 -0.71418788E+000 -0.34390498E+000 -0.10733869E-001  0.25197626E-001  0.10688703E+001  0.81131704E+001  0.43464356E+002  0.79527844E+002  0.21963302E+003  0.43290803E+003
 -0.86061459E+000 -0.71418788E+000 -0.34390477E+000 -0.10733824E-001  0.25197625E-001  0.10688766E+001  0.81132077E+001  0.43464574E+002  0.79528546E+002  0.21963302E+003  0.43290804E+003
 -0.86061459E+000 -0.71418787E+000 -0.34390460E+000 -0.10733785E-001  0.25197624E-001  0.10688824E+001  0.81132435E+001  0.43464787E+002  0.79529237E+002  0.21963302E+003  0.43290805E+003
 -0.86061459E+000 -0.71418787E+000 -0.34390445E+000 -0.10733751E-001  0.25197622E-001  0.10688876E+001  0.81132776E+001  0.43464996E+002  0.79529916E+002  0.21963302E+003  0.43290807E+003
 -0.86061459E+000 -0.71418788E+000 -0.34390435E+000 -0.10733723E-001  0.25197620E-001  0.10688923E+001  0.81133102E+001  0.43465200E+002  0.79530584E+002  0.21963302E+003  0.43290808E+003
 -0.86061460E+000 -0.71418788E+000 -0.34390427E+000 -0.10733700E-001  0.25197618E-001  0.10688966E+001  0.81133413E+001  0.43465399E+002  0.79531240E+002  0.21963302E+003  0.43290809E+003
 -0.86061460E+000 -0.71418789E+000 -0.34390423E+000 -0.10733682E-001  0.25197616E-001  0.10689003E+001  0.81133707E+001  0.43465593E+002  0.79531884E+002  0.21963303E+003  0.43290810E+003
 -0.86061460E+000 -0.71418790E+000 -0.34390423E+000 -0.10733669E-001  0.25197613E-001  0.10689035E+001  0.81133987E+001  0.43465782E+002  0.79532517E+002  0.21963303E+003  0.43290812E+003
 -0.86061460E+000 -0.71418791E+000 -0.34390426E+000 -0.10733663E-001  0.25197610E-001  0.10689063E+001  0.81134251E+001  0.43465966E+002  0.79533137E+002  0.21963303E+003  0.43290813E+003
 -0.86061460E+000 -0.71418792E+000 -0.34390434E+000 -0.10733661E-001  0.25197607E-001  0.10689085E+001  0.81134499E+001  0.43466145E+002  0.79533745E+002  0.21963303E+003  0.43290814E+003
 -0.86061460E+000 -0.71418794E+000 -0.34390445E+000 -0.10733666E-001  0.25197604E-001  0.10689103E+001  0.81134733E+001  0.43466318E+002  0.79534340E+002  0.21963303E+003  0.43290816E+003
 -0.86061460E+000 -0.71418796E+000 -0.34390459E+000 -0.10733676E-001  0.25197600E-001  0.10689116E+001  0.81134951E+001  0.43466487E+002  0.79534923E+002  0.21963303E+003  0.43290817E+003
 -0.86061460E+000 -0.71418798E+000 -0.34390479E+000 -0.10733693E-001  0.25197595E-001  0.10689124E+001  0.81135154E+001  0.43466650E+002  0.79535493E+002  0.21963304E+003  0.43290818E+003
 -0.86061460E+000 -0.71418800E+000 -0.34390502E+000 -0.10733716E-001  0.25197590E-001  0.10689127E+001  0.81135342E+001  0.43466808E+002  0.79536050E+002  0.21963304E+003  0.43290819E+003
 -0.86061461E+000 -0.71418803E+000 -0.34390530E+000 -0.10733747E-001  0.25197585E-001  0.10689124E+001  0.81135515E+001  0.43466960E+002  0.79536593E+002  0.21963304E+003  0.43290821E+003
 -0.86061461E+000 -0.71418806E+000 -0.34390563E+000 -0.10733784E-001  0.25197579E-001  0.10689116E+001  0.81135672E+001  0.43467106E+002  0.79537123E+002  0.21963304E+003  0.43290822E+003
 -0.86061461E+000 -0.71418809E+000 -0.34390601E+000 -0.10733829E-001  0.25197573E-001  0.10689103E+001  0.81135814E+001  0.43467246E+002  0.79537640E+002  0.21963304E+003  0.43290823E+003
 -0.86061461E+000 -0.71418813E+000 -0.34390644E+000 -0.10733881E-001  0.25197566E-001  0.10689083E+001  0.81135941E+001  0.43467381E+002  0.79538142E+002  0.21963304E+003  0.43290825E+003
 -0.86061462E+000 -0.71418817E+000 -0.34390693E+000 -0.10733943E-001  0.25197559E-001  0.10689057E+001  0.81136051E+001  0.43467510E+002  0.79538630E+002  0.21963305E+003  0.43290826E+003
 -0.86061462E+000 -0.71418821E+000 -0.34390748E+000 -0.10734013E-001  0.25197551E-001  0.10689024E+001  0.81136145E+001  0.43467632E+002  0.79539104E+002  0.21963305E+003  0.43290827E+003
 -0.86061462E+000 -0.71418826E+000 -0.34390809E+000 -0.10734093E-001  0.25197543E-001  0.10688984E+001  0.81136222E+001  0.43467749E+002  0.79539563E+002  0.21963305E+003  0.43290828E+003
 -0.86061463E+000 -0.71418832E+000 -0.34390877E+000 -0.10734183E-001  0.25197533E-001  0.10688937E+001  0.81136282E+001  0.43467858E+002  0.79540006E+002  0.21963305E+003  0.43290830E+003
 -0.86061463E+000 -0.71418837E+000 -0.34390951E+000 -0.10734284E-001  0.25197524E-001  0.10688881E+001  0.81136323E+001  0.43467961E+002  0.79540434E+002  0.21963305E+003  0.43290831E+003
 -0.86061463E+000 -0.71418844E+000 -0.34391034E+000 -0.10734396E-001  0.25197513E-001  0.10688817E+001  0.81136346E+001  0.43468057E+002  0.79540845E+002  0.21963305E+003  0.43290832E+003
 -0.86061464E+000 -0.71418851E+000 -0.34391124E+000 -0.10734521E-001  0.25197502E-001  0.10688743E+001  0.81136348E+001  0.43468146E+002  0.79541240E+002  0.21963305E+003  0.43290833E+003
 -0.86061464E+000 -0.71418858E+000 -0.34391223E+000 -0.10734659E-001  0.25197489E-001  0.10688659E+001  0.81136329E+001  0.43468227E+002  0.79541617E+002  0.21963306E+003  0.43290834E+003
 -0.86061465E+000 -0.71418866E+000 -0.34391331E+000 -0.10734811E-001  0.25197476E-001  0.10688565E+001  0.81136287E+001  0.43468300E+002  0.79541976E+002  0.21963306E+003  0.43290835E+003
 -0.86061465E+000 -0.71418874E+000 -0.34391448E+000 -0.10734978E-001  0.25197463E-001  0.10688459E+001  0.81136221E+001  0.43468364E+002  0.79542316E+002  0.21963306E+003  0.43290837E+003
 -0.86061466E+000 -0.71418884E+000 -0.34391576E+000 -0.10735161E-001  0.25197448E-001  0.10688340E+001  0.81136129E+001  0.43468419E+002  0.79542635E+002  0.21963306E+003  0.43290838E+003
 -0.86061467E+000 -0.71418893E+000 -0.34391714E+000 -0.10735361E-001  0.25197433E-001  0.10688208E+001  0.81136009E+001  0.43468465E+002  0.79542934E+002  0.21963306E+003  0.43290839E+003
 -0.86061467E+000 -0.71418904E+000 -0.34391863E+000 -0.10735579E-001  0.25197416E-001  0.10688062E+001  0.81135858E+001  0.43468500E+002  0.79543209E+002  0.21963306E+003  0.43290840E+003
 -0.86061468E+000 -0.71418915E+000 -0.34392025E+000 -0.10735816E-001  0.25197399E-001  0.10687900E+001  0.81135673E+001  0.43468524E+002  0.79543460E+002  0.21963306E+003  0.43290841E+003
 -0.86061469E+000 -0.71418927E+000 -0.34392199E+000 -0.10736074E-001  0.25197381E-001  0.10687721E+001  0.81135452E+001  0.43468536E+002  0.79543685E+002  0.21963306E+003  0.43290842E+003
 -0.86061470E+000 -0.71418940E+000 -0.34392388E+000 -0.10736354E-001  0.25197362E-001  0.10687524E+001  0.81135191E+001  0.43468534E+002  0.79543882E+002  0.21963306E+003  0.43290843E+003
 -0.86061471E+000 -0.71418954E+000 -0.34392593E+000 -0.10736659E-001  0.25197342E-001  0.10687308E+001  0.81134886E+001  0.43468518E+002  0.79544048E+002  0.21963307E+003  0.43290844E+003
 -0.86061472E+000 -0.71418969E+000 -0.34392817E+000 -0.10736990E-001  0.25197321E-001  0.10687071E+001  0.81134532E+001  0.43468486E+002  0.79544180E+002  0.21963307E+003  0.43290845E+003
 -0.86061473E+000 -0.71418985E+000 -0.34393062E+000 -0.10737352E-001  0.25197299E-001  0.10686811E+001  0.81134124E+001  0.43468436E+002  0.79544275E+002  0.21963307E+003  0.43290846E+003
 -0.86061474E+000 -0.71419003E+000 -0.34393333E+000 -0.10737750E-001  0.25197276E-001  0.10686526E+001  0.81133655E+001  0.43468366E+002  0.79544330E+002  0.21963307E+003  0.43290847E+003
 -0.86061475E+000 -0.71419022E+000 -0.34393639E+000 -0.10738189E-001  0.25197252E-001  0.10686213E+001  0.81133118E+001  0.43468275E+002  0.79544340E+002  0.21963307E+003  0.43290848E+003
 -0.86061476E+000 -0.71419045E+000 -0.34393992E+000 -0.10738680E-001  0.25197227E-001  0.10685867E+001  0.81132504E+001  0.43468159E+002  0.79544299E+002  0.21963307E+003  0.43290849E+003
 -0.86061478E+000 -0.71419071E+000 -0.34394414E+000 -0.10739241E-001  0.25197201E-001  0.10685483E+001  0.81131803E+001  0.43468017E+002  0.79544203E+002  0.21963307E+003  0.43290849E+003
 -0.86061480E+000 -0.71419103E+000 -0.34394945E+000 -0.10739907E-001  0.25197173E-001  0.10685050E+001  0.81130997E+001  0.43467845E+002  0.79544044E+002  0.21963307E+003  0.43290850E+003
 -0.86061482E+000 -0.71419146E+000 -0.34395654E+000 -0.10740746E-001  0.25197143E-001  0.10684552E+001  0.81130072E+001  0.43467639E+002  0.79543815E+002  0.21963307E+003  0.43290851E+003
 -0.86061485E+000 -0.71419207E+000 -0.34396687E+000 -0.10741949E-001  0.25197110E-001  0.10683946E+001  0.81128992E+001  0.43467392E+002  0.79543503E+002  0.21963307E+003  0.43290852E+003
 -0.86061490E+000 -0.71419293E+000 -0.34398177E+000 -0.10743717E-001  0.25197073E-001  0.10683209E+001  0.81127751E+001  0.43467106E+002  0.79543106E+002  0.21963307E+003  0.43290852E+003
 -0.86061496E+000 -0.71419426E+000 -0.34400563E+000 -0.10746547E-001  0.25197028E-001  0.10682192E+001  0.81126262E+001  0.43466763E+002  0.79542594E+002  0.21963307E+003  0.43290853E+003
 -0.86061506E+000 -0.71419608E+000 -0.34403672E+000 -0.10750136E-001  0.25196980E-001  0.10681054E+001  0.81124648E+001  0.43466384E+002  0.79542003E+002  0.21963307E+003  0.43290854E+003
