 -0.93401742E+000 -0.83813383E+000 -0.56492699E+000 -0.20764928E+000 -0.57295680E-002  0.84681032E-003  0.95404910E+000  0.45945677E+001  0.89465163E+001  0.16278867E+002  0.22291896E+002
 -0.93495799E+000 -0.83935951E+000 -0.56717539E+000 -0.21072913E+000 -0.61578355E-002  0.59277162E-003  0.94989578E+000  0.45885627E+001  0.89382306E+001  0.16267735E+002  0.22281086E+002
 -0.93555281E+000 -0.84023867E+000 -0.56884299E+000 -0.21294080E+000 -0.62192844E-002  0.54870435E-003  0.94682771E+000  0.45837783E+001  0.89316206E+001  0.16258977E+002  0.22272559E+002
 -0.93591484E+000 -0.84086033E+000 -0.57008169E+000 -0.21453496E+000 -0.62111404E-002  0.57276882E-003  0.94455761E+000  0.45799346E+001  0.89262808E+001  0.16251975E+002  0.22265757E+002
 -0.93613790E+000 -0.84128688E+000 -0.57099385E+000 -0.21567840E+000 -0.61817277E-002  0.60774217E-003  0.94287132E+000  0.45768521E+001  0.89219296E+001  0.16246318E+002  0.22260276E+002
 -0.93626842E+000 -0.84156752E+000 -0.57165768E+000 -0.21648368E+000 -0.61434935E-002  0.64196847E-003  0.94162158E+000  0.45744038E+001  0.89183718E+001  0.16241729E+002  0.22255822E+002
 -0.93633776E+000 -0.84173951E+000 -0.57212837E+000 -0.21703048E+000 -0.61019165E-002  0.67257708E-003  0.94070566E+000  0.45724826E+001  0.89154652E+001  0.16238012E+002  0.22252176E+002
 -0.93636667E+000 -0.84183109E+000 -0.57244691E+000 -0.21737683E+000 -0.60611608E-002  0.69818280E-003  0.94005030E+000  0.45710002E+001  0.89131032E+001  0.16235006E+002  0.22249190E+002
 -0.93636887E+000 -0.84186396E+000 -0.57264497E+000 -0.21756656E+000 -0.60238129E-002  0.71896494E-003  0.93960082E+000  0.45698806E+001  0.89112024E+001  0.16232586E+002  0.22246746E+002
 -0.93635368E+000 -0.84185404E+000 -0.57274782E+000 -0.21763294E+000 -0.59903625E-002  0.73583199E-003  0.93931604E+000  0.45690588E+001  0.89096954E+001  0.16230650E+002  0.22244753E+002
 -0.93632431E+000 -0.84181346E+000 -0.57277521E+000 -0.21760268E+000 -0.59611632E-002  0.74941693E-003  0.93916392E+000  0.45684805E+001  0.89085258E+001  0.16229120E+002  0.22243135E+002
 -0.93628438E+000 -0.84175138E+000 -0.57274291E+000 -0.21749652E+000 -0.59357417E-002  0.76052655E-003  0.93911908E+000  0.45681005E+001  0.89076459E+001  0.16227929E+002  0.22241837E+002
 -0.93623749E+000 -0.84167443E+000 -0.57266360E+000 -0.21733092E+000 -0.59136980E-002  0.76969834E-003  0.93916111E+000  0.45678832E+001  0.89070147E+001  0.16227026E+002  0.22240810E+002
 -0.93618588E+000 -0.84158756E+000 -0.57254754E+000 -0.21711905E+000 -0.58946211E-002  0.77733290E-003  0.93927350E+000  0.45677994E+001  0.89065967E+001  0.16226367E+002  0.22240012E+002
 -0.93613114E+000 -0.84149435E+000 -0.57240301E+000 -0.21687148E+000 -0.58780928E-002  0.78376004E-003  0.93944286E+000  0.45678250E+001  0.89063608E+001  0.16225917E+002  0.22239409E+002
 -0.93607442E+000 -0.84139748E+000 -0.57223675E+000 -0.21659677E+000 -0.58637357E-002  0.78926857E-003  0.93965817E+000  0.45679407E+001  0.89062797E+001  0.16225646E+002  0.22238972E+002
 -0.93601655E+000 -0.84129885E+000 -0.57205422E+000 -0.21630186E+000 -0.58510729E-002  0.79409398E-003  0.93991036E+000  0.45681312E+001  0.89063300E+001  0.16225531E+002  0.22238678E+002
 -0.93595818E+000 -0.84119974E+000 -0.57185981E+000 -0.21599239E+000 -0.58398765E-002  0.79834045E-003  0.94019199E+000  0.45683840E+001  0.89064913E+001  0.16225549E+002  0.22238507E+002
 -0.93589975E+000 -0.84110110E+000 -0.57165704E+000 -0.21567296E+000 -0.58299434E-002  0.80209983E-003  0.94049690E+000  0.45686894E+001  0.89067460E+001  0.16225685E+002  0.22238444E+002
 -0.93584155E+000 -0.84100359E+000 -0.57144878E+000 -0.21534731E+000 -0.58211049E-002  0.80544610E-003  0.94081993E+000  0.45690390E+001  0.89070790E+001  0.16225925E+002  0.22238476E+002
 -0.93578379E+000 -0.84090767E+000 -0.57123730E+000 -0.21501853E+000 -0.58132079E-002  0.80844497E-003  0.94115682E+000  0.45694262E+001  0.89074776E+001  0.16226257E+002  0.22238590E+002
 -0.93572665E+000 -0.84081363E+000 -0.57102447E+000 -0.21468922E+000 -0.58061416E-002  0.81114130E-003  0.94150393E+000  0.45698450E+001  0.89079308E+001  0.16226671E+002  0.22238779E+002
 -0.93567025E+000 -0.84072167E+000 -0.57081178E+000 -0.21436152E+000 -0.57997964E-002  0.81357927E-003  0.94185827E+000  0.45702906E+001  0.89084296E+001  0.16227159E+002  0.22239035E+002
 -0.93561467E+000 -0.84063187E+000 -0.57060038E+000 -0.21403722E+000 -0.57940809E-002  0.81579451E-003  0.94221733E+000  0.45707587E+001  0.89089664E+001  0.16227713E+002  0.22239352E+002
 -0.93555997E+000 -0.84054428E+000 -0.57039120E+000 -0.21371784E+000 -0.57889183E-002  0.81781612E-003  0.94257901E+000  0.45712454E+001  0.89095350E+001  0.16228329E+002  0.22239724E+002
 -0.93550620E+000 -0.84045888E+000 -0.57018495E+000 -0.21340462E+000 -0.57842419E-002  0.81966883E-003  0.94294158E+000  0.45717474E+001  0.89101305E+001  0.16229000E+002  0.22240149E+002
 -0.93545340E+000 -0.84037564E+000 -0.56998218E+000 -0.21309863E+000 -0.57799957E-002  0.82137283E-003  0.94330360E+000  0.45722618E+001  0.89107489E+001  0.16229722E+002  0.22240623E+002
 -0.93540157E+000 -0.84029450E+000 -0.56978328E+000 -0.21280076E+000 -0.57761303E-002  0.82294586E-003  0.94366389E+000  0.45727859E+001  0.89113871E+001  0.16230491E+002  0.22241145E+002
 -0.93535073E+000 -0.84021538E+000 -0.56958854E+000 -0.21251174E+000 -0.57726035E-002  0.82440270E-003  0.94402151E+000  0.45733173E+001  0.89120429E+001  0.16231303E+002  0.22241712E+002
 -0.93530087E+000 -0.84013820E+000 -0.56939814E+000 -0.21223214E+000 -0.57693770E-002  0.82575686E-003  0.94437567E+000  0.45738541E+001  0.89127147E+001  0.16232154E+002  0.22242325E+002
 -0.93525198E+000 -0.84006285E+000 -0.56921217E+000 -0.21196242E+000 -0.57664162E-002  0.82702067E-003  0.94472580E+000  0.45743944E+001  0.89134014E+001  0.16233041E+002  0.22242983E+002
 -0.93520407E+000 -0.83998925E+000 -0.56903070E+000 -0.21170296E+000 -0.57637015E-002  0.82819982E-003  0.94507137E+000  0.45749367E+001  0.89141020E+001  0.16233961E+002  0.22243685E+002
 -0.93515710E+000 -0.83991729E+000 -0.56885368E+000 -0.21145396E+000 -0.57611970E-002  0.82930782E-003  0.94541206E+000  0.45754797E+001  0.89148162E+001  0.16234909E+002  0.22244433E+002
 -0.93511107E+000 -0.83984688E+000 -0.56868108E+000 -0.21121559E+000 -0.57588851E-002  0.83035013E-003  0.94574757E+000  0.45760223E+001  0.89155437E+001  0.16235882E+002  0.22245227E+002
 -0.93506595E+000 -0.83977794E+000 -0.56851284E+000 -0.21098791E+000 -0.57567480E-002  0.83133245E-003  0.94607768E+000  0.45765636E+001  0.89162840E+001  0.16236878E+002  0.22246068E+002
 -0.93502173E+000 -0.83971040E+000 -0.56834886E+000 -0.21077093E+000 -0.57547697E-002  0.83225994E-003  0.94640220E+000  0.45771028E+001  0.89170370E+001  0.16237891E+002  0.22246956E+002
 -0.93497841E+000 -0.83964419E+000 -0.56818906E+000 -0.21056458E+000 -0.57529362E-002  0.83313692E-003  0.94672097E+000  0.45776395E+001  0.89178022E+001  0.16238920E+002  0.22247891E+002
 -0.93493596E+000 -0.83957925E+000 -0.56803335E+000 -0.21036871E+000 -0.57512353E-002  0.83396715E-003  0.94703387E+000  0.45781729E+001  0.89185789E+001  0.16239961E+002  0.22248874E+002
 -0.93489438E+000 -0.83951554E+000 -0.56788164E+000 -0.21018314E+000 -0.57496558E-002  0.83475403E-003  0.94734077E+000  0.45787029E+001  0.89193664E+001  0.16241011E+002  0.22249903E+002
 -0.93485367E+000 -0.83945303E+000 -0.56773386E+000 -0.21000761E+000 -0.57481870E-002  0.83550074E-003  0.94764157E+000  0.45792290E+001  0.89201637E+001  0.16242067E+002  0.22250979E+002
 -0.93481382E+000 -0.83939168E+000 -0.56758995E+000 -0.20984185E+000 -0.57468203E-002  0.83620967E-003  0.94793613E+000  0.45797510E+001  0.89209695E+001  0.16243129E+002  0.22252099E+002
 -0.93477484E+000 -0.83933150E+000 -0.56744987E+000 -0.20968555E+000 -0.57455481E-002  0.83688281E-003  0.94822434E+000  0.45802686E+001  0.89217823E+001  0.16244193E+002  0.22253261E+002
 -0.93473672E+000 -0.83927248E+000 -0.56731358E+000 -0.20953836E+000 -0.57443628E-002  0.83752223E-003  0.94850604E+000  0.45807815E+001  0.89226003E+001  0.16245258E+002  0.22254462E+002
 -0.93469948E+000 -0.83921463E+000 -0.56718107E+000 -0.20939993E+000 -0.57432579E-002  0.83812956E-003  0.94878110E+000  0.45812896E+001  0.89234218E+001  0.16246324E+002  0.22255698E+002
 -0.93466312E+000 -0.83915798E+000 -0.56705237E+000 -0.20926990E+000 -0.57422273E-002  0.83870626E-003  0.94904934E+000  0.45817924E+001  0.89242446E+001  0.16247390E+002  0.22256965E+002
 -0.93462767E+000 -0.83910257E+000 -0.56692749E+000 -0.20914789E+000 -0.57412666E-002  0.83925326E-003  0.94931059E+000  0.45822897E+001  0.89250666E+001  0.16248455E+002  0.22258259E+002
 -0.93459314E+000 -0.83904842E+000 -0.56680647E+000 -0.20903355E+000 -0.57403701E-002  0.83977203E-003  0.94956468E+000  0.45827811E+001  0.89258859E+001  0.16249519E+002  0.22259572E+002
 -0.93455956E+000 -0.83899561E+000 -0.56668939E+000 -0.20892652E+000 -0.57395344E-002  0.84026314E-003  0.94981140E+000  0.45832662E+001  0.89267002E+001  0.16250581E+002  0.22260901E+002
 -0.93452694E+000 -0.83894417E+000 -0.56657629E+000 -0.20882644E+000 -0.57387553E-002  0.84072766E-003  0.95005059E+000  0.45837445E+001  0.89275076E+001  0.16251643E+002  0.22262240E+002
 -0.93449532E+000 -0.83889418E+000 -0.56646726E+000 -0.20873298E+000 -0.57380290E-002  0.84116648E-003  0.95028206E+000  0.45842156E+001  0.89283064E+001  0.16252702E+002  0.22263582E+002
 -0.93446473E+000 -0.83884570E+000 -0.56636235E+000 -0.20864579E+000 -0.57373527E-002  0.84158026E-003  0.95050566E+000  0.45846791E+001  0.89290948E+001  0.16253760E+002  0.22264922E+002
 -0.93443518E+000 -0.83879878E+000 -0.56626165E+000 -0.20856457E+000 -0.57367229E-002  0.84196998E-003  0.95072123E+000  0.45851345E+001  0.89298716E+001  0.16254814E+002  0.22266255E+002
 -0.93440671E+000 -0.83875351E+000 -0.56616522E+000 -0.20848900E+000 -0.57361376E-002  0.84233611E-003  0.95092863E+000  0.45855814E+001  0.89306354E+001  0.16255865E+002  0.22267575E+002
 -0.93437935E+000 -0.83870994E+000 -0.56607311E+000 -0.20841880E+000 -0.57355934E-002  0.84267983E-003  0.95112778E+000  0.45860192E+001  0.89313852E+001  0.16256912E+002  0.22268877E+002
 -0.93435311E+000 -0.83866812E+000 -0.56598536E+000 -0.20835366E+000 -0.57350885E-002  0.84300163E-003  0.95131859E+000  0.45864475E+001  0.89321204E+001  0.16257951E+002  0.22270158E+002
 -0.93432802E+000 -0.83862811E+000 -0.56590202E+000 -0.20829333E+000 -0.57346209E-002  0.84330228E-003  0.95150102E+000  0.45868660E+001  0.89328401E+001  0.16258984E+002  0.22271413E+002
 -0.93430410E+000 -0.83858995E+000 -0.56582309E+000 -0.20823752E+000 -0.57341881E-002  0.84358275E-003  0.95167505E+000  0.45872743E+001  0.89335439E+001  0.16260006E+002  0.22272639E+002
 -0.93428136E+000 -0.83855367E+000 -0.56574857E+000 -0.20818599E+000 -0.57337886E-002  0.84384362E-003  0.95184071E+000  0.45876720E+001  0.89342313E+001  0.16261015E+002  0.22273831E+002
 -0.93425981E+000 -0.83851930E+000 -0.56567842E+000 -0.20813847E+000 -0.57334199E-002  0.84408605E-003  0.95199807E+000  0.45880589E+001  0.89349020E+001  0.16262011E+002  0.22274987E+002
 -0.93423945E+000 -0.83848685E+000 -0.56561261E+000 -0.20809474E+000 -0.57330807E-002  0.84431065E-003  0.95214723E+000  0.45884347E+001  0.89355555E+001  0.16262989E+002  0.22276104E+002
 -0.93422027E+000 -0.83845631E+000 -0.56555107E+000 -0.20805454E+000 -0.57327690E-002  0.84451842E-003  0.95228831E+000  0.45887990E+001  0.89361914E+001  0.16263946E+002  0.22277180E+002
 -0.93420228E+000 -0.83842768E+000 -0.56549372E+000 -0.20801765E+000 -0.57324832E-002  0.84471017E-003  0.95242150E+000  0.45891518E+001  0.89368094E+001  0.16264882E+002  0.22278212E+002
 -0.93418544E+000 -0.83840093E+000 -0.56544043E+000 -0.20798385E+000 -0.57322213E-002  0.84488693E-003  0.95254700E+000  0.45894928E+001  0.89374089E+001  0.16265791E+002  0.22279199E+002
 -0.93416974E+000 -0.83837602E+000 -0.56539109E+000 -0.20795293E+000 -0.57319819E-002  0.84504954E-003  0.95266504E+000  0.45898218E+001  0.89379895E+001  0.16266673E+002  0.22280139E+002
 -0.93415516E+000 -0.83835291E+000 -0.56534556E+000 -0.20792467E+000 -0.57317636E-002  0.84519881E-003  0.95277587E+000  0.45901388E+001  0.89385505E+001  0.16267524E+002  0.22281030E+002
 -0.93414166E+000 -0.83833155E+000 -0.56530368E+000 -0.20789888E+000 -0.57315642E-002  0.84533587E-003  0.95287978E+000  0.45904434E+001  0.89390914E+001  0.16268341E+002  0.22281873E+002
 -0.93412920E+000 -0.83831186E+000 -0.56526528E+000 -0.20787539E+000 -0.57313829E-002  0.84546132E-003  0.95297703E+000  0.45907356E+001  0.89396115E+001  0.16269123E+002  0.22282665E+002
 -0.93411775E+000 -0.83829378E+000 -0.56523018E+000 -0.20785400E+000 -0.57312182E-002  0.84557608E-003  0.95306793E+000  0.45910153E+001  0.89401101E+001  0.16269867E+002  0.22283408E+002
 -0.93410725E+000 -0.83827723E+000 -0.56519821E+000 -0.20783455E+000 -0.57310685E-002  0.84568098E-003  0.95315277E+000  0.45912823E+001  0.89405866E+001  0.16270573E+002  0.22284100E+002
 -0.93409766E+000 -0.83826213E+000 -0.56516918E+000 -0.20781690E+000 -0.57309328E-002  0.84577673E-003  0.95323185E+000  0.45915365E+001  0.89410403E+001  0.16271238E+002  0.22284743E+002
 -0.93408893E+000 -0.83824839E+000 -0.56514289E+000 -0.20780088E+000 -0.57308098E-002  0.84586408E-003  0.95330544E+000  0.45917777E+001  0.89414708E+001  0.16271861E+002  0.22285336E+002
 -0.93408102E+000 -0.83823594E+000 -0.56511915E+000 -0.20778638E+000 -0.57306988E-002  0.84594364E-003  0.95337381E+000  0.45920059E+001  0.89418774E+001  0.16272443E+002  0.22285881E+002
 -0.93407386E+000 -0.83822468E+000 -0.56509779E+000 -0.20777325E+000 -0.57305984E-002  0.84601605E-003  0.95343722E+000  0.45922210E+001  0.89422598E+001  0.16272983E+002  0.22286380E+002
 -0.93406741E+000 -0.83821453E+000 -0.56507863E+000 -0.20776139E+000 -0.57305081E-002  0.84608183E-003  0.95349591E+000  0.45924229E+001  0.89426178E+001  0.16273480E+002  0.22286833E+002
 -0.93406162E+000 -0.83820542E+000 -0.56506148E+000 -0.20775069E+000 -0.57304269E-002  0.84614153E-003  0.95355011E+000  0.45926116E+001  0.89429512E+001  0.16273937E+002  0.22287242E+002
 -0.93405644E+000 -0.83819724E+000 -0.56504617E+000 -0.20774105E+000 -0.57303541E-002  0.84619565E-003  0.95360002E+000  0.45927871E+001  0.89432599E+001  0.16274352E+002  0.22287610E+002
 -0.93405182E+000 -0.83818994E+000 -0.56503255E+000 -0.20773238E+000 -0.57302890E-002  0.84624455E-003  0.95364584E+000  0.45929496E+001  0.89435443E+001  0.16274728E+002  0.22287939E+002
 -0.93404771E+000 -0.83818344E+000 -0.56502047E+000 -0.20772460E+000 -0.57302309E-002  0.84628864E-003  0.95368774E+000  0.45930991E+001  0.89438045E+001  0.16275066E+002  0.22288230E+002
 -0.93404407E+000 -0.83817766E+000 -0.56500978E+000 -0.20771762E+000 -0.57301794E-002  0.84632831E-003  0.95372590E+000  0.45932360E+001  0.89440412E+001  0.16275367E+002  0.22288487E+002
 -0.93404086E+000 -0.83817254E+000 -0.56500034E+000 -0.20771138E+000 -0.57301336E-002  0.84636393E-003  0.95376049E+000  0.45933604E+001  0.89442549E+001  0.16275634E+002  0.22288711E+002
 -0.93403803E+000 -0.83816801E+000 -0.56499203E+000 -0.20770581E+000 -0.57300932E-002  0.84639574E-003  0.95379166E+000  0.45934727E+001  0.89444465E+001  0.16275869E+002  0.22288905E+002
 -0.93403555E+000 -0.83816403E+000 -0.56498474E+000 -0.20770084E+000 -0.57300576E-002  0.84642406E-003  0.95381956E+000  0.45935733E+001  0.89446168E+001  0.16276073E+002  0.22289072E+002
 -0.93403338E+000 -0.83816052E+000 -0.56497835E+000 -0.20769643E+000 -0.57300262E-002  0.84644927E-003  0.95384437E+000  0.45936627E+001  0.89447671E+001  0.16276249E+002  0.22289214E+002
 -0.93403149E+000 -0.83815745E+000 -0.56497276E+000 -0.20769250E+000 -0.57299988E-002  0.84647145E-003  0.95386623E+000  0.45937415E+001  0.89448983E+001  0.16276400E+002  0.22289334E+002
 -0.93402985E+000 -0.83815476E+000 -0.56496788E+000 -0.20768902E+000 -0.57299747E-002  0.84649104E-003  0.95388531E+000  0.45938102E+001  0.89450118E+001  0.16276527E+002  0.22289433E+002
 -0.93402843E+000 -0.83815242E+000 -0.56496364E+000 -0.20768594E+000 -0.57299536E-002  0.84650818E-003  0.95390178E+000  0.45938695E+001  0.89451088E+001  0.16276634E+002  0.22289515E+002
 -0.93402720E+000 -0.83815037E+000 -0.56495994E+000 -0.20768321E+000 -0.57299350E-002  0.84652314E-003  0.95391581E+000  0.45939200E+001  0.89451907E+001  0.16276721E+002  0.22289580E+002
 -0.93402614E+000 -0.83814859E+000 -0.56495673E+000 -0.20768079E+000 -0.57299188E-002  0.84653611E-003  0.95392757E+000  0.45939625E+001  0.89452589E+001  0.16276792E+002  0.22289632E+002
 -0.93402523E+000 -0.83814705E+000 -0.56495393E+000 -0.20767865E+000 -0.57299043E-002  0.84654735E-003  0.95393724E+000  0.45939976E+001  0.89453145E+001  0.16276848E+002  0.22289671E+002
 -0.93402444E+000 -0.83814570E+000 -0.56495149E+000 -0.20767675E+000 -0.57298914E-002  0.84655700E-003  0.95394499E+000  0.45940261E+001  0.89453590E+001  0.16276891E+002  0.22289700E+002
 -0.93402376E+000 -0.83814453E+000 -0.56494937E+000 -0.20767506E+000 -0.57298799E-002  0.84656530E-003  0.95395101E+000  0.45940485E+001  0.89453937E+001  0.16276923E+002  0.22289720E+002
 -0.93402318E+000 -0.83814351E+000 -0.56494751E+000 -0.20767354E+000 -0.57298694E-002  0.84657239E-003  0.95395545E+000  0.45940657E+001  0.89454196E+001  0.16276946E+002  0.22289732E+002
 -0.93402268E+000 -0.83814261E+000 -0.56494588E+000 -0.20767219E+000 -0.57298598E-002  0.84657845E-003  0.95395851E+000  0.45940781E+001  0.89454379E+001  0.16276960E+002  0.22289738E+002
 -0.93402224E+000 -0.83814183E+000 -0.56494444E+000 -0.20767096E+000 -0.57298507E-002  0.84658367E-003  0.95396033E+000  0.45940865E+001  0.89454497E+001  0.16276968E+002  0.22289739E+002
 -0.93402187E+000 -0.83814114E+000 -0.56494315E+000 -0.20766985E+000 -0.57298423E-002  0.84658812E-003  0.95396107E+000  0.45940914E+001  0.89454560E+001  0.16276970E+002  0.22289735E+002
 -0.93402153E+000 -0.83814052E+000 -0.56494200E+000 -0.20766883E+000 -0.57298341E-002  0.84659199E-003  0.95396087E+000  0.45940933E+001  0.89454576E+001  0.16276968E+002  0.22289728E+002
 -0.93402124E+000 -0.83813997E+000 -0.56494096E+000 -0.20766789E+000 -0.57298262E-002  0.84659538E-003  0.95395988E+000  0.45940926E+001  0.89454553E+001  0.16276962E+002  0.22289718E+002
 -0.93402098E+000 -0.83813947E+000 -0.56494000E+000 -0.20766701E+000 -0.57298183E-002  0.84659841E-003  0.95395822E+000  0.45940898E+001  0.89454498E+001  0.16276953E+002  0.22289706E+002
 -0.93402074E+000 -0.83813901E+000 -0.56493912E+000 -0.20766617E+000 -0.57298106E-002  0.84660114E-003  0.95395600E+000  0.45940853E+001  0.89454417E+001  0.16276942E+002  0.22289692E+002
 -0.93402052E+000 -0.83813859E+000 -0.56493829E+000 -0.20766538E+000 -0.57298027E-002  0.84660371E-003  0.95395332E+000  0.45940794E+001  0.89454316E+001  0.16276929E+002  0.22289678E+002
 -0.93402032E+000 -0.83813819E+000 -0.56493750E+000 -0.20766461E+000 -0.57297947E-002  0.84660614E-003  0.95395027E+000  0.45940725E+001  0.89454199E+001  0.16276914E+002  0.22289662E+002
 -0.93402013E+000 -0.83813782E+000 -0.56493674E+000 -0.20766387E+000 -0.57297865E-002  0.84660854E-003  0.95394693E+000  0.45940646E+001  0.89454070E+001  0.16276899E+002  0.22289646E+002
 -0.93401995E+000 -0.83813745E+000 -0.56493601E+000 -0.20766314E+000 -0.57297781E-002  0.84661092E-003  0.95394337E+000  0.45940562E+001  0.89453933E+001  0.16276883E+002  0.22289629E+002
 -0.93401977E+000 -0.83813711E+000 -0.56493529E+000 -0.20766241E+000 -0.57297694E-002  0.84661336E-003  0.95393965E+000  0.45940473E+001  0.89453790E+001  0.16276867E+002  0.22289613E+002
 -0.93401960E+000 -0.83813676E+000 -0.56493458E+000 -0.20766169E+000 -0.57297606E-002  0.84661586E-003  0.95393581E+000  0.45940380E+001  0.89453643E+001  0.16276851E+002  0.22289596E+002
 -0.93401943E+000 -0.83813643E+000 -0.56493388E+000 -0.20766097E+000 -0.57297514E-002  0.84661849E-003  0.95393190E+000  0.45940286E+001  0.89453494E+001  0.16276835E+002  0.22289580E+002
 -0.93401927E+000 -0.83813609E+000 -0.56493318E+000 -0.20766025E+000 -0.57297420E-002  0.84662124E-003  0.95392795E+000  0.45940191E+001  0.89453345E+001  0.16276819E+002  0.22289563E+002
 -0.93401910E+000 -0.83813576E+000 -0.56493248E+000 -0.20765953E+000 -0.57297323E-002  0.84662411E-003  0.95392398E+000  0.45940095E+001  0.89453196E+001  0.16276803E+002  0.22289548E+002
 -0.93401893E+000 -0.83813543E+000 -0.56493178E+000 -0.20765880E+000 -0.57297224E-002  0.84662714E-003  0.95392002E+000  0.45940000E+001  0.89453049E+001  0.16276787E+002  0.22289532E+002
 -0.93401876E+000 -0.83813510E+000 -0.56493107E+000 -0.20765806E+000 -0.57297123E-002  0.84663032E-003  0.95391608E+000  0.45939906E+001  0.89452904E+001  0.16276772E+002  0.22289517E+002
 -0.93401860E+000 -0.83813476E+000 -0.56493036E+000 -0.20765732E+000 -0.57297019E-002  0.84663364E-003  0.95391217E+000  0.45939813E+001  0.89452761E+001  0.16276757E+002  0.22289502E+002
 -0.93401842E+000 -0.83813443E+000 -0.56492965E+000 -0.20765656E+000 -0.57296913E-002  0.84663711E-003  0.95390830E+000  0.45939722E+001  0.89452621E+001  0.16276743E+002  0.22289487E+002
 -0.93401825E+000 -0.83813409E+000 -0.56492893E+000 -0.20765581E+000 -0.57296806E-002  0.84664072E-003  0.95390448E+000  0.45939632E+001  0.89452484E+001  0.16276729E+002  0.22289473E+002
 -0.93401808E+000 -0.83813375E+000 -0.56492820E+000 -0.20765504E+000 -0.57296696E-002  0.84664447E-003  0.95390071E+000  0.45939543E+001  0.89452350E+001  0.16276715E+002  0.22289459E+002
 -0.93401790E+000 -0.83813340E+000 -0.56492747E+000 -0.20765427E+000 -0.57296586E-002  0.84664834E-003  0.95389700E+000  0.45939457E+001  0.89452219E+001  0.16276701E+002  0.22289446E+002
 -0.93401773E+000 -0.83813306E+000 -0.56492673E+000 -0.20765349E+000 -0.57296474E-002  0.84665232E-003  0.95389333E+000  0.45939371E+001  0.89452090E+001  0.16276688E+002  0.22289433E+002
 -0.93401755E+000 -0.83813271E+000 -0.56492600E+000 -0.20765271E+000 -0.57296361E-002  0.84665641E-003  0.95388972E+000  0.45939288E+001  0.89451965E+001  0.16276675E+002  0.22289420E+002
 -0.93401737E+000 -0.83813236E+000 -0.56492525E+000 -0.20765192E+000 -0.57296247E-002  0.84666060E-003  0.95388617E+000  0.45939206E+001  0.89451842E+001  0.16276663E+002  0.22289407E+002
 -0.93401719E+000 -0.83813201E+000 -0.56492451E+000 -0.20765113E+000 -0.57296132E-002  0.84666488E-003  0.95388266E+000  0.45939126E+001  0.89451722E+001  0.16276651E+002  0.22289395E+002
 -0.93401700E+000 -0.83813165E+000 -0.56492376E+000 -0.20765033E+000 -0.57296017E-002  0.84666922E-003  0.95387920E+000  0.45939046E+001  0.89451604E+001  0.16276639E+002  0.22289383E+002
 -0.93401682E+000 -0.83813130E+000 -0.56492301E+000 -0.20764953E+000 -0.57295902E-002  0.84667364E-003  0.95387579E+000  0.45938969E+001  0.89451488E+001  0.16276627E+002  0.22289371E+002
 -0.93401664E+000 -0.83813094E+000 -0.56492227E+000 -0.20764873E+000 -0.57295787E-002  0.84667809E-003  0.95387243E+000  0.45938893E+001  0.89451375E+001  0.16276616E+002  0.22289359E+002
 -0.93401645E+000 -0.83813058E+000 -0.56492152E+000 -0.20764792E+000 -0.57295671E-002  0.84668260E-003  0.95386912E+000  0.45938818E+001  0.89451264E+001  0.16276604E+002  0.22289348E+002
 -0.93401627E+000 -0.83813023E+000 -0.56492077E+000 -0.20764711E+000 -0.57295556E-002  0.84668715E-003  0.95386584E+000  0.45938744E+001  0.89451154E+001  0.16276593E+002  0.22289337E+002
 -0.93401608E+000 -0.83812987E+000 -0.56492002E+000 -0.20764631E+000 -0.57295441E-002  0.84669171E-003  0.95386261E+000  0.45938671E+001  0.89451047E+001  0.16276583E+002  0.22289326E+002
 -0.93401589E+000 -0.83812951E+000 -0.56491928E+000 -0.20764550E+000 -0.57295327E-002  0.84669629E-003  0.95385942E+000  0.45938599E+001  0.89450941E+001  0.16276572E+002  0.22289315E+002
 -0.93401571E+000 -0.83812916E+000 -0.56491854E+000 -0.20764470E+000 -0.57295213E-002  0.84670087E-003  0.95385627E+000  0.45938529E+001  0.89450837E+001  0.16276561E+002  0.22289304E+002
 -0.93401552E+000 -0.83812880E+000 -0.56491780E+000 -0.20764390E+000 -0.57295101E-002  0.84670546E-003  0.95385316E+000  0.45938459E+001  0.89450735E+001  0.16276551E+002  0.22289294E+002
 -0.93401534E+000 -0.83812845E+000 -0.56491707E+000 -0.20764310E+000 -0.57294989E-002  0.84671004E-003  0.95385008E+000  0.45938391E+001  0.89450634E+001  0.16276541E+002  0.22289284E+002
 -0.93401516E+000 -0.83812810E+000 -0.56491635E+000 -0.20764231E+000 -0.57294879E-002  0.84671460E-003  0.95384705E+000  0.45938323E+001  0.89450535E+001  0.16276531E+002  0.22289273E+002
 -0.93401498E+000 -0.83812775E+000 -0.56491563E+000 -0.20764152E+000 -0.57294769E-002  0.84671914E-003  0.95384405E+000  0.45938256E+001  0.89450437E+001  0.16276521E+002  0.22289263E+002
 -0.93401480E+000 -0.83812741E+000 -0.56491492E+000 -0.20764073E+000 -0.57294662E-002  0.84672365E-003  0.95384109E+000  0.45938190E+001  0.89450341E+001  0.16276512E+002  0.22289253E+002
 -0.93401462E+000 -0.83812706E+000 -0.56491421E+000 -0.20763995E+000 -0.57294555E-002  0.84672813E-003  0.95383817E+000  0.45938125E+001  0.89450246E+001  0.16276502E+002  0.22289244E+002
 -0.93401444E+000 -0.83812673E+000 -0.56491352E+000 -0.20763918E+000 -0.57294450E-002  0.84673257E-003  0.95383529E+000  0.45938061E+001  0.89450152E+001  0.16276493E+002  0.22289234E+002
 -0.93401426E+000 -0.83812639E+000 -0.56491283E+000 -0.20763842E+000 -0.57294347E-002  0.84673696E-003  0.95383245E+000  0.45937998E+001  0.89450060E+001  0.16276484E+002  0.22289225E+002
 -0.93401409E+000 -0.83812606E+000 -0.56491216E+000 -0.20763766E+000 -0.57294246E-002  0.84674132E-003  0.95382964E+000  0.45937936E+001  0.89449969E+001  0.16276475E+002  0.22289215E+002
 -0.93401392E+000 -0.83812574E+000 -0.56491149E+000 -0.20763692E+000 -0.57294147E-002  0.84674562E-003  0.95382688E+000  0.45937874E+001  0.89449880E+001  0.16276466E+002  0.22289206E+002
 -0.93401376E+000 -0.83812542E+000 -0.56491084E+000 -0.20763618E+000 -0.57294049E-002  0.84674987E-003  0.95382415E+000  0.45937814E+001  0.89449791E+001  0.16276457E+002  0.22289197E+002
 -0.93401359E+000 -0.83812510E+000 -0.56491019E+000 -0.20763546E+000 -0.57293953E-002  0.84675407E-003  0.95382147E+000  0.45937754E+001  0.89449704E+001  0.16276448E+002  0.22289188E+002
 -0.93401343E+000 -0.83812480E+000 -0.56490956E+000 -0.20763474E+000 -0.57293860E-002  0.84675820E-003  0.95381883E+000  0.45937695E+001  0.89449619E+001  0.16276440E+002  0.22289179E+002
 -0.93401327E+000 -0.83812449E+000 -0.56490894E+000 -0.20763404E+000 -0.57293769E-002  0.84676229E-003  0.95381623E+000  0.45937637E+001  0.89449534E+001  0.16276431E+002  0.22289171E+002
 -0.93401312E+000 -0.83812420E+000 -0.56490834E+000 -0.20763335E+000 -0.57293679E-002  0.84676630E-003  0.95381368E+000  0.45937580E+001  0.89449451E+001  0.16276423E+002  0.22289162E+002
 -0.93401297E+000 -0.83812391E+000 -0.56490775E+000 -0.20763267E+000 -0.57293592E-002  0.84677026E-003  0.95381117E+000  0.45937524E+001  0.89449370E+001  0.16276415E+002  0.22289154E+002
 -0.93401282E+000 -0.83812363E+000 -0.56490717E+000 -0.20763201E+000 -0.57293507E-002  0.84677416E-003  0.95380871E+000  0.45937469E+001  0.89449290E+001  0.16276407E+002  0.22289145E+002
 -0.93401268E+000 -0.83812335E+000 -0.56490661E+000 -0.20763136E+000 -0.57293425E-002  0.84677799E-003  0.95380630E+000  0.45937415E+001  0.89449211E+001  0.16276399E+002  0.22289137E+002
 -0.93401254E+000 -0.83812308E+000 -0.56490606E+000 -0.20763072E+000 -0.57293345E-002  0.84678175E-003  0.95380393E+000  0.45937362E+001  0.89449134E+001  0.16276392E+002  0.22289129E+002
 -0.93401240E+000 -0.83812282E+000 -0.56490553E+000 -0.20763010E+000 -0.57293267E-002  0.84678545E-003  0.95380161E+000  0.45937309E+001  0.89449058E+001  0.16276384E+002  0.22289121E+002
 -0.93401227E+000 -0.83812257E+000 -0.56490501E+000 -0.20762950E+000 -0.57293191E-002  0.84678909E-003  0.95379935E+000  0.45937258E+001  0.89448984E+001  0.16276377E+002  0.22289114E+002
 -0.93401214E+000 -0.83812232E+000 -0.56490451E+000 -0.20762891E+000 -0.57293118E-002  0.84679265E-003  0.95379714E+000  0.45937208E+001  0.89448911E+001  0.16276369E+002  0.22289106E+002
 -0.93401202E+000 -0.83812209E+000 -0.56490402E+000 -0.20762833E+000 -0.57293047E-002  0.84679615E-003  0.95379498E+000  0.45937160E+001  0.89448840E+001  0.16276362E+002  0.22289099E+002
 -0.93401190E+000 -0.83812186E+000 -0.56490355E+000 -0.20762777E+000 -0.57292978E-002  0.84679958E-003  0.95379287E+000  0.45937112E+001  0.89448771E+001  0.16276356E+002  0.22289092E+002
 -0.93401178E+000 -0.83812163E+000 -0.56490309E+000 -0.20762723E+000 -0.57292912E-002  0.84680294E-003  0.95379082E+000  0.45937065E+001  0.89448704E+001  0.16276349E+002  0.22289084E+002
 -0.93401167E+000 -0.83812142E+000 -0.56490265E+000 -0.20762671E+000 -0.57292848E-002  0.84680623E-003  0.95378882E+000  0.45937020E+001  0.89448638E+001  0.16276342E+002  0.22289078E+002
 -0.93401157E+000 -0.83812121E+000 -0.56490222E+000 -0.20762620E+000 -0.57292786E-002  0.84680944E-003  0.95378688E+000  0.45936976E+001  0.89448574E+001  0.16276336E+002  0.22289071E+002
 -0.93401146E+000 -0.83812101E+000 -0.56490181E+000 -0.20762570E+000 -0.57292727E-002  0.84681259E-003  0.95378499E+000  0.45936933E+001  0.89448512E+001  0.16276330E+002  0.22289064E+002
 -0.93401137E+000 -0.83812082E+000 -0.56490142E+000 -0.20762522E+000 -0.57292670E-002  0.84681566E-003  0.95378317E+000  0.45936891E+001  0.89448452E+001  0.16276324E+002  0.22289058E+002
 -0.93401127E+000 -0.83812064E+000 -0.56490104E+000 -0.20762476E+000 -0.57292615E-002  0.84681866E-003  0.95378140E+000  0.45936851E+001  0.89448394E+001  0.16276318E+002  0.22289052E+002
 -0.93401118E+000 -0.83812046E+000 -0.56490067E+000 -0.20762432E+000 -0.57292563E-002  0.84682158E-003  0.95377969E+000  0.45936812E+001  0.89448338E+001  0.16276313E+002  0.22289046E+002
 -0.93401109E+000 -0.83812029E+000 -0.56490032E+000 -0.20762389E+000 -0.57292513E-002  0.84682442E-003  0.95377804E+000  0.45936774E+001  0.89448284E+001  0.16276308E+002  0.22289040E+002
 -0.93401101E+000 -0.83812013E+000 -0.56489998E+000 -0.20762347E+000 -0.57292466E-002  0.84682719E-003  0.95377645E+000  0.45936738E+001  0.89448232E+001  0.16276303E+002  0.22289035E+002
 -0.93401093E+000 -0.83811998E+000 -0.56489966E+000 -0.20762308E+000 -0.57292421E-002  0.84682987E-003  0.95377492E+000  0.45936703E+001  0.89448183E+001  0.16276298E+002  0.22289030E+002
 -0.93401086E+000 -0.83811983E+000 -0.56489936E+000 -0.20762269E+000 -0.57292378E-002  0.84683247E-003  0.95377346E+000  0.45936670E+001  0.89448136E+001  0.16276293E+002  0.22289025E+002
 -0.93401079E+000 -0.83811969E+000 -0.56489906E+000 -0.20762233E+000 -0.57292338E-002  0.84683499E-003  0.95377205E+000  0.45936638E+001  0.89448092E+001  0.16276289E+002  0.22289020E+002
 -0.93401072E+000 -0.83811956E+000 -0.56489879E+000 -0.20762198E+000 -0.57292300E-002  0.84683742E-003  0.95377071E+000  0.45936608E+001  0.89448050E+001  0.16276285E+002  0.22289016E+002
 -0.93401065E+000 -0.83811943E+000 -0.56489852E+000 -0.20762164E+000 -0.57292264E-002  0.84683976E-003  0.95376944E+000  0.45936579E+001  0.89448011E+001  0.16276282E+002  0.22289012E+002
 -0.93401059E+000 -0.83811931E+000 -0.56489827E+000 -0.20762132E+000 -0.57292231E-002  0.84684201E-003  0.95376823E+000  0.45936553E+001  0.89447975E+001  0.16276279E+002  0.22289008E+002
 -0.93401053E+000 -0.83811919E+000 -0.56489803E+000 -0.20762101E+000 -0.57292201E-002  0.84684417E-003  0.95376708E+000  0.45936528E+001  0.89447942E+001  0.16276276E+002  0.22289005E+002
 -0.93401048E+000 -0.83811909E+000 -0.56489780E+000 -0.20762072E+000 -0.57292173E-002  0.84684623E-003  0.95376600E+000  0.45936504E+001  0.89447912E+001  0.16276273E+002  0.22289002E+002
 -0.93401043E+000 -0.83811898E+000 -0.56489759E+000 -0.20762044E+000 -0.57292147E-002  0.84684820E-003  0.95376498E+000  0.45936483E+001  0.89447885E+001  0.16276271E+002  0.22289000E+002
 -0.93401038E+000 -0.83811889E+000 -0.56489739E+000 -0.20762018E+000 -0.57292125E-002  0.84685006E-003  0.95376404E+000  0.45936464E+001  0.89447862E+001  0.16276270E+002  0.22288998E+002
 -0.93401033E+000 -0.83811880E+000 -0.56489720E+000 -0.20761992E+000 -0.57292104E-002  0.84685182E-003  0.95376316E+000  0.45936447E+001  0.89447843E+001  0.16276269E+002  0.22288996E+002
 -0.93401029E+000 -0.83811871E+000 -0.56489702E+000 -0.20761969E+000 -0.57292087E-002  0.84685347E-003  0.95376236E+000  0.45936432E+001  0.89447828E+001  0.16276268E+002  0.22288995E+002
 -0.93401025E+000 -0.83811863E+000 -0.56489686E+000 -0.20761946E+000 -0.57292072E-002  0.84685501E-003  0.95376162E+000  0.45936419E+001  0.89447817E+001  0.16276269E+002  0.22288995E+002
 -0.93401021E+000 -0.83811856E+000 -0.56489670E+000 -0.20761925E+000 -0.57292060E-002  0.84685645E-003  0.95376096E+000  0.45936409E+001  0.89447811E+001  0.16276269E+002  0.22288995E+002
 -0.93401017E+000 -0.83811849E+000 -0.56489656E+000 -0.20761905E+000 -0.57292051E-002  0.84685777E-003  0.95376038E+000  0.45936401E+001  0.89447810E+001  0.16276271E+002  0.22288996E+002
 -0.93401014E+000 -0.83811842E+000 -0.56489643E+000 -0.20761886E+000 -0.57292045E-002  0.84685897E-003  0.95375987E+000  0.45936396E+001  0.89447814E+001  0.16276273E+002  0.22288998E+002
 -0.93401011E+000 -0.83811837E+000 -0.56489631E+000 -0.20761869E+000 -0.57292041E-002  0.84686006E-003  0.95375944E+000  0.45936394E+001  0.89447824E+001  0.16276277E+002  0.22289001E+002
 -0.93401008E+000 -0.83811831E+000 -0.56489620E+000 -0.20761852E+000 -0.57292041E-002  0.84686104E-003  0.95375910E+000  0.45936395E+001  0.89447840E+001  0.16276281E+002  0.22289004E+002
 -0.93401005E+000 -0.83811826E+000 -0.56489611E+000 -0.20761837E+000 -0.57292044E-002  0.84686190E-003  0.95375883E+000  0.45936400E+001  0.89447863E+001  0.16276286E+002  0.22289009E+002
 -0.93401002E+000 -0.83811822E+000 -0.56489602E+000 -0.20761823E+000 -0.57292049E-002  0.84686264E-003  0.95375865E+000  0.45936407E+001  0.89447893E+001  0.16276292E+002  0.22289015E+002
 -0.93401000E+000 -0.83811818E+000 -0.56489595E+000 -0.20761811E+000 -0.57292058E-002  0.84686327E-003  0.95375856E+000  0.45936418E+001  0.89447930E+001  0.16276300E+002  0.22289023E+002
 -0.93400998E+000 -0.83811815E+000 -0.56489589E+000 -0.20761800E+000 -0.57292070E-002  0.84686378E-003  0.95375855E+000  0.45936433E+001  0.89447975E+001  0.16276309E+002  0.22289031E+002
 -0.93400997E+000 -0.83811812E+000 -0.56489585E+000 -0.20761790E+000 -0.57292084E-002  0.84686418E-003  0.95375863E+000  0.45936452E+001  0.89448028E+001  0.16276319E+002  0.22289041E+002
 -0.93400995E+000 -0.83811810E+000 -0.56489582E+000 -0.20761781E+000 -0.57292102E-002  0.84686447E-003  0.95375879E+000  0.45936474E+001  0.89448089E+001  0.16276331E+002  0.22289053E+002
 -0.93400994E+000 -0.83811809E+000 -0.56489582E+000 -0.20761775E+000 -0.57292123E-002  0.84686464E-003  0.95375902E+000  0.45936500E+001  0.89448157E+001  0.16276344E+002  0.22289066E+002
 -0.93400994E+000 -0.83811809E+000 -0.56489584E+000 -0.20761771E+000 -0.57292147E-002  0.84686468E-003  0.95375932E+000  0.45936529E+001  0.89448233E+001  0.16276358E+002  0.22289081E+002
 -0.93400994E+000 -0.83811810E+000 -0.56489589E+000 -0.20761770E+000 -0.57292175E-002  0.84686458E-003  0.95375966E+000  0.45936560E+001  0.89448314E+001  0.16276374E+002  0.22289098E+002
 -0.93400996E+000 -0.83811813E+000 -0.56489599E+000 -0.20761772E+000 -0.57292207E-002  0.84686430E-003  0.95376001E+000  0.45936592E+001  0.89448398E+001  0.16276390E+002  0.22289116E+002
 -0.93401000E+000 -0.83811820E+000 -0.56489615E+000 -0.20761780E+000 -0.57292244E-002  0.84686379E-003  0.95376032E+000  0.45936624E+001  0.89448482E+001  0.16276407E+002  0.22289135E+002
 -0.93401006E+000 -0.83811830E+000 -0.56489642E+000 -0.20761796E+000 -0.57292288E-002  0.84686294E-003  0.95376053E+000  0.45936653E+001  0.89448562E+001  0.16276424E+002  0.22289156E+002
 -0.93401016E+000 -0.83811847E+000 -0.56489683E+000 -0.20761824E+000 -0.57292342E-002  0.84686166E-003  0.95376051E+000  0.45936675E+001  0.89448629E+001  0.16276440E+002  0.22289176E+002
 -0.93401033E+000 -0.83811873E+000 -0.56489748E+000 -0.20761869E+000 -0.57292408E-002  0.84685981E-003  0.95376012E+000  0.45936684E+001  0.89448675E+001  0.16276454E+002  0.22289196E+002
 -0.93401060E+000 -0.83811915E+000 -0.56489850E+000 -0.20761942E+000 -0.57292489E-002  0.84685723E-003  0.95375907E+000  0.45936672E+001  0.89448687E+001  0.16276465E+002  0.22289215E+002
 -0.93401104E+000 -0.83811982E+000 -0.56490012E+000 -0.20762059E+000 -0.57292592E-002  0.84685369E-003  0.95375695E+000  0.45936627E+001  0.89448647E+001  0.16276470E+002  0.22289231E+002
 -0.93401179E+000 -0.83812094E+000 -0.56490283E+000 -0.20762257E+000 -0.57292734E-002  0.84684835E-003  0.95375291E+000  0.45936530E+001  0.89448532E+001  0.16276467E+002  0.22289242E+002
 -0.93401306E+000 -0.83812282E+000 -0.56490738E+000 -0.20762597E+000 -0.57292973E-002  0.84683866E-003  0.95374576E+000  0.45936360E+001  0.89448312E+001  0.16276452E+002  0.22289244E+002
 -0.93401531E+000 -0.83812616E+000 -0.56491538E+000 -0.20763232E+000 -0.57293531E-002  0.84681427E-003  0.95373243E+000  0.45936074E+001  0.89447944E+001  0.16276421E+002  0.22289232E+002
 -0.93401912E+000 -0.83813173E+000 -0.56492838E+000 -0.20764305E+000 -0.57294811E-002  0.84675691E-003  0.95371127E+000  0.45935657E+001  0.89447401E+001  0.16276369E+002  0.22289200E+002
 -0.93402559E+000 -0.83814139E+000 -0.56495104E+000 -0.20766319E+000 -0.57296646E-002  0.84667012E-003  0.95367243E+000  0.45935032E+001  0.89446632E+001  0.16276292E+002  0.22289142E+002
 -0.93403634E+000 -0.83815620E+000 -0.56498221E+000 -0.20769084E+000 -0.57298185E-002  0.84659640E-003  0.95362727E+000  0.45934324E+001  0.89445715E+001  0.16276188E+002  0.22289049E+002
