  0.15828113E+000  0.20198569E+000  0.38236581E+000  0.57006454E+000  0.90383877E+000  0.10352203E+001  0.14749065E+001  0.26865622E+001  0.46457363E+001  0.65827689E+001  0.94915943E+001
  0.15960453E+000  0.20347773E+000  0.38456126E+000  0.57292931E+000  0.90595834E+000  0.10377653E+001  0.14810912E+001  0.26913066E+001  0.46578580E+001  0.66057013E+001  0.95159243E+001
  0.16057470E+000  0.20461611E+000  0.38594602E+000  0.57526965E+000  0.90759942E+000  0.10396235E+001  0.14855236E+001  0.26949558E+001  0.46666827E+001  0.66214767E+001  0.95340671E+001
  0.16131919E+000  0.20546654E+000  0.38689444E+000  0.57658958E+000  0.90881196E+000  0.10409294E+001  0.14889825E+001  0.26977425E+001  0.46728717E+001  0.66328422E+001  0.95478943E+001
  0.16191095E+000  0.20609263E+000  0.38781305E+000  0.57824900E+000  0.90978156E+000  0.10420805E+001  0.14916924E+001  0.26998940E+001  0.46779190E+001  0.66416930E+001  0.95587009E+001
  0.16237351E+000  0.20648768E+000  0.38856186E+000  0.57923788E+000  0.91053844E+000  0.10429540E+001  0.14938469E+001  0.27015627E+001  0.46821437E+001  0.66486965E+001  0.95672917E+001
  0.16273773E+000  0.20697245E+000  0.38919807E+000  0.58013889E+000  0.91117829E+000  0.10436348E+001  0.14955801E+001  0.27028039E+001  0.46854435E+001  0.66543079E+001  0.95743203E+001
  0.16303486E+000  0.20720829E+000  0.38970089E+000  0.58079187E+000  0.91167673E+000  0.10441908E+001  0.14969901E+001  0.27040648E+001  0.46877888E+001  0.66588372E+001  0.95798527E+001
  0.16328420E+000  0.20740973E+000  0.38996838E+000  0.58132902E+000  0.91206795E+000  0.10446101E+001  0.14981557E+001  0.27049961E+001  0.46895454E+001  0.66625453E+001  0.95844699E+001
  0.16341984E+000  0.20762816E+000  0.39021347E+000  0.58171174E+000  0.91242465E+000  0.10450501E+001  0.14990818E+001  0.27057503E+001  0.46911983E+001  0.66654981E+001  0.95882637E+001
  0.16353174E+000  0.20781490E+000  0.39042364E+000  0.58222208E+000  0.91271250E+000  0.10453540E+001  0.14997521E+001  0.27063258E+001  0.46927584E+001  0.66679322E+001  0.95913968E+001
  0.16362927E+000  0.20798377E+000  0.39059453E+000  0.58251600E+000  0.91293717E+000  0.10454950E+001  0.15003900E+001  0.27067614E+001  0.46940501E+001  0.66699203E+001  0.95939915E+001
  0.16370157E+000  0.20815535E+000  0.39073703E+000  0.58268559E+000  0.91313131E+000  0.10457533E+001  0.15008726E+001  0.27072729E+001  0.46951190E+001  0.66715462E+001  0.95961447E+001
  0.16376513E+000  0.20827978E+000  0.39087655E+000  0.58299706E+000  0.91328647E+000  0.10460214E+001  0.15012701E+001  0.27076405E+001  0.46960071E+001  0.66727264E+001  0.95979352E+001
  0.16381785E+000  0.20829184E+000  0.39103490E+000  0.58317958E+000  0.91341599E+000  0.10461474E+001  0.15015968E+001  0.27079325E+001  0.46967457E+001  0.66739705E+001  0.95994246E+001
  0.16386167E+000  0.20835811E+000  0.39112977E+000  0.58334492E+000  0.91353122E+000  0.10462963E+001  0.15018649E+001  0.27081603E+001  0.46973606E+001  0.66754056E+001  0.96006651E+001
  0.16389813E+000  0.20844374E+000  0.39120821E+000  0.58342318E+000  0.91363053E+000  0.10463489E+001  0.15020844E+001  0.27083810E+001  0.46978731E+001  0.66757819E+001  0.96016996E+001
  0.16392847E+000  0.20847684E+000  0.39127241E+000  0.58360429E+000  0.91370765E+000  0.10463516E+001  0.15022636E+001  0.27085800E+001  0.46983004E+001  0.66762258E+001  0.96025629E+001
  0.16395369E+000  0.20850303E+000  0.39132611E+000  0.58364668E+000  0.91376369E+000  0.10464596E+001  0.15024089E+001  0.27087099E+001  0.46986566E+001  0.66766261E+001  0.96032828E+001
  0.16397463E+000  0.20853884E+000  0.39138827E+000  0.58368192E+000  0.91382391E+000  0.10465615E+001  0.15025269E+001  0.27088416E+001  0.46989534E+001  0.66768237E+001  0.96038833E+001
  0.16399194E+000  0.20856576E+000  0.39146301E+000  0.58381144E+000  0.91386703E+000  0.10466464E+001  0.15026224E+001  0.27089178E+001  0.46991995E+001  0.66768814E+001  0.96043820E+001
  0.16400622E+000  0.20858738E+000  0.39148513E+000  0.58384131E+000  0.91390277E+000  0.10466191E+001  0.15026977E+001  0.27089876E+001  0.46994036E+001  0.66761681E+001  0.96047959E+001
  0.16401844E+000  0.20860507E+000  0.39152098E+000  0.58386596E+000  0.91393729E+000  0.10466602E+001  0.15027558E+001  0.27090694E+001  0.46995722E+001  0.66760741E+001  0.96051386E+001
  0.16403037E+000  0.20861947E+000  0.39155202E+000  0.58388621E+000  0.91396004E+000  0.10466942E+001  0.15027995E+001  0.27091369E+001  0.46997109E+001  0.66759753E+001  0.96054213E+001
  0.16403614E+000  0.20863114E+000  0.39157814E+000  0.58390277E+000  0.91398309E+000  0.10467959E+001  0.15028308E+001  0.27091924E+001  0.46998247E+001  0.66758744E+001  0.96056536E+001
  0.16404334E+000  0.20864052E+000  0.39160007E+000  0.58399587E+000  0.91398570E+000  0.10468064E+001  0.15028518E+001  0.27092378E+001  0.46999174E+001  0.66757733E+001  0.96059611E+001
  0.16404978E+000  0.20866023E+000  0.39161846E+000  0.58400742E+000  0.91400085E+000  0.10468150E+001  0.15028641E+001  0.27091882E+001  0.46999926E+001  0.66756731E+001  0.96060590E+001
  0.16405520E+000  0.20866522E+000  0.39156129E+000  0.58401673E+000  0.91401312E+000  0.10468218E+001  0.15028690E+001  0.27092927E+001  0.47000533E+001  0.66755748E+001  0.96061385E+001
  0.16405973E+000  0.20866911E+000  0.39156989E+000  0.58402421E+000  0.91402300E+000  0.10468273E+001  0.15028677E+001  0.27093077E+001  0.47001019E+001  0.66754790E+001  0.96062247E+001
  0.16406362E+000  0.20867212E+000  0.39157716E+000  0.58403019E+000  0.91403092E+000  0.10468317E+001  0.15028613E+001  0.27093197E+001  0.47001407E+001  0.66753862E+001  0.96063058E+001
  0.16406662E+000  0.20867439E+000  0.39158192E+000  0.58403488E+000  0.91403717E+000  0.10468351E+001  0.15028511E+001  0.27093292E+001  0.47001711E+001  0.66774239E+001  0.96063700E+001
  0.16406897E+000  0.20867613E+000  0.39158467E+000  0.58403860E+000  0.91404216E+000  0.10468378E+001  0.15028378E+001  0.27093368E+001  0.47001943E+001  0.66752305E+001  0.96064214E+001
  0.16407075E+000  0.20867741E+000  0.39158580E+000  0.58404150E+000  0.91404606E+000  0.10468399E+001  0.15028213E+001  0.27093427E+001  0.47002085E+001  0.66752616E+001  0.96064617E+001
  0.16407208E+000  0.20867832E+000  0.39158566E+000  0.58404372E+000  0.91404907E+000  0.10468440E+001  0.15028021E+001  0.27093473E+001  0.47002185E+001  0.66752858E+001  0.96064930E+001
  0.16407305E+000  0.20867895E+000  0.39158457E+000  0.58404539E+000  0.91405135E+000  0.10468481E+001  0.15027808E+001  0.27093507E+001  0.47002251E+001  0.66753042E+001  0.96065170E+001
  0.16407373E+000  0.20867935E+000  0.39158278E+000  0.58404661E+000  0.91405305E+000  0.10468511E+001  0.15027575E+001  0.27093533E+001  0.47002290E+001  0.66753180E+001  0.96065350E+001
  0.16407418E+000  0.20867958E+000  0.39158046E+000  0.58404748E+000  0.91405427E+000  0.10468534E+001  0.15027326E+001  0.27093552E+001  0.47002307E+001  0.66753280E+001  0.96065482E+001
  0.16407446E+000  0.20867967E+000  0.39157778E+000  0.58404806E+000  0.91405511E+000  0.10468550E+001  0.15027064E+001  0.27093565E+001  0.47002307E+001  0.66753351E+001  0.96065576E+001
  0.16407460E+000  0.20867966E+000  0.39157486E+000  0.58404841E+000  0.91405565E+000  0.10468560E+001  0.15026745E+001  0.27093573E+001  0.47002293E+001  0.66753399E+001  0.96065639E+001
  0.16407463E+000  0.20867957E+000  0.39157179E+000  0.58404859E+000  0.91405594E+000  0.10468567E+001  0.15026376E+001  0.27093578E+001  0.47002268E+001  0.66753427E+001  0.96065677E+001
  0.16407457E+000  0.20867942E+000  0.39156864E+000  0.58404861E+000  0.91405602E+000  0.10468569E+001  0.15025997E+001  0.27093580E+001  0.47002235E+001  0.66753440E+001  0.96065696E+001
  0.16407445E+000  0.20867922E+000  0.39156546E+000  0.58404852E+000  0.91405595E+000  0.10468569E+001  0.15025612E+001  0.27093579E+001  0.47002194E+001  0.66753441E+001  0.96065698E+001
  0.16407428E+000  0.20867899E+000  0.39156230E+000  0.58404833E+000  0.91405575E+000  0.10468567E+001  0.15025303E+001  0.27093576E+001  0.47002149E+001  0.66753432E+001  0.96065687E+001
  0.16407406E+000  0.20867873E+000  0.39155919E+000  0.58404807E+000  0.91405544E+000  0.10468563E+001  0.15025277E+001  0.27093572E+001  0.47002099E+001  0.66753415E+001  0.96065665E+001
  0.16407382E+000  0.20867845E+000  0.39155615E+000  0.58404773E+000  0.91405503E+000  0.10468557E+001  0.15025248E+001  0.27093566E+001  0.47002046E+001  0.66753390E+001  0.96065634E+001
  0.16407355E+000  0.20867815E+000  0.39155321E+000  0.58404735E+000  0.91405455E+000  0.10468550E+001  0.15025217E+001  0.27093560E+001  0.47001991E+001  0.66753361E+001  0.96065596E+001
  0.16407325E+000  0.20867784E+000  0.39155037E+000  0.58404692E+000  0.91405401E+000  0.10468542E+001  0.15025185E+001  0.27093552E+001  0.47001934E+001  0.66753326E+001  0.96065551E+001
  0.16407295E+000  0.20867753E+000  0.39154765E+000  0.58404646E+000  0.91405341E+000  0.10468533E+001  0.15025151E+001  0.27093543E+001  0.47001877E+001  0.66753287E+001  0.96065501E+001
  0.16407263E+000  0.20867721E+000  0.39154506E+000  0.58404597E+000  0.91405277E+000  0.10468523E+001  0.15025117E+001  0.27093534E+001  0.47001819E+001  0.66753245E+001  0.96065447E+001
  0.16407231E+000  0.20867689E+000  0.39154260E+000  0.58404545E+000  0.91405209E+000  0.10468513E+001  0.15025081E+001  0.27093524E+001  0.47001761E+001  0.66753200E+001  0.96065390E+001
  0.16407199E+000  0.20867657E+000  0.39154027E+000  0.58404492E+000  0.91405139E+000  0.10468502E+001  0.15025046E+001  0.27093514E+001  0.47001704E+001  0.66753154E+001  0.96065330E+001
  0.16407166E+000  0.20867625E+000  0.39153809E+000  0.58404438E+000  0.91405067E+000  0.10468490E+001  0.15025010E+001  0.27093503E+001  0.47001648E+001  0.66753106E+001  0.96065269E+001
  0.16407134E+000  0.20867594E+000  0.39153604E+000  0.58404384E+000  0.91404995E+000  0.10468479E+001  0.15024974E+001  0.27093493E+001  0.47001593E+001  0.66753057E+001  0.96065207E+001
  0.16407103E+000  0.20867563E+000  0.39152339E+000  0.58404329E+000  0.91404921E+000  0.10468467E+001  0.15024939E+001  0.27093482E+001  0.47001541E+001  0.66753007E+001  0.96065144E+001
  0.16407072E+000  0.20867533E+000  0.39152272E+000  0.58404275E+000  0.91404848E+000  0.10468456E+001  0.15024904E+001  0.27093471E+001  0.47001490E+001  0.66752958E+001  0.96065082E+001
  0.16407042E+000  0.20867504E+000  0.39152205E+000  0.58404221E+000  0.91404775E+000  0.10468444E+001  0.15024870E+001  0.27093461E+001  0.47001443E+001  0.66752909E+001  0.96065021E+001
  0.16407013E+000  0.20867476E+000  0.39152140E+000  0.58404169E+000  0.91404704E+000  0.10468433E+001  0.15024837E+001  0.27093450E+001  0.47001398E+001  0.66752860E+001  0.96064961E+001
  0.16406985E+000  0.20867450E+000  0.39152077E+000  0.58404118E+000  0.91404635E+000  0.10468421E+001  0.15024804E+001  0.27093440E+001  0.47001357E+001  0.66752813E+001  0.96064904E+001
  0.16406959E+000  0.20867424E+000  0.39152016E+000  0.58404069E+000  0.91404568E+000  0.10468411E+001  0.15024773E+001  0.27093430E+001  0.47001319E+001  0.66752768E+001  0.96064849E+001
  0.16406934E+000  0.20867400E+000  0.39151957E+000  0.58404023E+000  0.91404503E+000  0.10468400E+001  0.15024744E+001  0.27093421E+001  0.47001286E+001  0.66752725E+001  0.96064796E+001
  0.16406910E+000  0.20867378E+000  0.39151902E+000  0.58403978E+000  0.91404442E+000  0.10468391E+001  0.15024716E+001  0.27093412E+001  0.47001257E+001  0.66752683E+001  0.96064747E+001
  0.16406888E+000  0.20867357E+000  0.39151850E+000  0.58403937E+000  0.91404384E+000  0.10468381E+001  0.15024689E+001  0.27093403E+001  0.47001234E+001  0.66752645E+001  0.96064702E+001
  0.16406868E+000  0.20867338E+000  0.39151801E+000  0.58403898E+000  0.91404330E+000  0.10468373E+001  0.15024665E+001  0.27093395E+001  0.47001215E+001  0.66752609E+001  0.96064659E+001
  0.16406850E+000  0.20867320E+000  0.39151755E+000  0.58403861E+000  0.91404279E+000  0.10468370E+001  0.15024641E+001  0.27093388E+001  0.47001203E+001  0.66752576E+001  0.96064621E+001
  0.16406828E+000  0.20867304E+000  0.39151713E+000  0.58403828E+000  0.91404232E+000  0.10468367E+001  0.15024620E+001  0.27093381E+001  0.47001197E+001  0.66752545E+001  0.96064586E+001
  0.16406802E+000  0.20867290E+000  0.39151674E+000  0.58403797E+000  0.91404188E+000  0.10468364E+001  0.15024600E+001  0.27093375E+001  0.47001197E+001  0.66752517E+001  0.96064554E+001
  0.16406778E+000  0.20867276E+000  0.39151638E+000  0.58403768E+000  0.91404148E+000  0.10468362E+001  0.15024582E+001  0.27093369E+001  0.47001205E+001  0.66752492E+001  0.96064526E+001
  0.16406756E+000  0.20867265E+000  0.39151606E+000  0.58403742E+000  0.91404110E+000  0.10468360E+001  0.15024566E+001  0.27093363E+001  0.47001220E+001  0.66752470E+001  0.96064500E+001
  0.16406736E+000  0.20867254E+000  0.39151576E+000  0.58403718E+000  0.91404076E+000  0.10468358E+001  0.15024551E+001  0.27093358E+001  0.47001243E+001  0.66752449E+001  0.96064478E+001
  0.16406718E+000  0.20867244E+000  0.39151549E+000  0.58403696E+000  0.91404044E+000  0.10468356E+001  0.15024538E+001  0.27093353E+001  0.47001275E+001  0.66752431E+001  0.96064458E+001
  0.16406702E+000  0.20867236E+000  0.39151524E+000  0.58403676E+000  0.91404014E+000  0.10468354E+001  0.15024526E+001  0.27093349E+001  0.47001316E+001  0.66752414E+001  0.96064439E+001
  0.16406687E+000  0.20867228E+000  0.39151501E+000  0.58403657E+000  0.91403986E+000  0.10468353E+001  0.15024515E+001  0.27093345E+001  0.47001367E+001  0.66752400E+001  0.96064423E+001
  0.16406674E+000  0.20867221E+000  0.39151479E+000  0.58403640E+000  0.91403959E+000  0.10468351E+001  0.15024505E+001  0.27093341E+001  0.47001429E+001  0.66752386E+001  0.96064409E+001
  0.16406662E+000  0.20867214E+000  0.39151460E+000  0.58403624E+000  0.91403934E+000  0.10468350E+001  0.15024497E+001  0.27093337E+001  0.47001502E+001  0.66752374E+001  0.96064395E+001
  0.16406650E+000  0.20867209E+000  0.39151441E+000  0.58403608E+000  0.91403911E+000  0.10468348E+001  0.15024489E+001  0.27093334E+001  0.47001586E+001  0.66752363E+001  0.96064383E+001
  0.16406640E+000  0.20867203E+000  0.39151424E+000  0.58403594E+000  0.91403888E+000  0.10468347E+001  0.15024482E+001  0.27093330E+001  0.47001684E+001  0.66752353E+001  0.96064372E+001
  0.16406631E+000  0.20867198E+000  0.39151408E+000  0.58403580E+000  0.91403866E+000  0.10468346E+001  0.15024476E+001  0.27093327E+001  0.47001771E+001  0.66752343E+001  0.96064361E+001
  0.16406623E+000  0.20867194E+000  0.39151392E+000  0.58403567E+000  0.91403845E+000  0.10468345E+001  0.15024471E+001  0.27093324E+001  0.47001787E+001  0.66752335E+001  0.96064352E+001
  0.16406615E+000  0.20867190E+000  0.39151378E+000  0.58403554E+000  0.91403825E+000  0.10468344E+001  0.15024467E+001  0.27093321E+001  0.47001807E+001  0.66752327E+001  0.96064343E+001
  0.16406608E+000  0.20867186E+000  0.39151365E+000  0.58403542E+000  0.91403805E+000  0.10468343E+001  0.15024463E+001  0.27093318E+001  0.47001830E+001  0.66752319E+001  0.96064334E+001
  0.16406602E+000  0.20867183E+000  0.39151352E+000  0.58403531E+000  0.91403786E+000  0.10468342E+001  0.15024460E+001  0.27093316E+001  0.47001857E+001  0.66752313E+001  0.96064327E+001
  0.16406596E+000  0.20867180E+000  0.39151340E+000  0.58403520E+000  0.91403768E+000  0.10468341E+001  0.15024458E+001  0.27093313E+001  0.47001887E+001  0.66752306E+001  0.96064320E+001
  0.16406591E+000  0.20867177E+000  0.39151329E+000  0.58403510E+000  0.91403751E+000  0.10468340E+001  0.15024456E+001  0.27093310E+001  0.47001920E+001  0.66752301E+001  0.96064314E+001
  0.16406586E+000  0.20867174E+000  0.39151319E+000  0.58403500E+000  0.91403735E+000  0.10468339E+001  0.15024454E+001  0.27093308E+001  0.47001958E+001  0.66752296E+001  0.96064309E+001
  0.16406582E+000  0.20867172E+000  0.39151310E+000  0.58403491E+000  0.91403719E+000  0.10468338E+001  0.15024453E+001  0.27093306E+001  0.47001999E+001  0.66752292E+001  0.96064304E+001
  0.16406579E+000  0.20867171E+000  0.39151302E+000  0.58403483E+000  0.91403704E+000  0.10468337E+001  0.15024453E+001  0.27093304E+001  0.47002043E+001  0.66752288E+001  0.96064301E+001
  0.16406576E+000  0.20867169E+000  0.39151295E+000  0.58403475E+000  0.91403690E+000  0.10468336E+001  0.15024453E+001  0.27093302E+001  0.47002092E+001  0.66752285E+001  0.96064298E+001
  0.16406573E+000  0.20867168E+000  0.39151288E+000  0.58403469E+000  0.91403677E+000  0.10468336E+001  0.15024453E+001  0.27093300E+001  0.47002144E+001  0.66752282E+001  0.96064297E+001
  0.16406571E+000  0.20867167E+000  0.39151283E+000  0.58403462E+000  0.91403665E+000  0.10468335E+001  0.15024454E+001  0.27093298E+001  0.47002199E+001  0.66752281E+001  0.96064296E+001
  0.16406569E+000  0.20867167E+000  0.39151278E+000  0.58403457E+000  0.91403654E+000  0.10468334E+001  0.15024455E+001  0.27093296E+001  0.47002239E+001  0.66752279E+001  0.96064297E+001
  0.16406568E+000  0.20867167E+000  0.39151274E+000  0.58403452E+000  0.91403644E+000  0.10468334E+001  0.15024457E+001  0.27093295E+001  0.47002265E+001  0.66752279E+001  0.96064299E+001
  0.16406567E+000  0.20867167E+000  0.39151271E+000  0.58403447E+000  0.91403634E+000  0.10468333E+001  0.15024459E+001  0.27093294E+001  0.47002293E+001  0.66752279E+001  0.96064301E+001
  0.16406566E+000  0.20867167E+000  0.39153018E+000  0.58403444E+000  0.91403626E+000  0.10468333E+001  0.15024461E+001  0.27093292E+001  0.47002323E+001  0.66752280E+001  0.96064305E+001
  0.16406566E+000  0.20867168E+000  0.39153093E+000  0.58403441E+000  0.91403618E+000  0.10468333E+001  0.15024464E+001  0.27093291E+001  0.47002354E+001  0.66752282E+001  0.96064310E+001
  0.16406566E+000  0.20867169E+000  0.39153170E+000  0.58403438E+000  0.91403612E+000  0.10468332E+001  0.15024467E+001  0.27093290E+001  0.47002387E+001  0.66752284E+001  0.96064316E+001
  0.16406566E+000  0.20867171E+000  0.39153247E+000  0.58403436E+000  0.91403606E+000  0.10468332E+001  0.15024470E+001  0.27093290E+001  0.47002422E+001  0.66752287E+001  0.96064323E+001
  0.16406567E+000  0.20867172E+000  0.39153325E+000  0.58403435E+000  0.91403601E+000  0.10468332E+001  0.15024474E+001  0.27093289E+001  0.47002458E+001  0.66752290E+001  0.96064331E+001
  0.16406568E+000  0.20867174E+000  0.39153404E+000  0.58403434E+000  0.91403596E+000  0.10468332E+001  0.15024477E+001  0.27093288E+001  0.47002496E+001  0.66752294E+001  0.96064340E+001
  0.16406569E+000  0.20867177E+000  0.39153482E+000  0.58403434E+000  0.91403593E+000  0.10468331E+001  0.15024481E+001  0.27093288E+001  0.47002535E+001  0.66752299E+001  0.96064350E+001
  0.16406571E+000  0.20867179E+000  0.39153562E+000  0.58403434E+000  0.91403590E+000  0.10468331E+001  0.15024486E+001  0.27093288E+001  0.47002576E+001  0.66752305E+001  0.96064360E+001
  0.16406572E+000  0.20867182E+000  0.39153641E+000  0.58403435E+000  0.91403587E+000  0.10468331E+001  0.15024490E+001  0.27093287E+001  0.47002617E+001  0.66752311E+001  0.96064372E+001
  0.16406574E+000  0.20867185E+000  0.39153720E+000  0.58403436E+000  0.91403585E+000  0.10468331E+001  0.15024495E+001  0.27093287E+001  0.47002661E+001  0.66752317E+001  0.96064385E+001
  0.16406576E+000  0.20867188E+000  0.39153800E+000  0.58403437E+000  0.91403584E+000  0.10468331E+001  0.15024500E+001  0.27093287E+001  0.47002705E+001  0.66752324E+001  0.96064398E+001
  0.16406579E+000  0.20867191E+000  0.39153879E+000  0.58403439E+000  0.91403583E+000  0.10468331E+001  0.15024505E+001  0.27093287E+001  0.47002744E+001  0.66752332E+001  0.96064413E+001
  0.16406581E+000  0.20867195E+000  0.39153959E+000  0.58403441E+000  0.91403583E+000  0.10468331E+001  0.15024510E+001  0.27093287E+001  0.47002772E+001  0.66774208E+001  0.96064428E+001
  0.16406584E+000  0.20867199E+000  0.39154038E+000  0.58403443E+000  0.91403583E+000  0.10468331E+001  0.15024515E+001  0.27093287E+001  0.47002801E+001  0.66774231E+001  0.96064444E+001
  0.16406587E+000  0.20867202E+000  0.39154118E+000  0.58403446E+000  0.91403584E+000  0.10468331E+001  0.15024521E+001  0.27093288E+001  0.47002831E+001  0.66774255E+001  0.96064461E+001
  0.16406589E+000  0.20867206E+000  0.39154197E+000  0.58403449E+000  0.91403585E+000  0.10468331E+001  0.15024527E+001  0.27093288E+001  0.47002862E+001  0.66774279E+001  0.96064478E+001
  0.16406592E+000  0.20867211E+000  0.39154276E+000  0.58403452E+000  0.91403586E+000  0.10468332E+001  0.15024532E+001  0.27093288E+001  0.47002893E+001  0.66774304E+001  0.96064496E+001
  0.16406595E+000  0.20867215E+000  0.39154355E+000  0.58403455E+000  0.91403587E+000  0.10468332E+001  0.15024538E+001  0.27093288E+001  0.47002925E+001  0.66774330E+001  0.96064515E+001
  0.16406598E+000  0.20867219E+000  0.39154434E+000  0.58403458E+000  0.91403589E+000  0.10468332E+001  0.15024544E+001  0.27093289E+001  0.47002958E+001  0.66774356E+001  0.96064534E+001
  0.16406602E+000  0.20867224E+000  0.39154512E+000  0.58403462E+000  0.91403590E+000  0.10468332E+001  0.15024550E+001  0.27093289E+001  0.47002991E+001  0.66774384E+001  0.96064554E+001
  0.16406605E+000  0.20867228E+000  0.39154590E+000  0.58403465E+000  0.91403592E+000  0.10468332E+001  0.15024556E+001  0.27093290E+001  0.47003026E+001  0.66774412E+001  0.96064575E+001
  0.16406608E+000  0.20867233E+000  0.39154668E+000  0.58403469E+000  0.91403595E+000  0.10468332E+001  0.15024562E+001  0.27093290E+001  0.47003060E+001  0.66774441E+001  0.96064596E+001
  0.16406611E+000  0.20867237E+000  0.39154746E+000  0.58403473E+000  0.91403597E+000  0.10468332E+001  0.15024568E+001  0.27093290E+001  0.47003096E+001  0.66774471E+001  0.96064618E+001
  0.16406614E+000  0.20867242E+000  0.39154823E+000  0.58403476E+000  0.91403599E+000  0.10468333E+001  0.15024574E+001  0.27093291E+001  0.47003132E+001  0.66774502E+001  0.96064641E+001
  0.16406618E+000  0.20867247E+000  0.39154900E+000  0.58403480E+000  0.91403602E+000  0.10468333E+001  0.15024581E+001  0.27093291E+001  0.47003169E+001  0.66774533E+001  0.96064664E+001
  0.16406621E+000  0.20867251E+000  0.39154976E+000  0.58403484E+000  0.91403604E+000  0.10468333E+001  0.15024587E+001  0.27093292E+001  0.47003207E+001  0.66774566E+001  0.96064687E+001
  0.16406624E+000  0.20867256E+000  0.39155053E+000  0.58403488E+000  0.91403607E+000  0.10468333E+001  0.15024593E+001  0.27093292E+001  0.47003245E+001  0.66774599E+001  0.96064712E+001
  0.16406627E+000  0.20867261E+000  0.39155129E+000  0.58403492E+000  0.91403609E+000  0.10468333E+001  0.15024599E+001  0.27093293E+001  0.47003284E+001  0.66774633E+001  0.96064737E+001
  0.16406631E+000  0.20867265E+000  0.39155204E+000  0.58403496E+000  0.91403612E+000  0.10468333E+001  0.15024605E+001  0.27093294E+001  0.47003323E+001  0.66774668E+001  0.96064762E+001
  0.16406634E+000  0.20867270E+000  0.39155279E+000  0.58403500E+000  0.91403614E+000  0.10468334E+001  0.15024611E+001  0.27093294E+001  0.47003609E+001  0.66774704E+001  0.96064788E+001
  0.16406637E+000  0.20867274E+000  0.39155353E+000  0.58403504E+000  0.91403617E+000  0.10468334E+001  0.15024617E+001  0.27093295E+001  0.47004074E+001  0.66774741E+001  0.96064814E+001
  0.16406640E+000  0.20867279E+000  0.39155428E+000  0.58403507E+000  0.91403619E+000  0.10468334E+001  0.15024624E+001  0.27093295E+001  0.47004547E+001  0.66774779E+001  0.96064841E+001
  0.16406643E+000  0.20867283E+000  0.39155501E+000  0.58403511E+000  0.91403621E+000  0.10468334E+001  0.15024630E+001  0.27093296E+001  0.47004756E+001  0.66774817E+001  0.96064869E+001
  0.16406646E+000  0.20867288E+000  0.39155574E+000  0.58403515E+000  0.91403624E+000  0.10468334E+001  0.15024635E+001  0.27093296E+001  0.47004839E+001  0.66774856E+001  0.96064897E+001
  0.16406649E+000  0.20867292E+000  0.39155647E+000  0.58403518E+000  0.91403626E+000  0.10468334E+001  0.15024641E+001  0.27093297E+001  0.47004923E+001  0.66774897E+001  0.96064926E+001
  0.16406651E+000  0.20867296E+000  0.39155719E+000  0.58403522E+000  0.91403628E+000  0.10468334E+001  0.15024647E+001  0.27093297E+001  0.47005007E+001  0.66774938E+001  0.96064962E+001
  0.16406652E+000  0.20867300E+000  0.39155790E+000  0.58403525E+000  0.91403630E+000  0.10468335E+001  0.15024653E+001  0.27093297E+001  0.47005093E+001  0.66780531E+001  0.96065010E+001
  0.16406652E+000  0.20867304E+000  0.39155860E+000  0.58403529E+000  0.91403632E+000  0.10468335E+001  0.15024659E+001  0.27093298E+001  0.47005638E+001  0.66780532E+001  0.96065058E+001
  0.16406653E+000  0.20867308E+000  0.39155930E+000  0.58403532E+000  0.91403634E+000  0.10468335E+001  0.15024664E+001  0.27093298E+001  0.47006627E+001  0.66780533E+001  0.96065108E+001
  0.16406654E+000  0.20867312E+000  0.39155999E+000  0.58403535E+000  0.91403635E+000  0.10468335E+001  0.15024670E+001  0.27093299E+001  0.47007811E+001  0.66780534E+001  0.96065159E+001
  0.16406654E+000  0.20867315E+000  0.39156068E+000  0.58403538E+000  0.91403637E+000  0.10468335E+001  0.15024676E+001  0.27093299E+001  0.47009264E+001  0.66780534E+001  0.96065210E+001
  0.16406655E+000  0.20867319E+000  0.39156135E+000  0.58403541E+000  0.91403638E+000  0.10468335E+001  0.15024681E+001  0.27093299E+001  0.47009790E+001  0.66780535E+001  0.96065263E+001
  0.16406655E+000  0.20867322E+000  0.39156202E+000  0.58403544E+000  0.91403639E+000  0.10468335E+001  0.15024686E+001  0.27093300E+001  0.47009912E+001  0.66780535E+001  0.96065317E+001
  0.16406656E+000  0.20867326E+000  0.39156268E+000  0.58403547E+000  0.91403640E+000  0.10468335E+001  0.15024692E+001  0.27093300E+001  0.47010035E+001  0.66780536E+001  0.96065372E+001
  0.16406656E+000  0.20867329E+000  0.39156333E+000  0.58403549E+000  0.91403641E+000  0.10468335E+001  0.15024697E+001  0.27093300E+001  0.47010159E+001  0.66780536E+001  0.96065428E+001
  0.16406657E+000  0.20867332E+000  0.39156397E+000  0.58403551E+000  0.91403642E+000  0.10468335E+001  0.15024702E+001  0.27093301E+001  0.47010283E+001  0.66780537E+001  0.96065485E+001
  0.16406657E+000  0.20867335E+000  0.39156460E+000  0.58403554E+000  0.91403642E+000  0.10468335E+001  0.15024707E+001  0.27093301E+001  0.47011535E+001  0.66780537E+001  0.96065543E+001
  0.16406657E+000  0.20867337E+000  0.39156522E+000  0.58403556E+000  0.91403643E+000  0.10468335E+001  0.15024712E+001  0.27093301E+001  0.47011554E+001  0.66780537E+001  0.96065602E+001
  0.16406658E+000  0.20867340E+000  0.39156582E+000  0.58403558E+000  0.91403643E+000  0.10468335E+001  0.15024717E+001  0.27093301E+001  0.47011573E+001  0.66780537E+001  0.96065662E+001
  0.16406658E+000  0.20867342E+000  0.39156642E+000  0.58403560E+000  0.91403643E+000  0.10468335E+001  0.15024721E+001  0.27093302E+001  0.47011592E+001  0.66780537E+001  0.96065723E+001
  0.16406658E+000  0.20867345E+000  0.39156700E+000  0.58403562E+000  0.91403643E+000  0.10468335E+001  0.15024726E+001  0.27093302E+001  0.47011611E+001  0.66780537E+001  0.96065785E+001
  0.16406658E+000  0.20867347E+000  0.39156757E+000  0.58403564E+000  0.91403643E+000  0.10468335E+001  0.15024731E+001  0.27093302E+001  0.47011630E+001  0.66780537E+001  0.96065847E+001
  0.16406658E+000  0.20867349E+000  0.39156813E+000  0.58403565E+000  0.91403643E+000  0.10468335E+001  0.15024735E+001  0.27093302E+001  0.47011649E+001  0.66793518E+001  0.96065911E+001
  0.16406658E+000  0.20867351E+000  0.39156868E+000  0.58403567E+000  0.91403643E+000  0.10468335E+001  0.15024739E+001  0.27093302E+001  0.47011668E+001  0.66793721E+001  0.96065976E+001
  0.16406658E+000  0.20867353E+000  0.39156921E+000  0.58403568E+000  0.91403643E+000  0.10468335E+001  0.15024744E+001  0.27093302E+001  0.47011687E+001  0.66793925E+001  0.96066042E+001
  0.16406658E+000  0.20867354E+000  0.39156973E+000  0.58403570E+000  0.91403642E+000  0.10468335E+001  0.15024748E+001  0.27093302E+001  0.47011706E+001  0.66794131E+001  0.96066109E+001
  0.16406658E+000  0.20867356E+000  0.39157023E+000  0.58403571E+000  0.91403642E+000  0.10468335E+001  0.15024752E+001  0.27093302E+001  0.47011724E+001  0.66794337E+001  0.96066176E+001
  0.16406658E+000  0.20867357E+000  0.39157072E+000  0.58403572E+000  0.91403641E+000  0.10468335E+001  0.15024756E+001  0.27093303E+001  0.47011743E+001  0.66794544E+001  0.96066244E+001
  0.16406658E+000  0.20867359E+000  0.39157120E+000  0.58403573E+000  0.91403641E+000  0.10468335E+001  0.15024760E+001  0.27093303E+001  0.47011762E+001  0.66794753E+001  0.96066313E+001
  0.16406658E+000  0.20867360E+000  0.39157166E+000  0.58403574E+000  0.91403640E+000  0.10468335E+001  0.15024764E+001  0.27093303E+001  0.47011780E+001  0.66794961E+001  0.96066383E+001
  0.16406658E+000  0.20867361E+000  0.39157211E+000  0.58403575E+000  0.91403639E+000  0.10468335E+001  0.15024767E+001  0.27093303E+001  0.47011799E+001  0.66795171E+001  0.96066454E+001
  0.16406658E+000  0.20867362E+000  0.39157254E+000  0.58403576E+000  0.91403639E+000  0.10468335E+001  0.15024771E+001  0.27093303E+001  0.47011817E+001  0.66795380E+001  0.96066525E+001
  0.16406657E+000  0.20867363E+000  0.39157295E+000  0.58403577E+000  0.91403638E+000  0.10468335E+001  0.15024775E+001  0.27093303E+001  0.47011835E+001  0.66795590E+001  0.96066597E+001
  0.16406657E+000  0.20867364E+000  0.39157335E+000  0.58403577E+000  0.91403637E+000  0.10468335E+001  0.15024778E+001  0.27093303E+001  0.47011853E+001  0.66795799E+001  0.96066669E+001
  0.16406657E+000  0.20867365E+000  0.39157374E+000  0.58403578E+000  0.91403636E+000  0.10468335E+001  0.15024781E+001  0.27093303E+001  0.47011871E+001  0.66796009E+001  0.96066742E+001
  0.16406657E+000  0.20867366E+000  0.39157411E+000  0.58403579E+000  0.91403635E+000  0.10468335E+001  0.15024785E+001  0.27093303E+001  0.47011888E+001  0.66796218E+001  0.96066816E+001
  0.16406656E+000  0.20867366E+000  0.39157446E+000  0.58403579E+000  0.91403634E+000  0.10468335E+001  0.15024788E+001  0.27093303E+001  0.47011906E+001  0.66796426E+001  0.96066890E+001
  0.16406656E+000  0.20867367E+000  0.39157480E+000  0.58403580E+000  0.91403633E+000  0.10468335E+001  0.15024791E+001  0.27093302E+001  0.47011923E+001  0.66796634E+001  0.96066964E+001
  0.16406656E+000  0.20867368E+000  0.39157512E+000  0.58403580E+000  0.91403632E+000  0.10468335E+001  0.15024794E+001  0.27093302E+001  0.47011940E+001  0.66796840E+001  0.96067039E+001
  0.16406656E+000  0.20867368E+000  0.39157542E+000  0.58403580E+000  0.91403631E+000  0.10468335E+001  0.15024797E+001  0.27093302E+001  0.47011993E+001  0.66797046E+001  0.96067114E+001
  0.16406655E+000  0.20867368E+000  0.39157571E+000  0.58403581E+000  0.91403630E+000  0.10468335E+001  0.15024800E+001  0.27093302E+001  0.47012146E+001  0.66797251E+001  0.96067189E+001
  0.16406655E+000  0.20867369E+000  0.39157598E+000  0.58403581E+000  0.91403630E+000  0.10468335E+001  0.15024802E+001  0.27093302E+001  0.47012465E+001  0.66797454E+001  0.96067265E+001
  0.16406655E+000  0.20867369E+000  0.39157624E+000  0.58403581E+000  0.91403629E+000  0.10468335E+001  0.15024805E+001  0.27093302E+001  0.47012871E+001  0.66797655E+001  0.96067340E+001
  0.16406654E+000  0.20867369E+000  0.39157648E+000  0.58403581E+000  0.91403628E+000  0.10468335E+001  0.15024807E+001  0.27093302E+001  0.47013271E+001  0.66797855E+001  0.96067416E+001
  0.16406654E+000  0.20867369E+000  0.39157670E+000  0.58403581E+000  0.91403627E+000  0.10468335E+001  0.15024809E+001  0.27093302E+001  0.47013665E+001  0.66798052E+001  0.96067491E+001
  0.16406654E+000  0.20867369E+000  0.39157690E+000  0.58403581E+000  0.91403626E+000  0.10468335E+001  0.15024812E+001  0.27093302E+001  0.47014051E+001  0.66798248E+001  0.96067567E+001
  0.16406653E+000  0.20867369E+000  0.39157709E+000  0.58403581E+000  0.91403625E+000  0.10468334E+001  0.15024814E+001  0.27093301E+001  0.47014372E+001  0.66798441E+001  0.96067642E+001
  0.16406653E+000  0.20867369E+000  0.39157726E+000  0.58403580E+000  0.91403624E+000  0.10468334E+001  0.15024816E+001  0.27093301E+001  0.47014608E+001  0.66798632E+001  0.96067718E+001
  0.16406653E+000  0.20867369E+000  0.39157741E+000  0.58403580E+000  0.91403624E+000  0.10468334E+001  0.15024817E+001  0.27093301E+001  0.47014867E+001  0.66798819E+001  0.96067793E+001
  0.16406652E+000  0.20867368E+000  0.39157754E+000  0.58403579E+000  0.91403623E+000  0.10468334E+001  0.15024819E+001  0.27093301E+001  0.47015137E+001  0.66799004E+001  0.96067868E+001
  0.16406652E+000  0.20867368E+000  0.39157766E+000  0.58403579E+000  0.91403622E+000  0.10468334E+001  0.15024820E+001  0.27093300E+001  0.47015402E+001  0.66799185E+001  0.96067942E+001
  0.16406652E+000  0.20867368E+000  0.39157775E+000  0.58403578E+000  0.91403621E+000  0.10468334E+001  0.15024822E+001  0.27093300E+001  0.47015661E+001  0.66799363E+001  0.96068016E+001
  0.16406651E+000  0.20867367E+000  0.39157782E+000  0.58403577E+000  0.91403621E+000  0.10468334E+001  0.15024823E+001  0.27093299E+001  0.47015915E+001  0.66799537E+001  0.96068089E+001
  0.16406651E+000  0.20867366E+000  0.39157787E+000  0.58403576E+000  0.91403620E+000  0.10468334E+001  0.15024824E+001  0.27093299E+001  0.47016164E+001  0.66799707E+001  0.96068162E+001
  0.16406650E+000  0.20867366E+000  0.39157789E+000  0.58403574E+000  0.91403619E+000  0.10468334E+001  0.15024824E+001  0.27093298E+001  0.47016407E+001  0.66799872E+001  0.96068235E+001
  0.16406650E+000  0.20867365E+000  0.39157790E+000  0.58403573E+000  0.91403619E+000  0.10468334E+001  0.15024825E+001  0.27093298E+001  0.47016645E+001  0.66800033E+001  0.96068307E+001
  0.16406650E+000  0.20867364E+000  0.39157787E+000  0.58403571E+000  0.91403618E+000  0.10468334E+001  0.15024825E+001  0.27093297E+001  0.47016876E+001  0.66800188E+001  0.96068377E+001
  0.16406649E+000  0.20867363E+000  0.39157782E+000  0.58403569E+000  0.91403617E+000  0.10468334E+001  0.15024825E+001  0.27093296E+001  0.47017101E+001  0.66800337E+001  0.96068448E+001
  0.16406649E+000  0.20867362E+000  0.39157774E+000  0.58403566E+000  0.91403617E+000  0.10468334E+001  0.15024825E+001  0.27093295E+001  0.47017194E+001  0.66800480E+001  0.96068517E+001
  0.16406648E+000  0.20867360E+000  0.39157763E+000  0.58403563E+000  0.91403616E+000  0.10468333E+001  0.15024824E+001  0.27093294E+001  0.47017200E+001  0.66800616E+001  0.96068585E+001
  0.16406648E+000  0.20867359E+000  0.39157749E+000  0.58403559E+000  0.91403615E+000  0.10468333E+001  0.15024823E+001  0.27093292E+001  0.47017206E+001  0.66800745E+001  0.96068652E+001
  0.16406647E+000  0.20867357E+000  0.39157731E+000  0.58403555E+000  0.91403614E+000  0.10468333E+001  0.15024822E+001  0.27093291E+001  0.47017211E+001  0.66800866E+001  0.96068718E+001
  0.16406647E+000  0.20867355E+000  0.39157709E+000  0.58403550E+000  0.91403613E+000  0.10468333E+001  0.15024820E+001  0.27093289E+001  0.47017216E+001  0.66800978E+001  0.96068783E+001
  0.16406646E+000  0.20867353E+000  0.39157683E+000  0.58403545E+000  0.91403612E+000  0.10468333E+001  0.15024817E+001  0.27093287E+001  0.47017221E+001  0.66801080E+001  0.96068847E+001
  0.16406645E+000  0.20867351E+000  0.39157652E+000  0.58403538E+000  0.91403611E+000  0.10468333E+001  0.15024814E+001  0.27093284E+001  0.47017225E+001  0.66801606E+001  0.96068909E+001
  0.16406644E+000  0.20867348E+000  0.39157616E+000  0.58403530E+000  0.91403610E+000  0.10468333E+001  0.15024811E+001  0.27093282E+001  0.47017230E+001  0.66802153E+001  0.96068970E+001
  0.16406643E+000  0.20867345E+000  0.39157575E+000  0.58403521E+000  0.91403608E+000  0.10468332E+001  0.15024806E+001  0.27093278E+001  0.47017289E+001  0.66802674E+001  0.96069029E+001
  0.16406642E+000  0.20867342E+000  0.39157528E+000  0.58403510E+000  0.91403607E+000  0.10468332E+001  0.15024800E+001  0.27093274E+001  0.47017249E+001  0.66803166E+001  0.96069087E+001
  0.16406641E+000  0.20867338E+000  0.39157474E+000  0.58403497E+000  0.91403604E+000  0.10468332E+001  0.15024793E+001  0.27093270E+001  0.47017204E+001  0.66803628E+001  0.96069143E+001
  0.16406639E+000  0.20867334E+000  0.39157412E+000  0.58403482E+000  0.91403601E+000  0.10468332E+001  0.15024784E+001  0.27093265E+001  0.47017206E+001  0.66804057E+001  0.96069197E+001
  0.16406636E+000  0.20867329E+000  0.39157341E+000  0.58403463E+000  0.91403597E+000  0.10468331E+001  0.15024772E+001  0.27093259E+001  0.47017209E+001  0.66804448E+001  0.96069249E+001
  0.16406632E+000  0.20867323E+000  0.39157259E+000  0.58403437E+000  0.91403589E+000  0.10468331E+001  0.15024756E+001  0.27093252E+001  0.47017212E+001  0.66804798E+001  0.96069299E+001
  0.16406625E+000  0.20867315E+000  0.39157161E+000  0.58403402E+000  0.91403577E+000  0.10468331E+001  0.15024734E+001  0.27093243E+001  0.47017212E+001  0.66805098E+001  0.96069344E+001
  0.16406612E+000  0.20867304E+000  0.39157041E+000  0.58403353E+000  0.91403553E+000  0.10468331E+001  0.15024702E+001  0.27093233E+001  0.47017211E+001  0.66805340E+001  0.96069383E+001
  0.16406591E+000  0.20867287E+000  0.39156900E+000  0.58403285E+000  0.91403526E+000  0.10468330E+001  0.15024661E+001  0.27093221E+001  0.47017210E+001  0.66805516E+001  0.96069420E+001
  0.16406563E+000  0.20867281E+000  0.39156767E+000  0.58403216E+000  0.91403509E+000  0.10468332E+001  0.15024607E+001  0.27093212E+001  0.47017226E+001  0.66805637E+001  0.96069490E+001
  0.16406491E+000  0.20867222E+000  0.39156502E+000  0.58403083E+000  0.91403484E+000  0.10468332E+001  0.15024548E+001  0.27093202E+001  0.47017229E+001  0.66805675E+001  0.96069532E+001
  0.16406133E+000  0.20867046E+000  0.39156176E+000  0.58402783E+000  0.91403219E+000  0.10468325E+001  0.15024354E+001  0.27093139E+001  0.47017155E+001  0.66805226E+001  0.96069418E+001
