  0.45847879E-001
  0.48300840E-001
  0.50129944E-001
  0.51523846E-001
  0.52613104E-001
  0.53478882E-001
  0.54176777E-001
  0.54744487E-001
  0.55209583E-001
  0.55591687E-001
  0.55907205E-001
  0.56168487E-001
  0.56385282E-001
  0.56565556E-001
  0.56715506E-001
  0.56840390E-001
  0.56944528E-001
  0.57031432E-001
  0.57103902E-001
  0.57164342E-001
  0.57214525E-001
  0.57256177E-001
  0.57290651E-001
  0.57319079E-001
  0.57342432E-001
  0.57361518E-001
  0.57377045E-001
  0.57389607E-001
  0.57399725E-001
  0.57407837E-001
  0.57414232E-001
  0.57419341E-001
  0.57423331E-001
  0.57426409E-001
  0.57428745E-001
  0.57430479E-001
  0.57431726E-001
  0.57432583E-001
  0.57433132E-001
  0.57433426E-001
  0.57433514E-001
  0.57433438E-001
  0.57433226E-001
  0.57432903E-001
  0.57432483E-001
  0.57431988E-001
  0.57431423E-001
  0.57430805E-001
  0.57430143E-001
  0.57429446E-001
  0.57428723E-001
  0.57427979E-001
  0.57427228E-001
  0.57426469E-001
  0.57425711E-001
  0.57424963E-001
  0.57424227E-001
  0.57423513E-001
  0.57422820E-001
  0.57422157E-001
  0.57421525E-001
  0.57420927E-001
  0.57420365E-001
  0.57419838E-001
  0.57419350E-001
  0.57418894E-001
  0.57418472E-001
  0.57418081E-001
  0.57417719E-001
  0.57417383E-001
  0.57417069E-001
  0.57416774E-001
  0.57416496E-001
  0.57416232E-001
  0.57415981E-001
  0.57415740E-001
  0.57415507E-001
  0.57415284E-001
  0.57415068E-001
  0.57414860E-001
  0.57414659E-001
  0.57414467E-001
  0.57414282E-001
  0.57414107E-001
  0.57413940E-001
  0.57413783E-001
  0.57413635E-001
  0.57413497E-001
  0.57413368E-001
  0.57413249E-001
  0.57413140E-001
  0.57413040E-001
  0.57412950E-001
  0.57412869E-001
  0.57412797E-001
  0.57412734E-001
  0.57412679E-001
  0.57412631E-001
  0.57412592E-001
  0.57412559E-001
  0.57412534E-001
  0.57412514E-001
  0.57412500E-001
  0.57412492E-001
  0.57412488E-001
  0.57412489E-001
  0.57412493E-001
  0.57412501E-001
  0.57412513E-001
  0.57412527E-001
  0.57412543E-001
  0.57412561E-001
  0.57412582E-001
  0.57412604E-001
  0.57412627E-001
  0.57412651E-001
  0.57412676E-001
  0.57412702E-001
  0.57412727E-001
  0.57412754E-001
  0.57412779E-001
  0.57412805E-001
  0.57412830E-001
  0.57412855E-001
  0.57412879E-001
  0.57412902E-001
  0.57412924E-001
  0.57412945E-001
  0.57412965E-001
  0.57412983E-001
  0.57413000E-001
  0.57413016E-001
  0.57413030E-001
  0.57413043E-001
  0.57413054E-001
  0.57413064E-001
  0.57413073E-001
  0.57413079E-001
  0.57413085E-001
  0.57413089E-001
  0.57413092E-001
  0.57413093E-001
  0.57413093E-001
  0.57413092E-001
  0.57413090E-001
  0.57413087E-001
  0.57413083E-001
  0.57413078E-001
  0.57413072E-001
  0.57413065E-001
  0.57413058E-001
  0.57413050E-001
  0.57413041E-001
  0.57413033E-001
  0.57413024E-001
  0.57413014E-001
  0.57413005E-001
  0.57412995E-001
  0.57412985E-001
  0.57412975E-001
  0.57412965E-001
  0.57412956E-001
  0.57412946E-001
  0.57412937E-001
  0.57412928E-001
  0.57412920E-001
  0.57412911E-001
  0.57412903E-001
  0.57412896E-001
  0.57412888E-001
  0.57412881E-001
  0.57412875E-001
  0.57412869E-001
  0.57412864E-001
  0.57412858E-001
  0.57412854E-001
  0.57412849E-001
  0.57412846E-001
  0.57412842E-001
  0.57412839E-001
  0.57412836E-001
  0.57412833E-001
  0.57412831E-001
  0.57412828E-001
  0.57412826E-001
  0.57412824E-001
  0.57412821E-001
  0.57412819E-001
  0.57412817E-001
  0.57412817E-001
  0.57412818E-001
  0.57412821E-001
  0.57412824E-001
  0.57412821E-001
  0.57412796E-001
  0.57412740E-001
  0.57412700E-001
  0.57413009E-001
  0.57413085E-001
  0.57411623E-001
