  0.20295750E+002
  0.20302184E+002
  0.20307135E+002
  0.20311020E+002
  0.20314111E+002
  0.20316595E+002
  0.20318602E+002
  0.20320231E+002
  0.20321554E+002
  0.20322630E+002
  0.20323504E+002
  0.20324211E+002
  0.20324783E+002
  0.20325242E+002
  0.20325607E+002
  0.20325895E+002
  0.20326119E+002
  0.20326290E+002
  0.20326416E+002
  0.20326504E+002
  0.20326562E+002
  0.20326594E+002
  0.20326604E+002
  0.20326595E+002
  0.20326572E+002
  0.20326535E+002
  0.20326488E+002
  0.20326432E+002
  0.20326368E+002
  0.20326298E+002
  0.20326222E+002
  0.20326141E+002
  0.20326057E+002
  0.20325969E+002
  0.20325878E+002
  0.20325785E+002
  0.20325689E+002
  0.20325591E+002
  0.20325491E+002
  0.20325389E+002
  0.20325286E+002
  0.20325181E+002
  0.20325074E+002
  0.20324966E+002
  0.20324857E+002
  0.20324747E+002
  0.20324635E+002
  0.20324523E+002
  0.20324410E+002
  0.20324295E+002
  0.20324181E+002
  0.20324066E+002
  0.20323950E+002
  0.20323834E+002
  0.20323719E+002
  0.20323603E+002
  0.20323489E+002
  0.20323374E+002
  0.20323261E+002
  0.20323148E+002
  0.20323037E+002
  0.20322927E+002
  0.20322819E+002
  0.20322713E+002
  0.20322608E+002
  0.20322506E+002
  0.20322406E+002
  0.20322309E+002
  0.20322215E+002
  0.20322123E+002
  0.20322034E+002
  0.20321948E+002
  0.20321865E+002
  0.20321786E+002
  0.20321709E+002
  0.20321636E+002
  0.20321567E+002
  0.20321500E+002
  0.20321437E+002
  0.20321377E+002
  0.20321320E+002
  0.20321267E+002
  0.20321216E+002
  0.20321169E+002
  0.20321124E+002
  0.20321082E+002
  0.20321043E+002
  0.20321006E+002
  0.20320972E+002
  0.20320940E+002
  0.20320911E+002
  0.20320884E+002
  0.20320859E+002
  0.20320835E+002
  0.20320814E+002
  0.20320795E+002
  0.20320777E+002
  0.20320762E+002
  0.20320747E+002
  0.20320735E+002
  0.20320723E+002
  0.20320713E+002
  0.20320705E+002
  0.20320698E+002
  0.20320691E+002
  0.20320686E+002
  0.20320682E+002
  0.20320679E+002
  0.20320677E+002
  0.20320675E+002
  0.20320675E+002
  0.20320675E+002
  0.20320675E+002
  0.20320676E+002
  0.20320678E+002
  0.20320679E+002
  0.20320682E+002
  0.20320684E+002
  0.20320687E+002
  0.20320690E+002
  0.20320693E+002
  0.20320696E+002
  0.20320699E+002
  0.20320702E+002
  0.20320705E+002
  0.20320708E+002
  0.20320711E+002
  0.20320713E+002
  0.20320716E+002
  0.20320718E+002
  0.20320720E+002
  0.20320722E+002
  0.20320723E+002
  0.20320724E+002
  0.20320725E+002
  0.20320726E+002
  0.20320726E+002
  0.20320727E+002
  0.20320727E+002
  0.20320726E+002
  0.20320726E+002
  0.20320725E+002
  0.20320724E+002
  0.20320723E+002
  0.20320721E+002
  0.20320719E+002
  0.20320718E+002
  0.20320716E+002
  0.20320714E+002
  0.20320712E+002
  0.20320709E+002
  0.20320707E+002
  0.20320705E+002
  0.20320702E+002
  0.20320700E+002
  0.20320697E+002
  0.20320695E+002
  0.20320693E+002
  0.20320690E+002
  0.20320688E+002
  0.20320686E+002
  0.20320684E+002
  0.20320682E+002
  0.20320680E+002
  0.20320678E+002
  0.20320676E+002
  0.20320674E+002
  0.20320673E+002
  0.20320671E+002
  0.20320670E+002
  0.20320669E+002
  0.20320668E+002
  0.20320667E+002
  0.20320666E+002
  0.20320665E+002
  0.20320664E+002
  0.20320664E+002
  0.20320663E+002
  0.20320662E+002
  0.20320662E+002
  0.20320661E+002
  0.20320660E+002
  0.20320659E+002
  0.20320658E+002
  0.20320657E+002
  0.20320655E+002
  0.20320653E+002
  0.20320651E+002
  0.20320648E+002
  0.20320644E+002
  0.20320640E+002
  0.20320635E+002
  0.20320629E+002
  0.20320621E+002
  0.20320612E+002
  0.20320602E+002
  0.20320589E+002
  0.20320573E+002
  0.20320551E+002
  0.20320526E+002
