  0.12137316E+001  0.81716230E+000  0.54023644E+001  0.73749752E+002
  0.12527321E+001  0.78593508E+000  0.54013245E+001  0.73768755E+002
  0.12523865E+001  0.79533732E+000  0.54063880E+001  0.73774437E+002
  0.12540390E+001  0.79434862E+000  0.54158494E+001  0.73779853E+002
  0.12541875E+001  0.79628510E+000  0.54139514E+001  0.73792030E+002
  0.12542570E+001  0.80022206E+000  0.54162387E+001  0.73795670E+002
  0.12539655E+001  0.79999384E+000  0.54256852E+001  0.73794773E+002
  0.12549444E+001  0.79904118E+000  0.54311713E+001  0.73795776E+002
  0.12549268E+001  0.80163694E+000  0.54303061E+001  0.73799356E+002
  0.12539607E+001  0.80208729E+000  0.54309560E+001  0.73803525E+002
  0.12542096E+001  0.80190248E+000  0.54319004E+001  0.73806011E+002
  0.12551181E+001  0.80102842E+000  0.54296583E+001  0.73811050E+002
  0.12549976E+001  0.80117066E+000  0.54297713E+001  0.73813201E+002
  0.12549405E+001  0.80100892E+000  0.54570076E+001  0.73788018E+002
  0.12549430E+001  0.80098757E+000  0.54660977E+001  0.73780409E+002
  0.12548684E+001  0.80106242E+000  0.54695063E+001  0.73778153E+002
  0.12548075E+001  0.80111938E+000  0.54789260E+001  0.73769633E+002
  0.12548070E+001  0.80238980E+000  0.54780681E+001  0.73769903E+002
  0.12547721E+001  0.80215612E+000  0.54786851E+001  0.73770059E+002
  0.12546499E+001  0.80205633E+000  0.54792007E+001  0.73770120E+002
  0.12546479E+001  0.80204627E+000  0.54794599E+001  0.73770103E+002
  0.12544476E+001  0.80221866E+000  0.54796949E+001  0.73770023E+002
  0.12544416E+001  0.80220960E+000  0.54798830E+001  0.73769889E+002
  0.12544428E+001  0.80219178E+000  0.54800433E+001  0.73769712E+002
  0.12544358E+001  0.80212977E+000  0.54802311E+001  0.73769499E+002
  0.12544283E+001  0.80211962E+000  0.54803461E+001  0.73769256E+002
  0.12544206E+001  0.80210932E+000  0.54804434E+001  0.73768988E+002
  0.12544125E+001  0.80209897E+000  0.54805256E+001  0.73768699E+002
  0.12544042E+001  0.80208861E+000  0.54805950E+001  0.73768393E+002
  0.12543951E+001  0.80207897E+000  0.54806535E+001  0.73768072E+002
  0.12543864E+001  0.80206876E+000  0.54807028E+001  0.73767739E+002
  0.12544405E+001  0.80199578E+000  0.54807443E+001  0.73767394E+002
  0.12544315E+001  0.80198588E+000  0.54807794E+001  0.73767040E+002
  0.12544224E+001  0.80197616E+000  0.54808090E+001  0.73766678E+002
  0.12544132E+001  0.80196664E+000  0.54808342E+001  0.73766308E+002
  0.12543777E+001  0.80198357E+000  0.54808556E+001  0.73765931E+002
  0.12543684E+001  0.80197448E+000  0.54808740E+001  0.73765547E+002
  0.12543590E+001  0.80196562E+000  0.54808899E+001  0.73765158E+002
  0.12543495E+001  0.80195700E+000  0.54809038E+001  0.73764762E+002
  0.12543399E+001  0.80194865E+000  0.54809161E+001  0.73764360E+002
  0.12543304E+001  0.80194056E+000  0.54809271E+001  0.73763953E+002
  0.12543207E+001  0.80193273E+000  0.54809370E+001  0.73763541E+002
  0.12543110E+001  0.80192519E+000  0.54809461E+001  0.73763123E+002
  0.12543013E+001  0.80191794E+000  0.54809546E+001  0.73762700E+002
  0.12542915E+001  0.80191098E+000  0.54809625E+001  0.73762273E+002
  0.12542817E+001  0.80190431E+000  0.54809701E+001  0.73761840E+002
  0.12542719E+001  0.80189794E+000  0.54809773E+001  0.73761403E+002
  0.12542620E+001  0.80189188E+000  0.54809842E+001  0.73760963E+002
  0.12542521E+001  0.80188613E+000  0.54809910E+001  0.73760518E+002
  0.12542422E+001  0.80188068E+000  0.54809976E+001  0.73760070E+002
  0.12542322E+001  0.80187555E+000  0.54810042E+001  0.73759620E+002
  0.12541595E+001  0.80193351E+000  0.54810106E+001  0.73759168E+002
  0.12541496E+001  0.80192901E+000  0.54810169E+001  0.73758714E+002
  0.12541397E+001  0.80192482E+000  0.54810232E+001  0.73758259E+002
  0.12541298E+001  0.80192094E+000  0.54810295E+001  0.73757804E+002
  0.12541200E+001  0.80191739E+000  0.54810357E+001  0.73757350E+002
  0.12541102E+001  0.80191415E+000  0.54810418E+001  0.73756897E+002
  0.12541005E+001  0.80191124E+000  0.54810479E+001  0.73756446E+002
  0.12540908E+001  0.80190865E+000  0.54810540E+001  0.73755999E+002
  0.12540813E+001  0.80190638E+000  0.54810600E+001  0.73755554E+002
  0.12540719E+001  0.80190442E+000  0.54810660E+001  0.73755115E+002
  0.12540559E+001  0.80190952E+000  0.54810720E+001  0.73754681E+002
  0.12540467E+001  0.80190820E+000  0.54810780E+001  0.73754252E+002
  0.12540377E+001  0.80190719E+000  0.54810839E+001  0.73753831E+002
  0.12540289E+001  0.80190648E+000  0.54810898E+001  0.73753417E+002
  0.12540202E+001  0.80190605E+000  0.54810957E+001  0.73753012E+002
  0.12540118E+001  0.80190589E+000  0.54811018E+001  0.73752615E+002
  0.12540035E+001  0.80190599E+000  0.54811078E+001  0.73752228E+002
  0.12539955E+001  0.80190632E+000  0.54811140E+001  0.73751851E+002
  0.12539877E+001  0.80190686E+000  0.54811204E+001  0.73751485E+002
  0.12539802E+001  0.80190760E+000  0.54811269E+001  0.73751130E+002
  0.12539729E+001  0.80190849E+000  0.54811337E+001  0.73750786E+002
  0.12539658E+001  0.80190953E+000  0.54811407E+001  0.73750454E+002
  0.12539590E+001  0.80191068E+000  0.54811480E+001  0.73750134E+002
  0.12539525E+001  0.80191191E+000  0.54811555E+001  0.73749827E+002
  0.12539462E+001  0.80191322E+000  0.54811634E+001  0.73749532E+002
  0.12539403E+001  0.80191457E+000  0.54811716E+001  0.73749249E+002
  0.12539346E+001  0.80191595E+000  0.54811801E+001  0.73748979E+002
  0.12539292E+001  0.80191735E+000  0.54811889E+001  0.73748722E+002
  0.12539241E+001  0.80191874E+000  0.54811980E+001  0.73748477E+002
  0.12539193E+001  0.80192013E+000  0.54812074E+001  0.73748244E+002
  0.12539148E+001  0.80192151E+000  0.54812171E+001  0.73748023E+002
  0.12539106E+001  0.80192288E+000  0.54812270E+001  0.73747813E+002
  0.12539067E+001  0.80192423E+000  0.54812373E+001  0.73747615E+002
  0.12539032E+001  0.80192557E+000  0.54812478E+001  0.73747428E+002
  0.12538999E+001  0.80192690E+000  0.54812585E+001  0.73747252E+002
  0.12538970E+001  0.80192823E+000  0.54812696E+001  0.73747085E+002
  0.12538944E+001  0.80192957E+000  0.54812808E+001  0.73746929E+002
  0.12538921E+001  0.80193092E+000  0.54812924E+001  0.73746782E+002
  0.12538901E+001  0.80193229E+000  0.54813042E+001  0.73746644E+002
  0.12538885E+001  0.80193369E+000  0.54813164E+001  0.73746514E+002
  0.12538871E+001  0.80193512E+000  0.54813288E+001  0.73746393E+002
  0.12538861E+001  0.80193660E+000  0.54813416E+001  0.73746279E+002
  0.12538854E+001  0.80193812E+000  0.54813547E+001  0.73746173E+002
  0.12538849E+001  0.80193970E+000  0.54813682E+001  0.73746073E+002
  0.12538848E+001  0.80194133E+000  0.54813820E+001  0.73745981E+002
  0.12538849E+001  0.80194302E+000  0.54813963E+001  0.73745894E+002
  0.12538853E+001  0.80194476E+000  0.54814110E+001  0.73745814E+002
  0.12538860E+001  0.80194657E+000  0.54814260E+001  0.73745740E+002
  0.12538869E+001  0.80194843E+000  0.54814416E+001  0.73745670E+002
  0.12538881E+001  0.80195035E+000  0.54814575E+001  0.73745606E+002
  0.12538895E+001  0.80195231E+000  0.54814739E+001  0.73745547E+002
  0.12538912E+001  0.80195433E+000  0.54814908E+001  0.73745492E+002
  0.12538930E+001  0.80195639E+000  0.54815080E+001  0.73745442E+002
  0.12538951E+001  0.80195848E+000  0.54815258E+001  0.73745395E+002
  0.12538973E+001  0.80196061E+000  0.54815439E+001  0.73745352E+002
  0.12538998E+001  0.80196276E+000  0.54815625E+001  0.73745313E+002
  0.12539024E+001  0.80196493E+000  0.54815815E+001  0.73745277E+002
  0.12539051E+001  0.80196711E+000  0.54816009E+001  0.73745243E+002
  0.12539080E+001  0.80196929E+000  0.54816206E+001  0.73745213E+002
  0.12539110E+001  0.80197148E+000  0.54816407E+001  0.73745184E+002
  0.12539142E+001  0.80197366E+000  0.54816611E+001  0.73745158E+002
  0.12539174E+001  0.80197582E+000  0.54816818E+001  0.73745134E+002
  0.12539207E+001  0.80197797E+000  0.54817027E+001  0.73745112E+002
  0.12539241E+001  0.80198008E+000  0.54817238E+001  0.73745091E+002
  0.12539276E+001  0.80198217E+000  0.54817451E+001  0.73745072E+002
  0.12539311E+001  0.80198422E+000  0.54817666E+001  0.73745054E+002
  0.12539347E+001  0.80198623E+000  0.54817881E+001  0.73745037E+002
  0.12539382E+001  0.80198820E+000  0.54818096E+001  0.73745020E+002
  0.12539418E+001  0.80199012E+000  0.54818312E+001  0.73745005E+002
  0.12539454E+001  0.80199198E+000  0.54818527E+001  0.73744990E+002
  0.12539490E+001  0.80199379E+000  0.54818741E+001  0.73744975E+002
  0.12539525E+001  0.80199555E+000  0.54818953E+001  0.73744961E+002
  0.12539560E+001  0.80199725E+000  0.54819164E+001  0.73744947E+002
  0.12539594E+001  0.80199888E+000  0.54819372E+001  0.73744933E+002
  0.12539628E+001  0.80200046E+000  0.54819577E+001  0.73744919E+002
  0.12539662E+001  0.80200198E+000  0.54819779E+001  0.73744905E+002
  0.12539694E+001  0.80200344E+000  0.54819977E+001  0.73744891E+002
  0.12539726E+001  0.80200484E+000  0.54820171E+001  0.73744877E+002
  0.12539757E+001  0.80200618E+000  0.54820360E+001  0.73744862E+002
  0.12539786E+001  0.80200745E+000  0.54820545E+001  0.73744848E+002
  0.12539815E+001  0.80200867E+000  0.54820724E+001  0.73744833E+002
  0.12539842E+001  0.80200984E+000  0.54820897E+001  0.73744817E+002
  0.12539868E+001  0.80201095E+000  0.54821064E+001  0.73744802E+002
  0.12539893E+001  0.80201200E+000  0.54821225E+001  0.73744786E+002
  0.12539917E+001  0.80201300E+000  0.54821379E+001  0.73744770E+002
  0.12539939E+001  0.80201394E+000  0.54821527E+001  0.73744754E+002
  0.12539960E+001  0.80201484E+000  0.54821668E+001  0.73744738E+002
  0.12539980E+001  0.80201569E+000  0.54821803E+001  0.73744721E+002
  0.12539998E+001  0.80201648E+000  0.54821930E+001  0.73744705E+002
  0.12540015E+001  0.80201723E+000  0.54822050E+001  0.73744688E+002
  0.12540030E+001  0.80201794E+000  0.54822163E+001  0.73744671E+002
  0.12540045E+001  0.80201860E+000  0.54822268E+001  0.73744654E+002
  0.12540057E+001  0.80201921E+000  0.54822367E+001  0.73744638E+002
  0.12540069E+001  0.80201978E+000  0.54822459E+001  0.73744621E+002
  0.12540079E+001  0.80202031E+000  0.54822544E+001  0.73744604E+002
  0.12540088E+001  0.80202080E+000  0.54822622E+001  0.73744588E+002
  0.12540095E+001  0.80202124E+000  0.54822694E+001  0.73744572E+002
  0.12540102E+001  0.80202165E+000  0.54822759E+001  0.73744556E+002
  0.12540107E+001  0.80202202E+000  0.54822818E+001  0.73744541E+002
  0.12540111E+001  0.80202234E+000  0.54822871E+001  0.73744526E+002
  0.12540114E+001  0.80202263E+000  0.54822919E+001  0.73744511E+002
  0.12540116E+001  0.80202289E+000  0.54822960E+001  0.73744497E+002
  0.12540118E+001  0.80202310E+000  0.54822997E+001  0.73744483E+002
  0.12540118E+001  0.80202328E+000  0.54823028E+001  0.73744470E+002
  0.12540118E+001  0.80202343E+000  0.54823055E+001  0.73744458E+002
  0.12540116E+001  0.80202354E+000  0.54823077E+001  0.73744446E+002
  0.12540114E+001  0.80202362E+000  0.54823095E+001  0.73744435E+002
  0.12540112E+001  0.80202366E+000  0.54823108E+001  0.73744424E+002
  0.12540109E+001  0.80202368E+000  0.54823118E+001  0.73744414E+002
  0.12540105E+001  0.80202366E+000  0.54823125E+001  0.73744405E+002
  0.12540101E+001  0.80202361E+000  0.54823128E+001  0.73744397E+002
  0.12540096E+001  0.80202353E+000  0.54823128E+001  0.73744389E+002
  0.12540091E+001  0.80202343E+000  0.54823125E+001  0.73744382E+002
  0.12540086E+001  0.80202329E+000  0.54823120E+001  0.73744376E+002
  0.12540080E+001  0.80202313E+000  0.54823112E+001  0.73744371E+002
  0.12540074E+001  0.80202295E+000  0.54823102E+001  0.73744366E+002
  0.12540068E+001  0.80202273E+000  0.54823090E+001  0.73744362E+002
  0.12540061E+001  0.80202249E+000  0.54823075E+001  0.73744359E+002
  0.12540054E+001  0.80202223E+000  0.54823060E+001  0.73744356E+002
  0.12540047E+001  0.80202194E+000  0.54823042E+001  0.73744354E+002
  0.12540040E+001  0.80202162E+000  0.54823023E+001  0.73744353E+002
  0.12540033E+001  0.80202128E+000  0.54823002E+001  0.73744352E+002
  0.12540026E+001  0.80202092E+000  0.54822980E+001  0.73744352E+002
  0.12540018E+001  0.80202053E+000  0.54822957E+001  0.73744352E+002
  0.12540010E+001  0.80202011E+000  0.54822932E+001  0.73744352E+002
  0.12540002E+001  0.80201966E+000  0.54822906E+001  0.73744353E+002
  0.12539994E+001  0.80201919E+000  0.54822879E+001  0.73744355E+002
  0.12539986E+001  0.80201868E+000  0.54822850E+001  0.73744356E+002
  0.12539977E+001  0.80201814E+000  0.54822820E+001  0.73744358E+002
  0.12539968E+001  0.80201757E+000  0.54822788E+001  0.73744360E+002
  0.12539959E+001  0.80201696E+000  0.54822754E+001  0.73744361E+002
  0.12539949E+001  0.80201632E+000  0.54822719E+001  0.73744363E+002
  0.12539939E+001  0.80201563E+000  0.54822681E+001  0.73744364E+002
  0.12539929E+001  0.80201489E+000  0.54822642E+001  0.73744364E+002
  0.12539918E+001  0.80201411E+000  0.54822599E+001  0.73744364E+002
  0.12539906E+001  0.80201327E+000  0.54822554E+001  0.73744362E+002
  0.12539894E+001  0.80201237E+000  0.54822506E+001  0.73744360E+002
  0.12539881E+001  0.80201141E+000  0.54822454E+001  0.73744355E+002
  0.12539867E+001  0.80201038E+000  0.54822399E+001  0.73744349E+002
  0.12539852E+001  0.80200928E+000  0.54822339E+001  0.73744340E+002
  0.12539836E+001  0.80200810E+000  0.54822276E+001  0.73744329E+002
  0.12539818E+001  0.80200683E+000  0.54822207E+001  0.73744314E+002
  0.12539800E+001  0.80200548E+000  0.54822134E+001  0.73744295E+002
  0.12539780E+001  0.80200403E+000  0.54822057E+001  0.73744271E+002
  0.12539758E+001  0.80200251E+000  0.54821976E+001  0.73744240E+002
  0.12539735E+001  0.80200093E+000  0.54821901E+001  0.73744199E+002
  0.12539709E+001  0.80199944E+000  0.54821856E+001  0.73744143E+002
  0.12539681E+001  0.80199786E+000  0.54821893E+001  0.73744056E+002
  0.12539651E+001  0.80199581E+000  0.54821848E+001  0.73743967E+002
