  0.68309194E-001
  0.68702033E-001
  0.68924269E-001
  0.69055856E-001
  0.69136562E-001
  0.69187194E-001
  0.69219427E-001
  0.69240075E-001
  0.69253125E-001
  0.69261034E-001
  0.69265401E-001
  0.69267330E-001
  0.69267555E-001
  0.69266593E-001
  0.69264803E-001
  0.69262458E-001
  0.69259764E-001
  0.69256871E-001
  0.69253887E-001
  0.69250886E-001
  0.69247923E-001
  0.69245038E-001
  0.69242260E-001
  0.69239608E-001
  0.69237094E-001
  0.69234724E-001
  0.69232499E-001
  0.69230418E-001
  0.69228477E-001
  0.69226669E-001
  0.69224988E-001
  0.69223426E-001
  0.69221973E-001
  0.69220621E-001
  0.69219359E-001
  0.69218179E-001
  0.69217072E-001
  0.69216029E-001
  0.69215041E-001
  0.69214100E-001
  0.69213200E-001
  0.69212332E-001
  0.69211493E-001
  0.69210676E-001
  0.69209877E-001
  0.69209091E-001
  0.69208316E-001
  0.69207549E-001
  0.69206788E-001
  0.69206032E-001
  0.69205279E-001
  0.69204528E-001
  0.69203780E-001
  0.69203035E-001
  0.69202292E-001
  0.69201553E-001
  0.69200818E-001
  0.69200089E-001
  0.69199365E-001
  0.69198649E-001
  0.69197941E-001
  0.69197243E-001
  0.69196556E-001
  0.69195882E-001
  0.69195221E-001
  0.69194575E-001
  0.69193945E-001
  0.69193333E-001
  0.69192739E-001
  0.69192165E-001
  0.69191612E-001
  0.69191080E-001
  0.69190571E-001
  0.69190085E-001
  0.69189623E-001
  0.69189185E-001
  0.69188772E-001
  0.69188383E-001
  0.69188020E-001
  0.69187681E-001
  0.69187366E-001
  0.69187076E-001
  0.69186808E-001
  0.69186563E-001
  0.69186339E-001
  0.69186135E-001
  0.69185950E-001
  0.69185784E-001
  0.69185635E-001
  0.69185501E-001
  0.69185382E-001
  0.69185276E-001
  0.69185183E-001
  0.69185101E-001
  0.69185030E-001
  0.69184968E-001
  0.69184915E-001
  0.69184871E-001
  0.69184834E-001
  0.69184803E-001
  0.69184779E-001
  0.69184761E-001
  0.69184748E-001
  0.69184739E-001
  0.69184735E-001
  0.69184735E-001
  0.69184738E-001
  0.69184744E-001
  0.69184753E-001
  0.69184765E-001
  0.69184778E-001
  0.69184794E-001
  0.69184810E-001
  0.69184829E-001
  0.69184848E-001
  0.69184868E-001
  0.69184888E-001
  0.69184909E-001
  0.69184929E-001
  0.69184950E-001
  0.69184970E-001
  0.69184990E-001
  0.69185010E-001
  0.69185028E-001
  0.69185046E-001
  0.69185063E-001
  0.69185078E-001
  0.69185093E-001
  0.69185106E-001
  0.69185118E-001
  0.69185129E-001
  0.69185138E-001
  0.69185146E-001
  0.69185152E-001
  0.69185157E-001
  0.69185161E-001
  0.69185163E-001
  0.69185164E-001
  0.69185163E-001
  0.69185161E-001
  0.69185158E-001
  0.69185154E-001
  0.69185148E-001
  0.69185141E-001
  0.69185133E-001
  0.69185125E-001
  0.69185115E-001
  0.69185104E-001
  0.69185093E-001
  0.69185081E-001
  0.69185068E-001
  0.69185055E-001
  0.69185041E-001
  0.69185027E-001
  0.69185013E-001
  0.69184998E-001
  0.69184984E-001
  0.69184969E-001
  0.69184954E-001
  0.69184939E-001
  0.69184924E-001
  0.69184909E-001
  0.69184895E-001
  0.69184881E-001
  0.69184867E-001
  0.69184853E-001
  0.69184840E-001
  0.69184828E-001
  0.69184815E-001
  0.69184803E-001
  0.69184792E-001
  0.69184781E-001
  0.69184770E-001
  0.69184760E-001
  0.69184751E-001
  0.69184742E-001
  0.69184734E-001
  0.69184726E-001
  0.69184718E-001
  0.69184712E-001
  0.69184705E-001
  0.69184700E-001
  0.69184695E-001
  0.69184691E-001
  0.69184687E-001
  0.69184685E-001
  0.69184684E-001
  0.69184685E-001
  0.69184688E-001
  0.69184693E-001
  0.69184702E-001
  0.69184714E-001
  0.69184730E-001
  0.69184752E-001
  0.69184782E-001
  0.69184835E-001
  0.69184937E-001
  0.69185156E-001
  0.69185115E-001
  0.69183953E-001
