  0.16194813E+001
  0.16195760E+001
  0.16196548E+001
  0.16197197E+001
  0.16197724E+001
  0.16198148E+001
  0.16198484E+001
  0.16198745E+001
  0.16198942E+001
  0.16199086E+001
  0.16199185E+001
  0.16199246E+001
  0.16199275E+001
  0.16199277E+001
  0.16199256E+001
  0.16199216E+001
  0.16199160E+001
  0.16199091E+001
  0.16199011E+001
  0.16198921E+001
  0.16198824E+001
  0.16198720E+001
  0.16198612E+001
  0.16198499E+001
  0.16198382E+001
  0.16198263E+001
  0.16198142E+001
  0.16198020E+001
  0.16197896E+001
  0.16197773E+001
  0.16197649E+001
  0.16197525E+001
  0.16197402E+001
  0.16197281E+001
  0.16197160E+001
  0.16197041E+001
  0.16196924E+001
  0.16196809E+001
  0.16196696E+001
  0.16196586E+001
  0.16196478E+001
  0.16196374E+001
  0.16196273E+001
  0.16196175E+001
  0.16196080E+001
  0.16195989E+001
  0.16195902E+001
  0.16195818E+001
  0.16195739E+001
  0.16195663E+001
  0.16195592E+001
  0.16195525E+001
  0.16195461E+001
  0.16195402E+001
  0.16195346E+001
  0.16195295E+001
  0.16195247E+001
  0.16195203E+001
  0.16195163E+001
  0.16195126E+001
  0.16195092E+001
  0.16195062E+001
  0.16195034E+001
  0.16195010E+001
  0.16194987E+001
  0.16194967E+001
  0.16194949E+001
  0.16194934E+001
  0.16194919E+001
  0.16194907E+001
  0.16194896E+001
  0.16194886E+001
  0.16194877E+001
  0.16194869E+001
  0.16194861E+001
  0.16194855E+001
  0.16194849E+001
  0.16194843E+001
  0.16194838E+001
  0.16194833E+001
  0.16194829E+001
  0.16194825E+001
  0.16194821E+001
  0.16194817E+001
  0.16194814E+001
  0.16194811E+001
  0.16194808E+001
  0.16194805E+001
  0.16194803E+001
  0.16194800E+001
  0.16194798E+001
  0.16194796E+001
  0.16194795E+001
  0.16194793E+001
  0.16194792E+001
  0.16194791E+001
  0.16194791E+001
  0.16194790E+001
  0.16194789E+001
  0.16194789E+001
  0.16194789E+001
  0.16194789E+001
  0.16194789E+001
  0.16194790E+001
  0.16194790E+001
  0.16194790E+001
  0.16194791E+001
  0.16194792E+001
  0.16194792E+001
  0.16194793E+001
  0.16194794E+001
  0.16194795E+001
  0.16194796E+001
  0.16194797E+001
  0.16194798E+001
  0.16194799E+001
  0.16194799E+001
  0.16194800E+001
  0.16194801E+001
  0.16194802E+001
  0.16194803E+001
  0.16194804E+001
  0.16194805E+001
  0.16194806E+001
  0.16194807E+001
  0.16194808E+001
  0.16194809E+001
  0.16194810E+001
  0.16194810E+001
  0.16194811E+001
  0.16194812E+001
  0.16194812E+001
  0.16194813E+001
  0.16194813E+001
  0.16194814E+001
  0.16194814E+001
  0.16194814E+001
  0.16194815E+001
  0.16194815E+001
  0.16194815E+001
  0.16194815E+001
  0.16194815E+001
  0.16194815E+001
  0.16194815E+001
  0.16194815E+001
  0.16194815E+001
  0.16194815E+001
  0.16194815E+001
  0.16194815E+001
  0.16194815E+001
  0.16194815E+001
  0.16194814E+001
  0.16194814E+001
  0.16194814E+001
  0.16194814E+001
  0.16194813E+001
  0.16194813E+001
  0.16194813E+001
  0.16194812E+001
  0.16194812E+001
  0.16194812E+001
  0.16194812E+001
  0.16194811E+001
  0.16194811E+001
  0.16194811E+001
  0.16194810E+001
  0.16194810E+001
  0.16194810E+001
  0.16194810E+001
  0.16194809E+001
  0.16194809E+001
  0.16194809E+001
  0.16194809E+001
  0.16194809E+001
  0.16194808E+001
  0.16194808E+001
  0.16194808E+001
  0.16194808E+001
  0.16194808E+001
  0.16194808E+001
  0.16194808E+001
  0.16194808E+001
  0.16194808E+001
  0.16194808E+001
  0.16194808E+001
  0.16194808E+001
  0.16194808E+001
  0.16194808E+001
  0.16194808E+001
  0.16194808E+001
  0.16194808E+001
  0.16194809E+001
  0.16194809E+001
  0.16194809E+001
  0.16194808E+001
  0.16194807E+001
  0.16194806E+001
  0.16194811E+001
  0.16194816E+001
  0.16194766E+001
