  0.10439804E+001  0.59404959E+000  0.85199309E+000  0.39879024E+001
  0.10342771E+001  0.59645642E+000  0.86019363E+000  0.39873775E+001
  0.10306636E+001  0.59520120E+000  0.86497750E+000  0.39877775E+001
  0.10302009E+001  0.59537626E+000  0.86498596E+000  0.39883159E+001
  0.10266371E+001  0.59706825E+000  0.86389819E+000  0.39914865E+001
  0.10265900E+001  0.59483660E+000  0.86596733E+000  0.39918658E+001
  0.10166365E+001  0.60237448E+000  0.86773498E+000  0.39926480E+001
  0.10127923E+001  0.60235695E+000  0.87122997E+000  0.39931192E+001
  0.10101495E+001  0.60324687E+000  0.87292146E+000  0.39932596E+001
  0.10033904E+001  0.60508065E+000  0.87745815E+000  0.39937059E+001
  0.10031769E+001  0.60498878E+000  0.87769313E+000  0.39938159E+001
  0.99764360E+000  0.61044917E+000  0.87398493E+000  0.39976213E+001
  0.99309194E+000  0.61494384E+000  0.87396468E+000  0.39977100E+001
  0.99268114E+000  0.61459242E+000  0.87335951E+000  0.39990781E+001
  0.99266948E+000  0.61146934E+000  0.87578548E+000  0.39997785E+001
  0.98745950E+000  0.61645981E+000  0.87493782E+000  0.40008298E+001
  0.98691113E+000  0.61652324E+000  0.87461551E+000  0.40016147E+001
  0.98690010E+000  0.61644266E+000  0.87456880E+000  0.40017254E+001
  0.98041020E+000  0.62194149E+000  0.87542321E+000  0.40018299E+001
  0.97951957E+000  0.62243815E+000  0.87568295E+000  0.40019283E+001
  0.97950123E+000  0.62238173E+000  0.87562647E+000  0.40020207E+001
  0.97927362E+000  0.62199059E+000  0.87611743E+000  0.40021070E+001
  0.97473061E+000  0.62645762E+000  0.87606944E+000  0.40021874E+001
  0.97470825E+000  0.62628809E+000  0.87614147E+000  0.40022621E+001
  0.97468504E+000  0.62616393E+000  0.87617327E+000  0.40023311E+001
  0.97466114E+000  0.62611254E+000  0.87613742E+000  0.40023947E+001
  0.97463670E+000  0.62606260E+000  0.87610520E+000  0.40024529E+001
  0.97461185E+000  0.62601422E+000  0.87607640E+000  0.40025059E+001
  0.97458668E+000  0.62596748E+000  0.87605087E+000  0.40025540E+001
  0.97440681E+000  0.62607696E+000  0.87602844E+000  0.40025974E+001
  0.97438122E+000  0.62603379E+000  0.87600893E+000  0.40026361E+001
  0.97435227E+000  0.62599573E+000  0.87599221E+000  0.40026704E+001
  0.97432655E+000  0.62595629E+000  0.87597811E+000  0.40027005E+001
  0.97430082E+000  0.62591877E+000  0.87596650E+000  0.40027266E+001
  0.97427513E+000  0.62588320E+000  0.87595724E+000  0.40027489E+001
  0.97424451E+000  0.62585457E+000  0.87595018E+000  0.40027677E+001
  0.97421896E+000  0.62582294E+000  0.87594520E+000  0.40027830E+001
  0.97419350E+000  0.62579329E+000  0.87594216E+000  0.40027951E+001
  0.97416817E+000  0.62576560E+000  0.87594093E+000  0.40028042E+001
  0.97414299E+000  0.62573987E+000  0.87594139E+000  0.40028106E+001
  0.97411797E+000  0.62571606E+000  0.87594341E+000  0.40028144E+001
  0.97409314E+000  0.62569413E+000  0.87594688E+000  0.40028159E+001
  0.97406853E+000  0.62567404E+000  0.87595166E+000  0.40028153E+001
  0.97404414E+000  0.62565574E+000  0.87595766E+000  0.40028128E+001
  0.97402002E+000  0.62563915E+000  0.87596475E+000  0.40028086E+001
  0.97399618E+000  0.62562422E+000  0.87597283E+000  0.40028029E+001
  0.97397266E+000  0.62561085E+000  0.87598178E+000  0.40027959E+001
  0.97394948E+000  0.62559898E+000  0.87599149E+000  0.40027879E+001
  0.97392666E+000  0.62558851E+000  0.87600186E+000  0.40027790E+001
  0.97390424E+000  0.62557935E+000  0.87601279E+000  0.40027695E+001
  0.97388225E+000  0.62557141E+000  0.87602415E+000  0.40027595E+001
  0.97386397E+000  0.62556134E+000  0.87603586E+000  0.40027491E+001
  0.97384290E+000  0.62555557E+000  0.87604779E+000  0.40027387E+001
  0.97382234E+000  0.62555076E+000  0.87605985E+000  0.40027283E+001
  0.97380230E+000  0.62554682E+000  0.87607193E+000  0.40027180E+001
  0.97378281E+000  0.62554366E+000  0.87608391E+000  0.40027081E+001
  0.97376389E+000  0.62554121E+000  0.87609571E+000  0.40026986E+001
  0.97374557E+000  0.62553940E+000  0.87610722E+000  0.40026896E+001
  0.97372785E+000  0.62553816E+000  0.87611835E+000  0.40026813E+001
  0.97371077E+000  0.62553741E+000  0.87612901E+000  0.40026737E+001
  0.97369433E+000  0.62553711E+000  0.87613913E+000  0.40026669E+001
  0.97367382E+000  0.62554192E+000  0.87614864E+000  0.40026609E+001
  0.97365872E+000  0.62554233E+000  0.87615747E+000  0.40026557E+001
  0.97364431E+000  0.62554302E+000  0.87616560E+000  0.40026514E+001
  0.97363060E+000  0.62554393E+000  0.87617297E+000  0.40026479E+001
  0.97361759E+000  0.62554504E+000  0.87617959E+000  0.40026452E+001
  0.97360528E+000  0.62554629E+000  0.87618543E+000  0.40026433E+001
  0.97359368E+000  0.62554767E+000  0.87619051E+000  0.40026421E+001
  0.97358278E+000  0.62554912E+000  0.87619484E+000  0.40026416E+001
  0.97357256E+000  0.62555063E+000  0.87619845E+000  0.40026416E+001
  0.97356302E+000  0.62555217E+000  0.87620138E+000  0.40026422E+001
  0.97355414E+000  0.62555372E+000  0.87620368E+000  0.40026432E+001
  0.97354589E+000  0.62555527E+000  0.87620538E+000  0.40026447E+001
  0.97353825E+000  0.62555679E+000  0.87620656E+000  0.40026464E+001
  0.97353120E+000  0.62555829E+000  0.87620725E+000  0.40026483E+001
  0.97352470E+000  0.62555974E+000  0.87620752E+000  0.40026505E+001
  0.97351873E+000  0.62556115E+000  0.87620743E+000  0.40026527E+001
  0.97351323E+000  0.62556250E+000  0.87620704E+000  0.40026550E+001
  0.97350819E+000  0.62556380E+000  0.87620638E+000  0.40026574E+001
  0.97350356E+000  0.62556504E+000  0.87620552E+000  0.40026597E+001
  0.97349931E+000  0.62556622E+000  0.87620450E+000  0.40026620E+001
  0.97349540E+000  0.62556734E+000  0.87620336E+000  0.40026643E+001
  0.97349179E+000  0.62556840E+000  0.87620213E+000  0.40026665E+001
  0.97348846E+000  0.62556940E+000  0.87620086E+000  0.40026687E+001
  0.97348538E+000  0.62557035E+000  0.87619957E+000  0.40026707E+001
  0.97348250E+000  0.62557124E+000  0.87619827E+000  0.40026727E+001
  0.97347981E+000  0.62557209E+000  0.87619701E+000  0.40026747E+001
  0.97347729E+000  0.62557289E+000  0.87619578E+000  0.40026766E+001
  0.97347490E+000  0.62557365E+000  0.87619460E+000  0.40026784E+001
  0.97347264E+000  0.62557436E+000  0.87619348E+000  0.40026801E+001
  0.97347048E+000  0.62557505E+000  0.87619244E+000  0.40026818E+001
  0.97346841E+000  0.62557570E+000  0.87619146E+000  0.40026835E+001
  0.97346643E+000  0.62557632E+000  0.87619057E+000  0.40026851E+001
  0.97346452E+000  0.62557691E+000  0.87618976E+000  0.40026867E+001
  0.97346268E+000  0.62557748E+000  0.87618902E+000  0.40026882E+001
  0.97346089E+000  0.62557803E+000  0.87618837E+000  0.40026897E+001
  0.97345917E+000  0.62557856E+000  0.87618780E+000  0.40026912E+001
  0.97345750E+000  0.62557907E+000  0.87618730E+000  0.40026926E+001
  0.97345587E+000  0.62557955E+000  0.87618689E+000  0.40026940E+001
  0.97345430E+000  0.62558002E+000  0.87618655E+000  0.40026953E+001
  0.97345278E+000  0.62558047E+000  0.87618629E+000  0.40026966E+001
  0.97345131E+000  0.62558090E+000  0.87618610E+000  0.40026978E+001
  0.97344988E+000  0.62558130E+000  0.87618598E+000  0.40026990E+001
  0.97344850E+000  0.62558167E+000  0.87618593E+000  0.40027002E+001
  0.97344717E+000  0.62558202E+000  0.87618595E+000  0.40027013E+001
  0.97344588E+000  0.62558235E+000  0.87618605E+000  0.40027024E+001
  0.97344464E+000  0.62558264E+000  0.87618620E+000  0.40027034E+001
  0.97344345E+000  0.62558289E+000  0.87618643E+000  0.40027043E+001
  0.97344231E+000  0.62558312E+000  0.87618672E+000  0.40027053E+001
  0.97344121E+000  0.62558331E+000  0.87618707E+000  0.40027061E+001
  0.97344016E+000  0.62558346E+000  0.87618749E+000  0.40027069E+001
  0.97343915E+000  0.62558358E+000  0.87618797E+000  0.40027077E+001
  0.97343819E+000  0.62558365E+000  0.87618851E+000  0.40027084E+001
  0.97343727E+000  0.62558369E+000  0.87618911E+000  0.40027090E+001
  0.97343640E+000  0.62558370E+000  0.87618976E+000  0.40027096E+001
  0.97343557E+000  0.62558366E+000  0.87619047E+000  0.40027102E+001
  0.97343479E+000  0.62558359E+000  0.87619124E+000  0.40027107E+001
  0.97343405E+000  0.62558349E+000  0.87619206E+000  0.40027111E+001
  0.97343335E+000  0.62558335E+000  0.87619292E+000  0.40027115E+001
  0.97343269E+000  0.62558318E+000  0.87619384E+000  0.40027118E+001
  0.97343208E+000  0.62558298E+000  0.87619480E+000  0.40027120E+001
  0.97343150E+000  0.62558275E+000  0.87619580E+000  0.40027122E+001
  0.97343096E+000  0.62558249E+000  0.87619684E+000  0.40027123E+001
  0.97343046E+000  0.62558222E+000  0.87619793E+000  0.40027124E+001
  0.97342999E+000  0.62558192E+000  0.87619904E+000  0.40027124E+001
  0.97342956E+000  0.62558161E+000  0.87620019E+000  0.40027123E+001
  0.97342916E+000  0.62558128E+000  0.87620136E+000  0.40027122E+001
  0.97342879E+000  0.62558094E+000  0.87620256E+000  0.40027120E+001
  0.97342845E+000  0.62558058E+000  0.87620379E+000  0.40027118E+001
  0.97342814E+000  0.62558023E+000  0.87620503E+000  0.40027115E+001
  0.97342786E+000  0.62557986E+000  0.87620630E+000  0.40027111E+001
  0.97342761E+000  0.62557950E+000  0.87620758E+000  0.40027107E+001
  0.97342738E+000  0.62557913E+000  0.87620886E+000  0.40027102E+001
  0.97342717E+000  0.62557877E+000  0.87621016E+000  0.40027097E+001
  0.97342699E+000  0.62557841E+000  0.87621147E+000  0.40027091E+001
  0.97342682E+000  0.62557806E+000  0.87621278E+000  0.40027084E+001
  0.97342668E+000  0.62557771E+000  0.87621409E+000  0.40027077E+001
  0.97342656E+000  0.62557737E+000  0.87621540E+000  0.40027070E+001
  0.97342645E+000  0.62557705E+000  0.87621670E+000  0.40027062E+001
  0.97342636E+000  0.62557673E+000  0.87621801E+000  0.40027054E+001
  0.97342628E+000  0.62557642E+000  0.87621930E+000  0.40027046E+001
  0.97342622E+000  0.62557612E+000  0.87622058E+000  0.40027037E+001
  0.97342617E+000  0.62557584E+000  0.87622186E+000  0.40027028E+001
  0.97342613E+000  0.62557557E+000  0.87622311E+000  0.40027018E+001
  0.97342610E+000  0.62557531E+000  0.87622436E+000  0.40027009E+001
  0.97342609E+000  0.62557507E+000  0.87622559E+000  0.40026999E+001
  0.97342608E+000  0.62557484E+000  0.87622679E+000  0.40026989E+001
  0.97342608E+000  0.62557462E+000  0.87622798E+000  0.40026978E+001
  0.97342609E+000  0.62557441E+000  0.87622915E+000  0.40026968E+001
  0.97342611E+000  0.62557422E+000  0.87623030E+000  0.40026958E+001
  0.97342613E+000  0.62557404E+000  0.87623142E+000  0.40026947E+001
  0.97342617E+000  0.62557387E+000  0.87623252E+000  0.40026937E+001
  0.97342620E+000  0.62557371E+000  0.87623359E+000  0.40026926E+001
  0.97342624E+000  0.62557357E+000  0.87623464E+000  0.40026916E+001
  0.97342629E+000  0.62557343E+000  0.87623566E+000  0.40026906E+001
  0.97342634E+000  0.62557331E+000  0.87623665E+000  0.40026895E+001
  0.97342639E+000  0.62557319E+000  0.87623761E+000  0.40026885E+001
  0.97342645E+000  0.62557309E+000  0.87623854E+000  0.40026875E+001
  0.97342651E+000  0.62557299E+000  0.87623945E+000  0.40026865E+001
  0.97342658E+000  0.62557290E+000  0.87624032E+000  0.40026856E+001
  0.97342664E+000  0.62557282E+000  0.87624117E+000  0.40026846E+001
  0.97342671E+000  0.62557275E+000  0.87624198E+000  0.40026837E+001
  0.97342678E+000  0.62557268E+000  0.87624277E+000  0.40026828E+001
  0.97342685E+000  0.62557262E+000  0.87624352E+000  0.40026819E+001
  0.97342693E+000  0.62557257E+000  0.87624424E+000  0.40026810E+001
  0.97342701E+000  0.62557253E+000  0.87624493E+000  0.40026802E+001
  0.97342709E+000  0.62557249E+000  0.87624559E+000  0.40026794E+001
  0.97342717E+000  0.62557245E+000  0.87624622E+000  0.40026786E+001
  0.97342725E+000  0.62557242E+000  0.87624682E+000  0.40026779E+001
  0.97342734E+000  0.62557240E+000  0.87624739E+000  0.40026771E+001
  0.97342743E+000  0.62557238E+000  0.87624793E+000  0.40026764E+001
  0.97342752E+000  0.62557236E+000  0.87624843E+000  0.40026758E+001
  0.97342762E+000  0.62557235E+000  0.87624891E+000  0.40026751E+001
  0.97342772E+000  0.62557234E+000  0.87624936E+000  0.40026745E+001
  0.97342783E+000  0.62557234E+000  0.87624977E+000  0.40026740E+001
  0.97342794E+000  0.62557234E+000  0.87625016E+000  0.40026734E+001
  0.97342806E+000  0.62557234E+000  0.87625051E+000  0.40026729E+001
  0.97342818E+000  0.62557235E+000  0.87625083E+000  0.40026724E+001
  0.97342832E+000  0.62557236E+000  0.87625112E+000  0.40026719E+001
  0.97342846E+000  0.62557237E+000  0.87625138E+000  0.40026715E+001
  0.97342861E+000  0.62557238E+000  0.87625161E+000  0.40026710E+001
  0.97342877E+000  0.62557240E+000  0.87625180E+000  0.40026707E+001
  0.97342895E+000  0.62557241E+000  0.87625196E+000  0.40026703E+001
  0.97342913E+000  0.62557243E+000  0.87625208E+000  0.40026700E+001
  0.97342933E+000  0.62557245E+000  0.87625216E+000  0.40026697E+001
  0.97342955E+000  0.62557247E+000  0.87625219E+000  0.40026694E+001
  0.97342978E+000  0.62557249E+000  0.87625218E+000  0.40026692E+001
  0.97343003E+000  0.62557250E+000  0.87625212E+000  0.40026690E+001
  0.97343030E+000  0.62557252E+000  0.87625201E+000  0.40026689E+001
  0.97343060E+000  0.62557254E+000  0.87625183E+000  0.40026688E+001
  0.97343095E+000  0.62557256E+000  0.87625159E+000  0.40026688E+001
  0.97343135E+000  0.62557258E+000  0.87625126E+000  0.40026688E+001
  0.97343182E+000  0.62557261E+000  0.87625084E+000  0.40026687E+001
  0.97343240E+000  0.62557264E+000  0.87625031E+000  0.40026686E+001
  0.97343311E+000  0.62557267E+000  0.87624962E+000  0.40026682E+001
  0.97343416E+000  0.62557280E+000  0.87624877E+000  0.40026674E+001
  0.97343565E+000  0.62557302E+000  0.87624771E+000  0.40026666E+001
  0.97343861E+000  0.62557392E+000  0.87624659E+000  0.40026659E+001
  0.97344154E+000  0.62557435E+000  0.87624437E+000  0.40026667E+001
  0.97344248E+000  0.62557354E+000  0.87624093E+000  0.40026501E+001
