  0.16717354E+001
  0.16715889E+001
  0.16714895E+001
  0.16714233E+001
  0.16713792E+001
  0.16713507E+001
  0.16713335E+001
  0.16713249E+001
  0.16713227E+001
  0.16713253E+001
  0.16713314E+001
  0.16713402E+001
  0.16713510E+001
  0.16713631E+001
  0.16713761E+001
  0.16713897E+001
  0.16714036E+001
  0.16714177E+001
  0.16714317E+001
  0.16714456E+001
  0.16714592E+001
  0.16714725E+001
  0.16714854E+001
  0.16714978E+001
  0.16715098E+001
  0.16715213E+001
  0.16715323E+001
  0.16715427E+001
  0.16715527E+001
  0.16715622E+001
  0.16715712E+001
  0.16715797E+001
  0.16715877E+001
  0.16715953E+001
  0.16716025E+001
  0.16716092E+001
  0.16716156E+001
  0.16716216E+001
  0.16716272E+001
  0.16716326E+001
  0.16716376E+001
  0.16716425E+001
  0.16716470E+001
  0.16716514E+001
  0.16716556E+001
  0.16716596E+001
  0.16716635E+001
  0.16716672E+001
  0.16716709E+001
  0.16716744E+001
  0.16716778E+001
  0.16716812E+001
  0.16716844E+001
  0.16716876E+001
  0.16716907E+001
  0.16716937E+001
  0.16716967E+001
  0.16716995E+001
  0.16717023E+001
  0.16717049E+001
  0.16717075E+001
  0.16717100E+001
  0.16717123E+001
  0.16717146E+001
  0.16717167E+001
  0.16717187E+001
  0.16717205E+001
  0.16717222E+001
  0.16717238E+001
  0.16717253E+001
  0.16717266E+001
  0.16717278E+001
  0.16717288E+001
  0.16717297E+001
  0.16717305E+001
  0.16717312E+001
  0.16717317E+001
  0.16717322E+001
  0.16717326E+001
  0.16717329E+001
  0.16717331E+001
  0.16717332E+001
  0.16717333E+001
  0.16717333E+001
  0.16717333E+001
  0.16717333E+001
  0.16717333E+001
  0.16717332E+001
  0.16717331E+001
  0.16717331E+001
  0.16717330E+001
  0.16717329E+001
  0.16717328E+001
  0.16717327E+001
  0.16717327E+001
  0.16717326E+001
  0.16717326E+001
  0.16717326E+001
  0.16717325E+001
  0.16717325E+001
  0.16717325E+001
  0.16717325E+001
  0.16717325E+001
  0.16717325E+001
  0.16717326E+001
  0.16717326E+001
  0.16717327E+001
  0.16717327E+001
  0.16717328E+001
  0.16717328E+001
  0.16717329E+001
  0.16717329E+001
  0.16717330E+001
  0.16717331E+001
  0.16717331E+001
  0.16717332E+001
  0.16717333E+001
  0.16717334E+001
  0.16717334E+001
  0.16717335E+001
  0.16717336E+001
  0.16717336E+001
  0.16717337E+001
  0.16717338E+001
  0.16717338E+001
  0.16717339E+001
  0.16717339E+001
  0.16717340E+001
  0.16717340E+001
  0.16717341E+001
  0.16717341E+001
  0.16717342E+001
  0.16717342E+001
  0.16717342E+001
  0.16717342E+001
  0.16717342E+001
  0.16717343E+001
  0.16717343E+001
  0.16717343E+001
  0.16717343E+001
  0.16717343E+001
  0.16717343E+001
  0.16717342E+001
  0.16717342E+001
  0.16717342E+001
  0.16717342E+001
  0.16717342E+001
  0.16717341E+001
  0.16717341E+001
  0.16717341E+001
  0.16717340E+001
  0.16717340E+001
  0.16717340E+001
  0.16717339E+001
  0.16717339E+001
  0.16717338E+001
  0.16717338E+001
  0.16717338E+001
  0.16717337E+001
  0.16717337E+001
  0.16717337E+001
  0.16717336E+001
  0.16717336E+001
  0.16717335E+001
  0.16717335E+001
  0.16717335E+001
  0.16717334E+001
  0.16717334E+001
  0.16717334E+001
  0.16717334E+001
  0.16717333E+001
  0.16717333E+001
  0.16717333E+001
  0.16717333E+001
  0.16717333E+001
  0.16717332E+001
  0.16717332E+001
  0.16717332E+001
  0.16717332E+001
  0.16717332E+001
  0.16717332E+001
  0.16717332E+001
  0.16717332E+001
  0.16717332E+001
  0.16717332E+001
  0.16717332E+001
  0.16717332E+001
  0.16717332E+001
  0.16717332E+001
  0.16717332E+001
  0.16717333E+001
  0.16717333E+001
  0.16717333E+001
  0.16717332E+001
  0.16717331E+001
  0.16717329E+001
  0.16717326E+001
  0.16717327E+001
  0.16717326E+001
  0.16717280E+001
