  0.11515070E+001
  0.11508318E+001
  0.11502393E+001
  0.11497523E+001
  0.11493529E+001
  0.11490221E+001
  0.11487453E+001
  0.11485123E+001
  0.11483154E+001
  0.11481489E+001
  0.11480076E+001
  0.11478874E+001
  0.11477850E+001
  0.11476975E+001
  0.11476227E+001
  0.11475585E+001
  0.11475034E+001
  0.11474559E+001
  0.11474148E+001
  0.11473793E+001
  0.11473486E+001
  0.11473218E+001
  0.11472985E+001
  0.11472780E+001
  0.11472601E+001
  0.11472442E+001
  0.11472302E+001
  0.11472176E+001
  0.11472064E+001
  0.11471962E+001
  0.11471869E+001
  0.11471785E+001
  0.11471706E+001
  0.11471633E+001
  0.11471565E+001
  0.11471500E+001
  0.11471438E+001
  0.11471378E+001
  0.11471321E+001
  0.11471265E+001
  0.11471211E+001
  0.11471158E+001
  0.11471106E+001
  0.11471055E+001
  0.11471005E+001
  0.11470955E+001
  0.11470906E+001
  0.11470858E+001
  0.11470810E+001
  0.11470763E+001
  0.11470716E+001
  0.11470670E+001
  0.11470625E+001
  0.11470580E+001
  0.11470536E+001
  0.11470493E+001
  0.11470450E+001
  0.11470408E+001
  0.11470367E+001
  0.11470327E+001
  0.11470288E+001
  0.11470249E+001
  0.11470211E+001
  0.11470175E+001
  0.11470139E+001
  0.11470104E+001
  0.11470071E+001
  0.11470038E+001
  0.11470007E+001
  0.11469977E+001
  0.11469948E+001
  0.11469920E+001
  0.11469893E+001
  0.11469868E+001
  0.11469843E+001
  0.11469820E+001
  0.11469798E+001
  0.11469777E+001
  0.11469757E+001
  0.11469739E+001
  0.11469721E+001
  0.11469705E+001
  0.11469689E+001
  0.11469675E+001
  0.11469661E+001
  0.11469648E+001
  0.11469636E+001
  0.11469625E+001
  0.11469614E+001
  0.11469604E+001
  0.11469595E+001
  0.11469586E+001
  0.11469578E+001
  0.11469571E+001
  0.11469564E+001
  0.11469558E+001
  0.11469552E+001
  0.11469546E+001
  0.11469541E+001
  0.11469536E+001
  0.11469532E+001
  0.11469528E+001
  0.11469525E+001
  0.11469521E+001
  0.11469518E+001
  0.11469516E+001
  0.11469513E+001
  0.11469511E+001
  0.11469509E+001
  0.11469507E+001
  0.11469506E+001
  0.11469505E+001
  0.11469504E+001
  0.11469503E+001
  0.11469502E+001
  0.11469501E+001
  0.11469501E+001
  0.11469500E+001
  0.11469500E+001
  0.11469500E+001
  0.11469500E+001
  0.11469499E+001
  0.11469499E+001
  0.11469499E+001
  0.11469499E+001
  0.11469500E+001
  0.11469500E+001
  0.11469500E+001
  0.11469500E+001
  0.11469500E+001
  0.11469500E+001
  0.11469500E+001
  0.11469500E+001
  0.11469500E+001
  0.11469500E+001
  0.11469500E+001
  0.11469500E+001
  0.11469500E+001
  0.11469500E+001
  0.11469500E+001
  0.11469499E+001
  0.11469499E+001
  0.11469499E+001
  0.11469499E+001
  0.11469498E+001
  0.11469498E+001
  0.11469497E+001
  0.11469497E+001
  0.11469496E+001
  0.11469496E+001
  0.11469495E+001
  0.11469495E+001
  0.11469494E+001
  0.11469493E+001
  0.11469493E+001
  0.11469492E+001
  0.11469492E+001
  0.11469491E+001
  0.11469490E+001
  0.11469490E+001
  0.11469489E+001
  0.11469488E+001
  0.11469488E+001
  0.11469487E+001
  0.11469487E+001
  0.11469486E+001
  0.11469485E+001
  0.11469485E+001
  0.11469484E+001
  0.11469484E+001
  0.11469483E+001
  0.11469483E+001
  0.11469483E+001
  0.11469482E+001
  0.11469482E+001
  0.11469482E+001
  0.11469481E+001
  0.11469481E+001
  0.11469481E+001
  0.11469481E+001
  0.11469480E+001
  0.11469480E+001
  0.11469480E+001
  0.11469480E+001
  0.11469480E+001
  0.11469480E+001
  0.11469480E+001
  0.11469480E+001
  0.11469480E+001
  0.11469480E+001
  0.11469480E+001
  0.11469480E+001
  0.11469480E+001
  0.11469480E+001
  0.11469480E+001
  0.11469481E+001
  0.11469480E+001
  0.11469481E+001
  0.11469493E+001
  0.11469558E+001
