  0.18835647E+001
  0.17758517E+001
  0.17628140E+001
  0.17718287E+001
  0.17868517E+001
  0.18029488E+001
  0.18174497E+001
  0.18292481E+001
  0.18382490E+001
  0.18448996E+001
  0.18497158E+001
  0.18532444E+001
  0.18559072E+001
  0.18580020E+001
  0.18597276E+001
  0.18612201E+001
  0.18625741E+001
  0.18638078E+001
  0.18648916E+001
  0.18658540E+001
  0.18667993E+001
  0.18677175E+001
  0.18685931E+001
  0.18694148E+001
  0.18701755E+001
  0.18708716E+001
  0.18715021E+001
  0.18720685E+001
  0.18725737E+001
  0.18730216E+001
  0.18734168E+001
  0.18737640E+001
  0.18740682E+001
  0.18743340E+001
  0.18745662E+001
  0.18747690E+001
  0.18749462E+001
  0.18751013E+001
  0.18752375E+001
  0.18753574E+001
  0.18754634E+001
  0.18755576E+001
  0.18756415E+001
  0.18757167E+001
  0.18757843E+001
  0.18758453E+001
  0.18759005E+001
  0.18759505E+001
  0.18759958E+001
  0.18760369E+001
  0.18760742E+001
  0.18761080E+001
  0.18761384E+001
  0.18761658E+001
  0.18761904E+001
  0.18762124E+001
  0.18762319E+001
  0.18762491E+001
  0.18762642E+001
  0.18762774E+001
  0.18762888E+001
  0.18762986E+001
  0.18763069E+001
  0.18763139E+001
  0.18763197E+001
  0.18763243E+001
  0.18763280E+001
  0.18763309E+001
  0.18763329E+001
  0.18763343E+001
  0.18763351E+001
  0.18763354E+001
  0.18763353E+001
  0.18763348E+001
  0.18763339E+001
  0.18763329E+001
  0.18763316E+001
  0.18763302E+001
  0.18763286E+001
  0.18763270E+001
  0.18763254E+001
  0.18763237E+001
  0.18763221E+001
  0.18763205E+001
  0.18763189E+001
  0.18763174E+001
  0.18763160E+001
  0.18763146E+001
  0.18763133E+001
  0.18763121E+001
  0.18763109E+001
  0.18763099E+001
  0.18763089E+001
  0.18763079E+001
  0.18763070E+001
  0.18763061E+001
  0.18763053E+001
  0.18763046E+001
  0.18763038E+001
  0.18763031E+001
  0.18763025E+001
  0.18763018E+001
  0.18763012E+001
  0.18763006E+001
  0.18763000E+001
  0.18762994E+001
  0.18762989E+001
  0.18762984E+001
  0.18762978E+001
  0.18762973E+001
  0.18762969E+001
  0.18762964E+001
  0.18762959E+001
  0.18762955E+001
  0.18762950E+001
  0.18762946E+001
  0.18762942E+001
  0.18762938E+001
  0.18762934E+001
  0.18762930E+001
  0.18762926E+001
  0.18762922E+001
  0.18762918E+001
  0.18762914E+001
  0.18762911E+001
  0.18762907E+001
  0.18762903E+001
  0.18762899E+001
  0.18762896E+001
  0.18762892E+001
  0.18762888E+001
  0.18762884E+001
  0.18762880E+001
  0.18762876E+001
  0.18762872E+001
  0.18762869E+001
  0.18762865E+001
  0.18762861E+001
  0.18762857E+001
  0.18762853E+001
  0.18762849E+001
  0.18762845E+001
  0.18762841E+001
  0.18762837E+001
  0.18762834E+001
  0.18762830E+001
  0.18762826E+001
  0.18762822E+001
  0.18762819E+001
  0.18762815E+001
  0.18762812E+001
  0.18762809E+001
  0.18762805E+001
  0.18762802E+001
  0.18762799E+001
  0.18762796E+001
  0.18762793E+001
  0.18762791E+001
  0.18762788E+001
  0.18762786E+001
  0.18762784E+001
  0.18762782E+001
  0.18762780E+001
  0.18762778E+001
  0.18762776E+001
  0.18762775E+001
  0.18762773E+001
  0.18762772E+001
  0.18762771E+001
  0.18762770E+001
  0.18762770E+001
  0.18762769E+001
  0.18762769E+001
  0.18762769E+001
  0.18762769E+001
  0.18762769E+001
  0.18762770E+001
  0.18762770E+001
  0.18762771E+001
  0.18762771E+001
  0.18762772E+001
  0.18762773E+001
  0.18762775E+001
  0.18762776E+001
  0.18762777E+001
  0.18762779E+001
  0.18762780E+001
  0.18762781E+001
  0.18762783E+001
  0.18762784E+001
  0.18762786E+001
  0.18762787E+001
  0.18762788E+001
  0.18762791E+001
  0.18762795E+001
  0.18762798E+001
  0.18762789E+001
  0.18762736E+001
  0.18762682E+001
  0.18763083E+001
