  0.69557453E+000  0.85500869E+000  0.10163918E+001  0.20390533E+001
  0.69491106E+000  0.85417402E+000  0.10160328E+001  0.20382096E+001
  0.69429047E+000  0.85336853E+000  0.10156307E+001  0.20376678E+001
  0.69376480E+000  0.85266434E+000  0.10152791E+001  0.20373010E+001
  0.69332678E+000  0.85208173E+000  0.10149646E+001  0.20370389E+001
  0.69295697E+000  0.85160001E+000  0.10146884E+001  0.20368434E+001
  0.69264200E+000  0.85120075E+000  0.10144464E+001  0.20366924E+001
  0.69237310E+000  0.85086963E+000  0.10142339E+001  0.20365729E+001
  0.69214319E+000  0.85059487E+000  0.10140472E+001  0.20364767E+001
  0.69194657E+000  0.85036636E+000  0.10138845E+001  0.20363984E+001
  0.69177767E+000  0.85017670E+000  0.10137423E+001  0.20363338E+001
  0.69163206E+000  0.85001947E+000  0.10136180E+001  0.20362804E+001
  0.69150601E+000  0.84988940E+000  0.10135090E+001  0.20362358E+001
  0.69139646E+000  0.84978215E+000  0.10134131E+001  0.20361984E+001
  0.69130085E+000  0.84969411E+000  0.10133288E+001  0.20361671E+001
  0.69121702E+000  0.84962217E+000  0.10132543E+001  0.20361408E+001
  0.69114318E+000  0.84956374E+000  0.10131882E+001  0.20361186E+001
  0.69107786E+000  0.84951658E+000  0.10131295E+001  0.20360998E+001
  0.69101985E+000  0.84947877E+000  0.10130771E+001  0.20360839E+001
  0.69096814E+000  0.84944892E+000  0.10130302E+001  0.20360703E+001
  0.69092184E+000  0.84942569E+000  0.10129882E+001  0.20360588E+001
  0.69088020E+000  0.84940793E+000  0.10129505E+001  0.20360489E+001
  0.69084261E+000  0.84939469E+000  0.10129165E+001  0.20360402E+001
  0.69080852E+000  0.84938518E+000  0.10128859E+001  0.20360327E+001
  0.69077748E+000  0.84937874E+000  0.10128583E+001  0.20360259E+001
  0.69074909E+000  0.84937482E+000  0.10128334E+001  0.20360198E+001
  0.69072302E+000  0.84937296E+000  0.10128108E+001  0.20360141E+001
  0.69069896E+000  0.84937275E+000  0.10127903E+001  0.20360087E+001
  0.69067666E+000  0.84937388E+000  0.10127718E+001  0.20360034E+001
  0.69065591E+000  0.84937607E+000  0.10127549E+001  0.20359982E+001
  0.69063652E+000  0.84937911E+000  0.10127395E+001  0.20359929E+001
  0.69061833E+000  0.84938280E+000  0.10127254E+001  0.20359876E+001
  0.69060119E+000  0.84938698E+000  0.10127125E+001  0.20359821E+001
  0.69058499E+000  0.84939154E+000  0.10127006E+001  0.20359763E+001
  0.69056964E+000  0.84939637E+000  0.10126896E+001  0.20359704E+001
  0.69055503E+000  0.84940138E+000  0.10126794E+001  0.20359643E+001
  0.69054111E+000  0.84940651E+000  0.10126698E+001  0.20359579E+001
  0.69052780E+000  0.84941169E+000  0.10126608E+001  0.20359513E+001
  0.69051505E+000  0.84941688E+000  0.10126522E+001  0.20359445E+001
  0.69050283E+000  0.84942203E+000  0.10126440E+001  0.20359375E+001
  0.69049109E+000  0.84942713E+000  0.10126362E+001  0.20359302E+001
  0.69047980E+000  0.84943214E+000  0.10126286E+001  0.20359229E+001
  0.69046894E+000  0.84943283E+000  0.10126256E+001  0.20359154E+001
  0.69045849E+000  0.84943286E+000  0.10126232E+001  0.20359077E+001
  0.69044843E+000  0.84943294E+000  0.10126209E+001  0.20358999E+001
  0.69043874E+000  0.84943306E+000  0.10126185E+001  0.20358920E+001
  0.69042941E+000  0.84943321E+000  0.10126161E+001  0.20358840E+001
  0.69042044E+000  0.84943338E+000  0.10126137E+001  0.20358759E+001
  0.69041181E+000  0.84943356E+000  0.10126112E+001  0.20358677E+001
  0.69040352E+000  0.84943373E+000  0.10126087E+001  0.20358595E+001
  0.69039556E+000  0.84943389E+000  0.10126062E+001  0.20358512E+001
  0.69038793E+000  0.84943404E+000  0.10126036E+001  0.20358429E+001
  0.69038061E+000  0.84943415E+000  0.10126010E+001  0.20358345E+001
  0.69037362E+000  0.84943423E+000  0.10125984E+001  0.20358261E+001
  0.69036693E+000  0.84943428E+000  0.10125958E+001  0.20358177E+001
  0.69036056E+000  0.84943427E+000  0.10125932E+001  0.20358094E+001
  0.69035449E+000  0.84943422E+000  0.10125906E+001  0.20358011E+001
  0.69034871E+000  0.84943410E+000  0.10125880E+001  0.20357928E+001
  0.69034324E+000  0.84943393E+000  0.10125854E+001  0.20357846E+001
  0.69033805E+000  0.84943369E+000  0.10125828E+001  0.20357765E+001
  0.69033314E+000  0.84943339E+000  0.10125802E+001  0.20357685E+001
  0.69032851E+000  0.84943302E+000  0.10125777E+001  0.20357606E+001
  0.69032415E+000  0.84943259E+000  0.10125751E+001  0.20357529E+001
  0.69032006E+000  0.84943209E+000  0.10125726E+001  0.20357454E+001
  0.69031621E+000  0.84943153E+000  0.10125702E+001  0.20357380E+001
  0.69031262E+000  0.84943091E+000  0.10125677E+001  0.20357308E+001
  0.69030926E+000  0.84943024E+000  0.10125653E+001  0.20357238E+001
  0.69030613E+000  0.84942952E+000  0.10125630E+001  0.20357170E+001
  0.69030322E+000  0.84942875E+000  0.10125607E+001  0.20357104E+001
  0.69030051E+000  0.84942794E+000  0.10125585E+001  0.20357040E+001
  0.69029801E+000  0.84942711E+000  0.10125563E+001  0.20356979E+001
  0.69029569E+000  0.84942625E+000  0.10125541E+001  0.20356921E+001
  0.69029355E+000  0.84942538E+000  0.10125521E+001  0.20356865E+001
  0.69029158E+000  0.84942449E+000  0.10125501E+001  0.20356811E+001
  0.69028977E+000  0.84942361E+000  0.10125481E+001  0.20356760E+001
  0.69028810E+000  0.84942273E+000  0.10125463E+001  0.20356712E+001
  0.69028658E+000  0.84942186E+000  0.10125445E+001  0.20356666E+001
  0.69028518E+000  0.84942100E+000  0.10125427E+001  0.20356622E+001
  0.69028389E+000  0.84942017E+000  0.10125411E+001  0.20356581E+001
  0.69028272E+000  0.84941937E+000  0.10125395E+001  0.20356542E+001
  0.69028164E+000  0.84941860E+000  0.10125379E+001  0.20356506E+001
  0.69028066E+000  0.84941786E+000  0.10125365E+001  0.20356471E+001
  0.69027975E+000  0.84941715E+000  0.10125351E+001  0.20356439E+001
  0.69027893E+000  0.84941648E+000  0.10125337E+001  0.20356409E+001
  0.69027816E+000  0.84941586E+000  0.10125324E+001  0.20356381E+001
  0.69027747E+000  0.84941527E+000  0.10125312E+001  0.20356355E+001
  0.69027682E+000  0.84941472E+000  0.10125300E+001  0.20356330E+001
  0.69027623E+000  0.84941422E+000  0.10125289E+001  0.20356308E+001
  0.69027568E+000  0.84941375E+000  0.10125278E+001  0.20356286E+001
  0.69027517E+000  0.84941333E+000  0.10125268E+001  0.20356266E+001
  0.69027470E+000  0.84941295E+000  0.10125258E+001  0.20356248E+001
  0.69027427E+000  0.84941261E+000  0.10125249E+001  0.20356231E+001
  0.69027386E+000  0.84941231E+000  0.10125240E+001  0.20356214E+001
  0.69027349E+000  0.84941204E+000  0.10125232E+001  0.20356199E+001
  0.69027314E+000  0.84941182E+000  0.10125224E+001  0.20356185E+001
  0.69027282E+000  0.84941163E+000  0.10125217E+001  0.20356172E+001
  0.69027252E+000  0.84941148E+000  0.10125210E+001  0.20356159E+001
  0.69027225E+000  0.84941137E+000  0.10125204E+001  0.20356147E+001
  0.69027199E+000  0.84941129E+000  0.10125198E+001  0.20356136E+001
  0.69027176E+000  0.84941124E+000  0.10125193E+001  0.20356125E+001
  0.69027155E+000  0.84941122E+000  0.10125188E+001  0.20356115E+001
  0.69027136E+000  0.84941124E+000  0.10125184E+001  0.20356105E+001
  0.69027118E+000  0.84941128E+000  0.10125181E+001  0.20356095E+001
  0.69027102E+000  0.84941134E+000  0.10125178E+001  0.20356086E+001
  0.69027088E+000  0.84941143E+000  0.10125175E+001  0.20356077E+001
  0.69027076E+000  0.84941154E+000  0.10125174E+001  0.20356068E+001
  0.69027065E+000  0.84941167E+000  0.10125173E+001  0.20356060E+001
  0.69027055E+000  0.84941182E+000  0.10125172E+001  0.20356051E+001
  0.69027047E+000  0.84941199E+000  0.10125172E+001  0.20356043E+001
  0.69027040E+000  0.84941217E+000  0.10125172E+001  0.20356034E+001
  0.69027035E+000  0.84941236E+000  0.10125174E+001  0.20356026E+001
  0.69027030E+000  0.84941257E+000  0.10125175E+001  0.20356017E+001
  0.69027027E+000  0.84941278E+000  0.10125178E+001  0.20356009E+001
  0.69027024E+000  0.84941300E+000  0.10125181E+001  0.20356000E+001
  0.69027023E+000  0.84941322E+000  0.10125184E+001  0.20355991E+001
  0.69027022E+000  0.84941345E+000  0.10125188E+001  0.20355983E+001
  0.69027022E+000  0.84941368E+000  0.10125193E+001  0.20355974E+001
  0.69027023E+000  0.84941391E+000  0.10125198E+001  0.20355965E+001
  0.69027024E+000  0.84941414E+000  0.10125203E+001  0.20355955E+001
  0.69027026E+000  0.84941437E+000  0.10125209E+001  0.20355946E+001
  0.69027029E+000  0.84941459E+000  0.10125215E+001  0.20355937E+001
  0.69027032E+000  0.84941482E+000  0.10125222E+001  0.20355927E+001
  0.69027035E+000  0.84941504E+000  0.10125229E+001  0.20355918E+001
  0.69027038E+000  0.84941525E+000  0.10125236E+001  0.20355908E+001
  0.69027042E+000  0.84941546E+000  0.10125243E+001  0.20355898E+001
  0.69027046E+000  0.84941567E+000  0.10125251E+001  0.20355888E+001
  0.69027050E+000  0.84941586E+000  0.10125259E+001  0.20355879E+001
  0.69027055E+000  0.84941605E+000  0.10125267E+001  0.20355869E+001
  0.69027059E+000  0.84941624E+000  0.10125275E+001  0.20355859E+001
  0.69027063E+000  0.84941642E+000  0.10125283E+001  0.20355849E+001
  0.69027068E+000  0.84941659E+000  0.10125291E+001  0.20355839E+001
  0.69027072E+000  0.84941675E+000  0.10125299E+001  0.20355829E+001
  0.69027076E+000  0.84941690E+000  0.10125308E+001  0.20355819E+001
  0.69027080E+000  0.84941705E+000  0.10125316E+001  0.20355809E+001
  0.69027084E+000  0.84941719E+000  0.10125324E+001  0.20355799E+001
  0.69027088E+000  0.84941732E+000  0.10125331E+001  0.20355790E+001
  0.69027091E+000  0.84941744E+000  0.10125339E+001  0.20355780E+001
  0.69027095E+000  0.84941756E+000  0.10125346E+001  0.20355771E+001
  0.69027098E+000  0.84941767E+000  0.10125354E+001  0.20355762E+001
  0.69027101E+000  0.84941777E+000  0.10125361E+001  0.20355752E+001
  0.69027103E+000  0.84941787E+000  0.10125368E+001  0.20355744E+001
  0.69027106E+000  0.84941795E+000  0.10125374E+001  0.20355735E+001
  0.69027108E+000  0.84941804E+000  0.10125381E+001  0.20355726E+001
  0.69027110E+000  0.84941811E+000  0.10125387E+001  0.20355718E+001
  0.69027112E+000  0.84941818E+000  0.10125392E+001  0.20355710E+001
  0.69027114E+000  0.84941824E+000  0.10125398E+001  0.20355702E+001
  0.69027115E+000  0.84941829E+000  0.10125403E+001  0.20355694E+001
  0.69027116E+000  0.84941834E+000  0.10125408E+001  0.20355687E+001
  0.69027117E+000  0.84941839E+000  0.10125413E+001  0.20355679E+001
  0.69027118E+000  0.84941842E+000  0.10125417E+001  0.20355672E+001
  0.69027118E+000  0.84941846E+000  0.10125422E+001  0.20355666E+001
  0.69027118E+000  0.84941849E+000  0.10125426E+001  0.20355659E+001
  0.69027118E+000  0.84941851E+000  0.10125429E+001  0.20355653E+001
  0.69027118E+000  0.84941853E+000  0.10125433E+001  0.20355647E+001
  0.69027118E+000  0.84941855E+000  0.10125436E+001  0.20355641E+001
  0.69027118E+000  0.84941856E+000  0.10125439E+001  0.20355635E+001
  0.69027117E+000  0.84941857E+000  0.10125442E+001  0.20355630E+001
  0.69027117E+000  0.84941857E+000  0.10125444E+001  0.20355625E+001
  0.69027116E+000  0.84941857E+000  0.10125447E+001  0.20355620E+001
  0.69027116E+000  0.84941857E+000  0.10125449E+001  0.20355615E+001
  0.69027115E+000  0.84941857E+000  0.10125451E+001  0.20355611E+001
  0.69027114E+000  0.84941856E+000  0.10125452E+001  0.20355607E+001
  0.69027113E+000  0.84941856E+000  0.10125454E+001  0.20355603E+001
  0.69027112E+000  0.84941855E+000  0.10125456E+001  0.20355599E+001
  0.69027111E+000  0.84941854E+000  0.10125457E+001  0.20355596E+001
  0.69027110E+000  0.84941852E+000  0.10125458E+001  0.20355592E+001
  0.69027108E+000  0.84941851E+000  0.10125459E+001  0.20355589E+001
  0.69027107E+000  0.84941849E+000  0.10125460E+001  0.20355586E+001
  0.69027106E+000  0.84941848E+000  0.10125461E+001  0.20355584E+001
  0.69027105E+000  0.84941846E+000  0.10125462E+001  0.20355582E+001
  0.69027104E+000  0.84941844E+000  0.10125462E+001  0.20355579E+001
  0.69027102E+000  0.84941842E+000  0.10125463E+001  0.20355577E+001
  0.69027101E+000  0.84941840E+000  0.10125463E+001  0.20355576E+001
  0.69027099E+000  0.84941837E+000  0.10125464E+001  0.20355574E+001
  0.69027098E+000  0.84941835E+000  0.10125464E+001  0.20355573E+001
  0.69027096E+000  0.84941833E+000  0.10125464E+001  0.20355572E+001
  0.69027095E+000  0.84941830E+000  0.10125464E+001  0.20355571E+001
  0.69027093E+000  0.84941827E+000  0.10125464E+001  0.20355570E+001
  0.69027091E+000  0.84941824E+000  0.10125464E+001  0.20355570E+001
  0.69027089E+000  0.84941821E+000  0.10125464E+001  0.20355570E+001
  0.69027086E+000  0.84941818E+000  0.10125464E+001  0.20355570E+001
  0.69027084E+000  0.84941814E+000  0.10125464E+001  0.20355570E+001
  0.69027081E+000  0.84941810E+000  0.10125463E+001  0.20355571E+001
  0.69027078E+000  0.84941805E+000  0.10125463E+001  0.20355572E+001
  0.69027074E+000  0.84941800E+000  0.10125462E+001  0.20355573E+001
  0.69027070E+000  0.84941795E+000  0.10125461E+001  0.20355575E+001
  0.69027065E+000  0.84941789E+000  0.10125460E+001  0.20355577E+001
  0.69027060E+000  0.84941782E+000  0.10125459E+001  0.20355579E+001
  0.69027054E+000  0.84941774E+000  0.10125458E+001  0.20355582E+001
  0.69027047E+000  0.84941766E+000  0.10125456E+001  0.20355585E+001
  0.69027039E+000  0.84941756E+000  0.10125454E+001  0.20355589E+001
  0.69027031E+000  0.84941745E+000  0.10125452E+001  0.20355593E+001
  0.69027022E+000  0.84941733E+000  0.10125449E+001  0.20355598E+001
  0.69027014E+000  0.84941720E+000  0.10125447E+001  0.20355604E+001
  0.69027005E+000  0.84941706E+000  0.10125443E+001  0.20355610E+001
  0.69026998E+000  0.84941689E+000  0.10125440E+001  0.20355617E+001
  0.69026992E+000  0.84941664E+000  0.10125435E+001  0.20355623E+001
  0.69026995E+000  0.84941645E+000  0.10125432E+001  0.20355630E+001
  0.69027047E+000  0.84941693E+000  0.10125445E+001  0.20355657E+001
  0.69027279E+000  0.84942166E+000  0.10125525E+001  0.20355765E+001
