 -0.28446723E+000
 -0.28592455E+000
 -0.28678643E+000
 -0.28732409E+000
 -0.28767494E+000
 -0.28791190E+000
 -0.28807643E+000
 -0.28819317E+000
 -0.28827693E+000
 -0.28833715E+000
 -0.28838019E+000
 -0.28841058E+000
 -0.28843147E+000
 -0.28844517E+000
 -0.28845337E+000
 -0.28845739E+000
 -0.28845827E+000
 -0.28845680E+000
 -0.28845358E+000
 -0.28844908E+000
 -0.28844366E+000
 -0.28843762E+000
 -0.28843117E+000
 -0.28842449E+000
 -0.28841772E+000
 -0.28841097E+000
 -0.28840431E+000
 -0.28839780E+000
 -0.28839147E+000
 -0.28838536E+000
 -0.28837949E+000
 -0.28837385E+000
 -0.28836846E+000
 -0.28836329E+000
 -0.28835836E+000
 -0.28835364E+000
 -0.28834911E+000
 -0.28834477E+000
 -0.28834059E+000
 -0.28833656E+000
 -0.28833266E+000
 -0.28832888E+000
 -0.28832520E+000
 -0.28832160E+000
 -0.28831807E+000
 -0.28831461E+000
 -0.28831120E+000
 -0.28830783E+000
 -0.28830451E+000
 -0.28830122E+000
 -0.28829796E+000
 -0.28829473E+000
 -0.28829152E+000
 -0.28828834E+000
 -0.28828519E+000
 -0.28828207E+000
 -0.28827898E+000
 -0.28827593E+000
 -0.28827291E+000
 -0.28826993E+000
 -0.28826700E+000
 -0.28826411E+000
 -0.28826128E+000
 -0.28825850E+000
 -0.28825578E+000
 -0.28825313E+000
 -0.28825054E+000
 -0.28824803E+000
 -0.28824559E+000
 -0.28824323E+000
 -0.28824096E+000
 -0.28823877E+000
 -0.28823667E+000
 -0.28823466E+000
 -0.28823275E+000
 -0.28823093E+000
 -0.28822921E+000
 -0.28822758E+000
 -0.28822606E+000
 -0.28822463E+000
 -0.28822329E+000
 -0.28822205E+000
 -0.28822090E+000
 -0.28821984E+000
 -0.28821886E+000
 -0.28821797E+000
 -0.28821715E+000
 -0.28821640E+000
 -0.28821573E+000
 -0.28821512E+000
 -0.28821456E+000
 -0.28821407E+000
 -0.28821362E+000
 -0.28821323E+000
 -0.28821288E+000
 -0.28821257E+000
 -0.28821230E+000
 -0.28821206E+000
 -0.28821186E+000
 -0.28821169E+000
 -0.28821155E+000
 -0.28821143E+000
 -0.28821134E+000
 -0.28821127E+000
 -0.28821121E+000
 -0.28821118E+000
 -0.28821117E+000
 -0.28821117E+000
 -0.28821119E+000
 -0.28821121E+000
 -0.28821125E+000
 -0.28821130E+000
 -0.28821136E+000
 -0.28821142E+000
 -0.28821149E+000
 -0.28821157E+000
 -0.28821165E+000
 -0.28821173E+000
 -0.28821182E+000
 -0.28821190E+000
 -0.28821199E+000
 -0.28821208E+000
 -0.28821216E+000
 -0.28821224E+000
 -0.28821232E+000
 -0.28821239E+000
 -0.28821247E+000
 -0.28821253E+000
 -0.28821260E+000
 -0.28821265E+000
 -0.28821270E+000
 -0.28821275E+000
 -0.28821279E+000
 -0.28821282E+000
 -0.28821285E+000
 -0.28821288E+000
 -0.28821289E+000
 -0.28821290E+000
 -0.28821291E+000
 -0.28821291E+000
 -0.28821290E+000
 -0.28821289E+000
 -0.28821287E+000
 -0.28821285E+000
 -0.28821282E+000
 -0.28821279E+000
 -0.28821276E+000
 -0.28821272E+000
 -0.28821268E+000
 -0.28821263E+000
 -0.28821258E+000
 -0.28821254E+000
 -0.28821248E+000
 -0.28821243E+000
 -0.28821238E+000
 -0.28821232E+000
 -0.28821227E+000
 -0.28821221E+000
 -0.28821216E+000
 -0.28821210E+000
 -0.28821205E+000
 -0.28821200E+000
 -0.28821195E+000
 -0.28821190E+000
 -0.28821185E+000
 -0.28821180E+000
 -0.28821176E+000
 -0.28821172E+000
 -0.28821168E+000
 -0.28821164E+000
 -0.28821161E+000
 -0.28821158E+000
 -0.28821155E+000
 -0.28821153E+000
 -0.28821151E+000
 -0.28821149E+000
 -0.28821148E+000
 -0.28821147E+000
 -0.28821147E+000
 -0.28821147E+000
 -0.28821148E+000
 -0.28821149E+000
 -0.28821152E+000
 -0.28821154E+000
 -0.28821158E+000
 -0.28821163E+000
 -0.28821168E+000
 -0.28821175E+000
 -0.28821182E+000
 -0.28821191E+000
 -0.28821202E+000
 -0.28821214E+000
 -0.28821227E+000
 -0.28821243E+000
 -0.28821261E+000
 -0.28821286E+000
 -0.28821327E+000
 -0.28821403E+000
 -0.28821350E+000
 -0.28820828E+000
