  0.10774223E+001
  0.10714667E+001
  0.10670584E+001
  0.10636883E+001
  0.10610558E+001
  0.10589568E+001
  0.10572598E+001
  0.10558748E+001
  0.10547365E+001
  0.10537976E+001
  0.10530198E+001
  0.10523734E+001
  0.10518352E+001
  0.10513866E+001
  0.10510124E+001
  0.10506999E+001
  0.10504387E+001
  0.10502202E+001
  0.10500376E+001
  0.10498853E+001
  0.10497583E+001
  0.10496525E+001
  0.10495646E+001
  0.10494916E+001
  0.10494311E+001
  0.10493811E+001
  0.10493399E+001
  0.10493060E+001
  0.10492782E+001
  0.10492554E+001
  0.10492368E+001
  0.10492215E+001
  0.10492090E+001
  0.10491987E+001
  0.10491902E+001
  0.10491832E+001
  0.10491773E+001
  0.10491723E+001
  0.10491680E+001
  0.10491642E+001
  0.10491609E+001
  0.10491579E+001
  0.10491551E+001
  0.10491526E+001
  0.10491502E+001
  0.10491479E+001
  0.10491457E+001
  0.10491437E+001
  0.10491416E+001
  0.10491397E+001
  0.10491378E+001
  0.10491360E+001
  0.10491343E+001
  0.10491325E+001
  0.10491309E+001
  0.10491293E+001
  0.10491277E+001
  0.10491262E+001
  0.10491247E+001
  0.10491233E+001
  0.10491219E+001
  0.10491206E+001
  0.10491193E+001
  0.10491181E+001
  0.10491169E+001
  0.10491157E+001
  0.10491146E+001
  0.10491135E+001
  0.10491125E+001
  0.10491115E+001
  0.10491105E+001
  0.10491096E+001
  0.10491088E+001
  0.10491080E+001
  0.10491072E+001
  0.10491065E+001
  0.10491058E+001
  0.10491051E+001
  0.10491045E+001
  0.10491039E+001
  0.10491033E+001
  0.10491028E+001
  0.10491023E+001
  0.10491018E+001
  0.10491013E+001
  0.10491008E+001
  0.10491003E+001
  0.10490999E+001
  0.10490995E+001
  0.10490991E+001
  0.10490987E+001
  0.10490983E+001
  0.10490979E+001
  0.10490976E+001
  0.10490972E+001
  0.10490969E+001
  0.10490966E+001
  0.10490963E+001
  0.10490960E+001
  0.10490958E+001
  0.10490955E+001
  0.10490952E+001
  0.10490950E+001
  0.10490948E+001
  0.10490946E+001
  0.10490944E+001
  0.10490942E+001
  0.10490940E+001
  0.10490939E+001
  0.10490937E+001
  0.10490936E+001
  0.10490934E+001
  0.10490933E+001
  0.10490932E+001
  0.10490931E+001
  0.10490930E+001
  0.10490929E+001
  0.10490928E+001
  0.10490927E+001
  0.10490926E+001
  0.10490926E+001
  0.10490925E+001
  0.10490924E+001
  0.10490924E+001
  0.10490923E+001
  0.10490923E+001
  0.10490923E+001
  0.10490922E+001
  0.10490922E+001
  0.10490921E+001
  0.10490921E+001
  0.10490921E+001
  0.10490921E+001
  0.10490920E+001
  0.10490920E+001
  0.10490920E+001
  0.10490920E+001
  0.10490920E+001
  0.10490919E+001
  0.10490919E+001
  0.10490919E+001
  0.10490919E+001
  0.10490919E+001
  0.10490919E+001
  0.10490918E+001
  0.10490918E+001
  0.10490918E+001
  0.10490918E+001
  0.10490918E+001
  0.10490917E+001
  0.10490917E+001
  0.10490917E+001
  0.10490917E+001
  0.10490917E+001
  0.10490916E+001
  0.10490916E+001
  0.10490916E+001
  0.10490916E+001
  0.10490916E+001
  0.10490915E+001
  0.10490915E+001
  0.10490915E+001
  0.10490915E+001
  0.10490914E+001
  0.10490914E+001
  0.10490914E+001
  0.10490914E+001
  0.10490914E+001
  0.10490913E+001
  0.10490913E+001
  0.10490913E+001
  0.10490913E+001
  0.10490912E+001
  0.10490912E+001
  0.10490912E+001
  0.10490912E+001
  0.10490912E+001
  0.10490911E+001
  0.10490911E+001
  0.10490911E+001
  0.10490910E+001
  0.10490910E+001
  0.10490910E+001
  0.10490909E+001
  0.10490909E+001
  0.10490908E+001
  0.10490908E+001
  0.10490907E+001
  0.10490907E+001
  0.10490906E+001
  0.10490905E+001
  0.10490904E+001
  0.10490903E+001
  0.10490902E+001
  0.10490901E+001
  0.10490900E+001
  0.10490899E+001
  0.10490897E+001
  0.10490900E+001
  0.10490889E+001
