  0.54642618E+000
  0.54510611E+000
  0.54417369E+000
  0.54347833E+000
  0.54294440E+000
  0.54252444E+000
  0.54218913E+000
  0.54191853E+000
  0.54169842E+000
  0.54151866E+000
  0.54137114E+000
  0.54124977E+000
  0.54114977E+000
  0.54106735E+000
  0.54099946E+000
  0.54094353E+000
  0.54089747E+000
  0.54085959E+000
  0.54082854E+000
  0.54080323E+000
  0.54078266E+000
  0.54076604E+000
  0.54075272E+000
  0.54074213E+000
  0.54073381E+000
  0.54072738E+000
  0.54072250E+000
  0.54071890E+000
  0.54071634E+000
  0.54071462E+000
  0.54071360E+000
  0.54071311E+000
  0.54071306E+000
  0.54071333E+000
  0.54071387E+000
  0.54071459E+000
  0.54071545E+000
  0.54071640E+000
  0.54071742E+000
  0.54071847E+000
  0.54071954E+000
  0.54072060E+000
  0.54072166E+000
  0.54072270E+000
  0.54072372E+000
  0.54072471E+000
  0.54072567E+000
  0.54072661E+000
  0.54072751E+000
  0.54072838E+000
  0.54072921E+000
  0.54073002E+000
  0.54073080E+000
  0.54073155E+000
  0.54073227E+000
  0.54073296E+000
  0.54073363E+000
  0.54073426E+000
  0.54073487E+000
  0.54073546E+000
  0.54073602E+000
  0.54073655E+000
  0.54073706E+000
  0.54073755E+000
  0.54073801E+000
  0.54073846E+000
  0.54073888E+000
  0.54073929E+000
  0.54073967E+000
  0.54074004E+000
  0.54074039E+000
  0.54074072E+000
  0.54074104E+000
  0.54074134E+000
  0.54074163E+000
  0.54074190E+000
  0.54074216E+000
  0.54074241E+000
  0.54074264E+000
  0.54074286E+000
  0.54074306E+000
  0.54074326E+000
  0.54074344E+000
  0.54074361E+000
  0.54074377E+000
  0.54074392E+000
  0.54074406E+000
  0.54074419E+000
  0.54074431E+000
  0.54074442E+000
  0.54074453E+000
  0.54074463E+000
  0.54074472E+000
  0.54074481E+000
  0.54074489E+000
  0.54074496E+000
  0.54074503E+000
  0.54074509E+000
  0.54074515E+000
  0.54074521E+000
  0.54074526E+000
  0.54074530E+000
  0.54074535E+000
  0.54074538E+000
  0.54074541E+000
  0.54074544E+000
  0.54074547E+000
  0.54074549E+000
  0.54074550E+000
  0.54074552E+000
  0.54074553E+000
  0.54074553E+000
  0.54074553E+000
  0.54074553E+000
  0.54074553E+000
  0.54074552E+000
  0.54074551E+000
  0.54074550E+000
  0.54074548E+000
  0.54074547E+000
  0.54074545E+000
  0.54074543E+000
  0.54074540E+000
  0.54074538E+000
  0.54074535E+000
  0.54074533E+000
  0.54074530E+000
  0.54074527E+000
  0.54074524E+000
  0.54074521E+000
  0.54074518E+000
  0.54074514E+000
  0.54074511E+000
  0.54074508E+000
  0.54074504E+000
  0.54074501E+000
  0.54074498E+000
  0.54074495E+000
  0.54074491E+000
  0.54074488E+000
  0.54074485E+000
  0.54074482E+000
  0.54074479E+000
  0.54074476E+000
  0.54074473E+000
  0.54074470E+000
  0.54074467E+000
  0.54074464E+000
  0.54074461E+000
  0.54074459E+000
  0.54074456E+000
  0.54074453E+000
  0.54074451E+000
  0.54074449E+000
  0.54074446E+000
  0.54074444E+000
  0.54074442E+000
  0.54074440E+000
  0.54074438E+000
  0.54074436E+000
  0.54074434E+000
  0.54074432E+000
  0.54074430E+000
  0.54074429E+000
  0.54074427E+000
  0.54074426E+000
  0.54074424E+000
  0.54074423E+000
  0.54074421E+000
  0.54074420E+000
  0.54074419E+000
  0.54074417E+000
  0.54074416E+000
  0.54074415E+000
  0.54074414E+000
  0.54074413E+000
  0.54074412E+000
  0.54074411E+000
  0.54074410E+000
  0.54074409E+000
  0.54074408E+000
  0.54074407E+000
  0.54074406E+000
  0.54074405E+000
  0.54074404E+000
  0.54074403E+000
  0.54074402E+000
  0.54074401E+000
  0.54074400E+000
  0.54074399E+000
  0.54074398E+000
  0.54074397E+000
  0.54074396E+000
  0.54074395E+000
  0.54074395E+000
  0.54074395E+000
  0.54074398E+000
  0.54074397E+000
  0.54074389E+000
  0.54074205E+000
