 -0.15017766E+000  0.33182193E+000  0.36323521E+001  0.83846940E+002
 -0.14932568E+000  0.33296097E+000  0.36339083E+001  0.83869509E+002
 -0.14874608E+000  0.33378338E+000  0.36350451E+001  0.83887087E+002
 -0.14833584E+000  0.33438406E+000  0.36358943E+001  0.83901027E+002
 -0.14803973E+000  0.33482162E+000  0.36365366E+001  0.83912226E+002
 -0.14782659E+000  0.33513678E+000  0.36370246E+001  0.83921313E+002
 -0.14767564E+000  0.33535805E+000  0.36373943E+001  0.83928736E+002
 -0.14757246E+000  0.33550640E+000  0.36376716E+001  0.83934826E+002
 -0.14750675E+000  0.33559759E+000  0.36378762E+001  0.83939837E+002
 -0.14747092E+000  0.33564368E+000  0.36380235E+001  0.83943969E+002
 -0.14745908E+000  0.33565406E+000  0.36381255E+001  0.83947378E+002
 -0.14746662E+000  0.33563623E+000  0.36381916E+001  0.83950193E+002
 -0.14748977E+000  0.33559619E+000  0.36382290E+001  0.83952516E+002
 -0.14752546E+000  0.33553875E+000  0.36382437E+001  0.83954430E+002
 -0.14757114E+000  0.33546779E+000  0.36382404E+001  0.83956004E+002
 -0.14762470E+000  0.33538648E+000  0.36382227E+001  0.83957293E+002
 -0.14768438E+000  0.33529732E+000  0.36381935E+001  0.83958345E+002
 -0.14774874E+000  0.33520236E+000  0.36381552E+001  0.83959197E+002
 -0.14781661E+000  0.33510329E+000  0.36381096E+001  0.83959881E+002
 -0.14788701E+000  0.33500148E+000  0.36380582E+001  0.83960424E+002
 -0.14795913E+000  0.33489798E+000  0.36380022E+001  0.83960847E+002
 -0.14803230E+000  0.33479365E+000  0.36379426E+001  0.83961170E+002
 -0.14810598E+000  0.33468922E+000  0.36378800E+001  0.83961406E+002
 -0.14817972E+000  0.33458527E+000  0.36378153E+001  0.83961570E+002
 -0.14825316E+000  0.33448228E+000  0.36377488E+001  0.83961672E+002
 -0.14832598E+000  0.33438063E+000  0.36376811E+001  0.83961721E+002
 -0.14839795E+000  0.33428063E+000  0.36376124E+001  0.83961725E+002
 -0.14846887E+000  0.33418252E+000  0.36375431E+001  0.83961689E+002
 -0.14853858E+000  0.33408652E+000  0.36374735E+001  0.83961619E+002
 -0.14860694E+000  0.33399278E+000  0.36374038E+001  0.83961520E+002
 -0.14867386E+000  0.33390144E+000  0.36373342E+001  0.83961395E+002
 -0.14873924E+000  0.33381262E+000  0.36372649E+001  0.83961248E+002
 -0.14880304E+000  0.33372641E+000  0.36371961E+001  0.83961080E+002
 -0.14886520E+000  0.33364288E+000  0.36371278E+001  0.83960893E+002
 -0.14892569E+000  0.33356210E+000  0.36370602E+001  0.83960690E+002
 -0.14898450E+000  0.33348411E+000  0.36369934E+001  0.83960472E+002
 -0.14904161E+000  0.33340896E+000  0.36369274E+001  0.83960240E+002
 -0.14909702E+000  0.33333668E+000  0.36368623E+001  0.83959995E+002
 -0.14915074E+000  0.33326729E+000  0.36367982E+001  0.83959737E+002
 -0.14920277E+000  0.33320080E+000  0.36367352E+001  0.83959468E+002
 -0.14925314E+000  0.33313722E+000  0.36366731E+001  0.83959187E+002
 -0.14930184E+000  0.33307654E+000  0.36366121E+001  0.83958896E+002
 -0.14934890E+000  0.33301892E+000  0.36365519E+001  0.83958594E+002
 -0.14939434E+000  0.33296419E+000  0.36364928E+001  0.83958283E+002
 -0.14943817E+000  0.33291229E+000  0.36364347E+001  0.83957962E+002
 -0.14948041E+000  0.33286319E+000  0.36363778E+001  0.83957633E+002
 -0.14952106E+000  0.33281683E+000  0.36363218E+001  0.83957295E+002
 -0.14956015E+000  0.33277316E+000  0.36362670E+001  0.83956949E+002
 -0.14959768E+000  0.33273212E+000  0.36362132E+001  0.83956596E+002
 -0.14963366E+000  0.33269364E+000  0.36361606E+001  0.83956237E+002
 -0.14966811E+000  0.33265764E+000  0.36361091E+001  0.83955872E+002
 -0.14970102E+000  0.33262403E+000  0.36360587E+001  0.83955501E+002
 -0.14973242E+000  0.33259274E+000  0.36360096E+001  0.83955125E+002
 -0.14976230E+000  0.33256367E+000  0.36359616E+001  0.83954746E+002
 -0.14979069E+000  0.33253671E+000  0.36359149E+001  0.83954363E+002
 -0.14981760E+000  0.33251177E+000  0.36358695E+001  0.83953979E+002
 -0.14984303E+000  0.33248876E+000  0.36358254E+001  0.83953592E+002
 -0.14986702E+000  0.33246757E+000  0.36357827E+001  0.83953205E+002
 -0.14988958E+000  0.33244810E+000  0.36357414E+001  0.83952818E+002
 -0.14991074E+000  0.33243025E+000  0.36357016E+001  0.83952433E+002
 -0.14993053E+000  0.33241394E+000  0.36356633E+001  0.83952049E+002
 -0.14994898E+000  0.33239906E+000  0.36356264E+001  0.83951667E+002
 -0.14996614E+000  0.33238554E+000  0.36355911E+001  0.83951290E+002
 -0.14998203E+000  0.33237329E+000  0.36355575E+001  0.83950916E+002
 -0.14999670E+000  0.33236223E+000  0.36355254E+001  0.83950548E+002
 -0.15001020E+000  0.33235229E+000  0.36354949E+001  0.83950185E+002
 -0.15002258E+000  0.33234341E+000  0.36354661E+001  0.83949829E+002
 -0.15003389E+000  0.33233551E+000  0.36354390E+001  0.83949480E+002
 -0.15004418E+000  0.33232853E+000  0.36354135E+001  0.83949138E+002
 -0.15005350E+000  0.33232243E+000  0.36353897E+001  0.83948805E+002
 -0.15006192E+000  0.33231715E+000  0.36353676E+001  0.83948481E+002
 -0.15006949E+000  0.33231263E+000  0.36353472E+001  0.83948166E+002
 -0.15007626E+000  0.33230883E+000  0.36353284E+001  0.83947861E+002
 -0.15008230E+000  0.33230570E+000  0.36353112E+001  0.83947566E+002
 -0.15008765E+000  0.33230319E+000  0.36352957E+001  0.83947281E+002
 -0.15009238E+000  0.33230127E+000  0.36352817E+001  0.83947007E+002
 -0.15009653E+000  0.33229988E+000  0.36352692E+001  0.83946744E+002
 -0.15010016E+000  0.33229899E+000  0.36352582E+001  0.83946491E+002
 -0.15010332E+000  0.33229855E+000  0.36352486E+001  0.83946250E+002
 -0.15010606E+000  0.33229852E+000  0.36352403E+001  0.83946019E+002
 -0.15010842E+000  0.33229886E+000  0.36352334E+001  0.83945799E+002
 -0.15011044E+000  0.33229954E+000  0.36352278E+001  0.83945590E+002
 -0.15011216E+000  0.33230051E+000  0.36352233E+001  0.83945392E+002
 -0.15011361E+000  0.33230175E+000  0.36352199E+001  0.83945203E+002
 -0.15011484E+000  0.33230322E+000  0.36352177E+001  0.83945025E+002
 -0.15011586E+000  0.33230489E+000  0.36352164E+001  0.83944857E+002
 -0.15011671E+000  0.33230674E+000  0.36352162E+001  0.83944698E+002
 -0.15011741E+000  0.33230874E+000  0.36352168E+001  0.83944549E+002
 -0.15011797E+000  0.33231086E+000  0.36352184E+001  0.83944408E+002
 -0.15011842E+000  0.33231310E+000  0.36352208E+001  0.83944276E+002
 -0.15011878E+000  0.33231543E+000  0.36352241E+001  0.83944152E+002
 -0.15011905E+000  0.33231783E+000  0.36352281E+001  0.83944037E+002
 -0.15011924E+000  0.33232030E+000  0.36352330E+001  0.83943928E+002
 -0.15011938E+000  0.33232281E+000  0.36352386E+001  0.83943827E+002
 -0.15011946E+000  0.33232536E+000  0.36352450E+001  0.83943733E+002
 -0.15011950E+000  0.33232793E+000  0.36352521E+001  0.83943646E+002
 -0.15011950E+000  0.33233052E+000  0.36352599E+001  0.83943565E+002
 -0.15011946E+000  0.33233312E+000  0.36352684E+001  0.83943490E+002
 -0.15011940E+000  0.33233570E+000  0.36352776E+001  0.83943421E+002
 -0.15011931E+000  0.33233828E+000  0.36352874E+001  0.83943358E+002
 -0.15011920E+000  0.33234083E+000  0.36352979E+001  0.83943300E+002
 -0.15011908E+000  0.33234336E+000  0.36353090E+001  0.83943246E+002
 -0.15011894E+000  0.33234584E+000  0.36353207E+001  0.83943198E+002
 -0.15011880E+000  0.33234828E+000  0.36353329E+001  0.83943154E+002
 -0.15011864E+000  0.33235067E+000  0.36353457E+001  0.83943114E+002
 -0.15011848E+000  0.33235300E+000  0.36353589E+001  0.83943078E+002
 -0.15011831E+000  0.33235526E+000  0.36353725E+001  0.83943046E+002
 -0.15011815E+000  0.33235746E+000  0.36353866E+001  0.83943017E+002
 -0.15011798E+000  0.33235958E+000  0.36354010E+001  0.83942992E+002
 -0.15011781E+000  0.33236162E+000  0.36354157E+001  0.83942969E+002
 -0.15011765E+000  0.33236359E+000  0.36354307E+001  0.83942950E+002
 -0.15011749E+000  0.33236547E+000  0.36354458E+001  0.83942933E+002
 -0.15011733E+000  0.33236727E+000  0.36354612E+001  0.83942918E+002
 -0.15011718E+000  0.33236898E+000  0.36354766E+001  0.83942905E+002
 -0.15011703E+000  0.33237061E+000  0.36354921E+001  0.83942894E+002
 -0.15011689E+000  0.33237215E+000  0.36355076E+001  0.83942885E+002
 -0.15011676E+000  0.33237361E+000  0.36355230E+001  0.83942877E+002
 -0.15011663E+000  0.33237498E+000  0.36355384E+001  0.83942870E+002
 -0.15011651E+000  0.33237627E+000  0.36355536E+001  0.83942865E+002
 -0.15011640E+000  0.33237747E+000  0.36355686E+001  0.83942861E+002
 -0.15011629E+000  0.33237859E+000  0.36355834E+001  0.83942857E+002
 -0.15011620E+000  0.33237964E+000  0.36355979E+001  0.83942854E+002
 -0.15011610E+000  0.33238061E+000  0.36356122E+001  0.83942851E+002
 -0.15011602E+000  0.33238151E+000  0.36356261E+001  0.83942849E+002
 -0.15011594E+000  0.33238233E+000  0.36356396E+001  0.83942847E+002
 -0.15011587E+000  0.33238309E+000  0.36356528E+001  0.83942845E+002
 -0.15011580E+000  0.33238378E+000  0.36356655E+001  0.83942842E+002
 -0.15011574E+000  0.33238440E+000  0.36356778E+001  0.83942840E+002
 -0.15011569E+000  0.33238497E+000  0.36356896E+001  0.83942838E+002
 -0.15011564E+000  0.33238548E+000  0.36357009E+001  0.83942835E+002
 -0.15011560E+000  0.33238593E+000  0.36357118E+001  0.83942832E+002
 -0.15011557E+000  0.33238633E+000  0.36357222E+001  0.83942828E+002
 -0.15011553E+000  0.33238668E+000  0.36357320E+001  0.83942824E+002
 -0.15011551E+000  0.33238699E+000  0.36357414E+001  0.83942820E+002
 -0.15011549E+000  0.33238724E+000  0.36357503E+001  0.83942815E+002
 -0.15011547E+000  0.33238746E+000  0.36357587E+001  0.83942809E+002
 -0.15011545E+000  0.33238764E+000  0.36357666E+001  0.83942803E+002
 -0.15011544E+000  0.33238778E+000  0.36357740E+001  0.83942796E+002
 -0.15011543E+000  0.33238788E+000  0.36357809E+001  0.83942789E+002
 -0.15011543E+000  0.33238796E+000  0.36357874E+001  0.83942781E+002
 -0.15011543E+000  0.33238800E+000  0.36357934E+001  0.83942773E+002
 -0.15011543E+000  0.33238802E+000  0.36357990E+001  0.83942764E+002
 -0.15011543E+000  0.33238801E+000  0.36358042E+001  0.83942755E+002
 -0.15011544E+000  0.33238797E+000  0.36358089E+001  0.83942745E+002
 -0.15011544E+000  0.33238792E+000  0.36358133E+001  0.83942735E+002
 -0.15011545E+000  0.33238784E+000  0.36358173E+001  0.83942725E+002
 -0.15011546E+000  0.33238775E+000  0.36358209E+001  0.83942714E+002
 -0.15011547E+000  0.33238764E+000  0.36358242E+001  0.83942703E+002
 -0.15011549E+000  0.33238752E+000  0.36358272E+001  0.83942692E+002
 -0.15011550E+000  0.33238738E+000  0.36358299E+001  0.83942681E+002
 -0.15011552E+000  0.33238724E+000  0.36358323E+001  0.83942669E+002
 -0.15011554E+000  0.33238708E+000  0.36358345E+001  0.83942658E+002
 -0.15011556E+000  0.33238691E+000  0.36358363E+001  0.83942647E+002
 -0.15011557E+000  0.33238674E+000  0.36358380E+001  0.83942636E+002
 -0.15011560E+000  0.33238656E+000  0.36358394E+001  0.83942625E+002
 -0.15011562E+000  0.33238637E+000  0.36358406E+001  0.83942614E+002
 -0.15011564E+000  0.33238617E+000  0.36358416E+001  0.83942603E+002
 -0.15011566E+000  0.33238597E+000  0.36358425E+001  0.83942593E+002
 -0.15011569E+000  0.33238577E+000  0.36358431E+001  0.83942583E+002
 -0.15011571E+000  0.33238556E+000  0.36358437E+001  0.83942573E+002
 -0.15011574E+000  0.33238534E+000  0.36358440E+001  0.83942564E+002
 -0.15011577E+000  0.33238513E+000  0.36358443E+001  0.83942556E+002
 -0.15011580E+000  0.33238490E+000  0.36358444E+001  0.83942547E+002
 -0.15011583E+000  0.33238467E+000  0.36358444E+001  0.83942540E+002
 -0.15011586E+000  0.33238443E+000  0.36358442E+001  0.83942533E+002
 -0.15011589E+000  0.33238419E+000  0.36358440E+001  0.83942526E+002
 -0.15011593E+000  0.33238394E+000  0.36358437E+001  0.83942520E+002
 -0.15011597E+000  0.33238368E+000  0.36358432E+001  0.83942515E+002
 -0.15011601E+000  0.33238341E+000  0.36358427E+001  0.83942510E+002
 -0.15011605E+000  0.33238313E+000  0.36358421E+001  0.83942505E+002
 -0.15011610E+000  0.33238283E+000  0.36358414E+001  0.83942502E+002
 -0.15011615E+000  0.33238252E+000  0.36358406E+001  0.83942498E+002
 -0.15011620E+000  0.33238219E+000  0.36358397E+001  0.83942496E+002
 -0.15011625E+000  0.33238185E+000  0.36358387E+001  0.83942493E+002
 -0.15011631E+000  0.33238148E+000  0.36358376E+001  0.83942492E+002
 -0.15011637E+000  0.33238109E+000  0.36358363E+001  0.83942490E+002
 -0.15011644E+000  0.33238068E+000  0.36358350E+001  0.83942489E+002
 -0.15011651E+000  0.33238024E+000  0.36358335E+001  0.83942489E+002
 -0.15011658E+000  0.33237977E+000  0.36358319E+001  0.83942488E+002
 -0.15011666E+000  0.33237926E+000  0.36358301E+001  0.83942488E+002
 -0.15011675E+000  0.33237872E+000  0.36358282E+001  0.83942487E+002
 -0.15011684E+000  0.33237813E+000  0.36358260E+001  0.83942487E+002
 -0.15011694E+000  0.33237751E+000  0.36358237E+001  0.83942486E+002
 -0.15011704E+000  0.33237683E+000  0.36358211E+001  0.83942485E+002
 -0.15011715E+000  0.33237611E+000  0.36358182E+001  0.83942483E+002
 -0.15011726E+000  0.33237533E+000  0.36358151E+001  0.83942481E+002
 -0.15011739E+000  0.33237449E+000  0.36358116E+001  0.83942477E+002
 -0.15011752E+000  0.33237359E+000  0.36358078E+001  0.83942472E+002
 -0.15011766E+000  0.33237263E+000  0.36358035E+001  0.83942466E+002
 -0.15011780E+000  0.33237159E+000  0.36357989E+001  0.83942458E+002
 -0.15011795E+000  0.33237049E+000  0.36357938E+001  0.83942447E+002
 -0.15011809E+000  0.33236932E+000  0.36357882E+001  0.83942434E+002
 -0.15011822E+000  0.33236807E+000  0.36357820E+001  0.83942417E+002
 -0.15011832E+000  0.33236674E+000  0.36357752E+001  0.83942395E+002
 -0.15011836E+000  0.33236533E+000  0.36357677E+001  0.83942368E+002
 -0.15011826E+000  0.33236392E+000  0.36357595E+001  0.83942335E+002
 -0.15011783E+000  0.33236264E+000  0.36357507E+001  0.83942292E+002
 -0.15011679E+000  0.33236194E+000  0.36357417E+001  0.83942238E+002
 -0.15011536E+000  0.33236079E+000  0.36357304E+001  0.83942164E+002
 -0.15011675E+000  0.33235514E+000  0.36357123E+001  0.83942069E+002
