  0.16055153E+001
  0.16007582E+001
  0.15973233E+001
  0.15947400E+001
  0.15927480E+001
  0.15911755E+001
  0.15899146E+001
  0.15888926E+001
  0.15880577E+001
  0.15873730E+001
  0.15868086E+001
  0.15863419E+001
  0.15859551E+001
  0.15856342E+001
  0.15853678E+001
  0.15851464E+001
  0.15849620E+001
  0.15848085E+001
  0.15846808E+001
  0.15845747E+001
  0.15844867E+001
  0.15844136E+001
  0.15843530E+001
  0.15843030E+001
  0.15842616E+001
  0.15842275E+001
  0.15841994E+001
  0.15841763E+001
  0.15841573E+001
  0.15841416E+001
  0.15841287E+001
  0.15841181E+001
  0.15841092E+001
  0.15841018E+001
  0.15840955E+001
  0.15840901E+001
  0.15840855E+001
  0.15840813E+001
  0.15840776E+001
  0.15840742E+001
  0.15840710E+001
  0.15840681E+001
  0.15840653E+001
  0.15840625E+001
  0.15840599E+001
  0.15840574E+001
  0.15840549E+001
  0.15840525E+001
  0.15840501E+001
  0.15840478E+001
  0.15840455E+001
  0.15840433E+001
  0.15840412E+001
  0.15840391E+001
  0.15840371E+001
  0.15840351E+001
  0.15840331E+001
  0.15840313E+001
  0.15840294E+001
  0.15840277E+001
  0.15840260E+001
  0.15840244E+001
  0.15840228E+001
  0.15840213E+001
  0.15840198E+001
  0.15840184E+001
  0.15840171E+001
  0.15840158E+001
  0.15840146E+001
  0.15840135E+001
  0.15840124E+001
  0.15840114E+001
  0.15840104E+001
  0.15840095E+001
  0.15840087E+001
  0.15840079E+001
  0.15840072E+001
  0.15840065E+001
  0.15840059E+001
  0.15840053E+001
  0.15840048E+001
  0.15840043E+001
  0.15840038E+001
  0.15840034E+001
  0.15840029E+001
  0.15840026E+001
  0.15840022E+001
  0.15840019E+001
  0.15840016E+001
  0.15840013E+001
  0.15840011E+001
  0.15840008E+001
  0.15840006E+001
  0.15840004E+001
  0.15840003E+001
  0.15840001E+001
  0.15840000E+001
  0.15839999E+001
  0.15839999E+001
  0.15839998E+001
  0.15839998E+001
  0.15839997E+001
  0.15839997E+001
  0.15839997E+001
  0.15839997E+001
  0.15839997E+001
  0.15839998E+001
  0.15839998E+001
  0.15839998E+001
  0.15839999E+001
  0.15839999E+001
  0.15840000E+001
  0.15840001E+001
  0.15840001E+001
  0.15840002E+001
  0.15840002E+001
  0.15840003E+001
  0.15840004E+001
  0.15840004E+001
  0.15840005E+001
  0.15840005E+001
  0.15840005E+001
  0.15840006E+001
  0.15840006E+001
  0.15840006E+001
  0.15840007E+001
  0.15840007E+001
  0.15840007E+001
  0.15840007E+001
  0.15840007E+001
  0.15840007E+001
  0.15840006E+001
  0.15840006E+001
  0.15840006E+001
  0.15840005E+001
  0.15840005E+001
  0.15840005E+001
  0.15840004E+001
  0.15840003E+001
  0.15840003E+001
  0.15840002E+001
  0.15840001E+001
  0.15840001E+001
  0.15840000E+001
  0.15839999E+001
  0.15839998E+001
  0.15839997E+001
  0.15839996E+001
  0.15839995E+001
  0.15839994E+001
  0.15839994E+001
  0.15839993E+001
  0.15839992E+001
  0.15839991E+001
  0.15839990E+001
  0.15839989E+001
  0.15839988E+001
  0.15839987E+001
  0.15839986E+001
  0.15839986E+001
  0.15839985E+001
  0.15839984E+001
  0.15839983E+001
  0.15839983E+001
  0.15839982E+001
  0.15839981E+001
  0.15839981E+001
  0.15839980E+001
  0.15839979E+001
  0.15839979E+001
  0.15839978E+001
  0.15839978E+001
  0.15839977E+001
  0.15839977E+001
  0.15839977E+001
  0.15839976E+001
  0.15839976E+001
  0.15839976E+001
  0.15839975E+001
  0.15839975E+001
  0.15839974E+001
  0.15839974E+001
  0.15839973E+001
  0.15839973E+001
  0.15839972E+001
  0.15839972E+001
  0.15839971E+001
  0.15839970E+001
  0.15839969E+001
  0.15839968E+001
  0.15839967E+001
  0.15839965E+001
  0.15839964E+001
  0.15839962E+001
  0.15839959E+001
  0.15839957E+001
  0.15839954E+001
  0.15839950E+001
  0.15839950E+001
  0.15839913E+001
