  0.21915232E+002
  0.21921760E+002
  0.21926790E+002
  0.21930740E+002
  0.21933884E+002
  0.21936409E+002
  0.21938451E+002
  0.21940105E+002
  0.21941449E+002
  0.21942539E+002
  0.21943422E+002
  0.21944136E+002
  0.21944710E+002
  0.21945169E+002
  0.21945533E+002
  0.21945817E+002
  0.21946035E+002
  0.21946199E+002
  0.21946317E+002
  0.21946397E+002
  0.21946444E+002
  0.21946466E+002
  0.21946465E+002
  0.21946445E+002
  0.21946410E+002
  0.21946362E+002
  0.21946302E+002
  0.21946234E+002
  0.21946158E+002
  0.21946075E+002
  0.21945987E+002
  0.21945894E+002
  0.21945797E+002
  0.21945697E+002
  0.21945594E+002
  0.21945489E+002
  0.21945381E+002
  0.21945272E+002
  0.21945160E+002
  0.21945048E+002
  0.21944933E+002
  0.21944818E+002
  0.21944701E+002
  0.21944584E+002
  0.21944465E+002
  0.21944346E+002
  0.21944226E+002
  0.21944105E+002
  0.21943983E+002
  0.21943862E+002
  0.21943740E+002
  0.21943618E+002
  0.21943496E+002
  0.21943375E+002
  0.21943253E+002
  0.21943133E+002
  0.21943013E+002
  0.21942895E+002
  0.21942777E+002
  0.21942661E+002
  0.21942546E+002
  0.21942433E+002
  0.21942322E+002
  0.21942214E+002
  0.21942107E+002
  0.21942003E+002
  0.21941901E+002
  0.21941802E+002
  0.21941706E+002
  0.21941613E+002
  0.21941523E+002
  0.21941437E+002
  0.21941353E+002
  0.21941273E+002
  0.21941196E+002
  0.21941122E+002
  0.21941052E+002
  0.21940984E+002
  0.21940921E+002
  0.21940860E+002
  0.21940803E+002
  0.21940749E+002
  0.21940698E+002
  0.21940650E+002
  0.21940605E+002
  0.21940563E+002
  0.21940524E+002
  0.21940487E+002
  0.21940452E+002
  0.21940420E+002
  0.21940391E+002
  0.21940363E+002
  0.21940338E+002
  0.21940315E+002
  0.21940293E+002
  0.21940274E+002
  0.21940256E+002
  0.21940241E+002
  0.21940226E+002
  0.21940213E+002
  0.21940202E+002
  0.21940192E+002
  0.21940184E+002
  0.21940176E+002
  0.21940170E+002
  0.21940165E+002
  0.21940161E+002
  0.21940158E+002
  0.21940156E+002
  0.21940155E+002
  0.21940154E+002
  0.21940154E+002
  0.21940155E+002
  0.21940156E+002
  0.21940157E+002
  0.21940159E+002
  0.21940162E+002
  0.21940164E+002
  0.21940167E+002
  0.21940170E+002
  0.21940173E+002
  0.21940176E+002
  0.21940179E+002
  0.21940183E+002
  0.21940186E+002
  0.21940189E+002
  0.21940191E+002
  0.21940194E+002
  0.21940197E+002
  0.21940199E+002
  0.21940201E+002
  0.21940203E+002
  0.21940204E+002
  0.21940206E+002
  0.21940207E+002
  0.21940207E+002
  0.21940208E+002
  0.21940208E+002
  0.21940208E+002
  0.21940208E+002
  0.21940207E+002
  0.21940206E+002
  0.21940205E+002
  0.21940204E+002
  0.21940203E+002
  0.21940201E+002
  0.21940199E+002
  0.21940197E+002
  0.21940195E+002
  0.21940193E+002
  0.21940191E+002
  0.21940188E+002
  0.21940186E+002
  0.21940184E+002
  0.21940181E+002
  0.21940179E+002
  0.21940176E+002
  0.21940174E+002
  0.21940171E+002
  0.21940169E+002
  0.21940167E+002
  0.21940165E+002
  0.21940163E+002
  0.21940161E+002
  0.21940159E+002
  0.21940157E+002
  0.21940155E+002
  0.21940154E+002
  0.21940152E+002
  0.21940151E+002
  0.21940150E+002
  0.21940149E+002
  0.21940148E+002
  0.21940147E+002
  0.21940146E+002
  0.21940145E+002
  0.21940145E+002
  0.21940144E+002
  0.21940143E+002
  0.21940142E+002
  0.21940142E+002
  0.21940141E+002
  0.21940140E+002
  0.21940139E+002
  0.21940137E+002
  0.21940136E+002
  0.21940134E+002
  0.21940131E+002
  0.21940129E+002
  0.21940125E+002
  0.21940121E+002
  0.21940116E+002
  0.21940109E+002
  0.21940102E+002
  0.21940093E+002
  0.21940082E+002
  0.21940069E+002
  0.21940054E+002
  0.21940032E+002
  0.21940002E+002
