  0.18390867E+001
  0.18331244E+001
  0.18285801E+001
  0.18250516E+001
  0.18222651E+001
  0.18200242E+001
  0.18181988E+001
  0.18166994E+001
  0.18154600E+001
  0.18144325E+001
  0.18135772E+001
  0.18128633E+001
  0.18122662E+001
  0.18117661E+001
  0.18113470E+001
  0.18109952E+001
  0.18106996E+001
  0.18104510E+001
  0.18102420E+001
  0.18100664E+001
  0.18099189E+001
  0.18097950E+001
  0.18096911E+001
  0.18096038E+001
  0.18095307E+001
  0.18094695E+001
  0.18094182E+001
  0.18093753E+001
  0.18093393E+001
  0.18093091E+001
  0.18092838E+001
  0.18092624E+001
  0.18092442E+001
  0.18092288E+001
  0.18092155E+001
  0.18092039E+001
  0.18091938E+001
  0.18091848E+001
  0.18091767E+001
  0.18091693E+001
  0.18091625E+001
  0.18091562E+001
  0.18091503E+001
  0.18091446E+001
  0.18091393E+001
  0.18091341E+001
  0.18091291E+001
  0.18091243E+001
  0.18091196E+001
  0.18091151E+001
  0.18091107E+001
  0.18091064E+001
  0.18091022E+001
  0.18090981E+001
  0.18090941E+001
  0.18090902E+001
  0.18090864E+001
  0.18090827E+001
  0.18090791E+001
  0.18090756E+001
  0.18090722E+001
  0.18090689E+001
  0.18090657E+001
  0.18090626E+001
  0.18090595E+001
  0.18090566E+001
  0.18090537E+001
  0.18090510E+001
  0.18090483E+001
  0.18090457E+001
  0.18090433E+001
  0.18090409E+001
  0.18090387E+001
  0.18090365E+001
  0.18090344E+001
  0.18090325E+001
  0.18090306E+001
  0.18090288E+001
  0.18090271E+001
  0.18090255E+001
  0.18090239E+001
  0.18090224E+001
  0.18090210E+001
  0.18090197E+001
  0.18090184E+001
  0.18090171E+001
  0.18090160E+001
  0.18090148E+001
  0.18090137E+001
  0.18090127E+001
  0.18090117E+001
  0.18090108E+001
  0.18090099E+001
  0.18090090E+001
  0.18090082E+001
  0.18090074E+001
  0.18090066E+001
  0.18090059E+001
  0.18090052E+001
  0.18090046E+001
  0.18090040E+001
  0.18090034E+001
  0.18090029E+001
  0.18090024E+001
  0.18090019E+001
  0.18090015E+001
  0.18090011E+001
  0.18090007E+001
  0.18090004E+001
  0.18090001E+001
  0.18089998E+001
  0.18089995E+001
  0.18089993E+001
  0.18089991E+001
  0.18089989E+001
  0.18089987E+001
  0.18089986E+001
  0.18089985E+001
  0.18089984E+001
  0.18089983E+001
  0.18089982E+001
  0.18089982E+001
  0.18089981E+001
  0.18089981E+001
  0.18089981E+001
  0.18089981E+001
  0.18089981E+001
  0.18089981E+001
  0.18089981E+001
  0.18089981E+001
  0.18089982E+001
  0.18089982E+001
  0.18089983E+001
  0.18089983E+001
  0.18089983E+001
  0.18089984E+001
  0.18089985E+001
  0.18089985E+001
  0.18089986E+001
  0.18089986E+001
  0.18089987E+001
  0.18089987E+001
  0.18089988E+001
  0.18089988E+001
  0.18089989E+001
  0.18089989E+001
  0.18089990E+001
  0.18089990E+001
  0.18089991E+001
  0.18089991E+001
  0.18089991E+001
  0.18089992E+001
  0.18089992E+001
  0.18089992E+001
  0.18089992E+001
  0.18089993E+001
  0.18089993E+001
  0.18089993E+001
  0.18089993E+001
  0.18089993E+001
  0.18089994E+001
  0.18089994E+001
  0.18089994E+001
  0.18089994E+001
  0.18089994E+001
  0.18089994E+001
  0.18089994E+001
  0.18089994E+001
  0.18089994E+001
  0.18089994E+001
  0.18089994E+001
  0.18089994E+001
  0.18089994E+001
  0.18089994E+001
  0.18089994E+001
  0.18089994E+001
  0.18089994E+001
  0.18089994E+001
  0.18089994E+001
  0.18089994E+001
  0.18089994E+001
  0.18089994E+001
  0.18089994E+001
  0.18089993E+001
  0.18089993E+001
  0.18089993E+001
  0.18089992E+001
  0.18089992E+001
  0.18089991E+001
  0.18089990E+001
  0.18089990E+001
  0.18089989E+001
  0.18089988E+001
  0.18089987E+001
  0.18089986E+001
  0.18089985E+001
  0.18089984E+001
  0.18089983E+001
  0.18089994E+001
  0.18090040E+001
