  0.11730357E-004
  0.98096449E-005
  0.96136766E-005
  0.98534772E-005
  0.10218575E-004
  0.10609275E-004
  0.10947739E-004
  0.11208493E-004
  0.11394539E-004
  0.11520264E-004
  0.11601837E-004
  0.11653163E-004
  0.11684701E-004
  0.11703721E-004
  0.11715009E-004
  0.11721595E-004
  0.11725350E-004
  0.11727405E-004
  0.11728433E-004
  0.11728835E-004
  0.11728841E-004
  0.11728594E-004
  0.11728179E-004
  0.11727650E-004
  0.11727044E-004
  0.11726385E-004
  0.11725691E-004
  0.11724977E-004
  0.11724253E-004
  0.11723530E-004
  0.11722813E-004
  0.11722111E-004
  0.11721428E-004
  0.11720769E-004
  0.11720139E-004
  0.11719540E-004
  0.11718976E-004
  0.11718449E-004
  0.11717961E-004
  0.11717513E-004
  0.11717106E-004
  0.11716740E-004
  0.11716416E-004
  0.11716132E-004
  0.11715890E-004
  0.11715687E-004
  0.11715523E-004
  0.11715397E-004
  0.11715307E-004
  0.11715251E-004
  0.11715229E-004
  0.11715237E-004
  0.11715276E-004
  0.11715341E-004
  0.11715432E-004
  0.11715546E-004
  0.11715681E-004
  0.11715835E-004
  0.11716005E-004
  0.11716189E-004
  0.11716385E-004
  0.11716590E-004
  0.11716803E-004
  0.11717021E-004
  0.11717241E-004
  0.11717463E-004
  0.11717684E-004
  0.11717903E-004
  0.11718118E-004
  0.11718328E-004
  0.11718532E-004
  0.11718728E-004
  0.11718916E-004
  0.11719095E-004
  0.11719265E-004
  0.11719424E-004
  0.11719573E-004
  0.11719712E-004
  0.11719841E-004
  0.11719958E-004
  0.11720065E-004
  0.11720162E-004
  0.11720249E-004
  0.11720326E-004
  0.11720393E-004
  0.11720452E-004
  0.11720502E-004
  0.11720544E-004
  0.11720579E-004
  0.11720608E-004
  0.11720630E-004
  0.11720646E-004
  0.11720657E-004
  0.11720664E-004
  0.11720667E-004
  0.11720667E-004
  0.11720664E-004
  0.11720659E-004
  0.11720651E-004
  0.11720643E-004
  0.11720633E-004
  0.11720622E-004
  0.11720611E-004
  0.11720600E-004
  0.11720589E-004
  0.11720579E-004
  0.11720568E-004
  0.11720559E-004
  0.11720551E-004
  0.11720543E-004
  0.11720537E-004
  0.11720531E-004
  0.11720527E-004
  0.11720524E-004
  0.11720522E-004
  0.11720521E-004
  0.11720521E-004
  0.11720522E-004
  0.11720525E-004
  0.11720528E-004
  0.11720532E-004
  0.11720537E-004
  0.11720543E-004
  0.11720550E-004
  0.11720557E-004
  0.11720565E-004
  0.11720573E-004
  0.11720582E-004
  0.11720591E-004
  0.11720601E-004
  0.11720610E-004
  0.11720620E-004
  0.11720630E-004
  0.11720640E-004
  0.11720650E-004
  0.11720660E-004
  0.11720670E-004
  0.11720680E-004
  0.11720690E-004
  0.11720699E-004
  0.11720709E-004
  0.11720718E-004
  0.11720727E-004
  0.11720736E-004
  0.11720745E-004
  0.11720753E-004
  0.11720762E-004
  0.11720770E-004
  0.11720778E-004
  0.11720786E-004
  0.11720794E-004
  0.11720802E-004
  0.11720810E-004
  0.11720818E-004
  0.11720827E-004
  0.11720835E-004
  0.11720844E-004
  0.11720852E-004
  0.11720862E-004
  0.11720871E-004
  0.11720881E-004
  0.11720892E-004
  0.11720903E-004
  0.11720914E-004
  0.11720926E-004
  0.11720939E-004
  0.11720953E-004
  0.11720968E-004
  0.11720983E-004
  0.11721000E-004
  0.11721018E-004
  0.11721036E-004
  0.11721056E-004
  0.11721077E-004
  0.11721099E-004
  0.11721123E-004
  0.11721148E-004
  0.11721174E-004
  0.11721202E-004
  0.11721230E-004
  0.11721261E-004
  0.11721293E-004
  0.11721326E-004
  0.11721360E-004
  0.11721396E-004
  0.11721434E-004
  0.11721473E-004
  0.11721514E-004
  0.11721557E-004
  0.11721602E-004
  0.11721649E-004
  0.11721698E-004
  0.11721751E-004
  0.11721807E-004
  0.11721868E-004
  0.11721935E-004
  0.11722009E-004
  0.11722097E-004
  0.11722202E-004
  0.11722304E-004
