  0.10281762E+000
  0.85982407E-001
  0.84264727E-001
  0.86366601E-001
  0.89566718E-001
  0.92991237E-001
  0.95957903E-001
  0.98243432E-001
  0.99874147E-001
  0.10097614E+000
  0.10169113E+000
  0.10214100E+000
  0.10241744E+000
  0.10258415E+000
  0.10268309E+000
  0.10274082E+000
  0.10277373E+000
  0.10279174E+000
  0.10280076E+000
  0.10280428E+000
  0.10280433E+000
  0.10280216E+000
  0.10279852E+000
  0.10279389E+000
  0.10278858E+000
  0.10278280E+000
  0.10277672E+000
  0.10277046E+000
  0.10276412E+000
  0.10275778E+000
  0.10275150E+000
  0.10274534E+000
  0.10273935E+000
  0.10273358E+000
  0.10272805E+000
  0.10272281E+000
  0.10271786E+000
  0.10271325E+000
  0.10270897E+000
  0.10270504E+000
  0.10270147E+000
  0.10269826E+000
  0.10269542E+000
  0.10269294E+000
  0.10269081E+000
  0.10268904E+000
  0.10268760E+000
  0.10268649E+000
  0.10268570E+000
  0.10268521E+000
  0.10268502E+000
  0.10268509E+000
  0.10268543E+000
  0.10268600E+000
  0.10268680E+000
  0.10268780E+000
  0.10268898E+000
  0.10269033E+000
  0.10269182E+000
  0.10269343E+000
  0.10269515E+000
  0.10269695E+000
  0.10269882E+000
  0.10270072E+000
  0.10270266E+000
  0.10270460E+000
  0.10270654E+000
  0.10270846E+000
  0.10271034E+000
  0.10271218E+000
  0.10271397E+000
  0.10271569E+000
  0.10271734E+000
  0.10271891E+000
  0.10272039E+000
  0.10272179E+000
  0.10272310E+000
  0.10272432E+000
  0.10272544E+000
  0.10272647E+000
  0.10272741E+000
  0.10272826E+000
  0.10272902E+000
  0.10272969E+000
  0.10273028E+000
  0.10273080E+000
  0.10273124E+000
  0.10273161E+000
  0.10273192E+000
  0.10273216E+000
  0.10273236E+000
  0.10273250E+000
  0.10273260E+000
  0.10273266E+000
  0.10273269E+000
  0.10273269E+000
  0.10273266E+000
  0.10273261E+000
  0.10273255E+000
  0.10273247E+000
  0.10273238E+000
  0.10273229E+000
  0.10273220E+000
  0.10273210E+000
  0.10273200E+000
  0.10273191E+000
  0.10273182E+000
  0.10273174E+000
  0.10273166E+000
  0.10273160E+000
  0.10273154E+000
  0.10273149E+000
  0.10273146E+000
  0.10273143E+000
  0.10273141E+000
  0.10273140E+000
  0.10273141E+000
  0.10273142E+000
  0.10273144E+000
  0.10273147E+000
  0.10273150E+000
  0.10273155E+000
  0.10273160E+000
  0.10273166E+000
  0.10273172E+000
  0.10273179E+000
  0.10273186E+000
  0.10273194E+000
  0.10273202E+000
  0.10273210E+000
  0.10273219E+000
  0.10273228E+000
  0.10273236E+000
  0.10273245E+000
  0.10273254E+000
  0.10273263E+000
  0.10273271E+000
  0.10273280E+000
  0.10273288E+000
  0.10273297E+000
  0.10273305E+000
  0.10273313E+000
  0.10273321E+000
  0.10273329E+000
  0.10273337E+000
  0.10273344E+000
  0.10273351E+000
  0.10273359E+000
  0.10273366E+000
  0.10273373E+000
  0.10273380E+000
  0.10273387E+000
  0.10273394E+000
  0.10273401E+000
  0.10273408E+000
  0.10273416E+000
  0.10273423E+000
  0.10273431E+000
  0.10273439E+000
  0.10273447E+000
  0.10273456E+000
  0.10273465E+000
  0.10273475E+000
  0.10273485E+000
  0.10273496E+000
  0.10273507E+000
  0.10273519E+000
  0.10273532E+000
  0.10273546E+000
  0.10273560E+000
  0.10273576E+000
  0.10273592E+000
  0.10273610E+000
  0.10273628E+000
  0.10273648E+000
  0.10273668E+000
  0.10273690E+000
  0.10273713E+000
  0.10273737E+000
  0.10273762E+000
  0.10273789E+000
  0.10273817E+000
  0.10273846E+000
  0.10273876E+000
  0.10273908E+000
  0.10273941E+000
  0.10273975E+000
  0.10274011E+000
  0.10274049E+000
  0.10274088E+000
  0.10274129E+000
  0.10274173E+000
  0.10274219E+000
  0.10274268E+000
  0.10274321E+000
  0.10274380E+000
  0.10274445E+000
  0.10274522E+000
  0.10274614E+000
  0.10274703E+000
