  0.18633208E+000
  0.17018063E+000
  0.16831350E+000
  0.16978096E+000
  0.17195330E+000
  0.17406137E+000
  0.17594165E+000
  0.17751431E+000
  0.17877299E+000
  0.17976994E+000
  0.18054677E+000
  0.18116728E+000
  0.18167970E+000
  0.18211782E+000
  0.18250449E+000
  0.18285742E+000
  0.18319079E+000
  0.18350089E+000
  0.18377291E+000
  0.18401312E+000
  0.18425288E+000
  0.18448796E+000
  0.18471295E+000
  0.18492400E+000
  0.18511870E+000
  0.18529581E+000
  0.18545494E+000
  0.18559643E+000
  0.18572107E+000
  0.18582996E+000
  0.18592442E+000
  0.18600581E+000
  0.18607556E+000
  0.18613504E+000
  0.18618558E+000
  0.18622838E+000
  0.18626456E+000
  0.18629512E+000
  0.18632094E+000
  0.18634276E+000
  0.18636126E+000
  0.18637698E+000
  0.18639038E+000
  0.18640184E+000
  0.18641167E+000
  0.18642011E+000
  0.18642735E+000
  0.18643355E+000
  0.18643884E+000
  0.18644329E+000
  0.18644701E+000
  0.18645004E+000
  0.18645244E+000
  0.18645427E+000
  0.18645557E+000
  0.18645639E+000
  0.18645676E+000
  0.18645674E+000
  0.18645636E+000
  0.18645567E+000
  0.18645471E+000
  0.18645352E+000
  0.18645214E+000
  0.18645061E+000
  0.18644895E+000
  0.18644721E+000
  0.18644540E+000
  0.18644356E+000
  0.18644170E+000
  0.18643985E+000
  0.18643803E+000
  0.18643624E+000
  0.18643451E+000
  0.18643284E+000
  0.18643124E+000
  0.18642973E+000
  0.18642830E+000
  0.18642696E+000
  0.18642571E+000
  0.18642456E+000
  0.18642351E+000
  0.18642256E+000
  0.18642170E+000
  0.18642093E+000
  0.18642026E+000
  0.18641967E+000
  0.18641917E+000
  0.18641874E+000
  0.18641839E+000
  0.18641810E+000
  0.18641787E+000
  0.18641769E+000
  0.18641757E+000
  0.18641748E+000
  0.18641743E+000
  0.18641740E+000
  0.18641740E+000
  0.18641742E+000
  0.18641745E+000
  0.18641749E+000
  0.18641754E+000
  0.18641758E+000
  0.18641763E+000
  0.18641768E+000
  0.18641771E+000
  0.18641775E+000
  0.18641777E+000
  0.18641778E+000
  0.18641778E+000
  0.18641777E+000
  0.18641775E+000
  0.18641772E+000
  0.18641767E+000
  0.18641762E+000
  0.18641755E+000
  0.18641747E+000
  0.18641738E+000
  0.18641728E+000
  0.18641717E+000
  0.18641705E+000
  0.18641692E+000
  0.18641679E+000
  0.18641665E+000
  0.18641650E+000
  0.18641635E+000
  0.18641619E+000
  0.18641603E+000
  0.18641587E+000
  0.18641570E+000
  0.18641553E+000
  0.18641536E+000
  0.18641520E+000
  0.18641503E+000
  0.18641486E+000
  0.18641469E+000
  0.18641452E+000
  0.18641436E+000
  0.18641420E+000
  0.18641404E+000
  0.18641389E+000
  0.18641373E+000
  0.18641358E+000
  0.18641344E+000
  0.18641330E+000
  0.18641316E+000
  0.18641303E+000
  0.18641290E+000
  0.18641277E+000
  0.18641265E+000
  0.18641253E+000
  0.18641241E+000
  0.18641230E+000
  0.18641219E+000
  0.18641208E+000
  0.18641197E+000
  0.18641187E+000
  0.18641176E+000
  0.18641166E+000
  0.18641156E+000
  0.18641146E+000
  0.18641135E+000
  0.18641125E+000
  0.18641114E+000
  0.18641103E+000
  0.18641092E+000
  0.18641081E+000
  0.18641069E+000
  0.18641057E+000
  0.18641044E+000
  0.18641031E+000
  0.18641017E+000
  0.18641003E+000
  0.18640988E+000
  0.18640972E+000
  0.18640955E+000
  0.18640938E+000
  0.18640919E+000
  0.18640900E+000
  0.18640880E+000
  0.18640859E+000
  0.18640837E+000
  0.18640814E+000
  0.18640790E+000
  0.18640765E+000
  0.18640738E+000
  0.18640710E+000
  0.18640681E+000
  0.18640651E+000
  0.18640618E+000
  0.18640584E+000
  0.18640548E+000
  0.18640509E+000
  0.18640469E+000
  0.18640428E+000
  0.18640388E+000
  0.18640344E+000
  0.18640272E+000
  0.18640083E+000
  0.18639848E+000
  0.18640541E+000
