  0.28914969E+000
  0.25616304E+000
  0.25257823E+000
  0.25614756E+000
  0.26152002E+000
  0.26705261E+000
  0.27189956E+000
  0.27575774E+000
  0.27864714E+000
  0.28074608E+000
  0.28223790E+000
  0.28330828E+000
  0.28409714E+000
  0.28470197E+000
  0.28518759E+000
  0.28559824E+000
  0.28596453E+000
  0.28629263E+000
  0.28657367E+000
  0.28681740E+000
  0.28705721E+000
  0.28729013E+000
  0.28751148E+000
  0.28771789E+000
  0.28790728E+000
  0.28807861E+000
  0.28823166E+000
  0.28836689E+000
  0.28848519E+000
  0.28858774E+000
  0.28867592E+000
  0.28875115E+000
  0.28881491E+000
  0.28886862E+000
  0.28891363E+000
  0.28895119E+000
  0.28898243E+000
  0.28900837E+000
  0.28902990E+000
  0.28904780E+000
  0.28906273E+000
  0.28907525E+000
  0.28908580E+000
  0.28909478E+000
  0.28910248E+000
  0.28910914E+000
  0.28911495E+000
  0.28912004E+000
  0.28912454E+000
  0.28912851E+000
  0.28913202E+000
  0.28913513E+000
  0.28913787E+000
  0.28914027E+000
  0.28914237E+000
  0.28914418E+000
  0.28914574E+000
  0.28914706E+000
  0.28914818E+000
  0.28914910E+000
  0.28914986E+000
  0.28915047E+000
  0.28915096E+000
  0.28915133E+000
  0.28915161E+000
  0.28915181E+000
  0.28915194E+000
  0.28915202E+000
  0.28915205E+000
  0.28915204E+000
  0.28915199E+000
  0.28915193E+000
  0.28915184E+000
  0.28915175E+000
  0.28915164E+000
  0.28915152E+000
  0.28915140E+000
  0.28915127E+000
  0.28915115E+000
  0.28915103E+000
  0.28915092E+000
  0.28915081E+000
  0.28915072E+000
  0.28915063E+000
  0.28915054E+000
  0.28915047E+000
  0.28915041E+000
  0.28915035E+000
  0.28915030E+000
  0.28915026E+000
  0.28915023E+000
  0.28915020E+000
  0.28915017E+000
  0.28915014E+000
  0.28915012E+000
  0.28915009E+000
  0.28915006E+000
  0.28915003E+000
  0.28915000E+000
  0.28914996E+000
  0.28914992E+000
  0.28914988E+000
  0.28914983E+000
  0.28914977E+000
  0.28914972E+000
  0.28914965E+000
  0.28914959E+000
  0.28914952E+000
  0.28914945E+000
  0.28914937E+000
  0.28914929E+000
  0.28914921E+000
  0.28914913E+000
  0.28914905E+000
  0.28914896E+000
  0.28914887E+000
  0.28914878E+000
  0.28914870E+000
  0.28914861E+000
  0.28914852E+000
  0.28914843E+000
  0.28914834E+000
  0.28914825E+000
  0.28914816E+000
  0.28914807E+000
  0.28914798E+000
  0.28914790E+000
  0.28914781E+000
  0.28914772E+000
  0.28914764E+000
  0.28914755E+000
  0.28914747E+000
  0.28914739E+000
  0.28914731E+000
  0.28914723E+000
  0.28914715E+000
  0.28914707E+000
  0.28914700E+000
  0.28914692E+000
  0.28914685E+000
  0.28914678E+000
  0.28914672E+000
  0.28914665E+000
  0.28914659E+000
  0.28914653E+000
  0.28914647E+000
  0.28914641E+000
  0.28914636E+000
  0.28914631E+000
  0.28914626E+000
  0.28914621E+000
  0.28914617E+000
  0.28914613E+000
  0.28914609E+000
  0.28914606E+000
  0.28914603E+000
  0.28914600E+000
  0.28914597E+000
  0.28914595E+000
  0.28914593E+000
  0.28914591E+000
  0.28914590E+000
  0.28914589E+000
  0.28914589E+000
  0.28914588E+000
  0.28914588E+000
  0.28914589E+000
  0.28914589E+000
  0.28914590E+000
  0.28914591E+000
  0.28914593E+000
  0.28914595E+000
  0.28914597E+000
  0.28914600E+000
  0.28914603E+000
  0.28914606E+000
  0.28914609E+000
  0.28914613E+000
  0.28914617E+000
  0.28914622E+000
  0.28914626E+000
  0.28914631E+000
  0.28914636E+000
  0.28914641E+000
  0.28914646E+000
  0.28914651E+000
  0.28914657E+000
  0.28914662E+000
  0.28914667E+000
  0.28914672E+000
  0.28914677E+000
  0.28914682E+000
  0.28914688E+000
  0.28914696E+000
  0.28914709E+000
  0.28914724E+000
  0.28914717E+000
  0.28914605E+000
  0.28914462E+000
  0.28915244E+000
