  0.22313559E-001
  0.17686447E-001
  0.14208706E-001
  0.11539130E-001
  0.94396592E-002
  0.77614822E-002
  0.64020939E-002
  0.52916465E-002
  0.43786621E-002
  0.36263204E-002
  0.30034859E-002
  0.24865975E-002
  0.20569335E-002
  0.16991093E-002
  0.14010961E-002
  0.11526337E-002
  0.94526210E-003
  0.77207728E-003
  0.62756839E-003
  0.50699487E-003
  0.40683164E-003
  0.32366181E-003
  0.25479672E-003
  0.19798201E-003
  0.15128904E-003
  0.11310414E-003
  0.82016467E-004
  0.56843678E-004
  0.36545018E-004
  0.20248156E-004
  0.73714931E-005
 -0.29380581E-005
 -0.11018748E-004
 -0.17283902E-004
 -0.22076011E-004
 -0.25672566E-004
 -0.28304708E-004
 -0.30166862E-004
 -0.31418960E-004
 -0.32172386E-004
 -0.32520655E-004
 -0.32548841E-004
 -0.32314804E-004
 -0.31863927E-004
 -0.31225598E-004
 -0.30444656E-004
 -0.29530045E-004
 -0.28514626E-004
 -0.27417408E-004
 -0.26251230E-004
 -0.25038089E-004
 -0.23784690E-004
 -0.22517430E-004
 -0.21236751E-004
 -0.19958338E-004
 -0.18698114E-004
 -0.17460710E-004
 -0.16264941E-004
 -0.15110302E-004
 -0.14009831E-004
 -0.12967155E-004
 -0.11989510E-004
 -0.11076894E-004
 -0.10229734E-004
 -0.94524127E-005
 -0.87349959E-005
 -0.80781414E-005
 -0.74778753E-005
 -0.69270910E-005
 -0.64213921E-005
 -0.59527568E-005
 -0.55169033E-005
 -0.51071002E-005
 -0.47197669E-005
 -0.43503983E-005
 -0.39944945E-005
 -0.36505818E-005
 -0.33174533E-005
 -0.29946154E-005
 -0.26800382E-005
 -0.23751671E-005
 -0.20820485E-005
 -0.17975594E-005
 -0.15269172E-005
 -0.12680290E-005
 -0.10228586E-005
 -0.79119391E-006
 -0.57474759E-006
 -0.37239428E-006
 -0.18552910E-006
 -0.13076617E-007
  0.14391786E-006
  0.28583919E-006
  0.41421558E-006
  0.52785098E-006
  0.62778577E-006
  0.71438905E-006
  0.78887399E-006
  0.85055041E-006
  0.90147601E-006
  0.94114464E-006
  0.97143507E-006
  0.99221006E-006
  0.10046666E-005
  0.10091186E-005
  0.10069545E-005
  0.99846102E-006
  0.98428329E-006
  0.96489240E-006
  0.94134130E-006
  0.91375618E-006
  0.88280407E-006
  0.84865497E-006
  0.81203279E-006
  0.77344615E-006
  0.73294959E-006
  0.69093484E-006
  0.64791671E-006
  0.60420633E-006
  0.55991311E-006
  0.51570598E-006
  0.47147858E-006
  0.42771694E-006
  0.38470975E-006
  0.34255591E-006
  0.30149995E-006
  0.26184770E-006
  0.22366792E-006
  0.18724279E-006
  0.15265896E-006
  0.11996117E-006
  0.89233875E-007
  0.60750264E-007
  0.34426734E-007
  0.10292155E-007
 -0.11580426E-007
 -0.31262832E-007
 -0.48629521E-007
 -0.63774545E-007
 -0.76822244E-007
 -0.87628912E-007
 -0.96453727E-007
 -0.10325126E-006
 -0.10813416E-006
 -0.11116978E-006
 -0.11250053E-006
 -0.11220831E-006
 -0.11034402E-006
 -0.10710456E-006
 -0.10253154E-006
 -0.96781157E-007
 -0.89935550E-007
 -0.82135140E-007
 -0.73487331E-007
 -0.64100017E-007
 -0.54094222E-007
 -0.43563488E-007
 -0.32602315E-007
 -0.21319643E-007
 -0.98457714E-008
  0.17692647E-008
  0.13440068E-007
  0.25050139E-007
  0.36546441E-007
  0.47882426E-007
  0.58944197E-007
  0.69700895E-007
  0.80103034E-007
  0.90103511E-007
  0.99622221E-007
  0.10868579E-006
  0.11722529E-006
  0.12518358E-006
  0.13260340E-006
  0.13942532E-006
  0.14565803E-006
  0.15125367E-006
  0.15622702E-006
  0.16059330E-006
  0.16431575E-006
  0.16744800E-006
  0.16999098E-006
  0.17200295E-006
  0.17351355E-006
  0.17458480E-006
  0.17520763E-006
  0.17531849E-006
  0.17455271E-006
  0.17216113E-006
  0.16688367E-006
  0.15715920E-006
  0.14241162E-006
  0.12629990E-006
  0.12220055E-006
  0.15940058E-006
  0.26054735E-006
  0.33514319E-006
 -0.26192569E-006
 -0.40586621E-006
  0.22214737E-005
