  0.81994432E+000
  0.81994755E+000
  0.81994942E+000
  0.81995048E+000
  0.81995102E+000
  0.81995123E+000
  0.81995123E+000
  0.81995110E+000
  0.81995088E+000
  0.81995061E+000
  0.81995031E+000
  0.81994999E+000
  0.81994966E+000
  0.81994934E+000
  0.81994902E+000
  0.81994871E+000
  0.81994842E+000
  0.81994813E+000
  0.81994786E+000
  0.81994760E+000
  0.81994736E+000
  0.81994713E+000
  0.81994690E+000
  0.81994669E+000
  0.81994649E+000
  0.81994630E+000
  0.81994611E+000
  0.81994594E+000
  0.81994577E+000
  0.81994560E+000
  0.81994544E+000
  0.81994529E+000
  0.81994514E+000
  0.81994499E+000
  0.81994484E+000
  0.81994470E+000
  0.81994456E+000
  0.81994442E+000
  0.81994429E+000
  0.81994415E+000
  0.81994402E+000
  0.81994388E+000
  0.81994375E+000
  0.81994362E+000
  0.81994349E+000
  0.81994336E+000
  0.81994323E+000
  0.81994310E+000
  0.81994298E+000
  0.81994286E+000
  0.81994274E+000
  0.81994262E+000
  0.81994251E+000
  0.81994240E+000
  0.81994229E+000
  0.81994218E+000
  0.81994208E+000
  0.81994199E+000
  0.81994190E+000
  0.81994181E+000
  0.81994173E+000
  0.81994166E+000
  0.81994159E+000
  0.81994152E+000
  0.81994146E+000
  0.81994141E+000
  0.81994136E+000
  0.81994131E+000
  0.81994127E+000
  0.81994124E+000
  0.81994121E+000
  0.81994118E+000
  0.81994116E+000
  0.81994114E+000
  0.81994113E+000
  0.81994111E+000
  0.81994110E+000
  0.81994109E+000
  0.81994108E+000
  0.81994107E+000
  0.81994106E+000
  0.81994106E+000
  0.81994105E+000
  0.81994104E+000
  0.81994103E+000
  0.81994101E+000
  0.81994100E+000
  0.81994098E+000
  0.81994095E+000
  0.81994093E+000
  0.81994090E+000
  0.81994086E+000
  0.81994083E+000
  0.81994078E+000
  0.81994073E+000
  0.81994068E+000
  0.81994062E+000
  0.81994056E+000
  0.81994048E+000
  0.81994041E+000
  0.81994033E+000
  0.81994024E+000
  0.81994015E+000
  0.81994005E+000
  0.81993994E+000
  0.81993983E+000
  0.81993972E+000
  0.81993960E+000
  0.81993947E+000
  0.81993934E+000
  0.81993921E+000
  0.81993907E+000
  0.81993893E+000
  0.81993878E+000
  0.81993863E+000
  0.81993848E+000
  0.81993832E+000
  0.81993816E+000
  0.81993800E+000
  0.81993784E+000
  0.81993768E+000
  0.81993751E+000
  0.81993735E+000
  0.81993718E+000
  0.81993702E+000
  0.81993685E+000
  0.81993668E+000
  0.81993652E+000
  0.81993635E+000
  0.81993619E+000
  0.81993603E+000
  0.81993586E+000
  0.81993570E+000
  0.81993555E+000
  0.81993539E+000
  0.81993524E+000
  0.81993509E+000
  0.81993494E+000
  0.81993479E+000
  0.81993465E+000
  0.81993451E+000
  0.81993437E+000
  0.81993423E+000
  0.81993410E+000
  0.81993397E+000
  0.81993385E+000
  0.81993373E+000
  0.81993361E+000
  0.81993349E+000
  0.81993338E+000
  0.81993327E+000
  0.81993317E+000
  0.81993306E+000
  0.81993297E+000
  0.81993287E+000
  0.81993278E+000
  0.81993269E+000
  0.81993261E+000
  0.81993252E+000
  0.81993245E+000
  0.81993237E+000
  0.81993230E+000
  0.81993223E+000
  0.81993217E+000
  0.81993211E+000
  0.81993205E+000
  0.81993200E+000
  0.81993195E+000
  0.81993190E+000
  0.81993186E+000
  0.81993182E+000
  0.81993178E+000
  0.81993175E+000
  0.81993172E+000
  0.81993169E+000
  0.81993167E+000
  0.81993165E+000
  0.81993164E+000
  0.81993163E+000
  0.81993163E+000
  0.81993163E+000
  0.81993164E+000
  0.81993165E+000
  0.81993167E+000
  0.81993169E+000
  0.81993172E+000
  0.81993176E+000
  0.81993181E+000
  0.81993186E+000
  0.81993192E+000
  0.81993200E+000
  0.81993208E+000
  0.81993218E+000
  0.81993228E+000
  0.81993240E+000
  0.81993253E+000
  0.81993268E+000
  0.81993284E+000
  0.81993301E+000
  0.81993317E+000
