  0.86221427E+000
  0.86187106E+000
  0.86160757E+000
  0.86140353E+000
  0.86124453E+000
  0.86112190E+000
  0.86102910E+000
  0.86096088E+000
  0.86091302E+000
  0.86088201E+000
  0.86086495E+000
  0.86085938E+000
  0.86086326E+000
  0.86087486E+000
  0.86089274E+000
  0.86091570E+000
  0.86094274E+000
  0.86097302E+000
  0.86100587E+000
  0.86104066E+000
  0.86107692E+000
  0.86111423E+000
  0.86115225E+000
  0.86119071E+000
  0.86122935E+000
  0.86126798E+000
  0.86130644E+000
  0.86134457E+000
  0.86138226E+000
  0.86141942E+000
  0.86145595E+000
  0.86149178E+000
  0.86152686E+000
  0.86156113E+000
  0.86159456E+000
  0.86162712E+000
  0.86165877E+000
  0.86168950E+000
  0.86171928E+000
  0.86174812E+000
  0.86177600E+000
  0.86180291E+000
  0.86182885E+000
  0.86185383E+000
  0.86187784E+000
  0.86190089E+000
  0.86192298E+000
  0.86194411E+000
  0.86196430E+000
  0.86198353E+000
  0.86200184E+000
  0.86201921E+000
  0.86203567E+000
  0.86205121E+000
  0.86206587E+000
  0.86207964E+000
  0.86209254E+000
  0.86210460E+000
  0.86211582E+000
  0.86212624E+000
  0.86213587E+000
  0.86214474E+000
  0.86215287E+000
  0.86216030E+000
  0.86216706E+000
  0.86217316E+000
  0.86217866E+000
  0.86218358E+000
  0.86218795E+000
  0.86219182E+000
  0.86219522E+000
  0.86219818E+000
  0.86220076E+000
  0.86220297E+000
  0.86220486E+000
  0.86220646E+000
  0.86220781E+000
  0.86220893E+000
  0.86220987E+000
  0.86221063E+000
  0.86221126E+000
  0.86221177E+000
  0.86221218E+000
  0.86221251E+000
  0.86221277E+000
  0.86221298E+000
  0.86221315E+000
  0.86221328E+000
  0.86221337E+000
  0.86221345E+000
  0.86221351E+000
  0.86221355E+000
  0.86221357E+000
  0.86221359E+000
  0.86221359E+000
  0.86221359E+000
  0.86221358E+000
  0.86221356E+000
  0.86221354E+000
  0.86221351E+000
  0.86221348E+000
  0.86221345E+000
  0.86221342E+000
  0.86221338E+000
  0.86221335E+000
  0.86221331E+000
  0.86221328E+000
  0.86221324E+000
  0.86221321E+000
  0.86221318E+000
  0.86221315E+000
  0.86221313E+000
  0.86221310E+000
  0.86221308E+000
  0.86221306E+000
  0.86221304E+000
  0.86221302E+000
  0.86221301E+000
  0.86221300E+000
  0.86221299E+000
  0.86221298E+000
  0.86221297E+000
  0.86221296E+000
  0.86221296E+000
  0.86221295E+000
  0.86221295E+000
  0.86221294E+000
  0.86221294E+000
  0.86221294E+000
  0.86221294E+000
  0.86221294E+000
  0.86221294E+000
  0.86221293E+000
  0.86221293E+000
  0.86221293E+000
  0.86221293E+000
  0.86221293E+000
  0.86221293E+000
  0.86221294E+000
  0.86221294E+000
  0.86221294E+000
  0.86221294E+000
  0.86221294E+000
  0.86221294E+000
  0.86221294E+000
  0.86221294E+000
  0.86221294E+000
  0.86221294E+000
  0.86221294E+000
  0.86221294E+000
  0.86221294E+000
  0.86221294E+000
  0.86221294E+000
  0.86221294E+000
  0.86221294E+000
  0.86221294E+000
  0.86221294E+000
  0.86221294E+000
  0.86221294E+000
  0.86221294E+000
  0.86221294E+000
  0.86221294E+000
  0.86221294E+000
  0.86221294E+000
  0.86221294E+000
  0.86221294E+000
  0.86221294E+000
  0.86221294E+000
  0.86221295E+000
  0.86221295E+000
  0.86221295E+000
  0.86221295E+000
  0.86221295E+000
  0.86221295E+000
  0.86221296E+000
  0.86221296E+000
  0.86221296E+000
  0.86221296E+000
  0.86221296E+000
  0.86221297E+000
  0.86221297E+000
  0.86221297E+000
  0.86221298E+000
  0.86221298E+000
  0.86221299E+000
  0.86221300E+000
  0.86221302E+000
  0.86221303E+000
  0.86221305E+000
  0.86221307E+000
  0.86221309E+000
  0.86221310E+000
  0.86221311E+000
  0.86221310E+000
  0.86221307E+000
  0.86221295E+000
  0.86221266E+000
  0.86221194E+000
  0.86221103E+000
  0.86221199E+000
