  0.29081722E+000
  0.28923094E+000
  0.28816513E+000
  0.28740878E+000
  0.28685231E+000
  0.28643063E+000
  0.28610427E+000
  0.28584817E+000
  0.28564539E+000
  0.28548407E+000
  0.28535514E+000
  0.28525198E+000
  0.28516950E+000
  0.28510376E+000
  0.28505157E+000
  0.28501033E+000
  0.28497795E+000
  0.28495275E+000
  0.28493343E+000
  0.28491891E+000
  0.28490825E+000
  0.28490071E+000
  0.28489567E+000
  0.28489265E+000
  0.28489121E+000
  0.28489102E+000
  0.28489180E+000
  0.28489333E+000
  0.28489541E+000
  0.28489789E+000
  0.28490065E+000
  0.28490360E+000
  0.28490665E+000
  0.28490974E+000
  0.28491283E+000
  0.28491589E+000
  0.28491890E+000
  0.28492183E+000
  0.28492469E+000
  0.28492745E+000
  0.28493014E+000
  0.28493274E+000
  0.28493527E+000
  0.28493772E+000
  0.28494010E+000
  0.28494242E+000
  0.28494468E+000
  0.28494689E+000
  0.28494905E+000
  0.28495116E+000
  0.28495323E+000
  0.28495525E+000
  0.28495724E+000
  0.28495919E+000
  0.28496109E+000
  0.28496295E+000
  0.28496477E+000
  0.28496655E+000
  0.28496828E+000
  0.28496997E+000
  0.28497161E+000
  0.28497320E+000
  0.28497474E+000
  0.28497622E+000
  0.28497766E+000
  0.28497904E+000
  0.28498036E+000
  0.28498163E+000
  0.28498284E+000
  0.28498399E+000
  0.28498508E+000
  0.28498611E+000
  0.28498708E+000
  0.28498799E+000
  0.28498884E+000
  0.28498963E+000
  0.28499036E+000
  0.28499104E+000
  0.28499166E+000
  0.28499223E+000
  0.28499274E+000
  0.28499321E+000
  0.28499364E+000
  0.28499402E+000
  0.28499437E+000
  0.28499468E+000
  0.28499496E+000
  0.28499521E+000
  0.28499544E+000
  0.28499565E+000
  0.28499584E+000
  0.28499601E+000
  0.28499617E+000
  0.28499632E+000
  0.28499645E+000
  0.28499658E+000
  0.28499671E+000
  0.28499682E+000
  0.28499693E+000
  0.28499704E+000
  0.28499715E+000
  0.28499725E+000
  0.28499734E+000
  0.28499744E+000
  0.28499753E+000
  0.28499762E+000
  0.28499771E+000
  0.28499780E+000
  0.28499788E+000
  0.28499797E+000
  0.28499805E+000
  0.28499812E+000
  0.28499820E+000
  0.28499827E+000
  0.28499834E+000
  0.28499840E+000
  0.28499847E+000
  0.28499852E+000
  0.28499858E+000
  0.28499863E+000
  0.28499868E+000
  0.28499872E+000
  0.28499876E+000
  0.28499880E+000
  0.28499883E+000
  0.28499885E+000
  0.28499888E+000
  0.28499889E+000
  0.28499891E+000
  0.28499892E+000
  0.28499892E+000
  0.28499892E+000
  0.28499892E+000
  0.28499891E+000
  0.28499890E+000
  0.28499889E+000
  0.28499887E+000
  0.28499885E+000
  0.28499882E+000
  0.28499879E+000
  0.28499876E+000
  0.28499873E+000
  0.28499869E+000
  0.28499866E+000
  0.28499862E+000
  0.28499858E+000
  0.28499854E+000
  0.28499850E+000
  0.28499845E+000
  0.28499841E+000
  0.28499837E+000
  0.28499833E+000
  0.28499828E+000
  0.28499824E+000
  0.28499820E+000
  0.28499816E+000
  0.28499812E+000
  0.28499808E+000
  0.28499805E+000
  0.28499801E+000
  0.28499798E+000
  0.28499795E+000
  0.28499792E+000
  0.28499789E+000
  0.28499786E+000
  0.28499784E+000
  0.28499782E+000
  0.28499780E+000
  0.28499778E+000
  0.28499777E+000
  0.28499775E+000
  0.28499774E+000
  0.28499773E+000
  0.28499772E+000
  0.28499771E+000
  0.28499771E+000
  0.28499770E+000
  0.28499769E+000
  0.28499769E+000
  0.28499768E+000
  0.28499767E+000
  0.28499766E+000
  0.28499765E+000
  0.28499764E+000
  0.28499762E+000
  0.28499760E+000
  0.28499758E+000
  0.28499755E+000
  0.28499751E+000
  0.28499747E+000
  0.28499742E+000
  0.28499737E+000
  0.28499732E+000
  0.28499727E+000
  0.28499724E+000
  0.28499725E+000
  0.28499737E+000
  0.28499771E+000
  0.28499829E+000
  0.28497199E+000
