  0.27878964E+002
  0.27946378E+002
  0.27994682E+002
  0.28030982E+002
  0.28058975E+002
  0.28081042E+002
  0.28098685E+002
  0.28112927E+002
  0.28124505E+002
  0.28133948E+002
  0.28141683E+002
  0.28148030E+002
  0.28153243E+002
  0.28157521E+002
  0.28161028E+002
  0.28163899E+002
  0.28166245E+002
  0.28168156E+002
  0.28169704E+002
  0.28170947E+002
  0.28171937E+002
  0.28172717E+002
  0.28173322E+002
  0.28173780E+002
  0.28174118E+002
  0.28174354E+002
  0.28174507E+002
  0.28174591E+002
  0.28174618E+002
  0.28174598E+002
  0.28174541E+002
  0.28174453E+002
  0.28174340E+002
  0.28174207E+002
  0.28174059E+002
  0.28173898E+002
  0.28173727E+002
  0.28173548E+002
  0.28173364E+002
  0.28173174E+002
  0.28172981E+002
  0.28172786E+002
  0.28172587E+002
  0.28172388E+002
  0.28172186E+002
  0.28171984E+002
  0.28171781E+002
  0.28171577E+002
  0.28171372E+002
  0.28171168E+002
  0.28170963E+002
  0.28170758E+002
  0.28170554E+002
  0.28170351E+002
  0.28170148E+002
  0.28169947E+002
  0.28169747E+002
  0.28169549E+002
  0.28169354E+002
  0.28169160E+002
  0.28168970E+002
  0.28168782E+002
  0.28168598E+002
  0.28168418E+002
  0.28168241E+002
  0.28168069E+002
  0.28167901E+002
  0.28167738E+002
  0.28167580E+002
  0.28167427E+002
  0.28167280E+002
  0.28167138E+002
  0.28167001E+002
  0.28166870E+002
  0.28166745E+002
  0.28166625E+002
  0.28166512E+002
  0.28166404E+002
  0.28166302E+002
  0.28166205E+002
  0.28166114E+002
  0.28166028E+002
  0.28165948E+002
  0.28165873E+002
  0.28165802E+002
  0.28165737E+002
  0.28165676E+002
  0.28165619E+002
  0.28165566E+002
  0.28165518E+002
  0.28165473E+002
  0.28165432E+002
  0.28165395E+002
  0.28165361E+002
  0.28165329E+002
  0.28165301E+002
  0.28165276E+002
  0.28165254E+002
  0.28165234E+002
  0.28165217E+002
  0.28165202E+002
  0.28165189E+002
  0.28165178E+002
  0.28165169E+002
  0.28165163E+002
  0.28165157E+002
  0.28165154E+002
  0.28165152E+002
  0.28165151E+002
  0.28165151E+002
  0.28165153E+002
  0.28165155E+002
  0.28165159E+002
  0.28165163E+002
  0.28165168E+002
  0.28165173E+002
  0.28165179E+002
  0.28165185E+002
  0.28165191E+002
  0.28165198E+002
  0.28165205E+002
  0.28165211E+002
  0.28165218E+002
  0.28165224E+002
  0.28165231E+002
  0.28165237E+002
  0.28165243E+002
  0.28165248E+002
  0.28165253E+002
  0.28165258E+002
  0.28165262E+002
  0.28165266E+002
  0.28165270E+002
  0.28165273E+002
  0.28165275E+002
  0.28165277E+002
  0.28165278E+002
  0.28165280E+002
  0.28165280E+002
  0.28165280E+002
  0.28165280E+002
  0.28165279E+002
  0.28165278E+002
  0.28165277E+002
  0.28165275E+002
  0.28165273E+002
  0.28165270E+002
  0.28165268E+002
  0.28165265E+002
  0.28165262E+002
  0.28165259E+002
  0.28165256E+002
  0.28165252E+002
  0.28165249E+002
  0.28165245E+002
  0.28165242E+002
  0.28165239E+002
  0.28165235E+002
  0.28165232E+002
  0.28165229E+002
  0.28165226E+002
  0.28165223E+002
  0.28165220E+002
  0.28165218E+002
  0.28165215E+002
  0.28165213E+002
  0.28165211E+002
  0.28165209E+002
  0.28165207E+002
  0.28165206E+002
  0.28165205E+002
  0.28165204E+002
  0.28165203E+002
  0.28165202E+002
  0.28165201E+002
  0.28165201E+002
  0.28165201E+002
  0.28165201E+002
  0.28165200E+002
  0.28165200E+002
  0.28165200E+002
  0.28165200E+002
  0.28165200E+002
  0.28165200E+002
  0.28165199E+002
  0.28165199E+002
  0.28165198E+002
  0.28165196E+002
  0.28165195E+002
  0.28165192E+002
  0.28165190E+002
  0.28165186E+002
  0.28165183E+002
  0.28165179E+002
  0.28165175E+002
  0.28165173E+002
  0.28165173E+002
  0.28165184E+002
  0.28165220E+002
  0.28165367E+002
