  0.58411644E+000
  0.58277701E+000
  0.58182166E+000
  0.58110541E+000
  0.58055363E+000
  0.58011860E+000
  0.57977040E+000
  0.57948879E+000
  0.57925924E+000
  0.57907136E+000
  0.57891679E+000
  0.57878929E+000
  0.57868391E+000
  0.57859675E+000
  0.57852466E+000
  0.57846498E+000
  0.57841556E+000
  0.57837467E+000
  0.57834089E+000
  0.57831311E+000
  0.57829028E+000
  0.57827159E+000
  0.57825635E+000
  0.57824399E+000
  0.57823403E+000
  0.57822606E+000
  0.57821974E+000
  0.57821479E+000
  0.57821096E+000
  0.57820804E+000
  0.57820586E+000
  0.57820429E+000
  0.57820320E+000
  0.57820248E+000
  0.57820206E+000
  0.57820188E+000
  0.57820186E+000
  0.57820198E+000
  0.57820219E+000
  0.57820247E+000
  0.57820280E+000
  0.57820316E+000
  0.57820354E+000
  0.57820394E+000
  0.57820433E+000
  0.57820473E+000
  0.57820513E+000
  0.57820552E+000
  0.57820591E+000
  0.57820629E+000
  0.57820667E+000
  0.57820705E+000
  0.57820741E+000
  0.57820778E+000
  0.57820814E+000
  0.57820849E+000
  0.57820884E+000
  0.57820919E+000
  0.57820953E+000
  0.57820987E+000
  0.57821019E+000
  0.57821052E+000
  0.57821084E+000
  0.57821115E+000
  0.57821146E+000
  0.57821176E+000
  0.57821205E+000
  0.57821234E+000
  0.57821262E+000
  0.57821289E+000
  0.57821316E+000
  0.57821342E+000
  0.57821367E+000
  0.57821392E+000
  0.57821415E+000
  0.57821438E+000
  0.57821460E+000
  0.57821481E+000
  0.57821501E+000
  0.57821520E+000
  0.57821538E+000
  0.57821556E+000
  0.57821572E+000
  0.57821587E+000
  0.57821602E+000
  0.57821615E+000
  0.57821628E+000
  0.57821640E+000
  0.57821651E+000
  0.57821662E+000
  0.57821672E+000
  0.57821681E+000
  0.57821690E+000
  0.57821698E+000
  0.57821706E+000
  0.57821713E+000
  0.57821720E+000
  0.57821726E+000
  0.57821732E+000
  0.57821738E+000
  0.57821743E+000
  0.57821747E+000
  0.57821751E+000
  0.57821755E+000
  0.57821758E+000
  0.57821761E+000
  0.57821764E+000
  0.57821766E+000
  0.57821768E+000
  0.57821769E+000
  0.57821771E+000
  0.57821771E+000
  0.57821772E+000
  0.57821772E+000
  0.57821772E+000
  0.57821772E+000
  0.57821771E+000
  0.57821770E+000
  0.57821769E+000
  0.57821768E+000
  0.57821766E+000
  0.57821764E+000
  0.57821762E+000
  0.57821760E+000
  0.57821758E+000
  0.57821756E+000
  0.57821754E+000
  0.57821751E+000
  0.57821748E+000
  0.57821746E+000
  0.57821743E+000
  0.57821740E+000
  0.57821738E+000
  0.57821735E+000
  0.57821732E+000
  0.57821729E+000
  0.57821726E+000
  0.57821724E+000
  0.57821721E+000
  0.57821718E+000
  0.57821715E+000
  0.57821713E+000
  0.57821710E+000
  0.57821708E+000
  0.57821705E+000
  0.57821702E+000
  0.57821700E+000
  0.57821698E+000
  0.57821695E+000
  0.57821693E+000
  0.57821691E+000
  0.57821689E+000
  0.57821686E+000
  0.57821684E+000
  0.57821682E+000
  0.57821680E+000
  0.57821679E+000
  0.57821677E+000
  0.57821675E+000
  0.57821673E+000
  0.57821671E+000
  0.57821670E+000
  0.57821668E+000
  0.57821667E+000
  0.57821665E+000
  0.57821664E+000
  0.57821662E+000
  0.57821661E+000
  0.57821659E+000
  0.57821658E+000
  0.57821657E+000
  0.57821656E+000
  0.57821654E+000
  0.57821653E+000
  0.57821652E+000
  0.57821651E+000
  0.57821649E+000
  0.57821648E+000
  0.57821647E+000
  0.57821646E+000
  0.57821645E+000
  0.57821643E+000
  0.57821642E+000
  0.57821640E+000
  0.57821639E+000
  0.57821637E+000
  0.57821636E+000
  0.57821634E+000
  0.57821632E+000
  0.57821630E+000
  0.57821628E+000
  0.57821626E+000
  0.57821623E+000
  0.57821620E+000
  0.57821617E+000
  0.57821615E+000
  0.57821613E+000
  0.57821606E+000
  0.57821584E+000
  0.57821381E+000
