 -0.24999999E-002
 -0.21162043E-002
 -0.17913186E-002
 -0.15162596E-002
 -0.12833272E-002
 -0.10860073E-002
 -0.91879600E-003
 -0.77704711E-003
 -0.65684086E-003
 -0.55487103E-003
 -0.46834900E-003
 -0.39492223E-003
 -0.33260525E-003
 -0.27972139E-003
 -0.23485369E-003
 -0.19680354E-003
 -0.16455595E-003
 -0.13725039E-003
 -0.11415631E-003
 -0.94652576E-004
 -0.78210312E-004
 -0.64378453E-004
 -0.52771682E-004
 -0.43060325E-004
 -0.34961886E-004
 -0.28233977E-004
 -0.22668387E-004
 -0.18086125E-004
 -0.14333265E-004
 -0.11277455E-004
 -0.88049846E-005
 -0.68183005E-005
 -0.52339037E-005
 -0.39805483E-005
 -0.29976898E-005
 -0.22341366E-005
 -0.16468656E-005
 -0.11999741E-005
 -0.86374247E-006
 -0.61379377E-006
 -0.43033563E-006
 -0.29747692E-006
 -0.20261362E-006
 -0.13587996E-006
 -0.89662209E-007
 -0.58172838E-007
 -0.37082698E-007
 -0.23208117E-007
 -0.14249418E-007
 -0.85764587E-008
 -0.50562839E-008
 -0.29175632E-008
 -0.16463466E-008
 -0.90776861E-009
 -0.48867100E-009
 -0.25661039E-009
 -0.13133208E-009
 -0.65452018E-010
 -0.31735228E-010
 -0.14956545E-010
 -0.68452749E-011
 -0.30395789E-011
 -0.13082354E-011
 -0.54524199E-012
 -0.21983609E-012
 -0.85661242E-013
 -0.32226188E-013
 -0.11693117E-013
 -0.40879009E-014
 -0.13755147E-014
 -0.44500526E-015
 -0.13827206E-015
 -0.41219421E-016
 -0.11775800E-016
 -0.32204548E-017
 -0.84215814E-018
 -0.21034167E-018
 -0.50120142E-019
 -0.11380172E-019
 -0.24593679E-020
 -0.50526479E-021
 -0.98562738E-022
 -0.18233758E-022
 -0.31950320E-023
 -0.52962671E-024
 -0.82949723E-025
 -0.12259121E-025
 -0.17074438E-026
 -0.22382765E-027
 -0.27579958E-028
 -0.31901605E-029
 -0.34593261E-030
 -0.35119303E-031
 -0.33333840E-032
 -0.29540260E-033
 -0.24407961E-034
 -0.18777169E-035
 -0.13430667E-036
 -0.89190024E-038
 -0.54911435E-039
 -0.31297399E-040
 -0.16489902E-041
 -0.80196014E-043
 -0.35947330E-044
 -0.14828895E-045
 -0.56211272E-047
 -0.19550069E-048
 -0.62289704E-050
 -0.18153280E-051
 -0.48315482E-053
 -0.11725378E-054
 -0.25905220E-056
 -0.52020356E-058
 -0.94795056E-060
 -0.15650158E-061
 -0.23370201E-063
 -0.31513772E-065
 -0.38309920E-067
 -0.41914943E-069
 -0.41204125E-071
 -0.36331999E-073
 -0.28686165E-075
 -0.20246111E-077
 -0.12750987E-079
 -0.71535178E-082
 -0.35686596E-084
 -0.15802702E-086
 -0.62004471E-089
 -0.21517938E-091
 -0.65929274E-094
 -0.17801856E-096
 -0.42283052E-099
 -0.88181919E-102
 -0.16117527E-104
 -0.25769846E-107
 -0.35975104E-110
 -0.43767071E-113
 -0.46314804E-116
 -0.42548696E-119
 -0.33869551E-122
 -0.23315532E-125
 -0.13853049E-128
 -0.70901682E-132
 -0.31197448E-135
 -0.11777946E-138
 -0.38074808E-142
 -0.10518383E-145
 -0.24781308E-149
 -0.49690992E-153
 -0.84629126E-157
  0.00000000E+000
  0.00000000E+000
  0.00000000E+000
  0.00000000E+000
  0.00000000E+000
  0.00000000E+000
  0.00000000E+000
  0.00000000E+000
  0.00000000E+000
  0.00000000E+000
  0.00000000E+000
  0.00000000E+000
  0.00000000E+000
  0.00000000E+000
  0.00000000E+000
  0.00000000E+000
  0.00000000E+000
  0.00000000E+000
  0.00000000E+000
  0.00000000E+000
  0.00000000E+000
  0.00000000E+000
  0.00000000E+000
  0.00000000E+000
  0.00000000E+000
  0.00000000E+000
  0.00000000E+000
  0.00000000E+000
  0.00000000E+000
  0.00000000E+000
  0.00000000E+000
  0.00000000E+000
  0.00000000E+000
  0.00000000E+000
  0.00000000E+000
  0.00000000E+000
  0.00000000E+000
  0.00000000E+000
  0.00000000E+000
  0.00000000E+000
  0.00000000E+000
  0.00000000E+000
  0.00000000E+000
  0.00000000E+000
  0.00000000E+000
  0.00000000E+000
  0.00000000E+000
  0.00000000E+000
  0.00000000E+000
  0.00000000E+000
