 -0.93401742E+000 -0.83813383E+000 -0.56492699E+000 -0.20764928E+000 -0.57295680E-002  0.84681032E-003  0.95404910E+000  0.45945677E+001  0.89465163E+001  0.16278867E+002  0.22291896E+002
 -0.93307449E+000 -0.83688089E+000 -0.56303695E+000 -0.20543891E+000 -0.52614003E-002  0.92013512E-003  0.95356652E+000  0.45943712E+001  0.89445106E+001  0.16272801E+002  0.22284928E+002
 -0.93240590E+000 -0.83595218E+000 -0.56158318E+000 -0.20376432E+000 -0.51769992E-002  0.92928262E-003  0.95337935E+000  0.45941588E+001  0.89427156E+001  0.16267572E+002  0.22278854E+002
 -0.93193541E+000 -0.83527116E+000 -0.56046217E+000 -0.20249302E+000 -0.52157984E-002  0.92781693E-003  0.95339380E+000  0.45939751E+001  0.89411824E+001  0.16263167E+002  0.22273661E+002
 -0.93160654E+000 -0.83477820E+000 -0.55959906E+000 -0.20153492E+000 -0.52862520E-002  0.92255758E-003  0.95354555E+000  0.45938320E+001  0.89399262E+001  0.16259530E+002  0.22269280E+002
 -0.93137879E+000 -0.83442812E+000 -0.55893964E+000 -0.20082310E+000 -0.53596638E-002  0.91550964E-003  0.95378539E+000  0.45937243E+001  0.89389398E+001  0.16256583E+002  0.22265638E+002
 -0.93122486E+000 -0.83418688E+000 -0.55844492E+000 -0.20030750E+000 -0.54236974E-002  0.90829710E-003  0.95407395E+000  0.45936413E+001  0.89382014E+001  0.16254240E+002  0.22262649E+002
 -0.93112476E+000 -0.83402934E+000 -0.55808393E+000 -0.19995078E+000 -0.54747159E-002  0.90188410E-003  0.95438199E+000  0.45935745E+001  0.89376811E+001  0.16252419E+002  0.22260230E+002
 -0.93106490E+000 -0.83393598E+000 -0.55783206E+000 -0.19972291E+000 -0.55135125E-002  0.89663757E-003  0.95468976E+000  0.45935184E+001  0.89373461E+001  0.16251046E+002  0.22258306E+002
 -0.93103586E+000 -0.83389145E+000 -0.55766935E+000 -0.19959979E+000 -0.55426080E-002  0.89251244E-003  0.95498575E+000  0.45934708E+001  0.89371630E+001  0.16250058E+002  0.22256808E+002
 -0.93102994E+000 -0.83388441E+000 -0.55757989E+000 -0.19956146E+000 -0.55644670E-002  0.88931508E-003  0.95526269E+000  0.45934316E+001  0.89371007E+001  0.16249398E+002  0.22255676E+002
 -0.93104180E+000 -0.83390608E+000 -0.55755011E+000 -0.19959172E+000 -0.55813136E-002  0.88673913E-003  0.95551576E+000  0.45934012E+001  0.89371308E+001  0.16249012E+002  0.22254865E+002
 -0.93106742E+000 -0.83394958E+000 -0.55756879E+000 -0.19967728E+000 -0.55947782E-002  0.88459779E-003  0.95574222E+000  0.45933803E+001  0.89372294E+001  0.16248860E+002  0.22254329E+002
 -0.93110367E+000 -0.83400960E+000 -0.55762666E+000 -0.19980722E+000 -0.56059765E-002  0.88273167E-003  0.95594064E+000  0.45933688E+001  0.89373767E+001  0.16248906E+002  0.22254027E+002
 -0.93114805E+000 -0.83408222E+000 -0.55771602E+000 -0.19997248E+000 -0.56156403E-002  0.88101989E-003  0.95611072E+000  0.45933666E+001  0.89375579E+001  0.16249121E+002  0.22253928E+002
 -0.93119879E+000 -0.83416415E+000 -0.55783048E+000 -0.20016558E+000 -0.56242658E-002  0.87938270E-003  0.95625287E+000  0.45933729E+001  0.89377616E+001  0.16249479E+002  0.22254001E+002
 -0.93125453E+000 -0.83425286E+000 -0.55796483E+000 -0.20038034E+000 -0.56321974E-002  0.87776597E-003  0.95636814E+000  0.45933866E+001  0.89379801E+001  0.16249959E+002  0.22254224E+002
 -0.93131415E+000 -0.83434646E+000 -0.55811474E+000 -0.20061167E+000 -0.56395349E-002  0.87617430E-003  0.95645793E+000  0.45934066E+001  0.89382079E+001  0.16250540E+002  0.22254574E+002
 -0.93137684E+000 -0.83444336E+000 -0.55827664E+000 -0.20085533E+000 -0.56462168E-002  0.87465063E-003  0.95652394E+000  0.45934314E+001  0.89384418E+001  0.16251207E+002  0.22255033E+002
 -0.93144185E+000 -0.83454243E+000 -0.55844760E+000 -0.20110770E+000 -0.56523291E-002  0.87318733E-003  0.95656799E+000  0.45934600E+001  0.89386798E+001  0.16251943E+002  0.22255588E+002
 -0.93150857E+000 -0.83464278E+000 -0.55862519E+000 -0.20136583E+000 -0.56581896E-002  0.87170724E-003  0.95659204E+000  0.45934911E+001  0.89389209E+001  0.16252735E+002  0.22256223E+002
 -0.93157649E+000 -0.83474374E+000 -0.55880742E+000 -0.20162725E+000 -0.56637858E-002  0.87022810E-003  0.95659805E+000  0.45935238E+001  0.89391648E+001  0.16253572E+002  0.22256930E+002
 -0.93164522E+000 -0.83484475E+000 -0.55899268E+000 -0.20188990E+000 -0.56690796E-002  0.86877171E-003  0.95658794E+000  0.45935574E+001  0.89394113E+001  0.16254440E+002  0.22257697E+002
 -0.93171442E+000 -0.83494544E+000 -0.55917966E+000 -0.20215203E+000 -0.56740450E-002  0.86735534E-003  0.95656358E+000  0.45935913E+001  0.89396603E+001  0.16255332E+002  0.22258516E+002
 -0.93178378E+000 -0.83504552E+000 -0.55936728E+000 -0.20241217E+000 -0.56786687E-002  0.86599160E-003  0.95652674E+000  0.45936250E+001  0.89399116E+001  0.16256236E+002  0.22259381E+002
 -0.93185311E+000 -0.83514478E+000 -0.55955468E+000 -0.20266907E+000 -0.56829484E-002  0.86468905E-003  0.95647911E+000  0.45936583E+001  0.89401651E+001  0.16257145E+002  0.22260284E+002
 -0.93192225E+000 -0.83524308E+000 -0.55974119E+000 -0.20292168E+000 -0.56868903E-002  0.86345304E-003  0.95642228E+000  0.45936911E+001  0.89404202E+001  0.16258051E+002  0.22261220E+002
 -0.93199108E+000 -0.83534033E+000 -0.55992625E+000 -0.20316908E+000 -0.56905073E-002  0.86228611E-003  0.95635770E+000  0.45937232E+001  0.89406762E+001  0.16258947E+002  0.22262184E+002
 -0.93205948E+000 -0.83543646E+000 -0.56010944E+000 -0.20341053E+000 -0.56938166E-002  0.86118872E-003  0.95628670E+000  0.45937547E+001  0.89409322E+001  0.16259830E+002  0.22263170E+002
 -0.93212735E+000 -0.83553143E+000 -0.56029042E+000 -0.20364538E+000 -0.56968383E-002  0.86015981E-003  0.95621053E+000  0.45937856E+001  0.89411873E+001  0.16260693E+002  0.22264176E+002
 -0.93219463E+000 -0.83562520E+000 -0.56046893E+000 -0.20387312E+000 -0.56995938E-002  0.85919718E-003  0.95613028E+000  0.45938161E+001  0.89414403E+001  0.16261533E+002  0.22265196E+002
 -0.93226125E+000 -0.83571779E+000 -0.56064479E+000 -0.20409330E+000 -0.57021046E-002  0.85829806E-003  0.95604694E+000  0.45938462E+001  0.89416898E+001  0.16262348E+002  0.22266226E+002
 -0.93232717E+000 -0.83580917E+000 -0.56081786E+000 -0.20430560E+000 -0.57043919E-002  0.85745910E-003  0.95596141E+000  0.45938759E+001  0.89419346E+001  0.16263137E+002  0.22267263E+002
 -0.93239233E+000 -0.83589935E+000 -0.56098803E+000 -0.20450977E+000 -0.57064765E-002  0.85667669E-003  0.95587447E+000  0.45939053E+001  0.89421734E+001  0.16263898E+002  0.22268303E+002
 -0.93245672E+000 -0.83598835E+000 -0.56115523E+000 -0.20470562E+000 -0.57083775E-002  0.85594718E-003  0.95578681E+000  0.45939343E+001  0.89424050E+001  0.16264632E+002  0.22269343E+002
 -0.93252029E+000 -0.83607615E+000 -0.56131942E+000 -0.20489306E+000 -0.57101128E-002  0.85526698E-003  0.95569902E+000  0.45939630E+001  0.89426281E+001  0.16265340E+002  0.22270380E+002
 -0.93258302E+000 -0.83616276E+000 -0.56148055E+000 -0.20507206E+000 -0.57116987E-002  0.85463263E-003  0.95561164E+000  0.45939913E+001  0.89428419E+001  0.16266022E+002  0.22271409E+002
 -0.93264488E+000 -0.83624818E+000 -0.56163860E+000 -0.20524263E+000 -0.57131501E-002  0.85404085E-003  0.95552512E+000  0.45940189E+001  0.89430455E+001  0.16266680E+002  0.22272429E+002
 -0.93270585E+000 -0.83633238E+000 -0.56179354E+000 -0.20540485E+000 -0.57144803E-002  0.85348859E-003  0.95543982E+000  0.45940459E+001  0.89432383E+001  0.16267317E+002  0.22273436E+002
 -0.93276590E+000 -0.83641536E+000 -0.56194533E+000 -0.20555886E+000 -0.57157013E-002  0.85297306E-003  0.95535609E+000  0.45940721E+001  0.89434199E+001  0.16267933E+002  0.22274429E+002
 -0.93282499E+000 -0.83649707E+000 -0.56209395E+000 -0.20570482E+000 -0.57168237E-002  0.85249168E-003  0.95527419E+000  0.45940974E+001  0.89435901E+001  0.16268531E+002  0.22275405E+002
 -0.93288309E+000 -0.83657747E+000 -0.56223934E+000 -0.20584293E+000 -0.57178571E-002  0.85204215E-003  0.95519435E+000  0.45941215E+001  0.89437492E+001  0.16269114E+002  0.22276362E+002
 -0.93294016E+000 -0.83665652E+000 -0.56238145E+000 -0.20597343E+000 -0.57188097E-002  0.85162238E-003  0.95511677E+000  0.45941444E+001  0.89438974E+001  0.16269681E+002  0.22277300E+002
 -0.93299617E+000 -0.83673415E+000 -0.56252021E+000 -0.20609656E+000 -0.57196890E-002  0.85123047E-003  0.95504160E+000  0.45941659E+001  0.89440352E+001  0.16270235E+002  0.22278216E+002
 -0.93305106E+000 -0.83681028E+000 -0.56265555E+000 -0.20621259E+000 -0.57205015E-002  0.85086475E-003  0.95496896E+000  0.45941860E+001  0.89441634E+001  0.16270777E+002  0.22279110E+002
 -0.93310478E+000 -0.83688485E+000 -0.56278736E+000 -0.20632180E+000 -0.57212529E-002  0.85052370E-003  0.95489896E+000  0.45942046E+001  0.89442829E+001  0.16271306E+002  0.22279981E+002
 -0.93315729E+000 -0.83695774E+000 -0.56291556E+000 -0.20642445E+000 -0.57219482E-002  0.85020594E-003  0.95483167E+000  0.45942217E+001  0.89443945E+001  0.16271825E+002  0.22280829E+002
 -0.93320852E+000 -0.83702888E+000 -0.56304004E+000 -0.20652084E+000 -0.57225920E-002  0.84991020E-003  0.95476716E+000  0.45942373E+001  0.89444994E+001  0.16272331E+002  0.22281653E+002
 -0.93325841E+000 -0.83709816E+000 -0.56316069E+000 -0.20661124E+000 -0.57231883E-002  0.84963535E-003  0.95470547E+000  0.45942515E+001  0.89445987E+001  0.16272826E+002  0.22282452E+002
 -0.93330690E+000 -0.83716547E+000 -0.56327738E+000 -0.20669591E+000 -0.57237404E-002  0.84938030E-003  0.95464662E+000  0.45942642E+001  0.89446932E+001  0.16273309E+002  0.22283225E+002
 -0.93335393E+000 -0.83723071E+000 -0.56339002E+000 -0.20677512E+000 -0.57242516E-002  0.84914403E-003  0.95459065E+000  0.45942756E+001  0.89447841E+001  0.16273779E+002  0.22283972E+002
 -0.93339943E+000 -0.83729379E+000 -0.56349850E+000 -0.20684913E+000 -0.57247247E-002  0.84892559E-003  0.95453754E+000  0.45942859E+001  0.89448722E+001  0.16274235E+002  0.22284691E+002
 -0.93344335E+000 -0.83735459E+000 -0.56360270E+000 -0.20691817E+000 -0.57251622E-002  0.84872403E-003  0.95448731E+000  0.45942951E+001  0.89449582E+001  0.16274676E+002  0.22285381E+002
 -0.93348562E+000 -0.83741304E+000 -0.56370254E+000 -0.20698250E+000 -0.57255665E-002  0.84853844E-003  0.95443994E+000  0.45943035E+001  0.89450428E+001  0.16275102E+002  0.22286041E+002
 -0.93352618E+000 -0.83746904E+000 -0.56379794E+000 -0.20704233E+000 -0.57259396E-002  0.84836794E-003  0.95439541E+000  0.45943111E+001  0.89451265E+001  0.16275510E+002  0.22286669E+002
 -0.93356500E+000 -0.83752252E+000 -0.56388883E+000 -0.20709790E+000 -0.57262835E-002  0.84821165E-003  0.95435370E+000  0.45943182E+001  0.89452096E+001  0.16275900E+002  0.22287263E+002
 -0.93360202E+000 -0.83757343E+000 -0.56397517E+000 -0.20714941E+000 -0.57266000E-002  0.84806872E-003  0.95431478E+000  0.45943249E+001  0.89452924E+001  0.16276271E+002  0.22287822E+002
 -0.93363722E+000 -0.83762171E+000 -0.56405692E+000 -0.20719708E+000 -0.57268909E-002  0.84793831E-003  0.95427860E+000  0.45943314E+001  0.89453748E+001  0.16276622E+002  0.22288344E+002
 -0.93367057E+000 -0.83766734E+000 -0.56413407E+000 -0.20724112E+000 -0.57271577E-002  0.84781961E-003  0.95424514E+000  0.45943380E+001  0.89454568E+001  0.16276950E+002  0.22288829E+002
 -0.93370205E+000 -0.83771029E+000 -0.56420664E+000 -0.20728170E+000 -0.57274019E-002  0.84771183E-003  0.95421433E+000  0.45943446E+001  0.89455383E+001  0.16277257E+002  0.22289274E+002
 -0.93373165E+000 -0.83775058E+000 -0.56427467E+000 -0.20731903E+000 -0.57276251E-002  0.84761419E-003  0.95418613E+000  0.45943516E+001  0.89456189E+001  0.16277540E+002  0.22289681E+002
 -0.93375939E+000 -0.83778821E+000 -0.56433819E+000 -0.20735330E+000 -0.57278287E-002  0.84752596E-003  0.95416047E+000  0.45943589E+001  0.89456983E+001  0.16277799E+002  0.22290049E+002
 -0.93378527E+000 -0.83782322E+000 -0.56439730E+000 -0.20738467E+000 -0.57280138E-002  0.84744645E-003  0.95413729E+000  0.45943668E+001  0.89457760E+001  0.16278034E+002  0.22290378E+002
 -0.93380932E+000 -0.83785566E+000 -0.56445209E+000 -0.20741332E+000 -0.57281819E-002  0.84737498E-003  0.95411651E+000  0.45943752E+001  0.89458516E+001  0.16278245E+002  0.22290669E+002
 -0.93383158E+000 -0.83788559E+000 -0.56450267E+000 -0.20743941E+000 -0.57283341E-002  0.84731093E-003  0.95409804E+000  0.45943842E+001  0.89459245E+001  0.16278431E+002  0.22290923E+002
 -0.93385210E+000 -0.83791309E+000 -0.56454917E+000 -0.20746312E+000 -0.57284716E-002  0.84725370E-003  0.95408181E+000  0.45943937E+001  0.89459943E+001  0.16278594E+002  0.22291143E+002
 -0.93387092E+000 -0.83793824E+000 -0.56459176E+000 -0.20748459E+000 -0.57285954E-002  0.84720274E-003  0.95406771E+000  0.45944038E+001  0.89460604E+001  0.16278734E+002  0.22291330E+002
 -0.93388810E+000 -0.83796115E+000 -0.56463058E+000 -0.20750397E+000 -0.57287067E-002  0.84715754E-003  0.95405563E+000  0.45944142E+001  0.89461225E+001  0.16278852E+002  0.22291487E+002
 -0.93390373E+000 -0.83798192E+000 -0.56466583E+000 -0.20752142E+000 -0.57288063E-002  0.84711758E-003  0.95404546E+000  0.45944250E+001  0.89461800E+001  0.16278949E+002  0.22291617E+002
 -0.93391787E+000 -0.83800067E+000 -0.56469768E+000 -0.20753706E+000 -0.57288954E-002  0.84708242E-003  0.95403706E+000  0.45944360E+001  0.89462328E+001  0.16279027E+002  0.22291722E+002
 -0.93393061E+000 -0.83801751E+000 -0.56472634E+000 -0.20755103E+000 -0.57289746E-002  0.84705161E-003  0.95403031E+000  0.45944470E+001  0.89462806E+001  0.16279087E+002  0.22291805E+002
 -0.93394203E+000 -0.83803258E+000 -0.56475201E+000 -0.20756347E+000 -0.57290450E-002  0.84702475E-003  0.95402507E+000  0.45944578E+001  0.89463232E+001  0.16279132E+002  0.22291869E+002
 -0.93395221E+000 -0.83804599E+000 -0.56477488E+000 -0.20757450E+000 -0.57291072E-002  0.84700144E-003  0.95402117E+000  0.45944684E+001  0.89463607E+001  0.16279162E+002  0.22291917E+002
 -0.93396124E+000 -0.83805786E+000 -0.56479517E+000 -0.20758424E+000 -0.57291621E-002  0.84698130E-003  0.95401848E+000  0.45944785E+001  0.89463931E+001  0.16279180E+002  0.22291951E+002
 -0.93396922E+000 -0.83806834E+000 -0.56481308E+000 -0.20759280E+000 -0.57292104E-002  0.84696400E-003  0.95401684E+000  0.45944879E+001  0.89464206E+001  0.16279188E+002  0.22291974E+002
 -0.93397623E+000 -0.83807754E+000 -0.56482881E+000 -0.20760030E+000 -0.57292527E-002  0.84694917E-003  0.95401609E+000  0.45944967E+001  0.89464435E+001  0.16279187E+002  0.22291988E+002
 -0.93398236E+000 -0.83808557E+000 -0.56484256E+000 -0.20760684E+000 -0.57292898E-002  0.84693653E-003  0.95401609E+000  0.45945046E+001  0.89464621E+001  0.16279179E+002  0.22291995E+002
 -0.93398770E+000 -0.83809255E+000 -0.56485453E+000 -0.20761252E+000 -0.57293221E-002  0.84692575E-003  0.95401669E+000  0.45945117E+001  0.89464769E+001  0.16279167E+002  0.22291997E+002
 -0.93399231E+000 -0.83809860E+000 -0.56486489E+000 -0.20761744E+000 -0.57293502E-002  0.84691657E-003  0.95401777E+000  0.45945179E+001  0.89464882E+001  0.16279150E+002  0.22291996E+002
 -0.93399629E+000 -0.83810381E+000 -0.56487382E+000 -0.20762169E+000 -0.57293747E-002  0.84690874E-003  0.95401920E+000  0.45945232E+001  0.89464965E+001  0.16279131E+002  0.22291991E+002
 -0.93399970E+000 -0.83810828E+000 -0.56488147E+000 -0.20762534E+000 -0.57293961E-002  0.84690202E-003  0.95402087E+000  0.45945277E+001  0.89465022E+001  0.16279110E+002  0.22291986E+002
 -0.93400260E+000 -0.83811210E+000 -0.56488802E+000 -0.20762847E+000 -0.57294147E-002  0.84689621E-003  0.95402270E+000  0.45945313E+001  0.89465058E+001  0.16279088E+002  0.22291979E+002
 -0.93400507E+000 -0.83811535E+000 -0.56489358E+000 -0.20763115E+000 -0.57294309E-002  0.84689113E-003  0.95402461E+000  0.45945343E+001  0.89465077E+001  0.16279066E+002  0.22291972E+002
 -0.93400716E+000 -0.83811810E+000 -0.56489829E+000 -0.20763344E+000 -0.57294452E-002  0.84688663E-003  0.95402653E+000  0.45945366E+001  0.89465083E+001  0.16279045E+002  0.22291965E+002
 -0.93400891E+000 -0.83812043E+000 -0.56490227E+000 -0.20763540E+000 -0.57294577E-002  0.84688258E-003  0.95402842E+000  0.45945383E+001  0.89465079E+001  0.16279025E+002  0.22291958E+002
 -0.93401039E+000 -0.83812238E+000 -0.56490562E+000 -0.20763708E+000 -0.57294688E-002  0.84687888E-003  0.95403025E+000  0.45945396E+001  0.89465067E+001  0.16279006E+002  0.22291952E+002
 -0.93401162E+000 -0.83812403E+000 -0.56490842E+000 -0.20763851E+000 -0.57294787E-002  0.84687545E-003  0.95403199E+000  0.45945405E+001  0.89465051E+001  0.16278988E+002  0.22291946E+002
 -0.93401264E+000 -0.83812540E+000 -0.56491076E+000 -0.20763973E+000 -0.57294875E-002  0.84687222E-003  0.95403363E+000  0.45945411E+001  0.89465031E+001  0.16278971E+002  0.22291941E+002
 -0.93401348E+000 -0.83812654E+000 -0.56491271E+000 -0.20764077E+000 -0.57294955E-002  0.84686915E-003  0.95403517E+000  0.45945415E+001  0.89465010E+001  0.16278956E+002  0.22291936E+002
 -0.93401418E+000 -0.83812748E+000 -0.56491432E+000 -0.20764166E+000 -0.57295026E-002  0.84686622E-003  0.95403660E+000  0.45945418E+001  0.89464989E+001  0.16278942E+002  0.22291931E+002
 -0.93401475E+000 -0.83812827E+000 -0.56491566E+000 -0.20764242E+000 -0.57295091E-002  0.84686341E-003  0.95403793E+000  0.45945419E+001  0.89464968E+001  0.16278930E+002  0.22291927E+002
 -0.93401521E+000 -0.83812891E+000 -0.56491675E+000 -0.20764307E+000 -0.57295149E-002  0.84686071E-003  0.95403918E+000  0.45945420E+001  0.89464948E+001  0.16278919E+002  0.22291923E+002
 -0.93401559E+000 -0.83812943E+000 -0.56491764E+000 -0.20764362E+000 -0.57295202E-002  0.84685813E-003  0.95404034E+000  0.45945421E+001  0.89464930E+001  0.16278909E+002  0.22291919E+002
 -0.93401589E+000 -0.83812986E+000 -0.56491836E+000 -0.20764408E+000 -0.57295250E-002  0.84685565E-003  0.95404142E+000  0.45945422E+001  0.89464913E+001  0.16278900E+002  0.22291915E+002
 -0.93401613E+000 -0.83813020E+000 -0.56491894E+000 -0.20764447E+000 -0.57295293E-002  0.84685329E-003  0.95404244E+000  0.45945422E+001  0.89464898E+001  0.16278891E+002  0.22291910E+002
 -0.93401632E+000 -0.83813046E+000 -0.56491938E+000 -0.20764479E+000 -0.57295332E-002  0.84685105E-003  0.95404339E+000  0.45945423E+001  0.89464884E+001  0.16278884E+002  0.22291906E+002
 -0.93401646E+000 -0.83813067E+000 -0.56491972E+000 -0.20764505E+000 -0.57295366E-002  0.84684894E-003  0.95404430E+000  0.45945424E+001  0.89464872E+001  0.16278878E+002  0.22291902E+002
 -0.93401656E+000 -0.83813082E+000 -0.56491997E+000 -0.20764525E+000 -0.57295397E-002  0.84684695E-003  0.95404515E+000  0.45945426E+001  0.89464861E+001  0.16278872E+002  0.22291898E+002
 -0.93401664E+000 -0.83813093E+000 -0.56492014E+000 -0.20764540E+000 -0.57295423E-002  0.84684510E-003  0.95404596E+000  0.45945427E+001  0.89464852E+001  0.16278867E+002  0.22291894E+002
 -0.93401669E+000 -0.83813100E+000 -0.56492024E+000 -0.20764551E+000 -0.57295446E-002  0.84684337E-003  0.95404672E+000  0.45945429E+001  0.89464844E+001  0.16278862E+002  0.22291891E+002
 -0.93401671E+000 -0.83813104E+000 -0.56492027E+000 -0.20764558E+000 -0.57295466E-002  0.84684176E-003  0.95404743E+000  0.45945431E+001  0.89464837E+001  0.16278858E+002  0.22291887E+002
 -0.93401672E+000 -0.83813104E+000 -0.56492026E+000 -0.20764561E+000 -0.57295482E-002  0.84684028E-003  0.95404810E+000  0.45945433E+001  0.89464832E+001  0.16278855E+002  0.22291884E+002
 -0.93401670E+000 -0.83813103E+000 -0.56492020E+000 -0.20764560E+000 -0.57295495E-002  0.84683892E-003  0.95404872E+000  0.45945435E+001  0.89464827E+001  0.16278853E+002  0.22291880E+002
 -0.93401668E+000 -0.83813099E+000 -0.56492010E+000 -0.20764557E+000 -0.57295505E-002  0.84683766E-003  0.95404930E+000  0.45945436E+001  0.89464823E+001  0.16278850E+002  0.22291878E+002
 -0.93401665E+000 -0.83813094E+000 -0.56491997E+000 -0.20764551E+000 -0.57295513E-002  0.84683650E-003  0.95404983E+000  0.45945438E+001  0.89464821E+001  0.16278849E+002  0.22291875E+002
 -0.93401660E+000 -0.83813086E+000 -0.56491981E+000 -0.20764543E+000 -0.57295518E-002  0.84683544E-003  0.95405031E+000  0.45945440E+001  0.89464819E+001  0.16278848E+002  0.22291873E+002
 -0.93401655E+000 -0.83813078E+000 -0.56491963E+000 -0.20764532E+000 -0.57295520E-002  0.84683447E-003  0.95405074E+000  0.45945442E+001  0.89464818E+001  0.16278847E+002  0.22291871E+002
 -0.93401649E+000 -0.83813069E+000 -0.56491942E+000 -0.20764520E+000 -0.57295521E-002  0.84683358E-003  0.95405113E+000  0.45945443E+001  0.89464818E+001  0.16278847E+002  0.22291870E+002
 -0.93401643E+000 -0.83813058E+000 -0.56491920E+000 -0.20764505E+000 -0.57295519E-002  0.84683276E-003  0.95405146E+000  0.45945444E+001  0.89464819E+001  0.16278847E+002  0.22291869E+002
 -0.93401636E+000 -0.83813047E+000 -0.56491896E+000 -0.20764490E+000 -0.57295515E-002  0.84683201E-003  0.95405175E+000  0.45945446E+001  0.89464821E+001  0.16278848E+002  0.22291868E+002
 -0.93401629E+000 -0.83813035E+000 -0.56491872E+000 -0.20764473E+000 -0.57295510E-002  0.84683133E-003  0.95405199E+000  0.45945447E+001  0.89464823E+001  0.16278849E+002  0.22291868E+002
 -0.93401621E+000 -0.83813023E+000 -0.56491846E+000 -0.20764454E+000 -0.57295503E-002  0.84683071E-003  0.95405218E+000  0.45945447E+001  0.89464827E+001  0.16278850E+002  0.22291868E+002
 -0.93401613E+000 -0.83813010E+000 -0.56491820E+000 -0.20764435E+000 -0.57295494E-002  0.84683015E-003  0.95405233E+000  0.45945448E+001  0.89464830E+001  0.16278852E+002  0.22291868E+002
 -0.93401606E+000 -0.83812997E+000 -0.56491793E+000 -0.20764415E+000 -0.57295484E-002  0.84682964E-003  0.95405244E+000  0.45945449E+001  0.89464835E+001  0.16278854E+002  0.22291869E+002
 -0.93401598E+000 -0.83812984E+000 -0.56491766E+000 -0.20764394E+000 -0.57295472E-002  0.84682918E-003  0.95405251E+000  0.45945449E+001  0.89464840E+001  0.16278856E+002  0.22291870E+002
 -0.93401590E+000 -0.83812970E+000 -0.56491738E+000 -0.20764373E+000 -0.57295460E-002  0.84682878E-003  0.95405254E+000  0.45945449E+001  0.89464846E+001  0.16278859E+002  0.22291872E+002
 -0.93401582E+000 -0.83812956E+000 -0.56491710E+000 -0.20764350E+000 -0.57295446E-002  0.84682842E-003  0.95405253E+000  0.45945449E+001  0.89464852E+001  0.16278861E+002  0.22291874E+002
 -0.93401574E+000 -0.83812943E+000 -0.56491683E+000 -0.20764328E+000 -0.57295431E-002  0.84682812E-003  0.95405249E+000  0.45945449E+001  0.89464859E+001  0.16278864E+002  0.22291876E+002
 -0.93401566E+000 -0.83812929E+000 -0.56491655E+000 -0.20764304E+000 -0.57295415E-002  0.84682786E-003  0.95405242E+000  0.45945449E+001  0.89464865E+001  0.16278867E+002  0.22291878E+002
 -0.93401558E+000 -0.83812915E+000 -0.56491628E+000 -0.20764281E+000 -0.57295398E-002  0.84682766E-003  0.95405232E+000  0.45945449E+001  0.89464873E+001  0.16278870E+002  0.22291880E+002
 -0.93401550E+000 -0.83812902E+000 -0.56491600E+000 -0.20764257E+000 -0.57295380E-002  0.84682750E-003  0.95405220E+000  0.45945448E+001  0.89464880E+001  0.16278874E+002  0.22291883E+002
 -0.93401542E+000 -0.83812888E+000 -0.56491573E+000 -0.20764233E+000 -0.57295361E-002  0.84682739E-003  0.95405205E+000  0.45945448E+001  0.89464888E+001  0.16278877E+002  0.22291885E+002
 -0.93401535E+000 -0.83812875E+000 -0.56491546E+000 -0.20764209E+000 -0.57295341E-002  0.84682733E-003  0.95405189E+000  0.45945447E+001  0.89464895E+001  0.16278880E+002  0.22291888E+002
 -0.93401527E+000 -0.83812862E+000 -0.56491520E+000 -0.20764184E+000 -0.57295321E-002  0.84682731E-003  0.95405170E+000  0.45945446E+001  0.89464903E+001  0.16278884E+002  0.22291891E+002
 -0.93401519E+000 -0.83812849E+000 -0.56491494E+000 -0.20764160E+000 -0.57295300E-002  0.84682734E-003  0.95405149E+000  0.45945445E+001  0.89464911E+001  0.16278887E+002  0.22291894E+002
 -0.93401512E+000 -0.83812836E+000 -0.56491468E+000 -0.20764135E+000 -0.57295279E-002  0.84682742E-003  0.95405128E+000  0.45945444E+001  0.89464918E+001  0.16278890E+002  0.22291897E+002
 -0.93401505E+000 -0.83812823E+000 -0.56491443E+000 -0.20764111E+000 -0.57295257E-002  0.84682755E-003  0.95405105E+000  0.45945443E+001  0.89464926E+001  0.16278894E+002  0.22291900E+002
 -0.93401498E+000 -0.83812811E+000 -0.56491418E+000 -0.20764086E+000 -0.57295234E-002  0.84682773E-003  0.95405081E+000  0.45945442E+001  0.89464933E+001  0.16278897E+002  0.22291904E+002
 -0.93401491E+000 -0.83812798E+000 -0.56491394E+000 -0.20764062E+000 -0.57295211E-002  0.84682795E-003  0.95405056E+000  0.45945440E+001  0.89464940E+001  0.16278900E+002  0.22291907E+002
 -0.93401484E+000 -0.83812786E+000 -0.56491370E+000 -0.20764038E+000 -0.57295188E-002  0.84682821E-003  0.95405030E+000  0.45945439E+001  0.89464947E+001  0.16278903E+002  0.22291910E+002
 -0.93401478E+000 -0.83812775E+000 -0.56491347E+000 -0.20764014E+000 -0.57295165E-002  0.84682852E-003  0.95405004E+000  0.45945437E+001  0.89464954E+001  0.16278906E+002  0.22291913E+002
 -0.93401471E+000 -0.83812763E+000 -0.56491324E+000 -0.20763990E+000 -0.57295141E-002  0.84682887E-003  0.95404977E+000  0.45945435E+001  0.89464960E+001  0.16278909E+002  0.22291916E+002
 -0.93401465E+000 -0.83812752E+000 -0.56491301E+000 -0.20763967E+000 -0.57295117E-002  0.84682926E-003  0.95404951E+000  0.45945434E+001  0.89464966E+001  0.16278912E+002  0.22291919E+002
 -0.93401459E+000 -0.83812741E+000 -0.56491280E+000 -0.20763944E+000 -0.57295093E-002  0.84682969E-003  0.95404923E+000  0.45945432E+001  0.89464971E+001  0.16278915E+002  0.22291922E+002
 -0.93401453E+000 -0.83812731E+000 -0.56491259E+000 -0.20763921E+000 -0.57295070E-002  0.84683016E-003  0.95404896E+000  0.45945430E+001  0.89464977E+001  0.16278917E+002  0.22291924E+002
 -0.93401447E+000 -0.83812720E+000 -0.56491238E+000 -0.20763899E+000 -0.57295046E-002  0.84683066E-003  0.95404869E+000  0.45945428E+001  0.89464982E+001  0.16278920E+002  0.22291927E+002
 -0.93401441E+000 -0.83812710E+000 -0.56491218E+000 -0.20763877E+000 -0.57295022E-002  0.84683120E-003  0.95404843E+000  0.45945426E+001  0.89464986E+001  0.16278922E+002  0.22291930E+002
 -0.93401436E+000 -0.83812700E+000 -0.56491198E+000 -0.20763856E+000 -0.57294998E-002  0.84683177E-003  0.95404816E+000  0.45945424E+001  0.89464990E+001  0.16278925E+002  0.22291932E+002
 -0.93401431E+000 -0.83812691E+000 -0.56491179E+000 -0.20763835E+000 -0.57294975E-002  0.84683237E-003  0.95404790E+000  0.45945421E+001  0.89464994E+001  0.16278927E+002  0.22291935E+002
 -0.93401425E+000 -0.83812682E+000 -0.56491161E+000 -0.20763814E+000 -0.57294952E-002  0.84683299E-003  0.95404764E+000  0.45945419E+001  0.89464997E+001  0.16278929E+002  0.22291937E+002
 -0.93401421E+000 -0.83812673E+000 -0.56491143E+000 -0.20763794E+000 -0.57294929E-002  0.84683365E-003  0.95404738E+000  0.45945417E+001  0.89465000E+001  0.16278931E+002  0.22291939E+002
 -0.93401416E+000 -0.83812665E+000 -0.56491126E+000 -0.20763775E+000 -0.57294907E-002  0.84683432E-003  0.95404713E+000  0.45945414E+001  0.89465003E+001  0.16278932E+002  0.22291941E+002
 -0.93401411E+000 -0.83812657E+000 -0.56491110E+000 -0.20763756E+000 -0.57294885E-002  0.84683501E-003  0.95404689E+000  0.45945412E+001  0.89465005E+001  0.16278934E+002  0.22291943E+002
 -0.93401407E+000 -0.83812649E+000 -0.56491094E+000 -0.20763737E+000 -0.57294863E-002  0.84683572E-003  0.95404665E+000  0.45945410E+001  0.89465007E+001  0.16278936E+002  0.22291945E+002
 -0.93401403E+000 -0.83812641E+000 -0.56491079E+000 -0.20763720E+000 -0.57294842E-002  0.84683644E-003  0.95404642E+000  0.45945407E+001  0.89465008E+001  0.16278937E+002  0.22291946E+002
 -0.93401398E+000 -0.83812634E+000 -0.56491064E+000 -0.20763702E+000 -0.57294822E-002  0.84683718E-003  0.95404619E+000  0.45945405E+001  0.89465010E+001  0.16278938E+002  0.22291948E+002
 -0.93401395E+000 -0.83812627E+000 -0.56491050E+000 -0.20763686E+000 -0.57294802E-002  0.84683793E-003  0.95404597E+000  0.45945402E+001  0.89465010E+001  0.16278939E+002  0.22291949E+002
 -0.93401391E+000 -0.83812620E+000 -0.56491036E+000 -0.20763670E+000 -0.57294782E-002  0.84683868E-003  0.95404576E+000  0.45945400E+001  0.89465011E+001  0.16278941E+002  0.22291951E+002
 -0.93401387E+000 -0.83812614E+000 -0.56491023E+000 -0.20763655E+000 -0.57294764E-002  0.84683944E-003  0.95404555E+000  0.45945398E+001  0.89465011E+001  0.16278942E+002  0.22291952E+002
 -0.93401384E+000 -0.83812608E+000 -0.56491011E+000 -0.20763640E+000 -0.57294746E-002  0.84684020E-003  0.95404535E+000  0.45945395E+001  0.89465012E+001  0.16278943E+002  0.22291953E+002
 -0.93401381E+000 -0.83812602E+000 -0.56490999E+000 -0.20763626E+000 -0.57294729E-002  0.84684096E-003  0.95404516E+000  0.45945393E+001  0.89465011E+001  0.16278943E+002  0.22291954E+002
 -0.93401378E+000 -0.83812597E+000 -0.56490988E+000 -0.20763612E+000 -0.57294712E-002  0.84684171E-003  0.95404497E+000  0.45945391E+001  0.89465011E+001  0.16278944E+002  0.22291955E+002
 -0.93401375E+000 -0.83812592E+000 -0.56490977E+000 -0.20763600E+000 -0.57294696E-002  0.84684247E-003  0.95404479E+000  0.45945388E+001  0.89465011E+001  0.16278945E+002  0.22291956E+002
 -0.93401372E+000 -0.83812587E+000 -0.56490967E+000 -0.20763587E+000 -0.57294681E-002  0.84684321E-003  0.95404461E+000  0.45945386E+001  0.89465010E+001  0.16278945E+002  0.22291956E+002
 -0.93401369E+000 -0.83812582E+000 -0.56490957E+000 -0.20763576E+000 -0.57294667E-002  0.84684395E-003  0.95404445E+000  0.45945384E+001  0.89465009E+001  0.16278946E+002  0.22291957E+002
 -0.93401367E+000 -0.83812578E+000 -0.56490948E+000 -0.20763564E+000 -0.57294653E-002  0.84684468E-003  0.95404428E+000  0.45945382E+001  0.89465008E+001  0.16278946E+002  0.22291958E+002
 -0.93401365E+000 -0.83812574E+000 -0.56490940E+000 -0.20763554E+000 -0.57294640E-002  0.84684539E-003  0.95404413E+000  0.45945380E+001  0.89465007E+001  0.16278947E+002  0.22291958E+002
 -0.93401362E+000 -0.83812570E+000 -0.56490932E+000 -0.20763544E+000 -0.57294628E-002  0.84684609E-003  0.95404397E+000  0.45945378E+001  0.89465006E+001  0.16278947E+002  0.22291959E+002
 -0.93401360E+000 -0.83812566E+000 -0.56490924E+000 -0.20763535E+000 -0.57294616E-002  0.84684678E-003  0.95404383E+000  0.45945376E+001  0.89465005E+001  0.16278947E+002  0.22291959E+002
 -0.93401358E+000 -0.83812563E+000 -0.56490917E+000 -0.20763526E+000 -0.57294606E-002  0.84684745E-003  0.95404369E+000  0.45945374E+001  0.89465004E+001  0.16278948E+002  0.22291960E+002
 -0.93401357E+000 -0.83812560E+000 -0.56490910E+000 -0.20763518E+000 -0.57294596E-002  0.84684810E-003  0.95404355E+000  0.45945372E+001  0.89465003E+001  0.16278948E+002  0.22291960E+002
 -0.93401355E+000 -0.83812557E+000 -0.56490904E+000 -0.20763510E+000 -0.57294586E-002  0.84684873E-003  0.95404342E+000  0.45945370E+001  0.89465002E+001  0.16278948E+002  0.22291960E+002
 -0.93401354E+000 -0.83812555E+000 -0.56490899E+000 -0.20763503E+000 -0.57294578E-002  0.84684934E-003  0.95404330E+000  0.45945369E+001  0.89465001E+001  0.16278948E+002  0.22291960E+002
 -0.93401352E+000 -0.83812552E+000 -0.56490893E+000 -0.20763496E+000 -0.57294570E-002  0.84684993E-003  0.95404318E+000  0.45945367E+001  0.89464999E+001  0.16278948E+002  0.22291961E+002
 -0.93401351E+000 -0.83812550E+000 -0.56490888E+000 -0.20763490E+000 -0.57294562E-002  0.84685050E-003  0.95404306E+000  0.45945365E+001  0.89464998E+001  0.16278948E+002  0.22291961E+002
 -0.93401350E+000 -0.83812548E+000 -0.56490884E+000 -0.20763484E+000 -0.57294556E-002  0.84685105E-003  0.95404295E+000  0.45945364E+001  0.89464997E+001  0.16278949E+002  0.22291961E+002
 -0.93401349E+000 -0.83812546E+000 -0.56490880E+000 -0.20763479E+000 -0.57294550E-002  0.84685157E-003  0.95404284E+000  0.45945363E+001  0.89464996E+001  0.16278949E+002  0.22291961E+002
 -0.93401348E+000 -0.83812545E+000 -0.56490876E+000 -0.20763474E+000 -0.57294544E-002  0.84685207E-003  0.95404274E+000  0.45945362E+001  0.89464995E+001  0.16278949E+002  0.22291961E+002
 -0.93401347E+000 -0.83812543E+000 -0.56490873E+000 -0.20763469E+000 -0.57294539E-002  0.84685254E-003  0.95404264E+000  0.45945360E+001  0.89464994E+001  0.16278949E+002  0.22291961E+002
 -0.93401346E+000 -0.83812542E+000 -0.56490870E+000 -0.20763465E+000 -0.57294535E-002  0.84685298E-003  0.95404255E+000  0.45945359E+001  0.89464994E+001  0.16278949E+002  0.22291961E+002
 -0.93401346E+000 -0.83812541E+000 -0.56490868E+000 -0.20763462E+000 -0.57294532E-002  0.84685341E-003  0.95404246E+000  0.45945359E+001  0.89464993E+001  0.16278949E+002  0.22291961E+002
 -0.93401345E+000 -0.83812540E+000 -0.56490866E+000 -0.20763458E+000 -0.57294528E-002  0.84685380E-003  0.95404237E+000  0.45945358E+001  0.89464992E+001  0.16278949E+002  0.22291962E+002
 -0.93401345E+000 -0.83812539E+000 -0.56490864E+000 -0.20763456E+000 -0.57294526E-002  0.84685417E-003  0.95404229E+000  0.45945357E+001  0.89464992E+001  0.16278949E+002  0.22291962E+002
 -0.93401344E+000 -0.83812538E+000 -0.56490862E+000 -0.20763453E+000 -0.57294524E-002  0.84685452E-003  0.95404220E+000  0.45945356E+001  0.89464992E+001  0.16278949E+002  0.22291962E+002
 -0.93401344E+000 -0.83812538E+000 -0.56490861E+000 -0.20763451E+000 -0.57294522E-002  0.84685484E-003  0.95404212E+000  0.45945356E+001  0.89464991E+001  0.16278949E+002  0.22291962E+002
 -0.93401343E+000 -0.83812537E+000 -0.56490860E+000 -0.20763449E+000 -0.57294521E-002  0.84685513E-003  0.95404205E+000  0.45945356E+001  0.89464991E+001  0.16278949E+002  0.22291962E+002
 -0.93401343E+000 -0.83812537E+000 -0.56490860E+000 -0.20763447E+000 -0.57294520E-002  0.84685540E-003  0.95404197E+000  0.45945355E+001  0.89464992E+001  0.16278949E+002  0.22291962E+002
 -0.93401343E+000 -0.83812537E+000 -0.56490859E+000 -0.20763446E+000 -0.57294519E-002  0.84685565E-003  0.95404190E+000  0.45945355E+001  0.89464992E+001  0.16278949E+002  0.22291961E+002
 -0.93401343E+000 -0.83812537E+000 -0.56490859E+000 -0.20763445E+000 -0.57294519E-002  0.84685587E-003  0.95404182E+000  0.45945355E+001  0.89464992E+001  0.16278949E+002  0.22291961E+002
 -0.93401343E+000 -0.83812537E+000 -0.56490860E+000 -0.20763444E+000 -0.57294519E-002  0.84685607E-003  0.95404175E+000  0.45945355E+001  0.89464993E+001  0.16278949E+002  0.22291961E+002
 -0.93401343E+000 -0.83812537E+000 -0.56490860E+000 -0.20763444E+000 -0.57294519E-002  0.84685625E-003  0.95404167E+000  0.45945355E+001  0.89464994E+001  0.16278949E+002  0.22291962E+002
 -0.93401343E+000 -0.83812537E+000 -0.56490861E+000 -0.20763444E+000 -0.57294519E-002  0.84685641E-003  0.95404158E+000  0.45945355E+001  0.89464995E+001  0.16278949E+002  0.22291962E+002
 -0.93401343E+000 -0.83812538E+000 -0.56490863E+000 -0.20763444E+000 -0.57294519E-002  0.84685654E-003  0.95404149E+000  0.45945355E+001  0.89464996E+001  0.16278949E+002  0.22291962E+002
 -0.93401343E+000 -0.83812538E+000 -0.56490865E+000 -0.20763445E+000 -0.57294520E-002  0.84685664E-003  0.95404139E+000  0.45945355E+001  0.89464997E+001  0.16278949E+002  0.22291962E+002
 -0.93401343E+000 -0.83812539E+000 -0.56490867E+000 -0.20763447E+000 -0.57294520E-002  0.84685672E-003  0.95404127E+000  0.45945354E+001  0.89464998E+001  0.16278950E+002  0.22291963E+002
 -0.93401343E+000 -0.83812540E+000 -0.56490871E+000 -0.20763448E+000 -0.57294521E-002  0.84685677E-003  0.95404114E+000  0.45945354E+001  0.89465000E+001  0.16278950E+002  0.22291964E+002
 -0.93401344E+000 -0.83812541E+000 -0.56490874E+000 -0.20763451E+000 -0.57294521E-002  0.84685679E-003  0.95404098E+000  0.45945353E+001  0.89465001E+001  0.16278951E+002  0.22291965E+002
 -0.93401344E+000 -0.83812542E+000 -0.56490878E+000 -0.20763453E+000 -0.57294521E-002  0.84685678E-003  0.95404080E+000  0.45945352E+001  0.89465003E+001  0.16278952E+002  0.22291966E+002
 -0.93401344E+000 -0.83812543E+000 -0.56490882E+000 -0.20763456E+000 -0.57294521E-002  0.84685675E-003  0.95404059E+000  0.45945351E+001  0.89465005E+001  0.16278953E+002  0.22291968E+002
 -0.93401343E+000 -0.83812543E+000 -0.56490885E+000 -0.20763459E+000 -0.57294520E-002  0.84685672E-003  0.95404036E+000  0.45945349E+001  0.89465006E+001  0.16278955E+002  0.22291971E+002
 -0.93401341E+000 -0.83812542E+000 -0.56490886E+000 -0.20763460E+000 -0.57294518E-002  0.84685670E-003  0.95404011E+000  0.45945347E+001  0.89465008E+001  0.16278956E+002  0.22291973E+002
 -0.93401336E+000 -0.83812538E+000 -0.56490882E+000 -0.20763459E+000 -0.57294514E-002  0.84685672E-003  0.95403985E+000  0.45945345E+001  0.89465009E+001  0.16278958E+002  0.22291976E+002
 -0.93401328E+000 -0.83812529E+000 -0.56490871E+000 -0.20763453E+000 -0.57294510E-002  0.84685676E-003  0.95403959E+000  0.45945343E+001  0.89465009E+001  0.16278959E+002  0.22291979E+002
 -0.93401313E+000 -0.83812513E+000 -0.56490845E+000 -0.20763439E+000 -0.57294508E-002  0.84685673E-003  0.95403934E+000  0.45945340E+001  0.89465005E+001  0.16278960E+002  0.22291981E+002
 -0.93401284E+000 -0.83812482E+000 -0.56490792E+000 -0.20763410E+000 -0.57294506E-002  0.84685667E-003  0.95403914E+000  0.45945335E+001  0.89464995E+001  0.16278958E+002  0.22291982E+002
 -0.93401224E+000 -0.83812417E+000 -0.56490682E+000 -0.20763344E+000 -0.57294491E-002  0.84685748E-003  0.95403926E+000  0.45945330E+001  0.89464974E+001  0.16278954E+002  0.22291979E+002
 -0.93401097E+000 -0.83812280E+000 -0.56490452E+000 -0.20763191E+000 -0.57294396E-002  0.84686288E-003  0.95404016E+000  0.45945323E+001  0.89464939E+001  0.16278946E+002  0.22291973E+002
 -0.93400848E+000 -0.83812011E+000 -0.56490016E+000 -0.20762860E+000 -0.57294019E-002  0.84688476E-003  0.95404348E+000  0.45945321E+001  0.89464888E+001  0.16278933E+002  0.22291960E+002
 -0.93400485E+000 -0.83811618E+000 -0.56489444E+000 -0.20762423E+000 -0.57293481E-002  0.84692398E-003  0.95404836E+000  0.45945300E+001  0.89464814E+001  0.16278923E+002  0.22291949E+002
 -0.93400485E+000 -0.83811687E+000 -0.56489782E+000 -0.20762846E+000 -0.57294947E-002  0.84687309E-003  0.95404530E+000  0.45945209E+001  0.89464626E+001  0.16278891E+002  0.22291917E+002
