  0.16341212E+000  0.20764445E+000  0.38696123E+000  0.58060173E+000  0.91726943E+000  0.10510715E+001  0.15145496E+001  0.27945648E+001  0.47287541E+001  0.67682913E+001  0.96756247E+001
  0.16371795E+000  0.20780521E+000  0.38792310E+000  0.58097820E+000  0.91663653E+000  0.10501032E+001  0.15119275E+001  0.27764264E+001  0.47248300E+001  0.67469382E+001  0.96251836E+001
  0.16388616E+000  0.20795953E+000  0.38884069E+000  0.58137744E+000  0.91614818E+000  0.10496294E+001  0.15098939E+001  0.27629351E+001  0.47216814E+001  0.67318506E+001  0.96214685E+001
  0.16399125E+000  0.20816246E+000  0.38939271E+000  0.58179139E+000  0.91578691E+000  0.10491599E+001  0.15086371E+001  0.27526698E+001  0.47191723E+001  0.67211337E+001  0.96185670E+001
  0.16413041E+000  0.20821137E+000  0.38988486E+000  0.58213749E+000  0.91549520E+000  0.10487961E+001  0.15077494E+001  0.27448489E+001  0.47163509E+001  0.67129688E+001  0.96165792E+001
  0.16417027E+000  0.20824399E+000  0.39026040E+000  0.58243588E+000  0.91527294E+000  0.10484291E+001  0.15069991E+001  0.27383580E+001  0.47129625E+001  0.67065309E+001  0.96151013E+001
  0.16423735E+000  0.20826862E+000  0.39047480E+000  0.58267640E+000  0.91508750E+000  0.10482395E+001  0.15064802E+001  0.27333014E+001  0.47113751E+001  0.67013461E+001  0.96139755E+001
  0.16430190E+000  0.20841940E+000  0.39073211E+000  0.58285360E+000  0.91493122E+000  0.10479587E+001  0.15058762E+001  0.27290104E+001  0.47101542E+001  0.66970683E+001  0.96130344E+001
  0.16416291E+000  0.20844405E+000  0.39117680E+000  0.58302540E+000  0.91477067E+000  0.10478109E+001  0.15056724E+001  0.27252891E+001  0.47090141E+001  0.66936041E+001  0.96116921E+001
  0.16404464E+000  0.20837297E+000  0.39141543E+000  0.58322750E+000  0.91470002E+000  0.10476937E+001  0.15053905E+001  0.27226564E+001  0.47081489E+001  0.66907697E+001  0.96106624E+001
  0.16421004E+000  0.20846702E+000  0.39139068E+000  0.58332465E+000  0.91461031E+000  0.10476061E+001  0.15051252E+001  0.27203599E+001  0.47072753E+001  0.66883566E+001  0.96102321E+001
  0.16423373E+000  0.20847599E+000  0.39139352E+000  0.58351927E+000  0.91453717E+000  0.10475002E+001  0.15049362E+001  0.27183473E+001  0.47066698E+001  0.66863986E+001  0.96098957E+001
  0.16417566E+000  0.20848278E+000  0.39125413E+000  0.58362594E+000  0.91444820E+000  0.10473945E+001  0.15047420E+001  0.27167510E+001  0.47061312E+001  0.66847682E+001  0.96096103E+001
  0.16423203E+000  0.20848795E+000  0.39135328E+000  0.58364563E+000  0.91442700E+000  0.10473571E+001  0.15042691E+001  0.27153165E+001  0.47055967E+001  0.66834080E+001  0.96093683E+001
  0.16418316E+000  0.20852064E+000  0.39145258E+000  0.58373562E+000  0.91438763E+000  0.10472058E+001  0.15037308E+001  0.27142439E+001  0.47052377E+001  0.66822719E+001  0.96091633E+001
  0.16413650E+000  0.20852164E+000  0.39153098E+000  0.58382686E+000  0.91434149E+000  0.10472292E+001  0.15033056E+001  0.27132451E+001  0.47040990E+001  0.66813200E+001  0.96088792E+001
  0.16413004E+000  0.20852298E+000  0.39160401E+000  0.58388176E+000  0.91431283E+000  0.10471528E+001  0.15030568E+001  0.27124896E+001  0.47038334E+001  0.66822732E+001  0.96088395E+001
  0.16411031E+000  0.20855959E+000  0.39151252E+000  0.58392912E+000  0.91429534E+000  0.10471679E+001  0.15029478E+001  0.27115866E+001  0.47036310E+001  0.66807108E+001  0.96089708E+001
  0.16410348E+000  0.20863968E+000  0.39153042E+000  0.58397295E+000  0.91427293E+000  0.10470848E+001  0.15028861E+001  0.27112985E+001  0.47034602E+001  0.66811570E+001  0.96086884E+001
  0.16409491E+000  0.20869350E+000  0.39148959E+000  0.58396834E+000  0.91424694E+000  0.10470847E+001  0.15028338E+001  0.27108169E+001  0.47033062E+001  0.66810590E+001  0.96084523E+001
  0.16408433E+000  0.20868631E+000  0.39145797E+000  0.58405276E+000  0.91423754E+000  0.10470959E+001  0.15027893E+001  0.27104359E+001  0.47029237E+001  0.66812608E+001  0.96084237E+001
  0.16409295E+000  0.20867577E+000  0.39143579E+000  0.58406782E+000  0.91422519E+000  0.10470687E+001  0.15027513E+001  0.27101557E+001  0.47026453E+001  0.66806303E+001  0.96082318E+001
  0.16407944E+000  0.20868228E+000  0.39142006E+000  0.58410230E+000  0.91420557E+000  0.10470455E+001  0.15027188E+001  0.27098987E+001  0.47022318E+001  0.66801060E+001  0.96081701E+001
  0.16408368E+000  0.20866209E+000  0.39142038E+000  0.58407483E+000  0.91419946E+000  0.10470257E+001  0.15026909E+001  0.27096623E+001  0.47019492E+001  0.66807145E+001  0.96081149E+001
  0.16408560E+000  0.20865645E+000  0.39143307E+000  0.58405855E+000  0.91418866E+000  0.10470088E+001  0.15026669E+001  0.27094723E+001  0.47018239E+001  0.66806540E+001  0.96081555E+001
  0.16408584E+000  0.20871338E+000  0.39145523E+000  0.58413327E+000  0.91418177E+000  0.10469943E+001  0.15026462E+001  0.27093337E+001  0.47017265E+001  0.66806006E+001  0.96080196E+001
  0.16408477E+000  0.20869416E+000  0.39147456E+000  0.58413241E+000  0.91417571E+000  0.10469818E+001  0.15026326E+001  0.27092539E+001  0.47016091E+001  0.66805527E+001  0.96079778E+001
  0.16408274E+000  0.20865060E+000  0.39149026E+000  0.58413181E+000  0.91417033E+000  0.10469806E+001  0.15026420E+001  0.27091018E+001  0.47014996E+001  0.66805088E+001  0.96079390E+001
  0.16408158E+000  0.20865347E+000  0.39150288E+000  0.58413122E+000  0.91416586E+000  0.10469826E+001  0.15026484E+001  0.27090304E+001  0.47013892E+001  0.66804679E+001  0.96079026E+001
  0.16407922E+000  0.20866180E+000  0.39151291E+000  0.58415277E+000  0.91416117E+000  0.10469832E+001  0.15026520E+001  0.27089897E+001  0.47013031E+001  0.66804293E+001  0.96078681E+001
  0.16407704E+000  0.20868404E+000  0.39152141E+000  0.58414753E+000  0.91415723E+000  0.10469825E+001  0.15026534E+001  0.27089575E+001  0.47012170E+001  0.66803923E+001  0.96078352E+001
  0.16407511E+000  0.20870072E+000  0.39153839E+000  0.58414337E+000  0.91415427E+000  0.10469810E+001  0.15026528E+001  0.27089323E+001  0.47011343E+001  0.66803565E+001  0.96078037E+001
  0.16407338E+000  0.20869604E+000  0.39155248E+000  0.58414011E+000  0.91415026E+000  0.10469786E+001  0.15026506E+001  0.27089126E+001  0.47010549E+001  0.66803212E+001  0.96077731E+001
  0.16407189E+000  0.20870364E+000  0.39155315E+000  0.58413755E+000  0.91414713E+000  0.10469756E+001  0.15026471E+001  0.27088975E+001  0.47009968E+001  0.66802862E+001  0.96077435E+001
  0.16407060E+000  0.20870642E+000  0.39155776E+000  0.58413558E+000  0.91414419E+000  0.10469721E+001  0.15026425E+001  0.27088860E+001  0.47009511E+001  0.66802511E+001  0.96077145E+001
  0.16406949E+000  0.20869838E+000  0.39156038E+000  0.58413407E+000  0.91413942E+000  0.10469682E+001  0.15026372E+001  0.27088774E+001  0.47009086E+001  0.66802157E+001  0.96076862E+001
  0.16406851E+000  0.20870065E+000  0.39156147E+000  0.58413294E+000  0.91413646E+000  0.10469640E+001  0.15026312E+001  0.27088712E+001  0.47008710E+001  0.66801796E+001  0.96076583E+001
  0.16406784E+000  0.20870149E+000  0.39156140E+000  0.58413212E+000  0.91413370E+000  0.10469596E+001  0.15026248E+001  0.27088669E+001  0.47008395E+001  0.66801427E+001  0.96076310E+001
  0.16406730E+000  0.20870126E+000  0.39156047E+000  0.58413155E+000  0.91413111E+000  0.10469551E+001  0.15026181E+001  0.27088641E+001  0.47008148E+001  0.66801049E+001  0.96076040E+001
  0.16406684E+000  0.20870026E+000  0.39155893E+000  0.58413118E+000  0.91412866E+000  0.10469506E+001  0.15026113E+001  0.27088625E+001  0.47007326E+001  0.66800660E+001  0.96075774E+001
  0.16406643E+000  0.20869870E+000  0.39155698E+000  0.58413098E+000  0.91412633E+000  0.10469460E+001  0.15026044E+001  0.27088620E+001  0.47007184E+001  0.66800260E+001  0.96075511E+001
  0.16406608E+000  0.20869677E+000  0.39155476E+000  0.58413092E+000  0.91412410E+000  0.10469414E+001  0.15025975E+001  0.27088623E+001  0.47007045E+001  0.66799848E+001  0.96075252E+001
  0.16406576E+000  0.20869462E+000  0.39155239E+000  0.58413099E+000  0.91412196E+000  0.10469369E+001  0.15025907E+001  0.27088632E+001  0.47006911E+001  0.66799423E+001  0.96074996E+001
  0.16406547E+000  0.20869234E+000  0.39154996E+000  0.58412211E+000  0.91411989E+000  0.10469325E+001  0.15025841E+001  0.27088648E+001  0.47006779E+001  0.66798987E+001  0.96074744E+001
  0.16406521E+000  0.20869001E+000  0.39154753E+000  0.58412179E+000  0.91411789E+000  0.10469281E+001  0.15025776E+001  0.27088670E+001  0.47006650E+001  0.66798539E+001  0.96074494E+001
  0.16406496E+000  0.20868770E+000  0.39154516E+000  0.58412156E+000  0.91411596E+000  0.10469239E+001  0.15025713E+001  0.27088696E+001  0.47006522E+001  0.66798079E+001  0.96074248E+001
  0.16406474E+000  0.20870086E+000  0.39154286E+000  0.58412142E+000  0.91411408E+000  0.10469198E+001  0.15025652E+001  0.27088727E+001  0.47006396E+001  0.66797610E+001  0.96074006E+001
  0.16406452E+000  0.20869903E+000  0.39154067E+000  0.58396599E+000  0.91411226E+000  0.10469158E+001  0.15025594E+001  0.27088762E+001  0.47006271E+001  0.66797130E+001  0.96073766E+001
  0.16406434E+000  0.20869745E+000  0.39153858E+000  0.58396664E+000  0.91411048E+000  0.10469119E+001  0.15025538E+001  0.27088800E+001  0.47006148E+001  0.66796641E+001  0.96073530E+001
  0.16406457E+000  0.20869619E+000  0.39153662E+000  0.58396736E+000  0.91410876E+000  0.10469082E+001  0.15025485E+001  0.27088843E+001  0.47006025E+001  0.66796144E+001  0.96073297E+001
  0.16406479E+000  0.20869502E+000  0.39153478E+000  0.58396813E+000  0.91410709E+000  0.10469047E+001  0.15025434E+001  0.27088889E+001  0.47005904E+001  0.66795640E+001  0.96073067E+001
  0.16406500E+000  0.20869394E+000  0.39153475E+000  0.58396897E+000  0.91410220E+000  0.10469012E+001  0.15025385E+001  0.27088938E+001  0.47005783E+001  0.66795130E+001  0.96072841E+001
  0.16406521E+000  0.20869295E+000  0.39153287E+000  0.58396987E+000  0.91410061E+000  0.10468979E+001  0.15025339E+001  0.27089252E+001  0.47005663E+001  0.66794614E+001  0.96072618E+001
  0.16406540E+000  0.20869205E+000  0.39153115E+000  0.58397081E+000  0.91409909E+000  0.10468948E+001  0.15025295E+001  0.27089274E+001  0.47005544E+001  0.66794093E+001  0.96072398E+001
  0.16406557E+000  0.20869124E+000  0.39152957E+000  0.58397180E+000  0.91409763E+000  0.10468917E+001  0.15025253E+001  0.27089299E+001  0.47005563E+001  0.66793569E+001  0.96072182E+001
  0.16406574E+000  0.20869051E+000  0.39152813E+000  0.58397283E+000  0.91409625E+000  0.10468888E+001  0.15025214E+001  0.27089326E+001  0.47005662E+001  0.66793042E+001  0.96071970E+001
  0.16406589E+000  0.20868986E+000  0.39152682E+000  0.58397390E+000  0.91409493E+000  0.10468861E+001  0.15025177E+001  0.27089355E+001  0.47005781E+001  0.66792513E+001  0.96071761E+001
  0.16406602E+000  0.20868929E+000  0.39152563E+000  0.58397501E+000  0.91409367E+000  0.10468834E+001  0.15025141E+001  0.27089387E+001  0.47005838E+001  0.66791983E+001  0.96071556E+001
  0.16406614E+000  0.20868880E+000  0.39152455E+000  0.58397614E+000  0.91409247E+000  0.10468809E+001  0.15025108E+001  0.27089421E+001  0.47005889E+001  0.66791452E+001  0.96071354E+001
  0.16406624E+000  0.20868838E+000  0.39152357E+000  0.58397730E+000  0.91409133E+000  0.10468785E+001  0.15025077E+001  0.27089456E+001  0.47005934E+001  0.66790922E+001  0.96071157E+001
  0.16406633E+000  0.20868803E+000  0.39152269E+000  0.58397848E+000  0.91409026E+000  0.10468762E+001  0.15025047E+001  0.27089494E+001  0.47005971E+001  0.66790392E+001  0.96070964E+001
  0.16406639E+000  0.20868775E+000  0.39152190E+000  0.58397967E+000  0.91407863E+000  0.10468741E+001  0.15025019E+001  0.27089558E+001  0.47006002E+001  0.66789865E+001  0.96070775E+001
  0.16406645E+000  0.20868753E+000  0.39152118E+000  0.58398088E+000  0.91407717E+000  0.10468721E+001  0.15024994E+001  0.27089628E+001  0.47006026E+001  0.66789339E+001  0.96070590E+001
  0.16406648E+000  0.20868737E+000  0.39152055E+000  0.58398209E+000  0.91407576E+000  0.10468701E+001  0.15024969E+001  0.27089699E+001  0.47006043E+001  0.66788817E+001  0.96070410E+001
  0.16406651E+000  0.20868727E+000  0.39151999E+000  0.58398331E+000  0.91407440E+000  0.10468683E+001  0.15024947E+001  0.27089769E+001  0.47006054E+001  0.66777338E+001  0.96070353E+001
  0.16406652E+000  0.20868723E+000  0.39151950E+000  0.58398453E+000  0.91407309E+000  0.10468666E+001  0.15024926E+001  0.27089840E+001  0.47006057E+001  0.66777402E+001  0.96070634E+001
  0.16406652E+000  0.20868724E+000  0.39151907E+000  0.58398575E+000  0.91407182E+000  0.10468650E+001  0.15024907E+001  0.27089911E+001  0.47007076E+001  0.66777468E+001  0.96070919E+001
  0.16406650E+000  0.20868730E+000  0.39151870E+000  0.58398696E+000  0.91407060E+000  0.10468635E+001  0.15024889E+001  0.27089981E+001  0.47007033E+001  0.66777536E+001  0.96071209E+001
  0.16406648E+000  0.20868741E+000  0.39151838E+000  0.58398816E+000  0.91406944E+000  0.10468622E+001  0.15024873E+001  0.27090069E+001  0.47006988E+001  0.66777605E+001  0.96071502E+001
  0.16406645E+000  0.20868755E+000  0.39151812E+000  0.58398935E+000  0.91406832E+000  0.10468609E+001  0.15024858E+001  0.27090155E+001  0.47006940E+001  0.66777674E+001  0.96071797E+001
  0.16406641E+000  0.20868774E+000  0.39151791E+000  0.58399053E+000  0.91406725E+000  0.10468597E+001  0.15024844E+001  0.27090241E+001  0.47006889E+001  0.66777744E+001  0.96072093E+001
  0.16406636E+000  0.20868795E+000  0.39151774E+000  0.58399169E+000  0.91406622E+000  0.10468585E+001  0.15024832E+001  0.27090324E+001  0.47006836E+001  0.66777814E+001  0.96072388E+001
  0.16406631E+000  0.20868820E+000  0.39151761E+000  0.58399283E+000  0.91406524E+000  0.10468575E+001  0.15024820E+001  0.27090405E+001  0.47006781E+001  0.66777883E+001  0.96072683E+001
  0.16406626E+000  0.20868847E+000  0.39151752E+000  0.58399394E+000  0.91406431E+000  0.10468565E+001  0.15024810E+001  0.27090485E+001  0.47006724E+001  0.66777953E+001  0.96072976E+001
  0.16406620E+000  0.20868876E+000  0.39151745E+000  0.58399503E+000  0.91406342E+000  0.10468556E+001  0.15024800E+001  0.27090562E+001  0.47006665E+001  0.66778021E+001  0.96073266E+001
  0.16406614E+000  0.20868906E+000  0.39151741E+000  0.58399610E+000  0.91406258E+000  0.10468548E+001  0.15024791E+001  0.27090637E+001  0.47006604E+001  0.66778088E+001  0.96068646E+001
  0.16406608E+000  0.20868937E+000  0.39151740E+000  0.58399713E+000  0.91406177E+000  0.10468540E+001  0.15024783E+001  0.27090710E+001  0.47006542E+001  0.66778155E+001  0.96068534E+001
  0.16406601E+000  0.20868968E+000  0.39151740E+000  0.58399813E+000  0.91406100E+000  0.10468533E+001  0.15024776E+001  0.27090780E+001  0.47006478E+001  0.66778219E+001  0.96068426E+001
  0.16406595E+000  0.20869000E+000  0.39151742E+000  0.58399910E+000  0.91406027E+000  0.10468526E+001  0.15024769E+001  0.27090848E+001  0.47006425E+001  0.66778282E+001  0.96068323E+001
  0.16406588E+000  0.20869030E+000  0.39151744E+000  0.58400003E+000  0.91405958E+000  0.10468520E+001  0.15024762E+001  0.27090914E+001  0.47006381E+001  0.66778343E+001  0.96068224E+001
  0.16406582E+000  0.20868616E+000  0.39151718E+000  0.58400093E+000  0.91405893E+000  0.10468514E+001  0.15024756E+001  0.27090977E+001  0.47006337E+001  0.66778402E+001  0.96068130E+001
  0.16406576E+000  0.20868646E+000  0.39151719E+000  0.58400179E+000  0.91405865E+000  0.10468508E+001  0.15024749E+001  0.27091037E+001  0.47006294E+001  0.66778458E+001  0.96068040E+001
  0.16406570E+000  0.20868675E+000  0.39151720E+000  0.58400261E+000  0.91405839E+000  0.10468502E+001  0.15024744E+001  0.27091095E+001  0.47006251E+001  0.66778512E+001  0.96067955E+001
  0.16406564E+000  0.20868702E+000  0.39151720E+000  0.58400340E+000  0.91405814E+000  0.10468497E+001  0.15024738E+001  0.27091150E+001  0.47006208E+001  0.66778564E+001  0.96067872E+001
  0.16406558E+000  0.20868727E+000  0.39151720E+000  0.58400416E+000  0.91405790E+000  0.10468492E+001  0.15024733E+001  0.27091203E+001  0.47006166E+001  0.66778614E+001  0.96067794E+001
  0.16406552E+000  0.20868751E+000  0.39151720E+000  0.58400487E+000  0.91405767E+000  0.10468487E+001  0.15024727E+001  0.27091253E+001  0.47006124E+001  0.66778661E+001  0.96067719E+001
  0.16406547E+000  0.20868773E+000  0.39151720E+000  0.58400556E+000  0.91405745E+000  0.10468482E+001  0.15024722E+001  0.27091634E+001  0.47006082E+001  0.66778706E+001  0.96067647E+001
  0.16406542E+000  0.20868793E+000  0.39151719E+000  0.58400621E+000  0.91405724E+000  0.10468477E+001  0.15024717E+001  0.27091659E+001  0.47006041E+001  0.66778749E+001  0.96067578E+001
  0.16406537E+000  0.20868812E+000  0.39151718E+000  0.58400683E+000  0.91405704E+000  0.10468473E+001  0.15024713E+001  0.27091683E+001  0.47006000E+001  0.66778789E+001  0.96067513E+001
  0.16406533E+000  0.20868830E+000  0.39151717E+000  0.58400743E+000  0.91405684E+000  0.10468469E+001  0.15024708E+001  0.27091706E+001  0.47005960E+001  0.66778828E+001  0.96067450E+001
  0.16406528E+000  0.20868846E+000  0.39151715E+000  0.58400799E+000  0.91405666E+000  0.10468465E+001  0.15024703E+001  0.27091727E+001  0.47005920E+001  0.66778865E+001  0.96067390E+001
  0.16406524E+000  0.20868861E+000  0.39151714E+000  0.58400853E+000  0.91405648E+000  0.10468461E+001  0.15024699E+001  0.27091748E+001  0.47005882E+001  0.66778899E+001  0.96067333E+001
  0.16406520E+000  0.20867099E+000  0.39151712E+000  0.58400904E+000  0.91405631E+000  0.10468457E+001  0.15024695E+001  0.27091768E+001  0.47005844E+001  0.66778933E+001  0.96067278E+001
  0.16406517E+000  0.20867116E+000  0.39151711E+000  0.58400952E+000  0.91405615E+000  0.10468454E+001  0.15024691E+001  0.27091786E+001  0.47005715E+001  0.66778964E+001  0.96067225E+001
  0.16406513E+000  0.20867132E+000  0.39151710E+000  0.58400999E+000  0.91405599E+000  0.10468450E+001  0.15024688E+001  0.27091804E+001  0.47005480E+001  0.66778994E+001  0.96067175E+001
  0.16406510E+000  0.20867148E+000  0.39151709E+000  0.58401043E+000  0.91405584E+000  0.10468447E+001  0.15024684E+001  0.27091821E+001  0.47005251E+001  0.66775822E+001  0.96067128E+001
  0.16406507E+000  0.20867163E+000  0.39151708E+000  0.58401085E+000  0.91405570E+000  0.10468444E+001  0.15024681E+001  0.27091837E+001  0.47005028E+001  0.66775727E+001  0.96067083E+001
  0.16406505E+000  0.20867177E+000  0.39151708E+000  0.58401124E+000  0.91405557E+000  0.10468441E+001  0.15024678E+001  0.27091852E+001  0.47004812E+001  0.66775636E+001  0.96067039E+001
  0.16406502E+000  0.20867192E+000  0.39151708E+000  0.58401162E+000  0.91405544E+000  0.10468439E+001  0.15024676E+001  0.27091866E+001  0.47004602E+001  0.66775550E+001  0.96066998E+001
  0.16406500E+000  0.20867205E+000  0.39151709E+000  0.58401198E+000  0.91405533E+000  0.10468436E+001  0.15024673E+001  0.27091880E+001  0.47004398E+001  0.66775469E+001  0.96066960E+001
  0.16406498E+000  0.20867219E+000  0.39151709E+000  0.58401232E+000  0.91405522E+000  0.10468434E+001  0.15024671E+001  0.27091893E+001  0.47004201E+001  0.66775392E+001  0.96066923E+001
  0.16406497E+000  0.20867232E+000  0.39151711E+000  0.58401264E+000  0.91405511E+000  0.10468432E+001  0.15024669E+001  0.27091905E+001  0.47004009E+001  0.66775318E+001  0.96066888E+001
  0.16406495E+000  0.20867245E+000  0.39151712E+000  0.58401294E+000  0.91405501E+000  0.10468430E+001  0.15024667E+001  0.27091917E+001  0.47003824E+001  0.66775248E+001  0.96066855E+001
  0.16406494E+000  0.20867258E+000  0.39151714E+000  0.58401322E+000  0.91405492E+000  0.10468428E+001  0.15024666E+001  0.27091928E+001  0.47003685E+001  0.66775181E+001  0.96066823E+001
  0.16406492E+000  0.20867271E+000  0.39151716E+000  0.58401349E+000  0.91405484E+000  0.10468426E+001  0.15024664E+001  0.27091938E+001  0.47003657E+001  0.66775116E+001  0.96066794E+001
  0.16406491E+000  0.20867283E+000  0.39151719E+000  0.58401374E+000  0.91405476E+000  0.10468425E+001  0.15024663E+001  0.27091947E+001  0.47003631E+001  0.66775054E+001  0.96066766E+001
  0.16406491E+000  0.20867294E+000  0.39151721E+000  0.58401397E+000  0.91405469E+000  0.10468424E+001  0.15024662E+001  0.27091956E+001  0.47003607E+001  0.66774995E+001  0.96066741E+001
  0.16406490E+000  0.20867306E+000  0.39151724E+000  0.58401418E+000  0.91405463E+000  0.10468422E+001  0.15024661E+001  0.27091964E+001  0.47003585E+001  0.66774937E+001  0.96066718E+001
  0.16406489E+000  0.20867317E+000  0.39151727E+000  0.58401438E+000  0.91405457E+000  0.10468421E+001  0.15024661E+001  0.27091972E+001  0.47003563E+001  0.66774881E+001  0.96066698E+001
  0.16406489E+000  0.20867327E+000  0.39151730E+000  0.58401457E+000  0.91405452E+000  0.10468420E+001  0.15024660E+001  0.27091979E+001  0.47003544E+001  0.66774827E+001  0.96066678E+001
  0.16406489E+000  0.20867338E+000  0.39151734E+000  0.58401474E+000  0.91405447E+000  0.10468419E+001  0.15024660E+001  0.27091985E+001  0.47003525E+001  0.66774774E+001  0.96066660E+001
  0.16406489E+000  0.20867348E+000  0.39151737E+000  0.58401490E+000  0.91405443E+000  0.10468419E+001  0.15024659E+001  0.27091991E+001  0.47003508E+001  0.66774722E+001  0.96066643E+001
  0.16406489E+000  0.20867357E+000  0.39151741E+000  0.58401504E+000  0.91405440E+000  0.10468418E+001  0.15024659E+001  0.27091997E+001  0.47003491E+001  0.66774672E+001  0.96066628E+001
  0.16406489E+000  0.20867366E+000  0.39151744E+000  0.58401517E+000  0.91405436E+000  0.10468418E+001  0.15024659E+001  0.27092002E+001  0.47003476E+001  0.66774622E+001  0.96066613E+001
  0.16406489E+000  0.20867374E+000  0.39151748E+000  0.58401528E+000  0.91405434E+000  0.10468417E+001  0.15024659E+001  0.27092006E+001  0.47003462E+001  0.66774573E+001  0.96066600E+001
  0.16406490E+000  0.20867383E+000  0.39151752E+000  0.58401539E+000  0.91405431E+000  0.10468417E+001  0.15024659E+001  0.27092010E+001  0.47003449E+001  0.66774525E+001  0.96066587E+001
  0.16406490E+000  0.20867390E+000  0.39151756E+000  0.58401548E+000  0.91405430E+000  0.10468416E+001  0.15024660E+001  0.27092013E+001  0.47003436E+001  0.66774477E+001  0.96066575E+001
  0.16406491E+000  0.20867398E+000  0.39151759E+000  0.58401556E+000  0.91405428E+000  0.10468416E+001  0.15024660E+001  0.27092016E+001  0.47003424E+001  0.66774429E+001  0.96066565E+001
  0.16406492E+000  0.20867405E+000  0.39151763E+000  0.58401564E+000  0.91405427E+000  0.10468416E+001  0.15024661E+001  0.27092019E+001  0.47003413E+001  0.66774382E+001  0.96066555E+001
  0.16406492E+000  0.20867411E+000  0.39151767E+000  0.58401570E+000  0.91405426E+000  0.10468416E+001  0.15024661E+001  0.27092021E+001  0.47003402E+001  0.66774335E+001  0.96066545E+001
  0.16406493E+000  0.20867417E+000  0.39153542E+000  0.58401575E+000  0.91405426E+000  0.10468416E+001  0.15024662E+001  0.27092023E+001  0.47003392E+001  0.66774289E+001  0.96066537E+001
  0.16406494E+000  0.20867423E+000  0.39153572E+000  0.58401580E+000  0.91405426E+000  0.10468416E+001  0.15024662E+001  0.27092025E+001  0.47003383E+001  0.66774242E+001  0.96066528E+001
  0.16406495E+000  0.20867428E+000  0.39153601E+000  0.58401583E+000  0.91405426E+000  0.10468416E+001  0.15024663E+001  0.27092026E+001  0.47003373E+001  0.66774195E+001  0.96066521E+001
  0.16406496E+000  0.20867433E+000  0.39153629E+000  0.58401586E+000  0.91405426E+000  0.10468416E+001  0.15024664E+001  0.27092027E+001  0.47003365E+001  0.66774149E+001  0.96066514E+001
  0.16406497E+000  0.20867438E+000  0.39153657E+000  0.58401589E+000  0.91405427E+000  0.10468417E+001  0.15024665E+001  0.27092028E+001  0.47003357E+001  0.66774102E+001  0.96066507E+001
  0.16406498E+000  0.20867442E+000  0.39153683E+000  0.58401590E+000  0.91405428E+000  0.10468417E+001  0.15024666E+001  0.27092028E+001  0.47003349E+001  0.66774055E+001  0.96066501E+001
  0.16406499E+000  0.20867446E+000  0.39153709E+000  0.58401592E+000  0.91405429E+000  0.10468417E+001  0.15024667E+001  0.27092029E+001  0.47003341E+001  0.66774009E+001  0.96066495E+001
  0.16406500E+000  0.20867450E+000  0.39153734E+000  0.58401592E+000  0.91405430E+000  0.10468417E+001  0.15024668E+001  0.27092029E+001  0.47003334E+001  0.66773962E+001  0.96066489E+001
  0.16406502E+000  0.20867453E+000  0.39153759E+000  0.58401593E+000  0.91405431E+000  0.10468418E+001  0.15024669E+001  0.27092029E+001  0.47003327E+001  0.66773915E+001  0.96066484E+001
  0.16406503E+000  0.20867457E+000  0.39153782E+000  0.58401592E+000  0.91405432E+000  0.10468418E+001  0.15024670E+001  0.27092028E+001  0.47003321E+001  0.66773868E+001  0.96066479E+001
  0.16406504E+000  0.20867459E+000  0.39153805E+000  0.58401592E+000  0.91405434E+000  0.10468419E+001  0.15024671E+001  0.27092028E+001  0.47003314E+001  0.66773821E+001  0.96066474E+001
  0.16406505E+000  0.20867462E+000  0.39153827E+000  0.58401591E+000  0.91405435E+000  0.10468419E+001  0.15024672E+001  0.27092028E+001  0.47003308E+001  0.66773775E+001  0.96066469E+001
  0.16406506E+000  0.20867464E+000  0.39153848E+000  0.58401590E+000  0.91405437E+000  0.10468419E+001  0.15024673E+001  0.27092027E+001  0.47003303E+001  0.66773728E+001  0.96066464E+001
  0.16406508E+000  0.20867467E+000  0.39153869E+000  0.58401589E+000  0.91405439E+000  0.10468420E+001  0.15024675E+001  0.27092026E+001  0.47003297E+001  0.66773681E+001  0.96066459E+001
  0.16406509E+000  0.20867469E+000  0.39153888E+000  0.58401587E+000  0.91405441E+000  0.10468420E+001  0.15024676E+001  0.27092026E+001  0.47003292E+001  0.66773635E+001  0.96066454E+001
  0.16406510E+000  0.20867470E+000  0.39153907E+000  0.58401586E+000  0.91405442E+000  0.10468421E+001  0.15024677E+001  0.27092025E+001  0.47003286E+001  0.66773589E+001  0.96066449E+001
  0.16406511E+000  0.20867472E+000  0.39153926E+000  0.58401584E+000  0.91405444E+000  0.10468421E+001  0.15024678E+001  0.27092024E+001  0.47003281E+001  0.66773543E+001  0.96066445E+001
  0.16406512E+000  0.20867474E+000  0.39153943E+000  0.58401583E+000  0.91405446E+000  0.10468421E+001  0.15024679E+001  0.27092023E+001  0.47003277E+001  0.66773497E+001  0.96066440E+001
  0.16406513E+000  0.20867475E+000  0.39153960E+000  0.58401581E+000  0.91405448E+000  0.10468422E+001  0.15024680E+001  0.27092022E+001  0.47003272E+001  0.66773452E+001  0.96066435E+001
  0.16406515E+000  0.20867476E+000  0.39153976E+000  0.58401579E+000  0.91405449E+000  0.10468422E+001  0.15024682E+001  0.27092021E+001  0.47003268E+001  0.66773408E+001  0.96066430E+001
  0.16406516E+000  0.20867477E+000  0.39153992E+000  0.58401577E+000  0.91405451E+000  0.10468422E+001  0.15024683E+001  0.27092020E+001  0.47003263E+001  0.66773364E+001  0.96066425E+001
  0.16406517E+000  0.20867478E+000  0.39154006E+000  0.58401575E+000  0.91405453E+000  0.10468423E+001  0.15024684E+001  0.27092020E+001  0.47003259E+001  0.66773320E+001  0.96066420E+001
  0.16406518E+000  0.20867479E+000  0.39154021E+000  0.58401573E+000  0.91405455E+000  0.10468423E+001  0.15024685E+001  0.27092019E+001  0.47003256E+001  0.66773278E+001  0.96066415E+001
  0.16406519E+000  0.20867480E+000  0.39154034E+000  0.58401572E+000  0.91405456E+000  0.10468424E+001  0.15024686E+001  0.27092018E+001  0.47003252E+001  0.66773236E+001  0.96066410E+001
  0.16406520E+000  0.20867480E+000  0.39154047E+000  0.58401570E+000  0.91405458E+000  0.10468424E+001  0.15024687E+001  0.27092017E+001  0.47003249E+001  0.66773195E+001  0.96066404E+001
  0.16406521E+000  0.20867481E+000  0.39154059E+000  0.58401569E+000  0.91405459E+000  0.10468424E+001  0.15024688E+001  0.27092016E+001  0.47003246E+001  0.66773155E+001  0.96066399E+001
  0.16406522E+000  0.20867481E+000  0.39154071E+000  0.58401567E+000  0.91405461E+000  0.10468425E+001  0.15024689E+001  0.27092016E+001  0.47003243E+001  0.66773116E+001  0.96066394E+001
  0.16406523E+000  0.20867482E+000  0.39154081E+000  0.58401566E+000  0.91405462E+000  0.10468425E+001  0.15024690E+001  0.27092015E+001  0.47003240E+001  0.66773077E+001  0.96066388E+001
  0.16406523E+000  0.20867482E+000  0.39154092E+000  0.58401564E+000  0.91405464E+000  0.10468425E+001  0.15024691E+001  0.27092014E+001  0.47003238E+001  0.66773041E+001  0.96066383E+001
  0.16406524E+000  0.20867482E+000  0.39154102E+000  0.58401563E+000  0.91405465E+000  0.10468425E+001  0.15024692E+001  0.27092013E+001  0.47003235E+001  0.66773005E+001  0.96066377E+001
  0.16406525E+000  0.20867483E+000  0.39154111E+000  0.58401562E+000  0.91405466E+000  0.10468426E+001  0.15024693E+001  0.27092013E+001  0.47003233E+001  0.66772970E+001  0.96066372E+001
  0.16406526E+000  0.20867483E+000  0.39154119E+000  0.58401561E+000  0.91405467E+000  0.10468426E+001  0.15024694E+001  0.27092012E+001  0.47003231E+001  0.66772937E+001  0.96066366E+001
  0.16406527E+000  0.20867483E+000  0.39154128E+000  0.58401560E+000  0.91405468E+000  0.10468426E+001  0.15024695E+001  0.27092012E+001  0.47003230E+001  0.66772905E+001  0.96066361E+001
  0.16406527E+000  0.20867483E+000  0.39154135E+000  0.58401559E+000  0.91405469E+000  0.10468426E+001  0.15024696E+001  0.27092011E+001  0.47003229E+001  0.66772875E+001  0.96066355E+001
  0.16406528E+000  0.20867484E+000  0.39154143E+000  0.58401558E+000  0.91405470E+000  0.10468426E+001  0.15024697E+001  0.27092011E+001  0.47003227E+001  0.66772846E+001  0.96066349E+001
  0.16406529E+000  0.20867484E+000  0.39154149E+000  0.58401558E+000  0.91405471E+000  0.10468427E+001  0.15024698E+001  0.27092011E+001  0.47003227E+001  0.66772818E+001  0.96066344E+001
  0.16406529E+000  0.20867484E+000  0.39154156E+000  0.58401557E+000  0.91405472E+000  0.10468427E+001  0.15024699E+001  0.27092010E+001  0.47003226E+001  0.66772792E+001  0.96066338E+001
  0.16406530E+000  0.20867484E+000  0.39154161E+000  0.58401557E+000  0.91405473E+000  0.10468427E+001  0.15024699E+001  0.27092010E+001  0.47003226E+001  0.66772767E+001  0.96066333E+001
  0.16406530E+000  0.20867484E+000  0.39154167E+000  0.58401556E+000  0.91405474E+000  0.10468427E+001  0.15024700E+001  0.27092010E+001  0.47003225E+001  0.66772744E+001  0.96066328E+001
  0.16406531E+000  0.20867484E+000  0.39154172E+000  0.58401556E+000  0.91405475E+000  0.10468427E+001  0.15024701E+001  0.27092009E+001  0.47003225E+001  0.66772723E+001  0.96066323E+001
  0.16406531E+000  0.20867484E+000  0.39154177E+000  0.58401556E+000  0.91405475E+000  0.10468427E+001  0.15024702E+001  0.27092009E+001  0.47003226E+001  0.66772703E+001  0.96066317E+001
  0.16406532E+000  0.20867485E+000  0.39154181E+000  0.58401555E+000  0.91405476E+000  0.10468427E+001  0.15024702E+001  0.27092009E+001  0.47003226E+001  0.66772684E+001  0.96066312E+001
  0.16406532E+000  0.20867485E+000  0.39154185E+000  0.58401555E+000  0.91405477E+000  0.10468428E+001  0.15024703E+001  0.27092009E+001  0.47003227E+001  0.66772667E+001  0.96066308E+001
  0.16406533E+000  0.20867485E+000  0.39154188E+000  0.58401555E+000  0.91405477E+000  0.10468428E+001  0.15024703E+001  0.27092009E+001  0.47003228E+001  0.66772652E+001  0.96066303E+001
  0.16406533E+000  0.20867485E+000  0.39154192E+000  0.58401555E+000  0.91405478E+000  0.10468428E+001  0.15024704E+001  0.27092008E+001  0.47003229E+001  0.66772638E+001  0.96066298E+001
  0.16406534E+000  0.20867485E+000  0.39154194E+000  0.58401555E+000  0.91405478E+000  0.10468428E+001  0.15024705E+001  0.27092008E+001  0.47003230E+001  0.66772626E+001  0.96066294E+001
  0.16406534E+000  0.20867485E+000  0.39154197E+000  0.58401555E+000  0.91405479E+000  0.10468428E+001  0.15024705E+001  0.27092008E+001  0.47003231E+001  0.66772615E+001  0.96066290E+001
  0.16406534E+000  0.20867485E+000  0.39154199E+000  0.58401555E+000  0.91405479E+000  0.10468428E+001  0.15024706E+001  0.27092008E+001  0.47003233E+001  0.66772606E+001  0.96066286E+001
  0.16406535E+000  0.20867485E+000  0.39154201E+000  0.58401555E+000  0.91405480E+000  0.10468428E+001  0.15024706E+001  0.27092008E+001  0.47003235E+001  0.66772598E+001  0.96066282E+001
  0.16406535E+000  0.20867485E+000  0.39154203E+000  0.58401555E+000  0.91405480E+000  0.10468428E+001  0.15024706E+001  0.27092008E+001  0.47003237E+001  0.66772591E+001  0.96066278E+001
  0.16406535E+000  0.20867485E+000  0.39154204E+000  0.58401555E+000  0.91405480E+000  0.10468428E+001  0.15024707E+001  0.27092008E+001  0.47003239E+001  0.66772586E+001  0.96066274E+001
  0.16406535E+000  0.20867485E+000  0.39154205E+000  0.58401555E+000  0.91405481E+000  0.10468428E+001  0.15024707E+001  0.27092008E+001  0.47003241E+001  0.66772582E+001  0.96066271E+001
  0.16406536E+000  0.20867485E+000  0.39154206E+000  0.58401555E+000  0.91405481E+000  0.10468428E+001  0.15024707E+001  0.27092008E+001  0.47003243E+001  0.66772580E+001  0.96066268E+001
  0.16406536E+000  0.20867484E+000  0.39154206E+000  0.58401555E+000  0.91405481E+000  0.10468428E+001  0.15024708E+001  0.27092007E+001  0.47003245E+001  0.66772579E+001  0.96066265E+001
  0.16406536E+000  0.20867484E+000  0.39154206E+000  0.58401555E+000  0.91405482E+000  0.10468428E+001  0.15024708E+001  0.27092007E+001  0.47003247E+001  0.66772579E+001  0.96066262E+001
  0.16406537E+000  0.20867484E+000  0.39154205E+000  0.58401555E+000  0.91405482E+000  0.10468428E+001  0.15024708E+001  0.27092007E+001  0.47003250E+001  0.66772580E+001  0.96066259E+001
  0.16406537E+000  0.20867484E+000  0.39154204E+000  0.58401555E+000  0.91405482E+000  0.10468428E+001  0.15024708E+001  0.27092007E+001  0.47003252E+001  0.66772582E+001  0.96066257E+001
  0.16406537E+000  0.20867483E+000  0.39154203E+000  0.58401555E+000  0.91405482E+000  0.10468428E+001  0.15024708E+001  0.27092007E+001  0.47003254E+001  0.66772585E+001  0.96066254E+001
  0.16406537E+000  0.20867483E+000  0.39154201E+000  0.58401555E+000  0.91405482E+000  0.10468428E+001  0.15024708E+001  0.27092007E+001  0.47003256E+001  0.66772589E+001  0.96066252E+001
  0.16406537E+000  0.20867482E+000  0.39154199E+000  0.58401555E+000  0.91405482E+000  0.10468427E+001  0.15024708E+001  0.27092007E+001  0.47003258E+001  0.66772594E+001  0.96066250E+001
  0.16406538E+000  0.20867481E+000  0.39154196E+000  0.58401556E+000  0.91405482E+000  0.10468427E+001  0.15024708E+001  0.27092007E+001  0.47003260E+001  0.66772600E+001  0.96066247E+001
  0.16406538E+000  0.20867480E+000  0.39154192E+000  0.58401556E+000  0.91405482E+000  0.10468427E+001  0.15024707E+001  0.27092006E+001  0.47003261E+001  0.66772607E+001  0.96066245E+001
  0.16406538E+000  0.20867479E+000  0.39154188E+000  0.58401556E+000  0.91405482E+000  0.10468427E+001  0.15024707E+001  0.27092006E+001  0.47003262E+001  0.66772614E+001  0.96066243E+001
  0.16406538E+000  0.20867478E+000  0.39154183E+000  0.58401557E+000  0.91405482E+000  0.10468426E+001  0.15024706E+001  0.27092006E+001  0.47003263E+001  0.66772622E+001  0.96066241E+001
  0.16406538E+000  0.20867476E+000  0.39154176E+000  0.58401557E+000  0.91405482E+000  0.10468426E+001  0.15024706E+001  0.27092006E+001  0.47003263E+001  0.66772631E+001  0.96066238E+001
  0.16406539E+000  0.20867474E+000  0.39154169E+000  0.58401558E+000  0.91405481E+000  0.10468426E+001  0.15024705E+001  0.27092006E+001  0.47003263E+001  0.66772640E+001  0.96066235E+001
  0.16406539E+000  0.20867472E+000  0.39154160E+000  0.58401558E+000  0.91405481E+000  0.10468425E+001  0.15024704E+001  0.27092005E+001  0.47003261E+001  0.66772650E+001  0.96066232E+001
  0.16406539E+000  0.20867469E+000  0.39154150E+000  0.58401559E+000  0.91405480E+000  0.10468425E+001  0.15024703E+001  0.27092005E+001  0.47003259E+001  0.66772659E+001  0.96066229E+001
  0.16406539E+000  0.20867466E+000  0.39154139E+000  0.58401560E+000  0.91405479E+000  0.10468424E+001  0.15024701E+001  0.27092005E+001  0.47003256E+001  0.66772670E+001  0.96066225E+001
  0.16406539E+000  0.20867463E+000  0.39154126E+000  0.58401561E+000  0.91405478E+000  0.10468423E+001  0.15024700E+001  0.27092005E+001  0.47003251E+001  0.66772680E+001  0.96066221E+001
  0.16406540E+000  0.20867459E+000  0.39154112E+000  0.58401563E+000  0.91405476E+000  0.10468423E+001  0.15024698E+001  0.27092004E+001  0.47003245E+001  0.66772690E+001  0.96066216E+001
  0.16406541E+000  0.20867456E+000  0.39154097E+000  0.58401564E+000  0.91405475E+000  0.10468422E+001  0.15024696E+001  0.27092004E+001  0.47003238E+001  0.66772701E+001  0.96066211E+001
  0.16406542E+000  0.20867452E+000  0.39154081E+000  0.58401566E+000  0.91405473E+000  0.10468421E+001  0.15024693E+001  0.27092003E+001  0.47003229E+001  0.66772711E+001  0.96066206E+001
  0.16406544E+000  0.20867448E+000  0.39154065E+000  0.58401567E+000  0.91405471E+000  0.10468420E+001  0.15024691E+001  0.27092001E+001  0.47003225E+001  0.66772719E+001  0.96066200E+001
  0.16406548E+000  0.20867444E+000  0.39154044E+000  0.58401568E+000  0.91405470E+000  0.10468419E+001  0.15024688E+001  0.27091999E+001  0.47003223E+001  0.66772726E+001  0.96066195E+001
  0.16406561E+000  0.20867438E+000  0.39154018E+000  0.58401569E+000  0.91405468E+000  0.10468418E+001  0.15024684E+001  0.27091996E+001  0.47003221E+001  0.66772728E+001  0.96066190E+001
  0.16406594E+000  0.20867445E+000  0.39154016E+000  0.58401570E+000  0.91405466E+000  0.10468417E+001  0.15024681E+001  0.27091990E+001  0.47003219E+001  0.66772724E+001  0.96066187E+001
  0.16406657E+000  0.20867545E+000  0.39154238E+000  0.58401561E+000  0.91405470E+000  0.10468418E+001  0.15024682E+001  0.27091978E+001  0.47003218E+001  0.66772718E+001  0.96066203E+001
  0.16406690E+000  0.20868048E+000  0.39155520E+000  0.58401553E+000  0.91405542E+000  0.10468437E+001  0.15024707E+001  0.27091958E+001  0.47003232E+001  0.66772752E+001  0.96066312E+001
  0.16406650E+000  0.20868496E+000  0.39156657E+000  0.58401388E+000  0.91405735E+000  0.10468414E+001  0.15024657E+001  0.27091945E+001  0.47003306E+001  0.66772599E+001  0.96066533E+001
