  0.34673093E-002
  0.28162817E-002
  0.22995561E-002
  0.18839866E-002
  0.15460783E-002
  0.12692129E-002
  0.10410887E-002
  0.85239736E-003
  0.69587685E-003
  0.56577771E-003
  0.45743241E-003
  0.36709065E-003
  0.29169518E-003
  0.22873819E-003
  0.17616271E-003
  0.13226190E-003
  0.95627194E-004
  0.65095069E-004
  0.39700866E-004
  0.18636878E-004
  0.12303109E-005
 -0.13094723E-004
 -0.24817852E-004
 -0.34344616E-004
 -0.42019054E-004
 -0.48132746E-004
 -0.52933831E-004
 -0.56632052E-004
 -0.59405077E-004
 -0.61401586E-004
 -0.62745695E-004
 -0.63547540E-004
 -0.63888570E-004
 -0.63843017E-004
 -0.63473008E-004
 -0.62830427E-004
 -0.61958793E-004
 -0.60894435E-004
 -0.59667343E-004
 -0.58302075E-004
 -0.56819804E-004
 -0.55238768E-004
 -0.53574189E-004
 -0.51839566E-004
 -0.50047172E-004
 -0.48208960E-004
 -0.46335095E-004
 -0.44436575E-004
 -0.42523127E-004
 -0.40604131E-004
 -0.38689038E-004
 -0.36786351E-004
 -0.34904940E-004
 -0.33051871E-004
 -0.31234921E-004
 -0.29460830E-004
 -0.27735011E-004
 -0.26062680E-004
 -0.24446894E-004
 -0.22890784E-004
 -0.21395614E-004
 -0.19961825E-004
 -0.18588343E-004
 -0.17273485E-004
 -0.16014819E-004
 -0.14808371E-004
 -0.13650993E-004
 -0.12538584E-004
 -0.11466874E-004
 -0.10432090E-004
 -0.94305380E-005
 -0.84594633E-005
 -0.75164291E-005
 -0.65999886E-005
 -0.57091398E-005
 -0.48436654E-005
 -0.40042958E-005
 -0.31920835E-005
 -0.24083919E-005
 -0.16547486E-005
 -0.93333304E-006
 -0.24602431E-006
  0.40585508E-006
  0.10199423E-005
  0.15954811E-005
  0.21310576E-005
  0.26259464E-005
  0.30794227E-005
  0.34915044E-005
  0.38619506E-005
  0.41912438E-005
  0.44796663E-005
  0.47281805E-005
  0.49379022E-005
  0.51095773E-005
  0.52448071E-005
  0.53450935E-005
  0.54121432E-005
  0.54474457E-005
  0.54532467E-005
  0.54311470E-005
  0.53834280E-005
  0.53117607E-005
  0.52182908E-005
  0.51048845E-005
  0.49736238E-005
  0.48261209E-005
  0.46641546E-005
  0.44894426E-005
  0.43037411E-005
  0.41084063E-005
  0.39050021E-005
  0.36949121E-005
  0.34796913E-005
  0.32606357E-005
  0.30388948E-005
  0.28158281E-005
  0.25927464E-005
  0.23707773E-005
  0.21510061E-005
  0.19346573E-005
  0.17225617E-005
  0.15158483E-005
  0.13153923E-005
  0.11219544E-005
  0.93635898E-006
  0.75934170E-006
  0.59144770E-006
  0.43326117E-006
  0.28514922E-006
  0.14744428E-006
  0.20487800E-007
 -0.95420701E-007
 -0.20029835E-006
 -0.29407667E-006
 -0.37673541E-006
 -0.44838389E-006
 -0.50908278E-006
 -0.55913536E-006
 -0.59881902E-006
 -0.62832337E-006
 -0.64816992E-006
 -0.65863495E-006
 -0.66019541E-006
 -0.65331629E-006
 -0.63852802E-006
 -0.61630599E-006
 -0.58716430E-006
 -0.55173222E-006
 -0.51049818E-006
 -0.46407541E-006
 -0.41300524E-006
 -0.35788732E-006
 -0.29927040E-006
 -0.23770339E-006
 -0.17373181E-006
 -0.10786131E-006
 -0.40605158E-007
  0.27516464E-007
  0.96013304E-007
  0.16450152E-006
  0.23253840E-006
  0.29969268E-006
  0.36564452E-006
  0.43005961E-006
  0.49256145E-006
  0.55292156E-006
  0.61088099E-006
  0.66619413E-006
  0.71862996E-006
  0.76809903E-006
  0.81436301E-006
  0.85728717E-006
  0.89686973E-006
  0.93294654E-006
  0.96548183E-006
  0.99438449E-006
  0.10197052E-005
  0.10414762E-005
  0.10596938E-005
  0.10745276E-005
  0.10860409E-005
  0.10943527E-005
  0.10994010E-005
  0.11009208E-005
  0.10980795E-005
  0.10893111E-005
  0.10718890E-005
  0.10424742E-005
  0.99876392E-006
  0.94375647E-006
  0.89357993E-006
  0.88615989E-006
  0.97854865E-006
  0.12029420E-005
  0.14220855E-005
  0.11596579E-005
  0.87037707E-008
  0.20698125E-005
  0.79973053E-005
