  0.10529213E-002
  0.69360471E-003
  0.46193712E-003
  0.30981412E-003
  0.20851582E-003
  0.14045336E-003
  0.94464344E-004
  0.63305035E-004
  0.42179923E-004
  0.27876607E-004
  0.18219043E-004
  0.11731539E-004
  0.74065219E-005
  0.45539636E-005
  0.27008712E-005
  0.15223525E-005
  0.79576232E-006
  0.36871920E-006
  0.13714565E-006
  0.30221351E-007
  0.13169982E-009
  0.14918940E-007
  0.53587731E-007
  0.10262363E-006
  0.15360905E-006
  0.20155834E-006
  0.24377108E-006
  0.27902096E-006
  0.30701289E-006
  0.32799436E-006
  0.34250992E-006
  0.35131859E-006
  0.35509829E-006
  0.35459111E-006
  0.35049201E-006
  0.34343063E-006
  0.33396736E-006
  0.32259120E-006
  0.30972048E-006
  0.29570849E-006
  0.28086299E-006
  0.26544973E-006
  0.24969210E-006
  0.23378443E-006
  0.21789699E-006
  0.20218407E-006
  0.18677158E-006
  0.17177941E-006
  0.15730393E-006
  0.14342633E-006
  0.13021576E-006
  0.11772273E-006
  0.10598879E-006
  0.95033671E-007
  0.84872198E-007
  0.75504674E-007
  0.66917514E-007
  0.59090888E-007
  0.51991100E-007
  0.45582932E-007
  0.39822606E-007
  0.34664102E-007
  0.30058003E-007
  0.25956017E-007
  0.22311126E-007
  0.19076177E-007
  0.16210807E-007
  0.13676423E-007
  0.11438393E-007
  0.94671009E-008
  0.77365396E-008
  0.62252803E-008
  0.49146875E-008
  0.37892972E-008
  0.28353926E-008
  0.20408903E-008
  0.13948364E-008
  0.88637824E-009
  0.50457363E-009
  0.23819570E-009
  0.75777947E-010
  0.52653264E-011
  0.14328836E-010
  0.90494016E-010
  0.22143779E-009
  0.39505594E-009
  0.59984591E-009
  0.82490973E-009
  0.10604563E-008
  0.12974209E-008
  0.15281048E-008
  0.17456552E-008
  0.19447113E-008
  0.21210548E-008
  0.22711026E-008
  0.23929068E-008
  0.24852911E-008
  0.25480336E-008
  0.25813825E-008
  0.25868829E-008
  0.25659581E-008
  0.25210661E-008
  0.24543890E-008
  0.23687701E-008
  0.22669305E-008
  0.21518512E-008
  0.20261088E-008
  0.18923969E-008
  0.17532798E-008
  0.16112342E-008
  0.14682946E-008
  0.13265052E-008
  0.11876122E-008
  0.10532898E-008
  0.92484948E-009
  0.80333716E-009
  0.68972952E-009
  0.58477208E-009
  0.48893161E-009
  0.40248519E-009
  0.32559274E-009
  0.25811677E-009
  0.19988407E-009
  0.15051413E-009
  0.10950075E-009
  0.76269603E-010
  0.50158118E-010
  0.30429824E-010
  0.16329252E-010
  0.70731216E-011
  0.18911353E-011
  0.36513831E-013
  0.79204883E-012
  0.34899685E-011
  0.75229449E-011
  0.12346379E-010
  0.17489070E-010
  0.22544651E-010
  0.27195722E-010
  0.31193050E-010
  0.34342592E-010
  0.36546379E-010
  0.37736023E-010
  0.37915043E-010
  0.37129022E-010
  0.35467161E-010
  0.33041462E-010
  0.29990640E-010
  0.26480312E-010
  0.22670170E-010
  0.18734558E-010
  0.14838071E-010
  0.11141891E-010
  0.77910103E-011
  0.49151522E-011
  0.26255778E-011
  0.10120397E-011
  0.14342621E-012
  0.65864490E-013
  0.80191602E-012
  0.23539967E-011
  0.47038705E-011
  0.78130079E-011
  0.11630117E-010
  0.16088785E-010
  0.21105067E-010
  0.26594568E-010
  0.32462285E-010
  0.38607125E-010
  0.44923798E-010
  0.51321607E-010
  0.57690178E-010
  0.63932021E-010
  0.69972036E-010
  0.75714539E-010
  0.81087510E-010
  0.86015045E-010
  0.90451338E-010
  0.94354893E-010
  0.97684688E-010
  0.10043864E-009
  0.10260252E-009
  0.10417904E-009
  0.10514242E-009
  0.10543329E-009
  0.10488978E-009
  0.10322135E-009
  0.99945956E-010
  0.94535784E-010
  0.86774325E-010
  0.77479250E-010
  0.69459604E-010
  0.68310840E-010
  0.83297171E-010
  0.12587942E-009
  0.17592062E-009
  0.11698364E-009
  0.65899211E-014
  0.37267252E-009
  0.55635490E-008
