  0.15159179E-001
  0.14958793E-001
  0.14810465E-001
  0.14697452E-001
  0.14609145E-001
  0.14538884E-001
  0.14482205E-001
  0.14436071E-001
  0.14398267E-001
  0.14367205E-001
  0.14341563E-001
  0.14320346E-001
  0.14302762E-001
  0.14288169E-001
  0.14276060E-001
  0.14266006E-001
  0.14257654E-001
  0.14250716E-001
  0.14244963E-001
  0.14240199E-001
  0.14236274E-001
  0.14233047E-001
  0.14230406E-001
  0.14228258E-001
  0.14226522E-001
  0.14225132E-001
  0.14224031E-001
  0.14223169E-001
  0.14222505E-001
  0.14222003E-001
  0.14221637E-001
  0.14221377E-001
  0.14221206E-001
  0.14221107E-001
  0.14221067E-001
  0.14221074E-001
  0.14221120E-001
  0.14221196E-001
  0.14221295E-001
  0.14221414E-001
  0.14221549E-001
  0.14221695E-001
  0.14221852E-001
  0.14222017E-001
  0.14222189E-001
  0.14222367E-001
  0.14222549E-001
  0.14222735E-001
  0.14222924E-001
  0.14223116E-001
  0.14223309E-001
  0.14223503E-001
  0.14223697E-001
  0.14223891E-001
  0.14224084E-001
  0.14224276E-001
  0.14224466E-001
  0.14224654E-001
  0.14224838E-001
  0.14225019E-001
  0.14225196E-001
  0.14225368E-001
  0.14225536E-001
  0.14225699E-001
  0.14225857E-001
  0.14226009E-001
  0.14226157E-001
  0.14226299E-001
  0.14226436E-001
  0.14226567E-001
  0.14226693E-001
  0.14226815E-001
  0.14226931E-001
  0.14227042E-001
  0.14227148E-001
  0.14227249E-001
  0.14227346E-001
  0.14227438E-001
  0.14227525E-001
  0.14227608E-001
  0.14227687E-001
  0.14227761E-001
  0.14227830E-001
  0.14227896E-001
  0.14227957E-001
  0.14228014E-001
  0.14228068E-001
  0.14228117E-001
  0.14228163E-001
  0.14228206E-001
  0.14228245E-001
  0.14228281E-001
  0.14228314E-001
  0.14228344E-001
  0.14228371E-001
  0.14228395E-001
  0.14228417E-001
  0.14228436E-001
  0.14228453E-001
  0.14228468E-001
  0.14228480E-001
  0.14228491E-001
  0.14228500E-001
  0.14228507E-001
  0.14228512E-001
  0.14228516E-001
  0.14228518E-001
  0.14228520E-001
  0.14228520E-001
  0.14228519E-001
  0.14228517E-001
  0.14228514E-001
  0.14228510E-001
  0.14228506E-001
  0.14228501E-001
  0.14228496E-001
  0.14228490E-001
  0.14228484E-001
  0.14228478E-001
  0.14228471E-001
  0.14228465E-001
  0.14228458E-001
  0.14228452E-001
  0.14228446E-001
  0.14228439E-001
  0.14228434E-001
  0.14228428E-001
  0.14228423E-001
  0.14228418E-001
  0.14228413E-001
  0.14228409E-001
  0.14228405E-001
  0.14228401E-001
  0.14228398E-001
  0.14228396E-001
  0.14228393E-001
  0.14228392E-001
  0.14228390E-001
  0.14228389E-001
  0.14228389E-001
  0.14228389E-001
  0.14228389E-001
  0.14228390E-001
  0.14228391E-001
  0.14228392E-001
  0.14228393E-001
  0.14228395E-001
  0.14228397E-001
  0.14228399E-001
  0.14228402E-001
  0.14228404E-001
  0.14228407E-001
  0.14228410E-001
  0.14228413E-001
  0.14228416E-001
  0.14228418E-001
  0.14228421E-001
  0.14228424E-001
  0.14228427E-001
  0.14228430E-001
  0.14228432E-001
  0.14228435E-001
  0.14228437E-001
  0.14228440E-001
  0.14228442E-001
  0.14228444E-001
  0.14228446E-001
  0.14228448E-001
  0.14228449E-001
  0.14228451E-001
  0.14228452E-001
  0.14228453E-001
  0.14228454E-001
  0.14228455E-001
  0.14228455E-001
  0.14228456E-001
  0.14228456E-001
  0.14228456E-001
  0.14228457E-001
  0.14228457E-001
  0.14228457E-001
  0.14228457E-001
  0.14228457E-001
  0.14228458E-001
  0.14228458E-001
  0.14228458E-001
  0.14228459E-001
  0.14228460E-001
  0.14228461E-001
  0.14228463E-001
  0.14228465E-001
  0.14228467E-001
  0.14228469E-001
  0.14228472E-001
  0.14228476E-001
  0.14228481E-001
  0.14228483E-001
  0.14228456E-001
  0.14228424E-001
  0.14228396E-001
