  0.68341365E-002
  0.64041477E-002
  0.60831264E-002
  0.58387236E-002
  0.56492705E-002
  0.55005087E-002
  0.53825648E-002
  0.52884495E-002
  0.52130051E-002
  0.51523510E-002
  0.51034414E-002
  0.50639410E-002
  0.50320136E-002
  0.50062012E-002
  0.49853496E-002
  0.49685237E-002
  0.49549779E-002
  0.49441183E-002
  0.49354697E-002
  0.49286434E-002
  0.49233275E-002
  0.49192530E-002
  0.49162059E-002
  0.49140088E-002
  0.49125142E-002
  0.49116000E-002
  0.49111642E-002
  0.49111237E-002
  0.49114103E-002
  0.49119705E-002
  0.49127628E-002
  0.49137472E-002
  0.49149053E-002
  0.49162156E-002
  0.49176609E-002
  0.49192277E-002
  0.49209045E-002
  0.49226819E-002
  0.49245520E-002
  0.49265085E-002
  0.49285448E-002
  0.49306540E-002
  0.49328295E-002
  0.49350646E-002
  0.49373513E-002
  0.49396805E-002
  0.49420439E-002
  0.49444310E-002
  0.49468317E-002
  0.49492361E-002
  0.49516335E-002
  0.49540140E-002
  0.49563671E-002
  0.49586841E-002
  0.49609557E-002
  0.49631736E-002
  0.49653310E-002
  0.49674215E-002
  0.49694412E-002
  0.49713864E-002
  0.49732554E-002
  0.49750476E-002
  0.49767645E-002
  0.49784080E-002
  0.49799814E-002
  0.49814894E-002
  0.49829361E-002
  0.49843267E-002
  0.49856663E-002
  0.49869598E-002
  0.49882117E-002
  0.49894256E-002
  0.49906044E-002
  0.49917499E-002
  0.49928635E-002
  0.49939453E-002
  0.49949945E-002
  0.49960098E-002
  0.49969894E-002
  0.49979315E-002
  0.49988332E-002
  0.49996924E-002
  0.50005072E-002
  0.50012748E-002
  0.50019942E-002
  0.50026637E-002
  0.50032823E-002
  0.50038492E-002
  0.50043643E-002
  0.50048273E-002
  0.50052389E-002
  0.50055995E-002
  0.50059101E-002
  0.50061723E-002
  0.50063869E-002
  0.50065559E-002
  0.50066813E-002
  0.50067651E-002
  0.50068092E-002
  0.50068164E-002
  0.50067888E-002
  0.50067292E-002
  0.50066396E-002
  0.50065228E-002
  0.50063810E-002
  0.50062169E-002
  0.50060325E-002
  0.50058301E-002
  0.50056117E-002
  0.50053796E-002
  0.50051354E-002
  0.50048811E-002
  0.50046185E-002
  0.50043495E-002
  0.50040757E-002
  0.50037985E-002
  0.50035197E-002
  0.50032408E-002
  0.50029634E-002
  0.50026886E-002
  0.50024182E-002
  0.50021531E-002
  0.50018947E-002
  0.50016441E-002
  0.50014023E-002
  0.50011703E-002
  0.50009491E-002
  0.50007392E-002
  0.50005415E-002
  0.50003563E-002
  0.50001842E-002
  0.50000255E-002
  0.49998806E-002
  0.49997495E-002
  0.49996323E-002
  0.49995290E-002
  0.49994394E-002
  0.49993635E-002
  0.49993010E-002
  0.49992514E-002
  0.49992145E-002
  0.49991897E-002
  0.49991766E-002
  0.49991746E-002
  0.49991832E-002
  0.49992017E-002
  0.49992295E-002
  0.49992659E-002
  0.49993102E-002
  0.49993618E-002
  0.49994198E-002
  0.49994836E-002
  0.49995525E-002
  0.49996258E-002
  0.49997028E-002
  0.49997827E-002
  0.49998651E-002
  0.49999491E-002
  0.50000343E-002
  0.50001199E-002
  0.50002055E-002
  0.50002906E-002
  0.50003745E-002
  0.50004569E-002
  0.50005375E-002
  0.50006156E-002
  0.50006910E-002
  0.50007635E-002
  0.50008326E-002
  0.50008982E-002
  0.50009600E-002
  0.50010178E-002
  0.50010715E-002
  0.50011210E-002
  0.50011661E-002
  0.50012067E-002
  0.50012429E-002
  0.50012745E-002
  0.50013017E-002
  0.50013245E-002
  0.50013430E-002
  0.50013574E-002
  0.50013678E-002
  0.50013741E-002
  0.50013760E-002
  0.50013725E-002
  0.50013615E-002
  0.50013397E-002
  0.50013030E-002
  0.50012483E-002
  0.50011796E-002
  0.50011169E-002
  0.50011076E-002
  0.50012231E-002
  0.50015036E-002
  0.50017775E-002
  0.50014495E-002
  0.50000108E-002
  0.50025872E-002
  0.50099965E-002
