  0.24269562E+000
  0.24305358E+000
  0.24337052E+000
  0.24364773E+000
  0.24388815E+000
  0.24409561E+000
  0.24427404E+000
  0.24442721E+000
  0.24455851E+000
  0.24467097E+000
  0.24476723E+000
  0.24484956E+000
  0.24491996E+000
  0.24498011E+000
  0.24503149E+000
  0.24507534E+000
  0.24511273E+000
  0.24514459E+000
  0.24517171E+000
  0.24519477E+000
  0.24521435E+000
  0.24523095E+000
  0.24524500E+000
  0.24525687E+000
  0.24526688E+000
  0.24527530E+000
  0.24528237E+000
  0.24528829E+000
  0.24529325E+000
  0.24529739E+000
  0.24530085E+000
  0.24530374E+000
  0.24530617E+000
  0.24530821E+000
  0.24530996E+000
  0.24531145E+000
  0.24531276E+000
  0.24531391E+000
  0.24531495E+000
  0.24531591E+000
  0.24531681E+000
  0.24531766E+000
  0.24531849E+000
  0.24531930E+000
  0.24532010E+000
  0.24532090E+000
  0.24532169E+000
  0.24532248E+000
  0.24532327E+000
  0.24532406E+000
  0.24532484E+000
  0.24532561E+000
  0.24532637E+000
  0.24532713E+000
  0.24532786E+000
  0.24532858E+000
  0.24532928E+000
  0.24532996E+000
  0.24533061E+000
  0.24533124E+000
  0.24533185E+000
  0.24533243E+000
  0.24533298E+000
  0.24533352E+000
  0.24533403E+000
  0.24533451E+000
  0.24533498E+000
  0.24533543E+000
  0.24533587E+000
  0.24533629E+000
  0.24533669E+000
  0.24533708E+000
  0.24533747E+000
  0.24533784E+000
  0.24533820E+000
  0.24533855E+000
  0.24533889E+000
  0.24533922E+000
  0.24533953E+000
  0.24533984E+000
  0.24534013E+000
  0.24534041E+000
  0.24534067E+000
  0.24534092E+000
  0.24534116E+000
  0.24534137E+000
  0.24534157E+000
  0.24534176E+000
  0.24534192E+000
  0.24534207E+000
  0.24534221E+000
  0.24534232E+000
  0.24534242E+000
  0.24534251E+000
  0.24534258E+000
  0.24534263E+000
  0.24534267E+000
  0.24534270E+000
  0.24534271E+000
  0.24534272E+000
  0.24534271E+000
  0.24534269E+000
  0.24534266E+000
  0.24534262E+000
  0.24534258E+000
  0.24534252E+000
  0.24534246E+000
  0.24534240E+000
  0.24534233E+000
  0.24534225E+000
  0.24534217E+000
  0.24534209E+000
  0.24534201E+000
  0.24534192E+000
  0.24534183E+000
  0.24534174E+000
  0.24534165E+000
  0.24534156E+000
  0.24534147E+000
  0.24534138E+000
  0.24534129E+000
  0.24534121E+000
  0.24534112E+000
  0.24534104E+000
  0.24534096E+000
  0.24534089E+000
  0.24534082E+000
  0.24534075E+000
  0.24534068E+000
  0.24534062E+000
  0.24534057E+000
  0.24534052E+000
  0.24534047E+000
  0.24534043E+000
  0.24534039E+000
  0.24534036E+000
  0.24534033E+000
  0.24534030E+000
  0.24534028E+000
  0.24534027E+000
  0.24534025E+000
  0.24534025E+000
  0.24534024E+000
  0.24534024E+000
  0.24534024E+000
  0.24534025E+000
  0.24534026E+000
  0.24534027E+000
  0.24534029E+000
  0.24534030E+000
  0.24534032E+000
  0.24534034E+000
  0.24534036E+000
  0.24534039E+000
  0.24534041E+000
  0.24534044E+000
  0.24534047E+000
  0.24534049E+000
  0.24534052E+000
  0.24534055E+000
  0.24534058E+000
  0.24534060E+000
  0.24534063E+000
  0.24534066E+000
  0.24534068E+000
  0.24534071E+000
  0.24534073E+000
  0.24534076E+000
  0.24534078E+000
  0.24534080E+000
  0.24534082E+000
  0.24534084E+000
  0.24534086E+000
  0.24534087E+000
  0.24534089E+000
  0.24534090E+000
  0.24534091E+000
  0.24534092E+000
  0.24534093E+000
  0.24534094E+000
  0.24534094E+000
  0.24534095E+000
  0.24534095E+000
  0.24534095E+000
  0.24534095E+000
  0.24534095E+000
  0.24534095E+000
  0.24534094E+000
  0.24534093E+000
  0.24534091E+000
  0.24534089E+000
  0.24534087E+000
  0.24534087E+000
  0.24534091E+000
  0.24534100E+000
  0.24534108E+000
  0.24534098E+000
  0.24534051E+000
  0.24534135E+000
  0.24534375E+000
